5.6885
0.87902
0.89331
1.6749
1.9011
3.6559
4.6026
5.4075
1.1402
0.84528
2.3281
1.1066
2.208
1.9454
6.8391
8.4723
12.647
5.7412
7.7625
2.133
1.9231
2.4491
4.5186
5.9566
3.0832
13.552
10.914
14.757
14.289
14.256
9.4406
7.8343
10.209
5.4576
4.9431
5.7148
6.8077
6.6222
5.559
2.0989
2.2491
2.3496
2.2699
5.5335
5.236
7.8705
4.7753
4.2364
6.1094
2.6792
2.4099
2.7669
1.9275
2.5177
4.6666
1.8493
2.2336
5.6885
7.5162
6.5615
5.236
6.0117
4.8753
5.7016
2.673
2.704
4.0644
9.4189
12.706
4.3954
4.1783
5.188
4.6452
3.5727
5.0466
5.0119
10.864
13.583
3.6813
4.1687
4.529
4.6881
4.121
3.6475
2.7797
4.102
9.8175
10.447
2.5119
3.6644
2.6669
1.7906
4.5082
3.3729
3.3884
3.8107
10.375
4.1976
3.7411
3.5318
3.7154
4.0179
2.7797
3.3497
2.9444
3.4514
9.7275
3.4435
4.4157
4.0365
3.0761
2.7542
2.4491
2.7416
2.3605
2.9512
4.6132
7.4989
3.2961
2.4946
3.0832
1.5205
2.0137
1.5704
1.652
1.977
2.0091
2.1135
5.3703
5.781
1.8155
1.9187
1.8239
1.6711
2.2646
2.0512
1.7219
1.7338
4.5082
1.4454
1.7258
1.5631
2.0512
2.3714
1.8707
2.0941
1.3305
3.3189
6.8707
3.7584
1.7338
2.0184
3.2659
2.1577
2.4099
2.8445
2.0845
2.8445
3.5156
3.342
2.4774
1.349
2.3659
1.0209
2.0749
1.2823
2.4044
2.3768
1.0691
5.6494
1.349
1.1041
1.2882
1.4454
1.349
0.86896
0.99083
0.93541
4.9091
1.2162
5.3088
2.2646
1.6069
2.8576
1.556
1.7298
2.0845
4.1976
4.3053
4.14
4.0926
2.4717
2.3823
2.2029
2.5351
1.977
0.80538
1.2445
2.1281
3.6224
2.3659
1.5849
0.877
2.1086
0.92257
0.7145
4.0926
2.7925
6.0954
1.9543
2.0654
1.1967
1.8793
2.2594
4.6666
2.7227
2.6853
2.0045
2.1232
2.1429
1.9953
1.9498
0.74473
0.70632
0.82604
0.77625
0.89536
0.82794
0.73451
0.82604
0.77268
0.73114
0.70795
1.2794
3.8815
2.9854
4.121
3.7325
4.4157
0.91833
1.4322
3.4754
3.3037
2.5823
1.4555
0.84333
1.194
0.91201
1.205
2.1777
3.1189
2.3823
2.421
0.86298
0.77446
0.83753
0.74645
0.7379
0.75509
0.7379
0.84528
1.028
1.1298
1.8155
2.5293
6.2087
2.851
2.5823
2.8379
5.8749
2.6424
0.80168
1.5996
2.3496
2.7797
1.9364
2.3768
3.0761
3.4914
2.8576
2.3174
0.71614
3.0974
3.2285
7.7625
2.4155
2.0184
2.4099
3.342
2.6977
2.3335
2.3659
0.69984
1.9588
3.4514
1.7947
2.1281
3.0409
0.95499
2.023
2.3933
1.5205
1.5776
2.1627
3.1477
2.6242
3.4674
0.71779
6.0954
2.8249
1.8323
3.5481
1.7742
3.5645
2.3659
2.1184
2.5645
2.5351
2.1577
1.6866
2.3933
0.76913
1.71
2.3988
4.2073
2.4266
1.1722
0.81658
2.7861
2.3605
0.75683
0.73282
0.70307
0.72111
1
0.79433
2.023
7.1285
3.0761
2.6303
1.1912
1.2706
2.7479
2.8379
3.0409
3.8548
2.4547
4.1591
2.1878
2.6303
2.8907
3.6559
1.6904
5.728
2.8314
2.0701
2.2542
2.2284
1.0375
1.122
4.6345
1.6255
2.0324
3.3729
8.414
3.6141
2.3714
2.3878
2.2233
2.0845
2.4889
2.6062
12.445
1.135
0.89536
1.2764
1.888
1.052
0.73961
1.2134
1.219
1.1561
1.0544
0.80168
1.2417
0.92683
1.1614
1.7179
0.8995
0.8414
0.77625
0.76208
0.73451
1.183
1.9011
0.99312
0.8091
0.72277
2.4491
1.0375
0.93541
1.0814
0.79068
0.8995
0.82985
0.73961
0.91411
0.96383
1.3996
1.3122
1.3428
1.2912
1.205
1.122
0.77983
0.86497
0.97275
1.0423
0.74645
1.5524
0.90782
2.1086
0.92897
1.8664
0.80724
2.2491
0.92897
0.9528
0.90573
0.78343
0.80168
0.77804
0.80353
0.98401
0.99083
1.1695
1.5171
0.73961
0.9594
0.94842
0.9977
0.87498
0.8147
0.71614
0.82794
1.4191
1.1117
0.85114
0.78705
1.2706
0.82035
1.1194
1.0116
1.1967
0.83176
0.66681
0.77446
0.91622
0.78524
0.95499
0.86298
0.82414
0.8892
0.85507
0.877
0.72444
1.1272
0.97499
0.81658
0.71121
0.69984
0.91833
0.92045
0.92045
0.76736
0.91201
0.78343
0.90573
0.78343
0.84333
0.83368
0.78886
0.97724
0.78343
0.69502
1.0889
1.2942
0.86099
0.75336
0.78343
0.8414
0.82414
0.91201
0.98628
0.9247
0.75162
0.69502
0.78163
0.87902
0.90365
0.90782
0.74817
0.84528
0.92045
1.0139
0.72111
0.73621
0.68234
0.66834
0.87498
0.90157
0.86497
0.86298
0.76033
0.82985
0.90365
0.92045
0.72444
0.76913
0.93111
0.80353
0.91201
0.99083
0.77983
0.69502
0.88512
0.9506
1.0046
1.1641
0.95719
1.2162
0.94624
0.86696
0.93972
0.75336
0.89331
0.74817
0.83176
1.6032
0.96383
0.83368
0.95719
0.92257
0.94624
0.92045
1.052
0.9977
1.0666
0.89743
1.1429
0.91833
0.91622
0.76913
1.0715
0.86298
1.0495
0.74989
1.0257
0.87096
0.78705
0.72444
0.73621
0.70469
0.82985
0.87902
0.84918
0.8531
0.97499
1.0233
0.97949
1.0046
0.72277
0.95499
0.85704
1.052
1.1561
0.93111
1.052
1.0544
0.71779
1.074
1.1066
0.9594
0.76208
0.94624
0.73621
0.96828
1.0691
0.72444
0.70632
1.2677
1.1995
0.98855
0.79068
0.69823
0.74302
0.87498
0.9528
1
0.89743
0.93325
1.1967
0.71945
1.2162
0.76913
1.0765
0.75336
0.75858
0.76913
0.69984
0.83946
0.95719
0.7379
1.0814
0.89331
0.97499
1.0116
0.73621
0.76033
0.96383
1.2134
0.83368
0.91201
0.95719
0.70632
1.2912
0.79983
1.1885
0.82604
0.84723
1.028
1.0568
0.74473
0.70307
0.86696
0.72611
0.90573
0.85507
0.77983
1.0162
1.1858
0.98855
1.1272
1.0162
1.0568
1.0471
0.72111
1.0495
1.0691
0.98401
1.0304
1.135
0.91622
1.0447
1.1272
1.135
1.6106
0.82035
1.2445
3.4041
0.70795
1.5311
1.1588
0.96161
1.0375
0.72277
1.1272
0.9977
7.1945
0.80724
0.89331
0.81658
0.91833
2.1677
1.4388
1.1402
1.1588
1.3092
1.9815
2.2751
1.1169
0.89331
1.0328
1.074
1.2023
1.4622
1.2912
1.9861
0.76736
1.9187
1.3459
0.99541
1.0328
0.75162
0.70146
1.875
1.0257
0.99541
2.1878
1.3772
1.3062
1.2531
1.0116
0.82414
2.0512
2.7925
0.99312
0.82224
1.2162
1.6255
0.82414
2.2387
0.90365
1.5959
1.4158
0.98855
0.78886
1.0864
0.91201
5.1761
0.82604
0.77983
1.9364
1.2589
1.5031
0.74989
0.9247
1.7701
0.90157
1.8155
2.0512
1.4191
2.6002
3.2734
1.1641
1.5776
2.1777
2.1478
1.8365
1.3552
0.85704
1.1194
0.75162
0.7925
1.2218
1.2023
0.95719
1.0471
2.0137
1.4757
1.766
0.97275
0.75683
2.4155
2.4434
1.0257
0.74817
1.0351
1.0069
1.1298
0.70307
0.8147
1.3459
1.1912
1.2445
1.2794
1.0328
4.0832
1.2474
0.73114
0.87297
1.3614
4.6881
3.3343
1.3032
1.2589
1.099
4.5814
5.3456
0.9528
0.88105
0.88716
0.99083
1.3964
1.1143
0.83368
0.97724
0.82794
0.91411
0.82035
0.81846
1.1588
1.0375
0.98855
0.95499
1.0069
3.581
0.7925
1.1455
1.1561
1.1588
1.219
2.3281
1.1561
0.92897
0.92257
0.9506
0.93972
0.85901
0.97051
0.78705
1.1066
1.135
0.91622
1.0023
0.76736
1.0023
0.90573
0.84528
0.86497
0.80353
0.88716
0.74989
0.77983
0.90157
1.0069
0.93541
0.91833
0.7379
0.70146
0.78524
0.85704
1.2303
0.73961
0.91411
0.83368
0.88716
0.94189
0.88105
1.0544
0.75162
0.7145
1.135
0.9506
0.93972
0.84528
0.76736
0.80353
0.94406
1.1376
1.1776
0.77804
0.74302
0.94406
1.0544
1.0399
1.2078
0.90365
0.68234
0.75336
0.76913
0.83176
1.2134
1.074
1.0093
1.4962
1.0789
0.77268
0.77625
0.70307
1.1246
2.9444
0.89331
0.81846
0.9977
0.74473
1.0839
0.94406
1.122
0.84723
1.2823
1.1641
1.0544
0.97499
1.2078
0.90157
0.70469
2.2542
1.7539
1.1588
0.81846
0.75162
1.3964
1.2589
0.90365
1.374
1.4289
0.8995
1.9275
1.0093
1.5066
0.7379
0.70795
0.8995
2.9444
1.0864
0.86099
1.2218
0.98628
1.6596
0.91201
0.97949
0.83368
1.2735
1.1803
1.1376
1.2274
0.69502
2.1281
2.6792
2.1528
3.3266
3.0761
3.2434
0.69502
0.88105
1.122
3.8905
4.8195
1.1143
1.6331
1.0023
1.875
1.3092
0.76913
1.1614
1.3213
4.9204
1.8707
2.1627
2.8314
4.102
2.8054
2.0654
1.71
5.3827
5.3211
1.9409
1.8155
1.4322
1.9861
1.6558
0.92683
2.208
2.6546
3.7411
0.97949
1.1066
4.0458
3.9719
1.7947
2.3174
3.5156
2.2803
1.5524
1.1695
0.73114
3.5481
1.3772
2.2233
1.4125
1.2942
1.5101
3.3884
1.205
2.3933
0.9594
1.3459
1.5996
2.1478
3.5075
1.0641
1.099
1.1995
0.93972
0.73451
1.3213
1.2735
0.74473
1.4158
1.6181
0.9247
1.5776
1.3614
0.75858
0.69823
1.028
2.0045
1.094
2.1878
1.194
0.72111
3.0409
2.6792
2.4889
1.3772
0.7656
0.73621
0.82414
1.0116
3.4914
1.7947
0.88716
0.7656
0.69663
0.80538
0.78886
2.7353
1.6982
1.099
1.4655
0.72611
1.8707
1.4421
0.98628
0.71121
1.762
1.5241
1.7783
3.1405
1.8621
0.74473
1.0789
1.3996
4.0272
2.5235
2.2542
1.4421
1.7579
1.8072
1.5031
1.3183
1.9815
1.9143
1.6032
0.90782
2.7606
1.875
1.3062
1.2388
1.4791
1.0304
0.74817
1.1858
1.3932
1.5849
1.1117
0.69024
0.6792
0.76033
1.6749
2.0091
1.5885
1.2677
1.219
1.8239
1.4521
1.4028
1.8621
0.76208
1.1066
1.0257
1.3062
1.0023
1.349
1.3709
1.2647
1.0839
0.76033
2.037
0.7656
0.9594
1.5066
1.2106
1.9634
0.78705
1.4997
1.9409
10.568
1.4723
0.69663
1.5205
1.4289
2.1429
1.2134
1.6982
1.6218
2.466
1.4488
1.5031
1.4928
2.6122
1.3274
2.5468
1.1535
1.4655
3.2885
1.1041
1.2882
0.92045
1.2331
1.0257
1.875
1.7458
1.4689
1.2359
1.4521
1.4723
1.1995
0.94406
1.7458
1.0023
1.0233
1.6406
0.90365
1.5417
1.7824
1.0965
1.8365
1.1508
0.77983
1.0304
0.8091
0.76736
0.83946
0.82414
2.2594
1.6069
1.1402
2.1777
2.8184
1.6406
1.4825
2.4717
1.8155
1.2106
1.1324
0.88308
1.9498
1.135
0.89536
1.028
1.8155
1.8072
1.1041
1.1967
1.4322
1.3646
1.39
1.3964
1.0471
0.79616
2.3496
1.4388
1.1588
1.6827
2.0654
1.2274
1.3183
1.7539
1.7418
1.7022
1.1092
1.1749
1.0789
1.3459
0.98628
1.3583
1.652
2.6363
1.762
2.8184
1.7061
2.1429
1.8707
3.7497
0.82414
1.9099
1.0423
3.6392
3.0409
1.8707
1.7258
0.93972
1.0765
1.6032
1.6866
2.3768
2.2961
1.71
0.73621
0.72444
0.89743
1.4588
1.2134
1.1455
1.3183
1.0617
2.4604
1.6106
2.1038
1.4289
0.87902
2.2856
1.7022
2.6977
1.5031
0.7656
4.2954
1.7258
1.3428
1.5311
1.6788
1.094
1.7022
1.4825
1.6293
2.1086
0.99083
1.7906
1.9588
1.1535
1.0162
0.93541
0.74302
1.3964
2.4946
1.8408
0.98401
1.2134
1.052
2.5177
1.7458
2.2751
0.74302
2.2182
1.3459
1.3996
1.1117
1.2023
0.93972
1.3709
0.9977
0.78343
1.4158
1.39
1.3932
1.2677
0.79068
0.76913
1.4723
1.256
0.8147
2.0701
1.3397
0.99541
1.3335
1.1967
1.7418
1.1143
1.1482
2.729
1.3583
2.0941
1.8155
1.1092
1.0116
0.7709
1.0965
1.0257
0.76913
1.4355
0.93111
1.3122
1.3152
3.3189
1.3152
0.97949
0.93325
0.96161
0.97051
1.1402
1.888
0.80353
1.0139
0.98628
1.1858
1.556
1.099
0.91201
0.95499
0.98175
1.9679
1.7947
1.135
1.6482
2.6002
2.884
1.5488
4.4055
0.80353
1.2503
5.5976
1
0.88716
0.86497
1.135
2.5763
2.2751
1.8408
6.2806
2.8054
1.0233
1.7906
1.5812
1.0864
1.4859
0.79799
2.4044
2.2233
1.0544
0.77983
1.0351
1.4421
0.99083
1.028
1.1776
1.2912
0.93325
1.3122
0.8531
1.2589
2.0654
1.6255
1.1995
0.77446
1.0257
1.5668
1.5066
1.5136
0.76033
0.9506
1.0069
2.4946
1.0257
1.1015
1.2764
7.0307
0.98628
0.73114
0.97499
1.1641
1.3428
0.9506
0.87498
1.1749
1.0233
1.0186
0.93111
1.074
1.1376
1.5631
2.1281
2.6242
1.8836
1.762
1.1995
0.93756
1.2503
0.98175
1.6181
0.71779
0.69502
1.4723
1.0399
0.93111
1.4488
1.3092
0.8531
0.83176
0.73961
0.82414
0.75509
0.76033
0.78705
0.75162
0.92045
0.77804
0.81846
0.94189
0.69502
1.094
1.0304
1.0914
0.9528
0.96828
1.5417
1.183
0.73451
1.6218
1.7378
1.1455
2.1878
1.5346
1.6106
0.86099
0.88512
0.73621
0.82794
0.92257
0.97051
1.028
2.2751
1.5631
1.9543
1.1169
1.2823
1.0715
1.3709
1.349
0.82035
1.2106
1.2162
0.86896
0.99312
1.3305
1.0765
1.2218
0.77983
1.5668
1.1015
1.3677
1.4588
1.3868
1.0471
1.1695
1.9498
0.80168
2.2803
1.0593
1.1776
0.81283
0.71614
1.5849
1.4588
1.0593
0.9506
0.73451
0.77268
1.0186
1.5066
0.88105
0.68077
1.2445
1.256
1.4028
1.094
3.9811
1.803
0.99312
1.2134
2.1232
0.72111
0.99541
1.0162
1.1588
1.0447
0.85114
1.052
1.052
1.1066
1.7539
1.2023
1.1912
1.028
1.0375
0.90991
1.7378
0.82224
0.7709
0.70795
0.7379
1.2162
1.2618
1.1508
1.4028
1.5704
1.1143
1.0257
0.94406
1.6406
0.76384
1.1272
1.6406
1.4521
1.2706
0.7145
1.3677
1.3032
1.2823
1.2647
1.1749
0.69984
0.95499
1.4689
0.94842
0.79799
1.9588
0.97724
1.2417
1.4928
0.86497
0.72778
1.8535
0.72111
0.79616
1.1117
1.1194
1.6749
0.85114
1.1041
1.0399
1.2706
1.099
1.6711
1.2246
1.8323
1.1376
1.0666
1.0093
0.72111
1.1776
1.3709
1.0691
0.98175
0.82035
0.89125
0.88308
0.96161
2.2856
0.81846
0.75858
0.76736
0.7379
0.76033
0.87096
1.1324
1.374
0.72946
0.69984
1.194
0.72946
0.75336
0.79433
0.85114
0.73961
1.9055
0.81096
0.88512
0.77983
0.73282
0.85114
0.7656
0.8414
1.0023
0.78705
0.79983
0.80353
0.7709
0.93325
0.78524
0.79799
1.2388
1.4256
1.1402
0.88105
0.71945
1.1324
0.78886
0.82414
0.8091
0.87902
0.79433
0.81658
0.95499
0.8147
0.82604
0.76736
0.79433
0.80538
0.7925
0.80538
0.75509
0.72277
0.79983
0.76913
0.80353
0.79616
0.83176
0.72946
0.78163
0.79433
0.79433
0.86099
0.73114
1.0617
0.91411
0.76736
0.84918
0.80168
0.97949
0.74817
0.73114
0.88308
1.2912
0.77804
0.85901
0.78343
0.73621
0.7709
0.71121
0.88512
1.1169
1.2882
0.98401
1.1722
1.0568
1.3804
0.96828
1.0023
1.3305
1.2794
1.1749
1.2912
1.4622
1.1117
1.3868
1.2474
2.1281
1.3002
1.1246
1.2331
1.6218
1.3002
1.1614
0.93972
0.9528
1.4962
1.1324
0.82414
0.73282
0.78705
0.72946
0.91201
0.71614
0.76033
0.88716
0.93756
1.0257
0.79799
0.73451
0.73282
0.72444
0.72611
0.79068
0.77625
0.79983
0.88512
0.81096
0.89536
1.2882
0.83368
1.1508
1.2078
1.2218
1.0889
1.1535
1.2474
1.1695
1.122
0.72277
0.74989
0.93972
0.8147
0.75509
0.74131
1.0328
1.1668
1.4962
0.77983
0.78524
0.85901
1.0023
0.83176
0.85901
0.75683
0.7656
1.122
2.9785
1.1298
1.0328
0.77983
0.78163
0.83946
0.80168
1.0351
1.7701
0.76736
0.81658
0.74817
0.79433
0.86099
0.81846
0.82604
0.79799
1.0617
0.79983
0.93111
0.83176
1.1482
1.0328
1.0116
1.4689
2.1528
2.4774
0.8356
0.80353
0.88512
0.92045
0.75858
0.7925
0.8356
0.81846
0.79068
0.82414
0.85507
0.82224
0.8356
2.3067
1.3552
0.8414
0.72946
0.79799
0.87498
0.76913
0.77268
0.90782
1.0544
0.78886
0.83176
0.72111
0.83368
0.92257
0.82035
0.76736
0.75509
0.94189
0.8531
0.77983
0.77268
0.70469
0.71614
0.8892
0.76384
0.79068
0.8091
0.98628
0.83176
0.75162
0.76913
0.82604
0.71779
0.75336
1.1194
1.1695
1.3583
0.72444
0.74817
0.74473
0.71945
0.77804
0.71121
0.9247
0.80353
0.82985
0.85114
0.87096
0.84918
0.74302
0.96161
0.80168
0.95499
0.72778
1.052
0.76384
0.71121
0.73114
0.72444
0.95719
0.78524
1.1169
0.77625
0.78343
1.0814
1.7865
0.97275
0.83753
0.75336
0.84333
0.72277
0.72277
0.74817
0.73451
1.0568
1.099
1.1535
1.7378
0.75683
0.8091
0.77268
0.75683
0.85704
0.75336
0.7709
0.80724
0.85901
0.85114
0.84918
0.94624
0.86298
0.81096
0.76033
0.79616
0.98628
0.81846
0.80168
0.85507
0.85507
0.79616
0.8147
0.79433
0.91833
0.94189
0.84723
0.82414
0.72778
0.85114
0.86896
0.85901
0.75162
0.78886
0.92897
0.82985
0.86099
0.8892
0.88512
0.97724
0.97724
0.80538
0.78163
0.98855
0.82224
0.83368
1.1749
0.86497
0.83946
0.83753
0.79616
0.78886
0.80353
0.8356
0.73621
0.81846
0.98628
0.86896
0.73621
0.84528
0.93325
0.71121
0.73621
0.81658
0.72946
0.75858
1.0568
0.97499
1.2274
0.95719
0.74473
0.67608
0.74817
0.79799
0.73282
1.7783
1.4928
0.86896
0.75858
0.79068
0.77446
0.70795
0.70632
0.78524
1.5488
0.8892
0.93756
0.84333
0.93111
1.1429
1.8197
1.4355
1.0209
4.3652
2.2233
2.7479
0.82035
1.1298
0.7925
0.82414
0.75336
0.72778
0.74989
0.78163
1.7418
1.9543
0.94624
2.2029
0.70307
0.82035
0.79799
0.87498
0.79983
0.90991
0.68077
0.84528
0.69663
0.77268
0.86298
0.72111
0.70632
1.762
0.7925
0.79983
0.81658
0.75683
0.77268
0.78524
0.88308
0.79799
0.77804
1.3397
3.5237
3.9174
0.74645
3.1915
2.5763
2.3174
2.799
2.7542
0.73621
0.7379
1.205
1.256
1.8793
3.5727
1.7458
1.6982
2.0045
1.9275
1.8707
1.406
1.2618
1.0046
0.96605
2.1979
1.8155
2.6669
2.9107
2.1627
3.4914
2.6002
2.5704
2.673
1.7989
1.0471
1.5276
1.9275
1.6634
2.4717
1.1246
0.93325
0.81658
2.1184
0.97724
1.0471
0.73961
1.9454
1.0328
2.1429
0.71779
1.6634
0.71285
1.2764
1.183
0.70958
2.0941
1.0789
1.052
1.135
0.80724
0.74989
0.75162
1.1561
1.4158
1.4454
0.8091
0.86099
2.2856
1.5346
3.4594
1.0691
0.74989
0.77804
1.6106
1.9011
0.72778
0.75683
0.74473
2.3014
1.1246
0.85901
0.70632
1.3002
1.39
1.5241
0.74302
0.85901
4.2462
2.1677
1.2078
1.3002
1.0715
1.7783
2.0654
1.8967
1.9588
1.1995
1.6144
3.5975
1.8793
2.8774
1.1482
0.89743
1.4928
2.0512
1.1482
1.4588
1.6749
0.70307
1.7579
1.7947
1.6749
0.79799
0.69502
0.77804
0.70146
1.4894
5.6105
2.4099
2.4946
1.7824
1.8197
1.7298
1.6181
2.2909
2.6669
1.9498
2.799
0.82985
1.7022
1.5171
1.4521
1.3122
1.7219
2.2856
0.94406
1.2706
2.9174
2.0559
1.7458
1.9055
2.5235
1.4622
2.421
1.4622
1.6904
0.96605
1.6749
1.2078
1.4223
2.1478
3.3729
1.1092
0.98628
1.3152
1.2388
1.2647
1.2853
1.4928
0.75162
0.78163
1.9454
0.9594
1.0093
0.90157
1.6558
1.0641
1.2618
0.98855
1.5066
1.2942
1.3002
1.1272
2.2182
1.3274
1.5849
2.8445
1.6293
1.6749
1.6255
1.8578
2.037
1.556
0.86497
1.183
1.5382
1.7338
1.5812
0.95719
1.3614
1.4521
1.6482
1.2023
1.3583
1.052
1.6069
1.4588
1.4791
1.1912
1.3428
2.0417
2.6242
3.0061
1.9055
1.194
0.88105
0.71285
1.2162
2.673
1.5922
1.7824
2.673
1.1885
2.0464
1.4689
1.932
2.3659
1.4521
0.75858
0.71945
1.5311
1.2882
2.1038
1.8408
1.652
1.4622
2.6242
1.9543
1.652
1.2078
1.2331
1.8197
1.6596
1.2618
2.1577
1.1015
0.75336
0.73114
0.97499
1.2972
1.9953
1.8113
1.8281
1.2764
1.9953
0.82035
2.3014
0.71121
0.74989
0.78163
0.83368
0.81096
1.5346
3.7154
1.7539
0.99083
1.0471
2.2594
3.9537
0.87902
0.85507
2.3335
1.3772
2.9854
1.4028
1.3092
1.4894
2.6303
1.4757
1.3032
2.1777
1.183
1.6255
1.6749
0.86497
1.183
1.5453
1.5031
1.1092
1.1455
1.3614
0.91411
0.82604
1.5776
1.4421
1.2246
1.0965
1.0447
1.122
0.90573
0.75858
1.1561
0.91411
0.72611
0.86497
1.0328
1.0162
0.91833
0.93541
1.4093
0.81846
1.0399
0.76384
0.79433
1.0889
0.82224
1.2677
0.83176
0.72277
20.797
1.7378
1.6904
7.1121
1.7378
1.1885
2.729
2.1727
1.6293
1.7258
1.7783
0.67453
1.3213
0.73961
1.0257
0.99541
0.98855
0.98628
0.69502
0.64417
0.7145
5.3088
3.0269
1.0162
2.6546
1.3964
2.2387
1.9679
1.4028
1.1535
0.84528
1.9543
1.7498
1.6558
1.5776
1.3804
1.2274
0.86696
1.1967
1.0617
0.88308
0.81846
1.5596
1.2218
3.9446
0.76208
0.72946
0.66527
1.1246
0.89536
1.7742
2.6853
1.2274
1.5311
1.7219
1.5959
1.7579
0.8892
0.8531
1.2794
0.71779
0.85114
1.0789
0.82035
1.7865
1.0864
1.5596
1.0139
1.5631
1.0864
1.803
1.7061
1.2794
1.1508
0.73282
1.3552
0.69343
0.68865
0.70146
0.7925
0.79983
0.75162
1.099
0.85114
0.92683
2.5468
2.208
1.3092
1.219
0.76033
0.9528
1.052
1.7338
1.6331
1.3964
1.4093
1.7947
0.87297
0.75336
0.69183
1.6181
1.7906
2.799
3.0761
0.82794
1.2359
1.2823
1.4622
2.7733
1.8072
2.6182
0.97275
0.76384
1.0765
2.7733
1.5812
1.8967
1.9409
1.3614
1.9588
1.1272
1.2912
1.122
2.5645
0.94189
1.8408
1.2078
1.0914
1.0593
0.78524
0.97499
0.76208
1.3274
1.2912
1.0914
1.0257
1.0233
1.0839
0.78705
0.69502
0.75509
0.71614
1.4689
1.1967
1.6711
1.4454
0.97724
1.2503
0.68234
1.5922
0.7145
1.3614
1.1455
3.5075
1.7865
1.0691
0.85704
1.074
0.68549
1.0864
1.3932
1.3243
1.6444
1.0209
0.90365
1.2823
0.6792
0.76736
2.5823
1.0914
1.0257
0.70795
0.85507
1.3836
1.0447
0.7145
2.1928
1.4928
1.4125
0.67608
0.90157
0.9506
0.79983
1.0839
0.82604
0.70146
1.9055
1.1324
0.74645
0.68391
0.95499
1.1858
0.95719
0.74302
1.205
1.1143
0.9528
0.72277
0.69183
1.2972
1.0495
1.1508
1.0691
0.84918
0.9247
0.75336
0.74302
0.71121
1.6368
1.0093
0.89125
1.0209
0.86099
1.1169
1.1376
0.88512
0.77625
0.73451
0.70146
0.7145
0.71614
0.75509
2.3335
0.99541
1.0399
1.7418
0.82414
0.75336
0.69343
2.2387
1.1614
0.90157
0.76033
0.68549
1.2942
0.86696
0.70469
0.74989
0.79068
1.4421
2.1429
1.6181
0.74989
1.1967
0.93972
0.93756
0.70307
0.79616
0.71121
0.9506
1.1272
0.91411
0.69343
0.7379
0.66374
0.68707
1.1749
0.71614
0.65615
1.0471
1.1066
0.75162
0.70469
0.91833
0.79983
1.2618
0.7925
0.71945
0.73621
0.75683
0.99312
0.93325
0.87297
1.0666
0.92257
1.0023
1.0765
0.79616
0.72277
0.69343
1.0093
0.77446
1.4191
2.6977
4.0087
3.8994
2.0464
1.9231
2.0606
2.1979
1.3836
1.205
1.5171
1.9364
1.4488
1.3646
1.3032
1.0864
1.2474
1.4488
1.3583
1.0889
1.4028
1.3709
2.6546
3.1333
1.122
1.6218
0.99312
1.0544
1.4388
1.0328
1.0544
1.3583
0.97275
0.73621
0.70307
0.7709
0.75162
0.9247
1.349
0.70632
1.3459
0.92257
0.74989
0.79983
0.76384
0.91411
1.2503
1.0023
1.0914
1.2503
1.0116
0.86896
0.90782
0.96605
0.85901
0.80724
0.72277
1.0495
0.99083
0.96161
0.76208
0.78524
0.78343
0.75162
0.86298
0.8356
0.9977
0.98855
0.93972
0.82035
0.85507
0.88512
0.73451
0.78343
0.7379
0.73282
0.83368
1.3772
1.1858
1.1668
1.3459
1.0139
1.0209
1.0544
0.91201
0.84528
0.8414
0.98855
0.98175
0.94189
0.7925
1.0351
0.80353
0.96828
0.88716
0.90573
0.89125
1.052
0.79068
1.074
0.97499
0.88105
1.0839
0.82414
0.85507
0.70146
0.72946
0.73114
0.77804
0.98628
1.0691
0.85901
0.82794
0.75509
0.83176
0.88308
0.92683
0.92683
0.93756
0.78343
0.74645
0.92045
0.93541
1.1117
0.77625
0.77268
1.1041
1.1614
0.8091
0.7656
0.72946
1.0399
1.3213
0.77983
0.70307
0.74473
0.78705
0.70307
0.75336
0.78343
0.77268
0.8531
0.81283
0.79799
0.76384
0.74131
0.73961
0.76033
0.73451
0.73114
0.74473
0.77268
0.75858
0.90573
0.78163
0.77625
0.75858
0.76913
1.0447
1.1429
1.1668
0.74817
0.93325
1.4962
1.6406
0.82224
1.205
1.2078
0.96828
0.76208
0.95719
1.5136
0.98855
0.71614
0.68391
1.0471
1.7219
0.83946
0.77446
0.69343
0.82035
0.71614
0.72111
1.205
0.88308
0.78524
0.79616
0.80168
0.98628
1.3836
1.1614
0.70469
0.78886
0.73621
1.4223
1.3583
0.71285
1.4894
1.1015
0.92257
0.6792
0.7145
0.75162
0.97949
1.2972
1.3062
1.0568
0.71121
0.70469
1.052
1.1668
0.75858
0.71285
0.69984
0.68865
1.6634
1.1272
0.7379
0.70469
1.2823
0.93541
0.65766
0.67608
0.70632
0.69502
1.0304
1.7989
0.70469
0.81846
0.69183
0.88308
0.86896
0.70632
0.69024
0.66681
0.71779
0.91833
1.2764
0.82985
0.7656
0.72611
0.74645
0.92683
1.256
0.70469
0.67764
0.75509
0.73621
0.85704
0.71121
1.5241
0.90573
0.8995
0.69984
0.69823
0.72611
0.97499
1
1.5205
0.89331
0.69823
0.69663
0.71121
0.7379
0.71614
0.76384
0.72111
0.9247
1.0304
1.0691
1.0889
0.74989
0.67608
0.74473
0.90365
1.0423
1.0691
0.79799
0.6792
0.72111
0.68707
0.67453
0.7145
0.67764
0.70958
0.78705
0.75336
0.97051
1.1376
0.73621
0.67298
0.73621
0.70795
0.68234
0.65615
0.76033
0.72444
0.70958
1.0351
0.67608
0.70795
0.72444
0.69183
0.69502
0.69183
0.66527
0.66374
0.69183
0.75336
0.67608
0.72277
0.71121
0.68234
0.6792
0.71779
0.72111
0.68077
0.69024
0.877
0.80168
0.73114
0.71614
0.73282
0.66834
0.69024
0.68234
0.73451
0.70795
0.70632
0.66834
0.6792
0.67143
0.66988
0.68865
0.66222
0.66374
0.71779
0.66222
0.76913
0.69343
0.65163
0.67298
0.66834
0.66069
0.66069
1.3032
0.94406
0.66374
0.74989
0.67608
0.67608
0.65615
0.63533
0.68865
0.69024
0.68549
0.66222
0.70469
0.78524
0.67298
0.72778
0.66222
0.67764
0.69343
0.79983
0.66527
0.65766
0.8531
0.75336
0.66527
0.67764
0.6792
0.68549
0.67143
0.69823
0.70632
1.0046
0.99541
0.90365
0.69502
0.70307
0.65766
0.65917
0.65917
0.66374
0.68077
0.67764
0.67143
0.78163
0.65013
0.63387
0.68234
0.68234
0.69183
0.65917
0.65313
0.68234
0.66374
1.762
0.88105
0.87297
0.83368
1.0093
1.1324
0.8091
0.77983
0.73451
1.2331
0.86896
0.9528
0.9506
0.98628
0.79068
0.79433
1.0593
0.94624
0.89743
1.0423
1.0715
0.80168
0.99541
0.97949
0.8531
0.7925
0.9528
0.92683
0.9247
1.1015
0.77804
0.83946
1.4223
0.90782
0.92897
0.84333
0.77804
0.93756
1.1912
0.91622
0.86099
1.1858
0.86896
1.1749
0.89125
0.6792
0.79068
0.71614
1.1376
0.89331
0.87498
0.8147
0.91622
0.75683
0.93111
0.95499
1.0471
0.9594
0.77268
0.96161
0.85901
0.78886
1.0765
0.82414
0.79983
0.76384
1.1641
1.0375
0.76736
0.8531
0.91201
0.97275
0.7925
0.74473
0.83946
1.5488
1.2134
0.83176
0.82414
0.99312
1.4521
0.89331
0.81096
0.8091
0.87902
1.2589
1.0209
0.86896
0.88716
0.86298
1.1885
1.2078
0.98628
0.97275
1.122
0.73451
0.86298
0.77804
1.6904
0.8892
1.0023
0.92045
1.4191
1.0233
0.86696
0.75858
0.98401
0.87096
1.0139
0.87498
0.92897
1.71
1.0495
0.85901
0.82794
0.89125
1.0641
1.1722
0.75336
0.93111
1.2853
1.0423
0.78705
1.1324
0.80538
1.0351
0.85114
0.79068
0.8995
0.73451
1.0139
0.90573
1.1194
0.75162
0.82414
1.1588
0.71121
1.0447
0.79616
0.75858
0.88512
1.0568
0.78705
0.81283
0.92257
1.0889
0.78524
0.78343
0.74302
0.82414
0.86696
0.8995
1.0814
0.74473
0.73114
0.76033
0.7925
1.4191
0.95499
0.7709
1.0046
0.97949
0.74817
0.74645
0.73961
1.0139
1.2764
0.85114
0.8091
1.0209
0.8091
0.85704
0.94189
0.87096
0.68865
0.95719
0.95499
0.73114
0.72946
0.96161
0.90573
1.0233
0.69502
0.70307
0.70632
0.68077
0.69984
0.69183
0.86696
0.8531
0.74989
0.70795
0.9528
1.0139
0.69823
0.66527
0.77446
1.0715
0.8995
0.69984
0.88716
0.7145
0.79799
0.88512
0.86497
0.67764
0.69823
0.74131
0.65917
0.8531
1.0789
0.75509
0.71614
0.68707
0.70146
0.80538
0.83753
0.77983
0.70795
0.87297
0.80724
0.93972
0.70469
0.76384
0.70469
0.74817
0.71779
0.69183
0.73282
0.91411
0.9247
0.75509
0.73451
0.69024
0.66222
0.64714
0.66988
0.7709
0.82794
0.89536
0.69984
0.70146
0.70146
0.68865
0.7709
0.82794
0.79068
0.68391
0.68865
0.82985
0.97275
0.70146
0.66834
0.68865
0.69502
0.65766
0.70469
0.65766
1.0839
0.76736
0.93111
0.88308
0.6792
0.68077
0.68234
0.89743
0.87498
0.66681
0.71121
0.71285
0.80353
0.6792
0.68549
0.69984
0.69663
0.75336
0.90782
0.81846
1.1092
0.67143
0.8892
0.70958
0.7656
0.70632
0.67608
0.67453
0.68234
0.67453
0.88105
0.74473
0.77268
1.0186
0.82985
0.92683
0.72277
0.64863
0.67764
0.91622
0.81283
0.70307
0.70632
0.8091
0.90991
0.70469
0.67298
0.69984
0.71285
0.72946
0.72778
0.85114
0.8147
0.69663
0.90573
1.0423
1.1912
0.68865
0.9506
0.71779
0.71945
0.69984
0.70146
0.88105
0.74302
0.69823
0.69502
1.094
0.84333
0.86298
0.69984
0.71614
0.83176
0.75858
0.85507
0.76736
0.66681
0.84723
1.0889
0.85507
0.71614
0.8995
0.96605
0.8892
0.85704
0.67453
0.75509
0.68391
0.73114
0.76736
0.97724
0.76208
0.87498
0.9528
1.0351
0.70307
0.70307
0.8995
0.81283
0.92897
0.73451
0.69183
0.80538
0.7925
0.74645
0.68549
0.79799
0.76736
0.75162
0.69823
0.83946
0.70958
0.71779
0.8091
0.71945
0.71285
0.69502
0.72778
1.028
0.82414
0.75509
0.73282
0.74302
1.1324
0.74989
0.67764
0.74131
0.82414
0.67764
0.72277
0.67608
0.93972
0.69343
0.84918
0.70632
0.90157
0.84528
0.73282
0.96383
0.84528
0.72946
0.70469
0.6792
0.78524
1.3772
1.094
0.7925
0.72277
0.67764
0.72277
0.66834
0.6792
0.67453
0.78343
0.86497
0.69024
0.66834
0.74302
0.75858
0.70469
0.71614
0.84333
0.78886
0.93972
0.71614
0.78705
0.98855
0.74302
0.77446
0.95499
0.84723
0.68707
0.71285
1.0162
0.68077
0.94189
0.98401
1.0544
1.3868
0.6792
0.877
0.68391
0.68391
1.7458
1.1143
0.8892
0.88105
0.9528
1.2274
0.71779
0.70632
0.67298
0.63826
0.82414
1.2162
0.66681
0.7145
0.73451
0.68391
0.7145
0.67298
0.71285
0.71945
0.66222
0.89536
0.70469
0.65615
0.98401
0.71945
0.67298
0.87297
1.5101
0.7379
1.3366
0.93111
0.9506
0.86896
0.85901
0.98401
0.83753
1.0116
1.5346
0.71614
0.98855
0.79799
0.77625
0.68077
0.64417
0.65766
0.66834
0.78524
0.72277
0.78163
0.69663
0.65917
0.68707
0.72611
0.70795
0.68234
0.80168
0.70469
0.71121
0.69984
1.0965
1.1324
0.74302
0.64863
0.67143
0.68549
0.66681
0.77625
0.67608
0.85704
0.74989
0.64863
0.67453
0.68391
1.1455
0.84723
0.93541
0.82414
0.71945
1.0617
0.69984
0.71285
0.64714
0.64863
0.65766
0.66374
0.69024
0.83176
0.90782
0.78524
0.76208
0.69984
0.81283
0.72611
0.76736
0.81846
1.1508
0.7656
0.70632
0.78163
0.78163
0.65163
0.66527
0.72444
0.6792
0.66834
1.1246
1.1066
0.89743
0.7656
0.65313
0.66374
0.62517
0.65615
0.65163
0.65464
1.0375
0.75162
0.72111
0.79433
0.74131
0.76736
0.65615
0.65766
0.66374
0.66222
0.69183
0.72111
0.79433
0.73114
0.66527
0.70307
0.65313
0.66834
0.69343
0.64121
0.67298
0.70632
0.82224
0.67764
0.68391
0.67764
0.64269
0.75336
0.70469
0.65917
0.67143
1.2331
0.91201
0.75683
0.81658
0.8091
0.79799
1.714
0.7145
0.67143
0.66222
1.2134
0.90573
0.68234
0.64417
0.84723
0.84723
0.70632
0.66988
0.70146
0.66681
0.87902
0.68549
0.66834
0.68707
0.68391
0.67298
0.65163
0.67764
1.2388
1.2912
0.76384
0.73114
0.66222
0.9528
0.80724
0.7656
0.66681
0.63826
0.67298
0.65313
0.66069
0.69663
0.64121
0.64269
0.67453
0.69984
0.92257
0.90365
0.75509
0.68077
0.70795
1.0864
0.8995
0.65766
0.64417
0.6368
0.67453
0.76033
0.70307
0.65615
0.82985
0.77625
0.65766
0.64863
0.67298
0.80168
0.73451
0.67608
0.66988
0.8892
0.80538
0.69663
0.64863
0.62517
0.75683
0.78705
0.66834
0.70795
0.69024
0.88716
0.8091
0.78163
0.72277
0.69183
0.68234
0.65464
0.67764
0.86497
0.73961
0.76913
0.7656
0.66374
0.66222
0.67298
0.66222
0.83368
0.69823
0.65766
0.71121
0.83946
0.82035
0.70307
0.76736
0.76384
0.70632
0.71779
0.65313
0.79433
0.70795
0.76384
0.70307
0.67764
0.77446
1.0023
0.67143
0.66374
0.68391
0.66834
0.68234
0.85114
0.90157
0.82414
1.2474
0.68865
0.66069
0.67608
1.3152
0.7709
1.0328
0.67453
0.81846
0.70632
0.68077
0.68077
0.96161
1.4825
0.79616
0.67143
0.90365
0.86298
1.3397
1.0715
0.70795
0.75336
0.67453
0.81846
0.78343
0.68234
0.7379
0.7145
0.89743
0.88308
0.70632
0.83946
0.78343
0.72611
0.71614
0.82604
0.9528
1.7539
0.75509
0.69663
0.65313
0.64565
0.93972
0.70146
0.70795
0.75162
0.72444
0.81658
0.75162
0.66222
0.82035
0.91411
0.6792
0.68549
0.74302
0.71121
0.66988
0.74989
0.76033
0.68865
0.70958
0.73621
0.74302
0.76208
0.77268
0.69343
0.77625
0.73621
0.69183
0.75162
0.72611
0.73114
0.70307
0.70469
0.67764
0.68077
0.70958
0.70146
1.4388
0.83946
0.81846
1.1041
0.70146
0.8531
0.83753
0.73114
0.69502
0.86497
0.69663
0.67764
0.75683
0.67608
0.70958
0.73282
0.69183
0.72611
0.77446
0.84528
0.70795
0.66374
0.71614
0.69343
0.67453
0.69183
0.7379
0.66527
0.90573
0.7379
0.67298
0.8356
0.72277
0.68391
0.69343
0.79433
0.7709
0.66222
0.75683
0.79799
0.67608
0.95499
0.69343
0.67143
0.68707
0.6792
0.65013
0.76208
0.98628
0.94842
0.65163
0.65464
1.1272
0.76384
0.68077
0.69183
0.72778
0.6792
0.69183
0.79433
0.67453
0.72611
0.69183
0.69024
0.70632
0.7145
0.74645
0.74989
0.72277
0.70146
0.66681
0.66834
0.77625
0.73961
0.66374
0.8147
0.83176
0.69823
0.69984
0.69183
0.65464
0.67764
0.74302
0.69663
0.66527
0.69984
0.70795
0.85507
0.74645
0.68549
0.72946
0.76033
0.68865
0.65615
0.66222
0.66681
0.72277
0.72611
0.77446
0.6792
0.68865
0.71121
0.68865
0.92257
0.67298
1.3868
0.8531
0.77446
0.70307
0.67143
2.1135
0.72778
0.67143
0.75509
0.65766
0.6792
0.68549
1.2274
0.71121
0.71614
0.69024
0.75858
0.91201
0.65917
0.66222
0.70307
0.86896
0.71285
0.64269
0.73961
0.64565
0.65917
0.73961
0.8091
0.6792
0.65917
0.80724
0.66222
0.66222
0.68707
1.0186
0.8147
0.69984
0.6792
0.72946
0.65766
1.0593
0.66988
0.66681
0.74645
0.65615
0.91622
0.69502
0.76913
0.90157
0.6792
0.98628
0.76913
0.68391
1.0304
0.67608
0.74989
0.69183
0.66527
0.79068
0.66374
1.0495
0.97949
0.74302
0.69823
0.68234
0.70795
0.96161
0.71945
0.84723
0.71614
0.83368
0.80538
0.75162
0.68865
0.68234
0.91201
0.68707
0.66988
0.92045
0.68865
0.70307
0.76736
0.72444
0.6792
0.8414
0.69663
0.66988
0.68549
0.66834
0.65615
0.8147
0.78705
0.66527
1.0495
0.66988
0.70307
0.70632
0.66527
0.66374
0.66222
0.65013
0.87498
0.70795
0.71121
0.68391
0.73621
0.69984
0.81846
0.69502
0.78163
0.77804
0.79983
0.71614
0.68707
0.70469
0.72277
0.65313
0.70632
0.65313
0.97949
0.81658
1.183
0.7145
0.82414
0.72111
0.69663
0.73451
0.71121
0.68391
0.65615
0.877
0.69984
0.64269
0.73282
0.69183
0.72611
0.64714
0.70958
0.72111
0.68865
0.84918
0.65464
0.66069
0.68391
0.66834
0.66222
0.65766
0.74473
0.91833
0.75162
0.71779
0.65615
0.78163
0.70307
0.76033
0.70958
0.78343
0.74817
0.64714
0.7709
0.76033
0.70307
1.0593
0.6792
0.72946
0.66834
0.69024
0.67764
0.68234
0.74302
0.93972
0.68077
0.69024
0.74645
0.68234
0.75162
0.70795
0.66681
0.67453
1.1117
0.73114
0.66681
0.68234
0.69663
0.70469
0.67764
0.72277
0.79983
0.66681
1.1041
0.80538
0.72778
0.63826
0.77983
0.69502
0.77268
0.66681
0.67298
0.7379
0.9506
0.72111
0.67453
0.68865
0.68707
0.82604
0.75509
0.69502
0.73114
0.65013
0.76208
0.70632
0.6792
0.68234
0.68865
0.9528
0.80538
0.67608
0.73282
0.9506
0.97275
0.65766
0.75336
0.68865
0.67453
0.9247
0.90991
0.67608
0.66988
0.93325
0.72611
0.84333
0.78524
0.75509
0.68865
0.64714
0.70146
0.75336
0.75162
0.7709
1.2474
0.70795
0.74302
0.65917
0.78163
0.80724
0.63241
0.65464
1.122
0.69024
0.69024
0.64417
0.70632
0.68391
0.81096
0.92683
0.68077
0.72611
0.6792
0.91411
0.70307
0.6792
1.0864
0.74302
0.69502
0.72778
0.86099
0.67608
0.74131
0.75683
0.80168
0.65615
0.64565
0.70632
1.0116
0.77804
0.71779
0.84918
0.70795
0.74473
0.66527
0.70146
0.86696
0.71614
0.69823
0.68707
0.65313
0.69823
0.72778
0.93541
0.72111
0.66527
0.70146
0.74131
0.66834
0.72946
0.64417
0.66222
1.074
0.67608
0.69984
0.71285
0.73961
0.68391
0.89331
0.6792
0.71285
0.69183
0.77804
0.73114
0.66834
0.86298
0.73114
0.66374
0.71285
0.68707
0.70469
0.68234
0.8091
0.76033
0.66374
0.82035
0.71285
0.74645
