18.75
3.1046
12.677
21.478
20.893
16.144
16.788
14.757
16.482
15.241
18.535
16.444
20.23
26.607
1.2531
1.8408
15.417
8.7096
11.995
10.864
17.865
13.335
10.399
2.0845
3.5563
2.5704
3.013
2.2909
1.9861
1.4825
1.1429
1.135
1.1535
1.1508
5.4828
1.2023
1.5346
1.4894
0.91201
1.0889
1.4962
1.1722
1.3964
1.5382
1.0641
1.1194
1.194
1.4322
1.4125
1.219
1.6788
1.3614
1.1455
1.2106
1.2359
1.1695
0.97724
1.0914
1.3521
1.0186
0.9247
0.94406
1.1194
1.2023
1.4622
3.4198
2.3823
2.2751
1.0839
1.888
0.93972
1.0209
2.9992
1.1015
4.6881
4.1591
0.98855
1.3335
1.4791
1.0914
0.8995
0.86099
0.81658
0.9247
3.3651
2.1928
0.82414
3.581
6.5766
3.5563
3.6058
7.6913
1.8239
0.85704
0.79433
0.83946
1.2912
4.1976
1.4223
1.4421
1.406
2.5235
3.9084
2.2542
1.5996
2.2594
0.81283
1.8072
0.89743
1.6558
0.86896
2.7733
7.0795
2.5003
4.3551
4.3251
3.5156
1.052
0.9506
2.9785
0.86099
2.2029
1.1324
0.71285
0.72611
0.72277
0.94406
0.94189
2.4266
3.9446
2.133
6.0674
2.8379
1.2503
8.2224
2.0845
3.7757
1.3183
0.78343
1.3836
0.67143
1.2359
0.82414
3.8726
1.7539
1.2735
2.3067
3.9355
2.5003
2.4946
1.0162
0.79983
0.68707
0.71945
0.74473
0.68549
0.69183
0.69183
0.68391
0.72444
0.74131
0.68549
0.82224
0.74131
0.65766
0.7656
2.5586
0.9977
0.85901
0.82224
0.73621
0.81658
1.1535
0.72444
0.7656
0.69823
2.1184
1.6444
1.4997
1.6711
3.5975
1.2078
0.87902
0.7925
0.81096
0.69343
0.71779
0.73114
0.65163
0.75162
0.80538
0.69663
0.85704
0.75509
0.90782
1.0257
0.75683
0.8414
0.87297
0.73961
0.74302
0.82985
0.68549
0.75162
0.7145
0.69183
0.65766
0.78163
0.80353
0.8147
0.75858
0.80168
0.68865
0.73621
0.69984
0.78886
0.73282
0.71285
0.71121
0.72111
0.71614
0.6792
0.65917
0.83368
0.73451
0.68549
0.68234
0.7145
0.69183
0.72778
0.64863
0.76736
0.73961
0.71614
0.72277
0.70795
0.79616
0.69823
0.68549
0.72946
0.71614
0.81096
0.71945
0.69502
0.89331
0.83176
0.77268
0.67453
0.77804
0.71121
0.90365
0.90157
0.78163
0.93972
0.75336
0.78163
0.76384
0.76384
0.9594
0.85901
0.78343
0.76913
0.69183
1.5524
0.82414
0.67764
0.82414
0.78705
0.85901
0.66681
0.87498
0.65313
0.78524
1.8239
1.1143
0.76033
1.1324
0.84333
0.77804
0.72111
1.1402
0.68865
0.70146
1.0328
0.73282
0.72111
0.72946
0.72277
0.68707
0.9594
0.74302
0.75162
0.73282
0.8091
0.69984
0.72611
1.2794
1.1535
1.2359
1.0914
1.5241
0.8091
0.76384
0.78163
0.93541
0.94189
0.87297
0.90573
0.73621
0.76384
0.88716
0.82224
0.87297
0.8414
1.1015
0.8995
0.75509
0.87096
0.84333
0.90365
0.78705
0.69024
0.95499
0.7709
0.75336
0.90573
0.85704
0.68234
1.5382
1.0186
1.2972
1.4521
1.0495
0.66222
0.72946
0.80168
0.74473
0.70146
0.65464
0.75509
0.67608
0.96828
0.78343
0.74645
0.70469
0.67764
0.86696
1.194
0.90991
0.69984
1.0423
0.93325
0.80724
0.69502
0.8892
0.72611
0.75509
0.90573
0.9247
0.82414
0.72111
0.87498
0.8356
0.77983
0.75858
0.82985
0.72778
0.74131
0.73114
0.86497
0.81658
0.83753
0.81283
0.77625
0.74989
0.73114
0.82414
0.73961
0.6792
0.70795
0.73451
0.71121
0.80168
0.86696
0.84528
0.68391
0.76384
0.71945
0.93111
0.96161
0.98401
0.82985
0.79616
0.82224
0.8995
0.69024
0.73961
0.86099
0.9506
0.7145
1.71
1.2246
2.4547
6.1802
8.2414
5.3211
7.379
2.0137
1.4355
2.4044
2.0989
0.87902
4.3053
12.19
4.2267
1.8923
0.83753
0.76736
0.877
0.89743
1.0023
0.7709
0.84528
1.6331
0.64565
1.0116
0.88105
0.84333
1.052
0.94624
0.76736
0.78163
1.4859
1.5596
1.5524
4.6345
2.421
1.9724
3.8107
1.5668
1.5241
1.6982
4.7315
3.2137
5.4075
1.0617
0.93325
0.82224
1.9187
2.4099
2.7164
1.3152
0.78343
0.74131
1.0965
1.1776
1.2162
2.0749
2.3442
2.3659
1.7824
1.205
2.6363
1.4093
0.93111
1.1194
0.80168
1.2794
0.9977
0.81658
1.8365
1.4028
0.93325
0.99083
0.7656
0.83176
1.1885
0.79433
1.0139
0.8091
0.99083
0.75683
1.374
1.349
3.0761
2.7164
7.2277
2.0797
3.8282
1.3305
1.1194
1.7219
2.2803
1.8707
2.1086
0.89536
0.67453
0.74131
0.8531
0.79068
0.91411
0.69502
0.7379
0.72277
2.0091
2.6669
1.4655
3.6224
2.1038
1.0304
1.4655
0.86497
1.8836
1.256
1.8664
3.6308
2.421
5.9704
5.1642
2.3174
1.0593
1.122
1.074
1.7022
2.8642
2.5586
0.94406
3.4435
1.6331
0.877
0.74302
0.78886
0.94189
1.0715
3.4995
4.2954
4.3152
2.2387
1.9364
1.2023
3.6308
2.5882
4.5814
3.4594
3.069
1.845
1.3677
1.7298
0.73451
0.80538
0.91201
2.3014
2.3823
1.6596
1.5346
1.0593
1.1885
5.9156
2.133
2.5293
1.2274
1.9634
3.3963
2.3823
1.8707
2.1727
9.8628
2.7102
3.3343
1.6181
3.4834
1.2706
2.466
3.5727
1.4289
8.0538
1.4655
3.3651
4.1687
3.581
2.8708
1.7338
4.7315
3.1405
2.5061
2.466
2.7102
5.8345
4.5604
9.8855
2.541
6.1944
3.9811
1.2445
1.183
3.6644
3.4356
4.7643
3.2961
2.0277
1.6596
0.92257
1.7906
5.728
6.3533
5.821
2.2439
5.7943
4.6881
2.1827
3.1477
3.9264
3.9628
1.7539
7.7446
20.989
6.8707
1.1246
0.86696
2.3878
0.82414
1.0715
2.6122
1.875
2.4322
8.147
6.5464
2.8445
2.3878
1.9055
3.2285
1.8664
3.1477
3.8637
1.2162
6.5917
3.6392
5.9429
2.4491
2.0184
3.8459
6.6988
4.8195
3.9174
1.3366
6.3387
3.9084
3.5318
3.4277
1.8793
0.74302
3.2584
7.5509
8.414
4.5709
4.0365
2.7797
6.5615
6.7298
3.7325
2.1281
1.7701
2.8642
3.6224
6.5917
2.5586
1.2531
2.9854
1.6255
0.74989
1.1015
1.5031
3.1117
2.1135
2.2336
3.9174
0.64565
0.67764
3.1769
4.0458
7.7268
1.7539
2.9854
1.6827
3.0761
5.7544
3.2509
1.2942
1.6181
4.8084
1.0544
1.3772
10.186
1.888
4.1783
13.709
0.8356
0.74302
0.72444
0.70632
1.074
1.099
0.99312
1.7179
1.4689
1.0209
0.87902
0.68865
0.70307
0.67608
6.792
3.9902
0.88716
1.0328
2.5704
11.561
3.3113
0.76736
0.65615
1.4521
0.87498
0.8091
0.67764
0.93111
1.349
2.0701
0.91833
0.9977
0.7709
0.7379
0.67298
0.84918
0.72778
0.73282
0.75162
0.86099
0.72444
0.86696
0.80353
0.7925
0.86298
0.76208
0.69024
0.68707
0.8414
0.85704
0.72778
0.74645
0.88308
0.66374
0.93756
0.66374
1.3772
1.4521
0.72111
0.82985
0.77804
0.75162
0.65163
0.83753
1.2677
2.2856
0.71779
0.75509
1.4028
0.97499
1.5704
0.73621
1.2303
4.9317
1.0069
0.81096
0.82035
0.8147
0.85507
0.79983
0.76736
0.77983
3.0339
0.79983
0.65917
0.6792
0.68391
0.79433
1.7824
0.89743
0.72778
0.66527
0.88308
0.7145
2.3933
0.85901
3.3113
0.74817
0.72444
1.122
0.87498
1.3836
0.87498
0.79433
0.84723
0.7379
0.88716
0.69823
0.72778
0.91201
0.79983
0.97949
1.3213
0.74989
1.0864
0.85114
0.76208
0.91201
0.79616
0.97724
0.74989
3.3963
0.7145
1.2359
0.91411
0.91201
0.8147
0.70469
0.68707
0.67143
0.65766
0.79616
0.94406
0.77625
0.77268
0.6792
0.77625
0.76208
0.68707
0.69823
0.77268
0.87096
0.68549
1.099
0.80538
0.8531
0.67143
0.70469
1.2647
0.69502
0.68865
0.69823
1.6866
1.7947
0.69823
0.71285
0.96828
1.7701
0.74131
0.76736
1
0.73621
1.0889
1.9275
3.0903
0.76736
0.70469
0.82414
0.89125
0.87297
0.75336
0.83946
1.3152
1.6368
1.0069
0.70469
0.77268
0.73621
1.0617
1.0914
1.4289
0.79799
0.67608
0.88308
0.78886
0.93972
1.4421
0.8091
1.0839
0.88308
8.1846
2.4434
3.2659
1.4622
1.6181
1.028
3.767
2.0417
1.8664
1.3552
1.39
1
7.0469
3.8282
3.4674
2.6607
5.0234
1.6672
2.3823
1.9724
1.6827
4.2073
1.9364
2.0701
4.3053
1.9055
1.4894
2.3174
0.71285
1.0789
0.74473
0.73282
0.7709
0.69984
0.77804
0.69502
0.71285
1.0593
2.3878
1.9275
3.8282
6.7298
0.95719
0.68865
0.8892
2.6853
2.9376
0.64269
0.82414
1.2359
0.877
0.76913
0.63533
0.67764
3.2659
1.1858
1.4223
1.349
1.5668
1.2218
1.3552
1.2735
1.6827
1.4158
0.91411
0.97275
1.0641
1.0495
1.2134
0.95719
0.97051
2.0559
1.4191
1.5276
4.5709
2.5763
5.3333
6.8549
2.3174
0.83946
1.5704
0.71779
1.2134
4.529
0.93541
0.69183
0.70632
0.75858
0.69343
1.074
1.0593
1.6827
0.76736
0.85507
0.8531
1.0765
1.0765
0.78343
2.5942
1.0641
1.1041
1.0593
1.0593
0.88716
0.93756
0.7379
1.1092
0.70146
1.71
0.78163
0.82035
0.94624
1.4962
2.5763
1.0889
0.74473
1.2794
0.77804
1.0375
1.094
0.76208
0.9528
1.0789
0.77446
1.1588
0.92683
0.85901
0.92257
0.91201
2.2699
2.3823
0.81283
0.70958
0.85704
0.77446
0.70795
0.91833
0.79433
0.93756
0.69984
1.3183
0.79433
0.83946
0.86497
0.73451
0.77804
0.93541
0.91411
0.71121
0.78705
5.3703
3.0061
2.3496
2.3496
9.7051
3.9719
1.2531
0.90782
1.8923
0.95719
0.91411
1.5996
0.82985
1.0399
1.094
1.6596
1.1641
1.0666
1.1912
1.6827
0.95719
2.6669
3.2137
0.68549
2.673
1.6368
2.5942
3.3497
2.2491
0.81283
0.73451
1.8967
0.98401
0.95499
1.194
0.75858
0.70307
0.93325
0.7145
1.219
4.6345
2.3335
2.0989
0.73621
0.69343
1.3213
1.0046
1.0162
0.87498
0.80538
0.67608
0.91622
0.83946
0.67143
1.4421
1.0544
0.73114
1.0233
1.0914
0.76913
0.68707
3.9811
0.75509
0.93756
2.5468
0.9594
3.4356
3.4041
0.76384
0.71614
1.3002
0.86696
0.79433
0.85507
0.66222
0.65464
0.69183
0.65917
0.97499
0.81283
0.81658
0.7656
0.65013
0.72277
0.73621
0.79068
1.6827
1.028
1.052
2.1086
3.6058
0.72946
0.71945
0.74989
0.80168
0.75509
0.86896
5.5976
1.5101
0.86497
0.76913
1.0139
0.8995
1.6827
1.3062
0.90991
9.7949
0.7709
0.87297
0.89331
0.97949
0.84918
0.78524
0.77446
0.68391
0.77446
0.83368
0.88308
0.82604
0.71614
0.77625
0.91201
0.85901
0.76033
0.88716
0.75162
0.73282
0.88716
0.76033
0.71121
0.96161
0.8091
0.85507
0.74817
0.79616
0.7709
0.7925
0.87096
0.76033
0.8892
0.86497
0.76736
0.77804
0.71121
0.75683
0.71121
0.73621
0.73451
0.8892
0.72277
0.71945
0.81096
0.85507
0.78705
0.82414
0.82224
0.92257
0.74645
1.0399
0.88512
0.82035
0.68077
0.78343
1.1858
0.71779
0.72946
0.69984
0.69502
0.68234
0.90782
0.97499
0.84528
0.79983
0.79983
0.8414
0.83368
0.66374
0.69183
0.76384
0.75162
0.82985
0.76736
0.87498
0.84723
0.89331
0.97949
0.77268
1.2794
0.99541
0.82414
0.77983
1.556
0.877
0.92045
0.96828
0.92683
0.93111
1.0023
0.90573
0.91833
0.87297
0.84528
0.82604
1.0568
0.77625
0.97275
0.86298
1.0839
0.8995
0.75509
0.69183
0.82224
0.77268
0.84333
0.7379
0.79433
0.87902
1.0641
0.78705
0.70958
0.70795
0.79433
0.89536
0.70632
0.76033
0.97724
0.82794
0.76208
0.70795
0.73621
0.76208
0.66222
0.71121
0.77983
0.78163
0.80353
0.75858
0.75858
0.80168
0.80724
0.76913
0.74817
0.86696
0.68234
0.69183
0.84333
0.74302
0.7145
0.8091
1.0328
0.76384
0.67764
0.97275
0.69183
0.92897
0.69502
0.76384
0.79616
0.82604
0.74302
0.75509
0.78524
0.78886
0.8147
0.78343
0.69024
0.87498
0.76913
0.7656
0.91833
0.84723
0.74473
0.86896
0.83753
0.74989
0.84528
0.72946
0.76736
0.82794
0.73282
0.78343
0.74817
0.77983
0.84723
0.8995
0.88716
0.71285
0.83946
0.80538
0.7925
0.71614
0.71285
0.66834
0.69823
0.82035
0.74989
0.73114
0.75509
0.88512
0.79433
0.90782
0.84528
0.79616
0.87498
0.77983
0.89743
0.84723
0.77983
0.68865
0.72611
0.85901
0.65013
0.80538
0.69984
0.72611
0.71614
0.71614
0.73451
0.69343
1.3305
0.81096
0.80353
0.75858
0.86497
0.82035
0.90782
0.95719
0.76736
0.69823
0.67453
0.90991
0.87498
0.73282
0.7379
0.70307
0.80168
0.75336
0.77983
0.80353
0.81283
0.79068
0.78886
0.74989
0.84723
0.82035
0.92897
0.82985
0.8995
0.67764
0.73621
0.68865
0.97724
0.93111
0.89125
0.77804
0.66374
0.69823
0.67453
0.65766
0.72778
0.75162
0.70958
0.80538
0.83946
0.82035
0.82985
0.69343
0.8531
0.877
0.99083
0.68391
0.69984
0.69183
0.74989
0.81096
0.9528
0.71121
0.68707
0.73282
0.72277
0.8147
0.75162
0.7925
0.76033
0.87498
0.67764
0.74473
0.69343
0.69502
0.69343
0.73114
0.74989
0.91201
0.69663
1.0186
0.7925
0.69183
0.73114
0.71945
0.72946
0.66069
0.9594
0.77625
0.76384
0.68707
0.79799
0.67764
0.70632
0.69663
0.76913
0.80538
0.82794
0.8414
0.67764
0.7709
0.76736
0.90991
0.7145
0.85507
0.82414
0.78705
0.70795
0.7145
0.81658
0.79799
0.83176
0.76033
0.82035
0.7379
0.79068
0.74302
0.8531
0.78524
0.85507
0.75858
0.79799
0.86298
0.71945
0.77983
0.78705
0.81658
0.74645
0.82414
0.78705
0.7709
0.8531
0.89331
0.78524
0.96161
0.79799
0.68391
0.83176
0.77983
0.72444
0.80353
0.72778
0.84918
0.68707
0.82985
0.79433
0.74989
0.71121
0.88512
0.76913
0.76913
0.90157
0.91622
0.76208
0.68707
0.68391
0.7145
0.69823
0.78886
0.91622
0.69984
0.8531
0.67608
0.69502
0.70146
0.72778
0.74645
0.87297
0.77268
0.8414
0.72277
0.74131
0.81096
0.86497
0.95719
0.80168
0.75509
1.0864
0.77625
0.74473
1.0544
0.77804
0.73282
0.70795
0.74645
0.8531
0.95719
0.76736
0.74131
0.70958
0.74817
0.90157
0.77446
0.84918
0.87096
0.72111
0.76913
1.0641
0.85507
0.80724
0.69663
0.77804
0.75336
0.65464
0.90991
0.85901
0.71285
0.68549
0.7145
0.71285
0.98628
0.85507
1.099
0.69663
0.73961
0.7379
0.69183
0.88105
0.69343
0.78524
0.77625
0.79983
0.75858
0.86099
0.71945
0.68391
0.79799
0.77268
0.78886
0.82035
0.71614
0.68865
0.87297
0.96161
0.85901
0.75336
0.85901
0.94624
0.84333
0.87902
0.73114
0.84528
0.88308
0.75162
0.75858
0.70307
0.70307
0.83946
0.76384
0.75162
0.88308
0.71285
0.67764
0.68391
0.81846
0.78524
0.73114
0.80724
0.94842
0.74989
0.7925
0.78343
0.74645
0.77268
0.84723
0.97051
0.77268
0.80538
0.74131
0.69343
0.78163
0.79068
0.74131
0.73451
0.84918
0.8892
0.76913
0.76208
0.7145
0.81658
0.79799
0.88716
0.82794
0.73621
0.6792
0.94189
0.97949
0.76736
0.75683
0.71779
0.89125
0.9594
0.91622
0.74989
0.72277
0.75162
0.8414
0.87498
0.76208
0.79616
0.80168
0.90782
0.75683
0.85114
0.72277
0.7925
0.68391
0.86696
0.74131
0.76208
0.73961
0.79068
0.72277
0.73114
0.71121
0.8091
0.92045
0.72111
0.82604
0.72277
0.70146
0.70632
0.66374
0.74473
0.77983
0.79433
0.74645
0.81658
0.77983
0.78343
0.80353
0.78886
0.80353
0.74302
0.89743
0.84333
0.74989
0.77804
0.70958
0.70469
0.70632
0.73621
0.70307
0.74131
0.70146
0.69984
0.65163
0.7709
0.69823
0.68707
0.72111
0.68077
0.71779
0.76208
0.68549
0.65615
0.74473
0.64269
0.72778
0.73451
0.74817
0.73451
0.72946
0.82604
0.7145
0.64565
0.71945
0.75858
0.78524
0.78163
0.75858
0.70146
0.8414
0.84723
0.73451
0.80353
0.8414
0.76384
0.91201
0.76384
0.90991
0.77268
0.86099
0.92897
0.75162
0.81658
0.94189
0.83753
0.75858
0.76736
0.74473
0.92683
0.76033
0.76384
0.79068
0.8147
0.80353
0.75509
0.88512
0.7379
0.7656
0.70146
0.72611
0.75683
0.84528
0.72946
0.80168
0.86896
0.85114
0.68707
0.82224
0.69984
0.75336
0.82414
0.69343
0.78705
0.67764
0.69024
0.68549
0.78886
0.79983
0.74989
0.82035
0.7145
0.77625
0.7709
0.73621
0.80724
0.72444
0.76384
0.68865
0.7709
0.66681
0.70632
0.80353
0.7709
0.79068
0.88716
0.76384
0.8091
0.75336
0.70307
0.75336
0.74817
0.70469
1.0162
0.87902
0.69024
0.68077
0.70795
0.8531
0.74302
1.0116
0.77625
0.73114
0.84918
0.8531
0.82414
1.1776
0.97499
0.90573
0.75162
0.7145
0.74473
0.6792
0.92897
1.2677
0.79068
0.89536
0.69984
0.75509
0.74817
0.66988
0.7379
0.66374
0.84333
0.88512
0.89331
0.80538
0.82985
1.0186
0.95719
0.86896
0.7925
0.79983
0.83946
0.82035
0.81658
0.77625
0.72277
0.82794
0.96605
0.71779
0.78163
0.8531
0.75683
0.8531
1.0139
1.0162
0.84918
0.75858
0.89536
0.81846
0.77625
0.80353
0.8147
0.73961
0.70958
0.78163
0.77268
0.75162
0.67298
0.63387
0.7709
0.67764
0.77625
0.78343
0.69343
0.68077
0.69343
0.66834
0.65313
0.73961
0.66834
0.82794
0.71779
0.85704
0.78705
0.8091
0.78705
0.83753
0.70632
0.74645
0.82604
0.81658
0.81096
0.80168
0.87297
0.79433
0.86099
0.88308
0.77268
0.93756
0.86497
0.78163
0.80724
0.80724
0.71285
0.7379
0.89125
0.8147
0.80168
0.75509
0.78524
0.66988
0.8414
0.88105
0.74473
0.83176
0.8414
0.77268
0.84918
1.0641
0.86298
0.69502
0.82224
0.84528
0.95499
0.83176
0.83753
0.67298
0.73282
0.68391
0.75509
0.74989
0.81283
0.97051
0.88512
0.66681
0.67298
0.76913
0.63973
0.85901
0.81096
0.85901
0.71945
0.74817
0.79616
0.71285
0.77804
0.77804
0.8414
0.83368
0.82414
0.75683
0.98628
0.84918
0.8147
0.75858
0.75858
0.67453
0.77446
0.87902
0.87096
0.73961
0.9506
0.85114
0.82604
0.81096
0.85901
0.69343
0.72778
0.81096
1.074
0.9594
0.73961
0.70795
0.81846
0.7709
0.69984
0.70307
0.70469
0.69823
0.83176
0.81283
0.80168
0.69343
0.84918
0.82224
0.81658
0.7925
0.76736
0.78524
0.9506
0.7709
0.91622
0.96828
0.99541
0.82604
0.95719
0.86099
0.76033
0.70307
0.76384
0.76033
0.88716
0.76208
0.81096
0.81658
0.92683
0.87902
0.72611
0.74989
0.86298
0.89125
0.72946
0.85114
0.63973
0.71285
0.72111
0.7709
0.69183
0.70469
0.74817
0.92683
0.7379
0.71121
0.76384
0.75683
0.71285
0.69663
0.81658
0.81283
0.66374
0.84918
1.052
0.97949
0.8892
0.64565
0.97275
0.71779
1.0568
0.86298
0.80353
0.74817
1.4791
0.81283
0.70146
0.93972
0.76208
0.73282
0.93541
0.73282
1.0069
0.81658
0.75858
0.90782
0.8356
0.77983
0.76736
0.79799
0.76736
0.89536
1.1858
0.8995
0.72277
0.75683
0.78343
0.7379
0.78524
0.74302
0.85901
0.73621
0.76033
0.78163
0.95719
1.1143
0.80168
0.77268
0.72611
0.73282
0.70958
0.69502
0.77268
0.81283
0.74473
0.79799
0.66222
0.67298
0.65313
0.66374
0.70958
0.68077
0.70146
0.8147
0.78343
0.72778
0.67453
0.72946
0.73961
0.94624
1.0914
0.90782
0.877
0.74473
0.76208
0.93541
0.97051
0.81846
0.8147
0.93541
0.86497
0.79068
0.84333
0.78705
0.7709
0.7709
0.86099
0.76208
0.8147
0.84333
0.88308
0.83368
0.70307
0.7656
0.73961
0.66988
1.0864
0.77983
0.83946
0.70146
0.72778
0.67764
0.82035
0.72111
0.79433
0.79068
0.70958
0.70146
0.72277
0.86298
0.85114
0.87498
0.77983
0.72611
0.68707
0.67143
0.70632
0.71121
0.78705
0.66988
0.97499
0.93756
0.85704
0.82985
0.82035
0.84918
0.70307
0.71779
0.8892
0.7656
0.70632
0.70958
0.74645
0.71285
0.71285
0.71945
0.76736
0.73282
0.73114
0.72111
0.90782
0.95499
0.89331
0.73114
0.72277
0.74473
0.73451
0.69024
0.97275
1.0641
0.74302
0.84333
0.73282
0.73451
0.86497
0.84333
0.78163
0.68707
0.70469
0.75162
0.7379
0.85901
0.71614
0.72111
0.68865
0.73621
0.73282
0.71945
0.69663
0.74302
0.67298
0.66222
0.69663
0.71121
0.76033
0.76736
0.72277
0.8147
0.70958
0.76208
0.75162
0.68865
0.70958
0.71779
0.96161
0.80724
0.87096
0.70632
0.72946
0.86298
0.86497
0.82794
0.7656
0.7379
0.66988
0.70958
0.74131
0.8147
0.9594
0.93756
0.76913
0.84528
0.94406
0.89743
0.90782
0.78343
1.0593
1.1402
0.78163
1.1858
1.028
0.85114
0.77625
0.82224
0.7145
0.73114
0.70958
0.78705
0.76736
0.7379
0.72277
0.77268
0.77268
0.81846
0.83753
0.77983
0.82604
0.84528
0.77625
0.8995
1.4322
0.91833
0.7145
0.74645
0.76384
0.74817
0.73282
0.71779
0.7145
1.0304
0.96828
1.0641
0.74989
0.72946
0.76736
0.71945
0.69502
0.7145
0.89331
1.1376
0.68234
0.76208
0.69502
0.71779
0.7709
0.79799
0.75162
0.80538
0.73621
0.96605
0.70146
0.71614
0.66527
0.92897
0.93111
0.9247
0.75162
0.78343
0.70146
0.79983
0.66069
0.7145
0.72444
0.85114
0.69343
0.80353
0.70795
0.72111
0.6792
0.74131
0.74817
0.9247
0.93972
1.074
0.74645
0.73621
0.74817
0.7656
0.71779
0.82985
0.88308
0.65013
0.70469
0.69343
0.67143
0.66374
0.9594
0.8414
0.67298
0.8091
0.81283
1.1561
0.98401
0.91833
0.72946
0.90365
0.82035
0.82224
0.96605
1.074
0.74131
0.99083
0.95719
0.81096
0.77268
0.7925
0.66527
0.82604
0.72111
0.75858
1.0814
0.82035
0.70632
0.72444
0.72444
0.67453
0.70958
0.8091
0.70146
0.66222
0.67143
0.82604
0.8531
0.7145
0.86497
0.82224
0.79433
0.9506
0.78163
0.74473
0.69343
0.72946
0.7379
0.70958
0.7656
0.79616
0.77625
0.73961
0.7145
0.78886
0.74989
0.76208
0.87297
0.8995
0.91833
0.71779
0.71945
0.78163
0.70632
0.68707
0.8892
0.79068
0.81846
0.75683
0.65464
0.69984
0.70469
0.76913
0.68391
0.77804
0.81846
0.7925
0.68234
0.86298
0.97275
0.67764
0.67453
0.73282
0.72778
0.82604
0.83753
0.67764
0.71945
0.73451
0.68077
0.72111
0.70795
0.9506
0.80353
0.74817
0.71945
0.71779
0.64863
0.68549
0.74645
0.84723
0.71779
0.73961
0.82224
0.86298
0.93972
0.73621
0.72946
0.80538
0.62661
0.84333
0.82604
0.70958
0.71285
0.66527
0.67143
0.73961
0.69663
0.73451
0.74473
0.93541
0.74473
0.74989
0.75683
0.73114
0.72946
0.88308
0.9977
0.88105
0.72111
0.68707
0.75858
0.81846
0.70469
0.78886
0.69663
0.77804
0.76384
0.79616
0.69343
0.96828
0.86896
0.88512
0.72111
0.7379
0.66834
0.68391
0.74473
0.78705
0.77804
0.80168
0.7709
0.69823
0.89743
0.87096
0.66834
0.90782
0.73282
0.72277
0.85507
0.81846
1.0399
0.76384
0.74989
0.73451
0.87902
0.72946
0.71285
0.8356
0.79616
0.83368
0.68865
0.67764
0.71121
0.66527
0.67764
0.88308
0.9506
0.86896
0.74817
0.75336
0.73282
0.87297
0.74473
0.69663
0.70958
0.71121
0.73451
0.80168
0.81283
0.64714
0.72111
0.72611
0.7145
0.72611
0.75683
0.73961
0.78524
0.76033
0.77625
0.75336
0.73114
0.67764
0.7379
1.0046
0.71945
0.72277
0.72277
0.67608
0.68865
0.84333
0.81283
0.84918
0.78343
0.74817
0.69024
0.8356
0.71121
0.70632
0.87297
0.70146
0.76736
0.68234
0.67298
0.75683
0.93756
1.0889
0.84528
1.0544
0.87902
0.79433
0.97949
0.91833
0.99083
1.0789
1
0.78886
0.98401
0.6792
0.8356
0.77983
0.83368
1.5241
0.83176
0.78524
0.73114
0.78163
0.83946
0.81658
0.71779
0.82224
1.052
0.73451
0.75858
0.71285
0.68707
0.86896
0.75683
1.0023
0.8531
0.80538
0.73114
0.75336
0.83753
0.81658
0.82035
0.65615
0.81096
0.86099
0.76384
0.73451
0.77804
0.72444
0.83946
0.79068
0.79983
0.7145
0.74473
0.81096
0.73282
0.78886
0.71121
0.80724
0.71945
0.72778
0.75683
0.81846
0.77983
0.70958
0.76913
0.7709
0.73621
0.7925
0.73282
0.76208
0.85704
0.65917
0.73451
0.69823
0.68077
0.84333
0.71285
0.70795
0.77446
0.65917
0.66681
0.69502
0.70146
0.70958
0.68707
0.7145
0.74473
0.81283
0.67608
0.65917
0.82414
0.80168
0.70469
0.86696
0.67453
0.82035
0.8356
0.73114
0.84918
0.71285
0.77268
0.65313
0.73621
0.68865
0.69502
0.77804
0.7656
0.67608
0.69502
0.82224
0.67608
0.68707
0.69823
0.71285
0.71614
0.7709
0.64863
0.84918
0.82794
0.74302
0.64863
0.70469
0.80724
0.68234
0.6792
0.77804
0.78343
0.76208
0.78343
0.75336
0.75509
0.82794
0.71285
0.69663
0.76033
0.72946
0.66222
0.72946
0.73282
0.63973
0.73621
0.77625
0.70469
0.877
0.70469
0.7656
0.71121
0.86497
0.77983
0.81658
0.73621
0.72946
0.80168
0.75858
0.82035
0.78705
0.69663
0.69823
0.73621
0.69024
0.65917
0.70469
0.76736
0.99541
0.88512
1.0139
0.69502
0.79983
0.78886
0.78886
0.77446
0.76384
0.8414
0.76384
0.8892
0.86896
0.94624
1.0568
0.70469
0.82794
0.92257
0.90157
0.78343
0.77268
0.68707
0.88308
1.0765
0.72778
0.74817
0.83368
0.71945
0.7709
0.77625
0.74645
0.76208
0.77983
0.66988
1.0023
0.82224
0.85507
0.70632
0.81658
0.80538
0.7925
0.83176
0.71945
0.77804
0.70795
0.71945
0.76208
0.73114
0.9977
0.67143
0.70307
0.64863
0.7709
0.71285
0.72778
0.72946
0.69984
0.69502
0.70307
0.80353
0.80724
0.83753
0.7379
0.73114
0.71945
0.8091
0.76384
0.76384
0.69343
0.78163
0.71285
0.77804
0.70632
0.76384
0.71779
0.77625
0.72946
0.74302
0.71945
0.67143
0.76208
0.75683
0.72444
0.80538
0.71121
0.77625
0.74302
0.79068
0.73282
0.78163
0.90365
0.69024
0.66988
0.78163
0.63241
0.73451
0.73961
0.66069
0.75336
0.85901
0.63241
0.7145
0.79433
0.70632
0.8531
0.68077
0.70146
0.83368
0.73621
0.70632
0.70146
0.71285
0.79433
0.85507
0.72611
0.90782
0.78163
0.97949
0.79799
1.1429
0.67143
0.73961
0.76208
0.66374
0.74131
0.69984
0.70469
0.70632
0.71285
0.72946
0.70795
0.64863
0.78886
0.73621
0.68549
0.85507
0.68865
0.79799
0.79068
0.7145
0.78886
0.92897
0.83368
1.0139
0.71779
0.70469
0.8414
0.74817
0.79616
0.73114
0.71285
0.69984
0.71614
0.80353
0.70958
0.72778
0.80724
0.66222
0.73282
0.74473
0.79433
0.73282
0.86896
0.71945
0.74131
0.71285
0.75162
0.72611
0.72611
0.70307
0.75509
0.72778
0.73282
0.77268
0.74302
0.8147
0.7656
0.79068
0.70307
0.74131
0.70632
0.74302
0.74473
0.6792
0.71614
0.71779
0.66222
0.85507
0.70146
0.83368
0.70469
0.73961
0.89743
0.67143
0.76913
0.8414
0.69502
0.81096
0.75336
0.69984
0.74645
0.76736
0.7145
0.75336
0.72611
0.71285
0.73961
0.69024
0.74473
0.70632
0.64714
0.72778
0.84723
0.75683
0.7145
0.7709
0.70958
0.76208
0.80538
0.68549
0.76913
0.67298
0.65464
0.72778
0.72111
0.67453
0.72277
0.85901
0.82224
0.66527
0.75683
0.76913
0.81096
0.77804
0.74131
0.82224
0.72778
0.78886
0.69984
0.72611
0.84918
0.66834
0.76736
0.90782
0.82604
0.8892
0.72611
0.76033
0.67608
1.3092
0.8995
0.88716
1.0257
0.70146
0.82985
0.82604
0.70795
0.70469
0.73961
0.69663
0.74131
0.68707
0.75509
0.73961
0.73451
0.72946
0.76033
0.82604
0.72611
0.70307
0.81283
0.73451
0.65917
0.80724
0.68865
0.78524
0.75336
0.73451
0.76913
0.75858
0.77804
0.81283
0.82224
0.75683
0.67764
0.77268
0.77804
0.84918
0.79068
0.82035
0.77446
0.8147
0.73961
0.84333
0.78524
0.75858
0.87297
0.75336
0.71945
0.72277
0.75858
0.74817
0.68077
0.73621
0.7379
0.70469
0.67764
0.67298
0.74817
0.84333
0.70958
0.80353
0.78886
0.77983
0.76208
0.76033
0.75336
0.74645
0.71779
0.74645
0.7709
0.72277
0.69663
0.75683
0.80538
0.77446
0.71779
0.68549
0.73621
0.70469
0.67298
0.87297
0.72444
0.7656
0.75336
0.69984
0.86696
0.7709
0.74473
0.70469
0.68707
0.71285
0.79616
0.7709
0.6792
0.76033
0.67764
0.76208
0.73282
0.68234
0.98401
0.97275
0.99312
0.73621
0.71945
0.78524
1.0093
0.88308
0.69984
0.72778
0.70146
0.75162
0.74989
0.82794
0.9594
0.93756
0.7379
0.75683
0.72444
0.67608
0.75336
0.96161
0.90157
0.84918
0.76208
0.78524
0.7656
0.77268
0.99541
0.77446
0.88512
0.71779
0.75683
0.92257
0.77268
0.79799
0.79799
0.82224
0.74473
0.93756
0.93325
1.052
1.052
1.0162
0.7925
0.67608
0.7709
0.85704
0.7145
0.94624
0.95499
1.1143
0.73451
1.0423
0.71121
0.77983
0.70632
0.73114
0.74989
0.69823
0.76384
0.72444
0.78343
0.87297
1.052
0.85507
1.0965
0.93756
0.66988
0.8892
0.71614
0.70307
0.81658
0.89125
0.77804
0.70469
0.74473
0.73114
0.77625
1.0257
0.73114
0.80724
0.74817
0.69823
0.81096
0.76033
0.66374
0.71945
0.69823
0.84918
0.66222
0.77268
0.76913
0.76736
0.74302
0.77268
0.69984
0.92045
0.67298
0.84723
0.69343
0.86099
0.83368
0.77268
0.80724
0.79068
1.0023
0.87096
0.94189
1.0162
0.81283
0.71945
0.76736
0.90991
1.0691
1.0328
0.85507
0.87498
0.65615
0.9528
0.86896
0.70146
0.7709
0.77268
1.0351
1.1272
0.76208
0.75162
0.79433
0.7656
0.83946
0.85507
0.98628
1.0304
0.77804
0.70632
0.7925
0.8892
0.72946
0.77268
0.89125
0.75509
0.72778
0.73282
0.74131
0.67143
0.71614
0.75162
0.72111
0.72611
0.73282
0.79616
1.7865
0.73282
0.69502
0.71614
0.86099
0.97051
0.86896
0.82794
0.80168
0.75683
2.0091
0.92045
0.9594
0.7145
0.85507
0.7379
0.88308
0.97499
0.78705
0.71614
0.69663
0.79983
0.78343
1.0139
0.91201
0.82794
0.72611
0.74131
0.72444
0.71614
0.65766
1.1194
0.91411
0.73114
0.71779
0.93325
1.0257
0.90365
0.88512
0.84333
0.70958
0.75162
0.78163
0.87902
0.94406
0.9506
0.79616
0.68234
0.69502
0.71614
0.94406
0.85901
0.77804
0.76913
0.82224
0.94624
0.78343
0.84333
0.81846
0.74473
0.89536
0.75162
0.74302
0.91622
0.70632
0.71285
0.84918
0.70958
0.66988
0.76033
0.80724
1.0691
0.79983
0.80538
0.67453
0.66069
0.74645
0.76913
0.6792
0.79616
0.84333
0.76033
0.77446
0.8531
0.9594
0.78524
0.70958
0.88716
0.92683
0.86099
0.92257
0.68865
0.71121
0.71945
0.76736
0.75683
0.70146
0.79616
0.81658
0.70307
0.78524
0.74989
0.73961
0.74817
0.77446
0.74817
0.79068
0.73282
0.68549
0.90782
0.78705
1.0233
0.84918
0.97724
0.96383
0.70146
0.70307
0.70632
0.76208
0.82794
0.79433
0.79068
0.79616
0.77625
0.80353
0.71945
0.73961
0.79616
0.86298
0.8147
0.68549
0.72946
0.78524
0.89743
0.7925
0.79068
0.74473
0.73451
0.73451
0.97724
0.80724
0.92683
0.82794
0.91833
0.73451
0.79983
0.76913
0.66527
0.80538
0.73621
0.85507
1.0069
0.84723
0.69183
0.79068
0.83176
0.9594
1.0965
0.83176
0.77446
0.72277
0.99083
0.87297
0.8892
0.84918
0.83176
0.85704
0.79983
0.70632
0.74817
0.7656
0.75162
0.86696
0.94189
0.66681
0.89125
0.90365
0.68707
0.98855
0.91622
0.90157
0.7656
0.74817
0.95499
0.93972
0.77983
0.74645
0.76384
0.76033
0.77625
0.73451
0.70469
0.74989
0.71121
0.76033
0.79799
0.88308
0.92045
1.0495
0.71614
0.72778
0.82985
0.73451
0.77446
0.74645
0.70469
0.71285
0.87902
0.77804
0.81658
0.75336
0.86497
0.85704
0.74131
0.69984
0.82604
0.73451
0.76736
0.79068
0.70958
0.7709
0.82414
0.79068
0.80724
0.72946
0.70795
0.78705
0.74131
0.7925
0.75509
0.6792
0.71779
0.84528
0.7925
0.82794
0.85901
0.75162
0.92683
0.877
1.3062
0.9506
0.90991
0.73621
0.82794
0.84333
0.84333
0.80724
0.77983
0.93111
0.82414
0.81283
0.89331
0.7379
0.79983
0.92897
0.7925
0.92257
0.93756
0.877
1.194
0.79983
0.75162
0.79068
0.8892
1.0399
0.83176
0.84918
1.0162
0.74989
0.82224
0.79983
0.76033
0.81283
0.82224
0.98175
0.76736
1.0304
0.91201
0.78886
0.74817
0.79616
0.7709
0.8147
0.88716
0.78886
0.73961
0.7656
0.74131
0.72778
0.67764
0.67298
0.73451
0.78343
0.69343
0.66834
0.7379
0.89743
0.65615
0.74473
0.85704
0.79068
0.87297
0.82794
0.81846
0.78343
0.73451
0.7709
0.72946
0.78886
0.77804
0.88716
0.73282
0.81283
0.81846
0.92683
0.72277
0.74817
0.72778
0.7709
0.82035
0.94842
0.71121
1.0666
0.97499
0.77983
0.85114
0.72611
0.74473
0.71285
0.70146
1.0093
0.78886
0.73961
0.95499
0.77804
0.70307
0.82414
0.86497
0.9247
0.71945
0.72946
0.72444
0.76913
0.88512
0.92045
0.88105
0.72611
0.78343
0.72111
0.71121
0.80353
0.877
0.7145
0.69984
0.72277
0.79983
0.81096
0.81658
0.74817
0.8531
0.70632
0.7145
0.79983
0.74131
0.83946
0.9528
0.97275
0.877
0.78705
0.83176
0.74302
0.70795
0.79068
1.0544
0.70469
0.73451
0.72444
0.69024
0.71779
0.73114
0.76384
0.85901
0.89536
0.8414
0.72111
0.72778
0.78163
0.72611
0.83368
0.70958
0.77804
0.76913
1.0186
0.87902
0.9247
0.72111
0.80538
0.75858
0.80168
0.90782
0.69823
0.74131
0.76736
0.92257
0.74302
0.7925
0.77983
0.69183
0.76033
0.66988
0.79433
0.80353
0.7145
0.75858
0.78343
0.8414
0.80168
0.71779
0.79433
0.9506
0.89536
0.72778
0.72946
0.91201
0.72778
0.82224
0.70307
0.88105
0.68077
0.73961
0.75336
0.79433
0.66527
1.0304
0.65917
0.77804
0.74645
0.68865
0.77804
0.80538
0.73451
0.85901
1.0593
0.89125
0.69823
0.7145
0.72277
0.77983
0.71614
0.8531
0.78163
0.877
0.81283
0.78524
0.98628
0.69663
0.74302
0.78705
0.76208
0.82224
0.80724
0.74473
0.76033
0.8892
0.82414
0.72111
0.76736
0.80538
0.7925
0.8414
0.73621
0.97724
0.8892
0.76033
0.71121
0.70632
0.76384
0.81283
0.94189
0.9506
0.79433
0.70795
0.74302
0.76736
1.0399
0.96383
0.70795
0.7145
0.73114
0.84723
0.88512
1.0864
0.68391
0.78343
0.75683
0.68865
0.86896
0.82224
0.71945
0.72946
0.76208
0.77625
0.87096
0.97499
0.67764
0.68391
0.71614
0.79616
0.77446
0.88105
1.0423
0.70307
0.77625
0.68707
0.71614
0.72946
0.7379
0.78343
0.69183
0.66988
0.78705
1.0328
0.70795
0.71285
0.70795
0.72611
0.76736
0.74473
0.79799
1.0069
0.87902
0.87902
0.8414
0.75162
0.87902
0.80168
0.72444
0.86896
0.75162
0.79983
0.79433
0.70307
0.71614
0.66681
0.90365
0.96161
0.80353
0.9528
0.89536
0.97051
0.8414
0.74817
0.68865
0.78886
0.77983
0.81658
0.82224
0.71945
0.72778
0.91622
0.73961
0.74473
0.90573
0.90157
0.73114
0.75858
0.77983
0.71285
0.71945
0.77625
1.0186
0.81283
0.79983
0.8414
0.71121
0.75858
0.7709
0.84528
0.81096
0.77268
0.77804
0.77625
0.8892
0.89536
1.0186
0.72946
0.7145
0.75858
0.80353
0.76208
25.061
11.885
8.1096
0.64863
0.73621
0.73282
0.70469
0.73114
0.65766
0.76033
0.74302
0.7925
1.1041
0.61944
0.7145
0.7379
0.72946
0.77804
0.8892
0.65163
0.65313
0.63533
0.65163
0.62806
0.66069
0.62517
0.64269
0.60256
0.61518
1.2078
0.65163
0.67764
0.63096
0.63533
0.64863
0.59841
0.6166
0.59979
0.63826
0.62517
0.6223
0.61376
0.63241
0.67764
0.66834
0.66681
0.59566
0.60534
0.60814
0.61802
0.61802
0.64863
0.65013
0.60954
0.64565
0.60954
0.79433
0.72946
0.64417
0.63973
0.61518
0.62517
0.62951
0.65163
0.6368
0.62661
0.62373
0.66374
0.6223
0.62517
0.64417
0.6368
0.62517
0.63241
0.64417
0.61802
0.61235
0.63096
0.60395
0.63387
0.65163
0.60954
0.63826
0.64121
0.63241
0.60395
0.63387
0.64121
0.62806
0.60395
0.64863
0.66069
0.65917
0.60256
0.65163
0.62517
0.60534
0.60814
0.60954
0.63973
0.65013
0.63096
0.62951
0.59704
0.66988
0.60954
0.6368
0.6166
0.60814
0.64417
0.67453
0.62373
0.6223
0.6166
0.61376
0.63387
0.63387
0.63387
0.6223
0.62661
0.6368
0.63387
0.61376
0.65013
0.65615
0.63096
0.65615
0.6166
0.62373
0.62517
0.62951
0.61802
0.61802
0.60954
0.62661
0.60674
0.62661
0.64863
0.64121
0.63096
0.63533
0.62087
0.60534
0.64269
0.65013
0.62373
0.65917
0.64714
0.65013
0.66988
0.61376
0.63826
0.61944
0.62806
0.63973
0.61944
0.63241
0.61944
0.62087
0.64269
0.59566
0.67453
0.63826
0.63533
0.6223
0.66834
0.65013
0.65013
0.63973
0.65766
0.62661
0.62087
0.61518
0.61944
0.63826
0.69502
0.61376
0.65917
0.63096
0.65464
0.62661
0.61235
0.63096
0.62661
0.63096
0.62661
0.65013
0.62087
0.63096
0.60395
0.65313
0.6223
0.6166
0.62951
0.63241
0.60954
0.6166
0.65163
0.62806
0.66069
0.62806
0.62661
0.63973
0.62087
0.64565
0.62517
0.63826
0.63096
0.63387
0.63533
0.63241
0.61944
0.60954
0.62951
0.63241
0.64121
0.63096
0.62373
0.6166
0.63096
0.63241
0.64565
0.62087
0.62517
0.6368
0.63533
0.63826
0.62087
0.60534
0.65615
0.63533
0.64863
0.61802
0.64714
0.63241
0.62661
0.61518
0.68549
0.63096
0.64269
0.62951
0.60534
0.63241
0.61802
0.60954
0.61094
0.6368
0.63387
0.63533
0.63826
0.61944
0.6223
0.59979
0.63241
0.63973
0.63241
0.61094
0.64565
0.63241
0.61235
0.59841
0.6368
0.64269
0.61235
0.63241
0.62087
0.64565
0.62806
0.65163
0.62087
0.62087
0.62661
0.60395
0.66681
0.62661
0.63533
0.65766
0.62951
0.61802
0.62661
0.60674
0.63826
0.59979
0.63096
0.62087
0.61376
0.68391
0.60814
0.62517
0.62373
0.63826
0.60674
0.62517
0.64121
0.63241
0.62087
0.66069
0.66988
0.63241
0.63826
0.64714
0.63241
0.64121
0.6368
0.60814
0.62806
0.62373
0.61518
0.60814
0.61802
0.61518
0.6166
0.64565
0.63241
0.64417
0.63096
0.64121
0.63973
0.66681
0.61518
0.61376
0.62373
0.61235
0.66681
0.64121
0.63826
0.60534
0.6223
0.64121
0.61235
0.66374
0.61944
0.60117
0.62951
0.61944
0.64417
0.62087
0.64121
0.63826
0.63096
0.62661
0.63241
0.62661
0.63533
0.6223
0.66374
0.63241
0.62661
0.63241
0.64121
0.64417
0.62951
0.60534
0.6166
0.60814
0.62087
0.62806
0.6166
1.0093
0.62373
0.6166
0.65313
0.6166
0.66988
0.62661
0.65766
0.61518
0.67143
0.62806
0.62661
0.60954
0.62087
0.59841
0.62517
0.63241
0.62517
0.65615
0.62806
0.64269
0.63826
0.6166
0.62951
0.63826
0.66069
