5.4075
1.1858
0.73961
0.72444
0.75683
12.303
20.23
17.579
16.904
0.99083
22.856
14.723
15.346
22.961
15.849
22.182
12.388
18.281
21.528
22.491
18.239
17.179
6.1518
2.1281
15.996
21.727
22.08
18.197
13.152
9.3541
15.488
25.645
15.488
20.606
21.478
1.4588
2.1528
15.922
21.777
21.33
3.5563
1.094
1.1995
4.4259
1.6596
1.3428
17.947
22.029
16.788
8.2794
3.2434
2.5942
1.2647
1.7179
2.2284
1.6218
20.893
19.32
24.044
22.131
20.277
21.478
3.4041
20.464
27.479
18.281
3.5237
22.387
19.187
23.988
24.378
3.8282
7.5336
28.379
19.588
24.044
12.023
12.677
0.79799
22.284
16.293
25.823
13.397
11.194
13.032
16.904
24.322
34.277
17.1
25.823
18.793
20.277
18.365
22.284
19.275
18.323
10.52
0.9247
20.893
21.33
21.878
26.363
23.227
9.0365
19.454
23.823
1.1858
2.6669
1.7947
9.2897
4.121
18.923
9.1411
1.556
6.0674
10.423
8.7498
13.213
0.91833
4.5499
19.231
21.38
16.069
19.275
19.679
14.588
21.038
25.882
19.143
17.989
16.069
14.421
18.113
11.588
16.181
23.988
20.654
12.853
20.941
14.289
21.232
25.351
21.478
3.6728
1.6711
1.5959
1.1912
4.7098
0.90991
2.2029
1.1535
0.98401
19.011
19.32
22.284
25.763
18.365
9.3972
20.559
21.528
22.029
12.474
2.7925
2.2491
2.466
20.749
20.091
3.3884
14.928
16.711
8.1096
10.74
20.045
14.191
11.194
1.5668
3.5075
17.947
13.804
21.677
7.9616
16.558
14.488
14.588
14.191
1.3552
16.144
19.724
19.679
1.2794
12.882
21.677
17.579
19.32
17.179
18.578
14.588
14.454
9.7499
9.5719
10.399
11.117
0.87096
0.81846
0.73114
1.5417
1.4028
1.1749
9.9541
13.583
18.967
17.219
16.482
15.631
4.8195
15.849
18.45
14.223
16.558
17.378
14.388
17.498
13.804
1.4588
13.521
8.2035
14.028
12.218
19.143
14.689
15.453
18.836
14.555
15.74
14.421
9.4189
5.7412
9.528
1.1169
1.0839
1.0375
0.9977
1.4997
3.013
13.366
13.213
13.366
24.889
1.4521
25.823
14.093
14.093
19.099
12.823
11.668
13.583
9.3541
1.766
0.72778
1.1015
2.1777
2.9717
1.2647
1.0162
0.83176
0.84918
0.95499
10
12.331
12.331
16.255
16.596
22.439
14.158
1.219
1.0116
0.90782
0.84333
1.0666
1.1482
1.4223
1.4757
1.1508
1.1776
1.5996
0.82604
1.3459
1.7906
16.596
16.218
13.677
13.932
11.508
0.98628
15.488
15.311
15.031
12.388
15.812
9.7051
8.1658
1.0209
14.689
11.041
15.849
12.912
1.0617
12.972
14.894
13.274
15.101
13.49
15.276
17.783
12.078
13.583
8.5704
18.535
16.904
12.503
13.868
0.92045
1.0139
7.9433
13.996
13.243
18.793
8.5704
0.87297
14.488
3.9719
16.596
14.06
7.1285
8.6896
0.78163
0.75858
0.79433
0.75858
0.80168
0.72778
1.3366
1.0471
1.4521
1.1376
1.3305
1.8664
1.4655
0.90782
1.2134
9.9083
15.922
12.162
9.8628
13.9
6.3387
4.5186
11.967
9.0365
13.397
4.3251
1.5205
2.7542
10.28
15.311
16.749
10.471
14.421
6.4269
14.125
8.3753
2.023
0.75509
0.76736
0.86099
0.75683
0.83753
0.70795
0.73621
0.89743
0.82414
0.87498
0.71945
0.78163
0.77804
0.85704
1.8072
2.4491
1.7298
0.82985
1.4421
1.9815
1.1272
1.8072
1.0789
1.052
1.2445
1.1668
1.3996
1.1482
1.1776
1.4289
1.3836
1.0495
1.406
1.4555
0.98855
1.1508
0.97949
0.75858
0.99312
0.75509
0.8995
0.70795
0.96605
0.75683
0.70469
0.69502
0.68391
0.71285
0.74989
0.69823
0.67143
0.71285
0.67764
0.67764
0.70469
1.1588
0.93325
1.1041
1.0139
0.72778
1.0691
1.099
1.0617
1.0889
1.0568
1.205
1.0304
0.96605
1.6255
1.028
1.2274
1.1272
1.0209
1.1455
0.91201
1.2274
2.541
0.84333
1.0544
0.7709
0.92897
0.76384
2.5704
1.9143
0.77625
0.73961
1.5453
0.77625
0.9528
0.7925
0.75858
1.0375
0.71285
0.69823
0.68077
0.68865
0.70958
0.72111
0.70632
0.69343
2.0277
0.76736
1.3996
1.219
2.7861
1.4997
1.1561
0.97724
1.1912
1.0023
0.71121
0.77804
2.0654
1.0257
0.8356
0.72444
0.69502
0.78343
3.9084
7.7625
10.023
16.634
11.041
1.4093
0.74645
7.2111
10.351
1.8836
0.68391
0.71779
1.1614
3.4198
1.0715
1.0715
2.3659
17.66
17.742
13.49
12.647
1.194
0.8356
0.73621
0.68391
0.91833
8.1283
1.1066
13.335
12.764
9.9312
11.066
15.136
4.3152
15.346
1.556
18.155
14.521
15.453
1.0641
0.81658
0.81658
0.67453
0.86696
5.0003
13.9
1.0351
1.1508
0.7709
2.2646
0.8091
0.85114
0.85507
0.7656
10.965
9.7275
14.791
15.205
11.298
12.56
15.171
9.6383
5.2723
16.711
13.868
13.552
2.5763
5.188
1.0399
1.7179
0.9247
0.75509
0.82414
1.2388
1.6904
1.2023
2.0941
0.91201
0.91411
0.96605
1.9055
10.046
16.368
13.583
11.272
9.8628
12.823
13.062
13.49
10.351
10.94
9.7724
29.854
0.74302
10.864
13.709
12.706
5.7016
5.9156
5.9156
0.81096
1.9454
0.79616
1.5171
2.0893
12.417
9.594
9.594
3.581
6.8234
0.77983
0.78163
7.3451
8.0538
0.81846
1.1482
0.98401
1.5417
0.78343
0.70795
0.71285
0.86696
2.2029
1.3964
1.2388
0.87096
0.93325
0.93111
5.5335
7.8705
5.5335
0.73451
0.76384
0.79433
0.79799
0.82414
0.72277
0.72778
0.81283
0.69663
0.82985
1.3305
1.0209
0.86497
0.74302
0.93325
0.88105
0.82604
0.8091
0.86298
0.74817
0.74645
0.95719
0.74645
0.70307
0.79068
0.68234
0.79799
0.74302
0.72444
0.68707
0.70795
0.7379
0.71945
0.76208
0.81846
0.68865
0.68865
0.7145
0.75683
0.76384
0.74645
0.69823
0.71285
0.76913
0.69663
0.77983
0.72277
0.81096
0.70469
0.72444
0.71121
0.76208
0.74817
0.71121
0.78705
0.72111
0.71121
0.7379
0.7925
0.72111
0.72778
0.70307
0.74473
1.1776
0.68077
2.3768
0.8531
1.099
0.91622
0.98628
0.79068
0.75858
0.75336
0.76208
0.77983
0.75162
0.69823
0.67608
0.68549
0.68707
1.135
1.8493
0.69343
1.3335
1.3459
1.7824
0.8531
0.8091
1.6866
1.8967
0.80168
0.74473
2.4717
1.5524
1.5704
1.1324
1.6482
0.69183
1.0617
1.3274
1.2942
0.80353
0.90573
1.0023
1.2445
1.6672
1.6255
1.0093
0.91622
0.87096
0.87902
0.8414
0.84918
0.70469
0.69024
1.1482
0.93541
0.78343
1.0351
0.69343
0.7656
0.69502
0.74473
0.66222
0.65766
0.70958
0.98855
1.7061
0.82224
0.94842
0.77804
1.183
11.535
0.82414
0.69024
0.76384
0.75162
0.91201
0.91622
0.79616
0.74473
0.81658
0.76033
0.7656
1.2246
0.73282
0.72778
0.71121
0.69502
0.74473
0.83753
0.72111
0.71614
0.71285
0.94189
0.92257
0.82604
0.83753
0.77983
0.71121
1.3836
0.93325
0.82224
1.0471
0.97949
0.76384
1.256
0.75336
0.84333
0.72277
1.9498
1
0.65917
0.70632
0.68865
0.77268
1.374
0.69183
0.67453
0.90573
0.76208
1.5136
1.3183
0.72946
0.8995
0.88308
1.0914
0.71285
0.76913
0.70795
0.74302
0.77804
0.74817
0.70307
0.70307
0.69663
0.66988
0.69024
0.69502
0.72778
0.69183
0.78886
0.94406
0.70958
0.71285
1.3996
0.78886
0.84918
0.71614
0.85114
1.5066
0.69663
0.8356
0.8892
0.74473
0.83176
0.74989
1.0351
0.86099
0.87297
1.0889
1.9634
0.69502
0.68077
0.77983
0.9977
0.74817
0.65313
1.1246
1.1402
1.4622
1.7298
2.1038
0.84918
0.77983
0.70469
0.78886
0.84918
0.80353
0.75162
0.77268
0.77983
0.70307
0.77983
0.82224
1.8535
0.96828
0.94624
0.89743
0.88512
0.9528
0.75683
0.98175
1.1455
0.74989
0.74645
0.80724
0.72111
0.84918
1.2134
0.74989
0.71121
0.73961
1.1143
0.82794
0.84918
0.73451
0.77983
0.74302
0.74645
0.77983
0.75509
0.75162
0.74645
0.72444
0.72277
0.72611
0.71285
0.76736
0.71945
0.78705
0.7379
0.70469
0.77804
0.82604
0.75162
0.74131
0.74302
0.75683
0.71945
0.76208
0.76033
0.79433
0.69663
0.78343
0.75683
0.77446
0.8356
0.83368
0.66681
0.71779
0.78524
0.76208
0.9247
0.77983
0.7925
0.78343
0.75858
0.7925
0.75509
0.74989
0.68549
0.74131
0.84528
0.76208
0.69823
0.72444
0.68077
0.72277
0.77268
0.86696
0.76736
0.63826
0.81846
0.76384
0.79068
0.71945
0.7709
0.80353
0.69024
0.72444
0.73451
0.77804
0.7145
1.0593
0.77804
0.78163
0.75858
0.79799
0.87498
0.75858
0.74131
0.77625
0.78886
0.7925
0.81658
0.73451
0.75683
0.68707
0.79068
0.69663
0.75162
0.76208
0.75162
0.79983
0.73621
0.79983
0.77446
0.82985
0.80538
0.88716
0.8356
0.80538
0.76033
0.70795
0.76384
0.70632
0.71121
0.72778
0.75509
0.75858
0.74645
0.79799
0.7709
0.78163
0.74989
0.84723
1.0304
0.8147
0.70795
0.85704
0.85507
0.72444
0.69984
0.74645
0.69823
0.78343
0.76033
0.85901
0.75336
0.69502
0.80538
0.77625
0.71614
0.77804
0.73621
0.74989
0.74645
0.70958
0.69823
0.71614
0.74473
0.77268
0.72946
0.72778
0.75509
0.74645
0.7145
0.76384
0.70958
0.66069
0.77446
0.80353
0.76736
0.80168
0.77804
0.73282
0.75683
0.76913
0.75858
0.78343
0.7925
0.76033
0.71945
0.76208
0.81658
0.70958
0.73961
0.84333
0.77268
0.72611
0.74645
0.72778
0.77804
0.71779
0.73961
0.74817
0.7379
0.84333
0.83176
0.7709
0.8531
0.75858
0.71121
0.77446
0.82224
0.75336
0.71121
0.79799
0.72111
0.7925
0.74302
0.87902
0.7709
0.7379
0.77804
0.80353
0.98401
0.72946
0.76033
0.8091
0.74302
0.84333
0.76736
0.72946
0.75683
0.76913
0.73282
0.78524
0.76736
0.82035
0.7656
0.86099
0.73961
0.80724
0.7145
0.77268
0.75858
0.69183
0.71285
0.70469
0.73961
0.77804
0.81846
0.71614
0.70632
0.79799
0.77446
0.76384
0.81096
0.81283
0.8091
0.76384
0.75683
0.73961
0.79799
0.76913
0.77804
0.77625
0.79433
0.72111
0.71779
0.7145
0.75336
0.79616
0.7656
0.78343
0.71945
0.76208
0.72611
0.79433
0.78886
0.78886
0.75858
0.75162
0.70632
0.74473
0.79799
0.7145
0.71285
0.75683
0.74473
0.69984
0.71614
0.85901
0.78343
0.74645
0.82604
0.77804
0.74645
0.877
0.73621
0.78343
0.86298
0.72778
0.80538
0.71614
0.69663
0.85507
0.96828
0.72444
0.7145
0.75509
0.93541
0.92045
0.71945
0.73621
0.73114
0.73621
0.76384
0.67298
0.69183
0.78886
0.87096
0.72611
0.72946
0.74473
0.70795
0.7656
0.77625
0.83946
0.67608
0.73114
0.76736
0.72611
0.80353
0.86896
0.72611
0.76033
0.75683
0.72611
0.70469
0.72611
0.75509
0.96161
0.70146
0.74989
0.75162
0.78524
0.82604
0.78524
0.74817
0.75683
0.8147
0.7656
0.82985
0.8147
0.75162
0.74645
0.7925
0.71779
0.8091
0.76208
0.81283
0.82985
0.69183
0.7656
0.73451
0.71121
0.86099
0.69183
0.72946
0.76736
0.77983
0.78524
0.77983
1.1668
0.72946
0.69502
0.72611
0.83753
0.75858
0.72111
0.81283
0.86896
0.73451
0.75162
0.71614
0.66374
0.72778
0.68707
0.70307
0.83176
0.7145
0.77804
0.82604
0.7145
0.75336
0.8414
0.73961
0.77625
0.91411
0.73114
0.84333
0.74302
0.82604
0.7379
0.74817
0.69343
0.74131
0.74817
0.73621
0.75162
0.79068
0.72611
0.77268
0.79433
0.69183
0.76208
1.1535
0.75509
0.82604
0.81846
0.7709
0.75858
0.92683
0.7379
0.7145
0.72611
0.82414
0.74473
0.82224
0.89743
0.78343
0.83176
0.70307
0.76033
0.85507
0.76384
0.8531
0.80538
0.70307
0.74817
0.8147
0.78343
0.91622
0.73451
0.71945
0.79433
0.76913
0.75336
0.67608
0.76736
0.80353
0.81658
0.84723
0.78343
0.77983
0.76208
0.72778
0.7709
0.76384
0.69663
0.74817
0.7656
0.79983
0.73282
0.73961
0.7709
0.75336
0.74817
0.82604
0.78163
0.90157
0.82035
0.7145
0.74989
0.80538
0.84528
0.81283
0.76736
0.75162
0.77804
0.74302
0.74645
0.66374
1.2445
0.74131
0.86099
0.74989
0.71945
0.8091
0.82985
0.75509
0.9528
0.75683
0.75509
0.90573
0.81096
0.73114
0.76033
0.71285
0.83368
0.71945
0.74302
0.92045
0.72946
0.7709
0.877
0.7925
0.8091
0.75336
0.70795
0.76033
0.92257
0.74131
0.82224
0.75509
0.75858
0.85114
0.77446
0.81658
0.86298
0.7925
0.80724
0.7656
0.73114
0.73114
0.7656
0.88716
0.78163
0.77983
0.68234
0.81846
0.80538
0.70146
0.81658
0.74302
0.71945
0.81283
0.74473
0.83753
0.8091
0.73621
0.85114
0.75162
0.86696
0.70632
0.8892
0.79433
0.8995
0.80538
0.70958
0.7379
0.98628
0.78163
0.82985
0.83753
0.72111
0.81096
0.8091
0.88512
0.78524
0.73282
0.77268
0.74817
0.82985
0.71945
0.77268
0.81283
0.71614
0.87096
0.78163
0.94624
0.69502
0.85507
0.73621
0.86497
0.72778
0.83946
0.75858
0.93111
0.71285
0.83368
0.8147
0.73621
0.91201
0.75858
0.72778
0.71779
0.87096
0.79983
1.2706
0.78886
0.74817
0.78886
0.70795
0.71945
0.84528
0.8356
0.76736
0.72946
0.83176
0.77268
0.87297
0.78343
0.85507
0.75162
0.74131
0.69343
0.81846
0.98401
0.79616
0.70958
0.77625
0.80724
0.7709
0.77804
0.74817
0.74473
0.82794
0.71945
0.73114
0.71285
0.84528
0.77446
0.70146
0.8356
0.75162
0.76384
0.80724
0.78524
0.74645
0.71614
0.75509
0.97949
0.78343
0.83176
0.72277
0.76208
0.73961
0.75858
0.8414
0.83176
0.75162
0.78886
0.76033
0.72946
0.72111
0.76033
0.90365
0.7925
0.7709
0.8147
0.77983
0.9506
0.8414
0.81096
0.78524
0.88512
0.7709
0.78343
0.74817
0.72611
0.74989
0.72946
0.74302
0.79799
0.7925
0.79616
0.79983
0.73621
0.81096
0.77804
0.78886
0.86099
0.72946
1.1858
1.0765
1.1641
1.2853
0.65013
0.73961
0.72946
0.68391
0.68865
0.71945
0.72611
0.74131
1.5066
0.80353
0.70795
0.65464
0.79433
0.71121
0.77268
0.79616
0.65464
0.69823
0.75336
0.74989
0.70307
0.70146
0.8531
0.69823
0.76033
0.73961
0.8147
0.74645
0.66681
0.80538
0.74645
0.88512
0.7145
0.70795
0.78886
0.90157
0.74989
0.77983
0.69024
0.73451
0.81096
0.72111
0.71285
0.75858
0.74989
0.78886
0.92683
1.0691
0.72444
0.77446
0.74989
0.72444
0.6792
0.78343
0.9247
0.7145
0.78886
0.8091
0.72778
0.77446
0.68234
0.76913
0.68234
1.028
0.69502
0.81283
0.7656
0.74989
0.67764
0.7709
0.87096
0.79433
0.70469
0.74989
0.77268
0.73282
0.79433
0.8414
0.77625
0.72611
0.79799
0.70146
0.75509
0.8356
0.72611
0.73961
0.71614
0.82035
0.72778
0.75336
0.73961
0.74302
0.71614
0.76033
0.72277
0.83176
0.84333
0.84918
0.7379
0.77804
0.77446
0.71614
0.75858
0.76033
0.76913
0.75683
0.73961
0.83368
0.7379
0.74131
0.74302
0.69183
0.93325
2.138
0.74645
0.79068
0.75509
0.79983
0.8414
0.74817
0.65766
0.73961
0.68391
0.71779
0.70795
0.69502
0.7379
0.83176
0.7656
0.68549
0.76384
0.73961
0.7379
0.72946
0.79983
0.7379
0.74473
0.72778
0.73451
0.73451
0.79799
0.73114
0.79799
0.70632
0.77625
1.3062
0.90573
0.72946
0.89125
0.71285
0.73282
5.0933
0.75509
0.80168
0.76736
0.72444
0.76033
0.7925
0.79433
0.86497
0.76208
0.73621
0.75683
0.76384
0.73451
0.88716
0.7925
0.74302
0.85901
0.69823
0.68234
0.76913
0.75683
0.7709
0.77446
0.77268
0.89125
0.76913
0.77804
0.89125
0.75683
0.94406
0.79799
0.81846
0.87096
2.673
0.8091
0.96161
0.75858
0.68707
0.79433
0.69984
0.77983
0.83176
1.0666
0.88716
0.75162
0.82224
0.69502
1.1967
0.80168
0.82604
0.69984
0.71121
0.78705
0.81846
0.79983
0.80353
0.81096
0.80724
0.87096
0.77446
0.78343
0.78705
0.8531
0.82794
0.76208
0.88105
0.88512
0.77804
0.9247
1.3183
1.052
1.2706
1.0423
0.73451
0.7145
0.72111
0.7709
0.87096
0.77625
0.77983
0.8147
0.72778
0.75858
0.8147
0.91833
0.80353
0.80724
0.74989
0.86896
0.71779
0.7656
0.69823
0.78343
0.7656
0.7379
0.81846
0.72611
0.77625
0.71945
0.70958
0.72444
0.77983
0.85901
0.82604
0.72277
0.79433
0.81283
0.79068
0.70469
0.70307
0.75509
0.72611
0.73961
0.79616
0.7379
0.80353
0.72946
0.7379
0.7656
0.74817
0.7656
0.74131
0.71779
0.76033
0.78524
0.79433
0.82604
0.93325
0.75162
0.71285
0.97051
1.6331
0.93756
1.39
0.74131
1.1749
1.1455
1.8793
2.1184
2.2751
3.1623
0.70795
0.83176
0.79068
0.69024
0.76384
0.78163
0.7379
0.66374
0.73621
1.2134
0.73114
0.69663
0.79068
0.85114
0.84723
0.79616
0.74645
0.75162
0.73282
0.80538
0.77446
0.94406
0.7379
0.73621
0.74817
0.7709
0.72611
0.70469
0.70632
0.77268
1.4125
4.5394
1.6444
0.82224
0.82604
0.74645
0.8414
0.77804
0.88512
0.73114
0.75336
0.7145
0.70958
0.76384
1.0351
0.76033
0.81846
0.77446
0.75162
0.7379
0.74989
0.84528
0.69823
0.98401
0.77268
1.1885
1.1298
0.97051
1.0914
0.72778
1.3062
1.5488
1.2503
2.421
1.5704
0.86896
1.0593
1.9099
0.95719
0.93111
0.71285
0.82224
0.82224
0.99083
1.0139
1.2106
1.028
1.0568
0.82794
0.75683
0.8091
1.6711
0.72778
0.68707
0.77804
0.78705
0.66834
0.77983
0.77446
0.71121
0.74645
0.74645
0.74131
0.69823
0.79433
0.72611
0.66681
0.72277
0.73961
0.67143
0.75336
0.7145
0.8147
0.73114
0.75336
0.68234
0.70795
0.70146
0.75162
0.79433
0.71779
0.69823
0.74302
0.74817
0.75858
0.7145
0.73282
0.68549
0.72611
0.7145
0.75858
0.7925
0.68865
0.75683
0.69984
0.72111
0.75683
0.9528
0.71945
1.3646
1.2162
0.89743
0.84528
1.205
0.73282
1.0046
0.83368
1.1803
1.1041
1.0162
1.0789
1.4191
0.96828
1.6634
1.6181
1.3646
1.219
1.1561
1.4962
0.78886
1.0209
0.86298
0.93756
0.83753
0.8995
0.78343
0.75162
0.93756
0.81846
0.79616
0.75162
0.73282
0.77268
0.76384
0.78343
0.77804
0.74131
0.80168
0.7925
0.75336
0.7656
0.8892
0.76033
0.75683
0.83946
0.86099
0.71945
0.74131
0.7656
0.79616
0.7709
0.79983
0.70307
0.82035
0.77804
0.7709
0.8147
0.74302
0.83176
0.73621
0.7709
1
0.79799
0.73961
0.76384
2.9376
0.7145
0.76033
1.5311
1.3062
0.75509
0.68865
0.74645
0.72444
0.72277
0.68391
0.73621
0.69823
0.72277
0.7656
0.71285
0.74131
0.76033
0.74989
0.72277
0.83368
0.72111
0.6792
0.70795
0.73282
0.75336
0.71945
0.91622
1.5417
1.2677
0.99541
0.73961
0.87096
0.73451
0.97724
0.72111
0.77804
0.9247
0.73961
0.90782
0.98628
1.0765
0.83176
0.8414
0.68234
0.71779
0.82794
1.1668
1.0162
0.77804
0.80353
0.92683
0.73621
0.77446
0.78163
0.71779
0.74817
0.75336
0.70795
0.73282
0.76913
0.70469
0.78886
0.7709
0.81658
0.77983
0.96605
1.074
0.98401
0.70307
0.7379
0.86099
0.8091
0.7709
1.1803
0.64121
0.73621
0.75336
0.76913
0.71285
0.70469
0.75858
0.76736
0.7379
0.68865
0.75336
1.0471
0.84723
0.89125
1.0617
0.97275
0.74817
0.93756
0.9594
2.1979
0.86696
1.028
0.83368
0.82794
0.89536
1.0864
1.8535
0.93756
0.97275
1.1588
0.76913
0.67608
1.0257
1.0544
0.8414
1.7418
1.1614
0.8091
0.88308
0.89536
0.8892
1.7179
1.9861
1.0423
0.79799
0.82794
1.183
1.1967
1.1194
1.0471
0.91622
0.77268
0.7709
0.8531
0.70307
0.81283
0.73114
0.8531
0.81283
0.76384
0.70469
0.70307
0.72111
0.77625
0.69024
0.82224
0.74645
0.66834
0.78886
0.72778
0.71121
0.71285
0.69984
0.73451
0.70469
0.70307
0.68391
0.80168
0.70795
0.74473
0.68865
0.82985
0.75683
0.9528
1.1402
1.2331
0.75336
0.86497
0.85704
0.93111
2.0941
1.0889
0.91201
1.1041
0.86896
1.4928
5.8479
4.8306
3.9084
5.4702
9.594
8.5901
17.498
2.5527
0.96383
1.3366
0.74473
0.95719
1.1561
1.1402
1.3397
0.89331
1.0209
1.028
0.86696
1.2359
0.82224
0.85507
1.1722
0.8995
0.70632
0.79433
0.73451
0.81096
0.69183
0.74989
0.87297
0.76033
0.71945
0.72277
0.78886
0.77804
0.77446
0.72444
0.75858
0.7925
0.74645
0.75858
0.94406
1.0046
0.70469
0.74989
1.2359
0.72444
0.72444
0.73961
0.88716
0.72277
0.70795
0.77446
0.73451
0.69823
0.70469
0.79068
0.71779
3.062
3.6058
0.96383
0.73961
0.79983
0.96383
1.1246
0.86696
0.87498
0.93541
0.68707
0.78886
0.8531
1.0593
0.78524
0.71779
0.72111
0.75509
0.72778
0.7379
0.76208
0.79983
0.76208
0.68234
0.80538
0.78343
0.79433
0.70146
0.77804
0.69343
0.92897
0.71614
0.68707
0.72778
0.67143
0.9594
0.8356
1.0139
0.77983
1.7539
0.75509
0.79983
0.74989
0.77625
1.5417
1.0116
0.76913
0.76033
1.652
0.84333
0.7145
1.2359
1.6943
0.95499
0.84918
0.77804
0.86696
1.2942
1.0399
0.86696
0.96605
1.0186
0.97724
2.1727
1.2218
0.92257
0.79068
0.92257
0.70958
0.73451
0.89331
0.91411
1.1455
1.3032
0.75683
0.7925
0.81658
0.74817
0.78705
0.73621
0.73451
0.76384
0.77983
0.7656
0.7145
0.83176
0.74645
0.76033
0.75336
0.74817
0.71285
0.70632
0.72946
0.76736
0.7709
0.75162
0.70307
0.7379
0.71614
0.71779
0.7656
0.7709
0.75162
0.72611
0.73114
1.0423
0.77983
0.71779
0.7145
0.76913
0.76033
0.76913
0.71945
0.76208
0.72277
0.73114
0.79983
0.77804
0.76736
0.66988
0.73282
0.7145
0.78163
0.82604
0.72778
0.80538
0.72444
0.74645
0.76736
0.76384
0.72946
0.85704
0.66681
0.80353
0.70632
0.80168
0.73282
0.8356
0.74131
0.70958
0.70469
0.85901
0.77983
0.70632
0.69984
0.75336
0.75858
0.74817
0.69663
0.74302
0.7379
0.73621
0.74989
0.74989
0.8147
0.75509
0.82035
0.73451
0.79983
0.75858
0.7709
0.7145
0.75336
0.72444
0.72778
0.67298
0.70469
0.79616
0.74817
0.74989
0.70469
0.72778
0.84333
0.71779
0.72946
0.71121
0.71285
0.77804
0.70469
0.74645
0.74817
0.77625
0.77446
0.75336
0.73961
0.73961
0.75858
0.74473
0.76736
0.71614
0.71779
0.68549
0.71945
0.74645
0.71779
0.70469
0.7145
0.69984
1.4028
1.1967
1.194
0.90991
1.0965
0.85507
1.1561
1.5631
1.2134
1.1246
0.84528
0.72611
0.77268
0.73114
0.69823
0.74131
0.70958
0.9977
1.0233
0.8091
0.84333
0.85704
1.3932
1.2942
0.90365
1.094
0.95499
1.4125
1.2942
1.8072
2.9376
1.0116
1.1482
0.85704
0.7925
1.5311
2.9648
2.8249
0.75858
0.69823
0.76913
0.79616
0.77268
0.74645
0.69823
0.7379
0.85507
0.74645
0.74302
0.7379
0.7709
0.70958
0.72444
0.70795
0.8147
0.75683
0.72444
0.71614
0.69024
0.7145
0.74473
0.67608
0.71285
0.74302
0.75509
0.8356
0.76208
0.79433
0.6792
0.81658
0.72444
0.80353
0.78163
0.69024
0.76913
0.75162
0.78343
0.71945
0.73621
0.65313
0.81283
0.8414
0.73114
0.82035
0.78343
0.75858
0.8995
0.73114
1.1668
0.79616
1.3804
1.0617
0.87297
1.0069
0.90991
1.2853
1.0257
0.90991
1.0889
1.0544
1.6982
1.1041
0.73451
1.2942
0.90782
0.79068
0.87498
0.73282
0.77804
0.69984
0.73451
0.84333
0.71779
0.72111
0.97275
0.80724
0.7925
0.88308
0.82224
0.82604
0.81658
0.79799
0.69502
0.69024
0.69343
0.79433
0.81283
0.69343
0.75162
0.73451
0.70958
0.74131
0.72778
0.73961
0.72946
0.73282
0.81846
0.73961
0.82794
0.78524
0.74989
0.72778
0.77446
0.74302
0.80353
0.86099
0.76736
0.74645
0.70958
1.652
0.78163
0.73961
0.76384
0.76384
0.78886
0.81658
0.75509
0.79799
0.88512
0.75162
0.70795
0.83176
0.82985
0.89125
0.85704
0.85114
0.78524
0.74817
0.72946
0.68391
0.79068
0.7145
0.76033
0.72277
0.73621
0.79616
0.82224
0.71945
0.69823
0.81096
0.70146
0.71779
0.88716
0.82224
0.7379
0.74473
1.0691
0.81846
1.5031
0.77268
0.74645
0.75858
0.75683
0.85507
0.77983
0.73621
0.86099
1.0814
0.8091
0.98175
2.1878
2.6303
1.6218
1.0093
1.1482
0.93756
1.0914
0.91833
0.97499
0.88716
0.91411
0.85114
0.83368
0.84528
0.85901
0.80538
1.4588
1.556
0.8531
0.80538
0.75162
1.1117
2.9107
2.4547
1.9588
1.1066
1.3459
0.85114
0.83946
0.7709
0.85704
0.83176
0.73282
0.91411
0.96161
0.73621
1.4588
0.82224
0.80353
0.76208
0.76033
0.75336
0.70307
0.75336
0.8147
0.88308
0.72277
0.72444
0.85704
0.85507
1.1169
1.0186
0.8356
0.74645
0.89536
0.80168
1.3274
1.1429
0.80353
0.90573
0.82224
1.6144
0.93541
0.74817
0.81283
0.75683
0.70146
0.75336
0.71614
0.81096
0.70795
0.74817
0.73451
0.69024
0.83176
0.67143
0.85704
0.78163
0.87297
0.74989
0.84918
0.82604
0.76208
0.77446
0.80538
0.70795
0.74989
0.72111
1.7022
0.77268
0.84918
0.75336
0.74302
0.94189
0.94624
0.84528
0.85704
0.76736
0.85901
0.80538
1.0233
0.93756
0.70632
0.82794
0.98628
0.82035
0.73621
0.89743
0.75162
0.74131
0.79068
0.6792
0.73621
0.72611
0.72946
0.72778
0.74989
0.74817
0.85114
1.0765
0.73282
0.86696
0.88105
0.75683
0.7925
0.70958
0.71614
0.78886
0.76736
0.81658
0.76033
0.86896
0.79433
0.68077
0.72946
0.77625
0.8356
0.70146
0.70146
0.72277
0.7379
0.76913
0.73114
0.79799
0.82985
0.71779
0.74131
0.75162
0.76736
0.73282
0.75509
0.71945
0.76913
0.74989
0.86696
0.74817
0.75162
0.72611
0.75509
0.74989
0.97949
0.7379
0.7379
0.84528
0.86298
0.69984
0.86099
1.3032
1.1092
0.92683
0.85507
0.74645
0.82414
0.8147
0.81283
0.79433
0.8356
0.80724
0.8356
0.79433
3.9811
3.581
2.8445
3.3037
3.5563
2.4266
3.3497
5.559
2.1979
0.88716
0.77804
0.87096
0.72778
1.2647
0.79433
0.76384
0.70795
0.88716
0.7925
0.76208
0.85114
0.72778
0.70632
0.79616
0.69183
0.68234
0.75336
0.71614
0.72444
0.68549
0.77268
0.77268
0.78163
0.71121
0.73114
0.86099
0.74302
0.72946
0.69343
0.76033
0.82224
0.88716
0.80724
0.78524
0.78163
0.7709
0.80724
0.82224
0.75162
0.93756
0.69024
0.7925
0.78343
0.71285
0.7145
0.94842
0.96383
0.74989
0.74473
2.5942
1.0666
1.1429
0.70307
0.70632
0.70146
0.73621
0.66222
0.76913
0.69663
0.75162
0.76384
0.92683
0.86298
0.70958
0.77268
0.72778
1.1995
0.7656
0.68707
0.65313
0.71779
0.69663
0.70146
0.73114
0.98855
0.69663
0.71614
0.7379
0.8892
0.69663
0.69984
0.73451
0.74302
0.71614
0.69663
0.95719
0.72946
0.69823
0.6792
0.69183
0.67764
0.66222
0.71285
0.69502
0.77268
0.69823
0.69663
0.68391
0.68234
0.7379
0.73621
0.69823
0.69183
0.79433
0.76736
0.6792
0.70958
0.66834
0.69984
0.72778
0.70469
0.89536
0.77983
0.72277
0.72611
0.73282
0.76384
0.72946
0.70795
0.75858
0.74645
1.0715
0.67453
0.67453
0.75858
0.81283
0.74302
0.74131
0.83753
0.72111
0.67143
0.72946
0.88105
0.86896
0.75858
0.71945
0.74645
0.72611
0.69343
0.69343
0.69823
0.69984
0.71121
1.0423
0.70958
0.7145
0.77804
0.66988
0.72611
0.71614
0.86497
0.70632
0.69663
0.70146
0.74131
0.76208
0.70469
0.77268
0.70632
0.70795
0.69183
0.72778
0.69663
0.72611
0.74302
0.72111
0.69024
0.79068
0.70146
0.64269
0.79433
0.68234
0.78524
0.70632
0.83176
0.68077
0.79068
0.74131
0.74131
0.76736
0.69183
0.79068
0.70469
0.81658
0.6792
0.66681
0.72444
0.72778
0.68865
0.72111
0.78343
0.74645
0.72277
0.73621
0.69502
0.79068
0.72611
0.76384
0.73621
0.70632
0.73961
0.75683
0.73451
0.71779
0.72946
0.72111
0.79983
0.69343
0.77804
0.67608
0.69502
0.73114
0.68707
0.85114
0.7145
0.89331
0.69984
0.66834
0.67608
0.74989
0.73621
0.75509
0.69984
0.70958
0.68865
0.82604
0.73621
0.72946
0.7656
0.71285
0.74473
0.7379
0.72444
0.7379
0.95719
0.82224
0.82604
0.78705
0.90991
0.84723
0.8356
0.7925
1.5996
0.85901
1.6069
1.1641
0.76033
0.91201
1.2303
1.6788
1.1668
0.97949
0.85507
0.82035
0.8531
0.84333
0.88105
0.84333
0.82794
0.90573
0.94842
0.97724
0.8091
1.0233
1.2764
0.89125
1.194
1.099
0.98401
0.85507
0.92045
0.97949
1.1298
0.88716
1.094
0.77625
0.85114
0.86099
0.90782
0.90573
0.78524
0.79433
1.4158
0.90782
0.78343
0.77983
0.76913
0.71945
0.76384
0.7709
0.74817
0.8091
0.79068
0.75162
0.73621
0.88512
0.79983
0.85507
0.7709
0.77804
0.69984
0.79068
0.76384
0.74131
0.74302
0.83368
0.77804
0.82604
0.76208
0.8892
0.90782
0.83368
1.0069
1.6255
0.84333
0.79433
0.90573
0.78705
0.96828
0.74817
0.73451
0.75858
0.71285
1.1015
0.80538
1.714
1.1803
2.037
1.875
0.80538
1.0765
0.84723
0.85114
0.76736
0.97949
0.87096
0.86298
0.76913
0.76913
0.76736
0.70146
0.94189
0.87902
0.82985
1.2972
0.7656
0.76384
0.69663
0.93541
1.1324
0.74302
0.70307
1.4655
1.2023
0.72444
0.70958
0.72277
0.88716
0.71779
0.79068
0.73282
1.3397
2.7479
2.421
1.7989
1.6293
2.421
2.5061
1.2106
0.93325
1.0864
0.81096
0.85507
0.83753
0.82224
0.87297
0.8147
0.76913
1.0789
0.8995
0.93325
0.87902
1.0162
0.82035
0.81846
0.79799
0.76208
0.68391
0.85114
0.81096
0.97275
0.74131
0.71285
0.68865
0.8356
1.2942
0.90782
0.92897
0.70146
0.84333
0.92683
0.83753
0.80168
0.76384
0.86696
0.72277
0.76033
0.7379
0.73282
1.0568
0.72444
0.72778
0.91833
0.76736
0.86696
0.88308
0.76736
1.0069
0.73114
0.76913
0.70307
0.96828
0.78705
0.78705
0.72111
0.76384
0.85507
0.75162
0.76736
0.69663
0.80538
0.76033
0.68865
0.8091
0.75509
1.183
0.71945
0.7145
0.85704
0.79983
0.73961
0.76033
0.76913
0.77983
0.82604
0.84918
0.74131
1.2589
0.94189
0.84918
0.79433
0.80538
1.3583
1.0233
0.76384
0.8892
0.83176
0.75509
0.78524
0.81283
0.8414
1.1298
0.79068
0.75509
0.6792
0.76736
0.8091
0.75162
0.7145
0.83368
0.97499
0.7656
0.78705
0.70958
0.72611
0.7145
0.84528
0.7379
0.73961
0.70307
0.73621
0.75336
1.0139
1.4894
0.85901
0.74302
0.75336
0.70632
0.77268
0.79799
1.1376
1.0914
0.87902
1.052
0.99083
0.88716
0.90157
0.66374
0.70469
0.68234
0.73451
0.68391
0.66988
0.72277
0.73114
1.2445
0.78343
0.70795
0.72444
0.78705
1.3152
1.1143
0.9247
1.5101
1.8707
1.8408
1.9099
0.77625
1.8967
0.98401
0.72611
0.70795
0.80353
0.84723
0.78524
0.73114
0.7379
0.78343
0.73282
1.0186
0.7709
0.81283
0.82224
0.71779
0.73114
0.78524
0.86497
0.92897
0.6792
0.66834
0.66988
0.65766
0.72946
0.8531
0.90782
1.0399
1.052
1.7742
0.87902
0.90573
0.96828
0.96828
1.1776
1.4825
0.97724
1.1015
1.2912
1.1588
0.82604
0.91833
0.8414
0.73282
0.76208
0.79433
0.89125
0.69984
0.7925
0.64565
0.75509
0.72611
0.69823
0.84333
0.73961
0.78705
0.76208
0.69823
0.76208
0.76913
0.70958
0.72444
0.75509
0.70795
0.79983
0.82985
0.74989
0.73114
0.83368
0.84333
0.72444
0.67608
0.6792
0.80353
0.77983
2.1827
0.73451
0.9977
1.1298
0.82414
0.85704
0.9506
0.79616
1.0351
0.93541
0.8356
0.99083
0.89743
0.82414
0.77804
0.96161
0.88105
0.82035
0.81846
0.72778
0.8147
0.80724
0.86696
0.89536
0.80353
0.76208
0.82985
0.89331
0.90157
0.74645
0.75336
0.74473
0.74817
0.77268
0.8414
0.84333
0.92257
0.8414
2.1429
1.4655
0.7379
0.74989
0.73621
0.75683
0.72778
0.76736
0.75509
0.69823
0.71614
0.84333
0.84723
1.0351
0.80353
0.74131
0.82414
0.70795
0.72778
0.74817
0.77446
0.77983
0.7656
0.77804
0.76033
0.7379
0.78343
0.79616
0.82035
0.72277
0.8091
0.80538
0.72277
0.8091
0.80353
0.69343
0.76208
0.76033
0.7145
0.87498
1.3366
1.074
1.1015
1.2359
1.3152
0.96383
0.87902
0.89331
0.76913
0.89125
0.97724
1.135
1.1169
0.96828
1.0765
1.1561
0.90573
0.69663
0.71614
0.76384
0.69343
0.76033
0.68549
0.75336
0.75336
0.71285
0.84333
0.85114
0.72111
0.67143
0.77804
0.74989
0.66222
0.75858
0.80724
0.69024
0.7656
0.75509
0.69663
0.7379
0.76736
0.69663
0.78163
0.73114
0.78705
0.73114
0.82414
0.71779
0.75858
0.85507
0.69823
1.1194
3.2359
2.2029
1.8707
1.4521
0.88308
0.7925
1.4421
2.2491
2.2182
2.1979
3.1623
3.2734
2.4604
2.904
0.79616
0.73282
0.74473
0.74302
0.75162
0.72946
0.75683
0.69183
0.76208
1.1776
1.1092
0.69663
0.77983
0.8995
1.4454
1.5066
1.3552
1.8535
0.71121
0.78163
0.77983
0.7656
0.88512
0.7925
0.82224
0.75858
0.75162
0.76384
0.69183
0.70469
0.80538
0.77268
0.77625
0.76033
0.93111
1.0304
0.71121
0.70958
1.9634
2.4434
1.6634
0.77983
0.76208
1.0046
0.91411
0.9506
0.7145
0.69984
1.5171
0.80353
1.8793
1.7742
1.9679
1.1776
1.2359
1.1324
1.406
1.4521
1.6904
1.4962
1.1015
1.4555
1.0864
1.1246
1.4322
1.2618
1.7539
2.2961
2.8774
1.1298
1.6406
3.4119
2.799
0.91622
0.88105
0.72111
0.8892
0.84528
2.6242
3.8548
2.2961
0.77446
0.90782
0.85901
1.0666
2.6122
1.4555
0.8414
0.98855
0.94842
0.83946
0.73114
0.76033
0.89743
0.74473
0.74645
1.4555
0.83946
0.77983
0.85507
0.82794
0.74989
1.3646
0.98628
0.71121
0.8414
0.71945
0.77446
2.0749
0.74645
0.73621
1.6711
4.2267
1.652
3.2885
1.8707
4.9204
1.122
0.79068
0.96828
0.90157
1.0257
2.6303
2.541
22.029
6.0395
2.9444
2.3659
1.7022
2.1979
0.99312
1.0162
0.96383
1.2677
1.4689
0.96605
1.1324
0.91833
1.0328
2.6485
1.5996
1.2134
0.82985
0.75683
0.81096
1.0544
1.3804
1.099
1.2134
1.0093
1.1482
1.2417
1.4689
0.77446
0.76913
0.87902
0.85507
0.84723
0.78343
0.8147
0.8147
0.72611
0.7656
1.3677
1.2531
2.8054
6.8391
1.4588
1.4223
1.0257
1.1143
1.0914
1.0375
0.80724
0.86298
0.8995
0.877
0.86896
0.83368
0.73451
1
1.0471
0.84528
1.122
0.75162
0.88105
6.6069
9.5719
0.86497
0.82224
0.83946
0.81846
1.374
1.5382
1.0162
0.86099
0.71945
0.85704
0.76736
0.83753
0.86298
1.2274
2.7102
0.83946
0.84333
0.74817
0.79799
0.74645
0.84528
0.8091
0.79068
0.72946
1.2677
0.81846
0.877
0.82794
1.3183
1.1015
0.83368
0.77268
0.76033
0.76384
0.95499
1.4093
0.87498
0.79799
0.84333
0.78163
0.85114
0.82224
0.78163
0.81658
0.78343
0.78163
0.74131
0.78524
0.74817
0.72444
0.75162
0.82414
0.76913
0.77983
0.69823
0.72111
0.80538
0.74645
1.0765
0.81096
0.70632
0.80168
0.82035
0.79983
0.89125
0.74131
0.8091
0.7379
0.79068
0.78705
0.88105
0.79799
0.86298
0.78886
0.85507
1.1535
1.2106
0.89125
0.79616
0.82035
0.96161
0.88308
0.9247
0.94406
0.74302
0.75509
0.93541
0.86298
0.84333
1.1588
0.79068
0.87297
1.0257
0.84333
0.97724
0.98628
0.9247
1.2134
0.8356
0.71614
0.82794
0.78343
1.074
1.3709
0.82414
0.96605
0.78886
0.96828
0.79433
0.79433
0.82985
0.8091
0.81096
0.98175
0.84918
0.91622
0.78705
0.78886
0.75683
0.78705
1.0139
0.83176
0.79433
0.79983
0.93972
1.0914
0.72444
0.8414
1.0304
0.94624
0.92897
0.92257
0.78705
0.81658
0.9528
1.1041
0.71945
0.85901
0.98628
0.78163
0.9247
0.79068
0.97275
0.84333
0.71945
1.1246
1.052
0.79068
0.73114
0.77625
0.86298
0.85704
0.81096
0.98175
0.96161
1.6069
1.7701
1.0617
0.75336
0.76384
1.6904
2.7164
3.6141
0.74645
0.877
0.89125
0.75683
1.6982
2.9923
0.80168
0.79799
0.79616
0.77268
0.79433
0.73282
0.7925
0.89125
0.77446
0.77983
0.82985
0.80353
1.4256
0.75162
0.84918
0.71779
0.89743
0.76033
0.70632
0.66988
0.74473
1.1641
0.86696
0.77804
0.78343
0.75683
0.89743
1.094
1.0471
1.4223
1.556
1.3459
1.4723
1.1272
1.0351
1.6982
1.1066
0.8414
0.86099
0.79799
0.75336
0.89125
0.877
0.89743
0.74473
0.75683
0.94189
0.76208
0.8147
0.8091
0.76913
1.5704
0.75162
2.4266
2.673
0.93756
0.73621
0.7925
0.82604
0.82035
0.77268
1.4962
0.84723
1.5885
1.5031
0.80538
1.0471
0.69024
0.73282
1.0914
1.4962
1.052
0.82224
0.9528
0.85114
0.82985
0.91201
1.6406
2.2491
2.0277
7.3282
1.6144
1.9498
2.0797
2.5942
1.7989
2.6424
2.2594
1.3868
3.0339
3.767
3.4356
2.6546
1.3868
14.555
8.2794
1.1695
0.91622
0.94842
0.76384
0.77268
1.5704
1.5922
0.77804
0.84333
2.4099
0.97724
0.73621
0.74645
0.78524
0.77804
0.75683
0.72444
0.82035
0.83368
0.85507
0.76033
1.3002
1.3521
0.72444
1.2677
0.80724
0.77983
0.80353
0.71614
2.5235
1.8535
0.92045
0.80353
0.78705
0.85507
0.94842
2.2594
2.037
0.81846
0.9528
1.3521
0.84333
0.77983
0.68077
1.9498
2.3496
12.735
2.904
0.83176
0.81096
0.78163
0.87902
1.7498
1.3428
0.93325
1.0839
0.86896
0.77268
1.194
1.0471
1.1169
0.79068
0.78163
0.83176
0.89125
1.3459
1.1402
0.73282
1.4355
0.80168
0.80353
0.76913
0.78524
1.0162
0.90991
0.82035
0.7709
0.88512
1.2735
1.7498
1.7742
0.75336
0.73282
0.85704
3.4356
2.1429
3.1989
3.5075
3.581
4.8753
3.062
2.3605
2.3121
2.2029
1.0328
1.2417
1.2162
0.93111
1.9724
1.0965
1.9953
2.2491
3.5318
2.4604
1.5066
2.5942
