19.187
21.777
18.072
19.275
23.281
14.894
15.704
23.768
22.131
25.468
17.498
28.054
29.923
18.281
24.717
27.733
13.583
12.246
23.335
25.586
29.648
19.634
19.724
16.52
26.792
13.122
33.729
23.227
18.45
30.761
19.907
25.527
29.444
15.74
10.162
20.701
19.588
15.453
14.757
27.669
18.923
31.046
18.664
21.184
27.797
18.45
17.022
17.498
1.2706
2.208
2.5763
9.6161
15.101
16.943
13.772
18.836
17.579
15.031
17.298
6.4417
15.996
14.962
15.346
16.634
14.962
22.131
18.239
15.668
14.388
5.6624
15.56
16.788
16.596
19.861
17.824
25.468
20.045
18.323
23.014
15.776
17.458
10.093
17.579
17.579
18.707
19.861
22.284
21.38
19.543
15.959
20.091
7.4131
2.4266
15.776
15.596
14.997
17.179
16.634
15.311
20.417
17.579
15.668
15.276
17.865
16.106
19.364
25.293
17.579
16.406
19.77
21.827
18.365
14.997
1.2589
7.3282
0.97499
20.184
9.8628
15.596
19.634
17.219
17.061
19.143
23.174
14.223
15.849
17.1
16.482
17.742
19.409
17.498
19.724
18.621
19.011
21.086
18.836
14.928
16.711
1.0666
1.4093
12.794
14.928
13.335
16.218
17.62
19.634
10.116
43.451
18.493
19.543
13.062
0.76384
1.0162
6.8234
13.062
15.276
15.488
15.74
16.144
20.091
11.324
1.4997
1.2794
15.311
12.618
17.061
20.277
15.668
17.989
15.74
13.9
19.143
19.143
16.181
17.824
15.922
12.794
1.2706
2.1677
1.4555
1.2589
1.0641
1.3183
9.4406
17.061
20.277
27.479
14.997
17.62
13.836
17.14
13.152
12.735
16.596
20.512
16.482
16.558
20.417
16.218
13.428
22.856
14.622
12.882
17.458
14.093
16.482
15.488
20.184
19.588
12.618
16.943
20.559
18.155
22.961
18.197
18.75
18.75
16.558
15.171
15.631
16.069
29.854
14.289
12.274
16.144
17.418
13.677
13.397
15.524
7.6208
1.5171
0.84723
0.86099
3.0974
12.359
12.853
14.521
23.281
13.49
13.709
18.323
14.093
19.543
15.488
22.491
13.74
10.641
14.06
7.1945
16.711
13.836
16.482
17.179
17.66
17.219
20.091
19.231
23.496
15.276
14.488
11.588
22.491
17.179
9.6828
12.972
13.49
14.388
19.543
13.122
16.827
5.5719
12.106
19.588
16.406
20.417
14.158
12.303
12.218
12.677
14.125
14.388
15.849
13.614
16.482
14.622
19.32
11.455
13.397
14.191
8.0724
2.1627
4.8306
12.474
13.552
14.622
3.3574
1.6218
1.0593
5.8345
9.247
12.445
12.274
11.092
11.246
12.417
12.503
13.152
14.555
15.488
15.849
22.594
11.482
14.555
11.722
14.125
12.735
12.474
12.134
12.388
13.9
10.186
14.622
11.298
14.555
3.3189
1.6181
9.4624
11.169
12.078
12.823
13.9
15.849
14.454
11.535
22.594
17.338
9.977
16.866
12.331
17.061
16.558
11.482
11.482
18.323
12.19
17.824
3.4435
1.4191
1.2882
1.2134
7.4131
15.453
11.041
14.191
20.37
10.139
10.94
11.94
10.328
11.376
13.183
17.1
1.9187
2.1184
11.641
11.169
25.119
11.194
1.3804
11.041
18.45
13.274
14.655
14.588
15.885
13.428
10.447
15.136
11.429
6.0395
8.0538
10.304
23.496
11.194
13.964
13.335
12.853
18.923
22.131
13.804
12.735
10.666
12.19
11.885
13.74
12.218
7.379
0.7379
1.0864
3.6983
9.6383
9.247
13.552
13.397
8.9331
10.52
8.0353
1.652
1.6106
0.76033
0.8356
0.89743
0.9977
1.6904
7.2277
7.9799
1.7378
0.90991
1.1246
1.0889
1.3552
1.4158
1.2303
7.1945
4.217
1.875
19.861
3.1261
1.2972
4.6345
0.7656
1.1169
0.93541
0.83946
1
0.71285
0.68549
0.70795
0.7396
0.69343
0.74817
0.70146
0.74645
1.205
0.74302
0.7145
0.73621
0.71121
0.7709
0.68077
0.96828
0.67453
0.73114
0.7709
0.73114
0.71285
0.76208
0.67764
0.7379
1.6904
0.8531
1.4859
0.72277
3.2659
0.73621
0.74302
0.76033
0.74989
0.70958
0.72111
0.68549
0.89331
0.71945
0.7656
0.68865
0.69984
0.7145
0.74473
0.69343
0.69823
0.74989
0.67608
0.74645
0.72111
0.69984
2.0045
1.2706
0.67764
0.72778
0.75858
0.72778
0.72611
0.70469
0.71614
0.67608
0.72611
0.69823
0.74473
0.7396
0.73451
0.74645
0.68549
0.77268
0.74645
0.79433
0.72946
0.7379
0.74131
0.69024
0.75858
0.74131
0.73621
0.72946
0.72778
0.74817
0.66222
0.75162
0.75683
0.68865
0.78524
0.70307
0.77446
0.7709
0.75683
0.74645
0.77625
0.71614
0.74131
0.74645
0.7379
0.74131
0.69823
0.69823
0.73621
0.72444
0.72277
0.70469
0.77268
0.80538
1.1092
0.70958
0.90573
0.72946
0.7656
1.2388
0.7925
0.8356
0.77804
0.80353
0.90157
0.72111
0.81283
0.89331
0.76208
0.87096
1.3709
0.74131
0.80353
0.74817
0.7656
1.0914
0.76033
0.73114
0.73282
0.74302
0.71945
0.73114
0.80538
0.70307
0.73451
0.75509
0.79616
0.78705
0.8414
0.75509
0.78524
3.2359
0.82035
0.72946
0.74817
1.0375
1.2735
1.5488
1.2106
1.8836
1.3062
1.2417
0.79068
1.1194
0.72946
1.2417
0.80353
2.4434
0.82794
0.7656
0.76033
0.79616
0.9528
0.81658
0.7656
0.84528
0.82985
0.72778
0.87096
0.90157
0.77446
0.9247
0.79616
0.83368
0.97499
0.84333
0.80353
0.7396
0.82985
1.5171
0.93325
0.80353
0.86497
0.77268
0.76208
0.77804
0.8356
0.77983
0.7656
0.82794
0.98175
0.81658
0.79983
0.84333
0.77804
0.74645
0.72611
0.83368
0.90782
0.87498
1.3459
0.69823
0.67453
0.72444
0.68549
1.1858
1.9143
0.75509
0.73282
1.0544
0.77983
0.71614
0.76033
0.70146
0.74302
0.78705
0.76384
0.82414
0.80353
0.76384
0.81283
2.0606
3.8019
3.4198
2.5645
0.74131
0.82035
0.94406
0.78886
4.1879
0.7396
0.69183
0.68391
0.70958
0.67298
0.70958
0.69984
0.6792
0.69183
0.70632
0.71285
0.6792
0.72778
0.91411
0.877
0.70795
1.5205
0.65917
2.023
0.71285
0.69343
2.5942
4.4668
2.7164
5.8479
6.1235
4.14
4.3451
3.342
3.9628
8.6696
0.71945
0.70632
0.74645
0.77804
0.72277
0.77625
0.76913
1.5596
1.39
1.4488
1.3709
1.2417
1.3062
1.2388
1.349
1.0544
1.1429
1.0447
3.2359
0.71285
0.77983
0.74302
1.1066
0.798
0.81658
0.8414
0.75858
0.87498
0.68549
0.79068
0.9594
0.74473
0.77268
0.7925
0.68707
0.74645
0.74989
0.78163
0.78705
0.82604
0.74131
0.82224
0.78343
0.71945
0.82414
0.72444
0.77446
0.75162
0.73451
0.74302
0.74131
0.74131
0.72946
0.79068
0.96383
0.84333
0.81283
0.91411
0.95499
0.99083
12.882
0.79983
1.4093
1.5171
3.3343
4.5499
3.0832
3.1915
4.4566
3.7068
4.1591
3.0269
0.76736
0.76384
0.99083
0.81846
0.85704
0.76736
0.74817
0.85507
0.75336
0.75336
0.95061
0.8356
0.9594
0.82224
0.7396
1.6069
0.72444
1.1695
1.4655
2.355
2.0845
0.69024
0.66374
0.79616
0.82414
1.39
0.82224
0.76384
0.69343
0.77983
0.75858
0.74989
0.77983
0.82414
3.1046
0.83946
0.72778
0.73621
0.67453
0.71285
0.66527
0.72778
0.68865
0.69663
0.66681
0.83368
0.70958
0.74302
0.7379
0.67608
0.66834
0.72111
0.69502
0.7656
0.69024
0.65766
0.76033
0.67608
0.67608
0.70958
0.68707
0.66681
0.65917
0.798
0.72611
0.75336
0.76384
0.74302
0.69823
0.70958
0.69823
0.80353
0.67453
0.69343
0.71121
0.75858
0.7656
0.73282
0.74473
0.72277
0.70795
0.73451
0.75509
0.73621
0.7145
0.70307
0.65013
0.76736
0.68391
0.70469
0.72611
0.70632
0.68234
0.66834
0.68865
0.69024
0.66988
0.72111
0.69343
0.69823
0.71945
0.69663
0.75336
0.83368
0.82794
0.66374
0.69502
0.73282
0.67764
0.72111
0.69984
0.71614
0.69343
0.68234
0.66222
0.74302
0.67764
0.70795
0.69024
0.70958
0.68865
0.6792
0.73114
0.68234
0.71285
0.72611
0.65464
0.69663
0.65013
0.70958
0.7145
0.65313
0.66374
0.79433
0.70469
0.7396
0.94189
0.8995
0.77625
0.72946
0.72778
1.6293
3.4995
0.73114
0.79983
0.73282
0.72946
0.86896
0.70469
0.72111
0.8147
0.73114
0.77268
0.70795
0.7925
0.8356
0.7656
0.80724
0.71614
0.76033
0.83368
0.73114
0.78524
0.7709
0.71285
0.81096
0.75509
0.76384
0.8414
0.77446
0.77804
0.77983
0.75162
0.75509
0.76913
0.76384
0.71945
0.72946
0.75162
0.73451
0.72946
0.73114
0.73451
0.8091
0.75858
0.72444
0.73451
0.77625
0.72946
0.76736
0.74817
0.75509
0.74131
0.7396
0.79983
0.75336
0.93325
0.78705
0.7656
0.80538
0.71945
0.77983
0.75858
0.73114
0.71121
0.76384
0.72111
0.74817
0.86497
0.73451
1.2274
0.79616
0.85901
0.69343
0.73282
0.76208
0.72778
2.0277
0.90157
0.81283
0.69343
1.0447
1.9409
0.81096
3.6728
3.8459
1
0.69663
0.7709
0.66222
0.71121
0.69343
1.5524
1.1298
0.798
2.3442
2.2594
0.86099
0.73282
0.82604
0.68865
0.69343
1.9634
4.0832
0.93541
0.9594
1.1614
1.256
0.76033
2.8249
0.78163
0.69024
0.70469
1.1535
0.7379
0.69823
0.77625
0.79983
0.72611
0.86099
0.76384
0.74302
1.1041
0.74302
0.68077
0.7145
0.69502
0.71779
0.70795
0.69984
0.70307
0.69502
0.7396
0.69502
0.70469
0.7145
0.68077
0.75858
0.77625
0.65917
0.76033
0.71779
0.69343
0.69183
0.69024
0.71285
0.68391
0.75336
0.69823
0.69663
0.70632
0.69024
0.71614
0.72111
0.72444
0.7145
0.68865
0.67608
0.71614
0.70795
0.73621
0.68234
0.69502
0.68234
0.64714
0.73621
0.73114
0.70958
0.69823
0.67764
0.71121
0.72111
0.69663
0.70795
2.5119
0.79433
0.72444
2.8708
0.74473
0.76736
0.72611
0.87498
1.0715
2.4889
0.70469
1.3122
0.877
0.78524
0.76384
0.75162
0.80168
0.9247
0.7396
0.73282
0.71779
0.83753
0.8091
0.75162
0.71945
0.76384
0.72111
0.72277
0.69823
0.70795
0.74989
0.74645
0.76033
0.76033
0.69502
0.74645
0.72946
1.0186
0.82604
0.93325
1.2246
0.78705
0.74302
0.83753
0.76913
0.81658
0.90157
0.84918
0.8414
0.83946
0.68865
0.72778
0.7145
0.77268
0.76384
0.73451
0.73621
0.78886
0.73114
0.67764
0.72277
0.75509
0.75683
0.70307
1.0765
0.90365
0.77804
0.96605
0.83753
1.7947
0.75683
0.75683
0.69343
0.71945
0.70307
0.7379
0.68865
0.73621
0.76384
0.72611
0.66527
0.7925
0.82985
0.75683
0.70146
0.75509
0.72611
0.72611
0.78524
0.74131
0.71121
0.75336
0.75858
0.76384
0.7925
0.69823
0.71945
0.77268
0.70469
0.73451
0.70307
0.73621
0.71285
0.69502
0.68865
0.71285
0.70469
0.77625
0.7379
0.79616
0.66222
0.72611
0.67453
0.68865
0.69024
0.71614
0.74473
0.66988
0.72444
0.69823
0.74645
0.7396
0.65163
0.68707
0.74817
0.7379
0.70307
0.69663
0.70632
0.71121
0.70632
0.68391
0.74645
0.71779
0.74302
1.1015
0.74473
1.3428
0.74645
1.3709
0.85507
1.183
0.80353
1.3804
1.6331
0.70795
0.97051
0.71121
0.72444
0.78524
0.73451
0.85114
0.7656
0.66681
0.76033
0.71285
0.7396
0.68707
0.70307
0.75858
0.84723
0.71121
0.69984
0.70958
0.73282
0.68234
0.77268
0.70958
0.69823
0.70146
0.71285
0.69183
0.79616
0.73621
0.70146
0.71285
0.74473
0.69183
0.70469
0.75162
0.79616
0.70146
0.67608
0.79616
0.74989
0.71779
0.70632
0.69984
0.74817
0.71945
0.72444
0.76913
0.7396
0.71945
0.79433
0.73282
0.77268
0.7396
0.93325
0.72277
0.69183
0.72946
0.76913
0.89125
0.76208
0.78705
0.79068
0.74645
0.85114
0.70146
0.69502
1.0568
0.70146
0.72611
0.72611
0.75509
0.70958
0.76033
0.73451
0.78705
0.73621
0.76736
0.71945
0.69183
0.7145
0.71945
0.6792
0.64121
0.72444
0.7379
0.66681
0.75683
0.74473
0.70632
0.68077
0.67764
0.64269
0.73282
0.68549
0.6792
0.7379
0.70795
0.68391
0.7656
0.77268
0.69502
0.75683
0.69823
0.72111
0.77268
0.70307
0.68234
0.74817
0.71121
0.73451
0.66222
0.70469
0.72277
0.71121
0.78524
0.68234
0.70958
0.74989
0.72946
0.67608
0.69663
0.72778
0.72778
0.72946
0.69984
0.71121
0.76736
0.69823
0.70958
0.77446
0.70632
0.73621
0.73451
0.78886
0.79616
0.74989
0.66834
3.2285
0.89536
0.9594
0.74989
0.80168
3.3729
2.3988
1.5849
4.7534
2.9992
3.4198
3.6308
4.9204
1.6943
2.6242
2.1232
2.2336
2.138
3.2885
5.1286
5.8345
0.7379
0.83946
0.81096
1.0495
0.88105
0.88308
1.5922
0.88105
0.8892
1.6788
0.76384
0.85114
0.83753
0.78705
0.82035
0.8531
0.79983
0.77446
0.7656
1.39
0.85507
0.8414
2.673
5.5719
6.1518
7.0958
4.7863
0.97051
0.7709
1.0914
2.0606
1.3804
3.9719
0.68549
0.7709
0.64269
0.70958
1.803
0.86896
0.81846
1.2106
1.0162
1.3062
0.91411
2.8445
3.9355
3.3266
1.6069
2.8708
2.9785
1.9498
3.8994
3.5481
2.5177
4.8978
2.3174
0.79983
1.6904
1.7458
2.1827
0.70632
1.1376
0.79433
1.2162
0.94406
0.72946
0.7379
0.72111
0.71121
0.77268
0.74302
0.66222
0.67298
0.8995
2.0045
2.1878
0.73621
0.71945
0.78705
0.74989
0.82604
0.72946
0.73621
0.70307
0.75162
0.78163
1.0046
0.86696
1.1614
0.88105
0.78886
0.98855
1.0423
0.97275
0.86896
1.1455
1.1668
1.349
0.7145
0.75336
1.3002
1.1246
0.77446
0.70307
0.67608
0.6792
0.75858
0.68234
0.70146
0.73451
0.67298
0.68234
0.68234
0.71121
0.67608
0.67143
0.65766
0.72444
0.69984
1.5996
0.92045
0.8147
0.76913
0.95061
2.3067
1.8793
0.69502
0.71945
0.71779
0.70958
0.70307
0.7379
0.70795
0.74645
0.68865
0.72778
0.68549
0.79983
0.71614
0.8147
0.82604
0.72946
0.74302
0.71779
0.71121
0.75683
0.77268
0.71945
0.72444
0.75858
0.72611
0.74645
0.74473
0.7925
0.82035
0.82985
0.66988
0.78163
0.87902
0.68077
0.98401
0.78886
0.72611
0.78163
0.78524
0.68707
0.7396
0.8356
0.74989
0.72444
0.84723
0.69343
0.71779
0.72611
1.1749
0.69823
0.72611
0.74131
0.75858
0.79433
0.7396
0.69823
0.81283
0.72611
0.66374
0.71285
0.68865
0.74645
0.70795
0.73621
0.71779
0.72111
0.70146
0.69823
0.74131
0.66681
0.70958
0.68077
0.68865
0.66374
0.72444
0.6792
0.6792
0.67453
0.66374
0.73114
0.70632
0.70795
0.70307
0.70632
0.72611
0.68707
0.67298
0.67453
0.71614
0.65766
0.68865
0.71614
0.7145
0.65614
0.70795
0.70469
0.6792
0.69343
0.89743
0.83946
0.75509
0.85901
0.7656
0.75509
0.72277
0.74473
0.96383
0.69663
0.64565
0.66834
0.69343
0.65917
0.62661
0.66681
0.68234
0.69984
0.69024
0.69823
0.71614
0.69502
0.72111
0.64417
0.72778
0.7396
0.75336
0.72778
0.74989
0.69502
0.69024
0.65917
0.68865
0.69823
0.68707
0.67764
0.70795
0.68865
0.68707
0.7396
0.69663
0.70469
0.7145
0.7145
0.69502
0.71614
0.68234
0.69183
0.69343
0.74131
0.68234
0.66681
0.7396
0.68391
0.66834
0.76384
0.7379
0.68077
0.67298
0.71779
0.69024
0.66988
0.71285
0.70632
0.69502
0.67143
0.68865
0.70958
0.71121
0.67764
0.73621
0.68707
0.69024
0.69502
0.72277
0.7145
0.69823
0.69663
0.70146
0.68549
0.67453
0.70632
0.68707
0.69502
0.73451
0.72111
0.7145
0.74645
0.65163
0.68391
0.69183
0.67298
0.72778
0.71121
0.7145
0.72277
0.70307
0.70307
0.68234
0.6792
0.70958
0.72946
0.70958
0.69984
0.9247
1.2388
0.74645
0.77983
0.69984
1.5849
0.78163
1.074
0.74131
0.74989
0.78886
1.4191
0.82224
0.71121
0.90365
0.73451
0.68865
0.71614
0.78163
0.80353
0.79068
0.85507
1.8923
0.77625
0.72444
0.71779
0.73282
0.74645
0.68234
0.70307
0.70307
0.69183
0.70632
0.70795
0.72111
0.75509
0.6792
0.71614
0.67143
0.72277
0.71121
0.7379
0.70146
0.70958
0.7379
0.79433
0.80353
0.72778
0.7379
0.70632
0.81658
0.79616
0.68707
0.75858
0.76736
0.7396
0.7709
0.71779
0.72611
0.67298
0.77268
0.75336
0.71614
0.74817
0.74131
0.74131
0.73451
0.72778
0.7145
0.73114
0.72946
0.74989
0.75858
0.74131
0.70469
0.70958
0.7379
0.75858
0.75858
0.7656
0.86099
0.71121
0.75858
0.72946
0.81283
0.65013
0.69183
0.79616
0.86696
0.95061
0.78343
0.96605
0.76736
0.82035
6.0395
0.69663
0.69823
0.72111
0.77983
0.73621
0.73451
0.78163
0.73114
0.74302
0.72444
0.74302
0.68077
0.72946
0.73451
0.78163
0.74302
0.72946
0.76384
0.81658
0.70146
0.7145
0.72277
0.8414
0.76384
0.70795
0.8091
0.68707
0.76208
0.8356
0.77625
0.7379
0.75162
0.69343
0.72946
0.72611
0.72444
0.76736
0.77983
0.79616
0.76736
0.75162
0.82794
0.75509
0.79433
0.69984
0.78163
0.78524
0.7145
0.73282
0.77804
0.7656
0.72611
0.73114
0.76208
0.74302
0.78163
0.72444
0.77446
0.69502
0.74989
0.78163
0.74817
0.72778
0.73282
0.74302
0.80538
0.70795
0.77983
0.69343
0.72778
0.74131
0.74989
0.72778
0.69823
0.72778
0.74473
0.76208
0.69343
0.7396
0.68391
0.7396
0.72277
0.70146
0.8147
0.71121
0.73451
0.6792
0.84333
0.76736
0.71285
0.82224
0.73451
0.66069
0.82794
0.74473
0.69183
0.74302
0.69823
0.8091
0.74302
0.71285
0.78343
0.8091
0.68865
0.95499
0.7656
0.74473
0.88308
1.2853
0.7379
1.7989
0.90157
2.8576
1.9999
4.7206
5.3088
6.3973
6.8549
1.6069
0.98175
1.1561
0.80168
0.77268
0.73282
0.79068
1.0544
0.84333
1.9143
4.121
3.9628
8.3946
4.9091
6.7143
6.5917
5.7412
1.4825
1.6255
1.7418
1.0889
0.72111
0.80724
1.4622
0.93325
0.82794
0.78163
0.81846
1.0568
0.88716
0.88308
0.84528
0.83753
0.7709
1.2331
0.99083
1.2912
1.9999
0.7145
0.69502
0.73282
0.74473
0.68391
0.73451
0.68549
0.71285
0.74302
0.68549
0.68234
0.66834
0.69984
0.68865
0.70469
0.70632
0.73451
0.68549
0.70795
0.68707
0.72111
0.69183
0.68549
0.69502
0.65917
0.64565
0.7396
0.70146
0.69502
0.67453
0.68707
0.73451
0.66069
0.68865
0.70469
0.72444
0.73114
0.69024
0.70632
0.6792
0.68077
0.69984
0.70469
0.67453
0.70795
0.73114
0.75509
0.69823
0.63826
0.73114
0.69343
0.71614
0.68707
0.66069
0.79616
0.71779
0.71614
0.76384
0.70469
0.72444
0.75858
0.72946
0.67764
0.72946
0.73282
0.70307
0.69823
0.74473
0.66222
0.68707
0.68707
0.70795
0.67764
0.71945
0.68865
0.7379
0.7396
0.67608
0.75683
0.72277
0.67298
0.73451
0.67764
0.6792
0.70307
0.66374
0.74645
0.69024
0.69183
0.6792
0.7379
0.70307
0.71285
0.65766
0.75509
0.68077
0.76384
0.69343
0.69343
0.75683
0.7396
0.69183
0.69343
0.70632
0.74302
0.71945
0.73621
0.69823
0.71945
0.68707
0.73114
0.71614
0.70307
0.70958
0.72444
0.74817
1.374
0.70307
0.71945
0.68234
0.74989
0.7379
0.67453
0.71945
0.76913
0.74473
0.77446
0.70632
0.7396
0.74817
0.70795
0.67764
0.69183
0.69183
0.7145
0.71779
0.69183
1.0139
0.69183
0.73282
0.80538
0.81846
0.8147
0.77983
0.74131
0.70469
0.82035
0.78524
0.7656
0.72946
0.73282
0.74302
0.90991
0.71285
0.70795
0.72611
0.69823
0.70469
0.7145
0.7379
0.71121
0.72946
0.72778
0.68865
0.68707
0.69024
0.77446
0.70795
0.72277
0.69984
0.68391
0.68865
0.73282
0.71121
0.70469
0.67453
0.66834
0.69024
0.68865
0.70146
0.68391
0.75336
0.70307
0.73451
0.71614
0.84723
0.71614
0.66374
0.77446
0.72778
0.76208
0.7709
0.69343
0.69024
0.72277
0.70632
0.6792
0.7145
0.69984
0.72444
0.67143
0.73114
0.7396
0.72778
0.74131
0.6792
0.71285
0.68234
0.73451
0.75509
0.74131
0.71121
0.69984
0.66222
0.68865
0.65313
0.66374
0.7379
0.76033
0.71779
0.72111
0.66834
0.72946
0.69502
0.70795
0.70146
0.76736
0.67764
0.65917
0.74131
0.69823
0.70307
0.66988
0.71121
0.65766
0.69343
0.68077
0.73282
0.70307
0.75336
0.71285
0.66222
0.76208
0.70632
0.68077
0.69343
0.75858
0.70146
0.79068
0.66834
0.65766
0.7709
0.99312
0.69024
0.69024
0.70469
0.72277
0.69024
0.67453
0.68549
0.66527
0.72111
0.67453
0.71121
0.74131
0.64417
0.7396
0.77983
0.7145
0.69823
0.69502
0.66222
0.72946
0.68707
0.69984
0.70795
0.72111
0.73114
3.0549
1.7947
0.80724
0.87902
0.7925
0.8892
3.069
2.0091
0.97949
0.91411
0.82794
1.3996
2.541
0.82604
15.849
4.0179
2.8379
0.79068
0.86896
0.77804
0.80168
0.90991
2.2233
9.1622
6.1094
1.5959
1.5241
4.3652
3.9537
0.93325
0.80724
0.99312
1.1376
0.81096
0.82224
0.76913
0.73114
0.74302
0.82224
0.83753
0.84333
0.87096
0.93111
0.83368
0.7925
1.0257
0.95061
0.77625
0.93325
0.8892
0.90991
0.71779
0.83753
0.90365
0.90782
1.2706
2.4044
1.1912
0.65614
0.73114
0.74302
0.7656
0.74817
0.65766
0.83946
0.75336
0.65614
0.72778
1.0069
0.76033
0.93111
1.7824
1.3122
1.1482
1.1668
1.8155
1.1376
1.099
1.0666
0.91622
0.7656
0.91622
0.93325
1.0447
0.91833
0.88716
0.98855
1.0864
0.98628
1.1749
0.93756
0.77625
0.72111
0.92897
0.81283
0.78343
1.0233
1.0666
1.1246
1.1402
0.72111
0.73114
0.84333
0.69502
1.0139
0.70307
0.67143
1.3614
0.88716
0.72444
0.73621
1.1402
0.8147
0.67298
0.73282
0.65614
0.68549
0.66069
0.74473
0.69183
0.69024
0.72611
0.85901
0.89743
0.82794
0.798
1.3459
1.2882
1.0471
0.73451
0.7925
0.68391
1.1117
0.78163
0.7656
0.70307
0.72778
0.72778
0.72277
0.70146
0.70469
0.70307
0.7656
0.72611
0.74473
0.71945
0.74645
0.73114
2.1281
0.93541
1.3062
1.9634
0.71121
0.81096
0.86497
0.86099
0.78163
0.95719
0.67453
0.85901
0.70632
0.74302
0.68707
0.70146
0.7379
0.69024
0.69343
0.70307
0.69984
0.70469
0.73114
0.78163
0.72111
0.70958
0.86099
1.5959
1.803
0.76384
1.714
1.1614
2.4717
3.0974
5.8076
9.2897
6.6988
4.592
3.9264
5.6494
0.98175
0.79616
0.74302
1.074
1.6827
0.93756
1.0162
0.94189
3.4435
1.0162
0.78886
0.77983
0.798
0.82414
0.80538
0.82414
0.87297
1.0328
0.88512
1.0789
2.1038
0.75336
0.82985
0.76033
0.79983
0.91411
0.76033
0.78886
1.0641
0.798
0.76208
0.7656
1.2106
0.78163
0.70307
0.78705
0.71779
0.74989
0.71779
0.83753
0.67298
0.72277
0.85901
0.76033
0.72111
0.78524
0.69502
0.71285
0.72611
0.7396
0.7145
0.72277
0.70795
0.90573
0.97499
0.81096
0.82035
0.77983
0.67608
0.75162
0.72277
0.74473
0.73114
0.74473
0.7656
0.7925
0.76384
0.70307
0.7145
0.70469
0.71945
0.72111
1.9588
1.888
0.72111
0.75858
0.85704
1.9275
1.3152
0.72111
0.76033
0.70958
0.71779
0.69343
0.73282
0.91201
0.81096
0.70146
0.75683
0.8147
0.77625
0.63826
0.76033
0.78886
0.68549
0.73282
0.96161
0.7145
1.7458
0.89536
0.82035
0.74473
0.87498
1.5031
0.67298
0.66681
0.68077
0.71614
0.69183
0.66527
0.69502
0.69663
0.69502
0.70146
0.8414
0.7396
0.73114
0.72611
0.71945
0.68391
0.71121
0.74645
0.71779
0.73621
0.70469
0.74131
0.7145
0.70632
0.68549
0.70307
0.67608
0.70632
0.72111
0.81658
0.74817
0.77446
0.86497
1.0116
0.79616
0.7709
0.73114
0.78163
0.79616
0.76736
0.7709
0.79068
0.90991
0.76033
0.79433
0.78886
0.80353
0.82794
0.82414
0.74645
0.72444
0.78343
0.97499
0.77625
0.75336
1.9409
0.74302
0.75162
0.69024
0.76384
0.70469
0.75683
0.72611
0.74302
1.6866
0.90991
0.7709
0.79616
0.72444
1.0257
0.73114
0.78705
0.67453
2.2803
0.96161
0.98401
0.81096
0.77268
1.3366
1.6106
0.88308
1.1402
0.91411
0.69024
0.68077
0.69502
0.70958
0.72778
0.71285
0.66988
0.72444
0.7145
0.72946
0.73451
0.70632
0.69984
0.74645
0.68391
0.69183
0.72444
0.74645
0.76913
0.67298
0.75162
0.71285
0.73114
0.74645
0.70469
1.1641
0.84918
0.75509
0.70958
1.6444
0.72946
0.7656
0.89536
0.86497
0.82604
0.84528
1.0814
2.2439
0.89536
0.95499
1.0814
1.099
0.93972
2.0324
0.75162
0.69823
0.74473
0.78163
0.7709
0.74645
0.77625
0.75336
0.80724
0.72946
0.70146
0.67143
0.71945
0.70307
0.69183
0.71121
0.71614
0.7656
0.78163
0.69984
0.66681
0.72946
0.72778
0.73451
0.69502
0.70795
0.69984
0.7656
0.75162
0.78524
0.74817
0.7396
0.70469
0.76033
0.69663
0.73621
0.75683
0.72444
0.68865
0.74302
0.74817
0.66374
0.69663
0.72778
0.78524
0.70307
0.77268
0.71285
0.67608
0.70795
0.71121
0.73114
0.69343
0.7379
0.74989
0.70795
0.70469
0.77625
0.6792
0.71285
0.72444
0.72946
0.70469
0.74817
0.69343
0.79433
0.71121
0.67764
0.7656
0.69502
0.72946
0.6792
0.66834
0.73451
0.74473
0.77804
0.73114
0.79068
0.7709
0.72946
0.72778
0.68391
0.70307
0.79983
0.72946
0.70146
0.9954
0.82414
0.93111
0.76384
0.8147
0.77446
0.82414
0.78705
0.86099
0.76033
1.2794
1.1803
0.73282
0.75162
0.69183
0.72444
0.72444
0.7709
0.70795
0.71285
0.76208
0.69024
0.77804
0.81283
0.79616
0.7396
0.70307
0.69343
0.73282
0.70469
0.70469
0.65917
0.7379
0.72444
0.76736
0.78524
0.7656
0.72444
0.71285
0.73114
0.69343
0.71614
0.71779
0.67298
0.71779
0.69984
0.75509
0.69663
0.69984
0.75162
0.74645
0.81658
0.72277
0.71614
0.75683
0.72778
0.76384
0.69823
0.71285
0.81658
0.72277
0.76033
0.70307
0.68234
0.65313
0.77983
0.68865
0.7379
0.7145
0.70146
0.75336
0.75162
0.72111
0.77446
0.76208
0.68707
0.75162
0.70632
0.72111
0.71945
0.68707
0.73282
0.72277
0.75509
0.69663
0.75509
0.74131
0.79616
0.67764
0.71614
0.78163
0.76736
0.73114
0.73114
0.91411
1.1041
0.71945
0.70632
0.75858
0.69343
0.81658
0.7379
0.71614
0.71945
0.72778
0.7379
0.70632
0.68077
0.69183
0.7396
0.70307
0.70146
0.72778
0.70307
0.74302
0.74645
0.72946
0.68391
0.73451
0.67143
0.72778
0.69502
0.77804
0.7709
0.68549
0.72611
0.70146
0.70632
0.71121
0.76736
0.73282
0.7396
0.76033
0.74817
0.73621
0.73451
0.72277
0.75858
0.80168
0.66834
0.72611
0.67298
0.73451
0.74989
0.71614
0.76913
0.7145
0.68707
0.7145
0.74989
0.74645
0.72778
0.70469
0.71285
0.80538
0.78886
0.74302
0.70307
0.7709
0.68865
0.72444
0.74473
0.7396
0.72111
0.73282
0.69183
0.74302
0.72277
0.75509
0.72444
0.75858
0.68077
0.79616
0.80353
0.74817
0.74645
0.75162
0.71945
0.70146
0.76033
0.75336
0.73621
1.0691
0.96605
0.92045
0.69663
0.87297
0.77268
0.74817
1.5346
1.1169
0.69183
0.70632
0.71614
0.78705
0.74817
0.6792
0.72277
0.78343
0.68865
0.73621
0.78886
0.7396
0.83368
0.76384
0.72444
0.69823
0.68391
0.73114
0.7145
0.70958
0.70146
0.67608
0.69024
0.73114
0.70469
0.70958
0.70307
0.71779
0.7396
0.67298
0.69343
0.70958
0.71945
0.74131
0.69343
0.68077
0.69183
0.72946
0.70146
0.69343
0.77804
0.65464
0.69663
0.71779
0.69502
0.69984
0.7145
0.69984
0.68707
0.65464
0.74131
0.74645
0.65766
0.7145
0.74645
0.73114
0.69502
0.7396
0.69984
0.78524
0.68234
0.67764
0.69663
0.76208
0.71945
0.71121
0.69823
0.76208
0.71779
0.7396
0.69823
0.66222
0.66222
0.70307
0.70469
0.73451
0.69984
0.68707
0.69183
0.71285
0.7379
0.72611
0.70307
0.69502
0.69343
0.69663
0.72778
0.68234
0.70795
0.70307
0.69663
0.67608
0.7379
0.65313
0.72778
0.7145
0.69663
0.73621
0.67764
0.69502
0.75509
0.71779
0.69663
0.68707
0.66069
0.64121
1.0423
0.89536
0.7709
0.77268
0.7145
1.7989
2.5119
3.4277
3.6141
3.3963
1.7022
1.8793
1.183
3.3651
1.652
1.7258
4.7206
6.4417
7.2946
5.1404
5.6494
5.6105
6.1235
5.821
2.4266
5.1286
0.84723
0.87498
1.0186
0.75683
1.1695
3.2137
6.6374
8.6896
4.6132
5.3333
6.1235
6.3533
9.5499
5.2481
8.6896
13.836
6.2087
7.5683
6.1944
1.1614
1.2474
0.93111
1.028
1.0864
2.4378
1.0351
1.8365
1.1041
2.0417
1.1194
0.75858
4.1687
8.6497
0.92257
0.82414
0.8995
0.80353
0.80538
2.8576
7.5683
8.356
9.4189
6.2951
10.046
3.2885
1.9498
1.3677
0.86099
0.98401
0.81283
0.85901
1.8197
0.9528
1.0399
0.82985
1.2445
0.85114
0.89743
0.94624
1.1803
0.92683
0.66527
0.80353
0.73451
0.73282
0.69663
0.74131
1.2445
0.73451
0.8531
0.90782
0.7709
0.75162
1.0965
0.86099
0.74645
0.84918
1.0139
0.74473
0.67764
0.71779
0.73114
1
0.84723
0.74302
0.7656
0.75162
0.84723
0.72111
0.70146
2.0464
0.72611
1.5205
0.7379
1.6749
0.9528
0.67764
0.69663
0.75683
0.71945
0.76033
0.68234
0.70469
0.70795
0.74989
1.8923
0.90573
0.69984
0.83176
0.74302
0.84918
4.8978
0.94406
1.0209
1.9634
1.2972
1.7022
0.77268
1.1535
0.94842
0.80724
0.71779
0.68549
0.83176
1.052
0.98855
1.374
0.90782
0.85704
2.0749
0.80724
1.8281
0.77625
0.798
1.2274
0.74302
0.68707
0.76208
0.80724
0.73621
0.7145
0.74131
0.69984
0.74817
0.70146
0.74645
0.74131
1.0666
0.68077
0.76208
0.72111
0.73282
0.77625
0.72277
0.72277
0.78163
0.70795
0.71779
0.7925
0.74302
0.67608
0.74131
0.72277
0.76736
0.78163
0.72277
0.69823
0.69502
0.71121
0.82604
0.82985
0.81658
0.74817
0.79068
1.1508
1.0093
0.70469
0.67143
0.67143
0.72444
0.75509
0.80168
0.73114
0.74989
0.7379
0.70307
0.75509
0.74645
0.72277
0.77983
0.72611
0.69183
0.72277
0.70469
0.73114
0.68707
0.91622
0.72277
0.76208
0.69502
0.72444
0.71285
0.69183
0.6792
0.72111
0.7145
0.67143
0.7396
0.78886
0.68707
0.68549
0.69183
0.66834
0.67764
0.7396
0.78705
0.74645
0.80353
0.76033
0.71285
0.74817
0.74645
0.74989
0.75509
0.68865
0.71614
0.74645
0.74817
0.72444
0.67453
0.80724
0.73114
0.76913
0.7379
0.74302
0.67298
0.70632
0.72444
0.7145
0.71121
0.71779
0.76208
0.74473
0.74817
0.75162
0.74302
0.75858
0.7709
0.7656
0.72946
0.78705
0.68549
0.74989
0.78163
0.71285
0.80538
0.76033
0.71945
0.70958
0.71779
0.8091
0.76033
0.77983
0.77804
0.83176
0.74989
0.76384
0.76736
0.74645
0.77804
0.73282
0.74645
0.70469
0.7656
0.73114
0.75509
0.76736
0.75858
0.78524
0.83946
1.3459
0.75858
0.71121
0.83176
0.75162
0.85704
0.87498
0.81846
0.90782
0.74817
0.91411
0.80168
0.8091
0.82224
0.70795
0.69984
0.72111
0.90991
0.76033
0.74131
2.1429
0.67764
0.76033
2.3496
0.76384
0.74817
1.6749
0.67143
0.76384
0.68707
0.71945
0.70958
0.70795
0.6792
0.71614
0.90157
0.73114
0.74473
0.64863
0.74817
0.7709
0.74817
0.69502
0.74645
0.71779
0.75509
0.78163
0.82224
0.75162
1.6181
0.75162
0.71779
0.87498
0.72111
0.73114
0.75509
1.4355
0.76736
1.0233
0.7379
0.76913
0.80724
0.82604
0.80724
1.0447
1.4521
0.68865
2.0606
2.8184
0.68707
0.70632
0.798
0.74989
0.78705
0.88716
1.7498
5.6885
4.7315
5.3827
6.0813
6.7298
6.4565
8.4918
6.4565
12.764
5.6105
6.1518
1.2445
2.2699
0.78886
2.2594
6.9343
11.194
4.592
5.9566
7.5683
5.7943
7.0632
6.368
6.2951
1.714
4.14
0.7709
0.71285
3.4435
5.6624
2.0749
6.1235
3.9084
1.0093
1.8578
1.4125
0.86896
1.0889
0.95499
1.5171
0.82604
1.3152
1.1455
0.74645
0.72111
0.78886
1.0617
0.9528
0.88105
1.0447
0.98401
1.2912
3.3729
0.81658
0.7709
1.1776
1.0069
0.94406
0.7925
0.798
1.2589
0.71614
0.7379
0.75336
0.80353
0.76736
0.72778
0.77804
0.73114
0.69343
1.1066
3.9264
1.4588
0.7396
0.74131
0.68234
0.66988
0.71285
0.71779
0.75858
0.77268
0.73282
0.70469
0.75162
0.8414
0.79433
0.7925
0.83753
0.74989
0.77983
0.73114
0.77268
0.66681
1.0789
0.74645
0.77446
0.71945
0.798
0.74817
0.76033
0.74473
0.72277
0.69183
0.76384
1.3583
0.81096
0.77983
0.71779
0.78705
2.958
1.2794
0.75683
0.7656
0.73451
0.7145
0.72277
0.72111
0.70632
0.73451
0.74131
0.69343
0.75683
0.74645
0.72611
0.76913
0.76033
0.73114
0.71614
0.71121
0.71945
0.68234
0.70307
0.69663
0.73114
0.7396
0.76736
0.78705
0.72611
0.72946
0.75509
0.8147
0.71779
0.67143
0.71945
0.73451
0.72277
0.74131
1.2388
1.2794
1.2735
1.0046
1.052
1.0641
1.0399
1.1041
0.92897
0.78524
1.4125
1.4454
0.73282
0.74131
0.72946
0.67298
0.76913
0.71614
0.71945
0.71945
0.7656
0.72946
0.74473
0.71121
0.82224
0.76913
0.69984
0.75336
0.68707
0.79068
0.73114
0.72277
0.76913
0.68077
0.68865
0.70958
0.67298
0.69343
0.69024
0.75683
0.76033
0.73114
0.74817
0.77804
0.71779
0.73114
0.68865
0.71285
0.6792
0.73114
0.69343
0.80353
0.70469
0.68391
0.69183
0.71121
0.69984
0.93325
0.96828
0.82035
0.80168
0.85507
1
0.78524
0.7656
0.74989
0.72111
0.77983
0.81846
0.78886
1.574
0.72611
0.72946
0.97275
4.1591
0.72444
0.69502
0.73114
0.70795
0.71779
0.72611
0.65614
0.72444
0.69663
0.76736
0.75858
0.71779
0.69183
0.68391
0.69183
0.64863
0.66834
3.3806
4.9431
12.19
8.5507
7.2946
10.093
7.8524
6.5313
4.7973
4.4978
8.9125
1.5066
6.9984
0.8147
0.83368
0.83946
4.9888
0.87297
2.3605
8.2414
0.75858
0.7709
3.1261
10.304
9.8175
6.3533
10.186
9.4406
6.5766
6.0256
5.3333
10.093
6.8391
9.1622
8.3753
9.8628
9.3756
7.9068
12.274
6.2087
6.4714
10.023
10.94
2.2646
0.91833
1.9999
3.0761
1.3428
0.73282
0.70632
0.72611
0.79983
0.75683
0.79616
0.75162
0.74473
0.77268
0.78343
0.77446
0.75509
0.83368
0.86896
0.78163
1.766
0.76384
0.74645
0.73451
0.70469
0.75858
0.73451
3.3113
3.0409
0.86696
4.217
0.77446
4.9774
0.78886
0.93325
0.77983
1.6293
2.2803
3.3729
6.5615
0.70958
6.368
9.6383
7.2444
8.1096
7.9068
8.1283
9.7724
5.4576
15.346
5.4325
5.236
7.5509
8.091
17.378
6.5163
9.3111
7.0632
11.83
8.0538
2.8708
2.0941
0.9528
3.2509
5.4576
11.041
4.3752
13.213
10.691
12.078
6.3533
22.542
10.162
7.6033
7.925
5.4075
1.2706
0.92683
0.78886
0.75683
0.8995
0.96605
2.1429
1.5849
0.8995
1.4355
3.0761
6.5917
0.98628
0.8531
0.87902
0.81283
0.92045
0.74473
0.87902
0.8356
0.82794
0.72946
0.74989
0.88716
0.70632
4.6774
4.5604
5.0003
0.73282
4.9204
3.7411
0.82985
0.87297
0.74131
0.87297
0.81096
0.80724
1.1722
7.6208
1.1508
0.87096
0.7396
0.69984
0.83946
0.87096
0.7656
0.82604
0.79616
0.80168
0.84528
0.74131
0.80538
0.84918
0.82035
0.74989
0.81846
0.87902
0.89125
0.76033
0.73451
1.8967
1.762
1.3552
1.5382
0.77983
0.72611
0.798
0.86497
0.798
1.0715
1.4928
0.75336
1.5488
0.8414
2.3335
0.87096
2.2803
1.0641
4.217
4.9204
5.9293
8.9743
5.6624
5.2966
6.9984
10.641
6.9823
7.2778
5.7148
8.2604
9.3756
11.722
9.6828
6.4417
8.6896
8.5901
6.9183
6.9502
7.1779
6.7453
6.5464
5.3211
9.0991
7.0958
7.8705
8.0724
1.1912
1.6558
0.9594
0.877
0.7656
0.78705
1.1376
0.798
0.79068
0.91622
0.86298
1.1402
1.1376
0.95719
1.256
1.135
1.4894
1.0233
1.4454
2.3823
1.9543
2.8973
0.83946
0.90157
4.6238
0.77625
0.78886
0.75858
0.89331
0.798
2.9785
0.80353
0.76384
0.75162
2.541
5.9704
1.6482
1.2735
1.1298
0.87297
1.3243
3.4356
6.9024
8.3946
6.9823
7.3282
7.3282
8.6696
6.223
7.5162
6.5163
9.2683
10.965
6.1518
9.7949
8.0538
7.8705
8.3176
10.28
13.9
10.789
7.7268
6.792
10.046
10.423
15.776
7.2277
10.641
11.94
7.0795
7.6384
7.4817
5.3088
6.2373
25.823
5.7544
6.8707
12.331
12.023
9.2683
2.8379
1.094
1.5959
0.98175
1.0864
1.9498
3.6058
5.2845
4.8978
0.79616
0.77983
1.1749
12.677
8.9536
8.4918
10.023
7.2277
