2.7797
1.1668
1.074
0.90157
0.90573
1.052
0.86099
1.0399
3.581
5.6885
3.6224
0.86298
1.8493
1.3305
1.9055
1.2794
1.1455
0.90365
0.87498
1.0864
0.81846
1.0399
1.1066
0.97051
0.98175
0.94624
2.421
5.2
0.77804
0.86497
0.99083
8.147
6.5917
7.2111
1.3397
1.6482
1.4928
1.766
0.82224
2.0654
4.4771
5.821
5.781
2.3659
5.2966
3.281
2.6363
4.1495
3.281
1.1641
2.5942
10.839
1.1298
0.8995
0.8147
1.7579
1.3092
5.8345
10.641
3.3806
6.4269
5.821
7.5858
6.792
11.695
6.6527
4.7753
3.9628
1.2106
2.3714
1.7701
4.0087
1.256
0.8414
0.87297
3.5892
6.5615
5.902
6.9663
3.8726
19.907
3.7068
0.98401
0.87498
0.8531
0.84723
0.74817
2.5942
3.8371
1.1588
4.8529
5.7677
1.1015
1.3213
1.0423
1.5031
1.3032
1.2106
1.0495
1.2853
1.39
1.3092
1.0471
1.2417
1.1885
1.2474
1.3552
1.2735
1.0889
1.0093
1.1246
1.256
1.5311
1.4825
1.3062
1.3122
1.1508
1.3397
1.3836
1.5136
1.0399
1.1695
1.2735
1.0495
1.1376
1.0046
1.0495
1.2474
1.1561
1.5959
1.2589
0.95499
1.1324
1.1695
1.5776
1.1641
0.85114
1.4588
0.8414
1.194
0.89125
0.79799
0.94624
0.79799
1.2882
0.85114
0.82794
0.8531
2.0417
0.93972
1.556
2.6303
4.4566
1.4454
1.0162
0.95499
0.90991
1.0162
0.93111
1.9364
1.3996
1.0814
0.85901
0.8531
1.0209
0.84528
2.3605
6.6222
1.39
0.9528
1.0641
0.86298
1.1402
0.80724
1.1298
1.2474
1.0023
1.1885
1.1015
1.5596
1.4028
1.714
1.3397
1.3335
1.4825
1.2618
1.0889
1.0914
1.0568
1.3002
1.6218
1.2246
1.0641
1.1272
1.205
0.80538
1.2531
1.2134
0.92045
0.94406
0.92045
0.80353
1.3335
3.069
1.0209
1.9454
1.3996
1.4289
0.89743
1.0139
0.877
0.77625
0.7379
1.0789
2.799
3.3574
2.9923
0.86696
0.9506
1.135
1.374
1.052
1.5311
1.5959
2.6424
5.3333
7.2946
0.99541
0.97275
0.75162
0.93541
1.556
0.83946
0.78705
22.646
5.0816
7.4302
4.6666
4.0365
6.9502
6.2661
3.7497
1.9999
1.2359
1.1614
1.3709
3.2285
1.3243
3.0903
3.8019
5.7544
6.5766
1.3772
1.0399
0.83753
1.6596
3.2961
1.3152
1.0233
1.349
1.2162
1.1272
1.2706
1.2078
1.1482
1.0965
1.1722
1.2677
1.2134
1.4723
0.94406
0.90573
1.028
1.0889
1.2706
2.5704
0.86896
0.94842
0.82604
0.84528
0.86099
2.0324
3.6141
1.4928
1.0471
1.0257
1.8239
1.9409
3.0061
11.455
15.382
3.8459
6.9183
4.6238
14.421
1.8535
1.094
2.704
0.76736
0.90365
1.0889
0.97724
0.91201
2.4378
1.9543
0.82604
0.7925
0.77983
0.7379
0.84528
1.1194
0.94624
0.96605
0.85704
0.91201
0.95719
0.94189
0.87297
1.2474
0.90991
0.8892
0.93756
0.81846
1.0641
0.78886
0.88105
0.8995
0.81846
0.97724
1.2246
1.4421
1.2388
1.2794
1.4322
3.1989
3.6308
5.5719
4.217
6.9183
0.94406
0.81096
1.2445
1.7022
3.9719
1.2882
0.85114
0.8414
0.71945
0.81658
0.82414
0.90157
0.83176
0.83946
0.89743
0.80353
1.349
1.9099
2.1928
2.3227
1.5959
0.77268
0.82794
0.7656
0.77268
0.79433
0.76384
0.74302
0.78343
0.8091
1.1015
0.82414
1.4488
1.5311
2.958
1.0544
0.8147
0.86696
0.78705
0.77804
0.76384
0.76033
0.85901
0.72111
0.78163
0.74473
0.78886
1.3583
1.6293
2.1038
0.75858
0.8147
0.91622
0.87096
1.7579
1.0375
1.2677
0.95719
1.0691
1.6144
2.0606
1.3397
1.0544
1.8323
1.5066
1.5066
0.76736
1.2706
2.6669
0.75858
0.74302
0.75509
0.75683
0.80168
0.91833
0.78524
0.74302
0.81846
0.82224
0.84918
1.0162
2.9107
3.3497
8.0353
9.594
1.2764
0.92683
0.89536
1.0789
1.0765
1.2388
1.1614
1.2823
1.7179
0.94624
0.86896
1.0304
1.2388
1.0423
1.0233
1.1324
1.0641
1.183
1.0023
1.3152
1.2417
1.2823
1.2735
0.94842
0.83946
0.81846
0.9977
1.2106
1.0544
3.013
2.3605
0.82794
0.7379
0.79068
3.2137
4.6026
0.73961
0.79616
0.74989
0.80353
0.7925
0.87096
0.72946
0.81096
1.0093
0.98175
0.88105
1.9953
0.91411
0.94189
0.84918
1.1169
0.93756
1.122
0.91833
1.5885
0.84918
0.84723
0.87297
1.122
0.86497
1.5959
0.75162
0.73282
0.82414
0.8091
0.82414
0.81096
0.87297
0.83368
0.81283
0.77268
0.87498
0.8356
1.4555
0.87902
0.82794
0.91411
0.81846
1.1298
1.2331
0.76384
0.75683
1.6749
1.4997
1.1117
0.92683
1.0568
1.1561
1.0814
1.1858
1.3932
1.4791
1.5885
0.77804
0.83753
0.98628
0.81283
0.78343
0.88716
0.80538
0.90573
0.8531
0.8414
0.79068
0.83946
0.82414
0.8147
0.98175
0.7379
0.86497
0.82985
0.70307
0.94842
0.85507
0.88512
0.79616
0.72611
0.79983
0.95719
1.3868
0.9977
0.76033
0.83176
0.8356
0.77625
0.76736
0.80353
0.84723
0.8147
0.82224
0.88716
1.0423
0.96383
0.7925
0.96161
1.0399
0.91833
0.74817
0.90991
0.82035
0.88512
0.7709
0.76033
0.74302
0.75336
0.87096
0.81658
0.75162
0.90365
0.76913
1.2303
1.0593
1.2445
1.052
1.1508
1.349
0.97275
1.0399
1.0423
0.93756
0.89536
0.93972
0.83176
1.0257
1.028
0.92897
0.82985
1.094
1.5171
1.4421
0.77983
0.85901
0.86497
0.87297
0.83368
1.5959
2.6182
2.7925
2.6424
2.1528
1.1482
0.77804
1.099
0.78886
0.86497
0.77446
1.7179
4.6452
1.194
1.0965
0.94406
0.91833
0.86896
0.71614
0.88716
0.86896
0.8091
0.90573
0.8531
0.8356
0.97499
1.3804
1.5311
1.4355
1.9907
3.4514
4.592
5.2966
8.3946
6.0814
4.0738
0.94842
3.5645
1.0423
1.4791
0.72277
2.208
0.96828
1.1324
0.82224
0.82794
0.7709
0.9594
0.99541
1.3552
1.6181
4.0551
3.4834
4.9774
6.6988
4.0926
0.96383
0.98175
0.9528
1.2706
0.96161
0.93756
1.5453
0.79799
0.75336
0.74302
0.70469
0.77625
1.0186
2.541
4.5814
3.281
4.8865
8.5704
8.5507
5.3333
9.1201
5.6234
4.1879
5.3951
12.388
9.528
22.08
6.6374
4.0458
5.6494
4.1976
8.414
5.7016
3.8815
1.8967
1.052
5.5335
6.4417
2.4774
9.7275
5.6624
4.529
2.0654
4.8978
6.2517
4.4566
22.336
7.709
6.6988
6.1802
6.166
5.6105
6.2951
7.925
16.749
6.8391
5.6364
7.3451
3.5645
4.1495
1.9953
2.4604
10.139
6.0256
3.4277
4.5082
1.3274
0.86696
1.9143
2.9992
0.93972
3.1333
3.2885
0.70146
0.73621
0.74473
0.89536
0.92257
1.1143
3.767
2.851
4.1783
4.9431
7.3961
3.2211
2.2646
2.1232
2.7227
9.8175
5.3456
7.7625
1.3243
2.4547
2.8249
3.1696
3.1405
6.5013
4.0272
16.293
6.4565
8.2604
2.3442
1.888
2.8249
5.3456
0.77446
1.6482
0.85704
2.2646
3.4198
2.3823
21.528
3.8194
0.77983
2.7416
2.1429
1.0568
1.2359
0.86896
0.78524
0.76384
0.97051
0.8147
0.75336
0.80168
1.4928
1.574
4.8195
2.4378
2.6915
3.4356
4.5082
11.995
4.7973
4.529
4.9545
24.155
3.4435
4.4463
0.81658
1.3836
1.0209
2.1038
2.1677
3.6392
3.4995
2.3014
1.2677
3.0832
3.2137
0.97051
1.0495
1.2912
0.77446
0.8091
0.94624
0.84723
0.78343
0.92683
2.2646
2.6122
4.6452
1.7022
1.3964
1.3428
0.77983
3.0761
1.2274
6.8707
5.7677
9.5719
3.8459
6.9502
3.5563
1.1041
0.94189
1.1749
1.2764
1.0233
1.0691
0.96383
0.93325
0.8356
1.0186
2.9512
3.4834
5.8076
2.2542
1.3804
2.0512
1.9143
3.1989
3.9537
4.2073
1.9953
1.0375
3.1477
2.9444
5.7677
3.54
14.289
3.8107
2.0091
3.9264
2.4378
1.8113
7.1779
2.9242
2.6242
0.90157
0.8356
1.4588
1.1803
0.78343
2.1777
0.84723
1.7824
2.5351
1.3868
2.7227
2.1777
1.8072
4.0832
3.8637
5.358
4.6452
5.9156
25.823
1.9907
1.0162
0.83368
1.714
17.022
8.356
5.1286
2.9785
3.8905
4.1305
2.4774
3.2734
4.7753
1.4028
3.6224
2.4099
21.777
6.1944
2.3281
18.365
26.73
2.6607
2.8249
1.406
1.4928
2.7542
2.0324
3.6058
13.74
13.152
4.2073
17.865
22.491
32.734
8.9536
3.9537
3.4914
4.8641
20.512
4.2073
2.3714
26.062
5.0466
4.2855
6.5163
5.1051
16.827
18.03
16.711
6.1094
17.258
22.751
23.659
18.072
26.669
23.388
18.793
2.4378
16.904
10.375
28.576
3.7844
2.2284
2.2029
6.4121
21.627
4.6452
3.2659
23.067
8.4528
2.1777
1.7418
18.793
6.1376
17.947
28.907
22.961
18.707
3.1989
22.08
2.8642
5.42
2.7479
5.0466
2.3388
2.7797
2.3933
2.8314
3.02
14.125
9.9541
20.137
23.067
21.38
21.627
20.324
17.906
26.122
19.055
22.909
19.454
5.4702
2.6977
20.797
22.803
23.442
5.821
15.205
7.0958
22.233
15.74
19.099
10.375
21.878
19.953
19.999
21.33
15.031
16.218
15.74
24.717
21.33
20.417
9.6605
23.067
17.701
24.889
3.5563
23.227
17.338
6.166
2.0797
2.9444
3.7239
19.953
20.277
26.182
14.158
22.856
20.989
17.989
3.2137
7.1121
23.442
29.992
27.04
21.33
20.184
25.119
21.727
23.878
18.707
6.8234
22.336
18.535
26.122
20.464
20.845
22.594
26.669
20.37
8.147
26.792
23.281
20.184
7.0146
21.429
17.989
20.417
18.923
14.521
13.646
11.83
13.274
12.706
8.3176
5.902
10.544
18.072
9.506
11.482
5.8076
22.439
17.378
14.388
5.6494
6.4417
14.655
17.1
17.66
11.117
6.6988
18.281
14.454
21.038
19.187
21.478
2.8642
21.627
9.6605
4.0551
18.707
19.187
20.277
7.2611
20.23
9.0157
4.1976
12.882
10
17.179
19.999
17.298
9.528
19.231
17.865
9.0782
7.5336
20.701
8.2794
6.2806
10.99
8.6497
5.0234
19.187
5.0003
13.366
6.6681
17.298
12.246
7.9433
25.527
7.8524
25.468
21.478
23.227
14.191
15.959
17.824
8.5901
19.724
21.577
5.3456
5.445
12.162
14.894
2.0464
8.8105
13.092
6.792
1.9953
6.5615
5.2845
2.2961
0.83946
0.86099
6.9823
7.5162
4.6238
5.7016
6.6527
7.6384
5.3951
5.3456
13.964
4.8641
9.5499
0.82794
3.6813
5.7677
6.9984
1.803
4.9545
6.9663
7.6033
8.8105
15.996
8.4723
5.3456
1.3428
5.0582
7.5858
4.102
6.3826
5.821
2.7102
2.0277
12.19
7.9799
14.355
2.1928
2.1086
4.2658
4.9431
13.305
7.145
4.5082
2.7925
2.8973
4.4157
3.5156
4.4566
7.2277
4.6881
6.1802
7.6208
2.3442
2.0893
1.6218
5.0816
4.6345
3.9811
3.8459
2.1478
2.3014
19.634
5.6105
1.9011
0.89536
0.89743
3.7757
2.9376
2.704
2.2131
8.4918
5.1642
4.1687
6.7453
3.7068
8.147
6.6069
4.7973
0.87297
7.0146
7.1285
4.6132
0.94624
7.145
1.2942
1.9724
1.3274
3.4356
2.3605
4.7098
3.6392
9.6383
3.3113
2.8907
0.99541
2.4717
1.2764
2.8774
2.7925
7.0795
2.9242
5.4954
2.3227
0.9528
2.0845
1.1169
2.3878
1.0304
1.6106
3.6141
3.5318
1.2882
2.6977
1.0139
2.1677
2.5645
0.98175
1.1455
3.1696
1.2417
1.0617
1.0257
1.3183
0.97051
0.96383
0.94189
1.0093
0.96161
7.9068
3.1769
0.8892
1.5959
0.88716
1.2503
0.86497
0.94842
0.93325
1.0447
0.89743
0.98855
0.81283
0.83176
0.93756
0.9247
1.1169
0.85901
1.4894
0.84918
1.0375
1.0864
0.877
0.90157
0.81283
1.0593
0.89331
1.7701
4.121
0.94624
0.89125
2.4547
0.87902
0.97051
1.0046
0.87498
0.84333
0.81658
0.89125
0.78163
0.92897
0.92683
0.85901
0.96161
0.97949
0.92045
0.90573
0.93325
0.92257
0.90157
0.88308
0.94624
1.0544
0.88512
0.93325
1.0209
0.92897
0.99312
0.91622
0.80538
0.86497
1.0471
0.877
0.89743
1.0093
0.97499
0.96828
1.1588
0.88512
0.96605
0.90782
0.91411
0.97499
0.81283
1.0495
0.9977
0.8356
0.86298
0.91411
0.84333
0.91201
0.90991
0.91622
0.85704
0.877
0.87297
0.74302
0.93972
0.84528
0.74131
0.86099
0.90157
0.74645
0.88512
0.87297
0.78524
0.92683
0.97051
0.8995
0.80353
0.80724
0.84723
0.82035
0.8147
0.88105
0.91622
0.83946
0.92897
0.90782
0.92683
0.92897
0.83753
0.86099
0.9594
0.89743
0.87297
0.96828
0.95719
0.89743
0.98628
0.86497
0.89331
0.88308
0.9528
0.93111
1.803
1.4757
0.85507
1.1041
0.83946
0.98175
1.0593
1.0691
1.1194
0.97051
0.98175
0.78705
1.0186
0.8995
0.84723
1.1508
0.83176
0.84723
0.79068
1.122
0.79616
0.83946
0.82794
0.80168
1.0666
0.80353
0.90365
1.2794
2.1928
1.0641
1.3996
2.9309
2.6853
2.2594
2.2233
2.1429
2.6424
2.1478
1.71
1.7378
2.5645
1.9055
1.7783
2.2594
2.0845
2.1086
1.803
1.803
1.6482
1.9634
1.6368
1.4588
0.94624
1.0209
1.1169
0.90573
1.1776
1.0814
0.9506
0.97499
0.90782
1.0839
1.1429
1.0568
0.96828
1.0765
0.97051
0.8892
1.135
1.0351
0.99083
0.92897
1.0765
1.052
1.0351
0.99541
0.85901
0.97499
0.98628
1.0617
1.0965
0.85114
0.85507
0.84723
0.94189
0.92683
1.0209
1.1429
1.0914
1.0641
1.4125
1.0093
1.0839
1.052
0.95499
0.96828
0.96383
0.9594
1.0375
0.91201
0.9977
0.94842
0.94842
0.95499
0.9594
0.91622
0.98628
0.93325
0.89536
0.98855
0.88716
0.9594
0.96383
0.97275
0.91833
0.94842
0.85901
0.8995
0.86896
0.83946
0.89743
0.98855
0.90157
0.89536
1.0046
0.89743
0.91622
0.89536
0.90782
0.91201
0.89331
0.90782
0.89331
0.90365
0.9594
0.93972
0.86497
0.9247
0.89536
0.87902
0.84723
0.93325
0.9506
0.95719
0.88716
0.8892
0.86298
0.91622
0.9506
0.8356
0.88512
0.86497
0.90157
0.9594
0.88512
0.88512
0.93541
0.88308
1.0375
0.90157
0.98401
0.96161
0.9594
0.95719
0.91201
0.89331
0.93972
0.96383
0.89536
0.9977
0.91622
0.90157
0.87902
0.87498
0.92045
0.88512
0.8995
0.82794
0.89743
0.83753
0.94189
0.82224
0.89331
0.90782
0.91622
0.82414
0.86896
0.89743
0.84723
0.89331
0.89331
0.86497
0.90157
0.88512
0.83946
0.94842
0.93111
0.95499
0.85114
0.87096
0.91622
0.87902
0.84333
0.97724
0.89743
0.88105
0.8995
0.89743
0.84333
0.877
0.83176
0.94406
0.91833
0.8892
0.88105
0.87902
0.90782
0.98855
0.83753
0.88716
0.90782
0.91411
0.89125
0.86298
0.85114
0.91622
0.85507
0.86099
0.80168
0.82414
0.8414
0.82794
0.877
0.79616
0.90991
0.87498
0.86099
0.8414
0.85704
0.87498
0.88105
0.8414
0.82794
0.89125
0.81096
0.8356
0.83946
0.81658
0.76208
0.82414
0.76208
0.8091
0.8414
0.79068
0.83368
0.77625
0.73282
0.75162
0.80168
0.86099
0.75683
0.76033
0.80538
0.80724
0.75336
0.7925
0.80168
0.75509
0.79616
0.79616
0.75858
0.78163
0.75683
0.80538
0.77804
0.78163
0.75162
0.78343
0.88716
0.77625
0.83176
0.85901
0.79983
0.75683
0.78163
0.74645
0.77268
0.73282
0.77804
0.8147
0.78524
0.74302
0.76736
0.79433
0.83368
0.85507
0.8091
0.85507
0.77804
0.81846
0.7925
0.81658
0.76913
0.81658
0.81096
0.82794
0.77446
0.8147
0.89536
0.8356
0.84528
0.7709
0.87297
0.79983
0.7656
0.8091
0.80168
0.7656
0.74989
0.76208
0.82414
0.80538
0.7656
0.77446
0.77625
0.87498
0.7709
0.78163
0.80724
0.77625
0.76033
0.82224
0.80724
0.81096
0.78163
0.82604
0.8147
0.80538
0.84918
0.77983
0.77804
0.86099
0.82035
0.82604
0.83368
0.78524
0.80168
0.81658
0.82414
0.79068
0.77983
0.87902
0.81658
0.81846
0.77804
0.88308
0.73961
0.83753
0.76208
0.80168
0.77268
0.7709
0.83753
0.82414
0.76384
0.77983
0.8356
0.78886
0.86896
0.77268
0.77804
0.83176
0.84918
0.82414
0.77268
0.81658
0.81846
0.86497
0.85901
0.74817
0.77983
0.8091
0.74131
0.81283
0.90991
0.86099
0.84918
0.79433
0.78163
0.83946
0.79983
0.77625
0.80168
0.87498
0.81096
0.76384
0.8147
0.77625
0.81096
0.78705
0.82414
0.8147
0.78886
0.7656
0.78524
0.75509
0.8356
0.81096
0.82414
0.77804
0.82985
0.82604
0.86099
0.81096
0.75858
0.86896
0.83946
0.79983
0.78705
0.77983
0.81283
0.84723
0.83753
0.7925
0.83176
0.84723
0.78343
0.80168
0.79616
0.79068
0.83368
0.74989
0.81658
0.80538
0.78886
0.81096
0.76033
0.75509
0.77625
0.76384
0.8091
0.77983
0.79799
0.75336
0.80538
0.77804
0.77625
0.80168
0.74645
0.75858
0.7656
0.75336
0.8356
0.8091
0.7709
0.79068
0.75509
0.81096
0.79068
0.79616
0.77804
0.84333
0.83753
0.79433
0.80353
0.78705
0.78163
0.81846
0.79983
0.78163
0.81846
0.76736
0.83753
0.83176
0.78343
0.76736
0.77625
0.85704
0.80353
0.8147
0.74131
0.7925
0.77268
0.79983
0.82985
0.77625
0.74473
0.82414
0.72778
0.76208
0.80168
0.83368
0.80724
0.79983
0.72611
0.83368
0.75683
0.78524
0.77268
0.75683
0.7925
0.74131
0.82035
0.76033
0.80724
0.76913
0.77625
0.81283
0.75683
0.74645
0.78343
0.79433
0.79616
0.80353
0.83753
0.79616
0.78705
0.79799
0.81283
0.78886
0.80353
0.75858
0.85507
0.7379
0.78886
0.80168
0.78524
0.78163
0.76913
0.80353
0.80353
0.82985
0.77446
0.77625
0.75683
0.75858
0.80353
0.8147
0.77625
0.77446
0.7925
0.79799
0.80724
0.77804
0.7656
0.80538
0.83946
0.77804
0.75683
0.80353
0.76736
0.72111
0.74817
0.82794
0.73961
0.76736
0.76736
0.74817
0.71614
0.73961
0.75162
0.7925
0.74645
0.82224
0.86099
0.78705
0.77446
0.79616
0.77625
0.75162
0.69183
0.73451
0.80353
0.75162
0.78524
0.78524
0.81096
0.73961
0.75683
0.80168
0.80538
0.74131
0.7709
0.7379
0.74989
0.77446
0.74302
0.72444
0.77268
0.75162
0.77983
0.85704
0.75162
0.76033
0.79616
0.76913
0.75162
0.71285
0.78524
0.74473
0.74989
0.72611
0.75509
0.75683
0.75336
0.83176
0.73621
0.74989
0.78524
0.79799
0.79068
0.7656
0.7656
0.75162
0.76033
0.75683
0.77268
0.75336
0.75683
0.7709
0.76033
0.78343
0.80724
0.78524
0.75162
0.75683
0.74302
0.74473
0.76384
0.79068
0.78343
0.7379
0.7656
0.75509
0.75336
0.72778
0.82414
0.73961
0.71285
0.81283
0.74302
0.80353
0.7925
0.75336
0.75858
0.75509
0.79433
0.78163
0.78886
0.73282
0.79983
0.73961
0.72444
0.84918
0.75683
0.7656
0.7379
0.84528
0.78524
0.7925
0.76208
0.74645
0.77268
0.79983
0.73451
0.74473
0.74989
0.80168
0.86497
0.7709
0.77268
0.73282
0.73282
0.75509
0.71945
0.73621
0.74645
0.76384
0.88105
0.82224
0.74645
0.76033
0.80168
0.79616
0.74473
0.88105
0.76208
0.78343
0.76033
0.75509
0.72946
0.77983
0.7656
0.82985
0.74473
0.77446
0.86298
0.77446
0.74989
0.77268
0.77446
0.7925
0.8091
0.87498
0.78163
0.74473
0.76736
0.71285
0.83753
0.76384
0.74645
0.74645
0.7925
0.76033
0.7656
0.79799
0.80724
0.76384
0.73961
0.71121
0.79068
0.76913
0.72444
0.74989
0.75509
0.73114
0.80538
0.74131
0.78343
0.72444
0.74817
0.82985
0.74645
0.72611
0.74989
0.7379
0.81096
0.7656
0.7709
0.83368
0.76384
0.72778
0.77804
0.80724
0.73282
0.76208
0.78886
0.73961
0.73961
0.7709
0.77446
0.79983
0.7145
0.74131
0.78524
0.83176
0.76913
0.76033
0.77268
0.75509
0.7656
0.73961
0.80538
0.77804
0.76736
0.77268
0.74131
0.73961
0.76033
0.75162
0.74473
0.73282
0.83176
0.76208
0.7925
0.82035
0.77446
0.76736
0.75858
0.74645
0.78524
0.82604
0.77446
0.73621
0.77983
0.73282
0.77804
0.74817
0.75162
0.74645
0.78705
0.79433
0.82224
0.74645
0.77983
0.79616
0.75858
0.7656
0.80724
0.78343
0.82035
0.86696
0.71945
0.74302
0.76913
0.79616
0.78886
0.77804
0.75683
0.81283
0.81658
0.75683
0.78163
0.75858
0.7709
0.77983
0.76384
0.77804
0.79433
0.7925
0.73451
0.75509
0.76736
0.77446
0.84528
0.79799
0.87902
0.77625
0.78163
0.75162
0.77268
0.78705
0.76736
0.75509
0.78524
0.83946
0.80724
0.7709
0.8147
0.76033
0.78163
0.75336
0.8356
0.74989
0.75858
0.75509
0.80353
0.78886
0.75858
0.79983
0.82985
0.81846
0.78343
0.7925
0.79068
0.81658
0.82414
0.79799
0.82035
0.7925
0.73621
0.75509
0.7709
0.77804
0.76736
0.73961
0.7379
0.77983
0.71285
0.77446
0.75162
0.74817
0.77268
0.7925
0.77983
0.80538
0.75683
0.8356
0.87498
0.89331
0.76736
0.74473
0.74473
0.77983
0.87297
0.81283
0.84528
0.75336
0.75683
0.76736
0.77446
0.74989
0.79616
0.74131
0.84528
0.74131
0.85507
0.80168
0.80538
0.7709
0.81096
0.82414
0.85114
0.82604
0.76913
0.84723
0.73451
0.82794
0.83946
0.73451
0.71945
0.85114
0.73282
0.79983
0.84333
0.77446
0.7656
0.7709
0.76384
0.74645
0.70958
0.75162
0.74989
0.72611
0.7379
0.77983
0.73451
0.78343
0.76033
0.7379
0.84918
0.72111
0.79983
0.79433
0.77983
0.73282
0.7145
0.72778
0.72778
0.73621
0.72946
0.71779
0.74645
0.71285
0.73961
0.73114
0.72946
0.73282
0.79433
0.74645
0.77983
0.76736
0.8356
0.78705
0.73282
0.76208
0.76033
0.77625
0.80168
0.71614
0.75858
0.76736
0.73961
0.72778
0.74989
0.74473
0.71285
0.72444
0.69823
0.71121
0.72611
0.7145
0.76208
0.73114
0.72277
0.72946
0.72277
0.70469
0.74131
0.72946
0.75683
0.72444
0.79983
0.75683
0.69502
0.74131
0.75162
0.72778
0.73282
0.74989
0.72277
0.71285
0.71779
0.72444
0.7379
0.70795
0.73451
0.75683
0.71285
0.71614
0.72778
0.70958
0.73451
0.70958
0.73114
0.71121
0.72444
0.70795
0.73961
0.71121
0.71121
0.71121
0.75858
0.71285
0.73621
0.75336
0.70958
0.76033
0.70795
0.7379
0.72277
0.68077
0.71779
0.71285
0.72778
0.76033
0.79616
0.75162
0.73282
0.74817
0.78343
0.76208
0.69823
0.75683
0.77268
0.76384
0.72277
0.71285
0.78524
0.74473
0.69984
0.71945
0.76736
0.72111
0.69823
0.79799
0.7709
0.75509
0.71121
0.76913
0.69183
0.71779
0.78343
0.83368
0.76208
0.80168
0.76913
0.89331
0.78886
0.72946
0.7709
0.76384
0.80724
0.8091
0.77804
0.85901
0.78163
0.73621
0.73451
0.73621
0.74131
0.7379
0.7656
0.82985
0.7145
0.76736
0.87498
0.80168
0.74645
0.74645
0.72946
0.73621
0.73114
0.76033
0.81283
0.78163
0.74645
0.75336
0.84723
0.7145
0.73961
0.74645
0.82414
0.86497
0.84333
0.79068
0.73621
0.75683
0.78886
0.79799
0.76033
0.72444
0.75683
0.82224
0.77446
0.67764
0.74645
0.72444
0.76736
0.76913
0.73114
0.71614
0.75336
0.70469
0.72277
0.7709
0.72778
0.81658
0.7379
0.71285
0.75336
0.80353
0.73961
0.72111
0.74645
0.85901
0.71121
0.7656
0.82224
0.82414
0.86497
0.91833
0.76384
0.84918
0.73282
0.78343
0.74645
0.78886
0.82035
0.75858
0.80353
0.72778
0.78343
0.74473
0.81096
0.79983
0.8091
0.73961
0.94406
0.84723
0.77446
0.80353
0.72946
0.89743
0.78705
0.78163
0.78163
0.74645
0.91411
0.78705
0.74302
0.83946
0.78705
0.8091
0.78163
0.80353
0.78886
0.76736
0.81658
0.74302
0.81096
0.83368
0.82794
0.89125
0.80168
0.85704
0.75509
0.75683
0.7709
0.74989
0.78524
0.74989
0.75509
0.85901
0.76913
0.83368
0.78343
0.7925
0.74302
0.75683
0.72611
0.76033
0.77804
0.7709
0.79433
0.77625
0.82035
0.78705
0.77446
0.75509
0.79433
0.73451
0.83946
0.73282
0.82414
0.86896
0.76913
0.79433
0.77983
0.83176
0.72111
0.71614
0.72778
0.73114
0.7656
0.70958
0.71121
0.73114
0.74131
0.77983
0.8147
0.70958
0.73451
0.70795
0.72111
0.74473
0.70958
0.73114
0.67143
0.72111
0.71614
0.77983
0.76033
0.71945
0.7656
0.74817
0.74817
0.71945
0.70632
0.70307
0.77268
0.7656
0.71121
0.71779
0.72611
0.71945
0.74989
0.76208
0.7379
0.73114
0.69502
0.69984
0.72111
0.7145
0.72611
0.68549
0.75858
0.73961
0.75683
0.70469
0.79983
0.74302
0.68865
0.71285
0.72277
0.70795
0.70146
0.71285
0.72277
0.71285
0.74645
1.5631
0.78705
0.81846
3.0761
1.714
0.81658
1.0914
0.85507
0.81658
0.80724
0.90365
0.76913
0.77804
1.2764
0.85704
0.86099
0.82794
0.877
0.87096
0.94189
1.0257
0.92683
0.86497
0.98175
0.8892
0.92683
0.97724
0.91411
0.89743
0.81096
0.85901
0.88716
0.86099
0.93541
1.0046
1.1272
0.93756
0.93972
1.0093
0.9594
0.89331
0.91833
0.90157
0.82414
0.8091
0.79068
0.88308
0.85114
0.92045
0.85114
0.82604
0.90782
0.89331
0.87297
0.97275
0.84723
0.94189
1.0116
0.83368
0.88105
0.84918
0.86497
0.89536
0.93756
0.97724
0.94189
0.85114
1.0351
0.87297
0.82035
0.84723
0.88512
0.87096
0.80538
0.94406
0.90365
0.99312
0.8892
0.99083
0.92897
0.79799
0.89536
0.80168
0.85114
0.82414
0.94406
0.85901
0.88512
0.83753
0.9506
0.89331
1.0889
0.98175
1.0839
1.094
0.98628
1.0691
1.0814
1.0691
1.1508
1.0666
1.1455
1.0889
1.1015
1.1376
1.1722
1.1015
1.1641
1.0641
1.3032
1.052
1.1092
1.1298
1.135
1.183
0.98175
0.99083
1.1858
1.1041
1.135
1.1614
1.1482
1.1749
1.2078
1.0162
1.1429
1.0765
1.1092
0.94624
1.0495
1.0139
1.0375
1.0423
0.98628
0.7379
0.7145
0.74473
0.92683
0.77625
0.81283
0.75858
0.74989
0.94842
0.74473
0.79433
0.80538
0.76736
0.81096
0.92045
0.92045
0.84918
0.81658
1.052
0.97499
0.75509
0.8414
0.8356
0.92683
0.88105
1.0593
1
1.0116
0.97949
0.98855
0.91622
0.99541
0.85507
1.1169
1.0093
0.96161
0.99083
0.8414
1.0069
0.79616
0.77268
0.8356
0.8531
0.76913
0.80724
0.74645
0.73961
0.77983
0.75336
0.8091
0.76033
0.8414
0.75162
0.76208
0.77625
0.72946
0.71945
0.75162
0.87096
0.88308
0.82985
0.73451
0.75683
0.70958
0.71121
0.70795
0.78524
0.81658
0.74473
0.77446
0.75509
0.74302
0.70958
0.80353
0.7709
0.76384
0.90365
0.79433
0.86298
0.89536
0.93325
0.88716
0.98175
1.0209
0.72611
0.73282
0.78705
0.7709
0.78343
0.73961
0.75858
0.7656
0.71121
0.75162
0.74302
0.74645
0.78524
0.74131
0.80353
0.74302
0.76736
0.79616
0.76913
0.74989
0.7709
0.77625
0.7925
0.73451
0.72444
0.76208
0.81658
0.7145
0.74817
0.74817
0.77804
0.8091
0.82035
0.7656
0.79433
0.77268
0.75858
0.79068
0.73621
0.77446
0.78163
0.77804
0.78524
0.71121
0.76736
0.73451
0.73961
0.72778
0.91833
0.76208
0.7709
0.80353
0.76384
0.80538
0.79616
0.73451
0.74645
0.78343
3.8548
1.2706
1.1041
1.0399
1.0186
1.1912
0.89125
0.76736
0.70307
0.70632
0.70307
0.80538
0.83176
0.74817
0.7656
0.79616
4.6666
0.7709
0.74302
0.73114
0.78163
0.84333
0.76913
0.8892
0.7656
0.75509
1.2246
0.73282
0.75509
0.7656
0.74817
0.73961
0.75336
0.72946
0.70146
0.74817
1.4555
0.86497
0.75509
2.2594
1.3183
0.7709
0.80538
0.76913
0.7925
0.75336
0.8091
0.77446
3.4119
1.5488
1.4791
0.93111
0.81658
0.82414
1.0139
0.77268
1.0789
0.85901
0.81658
0.82035
0.82224
0.82035
0.7709
0.85704
0.87297
0.88512
1.0423
1.0544
1.0399
0.82985
0.9247
0.92683
0.81283
0.8531
0.89331
0.82985
0.91411
0.8414
0.82604
1.0495
0.79616
0.90991
0.77268
0.83176
0.86298
0.86497
0.94842
0.8147
1.2912
0.96605
1.1561
1.0864
0.99312
1.0495
1.052
0.81846
0.97724
1.0666
0.92045
0.87297
0.95499
1.099
0.94406
0.8414
1.0046
1.1143
0.85114
0.90991
0.99312
0.96161
0.85704
1.0093
1.0116
0.98175
0.90573
0.87498
0.76736
0.93541
0.74131
0.83946
0.96605
0.90991
0.88105
0.87902
0.96383
0.8091
1.0691
0.97275
0.88716
0.98401
0.87096
1.1455
0.78705
0.96383
0.94406
1.1614
0.75683
0.84723
0.85901
0.7709
0.7656
0.81658
0.84918
0.87096
0.80538
0.84528
1.0209
0.78705
0.76208
0.92897
0.8892
1.0839
0.85507
0.75509
0.83753
0.88512
0.73282
0.74473
1.0093
0.97051
0.79799
0.79616
0.89536
0.95499
0.79616
0.93111
1.0023
0.96828
0.92897
0.86896
0.99083
0.93756
0.93541
0.79068
0.83176
0.97949
0.86896
0.8892
0.88105
0.97499
0.88308
0.81846
0.88105
0.91201
0.93111
0.78705
0.94624
0.87498
0.85507
0.88716
0.85704
0.92257
0.86298
0.83176
0.79616
0.99541
0.75858
0.9506
0.90782
0.84723
0.81658
0.9506
0.79616
0.88716
0.77625
0.79616
0.98401
0.90365
0.78524
0.79616
0.78524
0.75336
0.74817
0.79433
0.74989
0.91622
0.76736
0.82604
0.76384
0.77446
0.79068
0.76208
0.75162
0.83753
0.84723
0.7709
0.7656
0.82035
0.86099
0.78343
0.81658
1.0139
0.7656
1.0965
0.89743
0.93972
0.877
0.90782
1.0544
0.8531
0.82794
0.92257
0.76384
0.81846
0.81096
0.84528
0.83946
0.81846
0.77625
0.86298
1.0233
0.88716
1.0789
0.83176
0.99541
0.92897
0.877
0.93972
0.81096
0.877
0.93756
0.90365
1.0023
0.83946
1.0351
0.89743
0.87096
0.9594
0.85114
0.7709
0.84333
0.86099
0.81846
0.98628
0.89331
0.86497
0.91201
0.85114
0.98401
0.91201
0.94189
0.78524
0.93756
0.88105
0.83368
0.78705
0.83176
0.85507
0.85704
0.87902
0.83368
0.88512
0.82414
0.87297
0.84333
0.80538
0.93972
0.92045
0.89331
0.82414
0.78705
0.80353
0.82035
0.90991
0.87096
0.89331
0.87498
0.79433
0.89125
0.91411
0.9506
0.89331
0.81096
0.86896
0.99312
0.99312
0.85114
0.8356
0.877
0.78163
0.76913
0.84333
1.0328
0.85114
0.82604
0.82035
0.81096
0.86696
0.88105
0.82414
0.82414
0.84723
0.78163
0.74473
0.81283
0.80353
0.79068
0.91411
0.8147
0.84918
0.73451
0.84723
0.84333
0.83368
0.76736
0.78163
0.73961
0.88105
0.93325
0.87498
0.8892
0.92683
0.84723
0.93541
0.87297
0.84528
0.88512
0.86696
0.78705
0.8531
0.92683
0.90782
0.81096
0.88716
0.80724
0.81096
0.81096
0.77804
1.0233
0.84723
0.78343
0.83753
1.8239
1.1041
0.82604
0.82035
0.8147
0.86497
0.82985
0.81846
0.86497
0.92045
0.85114
0.74645
0.83176
0.96161
0.75509
0.84723
0.77268
0.76913
0.8531
0.8147
0.87297
0.75162
0.83368
0.76913
0.94189
0.88716
0.87096
0.74817
0.84333
0.82224
0.89125
1.0495
0.86497
0.80168
0.90782
0.85704
0.97051
0.85704
0.79616
0.88512
0.86298
0.79068
0.95719
0.86298
0.8091
0.81846
0.88512
0.85704
1.0617
0.97051
0.95719
0.82414
0.99083
0.85901
0.7656
0.86497
0.89125
0.92897
0.79433
0.86298
0.7656
0.87096
0.81658
0.86298
0.75858
0.77983
0.79433
0.86298
0.73451
0.83176
0.75858
0.81283
0.82604
0.78886
0.78343
0.78343
0.77983
0.89331
0.7925
0.79068
0.75683
0.88512
1.406
0.77625
1.0375
0.83946
0.77625
0.86298
0.78343
0.8091
0.7709
0.76913
0.83946
0.93111
0.87902
0.79068
0.85114
0.82224
0.8414
0.76913
0.89125
0.82224
0.80538
0.81096
0.88308
0.88308
0.8091
0.79983
0.84528
0.78163
0.8892
0.7709
0.81096
0.85507
0.78163
0.90157
0.94624
0.77625
0.81658
0.89536
0.88105
0.82604
0.78343
0.87902
0.84528
0.77804
0.76384
0.87498
0.76913
0.75336
0.89331
0.75162
0.79616
0.74302
0.81096
0.78886
0.79616
0.83946
0.86896
0.82414
0.79068
0.78886
0.75162
0.79616
2.2594
0.75162
0.97724
1.0233
0.92045
1.1429
1.0666
0.92257
0.97051
0.9977
1.0162
1.0375
1.094
0.97275
0.85507
0.89125
0.88716
0.87096
0.89331
1.122
0.9594
0.79616
0.8414
0.85901
0.78886
0.82604
1.0864
0.94189
0.84723
0.85901
0.8091
1.0304
0.81096
0.80353
0.86497
0.89536
0.88105
0.90157
0.877
0.92045
0.877
0.95499
0.99541
0.98855
0.96605
0.97949
0.93111
0.82794
0.79799
1.0666
1.0046
1.0186
1.0715
1.0423
0.94189
0.92897
0.88716
0.94189
0.93756
0.89331
0.90365
0.8414
0.87096
0.94189
0.90573
0.91411
0.98855
0.8892
0.86298
0.99312
0.8356
0.87096
1.0351
1.0889
0.77625
0.89331
0.85901
0.88105
0.82604
0.77625
0.84918
0.82224
0.8414
0.76033
0.81846
0.79068
0.81658
0.84528
0.82604
0.81846
0.81096
0.81283
0.82604
0.80538
0.99312
0.76033
0.98401
0.83946
0.89125
0.94842
0.81283
0.75683
0.90782
0.877
0.85901
0.8414
0.79433
0.8414
0.83753
0.8356
0.82985
0.75683
0.77446
0.84723
0.78163
0.82604
0.97051
0.83368
0.88308
0.79068
1.7865
0.76033
1.0471
1.0328
1.0593
0.92045
0.92045
1.0233
0.94406
0.86099
0.82224
0.80353
0.82035
0.77268
0.80538
0.81283
0.84528
0.89331
0.77268
0.7709
1.0023
0.86099
0.79433
0.76208
0.89125
0.97275
0.84528
0.81846
0.91622
0.83946
0.87902
0.82604
0.77625
0.87096
0.82035
0.877
0.8414
0.85704
0.85114
0.80168
0.88716
0.93756
0.96161
1.9999
1.099
1.1015
0.82414
0.79799
0.78163
0.81283
0.73621
0.71285
0.71779
0.80538
0.7709
0.76736
0.88308
0.80538
0.85704
0.79983
0.74302
0.73451
0.82224
0.70958
0.76384
0.78886
0.74989
0.76033
0.76913
0.77625
0.73621
0.76384
0.80724
0.74302
0.70958
0.7709
0.69823
0.73961
0.76033
0.81096
0.75162
0.70469
0.73621
0.75162
0.74817
0.80353
0.7145
0.76913
0.74302
0.77983
0.83753
0.74302
0.79433
0.76736
0.74989
0.7709
0.80538
0.74302
0.72111
0.70146
0.70795
0.74645
0.75336
0.77268
0.77804
0.7709
0.72111
0.73451
0.80538
0.83176
0.89331
0.74473
0.76384
0.7709
0.80724
0.78163
0.70795
0.72111
0.79983
0.74989
0.77625
0.77983
0.8147
0.77446
0.76913
0.76736
0.74473
0.76208
0.72111
0.73282
0.73961
0.81096
0.7925
0.71779
0.75336
0.77446
0.7379
0.73961
0.72111
0.72277
0.78705
0.78705
0.77804
0.79616
0.74473
0.75683
0.77983
0.78886
0.74302
0.75162
0.77804
0.71285
0.78343
0.75162
0.79433
0.70958
0.75509
0.79983
0.74131
0.77268
0.76208
0.75858
0.73282
0.79068
0.76913
0.76208
0.76208
0.82224
0.74817
0.74817
0.81658
0.74989
0.79983
0.80538
0.72946
0.78524
0.73282
0.75162
0.74131
0.75858
0.71779
0.79616
0.71945
0.75509
0.8147
0.72444
0.76033
0.75509
0.76913
0.79433
0.73451
0.72444
0.78343
0.8414
0.76384
0.75509
0.79799
0.75858
0.77446
0.72946
0.79068
0.7379
0.76208
0.74302
0.74473
0.80724
0.72444
0.75336
0.75858
0.74817
0.73451
0.71779
0.83176
0.74131
0.76208
0.75336
0.80724
0.79799
0.79616
0.76033
0.7925
0.73282
0.77804
0.72778
0.77804
0.7925
0.81096
0.74645
0.72946
0.74645
0.78886
0.76913
0.68865
0.79616
0.78163
0.8531
0.75683
0.75162
0.7656
0.79983
0.76736
0.74989
0.72444
0.76913
0.74817
0.72946
0.8147
0.77268
0.74989
0.75683
0.73282
0.75162
0.71614
0.83368
0.74645
0.75858
0.71614
0.72778
0.74645
0.81283
0.72611
0.72946
0.7656
0.78343
0.76736
0.73621
0.72444
0.73621
0.75858
0.69183
