0.78705
0.99083
0.97724
1.0116
1.5101
1.2912
1.1588
0.91201
0.93325
0.80168
0.81846
0.83176
0.93756
0.79068
0.79799
1.3772
1.9953
1.4894
0.97499
1.3152
1.4454
1.7742
1.7498
3.1261
5.5335
1.9011
1.3932
1.5885
1.932
2.1577
1.9364
0.92683
0.88105
0.96828
2.0654
1.9907
3.5892
4.8978
3.767
3.3729
3.3729
3.3729
3.3729
3.3729
3.3729
3.3729
3.3729
3.3729
3.3729
3.3729
3.3729
3.3729
3.3729
3.3729
3.3729
3.3729
3.3729
3.3729
3.3729
3.3729
3.3729
3.3729
3.3729
3.3729
3.3729
3.3729
3.3729
3.3729
3.3729
3.3729
3.3729
3.3729
3.3729
3.3729
3.3729
3.3729
3.3729
3.3729
3.3729
3.3729
3.3729
3.3729
3.3729
3.3729
3.3729
3.3729
3.3729
5.8479
15.996
8.4528
1.3804
8.0724
1.256
0.7709
0.88308
0.97275
1.0641
0.73451
1.0304
0.76913
0.73451
0.68865
0.83368
0.85704
0.8531
0.84528
0.79616
0.76208
1.7989
1.2764
0.89743
1.1722
1.2972
1.3243
1.1169
4.7098
0.83176
1.0568
1.2677
0.92683
0.7709
8.892
6.3096
0.71121
0.69343
0.7709
0.73282
0.69343
0.70146
0.74473
1.028
0.98628
1.1169
1.3092
6.0256
9.8855
2.1878
0.84723
0.69183
0.77446
0.69183
0.71614
0.71121
0.70146
1.652
1.9999
0.8414
1.0328
1.0691
1.9231
6.6681
12.359
1.5276
1.714
2.1827
9.2897
4.8195
6.3387
6.4863
3.3266
8.6896
7.1779
6.1235
0.93541
1.0209
2.884
1.2359
1.3868
5.7544
7.7268
1.4894
0.80724
1.0914
0.8147
0.77804
1.9999
1.9011
0.93541
0.7925
0.8091
0.80353
0.75858
0.73114
0.76736
0.7656
0.7145
0.73451
0.82414
0.73961
0.72946
0.7145
0.76736
0.7379
0.76033
0.71614
0.75509
0.7709
0.82604
0.73451
1.2246
2.3281
0.9594
1.0568
1.1066
1.7298
1.0839
0.97051
1.6558
0.88308
0.96161
1.1041
0.76033
0.75336
0.8414
0.75683
0.83368
0.79616
0.77804
0.75162
0.7379
0.74645
0.8356
0.79616
1.3996
0.76384
0.74302
0.79616
0.77446
0.96161
0.81846
1.7418
0.85114
0.82794
0.88716
0.76384
1.8155
0.69663
0.7656
0.70795
0.7145
0.73114
0.71945
0.75858
0.75509
0.71121
0.97051
0.72277
0.72611
0.74645
0.9594
1.028
0.76033
0.85114
0.7379
1.1143
0.80353
0.7656
0.76913
0.96828
0.93325
0.70958
0.69984
0.91833
0.84723
0.75858
0.73961
0.76208
0.68391
0.74817
0.69343
0.68391
1.7022
0.67298
0.69984
0.73114
0.76736
1.1246
1.1041
1.1588
1.2823
1.5849
1.3243
1.2853
1.4256
1.2503
1.3366
1.2303
1.094
1.1535
1.219
1.3305
1.3428
1.2106
1.1995
1.1455
2.0184
1.0641
0.86896
0.89743
0.8414
0.76384
0.90782
1.7458
0.69024
0.72778
0.72778
0.70469
0.74131
0.89536
0.81096
0.69823
0.7145
0.75858
0.97499
0.73114
0.80168
0.77804
0.66681
0.74817
0.76208
0.70307
0.70795
0.68707
0.69024
0.70469
0.73282
0.89536
0.76208
0.7656
0.77804
0.7379
0.77268
0.76208
0.74473
0.93325
0.70958
0.9247
0.72444
0.71614
0.79068
0.74645
0.74817
1.122
0.73114
0.68549
0.77983
0.77268
0.69823
0.70958
0.69984
0.82414
0.71614
0.70146
0.75336
0.69502
0.77268
0.67608
0.70469
0.77268
0.69024
0.75336
0.75509
0.72111
0.76208
1.2677
1
1.135
1.3062
1.1614
1.1246
1.0375
1.3274
1.0789
1.1429
1.3092
1.6218
1.2972
1.6181
1.5812
0.79983
0.70469
0.7656
0.70795
0.79068
0.75336
0.71614
0.79068
0.74989
0.72444
0.70632
0.71945
0.76208
0.75162
0.75858
0.73451
0.74817
0.78886
0.79799
0.75683
0.67764
0.77268
1.0544
0.77446
0.7145
0.74302
0.78705
0.72277
0.75509
0.85114
0.75162
0.73621
0.75858
1.1885
0.79068
0.89536
0.82604
0.67453
0.71779
0.8091
0.78343
0.76033
0.70958
0.72277
0.69343
0.74473
0.74302
0.83176
0.70146
0.70958
0.73961
0.76208
0.74302
0.71614
0.70307
0.72946
0.74645
0.86099
0.78524
0.69823
0.68707
0.74817
0.77625
0.75336
0.71779
0.75509
0.73451
0.75509
0.69823
0.73451
0.74131
0.74473
0.72778
0.69024
0.78163
0.68707
0.79068
0.75336
0.77804
0.70307
0.77983
0.81846
0.75858
0.69024
0.69502
0.75162
0.77446
0.72778
0.77446
0.80353
0.75509
0.72778
0.91201
1.2445
0.73621
0.68707
0.75683
0.70632
0.72946
0.76033
0.88105
0.70632
0.77625
0.76736
0.7379
0.74302
0.70146
0.73961
0.72778
0.72946
0.67453
0.72778
0.77268
0.73961
0.70958
0.76208
0.72444
0.74817
0.72778
0.72444
0.75509
0.74645
0.79433
0.7709
0.71285
0.75683
0.73961
0.7145
0.90782
0.70307
0.77983
0.72277
0.69183
0.72778
0.70632
0.66527
0.70632
0.7925
0.72444
0.77625
0.94624
0.68549
0.84528
0.72778
0.79068
0.74645
0.70146
0.74989
0.73451
0.88105
0.70307
0.73451
0.70469
0.7709
0.70795
0.81283
0.77804
0.74989
0.7379
0.71614
0.70795
0.70632
0.79068
0.72111
0.75509
0.77446
0.72277
0.66069
0.70307
0.74302
1.0423
0.88716
0.73114
0.71779
0.70469
0.71945
0.72946
0.74302
0.74131
0.74645
0.71121
0.71779
0.73451
0.8091
0.7925
0.78343
0.75336
0.77446
0.73114
0.74302
0.72946
0.75336
0.74645
0.73451
0.71945
0.74302
1.0593
1.0691
0.74131
0.70795
1.099
0.93325
0.79433
0.93972
0.8892
0.9506
1.4928
0.80538
0.91622
0.69984
0.76913
0.74131
0.74473
1.0691
0.91411
0.78163
0.92045
0.99312
0.76736
1.0046
1.1614
0.85114
0.7709
0.9247
0.77446
0.81096
0.90782
0.73621
0.74989
0.71614
0.77983
0.68391
0.79616
0.76384
0.72444
0.74131
0.89536
0.77625
0.8531
0.75858
0.7709
0.70307
0.74131
0.83368
0.72111
0.74989
0.77983
0.92257
0.72778
0.74645
0.8091
0.7145
0.74302
0.76913
0.78343
0.74645
0.79433
0.8147
0.74302
0.75162
0.72611
0.75683
0.72111
0.75336
0.69663
0.73451
0.7709
0.68865
0.67764
0.73451
0.69024
0.7379
0.8147
0.9977
0.69984
0.71121
0.76913
0.73282
0.72111
0.72444
0.67608
0.75858
0.70469
0.77983
0.70469
0.72444
0.69663
0.78163
0.74302
0.69502
0.73621
0.68707
0.69663
0.69663
0.67608
0.72277
0.72611
0.76033
0.70632
0.68707
0.67143
0.72778
0.69024
0.71945
0.83753
0.77625
0.70146
0.85704
0.75509
0.71614
0.73961
0.90157
0.74989
0.75509
0.70958
0.78705
0.72946
0.71945
0.75162
0.73114
0.74645
0.75336
0.74131
0.68865
0.73114
0.74473
0.67453
0.68391
0.70632
0.69024
0.7656
0.68865
0.71121
0.74473
0.75162
0.69183
0.69823
0.77268
0.7656
0.78343
0.82224
0.82224
0.71285
0.89125
0.76208
0.73114
0.73621
0.7656
0.75162
0.76208
0.77625
0.75858
0.74473
0.75683
0.72444
0.69823
0.70469
0.77446
0.70632
0.67453
0.74645
0.69984
0.76033
0.76208
0.66834
0.7656
0.74302
0.72111
0.70795
0.81283
0.73451
0.79983
0.76913
0.71121
0.68234
0.72111
0.68077
0.70632
0.67453
0.99312
1.0186
0.74645
0.69663
0.79616
0.77268
0.73961
0.71945
0.74645
0.7709
0.75162
0.71614
0.73114
0.66069
0.78524
0.71121
0.71614
0.75162
0.69984
0.84723
0.75509
0.87096
0.72277
0.67608
1.052
1.0765
0.81658
0.76913
0.77625
0.82035
0.79983
0.78524
0.85114
1.1995
0.73621
0.78705
0.77268
0.74817
0.75509
0.74131
0.71779
0.75162
0.79433
0.70307
0.79433
0.74645
0.71945
0.73114
0.69663
0.75336
0.70958
0.71779
0.73621
0.74817
0.74817
0.74131
0.71614
0.73961
0.6792
0.72946
0.69823
0.72111
0.73451
0.68707
0.74473
0.7379
0.69823
0.77446
0.69502
0.75683
0.74817
0.70632
0.72946
0.67608
0.76913
0.72778
0.78163
0.73282
0.80538
0.73621
0.7709
0.72444
0.71285
0.96161
0.70469
0.90573
1.0351
0.79616
0.70958
0.87297
0.68077
0.69343
0.69343
0.69183
0.73114
0.77983
0.66681
0.69502
0.74989
0.77446
0.68549
0.71945
0.72611
0.71945
0.71285
0.68707
0.70795
0.80353
0.71945
0.7379
0.76033
0.79433
0.73282
0.70958
0.6792
0.69024
0.71285
0.74989
0.76384
0.69823
0.71285
0.72611
0.72611
0.74302
0.77446
0.78343
0.76033
0.76736
0.72111
0.67143
0.71121
0.77446
0.66988
0.7379
0.68077
0.71614
0.70795
0.75858
0.85901
0.75683
0.67143
0.71945
0.70632
0.74645
0.76033
0.74302
0.71285
0.68707
0.75336
0.74131
0.72778
0.73961
0.81283
0.72277
0.69343
0.70632
0.74989
0.74302
0.73961
0.72778
0.81846
0.75336
0.7709
0.80353
0.73114
0.72277
0.70958
0.76384
0.79616
0.72946
0.74473
0.73621
0.71779
1.2764
1.205
0.73451
0.75509
0.76033
0.74302
0.72111
0.75683
0.74645
0.73451
0.76208
0.74473
0.75858
0.70469
1.0965
0.98628
0.88105
0.96161
0.93972
1.6672
0.69183
0.80168
0.73621
0.72611
0.75336
0.73114
0.67453
1.4894
1.0691
1.0765
0.7379
1.074
0.75509
0.68077
0.68077
0.7656
0.6792
0.73282
0.81096
0.75858
0.74473
0.73114
0.73621
0.70469
0.69663
0.74817
0.76033
1.4289
0.71121
0.75509
0.75509
0.74473
0.74302
0.7379
0.71945
0.72111
0.77983
0.73282
0.72444
0.87096
0.72778
0.80538
0.74645
0.8091
0.70795
0.70307
0.71779
0.72778
0.75683
0.8091
0.72277
0.72778
0.72277
0.73451
0.77625
0.75509
0.74989
0.8147
0.70958
0.72778
0.75336
0.77268
0.70469
0.73961
0.82224
0.75858
0.74131
0.72946
0.81283
0.70307
0.68391
0.74302
0.75683
0.7379
0.75336
0.73114
0.76033
0.75162
0.77804
1.0568
0.7379
0.73451
0.9506
0.98175
0.86099
0.68234
0.69663
0.79616
0.74989
0.66834
0.70146
0.8414
0.71779
0.69343
0.76736
0.68234
0.77268
0.72111
0.73451
0.68391
0.69823
0.72778
0.7145
0.73451
0.70469
0.7145
0.71121
1.0641
1.4655
0.74302
0.77268
0.89536
0.7656
1.4191
0.69502
0.75683
0.69984
0.68077
0.68707
0.69343
0.73114
0.97275
0.72277
0.71614
0.68707
0.68707
0.68077
0.72611
0.75336
0.69663
1.0375
0.67453
0.66069
0.74302
0.70146
0.71285
0.68549
0.68865
0.74473
0.74989
0.70307
0.76208
0.70795
0.72946
0.74473
0.78705
0.70146
0.70469
0.72611
0.70307
0.69183
0.74645
0.70958
0.65464
0.68077
0.68549
0.65464
0.70958
0.69984
0.65013
0.71614
0.72946
0.71285
0.66681
0.68865
0.68391
0.69343
0.71285
0.82604
1.5812
0.88716
1.1668
0.90573
1.0186
0.89743
1.0593
0.82985
1.4928
0.72778
1.2274
1.6596
0.79068
0.93111
0.69984
0.71945
0.68077
0.70469
0.71121
0.7145
1.2218
0.73621
0.71945
0.72778
0.70632
0.70469
0.74817
0.70958
0.74302
0.68234
0.68707
0.72444
0.84333
0.72778
0.69183
0.68865
0.73114
0.76033
0.69502
0.69343
0.70469
0.71285
0.68391
0.76033
0.9247
1.1668
1.099
1.4488
2.3442
1.6943
1.4655
0.64269
0.68234
0.93325
0.69663
0.65917
0.66222
0.68707
0.68549
0.69343
0.66527
0.70632
0.69024
0.68391
0.67453
0.69823
0.66681
0.69663
0.67453
0.67143
0.72778
0.70958
0.67608
0.69663
0.6792
0.71779
0.67764
0.70958
0.69823
0.66527
0.67298
0.69663
0.67143
0.66374
0.72611
0.69343
0.67298
0.67143
0.73621
0.69663
0.71945
0.86696
0.75336
0.70469
0.69663
0.70958
0.78163
0.78163
0.6792
0.74302
1.3964
1.1117
1.1429
0.65013
0.66988
0.66834
0.67608
0.66834
0.68391
0.65464
0.69823
0.68077
1.2388
0.67608
0.6792
0.66527
0.65917
0.79433
0.70307
0.8091
0.80353
0.69502
0.86099
1.219
1.5959
0.87297
1.0914
1.3614
1.2303
1.0046
4.0926
0.9977
0.97724
1.0139
0.80724
0.7656
0.79983
0.72277
1.9231
0.68549
0.66069
0.70469
0.69823
0.69823
0.66988
0.68391
0.70958
0.75336
0.64565
0.68707
0.89125
0.98401
0.69502
0.82224
0.96161
1.2359
0.67453
0.70469
0.72778
0.69502
0.72946
0.71945
1.0328
1.219
0.72778
0.73621
0.68234
0.74817
0.75858
0.68707
0.70632
0.71121
0.68549
0.69663
0.66834
0.74473
0.71285
0.69984
0.69663
0.69024
0.66988
0.66834
0.72946
0.7145
0.69502
0.66374
0.66834
0.65917
0.66527
0.72778
0.6792
0.66527
0.68865
0.71121
0.70795
0.72778
0.69183
0.68865
0.75336
0.66988
0.70795
0.68234
0.75509
0.8356
0.70958
1.2503
1.3428
0.76208
0.69984
0.70146
0.68234
0.67764
0.6792
0.69343
0.71779
0.69663
0.70795
0.69823
0.72444
0.73451
0.70958
0.73451
0.70469
0.67764
0.71779
0.69984
0.69984
0.72111
0.69823
0.72444
0.68865
0.70469
0.66681
0.86298
0.95499
1.8793
1.1695
0.7709
0.74131
0.73282
0.68234
0.69502
0.67298
0.72111
0.68234
0.68234
0.68234
0.7379
0.66069
0.65313
0.69823
0.67608
0.72611
0.70795
0.73282
0.69343
0.69183
0.70469
0.70146
0.69024
0.75336
0.69024
0.72946
0.73114
0.70307
0.7145
0.69984
0.65163
0.68234
0.66374
0.66527
0.66069
0.65464
0.66681
0.65917
0.66069
0.68865
0.6792
0.67453
0.67298
1.3583
1.0233
1.256
0.92683
1.0375
1.0209
1.1324
1.0593
1.1041
1.2503
1.1803
1.0889
1.9543
0.72778
0.68391
0.67143
0.69024
0.73451
0.71285
0.71121
0.69183
0.67764
0.69024
0.7709
0.71614
0.80724
0.76384
0.69343
0.70146
0.73282
0.93111
1.1776
0.73451
0.8091
0.72277
0.68077
1.2823
1.1015
0.68865
0.68077
0.74989
0.69024
0.76208
0.69502
0.68865
0.67143
0.70795
0.68077
0.72946
0.68865
0.66681
0.67143
0.67298
0.65313
0.68077
0.70958
0.67608
0.65766
0.67298
0.64863
0.71614
0.71945
0.66374
0.68707
0.71945
0.74817
0.65464
0.69663
0.68549
0.6792
0.65766
0.69343
0.67764
0.66834
0.67453
1.4791
0.6792
0.71121
0.75336
1.2023
1.3213
0.67143
0.67608
0.6792
0.66834
0.68391
0.70632
0.67143
0.67298
0.66988
0.69343
0.70632
0.68549
0.67298
0.66988
0.68707
0.66834
0.71945
0.66069
0.7656
0.65313
0.93111
0.71945
0.66527
0.71614
0.72111
0.69823
0.69183
0.66374
0.70146
0.66681
0.68707
0.70958
0.67764
0.69823
0.6792
0.66988
0.67453
0.64417
0.70469
0.67608
0.6792
0.70469
0.67608
0.68391
0.64565
0.66222
0.70795
0.66069
0.7379
0.69663
0.66069
0.71285
0.67764
0.69502
0.66681
0.6792
0.69663
0.67608
0.71121
0.67453
0.68549
0.69984
0.68391
0.6792
0.68077
0.72111
0.67453
0.70958
0.70146
0.72277
0.69823
0.70632
0.73114
1.1194
1.4093
0.94624
0.69183
0.70795
0.76033
0.69984
0.69823
0.72111
0.74473
0.74817
0.72778
0.71779
0.74817
0.74989
0.76384
0.72111
0.70795
0.69343
0.75162
0.72111
1.556
0.70307
0.84918
1.219
0.75683
0.7379
0.7379
0.78705
0.71779
0.74302
0.72946
0.72946
0.72778
0.71121
0.71779
0.74817
0.73114
0.70146
0.74302
0.69502
0.69183
0.69024
0.77268
0.72444
0.73961
0.72444
0.69984
0.70146
0.69183
0.75162
0.72277
0.79068
0.72778
0.70795
0.7709
0.73282
0.75683
0.72277
0.74302
0.76913
0.74645
0.67143
0.72778
0.69024
0.72444
0.7379
0.67298
0.69502
0.70307
0.72611
0.7145
0.70632
0.70958
0.7709
1.3614
1.0328
1.4962
2.3878
3.5892
0.78163
0.74302
0.68707
0.72778
0.74645
0.75162
0.68549
0.68707
0.71121
0.71779
0.70146
0.67453
0.66988
0.71945
0.70146
0.69024
0.74989
0.81846
0.68549
0.66374
0.69343
0.7145
0.72277
0.66222
0.69343
0.68234
0.70632
0.6792
0.78343
0.71285
0.73621
0.70958
0.73961
0.81096
0.68549
0.75162
0.72946
0.71614
0.70632
0.70632
0.74989
0.70146
0.72946
0.75336
0.73114
0.68391
0.72778
0.69823
0.73114
0.72277
0.75509
0.78886
0.73451
0.72946
0.79616
0.7656
0.79068
0.72444
0.74817
0.76913
0.66222
0.72946
0.75336
1.0617
0.8995
1.6444
1
0.79983
0.93756
1.4093
1.6406
0.71779
0.71945
0.68549
0.76913
0.78524
0.74131
0.70795
0.73621
0.72778
0.72111
0.70632
0.76033
0.70795
0.68391
0.7656
0.71121
0.72611
0.70632
0.70469
0.75683
0.78524
0.75509
0.81283
0.7145
0.75509
0.71945
0.72946
0.76033
0.73451
0.80538
0.69024
0.77983
0.77446
0.69502
0.7379
0.68707
0.74131
0.77625
0.78343
0.79799
0.70958
0.73114
0.75509
0.70146
0.76208
0.82035
0.78886
0.68707
0.73621
0.78705
0.75162
0.75858
1.9099
1.256
0.72444
0.72111
0.7379
1.122
0.69183
1.0423
0.98175
1.2445
0.74645
0.96161
1.0965
0.81846
0.73451
0.70146
0.70795
1.2823
0.80168
0.93756
1.1614
0.76208
0.74302
0.70469
0.69183
0.74131
0.77446
0.68234
0.70958
0.70469
0.71285
0.73282
0.75509
0.70632
0.76736
0.80538
0.75336
0.81283
0.72946
0.70469
0.73621
0.79799
0.74131
0.79983
0.74473
0.73282
0.69183
0.7709
0.70795
0.73961
0.79616
0.76736
0.70958
1.3366
0.82794
0.66069
0.73451
0.72611
0.71614
0.73621
0.75509
0.75683
0.71614
0.70632
0.68077
0.85704
0.79433
0.67143
0.70307
0.78705
0.84333
0.75683
0.82985
0.73451
0.71945
0.78886
0.7145
0.66681
1.5704
1.2246
0.70958
0.72444
1.0447
1.0399
1.0023
0.76736
1.0471
1.1066
1.7338
5.2602
4.6989
0.9506
0.74645
0.78343
0.71614
0.69183
0.74302
0.73961
0.75858
0.67453
0.74473
0.72611
0.71614
0.68077
0.75509
0.73451
0.70632
0.75336
0.71285
0.73621
0.71945
0.74131
0.76033
0.69502
0.74645
0.69502
0.70307
0.68391
0.7379
0.76736
0.74131
0.7379
0.70795
0.74817
0.72778
0.72611
0.73621
0.69183
0.72277
0.78343
0.70795
0.69343
0.69024
0.73451
0.71614
0.82985
0.69502
0.71945
0.72277
0.7145
0.73451
0.72778
0.73621
0.70958
0.77268
0.74302
0.68391
0.68865
0.73282
0.71614
0.73621
0.68234
0.75162
0.69823
0.72444
1.4997
0.97724
1.3122
1.3274
1.1722
2.3988
0.86696
0.7656
0.7925
0.75162
0.72946
0.7925
0.72277
0.70632
0.75336
0.82224
0.74989
0.84918
0.82224
0.8147
0.78524
0.80724
0.77268
1.1169
2.0091
0.73961
0.68707
0.74989
0.79068
0.71121
0.73282
0.70307
0.68077
0.69183
0.72277
0.73451
0.77625
0.71285
0.72444
0.72611
0.70958
0.80724
0.70307
0.71614
0.73282
0.70307
0.70795
0.71121
0.71121
0.73451
0.74473
0.70146
0.69502
0.80168
0.70469
0.78343
0.69502
0.78886
0.78163
2.1727
3.3037
0.66834
0.72946
0.6792
0.71614
0.72778
0.73451
0.69343
0.74473
0.73621
0.73621
0.70307
0.65917
0.69024
0.68865
0.69984
0.68077
0.69663
0.70958
0.68707
0.69502
0.72778
0.71779
0.69663
0.71285
0.71945
0.74645
0.70795
0.67764
0.7379
0.69984
0.70958
0.76913
0.69823
0.71779
0.72778
0.69984
0.71614
0.71121
0.68707
0.64714
0.66988
0.71614
0.75336
0.72444
0.77446
0.72611
0.70146
0.68865
0.69024
0.68234
0.69343
0.68549
0.72444
0.69183
0.72111
0.70632
0.72778
0.72946
0.70958
0.67453
0.78163
0.69343
0.67298
0.70146
0.70307
0.72946
0.68707
0.70469
0.74645
0.66834
0.7145
0.6792
0.68077
0.68865
0.69024
0.67298
0.74645
0.70146
0.69984
0.69183
0.71614
0.71285
0.70958
0.71945
0.7379
0.66527
0.64863
0.64714
0.68549
0.68707
0.73961
0.68391
0.69024
0.66681
0.6792
0.6792
0.71121
0.70795
0.68077
0.7145
0.68077
0.72111
0.68549
0.67608
0.71779
0.71614
0.78163
0.7379
0.73961
0.7656
0.6792
0.68234
0.68865
0.68707
0.68234
0.70146
0.7145
0.75162
0.75162
0.70958
0.68865
0.75162
0.70795
0.73961
0.73621
0.72444
0.76208
0.69663
0.69024
0.70307
0.68707
0.70632
0.69502
0.74131
0.6792
0.75683
0.7379
0.68865
0.71121
0.68707
0.67453
0.70146
0.70146
0.74131
0.71285
0.70795
0.69823
0.71779
0.67608
0.77446
0.71614
0.70469
0.72444
0.7145
0.74131
0.73621
0.77983
0.71779
0.68707
0.78886
0.74817
0.71285
0.73451
0.69502
0.71121
0.73282
0.70307
0.68865
0.70632
0.70632
0.74817
0.72277
0.72611
0.75683
0.82604
0.72778
0.75509
0.84918
0.6792
0.73961
0.74473
0.75162
0.68707
0.74989
0.70307
0.7656
0.71779
0.7925
0.71121
0.74645
0.79433
0.72778
0.79068
0.72946
0.72277
0.69343
0.74473
0.66834
0.92683
0.72778
0.72778
0.68077
0.67298
0.71779
3.7757
2.1979
3.8726
0.69663
0.77804
0.7379
1.3552
3.7584
3.581
1.6368
0.70307
0.68707
0.75162
0.76736
0.70795
0.70146
0.69502
0.7145
0.74989
0.72111
2.9717
2.6977
4.2658
4.7098
3.1915
3.2137
0.88716
2.0324
2.6977
3.9628
2.9376
4.1495
0.82414
0.69502
2.2751
1.1324
1.2794
1.7824
2.0989
1.7947
5.0582
1.4158
3.8905
5.5335
4.5186
3.0974
2.355
0.8995
1.2912
2.1627
1.5276
1.4158
3.155
4.9431
5.781
5.9566
3.8019
2.7925
2.673
4.3954
1.7783
4.9659
0.71121
0.71779
0.79799
3.7068
5.2481
5.0699
3.3037
3.4277
4.1591
0.92257
5.1642
1.0617
0.71285
0.7656
0.82414
1.7338
1.6106
0.77983
3.0339
2.4491
1.8836
3.2137
0.85507
1.977
2.9174
1.5136
2.2594
1.4256
3.7411
2.1979
5.3951
4.2462
3.3574
3.9355
5.559
1.3152
1.1169
1.7219
2.1577
1.2445
5.9704
4.5082
4.4157
3.4594
4.1879
6.7608
1.7824
1.406
3.4995
4.8306
0.67764
0.71121
0.72277
1.5631
0.69502
0.72444
0.70632
0.72611
0.69823
0.69343
0.70307
0.74473
0.72111
0.68549
0.69823
0.69343
0.74473
0.72111
0.70958
0.70307
0.71779
0.71285
0.69663
0.68865
0.69823
0.69823
0.73961
0.7925
0.74645
0.72946
0.74473
1.1117
1.9011
3.8459
1.8535
1.0691
1.1272
1.2162
3.3651
2.1727
0.74817
0.75683
0.77804
0.71285
0.82414
0.7379
0.81658
0.72611
1.1376
3.8815
2.023
3.1117
2.1827
0.73621
1.3646
2.7669
0.79616
0.73621
2.4155
0.7656
0.76208
0.76033
0.71779
0.72277
0.70146
0.72778
0.67453
0.70795
0.72277
0.78886
0.68391
0.81658
0.70795
0.69024
0.74989
0.72444
0.69343
0.69343
0.69823
0.68077
0.74989
0.70307
0.70146
0.7145
0.73621
0.67143
0.65615
0.70146
0.68865
0.72111
0.79068
0.7145
0.68707
0.66222
0.80353
0.75336
2.0749
1.932
2.1727
1.7824
2.6182
3.6898
3.5892
0.7709
0.72444
0.72444
0.68865
0.68234
0.71614
0.71945
0.73282
0.73621
0.69343
0.69663
0.74645
0.74817
0.74817
0.75509
0.76736
0.70795
0.71614
0.77625
0.74131
0.73621
0.72111
0.67143
0.70469
0.69183
0.67143
0.69502
0.77625
0.72946
0.65163
0.71121
0.74131
0.73451
0.6792
0.76736
0.72946
0.74131
0.70958
0.7709
0.7145
0.69663
0.67143
0.70958
0.69823
0.69502
0.74645
0.67453
0.72111
0.73961
0.75336
0.75683
0.71121
0.71779
0.71779
2.6242
3.3729
0.89125
0.67608
0.71121
0.76736
2.3335
1.2474
1.6331
0.73114
0.69984
0.7145
0.84723
2.1928
0.69663
0.67764
0.70632
0.69984
0.70307
0.69984
0.71285
0.67764
0.69502
0.68234
0.76736
0.72946
0.68234
0.74302
0.6792
0.70795
0.66988
0.69183
0.70307
0.70632
0.68707
0.84528
0.74817
0.70795
0.69183
0.7145
0.68865
0.68391
0.72444
0.67143
0.69984
0.69183
0.65766
0.71945
0.7379
0.6792
0.71945
0.68707
0.66374
0.68077
0.70307
0.70632
0.66374
0.68865
0.69663
0.75858
0.68865
0.72444
0.68549
0.73621
0.71121
0.71121
0.74473
0.69663
0.69823
0.71614
0.69024
0.74817
0.7145
0.74131
0.69502
0.70469
0.70795
0.75683
0.70632
0.73282
0.77804
0.74131
0.71779
0.69343
0.73621
0.72277
0.73282
0.72946
0.7145
0.69663
0.77625
0.69183
0.69183
0.69343
0.71285
0.74131
0.70146
0.73114
0.69183
0.7379
0.66988
0.7145
0.70795
0.70146
0.74473
0.72778
0.74131
0.71779
0.69823
0.67143
0.69343
0.68707
0.71285
0.70795
0.75509
0.68077
0.68549
0.65464
0.67764
0.67453
0.66988
0.7145
0.6792
0.68549
0.68077
0.69343
0.68077
0.69343
0.70795
0.66069
0.66222
0.67453
0.66374
0.67453
0.70146
0.67608
0.69343
0.65163
0.68391
0.6792
0.70307
0.73621
0.66374
0.72611
0.70632
0.67453
0.68077
0.66069
0.72111
0.66374
0.72778
0.69823
0.69343
0.68391
0.72946
0.65766
0.70307
0.68077
0.68707
0.68234
0.65766
0.69984
0.68707
0.66069
0.66834
0.71779
0.69663
0.70632
0.70958
0.73114
0.76384
0.69823
0.72444
0.69343
0.68234
0.77446
0.73451
0.70632
0.69343
0.69183
0.67453
0.72111
0.69024
0.71121
0.70632
0.68077
0.69024
0.73961
0.68707
0.69502
0.74989
0.72277
0.69343
0.65615
0.72946
0.71945
0.69663
0.70795
0.65313
0.65917
0.73114
0.7145
0.66988
0.7379
0.68707
0.69823
0.69823
0.68549
0.64863
0.74131
0.69024
0.75509
0.65163
0.68391
0.7145
0.68077
0.77268
0.73451
0.68077
0.72444
0.72277
0.70469
0.73114
0.70958
0.68707
0.70146
0.72946
0.68707
0.70469
0.72946
0.74131
0.77804
0.64565
0.74645
0.70146
0.70795
0.69663
0.71945
0.68391
0.69024
0.69823
0.7379
0.66681
0.71285
0.66988
0.6792
0.68865
0.70632
0.76913
0.71121
0.69024
0.70632
0.70795
0.71285
0.68549
0.70795
0.74645
0.7145
0.68549
0.68865
0.70469
0.74473
0.74817
0.72611
0.68077
0.66374
0.69183
0.68391
0.68077
0.70632
0.67608
0.70469
0.69502
0.67764
0.70632
0.68234
0.71614
0.72444
0.68865
0.69663
0.77446
0.70795
0.71285
0.71945
0.68234
0.68077
0.69343
0.68234
0.69024
0.76913
0.73282
0.68549
0.72778
0.69984
0.71945
0.69502
0.74131
0.7145
0.72778
0.71614
0.73961
0.77446
0.71285
0.73961
0.72946
0.76033
0.73451
0.70958
0.75162
0.74131
0.76208
0.72277
0.73282
0.72611
0.72277
0.75509
0.67453
0.71121
0.75162
0.79616
0.66681
0.67608
0.72946
0.74645
0.72778
0.80724
0.71945
0.73114
0.70632
0.71121
0.73961
0.74302
0.67764
0.6792
0.72946
0.72277
0.78886
0.68234
0.68549
0.69024
0.7145
0.6792
0.73961
0.71121
0.69663
0.76033
0.76208
0.69343
0.7145
0.74817
0.71285
0.73114
0.68234
0.72946
0.74302
0.72611
0.68707
0.69823
0.74131
0.70307
0.69183
0.76913
0.76736
0.69823
0.71945
0.68707
0.74302
0.73282
0.71285
0.69502
0.67298
0.74473
0.74302
0.78886
0.70958
0.72444
0.68391
0.69024
0.70469
0.6792
0.71779
0.69663
0.70958
0.70958
0.7145
0.70795
0.66834
0.67143
0.68077
0.75509
0.66834
0.74817
0.71121
0.72778
0.70307
0.72778
0.69823
0.72111
0.7379
0.69183
0.73961
0.71779
0.71285
0.69183
0.75336
0.68865
0.68707
0.72277
0.67453
0.68234
0.68549
0.70632
0.74817
0.70795
0.71614
0.67143
0.72778
3.5481
1.349
1.2794
1.0914
1.0023
1.0046
1.0641
0.84918
0.76033
0.97051
0.69024
0.76384
0.70632
0.69024
0.72444
0.6792
0.69502
0.73621
0.72277
0.72111
0.71285
0.76033
0.74645
0.75336
0.70632
0.69502
0.68549
0.76208
0.67764
0.66527
0.6792
0.73114
0.74473
0.7145
0.69502
0.80353
0.70795
0.7379
0.74131
0.68077
0.73961
0.75336
0.69024
0.79983
0.76208
0.71779
0.7379
0.72778
0.7379
0.69823
0.73282
0.73961
0.74473
0.6792
0.72444
0.7379
0.70469
0.72111
0.72277
0.68865
0.77625
0.74473
0.75858
0.78524
0.77625
0.69663
0.73451
0.70632
0.70632
0.74302
0.77983
0.74473
0.68391
0.73114
0.69502
0.72444
0.74302
0.71614
0.72444
0.74473
0.69024
0.67143
0.71121
0.80538
0.71614
0.73451
0.73114
0.73451
0.70469
0.7145
0.71945
0.70307
0.72444
0.68391
0.74989
0.7709
0.70632
0.80724
0.72611
0.7379
0.77804
0.70958
0.74302
0.70958
0.68707
0.69502
0.76208
0.68549
0.67143
0.6792
0.71779
0.70146
0.70307
0.74989
0.73282
0.73114
0.80168
0.75509
0.68865
0.75336
0.68707
0.79616
0.68234
0.74302
0.72611
0.72277
0.68077
0.72778
0.74131
0.7145
0.71285
0.72611
0.73282
0.72277
0.70307
0.72778
0.71285
0.68707
0.70146
0.69502
0.76208
0.70795
0.73961
0.74645
0.72611
0.68391
0.67453
0.69183
0.67608
0.7379
0.69984
0.7145
0.67764
0.65917
0.69663
0.7925
0.71945
0.7709
0.71121
0.72444
0.70632
0.71121
0.72444
0.70469
0.72444
0.7145
0.69183
0.74645
0.74302
0.69343
0.77804
0.71945
0.70958
0.75683
0.77268
0.75162
0.71121
0.72111
0.72444
0.70469
0.68391
0.7709
0.66374
0.65013
0.7145
0.77625
0.71121
0.69984
0.78163
0.74473
0.72111
0.68865
0.76384
0.74473
0.69984
0.65615
0.74473
0.75683
0.71285
0.71945
0.71779
0.70632
0.68707
0.73451
0.74131
0.66834
0.74817
0.80168
0.69663
0.69343
0.71285
0.80538
0.69183
0.72946
0.76208
0.7709
0.7709
0.83368
0.72111
0.76208
0.7379
0.73282
0.69984
0.73451
0.84918
0.72111
0.73961
0.70469
0.70632
0.71121
0.69984
0.83176
0.73282
0.74473
0.72111
0.71121
0.69663
0.7145
0.71779
0.71285
0.71945
0.73282
0.78705
0.74302
0.74131
0.69823
0.74302
0.72444
0.70632
0.68391
0.75683
0.77446
0.68865
0.73451
0.70146
0.71945
0.69663
0.7709
0.72444
0.77446
0.70146
0.71614
0.70795
0.74817
0.69024
0.74131
0.73451
0.84723
0.69984
0.74473
0.70958
0.72444
0.72277
0.78343
0.72946
0.69343
0.71121
0.75509
0.75858
0.70469
0.75162
0.72277
0.71779
0.8356
0.70958
0.77804
0.73961
0.73961
0.78886
0.73961
0.72111
0.77446
0.74131
0.77268
0.74302
0.74817
0.73114
0.75162
0.70307
0.7145
0.74817
0.74989
0.77446
0.75162
0.76913
0.72778
0.75858
0.77625
0.68549
0.75683
0.75509
0.75336
0.71779
0.72611
0.77446
0.68707
0.71121
2.2856
1.1376
1.0715
0.85507
0.93325
0.71614
0.7145
0.67143
0.78524
0.70795
0.68707
0.69663
0.69823
0.68234
0.69823
0.66374
0.68707
0.66681
0.72611
0.72111
0.70632
0.73961
0.69024
0.66527
0.68391
0.73282
0.68391
0.75162
0.73114
0.69343
0.72111
0.75162
0.69984
0.68549
0.72946
0.70146
0.78343
0.70469
0.76384
0.70958
0.73451
0.74131
0.75162
0.6792
0.69502
0.69663
0.72611
0.70307
0.69984
0.69663
0.68077
0.72611
0.72444
0.72277
0.72277
0.72277
0.74302
0.67608
0.65615
0.75336
0.7379
0.68549
0.75162
0.71121
0.7145
0.67298
0.7145
0.74989
0.72946
0.65615
0.71121
0.67608
0.70146
0.70469
0.70958
0.67453
0.70307
0.66527
0.70958
0.70146
0.72277
0.70146
0.67453
0.69823
0.70307
0.69663
0.68707
0.76208
0.66069
0.86099
0.67453
0.72277
0.73961
0.68865
0.67453
0.74473
0.74817
0.68077
0.73451
0.67453
0.71121
0.72946
0.7145
0.76208
0.69663
0.69984
0.78163
0.69343
0.69502
0.76736
0.69502
0.76033
0.71945
0.70146
0.73961
0.67764
0.74817
0.71121
0.73961
0.67608
0.72946
0.69343
0.73961
0.73621
0.69984
0.73451
0.69024
0.69024
0.76033
0.74817
0.69823
0.75509
0.71285
0.7145
0.73621
0.74131
0.67764
0.67453
0.70469
0.65615
0.7145
0.68234
0.70146
0.73451
0.74302
0.70146
0.67143
0.68549
0.74302
0.69823
0.66988
0.70469
0.73451
0.67143
0.66222
0.71285
0.70469
0.67143
0.65163
0.71121
0.70795
0.71121
0.66988
0.68707
0.66988
0.68077
0.69823
0.69024
0.68077
0.67453
0.71779
0.68865
0.69663
0.67764
0.70146
0.71285
0.67453
0.65766
0.68077
0.67764
0.78343
0.70958
0.69183
0.68549
0.70469
0.70146
0.74645
0.73114
0.69024
0.68865
0.67298
0.69984
0.72111
0.71945
0.70469
0.69183
0.68707
0.69183
0.67608
0.70307
0.73451
0.69343
0.69663
0.71121
0.69343
0.70632
0.70795
0.68865
0.71121
0.69663
0.69984
0.6792
0.73621
0.6792
0.71285
0.66527
0.69502
0.76208
0.66222
0.75336
0.68391
0.73451
0.69984
0.65917
0.67608
0.66069
0.66069
0.65766
0.73961
0.72946
0.69024
0.71285
0.67453
0.73282
0.68234
0.69183
0.70795
0.70632
0.69823
0.66681
0.71779
0.71121
0.69343
0.67453
0.70146
0.66527
0.70146
0.68865
0.7145
0.68707
0.69183
0.69343
0.70632
0.68549
0.66834
0.6792
0.75162
0.67298
0.69984
0.70469
0.73114
0.67453
0.72444
0.70632
0.70795
0.70307
0.66834
0.71121
0.74645
0.70307
0.73282
0.75683
0.68234
0.70307
0.72946
0.74473
0.71779
1.1561
2.0654
1.9634
1.2853
0.80168
0.74131
0.68707
0.70795
0.74645
0.67143
0.73114
0.69343
0.67143
0.96828
0.86497
0.71614
0.68549
0.7656
0.70146
0.7145
0.69663
0.68234
0.69183
0.67764
0.69984
0.75336
0.69502
0.71285
0.6792
0.74473
0.71614
0.69183
0.71121
0.71945
0.69823
0.66834
0.72946
0.67764
0.67143
0.6792
0.69024
0.68865
0.65163
0.72111
0.73282
0.69024
0.84723
1.2023
1.0209
0.75162
0.66069
0.69024
0.69183
0.68707
0.66374
0.69663
0.68077
0.66222
0.73451
0.71614
0.72277
0.66681
0.67453
0.70146
0.75162
0.74473
0.67298
0.68707
0.72611
0.70469
0.72946
0.66527
0.75858
0.68234
0.70146
0.65313
0.70632
0.69984
0.70307
0.69183
0.71614
0.69343
0.67764
0.66681
0.68391
0.72277
0.68077
0.6792
0.72444
0.67298
0.71121
0.70795
0.65313
0.71614
0.65917
0.68391
0.69502
0.70469
0.67453
0.70469
0.68234
0.65313
0.64863
0.77983
0.68707
0.68234
0.67298
0.68549
0.70958
0.68549
0.69502
0.72946
0.71945
0.70307
0.71614
0.71121
0.70632
0.71121
0.71614
0.70469
0.71779
0.69663
0.72277
0.68234
0.67143
0.68234
0.70146
0.70958
0.67143
0.71945
0.70958
0.68234
0.69502
0.71945
0.64714
0.66069
0.98175
0.80353
0.77983
0.69343
0.72277
0.68077
0.70795
0.68234
0.66527
0.70958
0.69343
0.69663
0.72611
0.67764
0.67764
0.73282
0.72946
0.70469
0.69343
0.6792
0.67608
0.72111
0.65464
0.65163
0.73451
0.67453
0.75162
0.68234
0.66374
0.68865
0.70307
0.76736
0.71779
0.67143
0.73621
0.7379
0.71945
0.73621
0.69183
0.71779
0.70632
0.74473
0.72611
0.70632
0.70632
0.75509
0.67608
0.69823
0.70469
0.71779
0.69024
0.74131
0.69984
0.70469
0.70632
0.68549
0.67764
0.66681
0.69663
0.72946
0.67608
0.69024
0.69343
0.71121
0.67764
0.75162
0.71945
0.70307
0.71779
0.67143
0.72111
0.66681
0.67453
0.71779
0.6792
0.68234
0.68549
0.68234
0.69984
0.70146
0.68391
0.72444
0.70632
0.72444
0.70632
0.73451
0.67764
0.70469
0.67143
0.68391
0.73114
0.67764
0.70469
0.69024
0.69024
0.74817
0.68391
0.72778
0.71945
0.71285
0.70958
0.70795
1.8408
0.73114
0.72778
0.74645
0.91833
1.4388
1.1455
0.67764
0.70307
0.70958
0.80724
0.71779
0.74302
0.69024
0.7145
0.77446
0.70632
0.70795
0.72111
0.71121
0.74131
0.70795
0.71779
0.77983
0.74131
0.69663
0.68707
0.66681
0.70958
0.66834
0.64714
0.71121
0.69183
0.72444
0.75336
0.68391
0.66527
0.73114
0.70469
0.74473
0.67453
0.82604
0.68549
0.68077
0.6792
0.76033
0.69823
0.69343
0.71285
0.66527
0.75162
0.71614
0.77804
0.69024
0.70958
0.73961
0.72444
0.70146
0.69663
0.66834
0.77446
0.7379
0.74645
0.7379
0.79068
0.74817
0.76208
0.6792
0.86099
0.68865
0.72277
0.71285
0.7145
0.72611
0.68865
0.72611
0.70146
0.72111
0.68707
0.77804
0.69343
0.72778
0.70469
0.73114
0.69343
0.71779
0.67453
0.73282
0.68865
0.69984
0.71779
0.70958
0.69823
0.74473
0.68865
0.72611
0.70795
0.75162
0.74473
0.70795
0.75858
0.7145
0.77446
0.68234
0.71779
0.67143
0.72277
0.69823
0.69024
0.69024
0.68549
0.68865
0.67298
0.68865
0.75509
0.70795
0.68077
0.71779
0.70146
0.68707
0.73282
0.69502
0.73114
0.73282
0.64121
0.69024
0.64863
0.68549
0.67764
0.66069
0.68234
0.68234
0.73282
0.68549
0.65163
0.69183
0.66527
0.72277
0.66374
0.66527
0.72277
0.67453
0.70795
0.7379
0.66834
0.70307
0.68234
0.65615
0.66527
0.69663
0.66681
0.66222
0.65917
0.66069
0.65163
0.64714
0.67298
0.69183
0.67608
0.68391
0.73282
0.68391
0.72111
0.65464
0.68391
0.68707
0.65917
0.66069
0.65013
0.66374
0.7379
0.70795
0.65917
0.70469
0.69663
0.68707
0.70632
0.69183
0.70958
0.68077
0.65766
0.65615
0.66988
0.69823
0.66681
0.72277
0.68865
0.69984
0.66834
0.7145
0.69502
0.68234
0.68391
0.68549
0.70469
0.71945
0.76033
0.68707
1.3274
3.02
0.97724
0.84528
0.88105
0.84528
0.86099
0.85507
0.97051
0.81283
0.89536
0.87498
0.88105
1
0.85704
0.94406
0.8091
0.7709
0.84723
1.074
