8.414
2.6122
5.9704
4.9204
1.0715
4.1976
3.5645
2.8379
4.3752
1.0116
3.8194
3.9355
10.093
9.5719
1.4191
22.909
19.634
7.2111
19.634
23.335
25.235
27.99
21.33
16.558
24.155
13.152
21.281
22.284
21.727
2.6546
1.9231
4.8195
1.094
2.5061
2.7925
1.0593
29.444
19.055
22.594
20.277
16.788
16.558
26.424
24.044
27.479
8.8105
2.0137
21.878
29.04
11.722
4.7753
3.5075
6.9183
3.0061
5.7412
31.477
24.491
8.2224
20.559
27.416
27.925
23.388
23.933
23.605
26.792
3.6224
6.0674
20.045
17.579
25.527
19.815
14.689
1.2647
10.328
24.946
23.121
20.989
19.364
16.444
1.8664
1.9907
3.2434
1.9011
7.1285
0.83368
0.75509
0.75509
0.87902
0.74645
0.82794
0.88512
1.052
1.1376
0.93325
1.0447
0.79983
0.877
0.82985
0.78524
1.1482
0.73114
0.91411
0.97949
0.82224
1.3646
0.79983
0.79068
0.82985
0.8147
0.78343
2.1827
2.1577
3.062
1.8408
1.5776
1.5776
1.4894
1.2503
2.0654
1.4655
0.98855
0.94406
0.83753
0.90782
0.91411
1.3709
0.91833
0.82985
3.1046
5.8749
1.5101
1.0447
1.4093
1.0186
1.2445
1.1194
1.349
1.1776
3.9628
0.93111
2.8907
3.4041
1.7579
1.3552
2.4266
2.6977
7.0958
3.5237
20.37
9.9083
0.93972
1.0423
1.0399
1.2388
1.0568
0.96605
0.88308
1.1695
3.2359
1.1588
1.5812
1.1614
1.3183
1.256
1.0046
1.5776
4.9545
0.98628
1.714
2.2491
2.138
1.6904
2.1086
0.81658
0.97724
1.1169
1.1117
1.3614
1.9011
1.6982
0.92683
0.8531
0.98175
6.1376
0.78343
1.6032
1.6255
1.7378
6.368
1.9679
1.8967
1.5959
1.4928
1.6482
3.4356
2.799
2.1827
1.9364
1.7742
1.6293
4.6881
7.7625
10.666
1.714
1.1668
1.3709
1.1885
1.4158
1.2589
0.83368
1.0495
1.1995
1.2445
5.8884
4.0272
2.2594
1.1561
0.86298
1.2531
4.6881
1.2735
3.7411
1.2764
2.2751
1.4825
0.92897
0.92045
0.87096
0.90573
1.0375
0.98401
0.8531
1.9231
1.2972
1.932
0.82794
3.6058
2.1979
1.0186
8.0353
3.4914
1.1912
1.9543
1.7061
2.6669
2.3174
3.6224
2.0749
1.2303
2.3496
2.4717
2.7542
1.4125
0.92683
1.0447
0.85704
0.71614
0.87902
1.0233
0.92045
2.2751
2.9785
2.9444
2.2751
1.2853
5.1168
4.0832
1.1324
1.8535
2.3988
1.5346
1.8923
1.1455
1.219
2.3496
0.83176
2.3227
0.98628
1.2706
1.71
1.4622
3.8548
1.3459
1.0046
2.0654
1.5241
1.8967
1.6181
2.6915
4.0179
1.9634
1.9454
1.7378
7.2611
1.7742
1.2303
1.094
4.2462
1.8621
1.6181
2.958
0.95499
1.1535
3.9902
4.217
1.1535
1.9634
2.7733
2.6915
2.7102
8.2414
2.1528
1.6406
1.6106
1.9679
1.1614
1.0495
1.1169
1.6106
2.3121
1.4028
1.8621
2.1135
3.2211
1.7219
0.82035
0.90365
1.0304
1.1324
1.0162
1.8323
7.709
3.2285
5.8749
1.4421
6.6834
0.92045
0.9528
0.68549
0.73451
1.2882
3.0339
6.9823
1.5922
3.9811
1.9099
0.9247
1.1324
2.2751
0.82985
0.83753
0.8356
1.5885
1.8578
1.4223
1.5996
1.4555
2.1135
2.4946
1.1695
1.0666
3.7068
3.1189
2.8907
1.1298
1.205
1.2764
0.8892
0.78343
1.0423
4.2954
1.8365
1.9364
5.1761
6.9024
1.3397
1.2218
1.256
2.2646
1.0351
1.4555
1.5776
3.3037
2.0184
1.8239
1.3996
2.8576
2.5119
1.8323
1.4322
1.3677
0.91622
1.2503
2.2542
1.3614
1.1272
1.3335
2.7102
2.138
1.349
1.1298
0.8995
1.052
0.94624
0.75858
0.92045
1.0116
1.3836
2.0989
1.5668
2.9376
5.1761
1.3709
1.4689
6.1802
5.8614
1.2882
2.3281
1.3804
0.91833
0.77625
0.76736
0.82985
0.95719
1.5171
1.3709
2.2646
1.0914
0.877
0.92045
1.1298
1.8239
4.1879
1.3335
0.69024
0.84333
2.0559
0.75509
1.0495
0.8414
2.2131
2.3335
3.3806
1.4488
1.5668
3.3574
0.73114
4.4055
0.84333
0.70958
0.78705
0.93756
0.90991
0.71779
0.83753
1.6788
0.72444
2.2751
2.5235
1.6255
0.92045
1.9679
2.3878
1.0593
4.6238
4.8978
3.8815
1.1143
0.79068
0.79433
2.9512
1.0495
1.3964
1.5171
1.1588
1.3092
2.023
2.5177
1.7742
2.8774
2.9923
1.6672
1.932
1.3459
2.6303
3.8459
2.3933
1.8836
1.8113
1.1885
0.83368
0.83176
1.3772
0.8356
0.85114
0.92045
1.0789
0.84333
1.8493
0.87297
1.4997
0.89331
3.013
5.9841
3.2434
1.6982
0.89536
1.4191
0.94624
1.1066
0.78163
0.76033
1.1508
0.8414
2.6853
0.76208
3.9628
5.8076
2.2646
4.9091
1.7947
1.0139
0.84723
1.052
0.82035
0.77625
0.69502
5.6364
3.5156
3.8548
2.2439
0.73961
0.70795
0.77446
0.68234
0.7925
0.75858
0.81096
0.74645
0.78163
0.75683
0.90365
0.83176
0.81846
0.75858
0.7709
0.79068
0.7379
0.82604
1.5631
0.67608
1.1324
1.8535
1.1535
1.7701
0.96605
0.79433
3.1189
0.82985
1.6444
1.1858
0.80168
1.1749
1.0423
0.86099
3.6308
1.6331
3.3189
1.714
1.6596
1.5631
1.3152
1.9634
1.6982
1.8155
2.2387
2.5468
1.8113
0.94406
2.4378
1.9588
1.256
2.3121
0.75683
0.72778
0.7145
0.74473
1.3213
0.80168
3.3884
1.2331
1.8113
1.3964
0.78886
0.81846
0.79433
0.88512
0.95499
1.0568
1.0839
2.3014
1.0617
0.77625
0.72946
0.70795
0.75683
0.77446
0.77268
3.6898
1.71
1.6032
1.2359
1.1066
4.217
3.4594
1.5812
2.0797
2.5351
1.1722
1.3868
1.6218
1.4622
0.89536
0.96828
1.0965
0.9977
0.9594
0.83176
1.875
0.89331
0.76384
0.84528
2.9107
3.4119
2.2336
1.3213
1.7947
1.374
1.1272
1.3428
0.73961
1.5241
2.9174
6.2661
1.1298
0.89125
0.78343
0.77268
0.85704
0.79616
1.0046
0.72611
0.82985
1.256
2.4774
1.135
0.69984
1.9231
1.1041
1.028
1.0139
0.69823
0.83176
4.6559
2.4547
2.8054
1.1376
1.5631
2.3442
1.762
2.1281
3.02
2.9376
1.8621
1.6788
6.7453
1.3366
1.3804
0.8091
0.83753
0.85901
1.1092
0.78705
0.93541
0.68234
0.76913
0.7925
0.81846
0.75509
2.1677
0.88105
0.70795
1.5922
0.77625
0.91411
2.7416
1.5922
1.5776
1.9861
1.1749
1.5668
0.93111
2.5003
1.8197
1.3996
2.673
2.5061
0.84333
6.223
3.069
2.466
3.1405
1.3428
0.78705
1.7865
0.93111
0.80353
0.72778
0.86099
0.74817
0.68077
0.9247
0.78524
0.83176
0.73451
0.86896
0.78705
0.7709
1.9498
1.3062
1.2246
1.2503
1.9634
0.73282
1.7219
1.6218
1.2474
1.6069
1.0715
1.0864
1.5136
0.9528
1.4928
2.355
1.1482
0.69502
0.74473
0.71121
0.78886
2.7669
1.888
2.1086
1.7498
4.5186
2.2542
1.9231
2.3227
1.7865
3.8107
1.9588
1.3646
2.4774
1.7418
1.556
4.1115
1.8967
1.0046
0.73282
1.0617
0.96383
0.92683
0.96828
0.96161
0.72277
1.0069
0.89331
1.1455
0.7925
1.194
1.0447
0.75683
0.86497
0.74645
1.2274
0.74989
1.2531
4.6132
1.1455
0.8892
0.74817
0.75336
0.72611
0.88105
0.81846
0.85507
0.81283
0.77446
0.79068
0.79799
0.75336
0.8892
0.75683
0.79799
0.76033
0.70795
2.3714
0.81846
0.80538
0.72778
2.0845
1.1117
2.541
2.7925
0.96828
0.68707
0.69024
0.72611
0.79433
0.84723
2.8314
1.2023
0.77804
0.93111
0.97051
0.85507
0.98628
1.0789
1.7061
0.79799
1.3868
0.9594
1.652
0.96828
0.93972
0.86099
1.1588
0.88308
4.6132
5.3333
0.77268
1.5382
1.2647
0.77804
0.67298
1.4723
2.1478
2.704
4.2267
1.5596
1.6368
1.1749
0.68234
0.74302
0.72611
0.77268
0.72946
0.877
2.6485
0.65464
1.4997
0.98628
1.1402
1.2823
1.7906
2.7102
2.9717
1.9588
1.5101
1.3213
1.5996
1.8493
1.5631
1.4521
1.5346
1.3062
1.8923
2.704
2.0277
2.3659
2.4099
1.074
1.2134
1.219
0.99541
1.0375
1.3552
0.97724
1.0593
0.8995
0.84528
0.92897
1.1995
0.86298
1.574
1.4421
0.8892
1.0965
3.342
5.6234
1.714
1.3366
1.845
1.1376
2.6915
4.7534
8.995
1.2912
4.7534
8.9743
3.6475
2.1627
2.5882
3.1333
2.5468
1.0666
0.95499
0.97724
0.82414
0.86099
0.85901
0.88512
0.82985
0.82035
1.766
1.5205
0.90365
1.028
1.8408
0.84918
1.8072
2.4099
3.1405
2.0893
1.2503
2.9717
0.66988
0.64121
0.72611
0.68549
0.71945
1.3964
2.6303
1.4125
0.80538
1.3964
0.8995
1.1041
0.81846
0.82035
1.0568
5.2119
1.0046
1.3521
1.8323
0.97724
1.4859
1.6749
1.406
1.7701
1.9498
4.5186
1.4388
1.8281
1.8408
0.88716
2.6546
0.77446
0.67764
1.6982
1.1455
3.0061
0.9247
0.72444
0.69663
0.66988
0.68549
0.68391
0.67764
0.68707
1.0495
0.8531
1.71
2.2491
2.3442
0.77446
0.75509
0.67764
0.69663
0.70146
3.1696
1.5959
2.3823
1.3092
4.2073
1.3614
0.6368
0.70469
0.67608
0.65464
0.81658
0.90157
0.76384
0.86298
0.86497
1.4289
0.88308
1.5849
0.78343
0.7656
0.81846
1.028
0.83368
0.77268
0.95499
1.6904
0.75336
1.0691
0.91622
0.8531
0.72778
0.77804
0.95499
1.6144
1.4093
1.574
1.6218
2.5586
1.4191
0.97275
0.68707
0.95499
0.88308
1.0447
0.80538
1.1749
0.79616
0.79983
1.6866
0.81658
1.4655
1.8323
1.0544
1.803
3.5645
2.3281
0.73114
0.71285
0.69663
2.208
1.7022
4.1305
1.4997
2.1528
1.5031
2.5527
14.555
8.531
2.1878
0.87297
0.91411
1.2531
1.6331
2.0324
1.1722
1.205
1.9634
1.0814
1.2474
1.3122
1.0814
1.219
1.6749
1.71
2.4266
1.6406
3.9537
7.7446
13.183
3.4435
1.8239
1.7418
1.349
1.6032
1.4191
1.4555
1.3772
1.2303
2.0797
3.155
1.6444
3.54
1.6218
1.4125
1.1722
0.76033
0.85507
0.77446
2.5177
1.5031
1.6904
1.5276
1.8155
4.1591
3.3651
1.5136
1.5885
1.4622
11.668
11.015
3.5237
1.1668
1.0023
0.74817
0.66834
0.94842
0.72111
0.8356
1.3274
2.2909
0.92897
7.656
1.6218
2.4889
3.7325
2.6792
4.3652
2.7164
3.6813
3.342
1.194
2.8708
3.4435
3.1915
1.1169
10.864
19.588
20.23
27.227
10.641
14.158
3.2734
0.72611
0.66069
0.66527
0.68077
0.66222
0.72611
0.7379
0.66527
0.71285
0.69183
0.98401
0.75683
0.99312
1.2706
1.0593
1.099
1.1429
1.7418
2.3388
1.2417
1.6181
1.1272
1.3032
1.1535
2.3768
1.183
0.89331
1.0233
1.2972
2.5003
2.3281
1.3213
2.4434
3.3574
2.8774
1.2618
3.3189
3.0479
3.1989
4.1591
18.88
5.7677
26.73
16.144
20.512
20.324
14.028
15.922
13.836
13.49
21.777
16.106
12.078
17.061
9.6828
4.2364
14.158
8.5114
12.503
13.868
8.4528
9.0782
18.923
18.535
11.695
14.723
11.376
14.454
17.14
11.272
15.276
2.9785
1.1508
1.9364
3.3037
2.7797
14.859
13.305
18.03
15.524
18.281
19.953
16.982
19.454
18.155
17.338
15.136
24.717
30.061
16.672
18.239
18.793
15.171
14.093
15.596
19.907
15.996
9.5719
12.503
15.417
9.7275
20.184
9.9312
8.4918
9.2257
22.856
8.531
9.0991
10.74
18.408
16.368
19.77
12.794
16.634
13.772
13.804
14.997
13.709
14.355
5.7544
14.454
16.558
6.0256
13.74
17.66
17.14
17.947
17.989
12.794
26.853
1.6255
2.6607
3.0269
15.56
13.213
19.815
18.793
25.468
17.258
22.961
19.055
15.171
22.491
14.322
16.866
18.323
15.704
14.521
18.323
11.429
7.6736
13.552
9.8628
10.593
8.6298
15.276
17.061
15.241
5.2
12.531
12.706
10.789
13.709
20.045
18.323
17.66
18.281
13.677
17.14
10.046
1.7498
23.605
7.0958
3.2961
1.7824
1.1722
2.3335
8.8308
10.046
19.32
15.959
9.506
8.6099
18.365
19.999
12.706
24.266
6.7143
14.191
17.14
13.032
19.724
2.5942
16.672
11.35
17.989
17.62
15.74
12.618
13.804
16.943
14.158
10.568
8.8105
5.2602
4.9888
8.147
11.722
7.709
10.351
17.824
5.6624
8.9331
8.3368
20.137
17.338
12.162
10.257
14.928
13.032
18.03
11.272
19.77
19.953
12.942
5.6364
13.552
17.906
20.37
19.543
15.668
3.6475
5.7544
4.2658
13.335
21.38
10.715
8.4333
14.322
11.588
14.588
12.388
6.8707
2.4604
8.5901
17.179
16.52
12.677
4.2954
15.311
17.258
3.9537
20.654
15.488
3.5156
3.4119
3.6813
8.5901
2.8119
2.6242
2.5942
8.77
18.072
5.4702
16.634
18.535
19.724
9.4189
9.5719
12.677
15.311
18.323
3.6141
6.8549
13.614
21.878
14.791
19.861
15.524
23.227
20.277
10.116
9.1622
6.4269
16.144
3.0269
2.3227
3.7931
2.1677
1.3709
2.3768
3.155
4.217
18.239
12.882
10.471
17.579
20.184
5.4954
4.102
4.4668
8.77
11.482
18.113
20.091
12.503
11.535
7.6033
2.4889
11.092
6.3973
14.454
20.845
12.823
11.298
13.335
20.37
11.041
17.418
13.9
7.7804
11.298
8.6896
17.742
10.351
9.1411
6.1518
11.912
11.967
6.368
9.1833
17.219
11.588
9.9312
6.2373
9.977
1.4355
1.3868
3.1189
2.4604
1.2331
1.7824
1.714
15.101
4.3551
2.355
12.474
8.6896
7.925
4.3053
0.88512
0.77983
0.82414
1.2162
1.8281
18.197
16.293
20.559
21.528
13.459
15.631
12.162
15.959
8.3753
5.1404
8.7297
3.062
4.7643
20.277
20.701
13.709
12.388
13.092
5.236
8.7096
10.116
12.303
11.508
1.803
2.5468
1.406
2.3659
2.1827
1.766
2.1429
2.4099
2.4946
5.8749
3.3343
1.374
1.0864
5.1286
1.7824
13.772
13.964
16.406
13.002
12.823
18.793
23.55
10.023
21.38
16.368
11.169
13.836
24.66
16.444
11.749
8.5507
1.8408
6.5615
3.4119
0.76033
0.77625
0.85901
1.3677
2.3335
4.0458
2.1577
1.7865
1.8281
0.97949
1.71
1.406
3.1915
1.6106
1.0789
2.4044
17.179
18.072
18.239
16.982
12.618
20.797
11.015
15.031
13.932
19.498
10.046
24.044
9.1411
11.35
12.853
10.593
10.568
1.7947
4.1305
1.4125
3.0269
2.1928
2.1727
4.1495
11.94
14.223
13.996
12.735
13.521
16.827
15.171
14.555
12.972
14.825
16.181
17.219
16.368
15.488
14.093
12.218
13.152
16.634
23.442
7.1945
13.709
17.701
11.298
23.823
8.091
12.794
11.94
15.885
19.77
12.274
11.246
12.853
12.503
4.6774
2.2029
3.3884
9.0782
1.4825
1.5136
5.7544
0.72277
1.3459
1.0471
1.0162
1.2474
2.4491
1.5596
1.574
2.6546
1.6482
2.3174
1.3646
2.7925
2.5942
1.8535
2.1577
2.9923
0.94406
1.3305
1.1143
0.80724
0.72778
1.1117
13.583
14.723
15.704
12.589
16.788
16.749
18.923
4.0738
1.0641
8.8716
13.032
14.555
11.967
18.621
10.617
14.028
14.322
1.3274
1.1272
0.87096
7.0469
10.814
13.932
11.169
2.6915
1.2972
3.8994
2.673
1.9231
4.2756
4.5394
3.4041
2.355
1.4962
0.90157
2.2182
13.428
9.8628
2.2646
1.0375
1.7783
1.4454
2.6062
1.3335
1.8281
4.5186
7.2444
11.885
16.711
16.904
16.368
13.366
16.368
12.912
13.397
15.996
14.689
3.1117
2.8708
5.0003
1.7498
10.74
14.421
0.82604
0.8531
0.72444
0.83946
0.73961
0.77804
0.80353
0.67608
0.69024
0.68549
0.7145
0.74131
0.66834
0.8356
0.66834
2.1135
0.92897
4.5604
5.9979
1.6596
2.2856
2.0606
0.77625
0.78886
2.1086
1.8923
6.8549
2.2751
2.1777
5.0234
1.0889
1.6482
1.6904
1.0209
0.94624
1.1885
0.83176
0.83368
0.76384
1.71
2.1827
2.9376
5.3827
1.194
3.1623
3.2509
1.3614
2.8445
0.8995
0.65464
0.76913
0.66834
0.73961
0.99083
0.7379
0.71614
0.64863
0.72611
0.67608
0.70146
0.71614
0.75509
0.66681
0.69502
0.78163
0.75162
0.74645
0.69823
0.68865
0.72111
0.74473
0.70469
0.67608
0.74817
0.7379
1.3836
1.8535
0.92045
3.9355
2.5586
1.8923
3.02
1.4191
4.2658
15.066
24.044
11.668
15.922
21.528
2.0749
1.3804
1.7701
7.1614
12.503
17.498
18.621
14.158
15.382
22.336
19.409
9.9541
2.4604
4.3954
3.4119
1.4322
1.2618
1.135
0.97724
1.3092
1.4191
1.3646
3.4834
5.1051
9.9083
13.932
19.724
17.418
13.646
21.777
20.893
20.701
20.989
17.539
15.136
13.964
18.793
10.864
11.35
1.8155
2.9107
8.2035
10.74
2.3714
5.9979
18.323
11.041
14.454
17.865
22.284
26.002
10.864
19.999
20.045
19.364
18.072
6.2951
15.631
13.183
16.672
18.408
15.631
18.365
23.878
4.102
11.83
15.959
18.45
11.588
20.277
13.932
16.444
15.205
14.06
15.417
11.83
13.9
6.7453
12.023
18.072
25.003
14.655
19.055
11.194
15.488
13.002
10.99
22.182
11.194
7.4473
1.0233
1.3459
3.5075
1.8365
3.5563
2.7669
5.5976
16.444
17.701
14.791
24.322
18.621
18.707
12.823
14.028
16.368
10.889
17.258
17.62
12.218
9.2045
6.368
14.488
13.366
16.331
16.711
5.2119
19.543
18.072
16.943
20.23
11.561
13.122
11.614
16.482
17.742
4.3351
2.799
4.4771
6.9343
4.1879
4.6132
4.6666
1.4158
1.0965
2.851
3.6475
8.8716
13.032
1.3183
1.0186
1.3032
1.7418
1.3335
0.97724
0.79799
0.76208
0.69024
0.80168
0.78524
0.75336
2.2439
1.5996
2.0277
1.0257
0.80168
0.90991
0.8892
0.94406
0.77625
0.80538
0.71614
0.9594
0.7379
0.70307
0.70307
1.3932
0.90573
1.2331
0.79433
0.86696
0.90365
0.90782
2.1928
6.4269
2.6424
3.0061
2.4099
2.4322
0.96605
0.66222
0.67298
0.71285
0.70795
0.73451
0.6792
0.65917
0.71614
0.77268
0.78163
0.84723
0.98401
1.2706
1.1885
1.5171
0.98855
1.71
1.4928
1.2474
0.84333
0.79433
0.80538
0.7925
0.78524
2.6853
1.9634
1.3868
1.3552
4.1687
1.5453
1.8621
3.5237
4.217
3.6475
1.1858
1.122
0.69823
0.71614
0.69984
0.64269
0.76033
0.84723
0.67764
0.67298
0.74645
0.86298
0.69024
0.73451
0.72277
0.67764
0.70795
0.66988
0.66834
0.67764
0.87498
0.75509
0.72444
0.69984
0.75683
0.72778
0.68234
0.68865
0.69343
0.70146
0.79983
0.72611
0.71121
0.69663
0.70469
0.69823
0.68391
0.66988
1.6982
1.0399
0.8414
0.83176
1.1324
1.0304
1.2106
2.8576
1.4158
1.3996
1.2853
1.3366
0.76736
0.6792
0.86696
0.73961
0.69183
0.74817
0.69343
0.66222
0.69984
0.72778
0.72444
0.65163
0.71121
0.69984
0.65615
0.71779
0.69343
0.68549
0.66069
0.67453
1.1194
0.67298
0.64714
0.69024
0.64417
0.6792
0.69823
0.73114
1.1776
1.0447
1.4028
1.3868
2.6853
7.3451
6.4714
1.1995
0.72611
0.97275
2.8314
1.122
1.4655
1.0093
1.0889
0.91833
2.1577
2.1827
3.0269
1.9907
1.4689
0.96383
1.1508
1.5524
1.2106
1.0666
1.406
1.3032
1.5136
2.4378
3.3497
3.5075
0.86099
0.69183
0.75858
0.6792
0.66374
0.72111
0.66834
0.69343
0.64565
0.65917
0.71614
1.4158
0.70146
0.77625
0.6792
0.67764
0.74817
0.68549
0.73282
0.66527
0.68391
0.75683
0.64121
1.4757
0.71614
0.7379
0.70958
0.70632
0.66681
0.65313
0.92683
0.69984
0.72778
0.72111
0.69343
0.67453
0.68077
0.68391
0.86896
0.68077
0.71121
0.76913
0.68077
0.65766
0.65013
0.68707
0.6368
0.65464
0.6223
0.65917
0.70307
1.074
0.64417
0.67764
0.71121
0.70469
1.8664
1.3804
1.8365
1.1858
1.2764
3.4356
2.3121
1.5346
2.1577
1.3521
5.1168
14.622
18.578
16.368
8.0353
1.7579
5.2845
11.22
4.1115
1.8793
1.2134
1.2589
1.2589
1.4322
4.9774
13.459
18.155
16.406
16.255
14.894
18.323
0.80724
0.72277
1.1668
0.94842
0.73282
0.70632
0.73282
0.94624
0.70795
0.80538
0.74989
0.70307
0.95499
0.67298
0.69343
0.72778
1.2246
0.7925
1.1324
2.138
0.93756
0.64565
0.66374
0.68707
1
0.71779
0.72277
0.63387
0.69502
0.72611
0.68549
0.68707
0.66527
0.68707
0.66069
0.65917
0.66069
0.73114
0.69024
0.70146
0.67143
0.65013
0.68077
0.67453
0.65313
0.70469
0.70146
0.69663
0.67453
0.67764
1.0351
0.66681
0.66069
0.65013
0.71285
0.64417
0.66222
0.68234
0.6792
0.64863
0.64269
0.65464
0.68234
0.65163
0.67298
0.69663
0.66069
0.69343
0.66681
0.64121
0.65313
0.67764
0.65464
0.66988
0.66834
0.65917
0.63973
0.67143
1.0069
1.875
0.96383
0.94624
0.84333
1.2274
1.0471
1.0423
1.4158
2.138
0.80724
1.7742
1.3964
2.3442
10.375
3.4514
0.82224
0.72444
0.67298
0.77983
0.67608
0.72946
0.70795
0.82604
0.69984
0.66988
0.7379
0.89536
0.69663
0.73621
0.72611
0.66988
0.74817
0.74473
0.74473
0.72277
0.70146
1.0423
0.69663
0.73282
0.67453
0.69024
0.66374
0.67764
0.69183
0.70469
0.74817
0.66834
0.79983
0.75858
0.73282
0.69343
0.68077
0.74989
0.70795
0.68234
0.76913
0.72778
0.72946
0.76384
0.70958
0.72444
2.133
1.2589
1.0257
2.4378
1.0691
1.1588
1.5704
1.9679
1.3305
2.4044
1.9409
1.8239
2.8249
1.2134
7.1614
0.97499
2.3014
3.1915
2.1577
7.379
0.92045
1.6368
3.5075
12.303
11.885
11.482
11.455
8.414
13.932
10.069
21.33
10.471
17.1
13.183
16.982
10.617
2.5645
1.6634
10.209
5.0119
1.0304
1.1092
1.3583
1.3002
1.2882
1.2445
1.0209
4.4566
6.6222
1.8365
1.9953
1.7061
1.0471
1.8072
2.8184
13.772
17.865
15.668
13.274
14.289
19.011
9.6161
15.776
20.606
18.493
11.83
17.783
9.2045
15.922
7.5509
10.715
10.186
10.351
10.74
2.4831
2.0091
2.3988
3.0269
1.8923
3.3189
2.2909
1.0046
0.82035
0.82414
0.9506
0.85507
2.1184
1.2303
1.5849
0.72946
2.2961
0.77625
1.0116
0.97051
2.7353
2.9992
1.714
8.3176
1.2764
0.73961
1.8535
1.3213
1.5311
1.4093
0.94842
1.1066
1.3366
1.1429
1.094
1.1588
1.8155
1.5922
1.2474
5.6494
5.236
5.3456
11.749
20.37
16.866
16.982
13.092
9.2257
22.646
1.0789
1.71
1.9724
1.8535
3.4356
4.7098
1.5959
0.91411
0.80168
1.0257
1.0209
1.1749
0.99312
0.98401
0.94406
0.92897
0.91622
1.1508
1.1455
0.93541
1.0691
1.2078
1.1194
6.3387
1.9364
1.6711
1.3709
1.4757
0.81846
0.74473
0.77625
0.71614
0.73114
0.66222
0.66988
0.72277
0.75683
0.85704
0.83946
0.8892
0.77804
0.83368
0.77268
1.6368
0.7379
0.74817
1.1246
0.82035
0.77804
1.6672
1.1429
1.6943
2.2699
2.5177
0.67143
0.70146
1.2445
0.7145
0.69984
0.67143
0.72444
0.74817
0.71121
0.71945
0.74302
0.72778
0.69502
0.70146
0.6792
0.69663
0.71779
0.8892
0.79799
0.79068
0.68549
0.69984
0.73961
0.6792
0.75509
0.76033
0.67764
0.66988
0.73114
1.0375
0.86497
0.94189
1.0765
1.2735
1.1588
0.99083
1.0069
0.97051
0.73961
0.7145
0.68077
0.7379
0.66222
0.66834
0.76208
0.70307
0.73961
0.71285
0.70632
0.68234
0.74645
0.71121
0.65013
0.67608
0.7379
0.74989
0.74989
0.77625
0.75683
0.67764
0.73451
0.70469
0.74302
0.69823
0.69024
0.69823
0.75336
0.69024
0.66988
0.73114
0.68391
0.70307
0.71614
0.68865
0.73621
0.72946
0.72946
0.70146
0.6792
0.78524
0.7145
0.69823
0.68707
0.68391
0.65163
0.69823
0.69663
0.69183
0.7379
0.68077
0.77268
0.71614
0.73114
0.72111
0.71614
0.81846
0.69502
0.66988
0.68707
0.70146
0.71945
0.65464
0.76736
0.71614
0.68549
0.72778
0.69502
0.70795
0.72444
0.73961
0.70469
0.77268
0.72778
0.70146
0.66527
0.73451
0.71945
0.70307
0.70795
0.75683
0.77446
0.94189
0.72277
0.82414
0.8995
0.77446
0.77983
0.72611
0.77268
0.8091
0.81283
1.3646
0.73621
0.72444
0.95499
0.72111
0.65163
0.70469
0.72778
0.68865
0.67608
0.68865
0.86896
0.70307
0.72946
0.71614
0.68234
0.67298
0.66222
0.71945
0.68077
0.70146
0.68234
0.71779
0.63973
0.7656
0.67764
0.7656
0.71285
0.70146
0.73621
0.71779
0.72444
0.70146
0.78886
0.70958
0.68707
0.70469
0.70307
0.6792
0.76208
0.71945
0.70146
0.66222
0.74302
0.81658
0.75162
0.66834
0.67608
0.72778
0.81658
0.71614
0.68865
0.74817
5.1761
2.7542
0.85114
0.94624
0.87297
0.87096
0.84528
0.82224
0.77983
0.82604
0.85507
0.79616
0.99541
0.92683
1.0691
1.1722
0.94189
1.0399
0.93111
0.877
1.2942
1.5031
0.97724
0.90782
1.0399
1.3152
1.3428
1.2794
1.0023
1.5524
6.4565
10.495
13.397
22.336
21.281
19.275
22.646
11.668
9.9541
21.777
19.907
11.83
13.243
27.99
16.827
28.907
25.468
9.9541
2.0137
0.71121
0.76033
1.1535
0.8531
1.099
4.0272
25.763
16.52
25.942
24.155
11.83
0.7145
0.66527
0.73621
0.6792
1.2474
1.0666
0.92897
1.2417
1.135
1.5488
4.7424
18.793
12.388
16.069
18.239
2.8249
0.72611
0.67298
0.65464
0.6792
0.69823
0.71945
0.71945
0.66988
0.69183
0.79983
0.70958
0.69984
0.77983
0.77625
0.82604
0.9594
1.2677
4.9091
12.417
0.71945
0.67298
0.67453
0.69343
2.1086
7.1945
2.6915
5.2602
9.7949
19.498
14.588
14.622
25.586
11.776
10.691
17.539
20.23
27.861
18.836
27.606
20.893
26.669
2.7479
25.823
14.256
0.75683
0.66527
0.84528
2.1827
3.1842
1.8707
18.923
0.82224
1.219
1.1912
1.0789
1.052
1.5704
1.5704
0.67143
15.812
18.197
20.845
18.281
1.6293
0.68707
0.67764
0.72111
0.68077
0.66069
1.0471
0.71945
0.7379
0.69183
0.68549
0.90991
0.67298
0.98175
0.65163
0.70795
0.67298
0.73451
0.70958
1.1194
0.66069
0.69663
0.98855
0.71614
0.69502
0.75162
0.73282
0.93325
1.1561
2.2029
2.9854
8.5507
11.482
13.804
13.335
15.885
24.266
0.66834
2.2182
3.1696
0.68234
0.73961
0.66374
0.7145
0.70795
0.74473
1.122
0.8414
0.78705
1.9634
3.8194
9.2683
0.80168
0.68549
0.7145
0.68077
0.64565
0.68234
0.65313
0.70632
0.67764
0.67143
0.70795
0.71121
0.67453
0.67453
0.67298
0.69024
0.70307
3.013
1.3552
1.0116
1.766
4.4361
1.1508
1.1429
2.9309
1.7338
2.2491
3.2659
4.0551
1.1668
1.6866
3.6141
0.8356
0.66374
0.64863
0.67764
0.65163
0.65766
1.1041
1.1858
1.3062
1.1535
0.99541
1.7061
2.2594
2.7353
1.1117
0.68865
0.66527
1.4622
2.5527
0.73961
0.87498
1.8836
1.0375
0.80724
1.0765
1.3552
2.4434
0.67298
0.85507
0.71614
0.69183
0.69823
0.73961
0.69024
0.70632
0.73961
2.6242
0.87297
0.98401
1.1143
3.6898
0.69502
0.68549
0.8531
0.72611
0.69823
0.68865
0.70795
0.69663
0.70632
0.68707
0.99083
0.68234
0.81658
1.074
1.0069
0.8147
1.4421
1.2531
2.3605
21.232
19.231
11.912
21.38
25.41
17.824
18.493
5.7544
0.72111
2.884
2.0559
1.0965
2.2542
0.73621
0.70307
0.73621
0.69183
0.66222
1.0544
0.67143
0.73282
0.74817
0.64269
1.5885
0.67608
0.74302
0.66374
0.69823
0.67143
0.69183
0.7379
0.67764
0.67764
0.6792
0.64269
0.71121
0.63973
0.65917
0.74473
0.66988
0.69502
0.70307
0.78886
0.76033
0.69024
0.67298
0.69502
0.68234
0.72111
0.68549
0.6792
0.66988
0.72611
0.66988
0.68549
0.63533
0.68077
0.67764
0.67453
0.63826
0.65313
1.0839
1.8923
1.1194
0.7925
0.99541
4.121
0.69984
0.71285
2.0091
0.86497
0.98401
0.96161
1.0568
1.1776
0.92045
1.0544
0.84333
1.4093
8.2604
12.331
7.8524
20.654
23.388
0.78343
0.71779
0.70469
14.521
1.6672
3.1333
5.1168
10.666
0.74302
0.70795
0.76736
0.68234
0.74302
0.70146
0.69663
0.74473
0.75162
0.69024
0.68234
0.66988
0.69823
0.73114
0.71614
0.64863
0.68865
0.69823
0.72444
1.0139
2.466
0.85114
0.82604
0.78705
0.69984
0.86497
0.67143
0.78343
0.66681
0.74131
0.68234
0.72778
0.69823
0.68865
0.6792
0.66069
0.68077
0.68234
0.78886
0.75162
0.66222
1.5311
0.99312
1.3122
0.87096
0.9594
0.98628
1.9543
0.91622
1.5171
1.0965
1.0544
3.5075
11.092
18.365
22.336
15.959
17.865
0.73114
0.99083
0.85704
0.88716
0.82224
0.82604
0.79799
0.90365
0.75509
1.7298
0.9506
0.89536
2.0797
2.6915
0.7145
0.68077
0.74131
0.68391
0.68234
0.7145
0.85507
0.68077
0.79799
0.7379
0.73114
0.75336
0.72111
0.71121
0.71285
0.69502
0.65313
0.68234
0.72444
0.66069
0.69183
0.73282
0.78886
0.73451
0.71285
0.7145
0.7145
0.68707
0.73621
0.68077
0.66222
0.66681
0.72778
0.68391
0.69984
0.71121
0.66069
0.69823
0.71614
0.79068
0.69984
0.72444
0.7709
0.71285
0.67143
0.70958
0.67143
0.70795
0.74989
0.7709
0.70469
0.75509
0.71614
0.67298
0.68865
0.71614
0.70632
0.74817
1.6368
4.9659
0.98628
1.3677
2.3388
1.0162
7.5162
1.1535
0.99312
0.86896
0.82794
0.87297
0.8147
1.3521
1.0691
0.86896
0.85901
0.81658
1.1376
0.86099
0.90365
0.81846
0.67764
1.8535
1.7539
6.4417
20.701
28.576
20.324
18.155
15.031
19.32
23.659
14.521
16.711
15.704
13.964
21.281
21.677
11.83
1.0046
1.3397
3.6983
5.5081
0.90365
0.96161
0.87498
1.0023
1.1272
1.5488
1.8621
1.8239
0.70632
0.72444
0.7145
0.68865
0.67298
0.70307
0.69663
0.88716
0.77804
0.95719
0.79983
0.73621
0.74645
0.82414
1.6749
0.69984
1.6943
0.69823
0.6792
0.71285
0.66681
0.72111
0.69183
0.70469
0.70958
0.72946
0.69663
0.69823
0.68707
0.68865
0.68707
0.71945
0.69343
0.70469
0.66527
0.72111
0.69823
0.64417
0.64417
0.65615
0.68549
0.65917
0.67298
0.69502
0.67143
0.68391
0.72778
0.71285
0.67453
0.67764
0.69502
0.66681
0.71121
0.68865
0.66527
0.70632
0.72277
0.66681
0.66527
0.66222
0.69984
0.67453
0.6792
0.69663
0.69343
0.72611
0.70307
0.65313
0.70795
0.71779
0.68077
0.74473
0.6792
0.66988
0.67608
0.65313
0.66834
0.68549
0.68549
0.68391
0.71945
0.70795
0.66834
0.64863
0.69183
0.67608
0.69024
0.62661
0.68707
0.70632
0.69343
0.68391
0.67453
0.66527
0.72444
0.65917
0.71614
0.69823
0.70307
0.67143
0.66374
0.66374
0.73451
0.69183
0.68234
0.66222
0.66069
0.64565
0.64714
0.66988
0.66681
0.72111
0.6792
0.72946
0.66069
0.69502
0.71121
0.67764
0.71614
0.68707
0.68077
0.70146
0.71779
0.66374
0.80353
0.71121
0.71779
0.70146
0.64863
0.65766
0.71614
0.71945
0.72111
0.75509
0.68707
0.67764
0.68549
0.70632
0.71121
0.64714
0.70632
0.77983
0.70632
0.68707
0.66527
0.69823
0.67764
0.6792
0.76384
0.66834
0.66988
0.72444
4.7206
0.80353
0.94624
1.4028
5.7943
1
1.4388
1.3062
2.4099
1.2706
1.2218
1.7498
1.1298
1.1143
2.8184
2.5235
4.5186
1.7865
0.82604
0.71779
0.68391
0.7145
0.86497
0.74131
0.76033
0.74817
0.72111
0.69343
0.69663
0.68707
0.70795
0.67608
0.69024
0.72778
0.68707
0.69024
0.68707
0.66834
0.71121
0.76913
0.66374
0.78886
0.71945
0.71285
0.78705
0.78886
0.71285
1.4191
9.1411
25.003
14.757
19.907
0.69502
0.80724
0.77446
0.6792
0.7925
1.6749
12.531
0.90573
8.7902
9.4842
25.41
16.331
26.182
28.84
19.143
22.387
20.893
24.378
18.664
24.434
16.711
23.878
12.531
11.429
24.774
0.74645
12.531
28.314
24.604
13.183
1.0423
0.66681
0.86497
0.68391
0.64714
0.8356
0.6792
0.70958
0.66222
0.68865
0.68234
0.78163
0.66374
0.68077
0.72946
0.70307
0.69024
1.1117
0.97949
0.67143
1.0304
0.70146
0.68234
0.6792
0.68391
0.68865
0.84723
1.0023
1.3002
1.2706
2.0749
0.89743
0.70795
0.8091
0.71121
1.0889
0.68077
0.68865
0.69343
0.87902
0.65766
1.5812
17.1
17.579
21.777
27.04
20.045
13.428
2.466
2.4491
2.3227
1.7378
4.1687
12.388
20.749
20.512
20.324
14.655
22.856
25.119
26.73
28.907
28.119
25.177
23.388
27.606
22.491
24.717
11.429
30.061
24.491
1.0471
6.0117
7.2946
15.596
6.0117
0.71945
0.77268
0.76736
0.71614
0.69024
0.71285
1.0568
0.84333
0.8892
0.8091
2.3442
4.3251
14.322
15.346
21.38
22.909
12.942
13.397
15.596
16.368
18.281
1.9634
3.0339
1.1776
3.9628
0.73621
1.6558
1.9679
6.0117
9.0573
4.6666
13.772
10.864
1.2274
21.677
1.8113
1.2078
0.75858
0.74817
1.7061
0.71614
0.68391
0.66834
0.65313
0.66374
0.68865
0.71945
0.72277
0.70469
0.66834
0.66069
0.72111
0.66681
0.65464
1.028
0.70795
0.77446
0.66069
0.70146
0.68391
0.65464
0.66374
0.66834
0.86298
0.65313
0.73282
0.79616
0.66527
0.68549
0.72778
0.66681
0.69502
0.69183
0.66681
0.66527
0.73621
0.65313
0.66222
0.66834
0.65313
0.66988
0.71121
0.69984
0.68865
0.66988
0.67764
0.65163
0.66681
0.70795
0.72946
0.68549
0.65464
0.66222
0.72111
0.71285
0.73114
0.78886
0.6792
0.63826
0.65313
0.62087
0.65766
0.65163
0.68234
0.64565
0.68077
0.65464
0.67143
1.0023
0.79068
1.1668
0.85507
0.877
0.77625
0.9594
1.194
0.84918
1.2942
0.66988
0.70469
1.1912
1.4521
4.0644
1.4962
0.65615
0.72778
0.72111
0.67453
0.65313
0.66681
0.69343
0.66834
0.66374
0.66988
0.65615
0.6792
0.68234
0.64269
0.67453
0.64863
0.65313
0.62951
0.67764
0.66069
0.67453
1.9364
1.3836
1.0093
1.4488
4.3551
1.3002
1.1066
2.1677
1.1912
0.93325
1.3677
0.86896
1.9409
1.5812
0.69183
0.66222
0.67298
0.65917
0.69343
0.69984
0.96161
0.67143
0.66222
0.68865
0.65163
0.73621
0.70958
0.69823
0.69663
0.69024
0.65313
1.5346
3.2211
0.90573
1.0691
1.2023
1.1429
1.1668
1.1246
1.5631
1.4588
2.0137
1.1429
1.3521
1.2972
1.5417
1.4028
1.574
1.4454
4.1591
0.74302
0.68077
0.69024
1.2218
1.9498
12.942
20.512
21.38
21.38
14.588
8.3368
25.763
24.946
12.388
29.309
24.66
18.072
17.742
21.928
20.045
14.06
14.521
10.495
12.912
30.62
19.055
4.6026
1.2706
2.4155
4.7206
1.2246
2.0701
1.6482
3.5975
9.247
19.861
14.322
2.1478
19.498
28.576
19.999
25.235
22.699
17.061
12.647
28.907
24.946
26.182
16.406
20.941
4.9774
11.695
19.099
21.429
24.547
22.961
25.586
16.558
17.061
18.113
2.1281
4.1591
2.421
1.2735
3.1989
12.912
6.0256
2.0045
1.0641
1.6982
0.75683
0.80168
18.45
0.75683
0.74989
0.70795
22.439
10.666
16.904
31.623
31.915
24.21
19.999
23.659
3.1696
1.9364
0.71945
4.6238
13.366
20.701
8.7498
18.836
27.669
29.785
26.424
22.439
1.6866
1.099
7.6033
21.528
1.845
3.5563
1.0162
1.2503
1.6749
3.1989
16.904
23.878
9.3972
11.22
15.996
17.824
23.878
30.761
0.71945
0.70469
0.69343
0.7379
0.77983
0.72277
0.72611
0.69024
0.6792
0.75509
0.76033
0.70632
0.76033
0.72611
0.73451
0.76033
0.7656
0.7379
0.80353
0.72277
0.67453
0.70958
0.72111
15.417
1.3335
0.70958
0.83368
0.75336
0.86298
0.80168
1.5524
1.3428
0.75162
1.3397
0.71285
0.78343
0.71945
0.70632
0.71285
0.71945
0.75858
0.76033
0.9977
1.845
0.90782
1.4689
0.877
0.80538
1.5241
1.5417
1.4859
1.7179
1.6181
1.6634
1.1858
0.68707
1.1194
0.69024
0.72611
0.72277
0.77446
0.66834
0.71614
0.71285
0.70307
0.71285
0.92257
0.73451
0.71779
0.77804
0.69502
0.69663
0.70469
0.69823
0.76736
0.65313
0.69343
0.66681
0.70307
0.69183
0.71779
0.67453
0.74645
0.71285
0.65163
0.69823
0.72444
0.68707
0.71285
0.68549
0.67608
0.67764
0.69663
0.66834
0.68549
0.70469
0.66374
0.70795
0.7379
0.69343
0.70795
0.69823
0.7145
0.71945
0.70469
0.73451
0.64863
0.68549
0.74645
0.70632
0.71614
0.69183
0.79799
0.77268
0.72277
0.72778
0.74302
0.68707
0.72611
0.74302
0.69502
0.69984
0.73961
0.75162
0.70958
0.68549
0.70307
0.69984
0.69183
0.68549
0.76913
0.69343
0.7379
0.66222
0.67608
0.69183
0.66527
0.67764
0.68077
0.67143
0.69663
0.70958
0.69024
0.72611
0.67764
0.66527
0.69502
0.72277
0.70795
0.69663
0.72778
0.71121
0.69502
0.69663
0.68077
0.71121
0.76208
0.73451
0.69024
0.83946
0.74131
0.69343
0.71285
0.76208
0.72444
0.70469
0.69024
0.72277
0.74131
0.6792
0.7145
0.68077
0.66069
0.67608
0.68077
0.72111
0.68865
0.71614
0.69984
0.70795
0.72778
0.69984
0.67143
0.74473
0.67298
0.68549
0.65313
0.66069
0.72778
0.71779
0.72611
2.208
0.78343
0.87096
1.9099
1.2106
1.3335
0.89536
1.5136
1.2647
4.4875
0.71121
0.65615
0.71614
0.69343
0.6792
1.0617
0.98628
0.98401
1.5885
1.0447
1.3521
1.3032
1.2618
1.2531
1.5488
1.1169
0.88308
0.80538
0.7709
0.70146
0.64863
1.2589
0.70632
0.66069
0.65013
0.70469
0.68549
0.89125
0.70632
0.73451
0.68077
0.76033
0.7379
0.70632
0.70469
0.77804
0.66374
0.73282
0.6792
0.68391
0.74131
0.75336
0.77446
0.72111
0.68391
0.68707
0.72444
0.68391
0.68391
0.66222
0.74473
0.68707
0.69024
0.68865
0.73114
0.79068
0.70146
0.74302
0.80168
0.71614
0.71121
0.73621
0.73451
0.76913
0.74645
0.75509
0.65766
0.7709
0.72444
0.68865
0.68865
0.72277
0.72946
0.71285
0.80353
0.70307
0.71614
0.66222
0.66834
0.70795
0.66069
0.68865
0.75162
0.69663
0.67298
0.72611
0.69984
0.74817
0.72277
0.75858
0.68707
0.70146
0.71121
0.70958
0.71945
0.72946
0.71121
0.68234
0.65013
0.74989
0.71945
0.67453
0.74989
0.73961
0.7379
0.77804
