2.5882
7.379
0.99083
3.6898
4.1976
2.1478
1.6444
2.1777
0.83176
1.4689
1.0789
1.875
1.1722
3.6224
2.4946
1.094
1.2388
1.7179
1.9498
1.0471
1.8072
2.9512
1.9679
4.256
1.406
3.5156
1.9907
1.9187
5.3088
2.5003
1.0568
0.75336
1.4825
1.2764
4.4566
4.2855
0.78163
0.80168
0.91622
0.84723
0.81096
0.81658
0.76208
7.4473
5.1523
0.89536
0.84723
0.86099
0.88308
0.79799
0.78343
0.86298
0.86696
0.77983
0.78705
0.79433
1.8155
0.90365
1.5776
1.9187
6.3096
5.9841
2.023
2.5293
1.5171
2.0091
6.6681
11.143
6.3533
0.97499
0.87902
1.9143
3.7411
3.1333
0.87096
1.2134
4.0832
2.9444
0.99312
0.92257
0.8531
2.2029
4.1591
2.3442
1.094
0.77804
0.85507
1.2912
2.466
3.3574
1.0328
4.6774
2.3174
5.7943
1.2331
1.183
2.2699
7.7983
7.2444
0.80353
0.93325
1.5346
0.92683
0.80168
0.7379
0.79068
1.1858
6.8549
9.8628
6.1802
6.8391
9.9541
0.77625
0.8414
0.92683
0.85507
0.78343
1.0304
0.85114
0.77804
0.79068
0.87096
0.79068
0.80724
0.87902
0.84528
1.2706
2.355
6.9984
7.5336
3.2137
2.8576
6.8077
1.7701
0.81096
0.86298
0.90573
0.89536
1.7338
5.1523
8.8105
9.977
1.0093
1.0257
0.98628
2.5119
0.82794
0.75858
1.556
1.0328
1.1912
2.1979
1.3032
0.96605
0.82035
0.79983
1.0093
0.85114
0.87902
0.95499
0.7145
2.6669
0.7925
0.72946
0.74473
0.79433
1.0789
0.70307
0.85704
1.3092
0.7925
0.94624
1.0568
0.91622
1.0495
0.80168
0.78705
3.8905
7.656
0.7656
1.4791
2.0184
7.8163
1.3274
5.4576
8.2224
0.85114
0.82794
0.86896
0.78524
0.81658
0.77804
0.82035
0.85704
2.5351
3.8637
6.3533
3.7068
2.0184
11.83
9.7499
7.3282
1.4289
5.4954
0.88308
0.97949
0.99312
0.77625
1.2106
0.82794
0.8892
0.82794
1.1776
0.83753
1.0375
0.86497
0.8995
4.8641
1.5171
5.7677
11.83
8.7498
8.5901
9.0365
9.8855
6.9502
0.80168
1.7947
7.9799
5.0582
8.0353
11.535
11.22
0.7709
0.96383
4.0832
6.4417
5.1642
1.1015
7.3621
8.995
0.79983
0.93111
6.8391
3.3884
0.74989
0.79616
0.89536
1.9815
7.2611
9.0573
5.6885
5.5081
1.0789
1.099
0.82604
0.79799
0.7656
0.79068
0.81283
0.78343
0.97949
0.81283
11.508
6.9984
8.6298
2.5003
2.2387
9.7724
2.5882
6.9984
8.2794
9.0365
0.80168
5.7412
1.4928
6.792
9.0573
8.6497
10.162
1.6069
0.86099
1.3002
1.1668
1.4723
1.2078
1.256
2.4491
6.3387
3.4594
7.145
7.8705
0.89125
0.80724
0.81846
1.1169
1.3677
6.4121
7.3621
1.2274
10.046
0.877
0.8531
0.77268
0.82985
0.82035
0.79433
0.73282
0.74645
0.74131
0.9594
0.8091
0.94406
1.0814
1.4125
1.2445
5.8076
0.76913
5.5719
6.3387
1.8197
3.4041
0.7379
0.71285
1.0691
0.8892
0.74302
0.78705
0.86896
5.1523
7.2778
9.1411
3.0549
0.80538
0.86099
0.90991
0.83176
0.83176
1.9861
0.77446
1.1749
1.5996
5.4702
8.3368
1.3868
5.0933
4.1305
6.5013
8.5507
8.091
8.5507
4.9545
8.9331
9.7499
8.4333
1.0186
0.77268
0.91411
0.80538
0.8995
2.3014
3.5237
0.9506
0.80168
3.6813
5.42
7.6736
5.7412
1.8535
2.1727
7.709
1.5382
1.256
2.4266
0.97949
0.86099
1.3459
2.3878
7.8705
4.9774
4.4668
1.4256
10.99
11.35
12.882
8.8105
6.3241
0.76913
0.87096
0.88308
0.91201
0.96828
1.2162
1.1508
1.875
1.1695
2.5763
3.069
3.2137
0.86099
1.2706
7.6033
8.8512
8.3368
3.4754
0.72946
2.0091
2.466
7.4989
1.8621
5.4828
8.2604
1.205
1.8923
4.217
1.3305
2.9376
7.8343
0.90573
1.9364
8.2224
9.1411
9.1201
7.9433
0.81283
2.0417
6.5013
10.375
0.87902
0.81658
0.76033
0.89125
0.88512
0.93111
0.85507
2.8054
1.2706
8.4528
7.2611
5.2966
10.839
9.3972
1.122
6.1094
5.821
1.5101
3.9084
2.466
0.85704
0.93325
0.87498
1.194
0.88716
3.0479
9.0782
8.5114
1.3614
4.14
8.5901
2.466
9.4406
10.568
0.8892
0.82794
0.85507
0.78524
0.91411
0.84723
0.78163
0.82224
0.89331
0.93972
1.0162
1.7701
7.925
1.6711
1.1041
1.3122
1.0162
2.8576
0.78343
0.75336
0.72611
0.76384
0.74473
0.81658
0.72611
0.72111
0.79433
0.76384
0.70146
0.71945
0.8091
1.135
1.2359
1.1803
0.88512
0.79983
1.8155
1.256
0.99083
1.7338
0.95499
0.90991
1.1482
0.81658
1.3335
1.8621
0.877
1.1995
0.8147
0.82224
2.1878
1.2972
0.70146
1.1803
7.4989
1.6672
0.88716
1.4322
0.88716
1.1455
2.3878
9.8175
10.069
11.668
1.3677
4.9204
1.6982
1.1561
2.5003
5.559
3.1915
4.8417
0.81846
1.8836
1.7783
6.5163
0.78886
0.75858
0.82414
0.77983
4.256
0.83946
1.7742
0.87096
0.83368
3.3651
0.77625
7.8705
9.6605
8.6497
6.8234
0.86298
0.91411
1.135
1.0209
1.4655
0.75162
10.093
8.4918
6.0117
0.74302
3.4198
5.7412
2.8054
1.6558
1.2706
3.4754
7.6384
10.617
3.6141
1.099
2.7925
2.8973
6.2517
6.7298
10.069
9.2897
9.4189
4.8978
4.529
5.445
7.379
8.6298
4.6559
6.0674
10.399
10.257
2.6062
1.0023
0.85901
1.3274
1.1803
1.0617
0.84723
0.86099
5.5847
8.2224
6.8707
1.9498
10.233
8.6099
9.7051
3.7411
6.6527
3.7239
7.4817
0.91833
0.94406
3.1623
6.0395
6.3387
5.5719
10.046
4.5394
7.9433
5.8076
1.3274
0.85114
0.83368
5.8479
7.0795
0.97949
1.5488
3.0549
0.93111
1.0715
0.83368
0.98401
3.581
8.1846
9.6828
12.106
4.4157
4.9774
11.482
10.666
3.8905
1.7219
7.2111
4.8084
10.257
7.7804
8.9536
6.9024
6.7298
3.5645
1.5596
11.508
10.715
9.0573
4.4771
8.6497
8.356
5.1523
7.0632
7.4817
6.6527
10.495
5.902
0.85901
0.79068
0.93111
1.1482
0.94406
0.88308
0.99083
0.79068
1.1588
0.82035
6.8549
2.7542
7.0632
10.116
1.2218
1.2106
1.1482
2.3768
1.2823
1.0257
1.1508
3.9994
6.368
5.3211
6.6527
9.6161
9.0573
8.0168
1.6293
0.94189
3.54
4.1783
8.2224
4.7098
0.84528
0.82414
5.9566
6.7764
2.4547
3.3729
2.2387
1.5849
0.7379
0.94406
0.98628
1.2359
1.5704
2.2439
6.4269
9.8855
1.3152
6.4417
1.0715
0.79616
0.76033
0.75162
0.86896
0.79068
0.81658
0.81096
0.75509
0.74645
0.8147
0.78886
0.77268
0.75858
0.80724
0.7709
0.91411
0.80168
0.87498
0.97724
0.85901
0.83946
0.97275
0.78886
1.9498
1.5205
0.79433
0.9506
0.73961
3.1477
1.9498
1.5101
1.7947
0.98628
0.80168
1.803
2.1627
0.82604
5.6754
2.5351
0.99312
0.93972
0.87096
0.84333
0.80538
1.2162
1.5812
2.0184
1.0666
0.82035
0.82794
0.77983
0.73961
0.80724
0.78705
0.85901
1.8578
0.8091
0.78705
0.82604
0.79433
8.091
8.6298
7.379
0.7709
4.0738
2.6669
3.4435
1.0593
5.4702
7.0146
3.281
0.95719
0.80353
1.4454
2.2909
0.91411
0.92897
0.87297
0.95499
8.091
4.9774
1.5922
0.94189
1.5171
1.2503
1.1402
0.93541
0.91833
0.75683
1.1324
5.4702
4.1687
0.78163
5.9704
8.6696
1.8707
1.5346
1.1143
1.4555
5.1523
6.1802
8.3946
0.70146
0.80538
0.74473
0.9528
1.5812
0.85704
1.4622
2.133
4.2756
3.2885
6.7608
5.1523
0.81096
5.9156
0.79616
0.72277
0.78705
1.8281
1.2359
0.76033
0.77983
0.88308
7.709
4.6132
8.5704
0.92897
7.0307
7.4473
7.709
0.89331
0.76208
0.81096
5.7544
5.8345
1.9679
0.88308
0.87498
7.6384
3.9084
1.6904
0.8147
1.4355
6.8077
9.7724
8.2985
7.9433
4.6559
1.6444
2.2491
0.96605
0.91833
0.84723
0.877
0.71285
3.4119
8.6896
5.0466
5.4828
9.7275
8.0538
5.7412
6.9024
2.3335
6.0814
8.0353
8.0724
5.0003
5.035
0.9977
1.0789
1.2388
1.028
4.1591
3.6728
4.5604
1.349
9.5499
3.5645
8.2794
11.508
12.359
1.1041
8.6298
1.1092
3.3343
1.9454
4.8306
0.98855
0.86497
1.3152
7.4989
8.1846
6.5313
7.656
1.8408
0.85704
4.529
7.3451
1.3183
2.8119
5.4576
10.447
8.9125
8.2604
2.037
5.188
0.79068
0.77625
1.7219
1.1749
0.74817
0.70469
0.75509
0.70469
0.70469
0.71121
0.67143
0.75162
0.97499
0.77446
1.1561
0.86099
0.81096
0.80168
0.81846
1.0069
1.4223
0.77625
2.4604
5.5081
2.2961
1.6482
1.1143
5.7544
5.902
9.1622
4.4463
4.4055
1.3335
1.1776
1.1117
2.2751
3.6644
0.91833
1.0351
0.9528
2.3714
4.6026
4.3551
10.789
12.589
3.8815
9.8628
17.022
9.0991
1.1722
0.83368
1.0233
0.91411
0.82414
1.3032
3.8726
7.7268
8.5901
1.2677
4.7534
10.691
1.9588
1.3397
1.0641
0.86497
1.0617
11.429
8.6497
7.4817
4.9659
5.6624
0.82035
1.028
5.2966
0.75683
1.0715
1.888
3.4594
11.695
8.8308
8.9743
4.5814
0.80724
0.86696
0.85507
0.81846
0.79799
0.8091
0.81846
0.71945
0.81658
0.75858
0.78343
0.83946
1.1995
0.7709
0.78343
3.9994
3.5892
0.9247
0.95499
1.1402
4.2073
11.641
9.2897
9.0991
9.247
1.5776
0.75509
0.75336
0.73961
0.85704
0.81846
0.81846
0.8147
1.2823
1.183
2.1677
0.77983
0.78163
1.8408
5.9979
1.5346
1.2445
0.78163
0.79433
0.89331
1.3552
0.93756
1.1041
0.91201
0.7379
0.74131
0.83946
1.0116
3.3729
0.89331
0.72778
0.77804
2.1281
1.2972
1.0447
0.86099
0.85507
0.78886
0.86099
0.77268
0.71945
4.1783
10.593
8.2604
8.1658
8.414
9.528
3.7497
6.8549
1.7906
0.81096
0.95499
1.5311
0.90782
0.98175
0.877
4.4259
7.1285
6.4121
0.92683
0.9247
0.87096
1.762
4.256
5.902
2.1086
1.2531
0.8091
0.94624
0.97275
0.82985
0.78163
0.90573
5.6885
0.76384
1.205
1.0186
1.6711
0.94842
0.87297
0.91201
0.8091
5.5463
7.8705
7.7983
2.2029
9.1622
9.5719
9.0782
5.5719
1.6331
0.83176
0.79983
0.91201
1.8836
1.8535
6.3241
8.77
7.0146
5.0234
2.1135
4.5082
7.4131
6.7608
2.6122
0.7656
3.0409
0.83368
0.73621
0.77804
10.789
0.69024
8.3176
4.0644
9.506
8.7902
10.328
10.046
7.8886
7.9068
0.93756
0.78705
0.8091
0.74817
0.89331
1.5488
0.81096
9.0573
7.709
0.86099
0.89125
0.8892
2.1232
3.2961
3.5075
0.97275
1.0544
1.0116
8.9125
7.6913
7.145
1.0069
11.117
9.3111
7.0632
2.3878
0.84918
4.9204
0.87902
0.74131
0.87297
1.2823
1.3932
0.85114
13.183
7.7625
1.3305
0.69984
0.71945
0.71779
0.7145
0.69502
0.68077
0.70469
0.76736
0.74302
0.73114
0.75683
0.72444
0.72111
0.69343
0.69502
0.71121
1.0617
0.75336
0.877
0.79616
0.89331
1.1749
1.7783
0.73621
0.94189
0.88308
1.5171
1.8535
0.86099
0.84528
3.1189
0.79068
0.67298
1.9275
1.1749
0.76208
1.3614
0.73961
0.88308
0.90157
0.68234
0.93325
0.77446
1.5417
0.88512
1.1246
0.70632
0.84918
0.80353
0.74645
0.70958
0.70632
0.80538
0.77804
0.77804
0.73961
0.96828
0.73282
0.7925
1.2474
1.2912
1.4028
0.8414
1.845
0.82985
2.0559
4.3451
0.81658
0.68865
8.6099
0.84333
0.78343
0.76913
0.74645
3.54
10.023
7.6913
8.2794
5.5463
0.84723
4.0832
0.75162
2.9309
8.5114
3.6308
1.4689
1.0116
2.1777
3.5318
2.2387
1.3152
0.78163
0.77983
0.75162
0.77446
0.74817
0.75858
0.8147
0.90782
2.1627
9.1201
9.2045
7.4817
5.902
8.0168
5.3703
4.5082
0.96605
6.6681
7.3961
8.4918
6.0395
1.2503
1.0139
2.7925
1.9498
0.90782
4.9431
7.7804
5.8479
2.5527
2.466
1.9588
0.90157
0.81846
0.82414
0.79433
1.4191
4.8306
5.0003
6.792
1.7061
5.7677
1.7338
6.4121
0.98628
1.2417
1.3459
0.86497
0.87902
1.1668
0.86696
2.8907
8.5507
6.2806
0.80538
0.74817
0.83368
0.82604
0.93972
0.73114
0.96605
0.78524
0.8892
0.77446
0.90573
1.0257
3.581
8.414
10.186
7.8886
7.7625
7.1779
5.7016
5.7412
2.2909
6.1944
7.2444
1.6672
1.3092
0.85507
0.87498
6.166
7.5858
1.4723
1.0375
0.7709
0.82794
2.6242
4.3053
7.145
7.6208
6.3096
0.88308
0.89331
0.82414
0.81658
0.83176
0.8414
0.86497
1.0328
0.68865
0.82985
2.0797
1.1015
1.0544
0.77983
0.84723
0.78886
0.87297
0.94842
0.82985
1.0162
0.84723
0.74645
1.1614
0.97949
0.81658
1.1066
1.4322
0.77983
2.1627
0.78705
0.76033
5.5335
1.0233
0.86896
0.74989
0.77446
1.2647
2.037
0.80353
3.4674
0.72778
0.74989
0.69984
0.78705
0.79433
0.77625
0.68865
0.74645
0.69183
0.88105
0.78886
0.93541
0.77268
0.77446
0.77625
0.72611
0.70795
1.1885
0.75858
0.79068
0.79983
0.90365
0.80724
0.73282
0.75162
0.76384
0.77446
0.76913
0.85114
1.0666
0.78343
2.2387
3.581
3.1842
0.82985
0.72111
1.3772
1.1376
0.85901
3.3343
1.2078
1.9454
2.5003
9.0157
8.8716
7.7446
7.7983
8.0724
5.8345
0.84528
0.77983
0.79068
0.70958
1.0495
4.529
7.8705
1.1885
0.77268
6.2661
1.1041
1.2023
2.421
6.2517
5.2481
9.2683
5.1642
8.8716
8.3176
0.98628
0.72111
0.8892
0.92045
1.0495
0.89331
1.2274
0.7709
1.4355
1.888
2.7797
8.6298
5.6624
0.8892
1.0069
1.256
0.7925
0.87498
0.93541
0.91411
1.0641
0.80724
0.77446
0.72111
0.89536
0.82985
7.145
8.3946
1.1272
1.3552
1.2359
1.3062
0.93756
1.4454
0.78343
6.4417
7.0632
4.1495
2.3174
1.7989
4.5082
5.0234
2.2751
9.7949
6.0814
0.94189
1.1402
0.86298
0.83946
0.877
2.1777
6.1235
6.9502
5.0699
6.8391
1.406
0.86896
0.89743
0.78343
0.78705
0.91622
0.79068
0.78163
0.9594
0.91622
1.0023
0.87297
2.5942
1.5488
0.82985
0.78343
0.80353
0.82794
0.85114
0.93111
0.77268
0.87297
0.87902
0.84723
0.80724
0.75509
0.88308
0.88512
0.76033
0.79433
0.79983
0.8995
0.78343
0.89331
0.78524
0.71614
0.76384
0.76384
0.77268
0.79616
0.81846
0.9977
0.72444
0.87297
0.93325
0.82414
0.76736
1.5996
1.762
0.86099
0.76913
1.8535
3.6983
2.6792
5.7016
4.8753
2.9854
1.3092
0.70958
0.70146
0.68234
0.75336
0.74131
0.70146
0.68865
0.69024
0.69343
0.69502
0.78705
0.78163
0.83368
0.77625
1.0093
0.71614
0.82035
0.70958
0.90573
1.3996
1.4028
0.69823
0.89331
0.8091
1.6368
0.79983
1.4191
1.2853
0.76384
1.0666
0.80724
0.96828
1.0162
1.3274
1.0162
1.4488
1.1376
0.74645
0.71945
2.4378
2.9242
10.257
7.2611
4.6989
7.9983
6.0395
4.4259
5.1286
7.7268
8.6298
0.7656
0.91411
1.1455
0.90991
0.97724
0.77983
0.77268
0.78343
0.78705
0.77804
0.74817
0.73282
0.79616
0.79799
0.79068
0.73621
5.236
8.414
4.3351
1.2303
1.7378
1.1092
1.6255
2.8445
2.3605
1.194
1.0162
0.84528
6.1376
1.2274
6.4863
7.2946
8.8716
7.1614
10.914
6.4565
1.5066
0.90573
0.8531
0.8356
0.86696
1.3709
6.6681
6.2373
2.2336
4.5709
10
8.4918
8.9125
0.82414
1.5031
11.722
7.0146
0.82794
1.0839
1.4622
0.80168
1.4388
0.80724
0.78163
0.71614
0.82224
0.74473
0.78163
0.91833
1.1641
2.2594
1.1117
0.94406
3.6308
1.3932
1.3335
0.94842
4.4157
12.162
7.7804
8.6099
7.7804
1.4158
1.3964
0.91201
4.6559
8.9125
7.3282
3.9446
5.7016
6.5615
1.3932
5.1168
8.4528
5.2723
6.4121
0.76384
1.1967
2.5704
1.762
5.9704
9.7724
9.7051
1.6672
1.1117
3.5645
1.5241
0.74989
0.97949
0.85507
0.75858
0.77983
0.90991
1.2359
1.099
0.86696
0.90365
2.5586
6.166
2.1878
6.6988
9.8175
6.9502
1.1885
1.71
6.4714
7.8524
6.2806
8.5507
7.9616
1.1143
1.1143
0.96161
0.93972
1.3583
1.9364
0.77983
0.8414
0.86298
0.82985
0.91201
0.79983
1.8408
3.9446
4.14
8.995
12.19
7.0469
0.73282
0.8414
0.77268
0.73451
0.73282
0.72778
0.73114
0.75509
0.82985
0.71779
0.71945
0.77625
0.70146
0.78163
0.78343
0.71945
0.74989
0.77268
0.76736
0.72946
0.84918
0.7656
0.99312
0.73114
0.78163
0.98855
1.0186
1.194
0.7379
1.8072
0.86696
1.3243
1.7179
0.86497
0.78886
1.2647
1.8239
1.6596
0.7379
0.7379
1.4028
0.95719
0.72946
0.75683
0.8147
1.1641
1.099
0.7656
0.74131
0.81846
1.6218
2.1184
1.762
3.1117
4.256
0.95499
1.1429
1.5417
1.6982
2.3067
3.2509
7.3114
0.90573
4.529
10.99
8.0538
5.0003
7.9799
7.4131
6.5163
6.5313
2.133
1.3397
5.9156
6.1094
4.5709
1.6634
2.1184
8.1846
7.0146
2.1038
1.0209
0.81846
0.82794
0.88512
0.79799
0.77983
0.87498
0.77625
1.3092
1.2078
0.78163
1.2706
1.4555
2.3227
3.2137
2.4946
1.1272
1.6069
0.76913
0.75336
0.96828
1.0046
1.0765
2.8314
1.3335
2.037
2.9854
0.76033
0.77804
0.83368
1.4723
0.70632
0.68549
1.4256
1.8239
1.1092
6.9502
7.0146
7.2111
3.3189
8.8512
1.5488
8.9331
7.2611
2.0701
4.8084
8.2794
1.3152
1.0715
1.2078
0.93756
5.3827
10.914
7.2444
6.1802
6.0674
4.3053
2.9512
1.6293
2.3174
1.7022
1.6866
1.0447
1.3583
3.0409
0.84528
6.8865
1.7458
2.5003
0.77446
9.0157
8.1658
5.9841
8.6298
2.1429
1.4125
4.6881
7.6736
8.8308
0.93972
8.2985
15.885
10.328
0.76913
0.8356
5.3951
12.218
6.1944
7.8343
8.5114
8.8512
0.94624
3.9719
5.236
2.0464
1.8408
7.3282
8.4723
2.0893
0.85114
4.8865
0.87498
3.6983
1.9055
0.76208
1.1912
0.71614
0.83176
0.8091
1.1272
0.97949
0.73282
0.83946
1.6482
4.4361
6.5313
7.5162
7.2277
5.9429
6.9984
9.4842
8.2224
5.6105
4.3251
2.6669
0.78705
1.3932
3.6392
1.4655
3.2584
3.2885
1.3868
1.6106
1.6943
0.76033
0.82035
3.4834
1.1535
2.9444
0.79068
0.68549
1.6982
1.9907
7.1779
8.5704
3.9174
5.0816
0.81283
0.76736
0.74473
0.81283
0.84333
0.84723
0.79433
0.81658
0.82794
0.87096
2.2856
4.4771
2.0137
2.5119
9.2897
8.414
9.3325
9.3111
6.4121
5.0234
9.7051
8.4723
6.7608
1.1858
0.9247
0.73282
0.82224
0.94842
0.88105
0.90991
0.86696
0.94406
0.79433
4.0272
1.9498
0.80538
2.2646
0.70958
0.69502
0.77625
0.69343
0.72111
0.74817
0.79433
0.70307
0.75336
0.69663
0.7379
0.94624
1.0399
0.76736
0.91411
0.76736
0.77804
0.71285
0.83753
0.76913
0.82224
0.81283
0.79616
0.78343
0.81846
0.90782
0.72946
0.76033
0.77268
1.2912
1.1695
1.8408
0.78886
0.9977
1.4521
1.2735
0.84918
1.8072
5.0119
0.75858
1.0116
0.73114
0.73282
0.78163
0.74645
1.052
0.75858
0.7925
0.78886
0.73621
0.80353
0.79068
0.90157
1.2972
0.75858
0.67608
1.1066
1.5311
3.7325
0.80353
2.6977
4.3152
2.9444
3.9902
5.8884
6.792
1.9999
1.5453
1.3709
0.90991
1.2942
1.8967
0.76384
0.78343
0.8531
0.82035
3.155
2.4831
3.0974
1.3305
6.1944
8.6896
7.2444
6.2373
0.74989
0.75509
0.83176
0.97275
1.3274
0.78343
0.86099
1.8197
2.0606
0.83176
0.93756
0.79799
0.81096
0.78163
0.78705
0.75162
0.73621
0.85114
0.80724
0.73621
0.82035
0.74817
0.8892
0.78163
0.78343
0.77446
0.81658
0.90573
0.82035
0.78524
0.79068
0.85704
0.92045
2.8379
2.3281
3.7844
1.9055
0.90157
0.94189
1.1143
1.219
0.88308
0.87902
0.71121
0.72111
0.78524
0.87498
0.76913
0.75858
0.85114
1.1194
0.91411
0.89125
0.83368
0.96605
1.6144
1.4028
2.0137
1.9724
0.75336
0.72611
0.93325
0.78705
0.7379
0.73621
0.79068
1.0471
0.76033
0.76033
0.73621
0.77625
0.79616
0.71614
0.75683
1.135
1.5668
1.0691
1.1066
1.0691
1.0139
1.0544
1.8197
0.99083
0.78524
0.77446
0.85901
0.90157
0.86896
0.7379
0.95499
0.79983
1.1324
1.1041
1.5704
1.1482
1.1298
1.3366
0.81096
1.2764
0.7656
0.78163
0.74131
0.70469
1.6181
1.4028
0.76208
0.74817
0.80353
0.71779
0.77983
0.68391
0.70469
0.72444
0.72778
0.75509
0.77268
0.68865
0.97275
1.7539
0.72111
1.1169
0.86497
0.92683
0.80353
1.1041
1.4962
1.2589
1.0447
0.73451
0.90573
0.9506
0.7925
0.80168
0.7925
0.81283
0.80724
1.052
0.75858
0.74302
0.74817
1.8578
2.2491
0.76033
0.72444
0.72444
2.7164
1.7498
1.2445
0.72946
2.2699
8.2985
9.1622
5.8614
1.5996
5.3333
0.80168
0.7709
3.5156
1.766
0.90991
3.8459
8.6896
7.8524
5.9979
0.90782
0.70146
1.2388
1.1995
0.72946
0.7709
0.90365
1.4962
0.8356
1.374
0.72111
0.76913
0.71285
0.73451
0.95719
3.4198
1.7742
4.5186
0.80168
9.4624
8.8308
8.1096
6.3387
1.0715
0.85704
3.7584
5.7148
1.1117
0.92683
0.78343
1.0093
0.79616
0.90157
0.85901
0.77625
0.79983
0.93325
1.6181
0.83368
1.2078
1.7947
0.81658
0.8414
1.0233
0.7709
2.3174
0.96161
3.6058
0.9528
0.97499
0.8356
0.68234
1.256
0.88308
0.80168
0.75162
2.8314
0.70146
0.87902
0.69984
0.72611
1.4223
0.79983
0.72444
0.75683
0.74989
0.7379
0.82035
2.6122
0.84918
1.2735
2.8314
2.2284
6.8549
7.8886
7.0958
6.7453
2.8054
1.803
1.9634
0.7925
1.5346
3.5481
1.0447
0.8892
1.1535
0.8414
0.85507
1.0093
0.76913
5.7544
6.2087
8.6497
5.2845
0.88716
0.87096
0.8414
0.81283
0.80168
0.74989
0.78886
0.76208
0.84333
0.76736
0.93325
0.87498
0.85114
1.1041
0.93972
3.3189
3.2734
7.9616
1.1776
0.93972
0.95499
1.1143
3.8107
5.2845
5.358
3.6813
0.72778
3.0549
0.72778
0.70958
0.71779
0.70307
0.70632
0.66834
0.7145
0.67608
0.85901
0.8356
0.72946
0.82035
0.76033
0.75162
1.0046
1.3614
0.75509
0.80168
0.84723
1.3092
0.93111
0.80353
0.74473
0.93972
1.1143
1.0209
2.8907
1.0116
0.84723
0.82794
0.71285
0.68865
0.69823
0.98175
1.5596
0.71121
2.4099
0.86298
0.7145
2.9512
2.7479
7.145
5.7016
5.7016
3.6058
6.1944
1.8664
5.781
1.4454
1.7865
2.6002
6.0117
9.2683
6.1376
0.75162
0.76913
0.77625
2.4889
6.4565
3.3343
6.2087
8.0168
0.79616
1.845
1.9498
1.0257
0.80538
2.2029
4.7206
4.4771
1.1803
0.70632
0.68707
0.71285
3.0339
9.8401
5.3456
9.8175
7.6913
4.5394
0.77625
1.0814
1.219
0.83176
0.76033
0.79068
0.85114
1.0023
0.79983
0.98401
0.71779
1.1588
0.74473
1.2823
1.2417
1.2388
0.87096
0.79433
0.82794
0.90991
1.0023
1.5171
0.8091
0.79616
0.90573
0.73621
1.3932
1.4555
1.0304
2.6977
0.79616
0.78524
0.68707
0.68707
1.0304
0.69663
1.0789
0.70146
0.75162
0.73451
0.75509
1.028
0.83946
0.74131
0.96383
0.94189
0.82604
1.2706
1.0399
1.1429
1.2764
1.1803
0.82035
1.3583
0.9247
0.75509
0.84723
0.74645
2.3988
0.94189
0.75509
0.77268
0.72611
0.84918
0.95499
0.82985
2.3768
0.77446
0.73621
0.7379
0.72444
0.7925
0.79068
0.76384
0.86099
0.75683
0.76208
0.73451
3.0903
4.217
5.1051
0.78524
0.81096
6.8707
8.3368
0.76208
0.74817
0.70146
0.67608
0.7656
0.72611
0.68707
0.75858
0.70632
0.79433
0.86696
1.1041
1.1967
1.052
1.4689
0.76033
0.73621
1.1995
0.76208
0.73282
2.466
1.0568
4.217
0.87297
2.9923
5.2845
0.73621
0.80538
0.88105
1.3521
6.5464
8.0168
6.0814
4.9888
2.7733
3.1046
1.652
1.1668
6.3533
0.72611
0.87498
0.77268
2.729
0.75509
0.91622
0.81846
0.85901
0.80168
0.90991
0.72946
0.75336
0.77446
0.86298
0.82035
0.70958
0.80168
0.70146
0.88308
0.84723
0.73114
1.183
0.97499
0.77625
1.219
1.3868
4.1495
7.4817
7.4817
6.6988
5.6105
4.5604
6.2806
3.5156
1.6558
1.3305
1.0544
0.93325
1.2303
1.4757
0.8356
0.79799
0.75683
1.2106
0.90782
1.2882
1.1272
0.98855
0.8414
0.75162
0.78524
0.78524
0.85704
0.83176
0.76208
0.877
1.2023
2.9376
5.1761
1.2359
3.6058
1.256
0.78343
7.1779
9.8401
9.2257
8.5114
8.4333
10.328
9.1201
3.3729
1.9588
2.5468
0.8147
0.75858
1.1508
0.82604
1.5488
0.78886
0.76736
0.73451
0.76913
0.82604
0.77625
0.89536
0.80168
0.9528
0.80353
0.9506
0.96828
0.76736
1.9634
0.94406
2.0045
0.73961
0.70469
0.76736
0.77268
0.69024
0.70958
1.052
1.556
0.91411
0.80724
0.78524
0.72946
1.6293
1.2503
0.7145
0.80168
0.84723
2.0184
0.89331
1.0186
2.6792
0.8147
0.76913
0.90573
4.8195
3.7931
4.4668
2.5586
5.2845
3.1696
5.0234
6.6374
0.82414
0.86497
2.2856
3.5237
0.9977
1.0209
1.6444
2.8642
0.85114
0.84723
0.77446
2.8184
3.7068
0.97051
5.0234
1.122
0.79616
0.79616
0.86099
0.85704
0.7656
0.89743
0.7709
0.90157
0.74131
0.77983
0.77268
0.83368
0.8147
2.2699
1.194
3.3884
3.4435
1.0233
5.2119
3.8194
7.3961
8.6497
7.9068
1.094
0.82035
0.75858
0.8091
2.6182
1.3243
2.0989
6.0256
1.9454
5.1523
0.82035
1.6482
0.91411
0.73621
5.7677
6.0954
10.093
5.2481
7.0469
0.9977
0.8995
0.85507
0.86896
0.7709
0.86497
4.1495
3.7844
5.3333
0.76913
0.8892
0.74989
0.7379
0.72946
0.78705
0.82794
0.76208
0.82604
1.3305
0.95719
2.3605
3.6392
0.90991
2.5645
3.9174
4.5814
3.9902
1.4859
0.79616
0.72946
0.80724
0.78163
0.81283
0.89331
0.77625
0.82224
0.72444
0.89331
4.4361
4.9545
0.7656
1.3002
1
1.71
0.73621
0.78343
0.73961
0.80353
0.80538
0.82985
0.77625
2.355
3.3884
4.4463
6.5013
6.1802
6.3826
7.2277
3.4914
5.236
2.0091
2.1184
1.3996
1.3366
0.81283
1.2445
0.99312
0.98401
0.90157
0.86696
0.8892
0.88512
0.91411
1.5205
0.69663
0.8414
0.76384
0.76208
0.75336
0.77268
0.90365
0.73621
0.74131
0.73114
0.96605
2.8314
1.9055
1.6181
1.5885
1.183
0.8531
0.69183
0.77804
0.72611
1.4859
1.4289
1.1041
0.75683
0.85901
0.77983
2.0417
0.79799
0.74302
0.77804
1.0257
1.0666
1.4355
2.1577
0.92045
2.6182
5.8076
6.2373
1.6943
0.83753
0.85704
3.1261
9.1833
8.8512
5.1051
9.0157
6.8549
6.8549
0.75858
0.74817
0.73961
0.72611
0.72277
0.73114
0.71779
0.74302
0.87498
0.8531
0.86696
0.69984
0.97724
0.82414
0.7709
1.6181
0.89536
0.77983
0.79068
0.81846
0.73961
0.73451
1.1803
2.9648
0.84528
0.80724
0.79068
0.82224
0.8147
2.7353
3.4754
1.2474
1.1376
0.93111
1.074
1.6558
3.0409
5.2481
5.0003
3.0409
0.80168
1.6672
0.87498
1.1561
1.9588
0.84528
2.5119
1.1912
0.8531
0.77804
0.92257
1.0399
0.87096
0.83946
0.82414
2.0277
0.72277
0.74131
0.85507
2.3988
1.6444
5.2845
9.977
7.6208
6.5615
6.6681
1.6827
1.1508
1.1776
1.0666
1.0789
0.73961
0.76208
1.1455
0.77268
0.72778
1.2853
0.76736
1.0864
0.88512
0.75509
0.81658
0.69502
0.74645
0.92683
1.0544
2.0989
0.81658
6.8549
1.3646
6.2806
7.8886
9.1411
5.224
6.6222
2.3067
2.6303
0.95499
0.78886
1.3397
0.78343
0.76384
2.5119
1.406
0.74989
2.8774
1.6866
4.0832
7.2111
7.709
7.8886
6.5917
3.2063
2.9648
3.767
1.2078
6.8077
0.9247
2.037
0.83176
1.5849
0.75683
0.83368
2.1281
0.90782
0.91201
0.85507
1.183
0.93972
6.3241
0.94624
2.1038
1.4256
2.2029
3.6813
7.5336
3.8905
0.72611
0.73282
0.77983
2.0797
6.792
3.9446
7.6208
7.2111
7.6913
6.166
0.74645
3.3963
0.88105
0.90157
0.92897
0.89125
0.76208
0.7925
0.83176
1.1561
0.78524
0.82414
4.0365
2.6062
2.2387
7.4817
0.76208
0.79799
0.76033
0.74131
0.81846
0.86099
0.87498
0.8995
1.4488
1.6331
1.3305
1.4223
2.0893
1.5382
1.7579
1.0023
2.0701
2.2029
1.3836
3.2434
5.6105
7.4645
6.6834
8.1658
0.80353
0.78705
1.8323
3.4198
3.9811
3.3806
1.4256
1.3552
5.9293
6.0534
0.73114
0.77446
1.2942
3.4356
2.3174
0.75336
0.68077
0.68865
0.73451
0.66527
0.7145
1.6255
1.1641
0.74131
1.1015
2.3227
1.5453
1.6144
1.6368
6.6988
9.9083
7.5162
4.592
3.2359
6.3096
5.4325
1.7179
5.0003
3.3963
3.7844
7.4473
4.14
0.78524
4.7534
1.1041
0.9594
0.86696
1.3274
0.97724
0.95499
1.0233
1.6672
0.75858
0.69663
5.5335
6.6222
4.6989
4.0832
1.4454
0.79433
0.79799
0.89743
0.87297
0.79433
0.89331
0.83946
0.90365
0.95499
1.4521
0.82794
0.7925
0.83176
0.77268
0.77268
0.80168
0.84528
0.81658
0.82414
0.81658
0.75162
0.77983
0.87297
0.76913
0.84333
0.81846
0.78705
0.78343
0.97499
0.91201
0.73621
0.76913
2.6062
0.86497
0.86497
0.71614
0.73282
0.73114
1.0162
0.92045
0.84723
0.7709
1.6106
0.97949
0.85901
0.81846
0.74131
0.7656
1.6749
2.3823
0.99312
2.1478
1.4757
0.85901
0.81846
1.219
0.86099
1.3062
1.9907
3.9994
0.89743
1.8707
11.695
7.3961
6.3387
1.0351
1.4256
1.8493
0.73114
1.1858
4.5709
0.76384
0.83946
1.6181
2.0512
1.7061
9.7949
7.8705
7.5683
0.92683
0.83753
0.7656
0.77625
1.4723
1.556
1.4256
1.3397
0.79616
1.0568
1.7865
2.0654
6.9343
8.0538
1.7906
1.7824
1.9231
8.77
6.3533
1.1803
2.6915
1.9187
1.3183
8.6696
6.6681
2.1086
0.98628
0.77983
0.78886
0.88716
0.83176
0.84723
0.77804
0.84723
0.92257
2.8973
1.7865
3.4914
7.7268
10.617
6.9663
4.1591
2.3988
4.4668
0.78705
1.1246
0.87096
0.8414
3.2734
4.6132
2.4044
0.86696
0.84333
0.90782
0.877
0.78886
0.76913
0.8995
0.74817
3.3037
2.6607
4.2954
7.8163
7.4989
6.4714
5.0119
9.594
7.4473
1.6293
5.0119
7.1614
6.2951
7.0958
7.0632
0.92045
4.5394
1.8493
3.9719
3.5892
0.98628
1.8072
0.75162
2.9309
10.839
7.9799
10.94
7.9983
1.6904
1.1066
1.6255
0.9247
0.90365
1.2162
1.9953
4.529
5.2481
6.2661
8.5704
8.4723
9.3756
9.8401
1.4555
1.5311
0.88308
0.8356
0.81283
0.81283
0.97949
5.4075
8.2414
5.2119
5.728
6.1094
3.6392
1.2531
1.7824
0.84333
0.82224
0.8147
0.80538
0.76913
0.85704
0.75509
1.3804
0.79068
0.77804
5.4828
6.7608
7.5336
3.9719
0.86497
0.90782
1.1749
1.3836
1.2417
1.1376
1.1995
1.2445
1.1482
1.1194
1.7824
1.71
1.9275
0.80353
1.9634
0.77625
5.559
2.0606
1.8535
2.6002
1.0209
1.875
1.2162
6.0256
1.3996
4.6881
9.506
8.7902
3.8726
0.76033
0.92257
0.91833
2.6303
0.7925
3.2961
0.78524
1.1614
0.8995
0.84723
0.81846
0.87096
1.0139
0.9247
0.81846
0.81283
0.8091
0.78524
0.8147
0.84723
0.81658
0.73282
0.75162
0.77804
0.7709
1.2677
0.82224
3.2063
3.5318
7.7983
7.5509
10.593
5.5463
3.7757
1.5849
4.4055
14.125
5.5335
1.9099
1.5031
0.71614
12.647
9.3325
9.0157
7.9616
1.3932
2.2542
4.9204
0.7925
1.0139
1.7539
1.875
1.5382
3.6141
3.8194
8.9331
7.3451
8.9331
7.7446
4.8641
5.5208
1.9815
1.7783
2.1429
6.4269
7.4131
6.5917
9.9312
5.4954
6.9823
5.2602
5.6885
1.7418
1.028
0.84723
0.84723
1.0617
0.86298
0.77804
0.81283
0.78705
0.83368
0.90782
0.75509
0.82604
0.92257
0.85704
0.77625
0.81283
1.5453
5.5081
8.2414
5.2845
2.673
2.5293
8.1283
6.5163
4.6026
6.8391
5.9841
0.7656
1.0789
0.77625
0.86497
0.96828
0.78343
0.85704
0.75683
0.90157
0.7379
1.8072
0.78886
3.4514
4.1591
1.3614
5.2723
9.3756
0.84333
7.4817
1.8239
2.2284
0.93972
0.80353
1.3677
7.656
6.1518
5.8884
0.85901
0.79433
0.90991
3.6813
2.0893
1.6749
2.0797
5.8749
7.0795
1.6218
0.81846
0.79068
0.79068
1.1641
0.78163
0.77446
0.68865
0.78343
0.81846
0.76384
0.79799
0.79983
0.78886
0.77625
0.8147
0.82035
0.75162
0.73282
0.76736
0.83176
0.82794
0.80538
0.79068
0.75509
0.79983
0.8091
1.2078
3.9084
6.3973
4.3652
0.73621
5.2966
9.6828
3.2509
7.4989
7.9433
6.3826
9.7724
1.9099
6.2806
6.3826
0.8091
0.8414
0.74645
0.78886
0.85507
0.74817
0.7925
0.74302
0.86099
0.8414
1.2706
0.79983
5.8614
2.466
3.6813
1.0641
5.821
6.9183
4.4259
7.5683
6.2517
0.93972
0.71285
1.6331
4.5814
6.0954
1.0351
4.6238
1.3804
4.5082
2.3714
0.82224
1.6943
5.6105
0.77804
0.79616
0.87902
0.85704
0.91622
0.78163
0.80168
0.93972
0.75509
0.877
0.8147
0.88308
0.79983
0.84333
0.70307
0.84333
0.877
0.77268
0.7709
0.83176
0.80538
0.8091
1.0965
0.88105
0.72611
0.8356
0.82224
0.82414
0.8531
0.74989
0.87297
0.94842
0.82035
0.7145
0.78524
0.81846
0.8147
0.78886
0.76208
0.89536
0.83368
0.85114
0.78343
0.75683
0.92683
0.8892
0.98628
0.89125
0.74131
0.93756
0.74302
0.77268
0.78343
0.84723
0.83753
0.80724
0.9528
0.75858
0.8091
0.81283
0.86099
0.79799
0.73621
1.2589
0.76913
1.1041
1.183
0.96828
1.6943
0.94624
3.7325
2.1281
3.3189
2.7164
7.5858
8.5901
6.3387
5.4954
5.3088
6.7608
9.3972
5.6494
4.121
0.96605
1.0495
0.75858
0.85507
0.81283
0.80538
0.88105
0.76736
0.75336
0.7656
0.82604
0.90573
0.77625
0.84528
0.8091
1.6788
3.4754
6.6374
0.9506
4.8417
5.6364
6.1518
3.1189
1.875
2.023
3.6898
5.358
4.2073
2.8907
3.2885
5.8076
6.6834
9.3972
9.3325
8.8105
4.4157
5.2481
6.5766
8.2794
2.0184
2.2439
2.6242
0.8892
1.3243
2.5061
0.80168
0.73621
4.2073
6.6069
6.6681
0.96605
6.0395
7.8705
8.77
9.6383
8.9743
4.3652
5.5081
0.8995
1.1143
5.9293
0.8892
0.88308
0.74645
5.6754
10.839
7.2111
7.3621
0.77446
0.8147
7.4645
10.116
9.2683
7.2611
6.9024
6.4121
1.5136
4.4566
1.4723
5.5719
7.9068
9.5499
0.75336
0.70795
0.79616
0.80538
0.84333
1.0093
5.2845
5.2845
6.368
6.4863
7.8524
2.4378
1.0069
7.4131
10.186
0.98855
1.2794
4.4668
3.5727
1.7783
0.88105
2.5351
2.8314
0.79799
1.3428
1.2106
0.88512
0.83368
0.75162
0.79433
7.9983
7.3114
5.224
4.217
7.9433
1.5453
2.5235
7.5336
8.3176
5.9979
7.9799
6.223
1.9409
0.80724
0.72111
0.74817
0.75336
0.8531
0.74989
0.77804
0.74302
0.69663
0.77983
0.79068
1.0666
2.2646
3.9084
4.9774
0.96383
1.0691
0.77446
0.73114
0.76384
0.7656
0.78524
0.75336
0.82794
0.7379
0.78886
0.79068
0.7925
0.75509
0.80538
0.74989
0.81846
0.70307
0.77268
0.74302
0.96383
3.9355
7.0795
2.208
6.5464
9.6383
2.1086
6.9984
8.1096
7.3621
6.3096
5.6364
10.069
7.4817
9.0365
7.7625
5.7544
0.7925
0.96383
0.84918
0.88308
2.5351
0.88105
0.88512
0.98175
0.70469
0.86497
0.78705
1.1803
0.79616
10.351
5.3827
8.8716
6.8077
1.0399
0.8147
0.78886
0.82794
0.83946
0.77804
1.6406
10.375
10.328
9.0573
6.4565
0.78524
0.81658
0.74989
0.72946
0.79068
0.79983
0.7379
0.81658
0.77268
0.79799
0.74302
0.72444
0.79068
0.78886
0.77446
0.77625
0.83368
0.69343
0.82414
0.7656
0.78705
1.0965
0.77983
0.84918
0.90365
0.8356
0.84528
0.75509
0.73621
0.82794
0.7925
0.77625
0.73621
0.74131
0.8531
0.77446
0.76913
0.72778
0.79068
0.75858
0.75509
0.79983
0.79799
0.76913
0.82604
0.77804
0.72277
0.78524
0.77804
0.83946
5.5335
15.382
10.641
0.83368
1.2078
0.89743
1.1668
1.1143
1.3614
2.1232
5.4075
7.7804
5.781
6.4121
0.76384
0.74645
0.74645
1.4223
0.75509
0.76208
0.79983
0.75683
0.76208
0.74817
7.6033
6.0256
8.091
1.1695
0.86099
3.3651
13.183
6.9984
5.559
3.1696
8.6497
7.7625
3.5156
7.6033
9.2683
8.2985
0.7656
5.358
9.8855
9.3756
10.139
1.2882
0.86099
0.96383
1.1194
1.7865
0.87498
0.97949
0.84528
0.93541
1.0093
0.82985
0.82604
0.83368
0.97499
0.75336
0.76384
0.83368
0.74302
0.81096
0.79616
1.3804
0.82604
1.0069
0.89743
0.91833
0.78343
0.76208
0.82414
3.7844
0.84333
4.9091
0.98401
0.85114
3.069
5.3088
8.8105
8.9331
5.7412
2.7102
9.0991
6.9024
1.4555
0.89743
0.82035
0.79616
0.81846
0.79433
0.85507
3.4995
7.5336
4.6666
7.3621
8.6298
6.6069
2.5351
2.8708
1.1429
5.4828
8.4723
1.9143
6.7453
9.247
10.023
7.9616
7.9799
7.8524
4.7315
2.8119
2.4266
8.5507
8.892
4.9204
1.6749
3.7325
11.803
9.7051
0.82794
3.4119
7.709
0.9506
0.8356
5.2845
0.83368
1.4388
3.0339
8.0538
9.2045
10.52
5.035
4.2954
1.2589
0.94624
1.0447
1.0593
1.0715
1.0447
1.0069
0.8995
0.84333
0.9506
0.89331
1.0046
5.2481
6.1235
11.298
8.3368
8.5901
10.965
12.912
9.506
12.19
9.9083
3.4119
0.95719
3.069
13.002
9.0157
11.324
9.0573
12.162
