6.1802
14.894
10.666
9.6383
0.8091
0.97051
1.2503
11.143
8.9536
6.5163
9.2683
5.0933
5.8614
13.614
10.839
3.0974
6.0395
5.224
3.4356
5.3088
12.972
3.0761
2.9785
4.6132
2.3988
3.7154
2.9376
2.7925
3.155
2.1232
9.9541
12.218
10.666
9.5719
9.9312
2.9785
3.3729
8.2414
4.0458
2.3388
3.8194
4.2658
6.5766
4.5499
4.2855
4.592
6.5464
13.062
11.455
4.6989
4.9888
2.037
2.4044
2.1677
5.0582
2.6182
2.7416
4.529
2.0184
3.281
2.466
2.2182
2.2131
2.3605
2.6669
2.8379
2.6607
10.715
10.691
3.767
2.138
2.2909
9.5499
2.0654
8.414
16.069
4.8529
3.3963
2.5763
2.9174
10.209
2.0989
13.614
6.8707
2.1727
6.6681
1.9187
9.8175
10.023
2.5061
1.6368
2.0893
1.7418
1.4289
7.9433
11.35
11.35
14.894
10.351
10.789
8.4528
9.3111
7.9616
2.3714
5.9979
5.5463
2.0701
1.6827
2.0606
7.7446
8.6896
8.9743
1.39
2.0045
3.1623
2.3878
2.6853
1.6711
1.5776
2.3335
2.4378
2.5177
1.9815
2.0137
3.2584
2.0091
4.8641
1.9543
1.71
2.6977
3.4277
1.5417
1.932
2.6182
2.2029
1.6558
5.3088
2.8119
2.6607
2.1429
2.0941
1.4555
2.1777
8.4528
11.695
10.257
9.0991
12.647
8.9125
1.2764
2.0893
1.2162
1.4928
2.355
14.06
9.7724
10.889
12.735
10.544
1.8365
6.8077
9.3111
2.1928
10.864
14.093
9.0991
9.2045
9.1201
8.147
1.4997
7.5509
10.139
11.402
8.6497
11.376
8.4528
1.9861
1.7701
8.1658
7.656
11.324
9.594
7.4131
3.581
3.9994
3.1989
3.5645
3.8459
4.6774
9.594
2.3174
3.4277
1.5596
2.2131
11.508
8.9331
11.695
13.397
2.8314
2.037
9.506
3.9264
3.7497
3.2509
5.9293
3.7757
3.9811
2.6792
2.2284
2.673
2.4266
1.6827
3.3963
2.4378
2.5177
10.568
10.74
10.789
6.8549
4.0272
2.133
1.4723
2.1232
2.5942
2.0091
5.8345
11.668
12.274
13.335
8.0353
1.6904
2.8907
4.1879
4.3752
3.5318
3.3113
3.0549
5.8884
1.8197
2.0512
2.2387
2.6182
1.8967
1.8323
3.3574
5.0816
1.7061
2.7861
2.3878
3.3806
11.169
12.647
12.972
9.977
14.488
10.914
9.247
3.4277
4.9091
2.6242
2.3388
2.8774
2.3174
2.9174
9.4842
13.397
14.488
16.144
11.169
10.839
13.868
9.2257
14.028
2.2439
2.5942
2.2029
2.5882
10.351
10.046
13.397
15.205
9.5499
11.376
11.015
7.0146
10.471
9.0157
11.324
10.351
10.666
9.7051
2.6546
5.7943
12.794
11.668
2.9923
5.3088
14.322
13.836
13.062
9.7275
13.49
13.152
1.9815
1.9679
7.8524
12.274
2.3227
6.2951
2.4378
10.233
11.535
10.28
10.641
11.588
17.458
9.8401
1.6596
1.5885
8.2414
14.125
2.4099
3.9537
2.5177
2.0654
1.7219
1.4158
2.3496
2.541
2.208
1.8408
1.4488
1.4997
2.1184
2.8708
2.3388
2.1677
2.884
2.0559
2.6303
3.4754
1.4028
1.8197
2.0941
2.2284
1.6711
2.0045
1.7498
2.1727
2.2856
1.6904
1.8281
2.0559
2.2387
2.2803
1.8365
1.3428
1.803
1.4928
2.5235
1.9143
6.792
1.714
2.5823
6.2951
12.417
11.402
0.9247
0.73621
0.72778
0.70632
0.71945
0.75162
0.7709
0.72946
0.97949
0.72277
0.72444
0.73621
5.9704
9.6828
11.117
1.2531
4.1115
10.814
15.631
12.134
10.715
1.3964
0.99541
10.328
13.002
1.3932
0.87902
6.6834
0.79799
9.2897
0.90157
3.5481
0.69183
0.70958
0.7145
0.67453
6.3241
1.0209
1.4997
1.3305
12.19
13.183
16.331
11.041
12.882
12.134
11.143
11.376
9.8628
6.2951
3.1989
3.3963
1.1858
7.8343
12.274
13.583
17.62
15.101
8.892
11.858
12.445
11.967
10.715
10.568
13.836
15.171
12.303
13.709
13.49
11.429
12.05
14.028
16.406
13.183
14.421
11.803
12.474
13.521
15.136
0.93541
6.9183
11.995
15.031
14.757
14.962
7.9068
6.8549
0.99312
1.0617
1.1402
1.1561
1.3092
4.1495
13.243
9.977
14.757
13.677
14.223
12.474
11.561
6.7764
3.062
2.2646
1.0593
1.1246
1.1429
1.9231
1.4962
1.0593
1.1858
1.183
14.655
8.0538
14.421
13.521
13.335
9.0157
12.942
11.668
10.257
12.794
9.8175
12.823
8.4723
1.1402
2.2961
1.8239
9.3972
11.22
14.894
1.1482
0.84333
3.7497
0.77804
1.1041
7.7446
5.9979
1.0116
1.1298
1.1912
1.219
1.3366
1.1376
0.85704
0.87902
0.86497
0.80724
0.74473
0.70307
0.76736
0.69823
0.71121
0.76736
2.1232
0.81658
0.71121
0.71285
1.3428
2.0559
0.68391
0.72946
1.4689
0.72111
0.70958
0.73961
2.541
1.135
1.0568
1.6144
3.281
8.3946
0.70795
0.7709
0.7925
0.76384
3.6983
0.77268
0.78163
2.0989
4.2073
0.76033
11.535
12.134
6.6069
0.90991
1.2106
1.1324
1.1776
1.0399
1.074
0.92045
0.88512
2.6363
0.75162
2.0559
0.81096
0.77804
0.94406
0.82414
1.0351
0.75509
0.69024
0.73621
0.90365
0.73621
0.77268
0.72277
0.77268
0.7145
1.1066
0.97051
0.76033
0.91201
0.91411
1.9143
1.122
1.2274
1.3243
1.7298
1.2106
1.6218
0.93541
0.71779
0.8147
2.6303
0.93972
1.3397
1.0162
0.96828
1.0423
1.1803
1.5311
1.6444
0.77983
0.72778
0.75683
0.76033
1.4521
1.5066
1.1015
0.73621
0.74817
0.75858
0.70469
0.70795
0.75509
1.1995
1.1776
1.374
1.0116
1.074
0.8892
1.0864
0.75162
3.3189
6.0256
0.93541
0.76033
0.67608
0.75509
0.69984
0.73621
0.73451
0.69823
0.70958
1.8664
1.0914
0.72946
0.7656
0.70795
0.80168
0.77804
0.78163
0.73282
0.77268
0.73451
8.8308
8.7297
0.74817
0.69502
0.72778
0.71945
0.71614
0.72611
0.72946
0.70146
0.77446
0.69663
11.402
9.1622
13.243
6.8865
13.032
1.1776
0.69663
0.73961
3.2659
1.0471
1.183
1.2942
1.0568
2.5119
1.3964
1.8281
11.092
9.9083
13.002
7.1945
10.839
10
1.3122
1.1402
1.5704
1.4289
6.166
3.6728
1.2134
4.6238
11.298
0.71614
0.78524
0.71779
12.19
13.062
13.213
14.289
14.622
13.183
1.556
6.7608
9.1411
9.977
0.8414
0.73961
7.4473
14.757
13.552
14.521
1.5922
1.1092
0.80538
0.86099
0.76384
0.76033
0.78163
0.8414
0.76913
0.7925
0.80168
0.78343
0.77625
0.73451
0.77983
0.77625
0.74302
0.74473
0.78524
5.8749
6.6834
1.3305
0.81846
0.9528
0.8414
1.1429
0.7709
0.70958
0.67298
0.70146
0.76208
0.72946
0.72946
1.0447
1.2764
0.80538
0.91833
2.0512
0.71779
1.2647
0.72611
0.74989
0.73114
0.7709
0.74817
1.0914
0.69663
0.68549
0.76033
0.71614
0.73961
0.82604
0.79799
1.0209
0.70795
0.74131
0.72277
0.65917
0.70469
0.7145
0.66374
0.71285
0.8414
0.82985
0.75162
0.74473
0.79068
0.74131
0.69343
0.77625
0.74989
0.78343
0.75162
0.70632
0.77446
0.72778
0.71945
0.70958
0.77268
0.71945
0.90157
0.70795
0.80353
0.73961
0.7379
0.93756
0.9247
0.93111
0.877
0.83176
1.1324
0.98401
0.95499
0.88105
1.0765
1.052
0.99312
1.194
1.1995
1.4158
0.97051
2.0606
1.6218
1.1376
1.1117
1.574
1.0864
4.6452
0.83176
0.81846
0.84333
1.1535
1.3062
1.4689
2.6002
0.70146
0.7145
0.78886
0.73961
0.76033
0.82414
0.79983
0.73621
0.7656
0.77446
0.74131
0.77804
0.7925
6.8234
0.72778
0.76384
0.72277
0.70146
2.5003
0.72778
0.76033
0.75509
0.69823
0.77804
0.73114
0.73114
0.72946
1.4093
0.98628
0.87096
0.96383
0.86099
0.78524
0.72611
0.7709
0.72611
1.6368
1.1776
0.86298
0.79068
0.69183
0.69663
0.75162
0.72111
0.71121
0.71945
0.68707
1.5136
0.79983
0.84723
1.3552
0.79616
1.1246
1.714
1.0186
0.70307
0.72778
0.72277
0.73961
0.74302
1.1298
0.80168
0.92683
0.89331
0.75509
0.71945
0.77446
0.69343
0.68234
0.74645
0.74645
0.70958
0.69663
1.1194
0.69343
0.79799
0.70307
0.69502
0.70307
1.9143
1.2246
0.83753
0.7145
0.82985
0.72277
0.70146
1.0641
1.0351
0.99541
0.71121
0.7145
0.70469
0.73282
0.69343
0.73282
0.75509
0.77983
1.8493
0.94842
0.7145
0.70307
0.77268
0.73621
0.68234
0.70958
0.73961
0.68234
0.72778
0.69502
0.68549
0.67764
0.80353
1.5101
0.91201
0.82794
0.78886
0.82604
1.2764
1.8923
1.0641
0.86896
0.71614
0.7379
0.73961
0.71779
0.74989
0.68234
0.81096
0.69502
0.71945
0.69984
0.72277
0.69984
0.69502
0.72611
0.72277
0.70632
0.68865
0.78343
0.73282
0.68234
0.73961
1.0093
0.71779
0.76384
0.78886
0.78343
0.74131
1.1429
0.85114
1.2474
0.8356
0.91411
1.1376
1.0544
1.4223
0.69183
0.96605
0.70146
0.72611
0.85114
0.86696
0.72444
0.7145
0.76208
0.70958
0.68865
0.71779
0.82224
0.73282
0.66222
0.7379
0.71121
0.73451
0.70795
0.70958
0.66069
0.76384
0.68077
0.74645
0.70307
0.93325
0.73282
0.73451
0.70146
0.74473
0.70958
0.74131
0.73621
0.7709
0.84528
0.69024
0.74302
0.73961
0.73114
0.69502
0.7379
0.74473
0.73282
0.79433
0.75683
0.7925
0.71779
0.79433
0.7379
0.72611
0.72277
0.72778
0.78343
0.70795
0.71614
0.7379
0.93756
0.69984
1.1143
0.70307
0.70146
1.7539
0.72111
0.76033
0.92045
0.69984
0.70146
0.74131
0.73282
0.68549
0.82604
0.69823
0.71614
0.70632
0.70958
0.72778
0.83368
0.71121
0.73114
0.77446
1.2942
0.91201
0.93972
1.0023
1.1041
0.68549
0.72277
0.70146
0.73282
0.74131
0.96828
0.72111
0.69343
0.70469
0.70146
0.72611
0.7145
0.74302
0.83176
0.75336
0.71945
0.79433
0.6792
0.71779
0.69024
0.72277
0.75509
0.70958
0.80168
0.76736
0.70958
0.75336
0.82604
0.73114
0.8356
0.69984
0.75336
0.85507
0.70795
0.70795
0.75509
0.72277
0.7379
0.88308
0.93111
0.84333
1.0641
1.3646
0.87498
1.0568
0.8414
2.799
2.3388
0.877
0.69024
0.69663
0.69984
0.70469
0.7709
1.5596
0.74131
0.68707
0.71614
1.0186
0.84723
1.1508
1.0209
0.81096
1.1298
1.2764
2.0045
1.6943
5.0234
0.79068
0.68234
0.71285
0.70307
0.71121
0.70632
0.80538
0.72111
0.70795
0.70795
3.5481
0.74302
1.1722
1.5311
0.7145
0.69823
0.70469
0.74989
0.66527
0.65464
0.68077
0.69502
0.72111
0.70469
0.70958
0.71779
0.71285
0.75683
0.69502
0.69343
0.69663
0.71779
0.76033
0.75509
0.68234
0.8414
0.76736
0.74473
0.72111
0.79068
0.75336
0.68707
0.7145
0.8531
0.71121
0.69502
0.96383
0.70307
0.69502
0.69024
0.66988
0.70146
0.8414
1.5524
0.98175
0.92897
0.96605
1.0233
0.71121
0.71614
1.0765
0.68865
0.72111
0.74131
1.1272
0.90157
0.68391
0.73621
0.72277
0.6792
0.65615
0.70146
0.86896
1.0162
0.77804
0.98401
1.0864
0.94406
1.0093
1.1967
1.1561
0.9977
1.1143
1.2531
1.0423
1.2246
0.94189
0.97051
0.94189
0.76913
0.93541
2.9174
0.69502
0.70795
0.69502
1.135
0.73282
0.72778
0.69343
0.65163
0.75509
0.66374
0.76736
0.7379
0.69823
0.69984
0.67298
0.6792
0.75336
0.71285
0.68865
0.72444
0.69343
0.69823
0.72111
0.74473
0.76033
0.76208
0.88308
0.82985
0.8892
0.82604
0.75509
1.3521
0.6792
0.71121
0.67298
0.9528
0.72611
0.66527
0.76033
0.69663
1.7061
1.4191
1.0233
0.94189
0.93756
1.0641
1.1272
1.0641
1.1324
1.0789
1.0186
2.6669
1.183
0.71121
1.4158
0.68549
0.9977
0.72444
0.75683
0.72277
0.65615
0.71945
0.71285
0.68234
1.4825
1.4256
0.88308
1.3459
0.89125
1.8535
2.3281
0.71121
0.72444
0.73114
0.69663
0.74302
0.70958
0.76736
0.74645
0.71614
0.77983
0.71779
0.72444
0.76913
0.72611
0.70146
0.76208
0.90157
0.71121
0.67143
0.69663
0.74645
0.69984
0.72946
0.74302
0.69823
0.71614
0.75683
1.6866
0.8091
0.7709
0.88716
0.86696
1.1668
1.5382
1.2218
1.122
1.0093
0.9247
1.0447
1.4894
2.5882
1.2303
1.8836
4.0179
1.1246
0.82604
0.82414
1.1015
1.7378
0.83368
0.82035
0.89743
1.8408
1.845
1.374
1.875
1.39
4.6026
3.5481
0.75336
0.72611
0.74302
0.72444
0.74989
0.78705
1.3092
0.72946
0.74817
0.70958
0.71945
0.71945
0.74817
0.75336
0.72277
0.82604
0.84918
0.75858
0.75162
0.77268
0.76384
0.72111
0.72444
0.75858
0.83176
0.80168
0.83946
1.1482
3.767
1.1246
0.94189
0.97275
1.074
1.0544
0.9977
1.2218
1.135
0.75162
0.80353
1.4791
0.8091
0.81658
0.92897
0.72444
0.74131
0.72277
0.72611
0.71945
0.74302
0.72277
0.72444
1.8408
0.87902
0.98401
0.91411
0.93111
1.0233
0.85901
0.99083
0.97051
1.1169
1.556
1.1169
1.9055
1.2331
0.87096
0.80724
0.89125
1.0186
1.0789
1.1614
0.96161
1.1561
1.0715
1.5488
0.79616
0.72946
0.68865
0.7145
0.8414
0.78886
0.71779
1.3213
1.0839
0.91201
0.9594
1.2589
1.2445
0.87096
0.71121
0.74473
0.70469
0.73114
0.71945
0.72778
1.7022
0.79616
0.8414
0.79799
0.74473
0.8091
0.90157
0.70795
0.82414
0.72277
0.72946
0.78705
0.79433
1.1803
0.86896
0.92897
1.1455
0.71945
0.75509
0.74817
0.79433
0.71285
1.094
0.73282
0.73621
0.72946
0.78343
1.0304
1.1041
1.1967
1.374
1.1455
1.2106
0.75336
0.70146
0.71779
0.71779
0.7925
0.74302
0.71614
0.74131
1.406
0.88308
0.74989
0.71614
0.77804
0.73282
0.7925
0.74989
0.7145
0.76384
0.70632
0.77983
0.68549
0.71779
0.74989
0.93541
0.74473
0.77625
0.7379
0.78705
0.79799
0.75509
0.74989
0.74645
0.69984
0.71614
0.74645
0.79433
0.97724
1.0375
0.8356
0.9977
0.83176
0.76384
0.76208
0.69984
0.70146
0.77446
0.69823
0.73451
0.73621
0.80724
0.71614
0.9506
0.97724
1.1695
0.72946
0.75683
0.73114
0.74473
0.80724
0.79068
0.7925
0.82604
0.79799
0.7925
0.71285
0.79799
0.96383
0.81096
0.92045
0.89743
0.79983
0.76736
0.72444
0.71779
0.78343
0.71779
0.81846
0.75683
0.83368
0.74302
0.72444
0.74302
1.0023
0.82604
0.72611
0.75509
0.76384
0.71285
0.73114
0.74989
0.7925
0.72946
0.73451
0.80353
1.0304
0.73282
0.77804
0.72946
0.94406
0.87902
0.94624
0.98628
1.0666
0.86696
0.90573
0.80538
0.90991
0.94406
1.0116
1.1588
0.99083
0.82035
1.0209
1.122
0.86099
0.9506
1.6672
1.4555
1.0423
0.76033
0.90991
0.79799
0.80724
0.74645
0.78163
0.86099
0.81096
0.7656
0.80724
0.74131
1.9861
0.69024
0.97499
0.69663
0.71285
0.67453
0.77625
0.73621
0.71614
0.75162
0.73282
0.71614
0.74473
0.77446
0.77268
0.76384
0.74645
1.1429
0.86497
0.8356
0.94624
0.86896
0.96383
0.94624
0.97051
1.0471
1.0495
1.0399
1.0186
1.1668
1.1169
0.96605
1.0423
1.0593
0.88308
0.87297
1.4223
1.2023
1.0139
0.9977
1.1298
1.4355
0.76913
1.0789
0.76208
0.69024
0.82224
0.82224
0.76384
0.74817
0.74473
0.75858
0.7379
0.73451
0.79068
0.70146
0.77804
0.77446
0.77625
0.67608
0.70795
0.7379
0.73282
0.77625
0.74302
0.76736
0.70958
0.76913
1.074
0.94624
0.93111
0.98628
0.93756
1.028
1.1298
1
1.0046
0.8892
0.9528
0.98401
1.1402
1.0351
0.72444
0.71614
1.1246
0.91201
0.84333
0.82035
0.77625
0.78524
0.76913
0.7709
0.71285
0.67298
0.72778
0.75509
0.95719
0.77983
0.74817
1.1194
0.80353
0.84528
0.81658
0.80353
0.76384
0.82035
1.1967
1.8197
0.73451
0.75162
0.72778
0.74817
1.1455
0.877
1.0399
1.0375
1.1376
0.99312
0.79616
0.81658
0.9977
0.78524
0.76913
0.75683
0.80353
0.80538
0.98855
0.76913
0.72444
0.72444
0.73282
0.7145
0.73451
0.72111
0.74473
0.70307
0.72444
0.79799
0.7656
0.75509
0.72444
0.86298
0.70469
0.71779
0.81846
0.89331
0.9594
0.90573
0.78705
0.81283
0.79799
0.80538
0.75683
0.78524
0.78705
0.76913
0.73451
0.7379
0.7379
0.76736
1.7022
1.2706
0.87902
0.96161
2.5003
1.9498
0.82794
1.8578
1.3335
0.87902
1.0351
0.91833
1.1749
1.0399
0.83753
0.88716
1.6069
1.0593
1.028
1.1143
1.0765
1.2942
0.68391
0.8414
0.76913
0.72111
0.77804
0.77804
0.68707
0.69343
0.71779
0.76913
0.73961
0.70307
0.70146
0.73451
0.70307
0.87498
0.85507
0.75336
0.79433
0.74302
0.88512
0.74645
0.72946
0.7709
0.77446
0.72611
0.70469
0.72111
0.93541
0.96828
1.028
1.3002
1.8113
0.97949
0.86099
0.96828
1.6368
1.3709
0.69024
0.8531
0.90573
0.68234
0.69343
0.67764
1.1535
1.0186
0.99312
0.72444
0.76913
0.71121
0.8147
0.7709
0.70795
0.74817
0.70632
0.76384
0.76913
0.81283
0.78705
0.82604
1.205
0.78705
0.74302
0.8147
1.1967
0.75162
0.81658
0.76208
0.73621
0.71121
0.69663
1.2246
0.78886
0.77625
0.69984
0.88716
1.7219
0.91411
0.87096
1.0423
0.71121
0.73114
0.76913
0.73451
0.74302
0.80538
0.78524
0.75162
0.7379
0.75683
1.0375
0.90991
0.98401
1.1066
0.97724
0.72611
0.69183
0.75162
0.72444
0.71779
0.71779
0.71614
0.72946
0.77268
0.71945
0.69502
0.84918
0.83176
0.93541
0.82224
1.1092
0.71121
0.7379
0.70146
0.69024
0.69984
0.73282
0.70307
0.70958
0.76736
0.71779
0.74989
0.72611
0.68549
0.78163
0.69823
0.72444
0.85114
1.0691
0.75509
0.71945
0.77983
0.73282
0.7145
0.82035
0.75336
0.75683
0.74302
0.70307
0.75162
0.81658
0.70146
0.71945
0.76736
0.72444
0.74989
0.78705
0.74131
1.0839
1.0186
0.91201
1.0789
1.0069
1.0691
0.85507
0.90365
0.91201
1.2388
1.0965
1.1858
0.77625
0.72277
0.70632
0.86696
0.74645
0.76736
0.7709
0.76736
1.1722
0.91201
0.85901
2.5293
1.875
2.3335
2.5061
0.71614
0.90157
0.85704
0.79068
0.77268
0.79799
0.73282
0.82035
0.78524
0.77268
0.78705
0.72277
0.88716
0.86896
0.70795
0.74817
0.74989
0.73114
1.256
0.76208
0.75162
0.74817
0.98628
0.71945
0.74473
0.76033
0.79799
0.72111
0.74302
0.7656
0.74131
0.71121
0.76384
1.0471
1.0544
1.0069
0.96605
0.82414
1.4289
0.73451
0.77625
0.79068
0.70795
0.72111
0.82985
0.77446
0.67764
0.70307
0.67764
0.71779
0.71779
0.74131
1.2246
0.94842
0.93541
0.98628
0.85507
1.0139
0.97275
0.69343
0.73621
0.76913
0.77446
0.74817
0.82604
0.73961
0.74645
0.77446
0.69823
0.88308
0.78343
0.74817
0.81658
0.82604
0.77804
1.1668
0.77446
0.98401
0.75336
1.1117
0.81283
0.83946
0.7379
0.7925
0.71121
0.69024
0.71614
0.71285
0.71285
0.74473
0.79983
0.74989
0.82794
0.74302
0.74473
0.76913
0.72444
0.73451
0.74131
0.70146
0.69984
0.77804
1.2246
0.88512
1.183
0.90365
0.97499
1.0375
0.93325
1.2474
0.72946
0.72277
0.75858
0.68549
0.7145
0.79433
0.75509
0.70632
0.83176
0.73114
0.75509
0.73451
0.73282
0.68865
0.74989
0.71779
0.66681
0.73114
0.7145
0.73621
0.69343
0.73282
0.78343
0.69502
0.76736
0.70632
0.71779
0.74131
0.78524
0.73282
0.80353
0.71121
1.2735
1.0209
0.98401
0.7709
0.74645
0.82414
0.7145
0.79799
0.80724
0.76208
0.84918
0.69343
0.84333
0.68549
0.69663
0.74645
0.76033
0.73451
0.74473
0.72946
0.8531
0.6792
0.74817
0.72611
0.70958
0.7709
0.72946
0.76208
0.69502
0.72277
0.7656
0.78343
0.70469
1.1429
0.86896
0.98401
1.2417
0.84528
0.99083
1.0257
1.0447
1.5668
1.9815
0.78886
1.3183
3.5481
2.2751
0.70795
0.77983
0.69984
0.68707
0.73114
0.73282
0.69823
0.72444
0.71614
0.72444
0.8147
0.73961
0.71285
0.74989
0.69502
0.75162
0.70958
0.7379
0.70632
0.69343
0.70958
0.7379
0.73451
0.73451
0.78524
0.72778
0.75162
0.75509
0.72778
0.73114
3.02
0.79799
0.80353
1.4388
2.0512
0.97499
0.72111
0.71614
0.74473
0.70958
0.70146
0.69984
0.72946
0.86298
0.69663
0.73282
0.68234
0.70469
0.72611
0.68865
0.71779
0.82035
0.70958
0.77804
0.79068
0.75858
0.78343
0.77983
0.74473
0.74473
0.75858
0.71285
0.79616
0.76913
0.70632
0.71121
0.7379
0.73621
0.71614
0.76384
0.75162
0.69663
0.71285
0.70795
0.70958
0.71121
0.72946
0.75509
0.73961
0.73621
0.69663
0.73114
0.74817
0.77983
0.72946
0.75336
0.74131
0.72111
0.84918
0.7145
0.76033
0.71121
0.7709
0.73114
0.73621
0.68865
0.7656
0.69502
0.7656
0.73451
0.70958
0.69343
0.78886
1.3183
1.0965
0.8091
0.73451
1.2853
0.86099
1.1508
1.6331
1.4588
1.8707
0.71285
0.72611
0.69343
0.75858
0.70146
0.67764
0.72111
0.68391
0.68077
0.67764
0.77983
0.68865
0.72277
0.68865
0.6792
0.69024
0.72946
0.72611
0.71779
0.71779
0.80724
0.70146
0.7379
0.74645
0.69502
0.68077
0.69343
0.70795
0.78524
0.68707
0.75336
0.70958
0.71614
0.78705
0.73451
0.74473
0.74131
0.69183
0.73282
0.69663
0.69183
0.75509
0.76384
0.86497
0.70307
0.75162
0.70958
0.71945
0.69024
0.76736
0.74131
0.72111
0.77446
0.73621
0.71779
0.72444
0.76033
0.70632
0.72946
0.73451
0.78163
0.72611
0.71285
0.75162
0.70958
0.69984
0.71779
0.67608
0.6792
0.69502
0.75336
0.69663
0.7145
0.68391
0.73282
0.72778
0.69984
0.7379
0.7379
0.70146
0.70469
0.70795
0.7145
0.71121
0.70958
0.7656
0.69502
0.67453
0.74817
0.71779
0.73114
0.69502
0.70632
0.71614
0.69984
0.72444
0.74989
0.71614
0.6792
0.71121
0.68549
0.67143
0.74473
0.74131
0.78705
0.74817
2.1232
0.92897
0.88308
1.0447
1.0069
0.84528
0.90365
1.1429
1.3183
0.8414
0.79983
0.76736
1.094
1.1749
1.2589
1.3243
1.2417
3.7325
0.70958
1.1117
0.8892
0.8892
1.5524
0.77625
0.67608
0.8091
1.1535
2.4717
1.1324
2.9854
0.83176
0.81096
0.88716
1.1117
0.9528
1.1858
1.1429
1.3183
1.3274
1.1376
1.2677
0.75683
0.74645
0.71121
0.75336
0.71945
0.92683
0.72277
0.68234
0.69343
0.67453
0.66834
0.76208
0.74131
0.74473
0.72444
0.7709
0.72946
0.76208
0.70469
0.73621
0.7145
0.73961
0.69823
0.79433
0.74473
0.71285
0.73282
0.70958
0.73621
0.73621
0.73114
0.71779
0.70307
0.71779
0.71614
0.71285
0.72444
0.73114
0.69502
0.69024
0.73451
0.70958
0.72277
0.97724
0.73961
0.79799
0.75509
0.91201
0.7709
0.69823
0.7145
0.72444
0.73451
0.72946
0.86696
0.70307
0.72946
0.72778
0.77804
0.70469
0.72444
0.80538
1.2942
0.88716
0.74473
0.72111
0.70632
0.69823
0.76208
0.68865
0.74302
0.74302
0.71779
0.69663
0.71945
0.74302
0.77625
0.68549
0.66527
0.7145
0.92257
0.78163
0.74645
1.052
0.88105
0.79983
1.0186
0.67298
0.83368
0.96383
0.70146
0.68391
0.72277
0.72778
1.0116
0.81658
0.7709
0.8091
0.82985
0.70958
1.2942
0.78886
0.74302
1.1967
1.5922
1.2388
0.69502
0.72778
0.67143
0.69343
0.70795
0.73451
0.75162
0.68077
0.75162
0.69663
0.71285
0.68391
1.9364
0.96828
1.0691
1.0351
0.90365
0.71121
0.72277
0.74131
0.71285
0.79799
0.70307
0.74302
0.72111
0.69183
0.70795
0.82035
0.69343
0.74817
0.91411
0.70795
0.84723
0.68549
0.72778
0.73961
0.69663
0.6792
0.69823
0.71614
0.72444
0.69984
0.69823
0.71779
0.8147
1.1298
1.3646
2.1232
8.8105
9.3325
0.74817
0.69183
0.83753
0.7656
0.72277
0.73451
0.72778
0.69502
0.72946
0.73114
1.9634
0.94842
0.92045
0.87902
0.74302
0.73451
1.0093
0.71121
0.68707
0.76384
0.76913
0.72611
0.70469
0.74645
0.70632
0.74473
0.77804
0.75336
1.3583
0.90573
0.9528
1.3521
0.77804
0.79068
2.2699
0.93972
0.8892
1.0641
1.766
1.3428
1.2912
1.0471
4.1687
1.3032
0.72611
0.75858
3.8107
0.82604
2.7353
0.72444
0.76384
0.99312
5.1404
1.0257
1.0233
0.73282
0.7656
0.877
0.75509
0.76913
1.6255
0.84723
1.0423
0.83946
0.82224
0.83368
0.85114
1.2303
1.2388
1.1169
0.87902
0.99083
2.6122
1.4723
1.4191
2.1677
0.70632
1.256
0.72111
1.5668
1.0641
0.72611
0.69183
0.67298
0.67143
0.77804
0.71945
0.69183
0.73451
0.74817
1.8072
1.8923
0.90365
0.96383
1.1967
1.1429
1.0257
1.2106
1.2274
1.1722
2.466
0.74131
0.74645
0.76033
0.74131
0.78343
0.73621
0.74473
0.74131
0.74473
1.0814
0.76736
0.78343
0.83753
0.8892
1.6331
2.0941
1.0544
2.6485
0.74645
0.7379
0.70958
0.78524
0.73451
0.69823
0.73282
0.72946
0.79433
0.76736
0.82035
0.78343
0.73451
0.74302
0.69984
0.78886
0.71121
0.78705
0.73621
0.75509
0.72444
0.72611
0.74302
0.81283
0.71121
0.69823
0.7379
0.71285
0.72111
0.72778
0.72277
0.80168
0.75162
0.74645
0.77268
0.69343
0.70307
0.73621
0.77268
0.69183
0.76736
0.8356
0.72111
0.72111
0.76384
0.80353
0.78705
0.7656
0.7925
0.78705
0.79068
0.75162
0.77268
0.69663
0.8147
0.72778
0.73961
0.73961
0.82035
0.71945
0.73114
0.77804
0.87297
0.84528
0.76736
0.83946
0.91201
1.1695
1.256
0.7925
1.9454
3.4754
0.7709
2.1928
1.0495
1.4689
0.74817
0.79983
0.73114
1.4894
1.5417
0.75162
0.7145
6.7453
7.5858
9.4624
10.116
0.82794
0.86497
3.7411
12.331
11.429
7.8705
18.408
10.162
1.9364
2.6002
4.0738
16.672
13.397
15.631
14.757
2.5293
0.96605
0.89125
12.677
15.101
11.092
14.355
16.032
12.106
2.2029
6.0117
11.912
8.091
0.86896
0.97275
0.79799
0.78705
0.83368
0.76033
5.5719
14.093
8.4528
12.823
7.7625
0.90157
0.82414
0.78886
0.75162
0.73451
8.0353
13.092
12.474
13.213
9.0573
13.243
8.0724
15.066
13.428
7.7804
13.366
9.6828
1.2618
0.94189
4.4771
1.0093
0.8531
2.466
14.997
10
4.1687
6.3096
0.98628
0.88105
14.689
10.914
12.823
8.6896
13.709
7.6033
9.6161
12.942
14.125
10.351
1.2078
1.0471
0.90991
0.81846
0.84918
0.82985
4.8195
9.5719
9.3756
9.0365
13.274
14.825
14.158
8.414
0.81283
1.4454
3.9174
3.3574
0.75162
0.76033
0.75162
0.7145
0.75336
0.73621
2.3227
6.223
9.7724
7.7804
17.498
7.6736
8.356
13.804
6.3096
1.8323
13.521
10.116
1.1995
0.89125
2.904
0.9506
1.0046
1.122
1.7258
11.641
14.454
1.1561
1.0209
1.1858
2.5645
13.677
12.331
6.5615
10.495
10.99
2.6424
12.445
11.995
9.7275
9.1833
1.6982
5.9293
12.19
8.7498
9.9541
17.62
13.646
11.169
0.89536
0.77446
0.82035
0.75336
0.77804
0.78163
0.72444
0.80724
0.74989
0.8091
0.8091
0.78163
0.77983
0.7709
0.79799
0.83368
0.74645
0.79983
0.73114
1.2078
0.75683
0.7379
2.9923
3.9264
4.0272
0.72111
0.72277
9.2897
7.7268
13.183
9.3111
8.2794
7.7625
9.4842
5.1404
0.75858
0.7656
0.69984
3.1623
0.75162
0.73282
0.75336
17.783
14.191
11.015
8.7902
16.032
9.2897
8.0538
0.94189
0.8995
4.7206
15.704
12.589
13.459
9.6161
11.482
13.996
0.95719
0.80168
0.80538
0.85507
0.92683
0.70632
0.78163
0.7925
2.0989
4.4875
8.0353
11.298
7.1121
14.06
12.445
13.552
10.593
9.6383
13.397
8.9743
1.8197
3.5563
0.95719
5.4576
4.3551
3.9084
0.87297
0.77268
1.2359
16.749
15.276
12.106
8.8105
0.77804
0.89125
0.7925
0.91201
5.5335
10.447
9.1833
13.709
8.5704
0.81096
7.656
13.092
7.3621
12.942
10.617
6.9024
8.9536
10.304
8.147
4.9774
12.445
1.5171
1.4689
5.6234
16.672
15.668
8.5114
8.6696
11.143
7.2778
7.6736
15.382
17.742
7.4645
7.9068
7.0632
6.6527
0.79616
0.80353
0.7379
0.8414
0.79799
1.0139
0.74817
0.76033
0.7145
0.77983
0.75683
0.77625
0.71779
1.7458
1.6943
0.74645
1.8535
7.5683
7.3114
11.83
13.614
9.8175
7.709
14.791
14.191
1.1967
2.4378
8.7297
7.1121
7.0958
7.9799
15.382
0.91833
0.84528
0.8091
0.75858
0.8892
0.76033
0.72277
0.8091
0.74131
0.76913
0.76736
0.76208
0.74989
0.76208
0.76913
0.74131
0.79799
0.76208
0.79799
1.183
0.79433
0.82035
0.78524
0.82035
0.74645
1.0691
0.76033
0.84918
0.73114
1.0351
0.75336
5.8345
5.9841
1.4655
1.4488
6.5163
1.2023
6.1944
12.706
9.247
16.482
7.5858
7.9068
6.4269
3.6983
7.7625
12.882
8.7096
8.1096
11.041
15.56
6.6374
8.5704
13.122
1.219
0.8892
2.7797
0.78524
0.81658
0.72444
0.74473
0.8091
0.73621
0.74817
0.73114
0.74473
0.76033
0.74131
0.86696
0.76736
0.78705
0.78886
0.76208
0.8147
1.5812
0.85507
3.0761
0.88105
0.72277
0.74817
0.77804
0.99312
6.4714
15.276
0.78524
7.9068
7.7983
8.2794
12.19
13.366
13.213
7.9616
7.7268
0.90573
4.7973
10.093
6.2951
6.166
8.7498
5.821
5.9293
13.521
6.0395
8.4528
2.7479
3.155
18.365
7.5162
9.247
9.3325
4.9091
4.4463
0.83753
0.82985
0.75858
0.77625
0.87902
1.9543
12.331
13.521
8.3368
7.9616
10.617
7.6208
8.0538
12.303
6.9663
14.555
13.772
8.4333
0.76384
0.81846
2.5235
0.7656
0.84528
5.5335
10.641
5.9841
9.6383
9.3972
6.3096
0.90782
0.82604
0.7379
0.74645
0.82604
0.76033
0.73961
0.82035
0.77625
0.69823
2.6303
0.79433
0.74817
0.7656
1.0641
0.71121
0.74817
0.6792
1.0691
0.74645
0.76736
0.72277
0.79983
0.75509
0.79799
1.5241
0.8356
5.4954
7.2444
1.2162
1.7338
2.904
13.092
13.366
7.7983
13.274
15.101
12.246
7.5858
6.1802
7.6913
10.069
7.5858
8.2794
5.6105
15.276
12.218
9.7724
11.668
9.7949
8.1283
10.864
1.3614
0.84528
0.78163
1.9099
12.764
12.303
9.4842
10.069
4.6774
0.87498
0.82224
1.5136
2.6853
12.706
12.942
11.015
10.839
12.162
8.7902
10.914
9.6605
8.7902
12.023
13.183
10.375
19.099
7.2111
7.9433
0.95499
0.8356
1.5101
5.1286
18.578
8.1846
1.4388
0.82985
0.83176
0.8531
0.79433
0.73114
0.77804
0.75509
0.78524
0.80353
0.78705
0.78524
0.84333
0.80724
1.2106
0.78886
0.71285
0.78163
0.8356
0.77625
0.77983
0.73451
0.72778
0.8091
0.72444
0.76736
1.1015
0.90991
0.75683
0.80353
0.78163
0.72111
1.028
0.74645
0.7656
0.75509
0.83368
0.79068
0.77446
0.7925
0.76913
0.84333
0.76736
4.7863
3.2885
6.5615
0.98175
1.406
5.035
11.272
10.789
9.1201
28.576
7.7983
8.1846
8.6099
26.303
6.9024
8.0353
4.6132
8.5114
1.4825
0.90365
0.76208
0.91833
1.1066
0.84528
0.7925
4.217
1.7539
3.0339
15.346
9.7051
7.709
6.368
7.1779
5.8614
7.1779
1.8967
6.9502
8.356
0.80538
4.529
0.7925
0.78524
3.3497
15.922
7.4989
0.89536
6.6374
16.106
12.359
13.213
12.503
6.3826
9.7949
10.069
9.506
10.069
6.7764
10
9.7275
8.1283
13.804
11.092
7.6384
9.2897
10
1.7865
1.5171
0.73282
0.86896
0.76384
0.81096
0.87902
2.1577
1.1117
0.84528
0.72277
0.69663
0.74131
1.1246
5.2602
10.94
0.86099
1.7338
0.70307
6.5917
1.8323
0.69663
0.75509
0.86099
0.7709
0.78886
1.1041
0.78343
0.73282
0.74645
0.73114
0.73621
0.79068
0.75162
0.72277
0.76033
0.73621
0.73961
0.73114
0.80353
0.66988
0.69343
0.75858
0.72111
0.78524
0.72444
0.74302
0.70632
4.1495
1.099
0.98628
0.97051
1.1455
1.1092
1.0162
0.75509
2.6915
1.5524
1.2912
1.0914
0.74473
0.70958
0.73451
0.81846
5.559
10.789
11.246
12.359
11.668
8.9125
1.1117
0.7379
2.8119
1.5453
0.81283
0.74473
0.77625
1.1092
5.224
13.062
9.2257
10.74
14.093
11.803
12.764
9.6161
11.429
17.1
11.455
7.145
9.1201
6.3973
10.839
9.6383
0.79983
2.1727
3.013
14.158
8.5114
1.0839
1.0765
1.0069
1.0023
1
1.0691
1.0617
1.1272
1.5241
1.6331
6.3241
9.5719
12.218
12.331
14.859
11.117
8.5114
2.4717
1.5524
1.3032
0.82035
0.82985
1.0593
0.77804
0.76736
1.5241
4.5499
5.0582
0.83753
14.223
12.912
20.606
15.136
17.742
13.183
8.3176
6.0117
22.08
11.668
5.188
5.7412
0.8356
0.74302
0.78163
1.0162
0.79068
2.3067
7.4817
11.695
10.839
7.6913
11.324
8.8512
7.7983
8.9536
8.9536
8.5507
8.4528
7.9983
2.208
1.1066
7.6384
1.028
0.89125
2.8973
3.9994
0.78705
0.78343
0.86099
1.2023
4.1879
0.74989
0.90157
0.7925
0.78524
0.78163
0.72444
1.1376
1.0666
0.74302
1.2764
7.8705
6.5766
7.2611
8.356
8.8308
8.0168
6.5163
1.2359
0.8147
0.82794
0.91622
0.81096
0.80353
0.85507
0.82414
0.76736
2.1979
0.7656
0.74989
0.72277
11.324
0.98628
0.92257
0.82414
1.0814
1.1803
1.1561
6.1944
16.181
7.7268
7.8163
12.794
6.4863
7.4302
8.6696
8.1096
8.5704
7.2611
10.28
7.8524
10.99
6.8077
6.0814
6.6681
5.6624
5.0933
8.0538
7.3282
4.3351
17.62
8.9536
7.7446
12.677
10.965
10.74
12.331
7.4817
8.1846
9.1833
2.7733
0.80724
0.83946
0.79983
0.90782
1.875
11.561
12.735
13.335
7.9616
12.106
1.1722
3.5645
6.5615
0.90991
0.877
9.5499
13.459
10.093
8.147
8.6099
7.1945
7.0469
5.8884
8.9125
9.9083
10.093
7.2444
16.982
11.376
6.9502
10.351
12.647
4.9091
9.6383
8.0168
11.22
9.2683
2.9174
1.9588
13.305
11.402
7.6913
7.1945
8.356
2.208
0.90157
0.78343
0.7656
0.77983
0.97949
0.92045
0.74817
0.80353
2.2751
6.3241
1.0069
8.414
11.041
11.092
8.995
8.3368
7.6384
6.1802
1
0.78343
0.78343
1.8281
1.2618
0.75683
0.89536
0.82224
0.72611
0.76033
1.5996
19.634
7.3282
8.7096
17.378
8.0724
15.417
11.641
8.1096
5.2
16.106
12.589
9.7949
10.94
11.94
7.6033
8.77
7.9068
11.561
8.892
14.125
10.351
6.1518
9.0365
2.1878
1.2647
1.2677
6.6527
15.524
8.2414
10.889
8.147
10.568
14.622
14.454
7.1779
7.3282
14.421
14.655
7.0469
0.78886
3.2961
6.0256
15.524
8.1096
8.0168
14.825
9.6828
9.4406
4.6666
0.97724
7.1285
13.964
7.3451
7.4302
6.0814
5.6364
0.79616
0.87498
8.6298
21.184
14.723
8.0724
6.7453
15.996
13.122
0.88716
0.8356
0.80724
1.1117
6.9343
16.032
14.757
17.1
8.147
11.535
7.709
9.4842
13.274
8.2985
10.593
6.8391
9.0782
8.5114
22.029
30.974
9.0573
14.997
8.7096
6.3826
0.79433
0.82035
5.2966
14.723
7.3114
7.2778
7.8705
0.88512
0.91201
1.074
0.80168
0.74473
0.71614
0.75336
0.70795
0.77983
1.1967
9.6383
3.8726
5.7677
4.5082
15.631
10.046
14.191
7.2946
8.4528
9.4624
9.2045
9.5499
14.622
15.066
10.864
8.5704
18.197
2.9992
8.5114
8.892
0.92897
0.81846
1.4322
0.84528
0.92257
0.89536
0.82985
0.80724
0.97724
0.83946
0.75509
0.8091
0.92683
4.8084
14.555
15.205
10.233
13.836
9.0573
8.1846
15.453
8.1283
12.417
13.152
25.293
6.8391
6.7298
23.988
10.186
9.8401
8.4723
8.8308
3.5727
15.596
12.05
17.022
15.704
14.588
14.622
11.776
9.9541
15.066
12.388
15.382
9.1833
9.4189
9.6161
10.162
7.9433
6.166
1.0375
2.1184
10.162
11.885
8.414
9.3541
7.709
11.94
20.37
9.2257
11.169
10.544
20.37
4.8641
6.4417
9.8401
19.77
16.106
9.3111
16.558
13.74
18.323
15.704
12.474
27.227
16.827
9.2683
7.7268
14.421
16.181
15.311
8.1846
15.596
12.303
12.589
11.912
16.368
13.646
17.66
13.002
15.453
11.588
11.561
16.482
13.614
8.8512
12.05
12.05
23.335
15.631
25.527
14.655
12.134
13.092
26.122
18.793
10.28
12.134
14.223
15.031
