36.898
11.668
0.77625
20.893
15.996
13.521
3.8194
7.8705
15.136
23.067
1.7298
20.559
1.7906
0.86896
16.943
18.88
5.7016
2.0137
14.028
19.679
13.804
19.679
12.303
18.072
2.0989
1.0351
1.5136
1.0666
1.0965
1.3868
1.2589
0.87902
1.1015
2.023
2.4266
0.99312
1.932
1.1588
1.3552
2.3823
1.875
2.9107
1.4421
1.3366
1.2303
9.5719
0.95719
0.91201
1.9588
1.8365
1.1246
1.3646
9.0782
8.8512
0.75162
2.9854
17.742
21.677
15.776
17.62
19.409
20.559
12.359
20.23
20.37
5.7677
14.791
18.793
20.324
16.982
0.96383
16.672
2.5704
1.2023
1.2331
0.93325
1.0814
1.1508
1.2388
0.94189
2.673
1.8365
0.7709
0.78705
0.8414
0.77446
0.7709
2.037
0.73621
0.79068
3.4119
0.96605
3.069
3.1842
1.2359
1.4125
2.2646
0.90991
0.96383
2.0512
1.4997
1.1967
15.631
20.797
25.351
25.061
25.645
20.606
19.498
25.763
15.922
24.491
18.836
6.4863
4.6881
21.33
1.4355
11.94
22.856
8.3946
6.0256
16.069
5.9156
1.0233
0.99312
2.5061
1.4928
1.5205
1.0715
1.4355
1.9011
0.94842
1.4588
0.8147
1.977
16.711
0.82224
0.8414
0.69984
0.84333
0.82414
1.1995
1
0.69663
2.4831
0.90157
2.7861
3.1696
5.6624
0.97051
0.90157
2.2594
1.6181
1.0304
1.3836
1.2677
1.2246
1.1429
1.8621
1.3521
1.4997
0.79068
0.69663
1.6482
1.1092
0.88512
1.135
1.0617
1.7378
0.75162
0.80724
1.652
4.7863
1.5959
2.8249
0.90782
0.88105
1.3335
1.0864
1.3459
1.0765
1.3428
1.3243
2.541
0.93325
0.66988
0.6792
0.71285
1.1588
0.79068
1.2618
3.8548
0.8995
0.84528
0.85704
0.75509
0.72611
0.70795
0.83176
2.6977
1.4355
1.1246
1.9409
1.5885
0.8091
5.8749
2.8054
0.98175
2.8314
1.2134
1.3183
3.4041
1.1995
1.3646
1.5205
1.2023
3.1189
1.1588
1.6482
0.82035
2.3659
0.78343
0.85901
0.8356
2.1281
2.5704
1.0495
1.2023
3.6058
0.7656
0.75162
0.71285
0.77804
1.2023
1.4028
1.2274
0.84723
1.6943
1.3552
1.0617
1.9364
1.39
1.074
2.0464
0.74302
0.70958
4.5499
0.82414
1.9907
2.0464
0.67764
3.5975
0.66681
0.69024
0.80353
0.73621
0.8147
2.4604
0.86896
0.94189
0.76384
0.78705
0.85507
1.4723
0.70958
0.71945
1.2331
9.8628
21.878
6.5313
2.6363
0.69024
0.70958
2.2439
1.0186
1.1995
1.2764
0.90782
1.1455
1.4655
1.1143
1.1535
1.7022
2.9512
2.5235
0.99541
3.3651
10.544
0.8356
3.9994
0.68865
0.75683
1.39
4.3152
0.78343
1.194
0.77804
0.72946
8.2985
0.79983
0.93972
0.79433
1.1912
1.2503
0.94189
1.1066
0.97949
1.4158
1.4825
2.6669
1.5031
1.6866
1.5346
1.0399
1.205
3.1696
0.9247
2.4378
0.77446
0.70469
0.7656
0.67453
0.7379
0.87498
0.71614
0.72444
0.74817
0.75858
0.72111
0.62806
0.66527
0.68549
0.72611
0.65013
0.67143
0.62661
0.64565
0.71285
0.68391
0.70469
0.73621
0.77804
0.66222
0.7145
0.74302
0.75858
0.67453
0.67143
0.75858
0.71945
0.78886
0.69984
0.7379
0.67764
0.66527
0.7145
0.65917
0.68865
0.72277
0.77804
0.73621
0.72277
0.66374
0.73114
0.68234
0.68077
0.71945
0.6792
0.70632
0.7379
0.70307
0.73451
0.70958
0.68707
0.73961
0.68549
0.69183
0.75162
0.67764
0.65464
0.68234
0.69823
0.68865
0.69984
0.65766
0.66527
0.67764
0.69823
0.69823
0.74817
0.70146
0.70469
0.76384
0.877
0.74302
0.76208
0.71121
0.81846
0.7709
0.77268
0.79433
0.72277
0.7145
0.89331
0.95719
0.70795
5.2723
3.767
2.0797
0.81846
1.194
1.1695
0.90365
0.87902
1.3614
1.0046
0.97949
2.5527
1.2531
1.6711
1.6032
1.7061
1.8535
1.3062
0.75683
1.3397
0.82985
1.135
0.66527
1.8408
0.65163
0.68391
1.2647
0.7656
0.64714
0.66988
0.71614
0.76208
0.68234
0.7709
0.68707
0.82224
0.81096
0.63973
0.74473
0.6792
1.2474
0.65464
0.7145
0.72277
0.68549
0.66527
0.69183
0.66222
0.77446
0.66374
0.70469
0.68077
0.67143
0.67764
0.65464
0.82985
0.70146
0.67143
0.67143
0.78705
0.66527
0.72611
0.68077
0.72111
0.69024
0.69984
0.67298
0.65615
0.6792
0.65766
0.69343
0.68391
0.67143
0.68549
0.65464
0.68865
0.68865
0.66988
0.65013
0.63973
0.72611
0.73282
0.64863
0.65917
0.68549
0.68234
0.72946
0.67453
0.67298
0.69663
0.7925
0.65615
0.68707
0.70795
0.66527
0.69183
0.66527
0.72444
0.72611
0.76208
0.66988
0.7379
0.65917
0.68234
0.69343
0.66069
0.66527
0.66527
0.68234
0.69502
0.74645
0.73961
0.63096
0.64863
0.64714
0.68391
0.65464
0.67298
0.68391
0.63533
0.68549
0.75509
0.65766
0.66834
0.6368
0.66222
0.6792
0.68865
0.68234
0.66527
0.6792
0.67298
0.78343
0.6792
0.65163
0.66834
0.70632
1.2823
0.85507
1.5136
0.77983
1.2417
1.4223
1.0914
1.1912
1.3552
0.9594
1.3366
1.4894
1.5205
0.96383
1.4256
0.91201
1.5885
0.66681
1.0351
1.1722
1.3062
0.93756
1.5488
1.6444
0.85704
0.75858
0.81846
0.75336
0.85704
0.74817
0.83368
1.0447
0.72946
0.73114
3.6983
0.8414
0.87297
0.8414
0.69663
0.73961
0.71121
1.0864
1.3062
0.87498
1.1092
1.2162
2.4774
1.074
0.65917
0.71121
1.3804
1.8535
0.66069
0.74131
0.6792
0.66681
0.85114
1.1092
1.8621
0.67298
0.66222
0.68077
0.65615
0.64269
0.68707
0.72778
0.6368
0.6792
0.69024
0.65917
0.65013
0.67143
0.63533
0.61802
0.73961
0.65313
0.68549
0.69183
0.67764
0.70958
0.70307
0.70146
0.66527
0.7709
0.71614
0.70469
0.66988
0.72277
0.69183
0.68234
0.66069
0.67453
0.64565
0.6223
0.63826
0.68391
0.7925
0.69343
0.66374
0.62087
0.68549
0.66681
0.68391
0.69502
0.69502
0.63387
0.67298
0.74302
0.68234
0.69823
0.68077
0.66527
0.65464
0.69024
0.65766
0.68077
0.67608
0.69984
0.66374
0.67143
0.68865
0.68234
0.67764
0.71285
0.73961
0.72111
0.76913
0.65013
0.66069
0.68234
0.65163
0.66069
0.67608
0.68549
0.69502
0.69502
0.63973
0.65464
0.66988
0.66222
0.65464
0.63826
0.69024
0.65615
0.63096
0.94189
1.1749
1.7219
1.6106
0.64417
0.66069
0.67608
0.64565
0.75162
0.66222
0.69502
0.65766
0.65615
0.66834
0.68234
0.65163
0.66834
0.70146
0.66069
0.85114
0.66988
0.65013
0.64565
0.67143
0.65615
0.62373
0.66988
0.6792
0.74131
0.67764
0.70795
0.68549
0.69183
0.65917
0.73961
0.7145
0.75683
0.75509
0.83176
0.73961
0.70632
2.4266
0.88716
1.0139
1.1041
1.0495
1.5382
0.69502
0.66374
0.71945
0.77268
0.70469
0.70146
0.65013
0.67298
0.64565
0.65163
0.72946
0.64714
0.66374
0.67764
0.69823
0.69502
0.66527
0.69183
0.69024
0.64269
0.69502
0.69502
0.69343
0.70469
0.6368
0.66374
0.66681
0.66681
0.6792
0.76736
0.72277
0.69024
0.65615
0.66069
0.69984
0.68234
0.66681
0.68077
0.69502
0.66374
0.65313
0.67764
0.70958
0.73114
0.67764
0.67764
0.67608
0.65163
0.76736
0.67298
0.65163
0.70469
0.69183
0.71121
0.67298
0.66069
0.7656
0.68549
0.71614
0.66988
0.65766
0.67764
0.69024
0.66069
0.68707
0.67298
0.72277
0.6368
0.65163
0.75858
0.71614
0.68707
0.68234
0.68077
0.66527
0.79983
0.84723
0.72277
0.66527
0.65464
0.68234
0.71121
0.63973
0.71614
0.68707
0.68391
0.67143
0.68865
0.65464
0.70307
0.66834
0.66222
0.62951
0.76736
0.74989
0.68549
0.72946
0.63533
0.64121
0.67143
0.66069
0.65615
0.6368
0.69183
0.66069
0.66988
0.67143
0.66222
0.65615
0.67298
0.65917
0.64565
0.65615
0.6792
0.65013
0.69984
0.66834
0.66681
0.65464
0.66527
0.62806
0.65917
0.71285
0.66527
0.69183
0.91622
0.87498
2.3933
1.6406
1.1272
2.7606
1.2162
0.79068
0.86298
1.219
1.0471
1.8836
1.5311
0.69024
1.3305
0.70146
0.70958
0.82414
1.5631
2.7542
0.8356
1.2388
1.2162
1.1967
1.5524
3.9084
1.1092
0.7145
0.89536
0.69343
0.73961
0.68707
0.67453
0.63826
0.74131
0.92897
0.66681
0.68234
1.9861
1.1803
0.77446
2.208
2.2029
0.77983
1.4689
2.2233
3.1842
0.96161
0.96828
0.65917
0.84918
0.70469
0.71945
0.69343
0.69502
0.68077
0.69663
0.74131
0.74645
0.74645
0.66527
0.70146
0.69823
0.67453
0.75683
0.70146
0.74817
0.73114
0.72111
0.69502
0.65766
0.75858
0.68865
0.74817
0.80724
0.75336
0.76384
1.028
0.95719
0.89536
0.92683
0.68865
0.64714
0.66834
0.66222
0.69663
0.67298
0.69183
0.73282
0.68865
0.68549
0.75336
0.65163
0.70307
0.69183
0.66222
0.72946
0.81096
0.6792
0.7379
0.65766
0.65917
0.75858
0.68707
0.69502
0.70469
0.69024
0.68549
0.64417
0.68234
0.72111
0.69663
0.66988
0.7145
0.6792
1.1066
0.97275
1.122
1.194
1.374
1.7701
1.1117
1.2503
2.1038
1.2106
1.4622
0.73451
1.1041
1.1324
1.7742
0.85901
1.6331
0.91201
0.82794
0.67453
0.69984
0.95499
0.66527
0.66681
0.69343
0.94842
1.2972
1.1298
1.4158
1.5812
1.0914
1.7906
1.2246
1.5668
2.5704
1.1429
0.99541
0.88512
1.3152
0.75858
0.69502
0.73961
1.2134
0.65917
0.66527
0.72778
0.70146
0.65766
0.72946
0.65163
0.77983
1.122
0.88105
0.81846
1.2023
0.97499
0.70307
1.3614
1.028
2.7733
1.977
1.5453
2.1232
2.5061
0.6792
0.71945
1.8155
4.7315
3.581
2.1038
0.71285
0.71121
0.69343
0.68549
0.68234
0.66222
0.68234
0.69663
0.70795
0.67764
0.65013
0.72611
0.68549
0.69024
0.69343
0.70632
0.75858
0.72111
0.76208
0.73961
0.77804
0.74302
0.76208
0.75858
0.74989
0.8892
0.77625
0.80168
0.79799
0.79068
0.94624
0.77625
0.71285
0.79068
0.69502
0.7709
0.74302
0.69183
0.86896
0.67764
0.72611
0.72277
2.9174
0.82414
0.69502
8.2035
35.563
44.055
26.363
25.177
26.002
15.56
2.1727
23.55
24.774
20.137
22.594
24.044
20.701
8.7902
0.66374
0.97949
1.1588
11.092
19.099
20.417
17.906
0.78524
1.7219
1.7906
5.8884
19.815
19.364
20.893
19.099
24.604
29.309
3.4119
1.2331
1.0447
2.4946
1.2078
2.5882
1.3062
2.2387
28.642
19.543
4.9659
16.672
23.878
22.491
25.527
23.281
24.155
26.122
21.677
17.742
21.429
21.777
28.576
11.858
0.93756
0.79616
12.106
15.74
1.39
1.5241
4.7973
1.7783
1.7989
1.4125
3.2137
12.246
16.106
1.9055
1.1561
1.1015
1.0691
12.618
19.907
10.94
20.845
19.724
18.239
17.418
15.596
0.74645
1.8323
1.9634
3.6728
1.2589
1.6368
1.0257
0.97949
1.7022
3.6475
1.2531
1.2078
6.4863
1.1967
1.3397
0.90365
0.98855
1.3614
1.1912
1.3366
2.2751
0.70146
0.80538
0.83946
0.77625
0.8531
0.94189
1.0617
1.9011
1.1885
1.0593
1.6943
1.0495
1.1588
1.2445
1.0914
1.1508
1.074
1.0889
1.3274
1.3002
1.1066
1.1668
1.1066
1.6331
1.4125
1.205
1.5996
0.8147
0.77625
0.84528
1.3521
1.8836
1.8621
1.1749
0.75162
0.88716
1.2618
0.72444
0.7656
1.1695
3.2584
2.0701
1.2246
1.2359
0.82224
0.75858
1.8239
1.3677
1.0116
0.68549
0.83176
1.1272
1.9679
2.0559
0.67298
0.70469
0.75336
0.79433
0.83946
0.73961
0.72111
0.8414
0.82035
0.78705
1.1695
0.66988
0.66988
1.2134
0.68707
0.6792
0.63387
0.65464
0.66222
0.69343
1.0864
0.75162
0.74473
0.68077
0.66374
0.74473
0.69024
0.6792
0.74302
0.82224
0.77804
0.69502
0.69343
0.71779
0.75509
0.76913
0.72111
0.70146
0.72778
0.89331
0.97724
1.6293
0.72444
0.99312
0.82604
0.7145
0.82794
0.74817
3.1333
0.76033
0.70146
0.70469
0.81096
0.67298
0.71121
0.73282
0.73114
0.98401
0.71779
0.68549
0.82414
0.79799
0.66374
0.70958
0.70795
0.70958
0.65766
0.65917
0.67764
0.66988
0.66222
0.64714
0.71614
0.67608
0.72277
0.70469
0.68549
0.71945
0.78705
0.78163
0.70307
0.7145
0.66527
0.66988
0.70958
0.66222
0.72778
0.71285
0.70958
0.67608
0.77268
0.70632
0.72611
0.87498
0.77446
0.85704
1.0814
0.91833
0.77804
0.92045
0.96383
0.78343
1.1194
0.69984
1.0116
0.67143
0.66988
0.75162
0.69024
0.75336
0.67298
0.67143
0.71285
0.68549
0.70146
0.70795
0.68077
0.72444
0.66988
0.67298
0.69984
0.72946
0.71614
0.69823
0.65917
0.77804
0.71614
0.70795
0.74131
0.72277
0.70632
0.67608
0.68549
0.73451
0.71614
0.67298
0.74473
0.81658
0.68391
0.69823
0.68234
0.67608
0.68234
0.64863
0.67143
0.73451
0.67298
0.76913
0.79616
0.82224
0.84918
0.72111
0.78705
0.69343
1.1455
1.3772
0.87498
0.85114
0.78163
1.256
0.70307
0.68077
0.76913
0.73451
1.0069
1.2303
1.3305
1.3964
0.9594
1.0617
1.4555
1.135
1.9498
1.2388
1.0914
1.9907
2.0559
1.4928
1.5101
1.4689
1.4521
0.93541
2.1928
1.3804
0.80538
1.4791
0.96383
0.98401
1.1143
1.3243
1.349
1.1246
1.1668
1.1588
1.1376
1.1912
0.98855
1.3366
1.4588
8.892
9.8401
2.0654
0.73621
1.0568
1.4723
1.1614
2.4946
0.74817
1.1066
0.69823
0.70795
0.75683
0.92257
3.0409
0.7145
10.965
11.695
2.5645
0.94189
0.88105
1.5631
10.544
2.7542
1.4997
0.71614
0.92045
0.82985
1.9231
0.76736
0.75683
0.68391
2.1928
2.8445
0.70795
0.71945
0.79433
0.69024
0.69984
2.4774
0.74645
0.70795
7.6384
15.417
14.791
1.8493
2.8774
2.5763
0.91411
0.77804
0.75683
0.70632
0.69183
0.66069
0.80724
0.69823
12.331
18.323
8.5704
0.67453
0.6792
1.2218
13.552
14.158
1.7378
0.68865
1.762
1.1092
1.094
8.2985
1.4421
1.3243
0.78163
0.70958
0.97724
0.70632
0.80538
0.7145
6.9024
14.859
0.70958
0.68077
2.1627
0.82604
8.4333
0.64417
0.78705
0.77804
0.83946
0.81658
0.97051
0.96383
0.82794
1.1749
1.8493
1.074
0.7709
0.70958
0.67143
8.4723
1.714
0.86696
0.78343
1.4894
3.5563
2.7416
1.6827
0.71945
11.803
1.5849
0.69502
1.1803
0.78705
0.95499
1.0471
2.5823
1.3428
0.76384
0.73621
0.68549
0.87902
1.0568
1.256
1.6672
0.67453
0.72778
0.82224
0.76913
0.67453
0.67764
0.67764
0.68077
0.68391
0.71779
0.73451
0.64417
0.71945
0.71614
0.69343
0.69343
0.70307
0.67298
0.72946
0.72611
0.68549
0.65917
0.71779
0.68707
0.74645
0.65313
0.81283
0.71945
0.71779
0.81658
0.74473
0.69343
0.68707
0.72444
0.76913
0.67298
0.67143
0.72778
0.70795
0.71285
0.69502
0.68234
0.63973
0.76208
0.70469
0.67608
0.77446
0.67453
0.70307
0.72444
0.65163
0.68707
0.73621
0.74989
0.68707
0.7379
0.74131
0.75162
0.72946
0.65615
0.71945
0.68549
0.67298
0.65013
0.70307
0.67764
0.88716
3.5727
0.65766
0.70632
0.77804
0.74645
0.69984
0.78886
0.69343
0.77983
0.68234
0.76384
0.69343
0.71285
0.6792
0.70958
0.79983
0.66834
0.72111
0.73114
0.73114
0.72611
0.67608
0.73451
0.68234
0.68865
0.71945
0.89125
0.7379
0.78705
0.68077
0.75683
0.66222
0.75162
0.73282
0.74302
0.68077
0.73114
0.68234
0.69984
0.70146
0.70795
0.70146
0.76033
0.73282
0.75683
0.65013
0.68077
0.72778
0.74131
0.69343
0.74817
0.67143
0.7709
0.69024
0.73114
0.75509
0.73621
0.74989
0.69663
0.81658
0.71121
0.69183
0.67608
0.73961
1.0568
1.6106
0.80168
0.80538
1.0023
1.4158
1.5631
1.1668
1.0069
0.82604
1.1482
1.1749
0.7709
0.70632
0.67608
0.65163
0.72946
0.877
0.70795
0.66988
0.67764
0.68549
0.72277
0.66834
0.76208
0.64565
0.68234
0.97275
1.2331
1.0304
2.4378
1.5171
1.2274
1.3122
1.3459
1.052
1.2078
2.5177
1.1092
1.4723
0.98401
2.7925
0.90365
0.73282
0.79983
0.69343
0.71945
1.5311
0.6792
0.84723
0.95499
0.71121
1.028
0.86298
1.3932
1.3996
0.9528
2.5823
2.3714
1.3062
1.3002
2.3878
0.70146
0.72111
0.70307
0.68865
0.75683
0.96161
0.68234
0.72611
0.68549
0.69823
0.69663
0.69663
0.68865
0.71285
0.72778
0.71614
0.68234
0.72778
0.77804
0.67608
1.028
0.82604
0.79983
0.76384
0.73961
0.75683
0.72444
0.88512
1.3183
0.93111
1.3804
1.8664
0.82414
0.76913
0.72444
0.73114
0.74645
0.79068
0.7656
0.68234
0.69024
0.77983
0.72946
0.73451
0.76208
0.70469
0.71779
0.66681
0.67764
0.79068
0.67143
0.70469
0.67608
0.66834
0.65464
0.73451
0.73282
0.72277
0.70795
0.71614
0.83753
0.6792
0.65464
0.76736
0.72444
2.3014
2.8184
0.72277
0.72611
0.72277
0.74302
0.70632
0.69502
0.66834
0.74302
0.68549
0.66681
0.67143
0.68865
0.65766
0.79983
0.73282
0.70469
0.70958
0.72778
0.69984
0.71285
0.71285
0.76913
0.71121
0.76208
0.7656
0.63533
0.68391
0.71285
0.67764
0.69343
0.68707
0.74131
0.66681
0.6792
0.72444
0.72111
0.66222
0.70632
0.72111
0.7709
0.70307
0.6792
0.72946
0.70469
0.68865
0.75509
0.69823
0.71285
0.67143
0.69823
0.67453
0.6792
0.72946
0.69502
0.73114
1.1967
0.95719
0.92257
1.3996
0.74302
0.7145
0.66374
0.74817
0.73621
0.69024
0.66069
0.70795
0.64863
0.84333
0.77983
0.76736
0.73282
0.66069
0.7656
0.67143
0.67143
0.71121
0.66988
0.72946
0.66374
0.69183
0.72444
0.72111
0.66988
0.77268
0.65013
0.68707
0.66681
1.2618
0.74989
0.88716
0.91411
0.81658
0.69024
1.6672
0.87096
0.67764
0.69984
0.63973
0.65464
0.67298
0.7145
0.66834
0.66834
0.82035
0.68234
0.69024
0.66527
0.6792
0.7145
0.69823
0.67608
0.66069
0.65766
0.73621
0.68549
0.72778
0.74131
0.71614
0.68077
0.71945
2.0845
0.74302
0.80353
0.84918
0.74989
1.2647
0.70958
0.79799
0.76384
1.1066
0.77625
1.1402
0.86696
1.0257
1.0447
0.84333
1.183
1.4158
0.8995
0.70307
0.70146
0.64417
0.8356
0.66834
0.66527
0.73114
0.71285
0.71121
0.74302
0.72277
0.68549
0.66222
0.70958
0.69502
0.69984
0.76384
0.70795
0.72277
0.68391
0.70469
0.76208
0.81096
0.74989
0.66374
0.69502
1.1246
0.69663
0.66069
0.76208
0.70307
0.66988
0.74131
0.73114
0.66681
0.69183
0.81096
0.84918
0.86696
0.81283
0.86497
0.72946
0.88716
0.8414
0.74645
1.0691
0.71614
0.66834
0.69823
0.70795
0.66222
0.7145
0.9594
0.94406
0.74989
0.71779
0.78886
1.074
0.89125
0.66222
0.71945
0.7925
0.74645
0.74473
0.76033
0.80724
0.69984
0.69343
0.94406
1.4588
0.92257
1.39
0.9977
1.8923
0.73961
0.72946
0.66681
0.69024
0.70958
0.69984
0.74473
0.73114
0.66374
0.68391
0.7709
0.67608
0.66834
0.68234
0.69663
0.6792
0.68391
0.73114
0.70146
0.67764
0.63533
0.76736
0.70958
0.70307
0.71285
0.76208
0.7145
0.71945
0.70146
0.70307
0.68549
0.66374
0.77983
0.73621
0.65615
0.71779
0.65464
0.65313
0.69663
0.7379
0.72946
0.71614
0.72277
0.72444
0.6792
0.67143
0.65013
0.6792
0.70958
0.67143
0.67608
0.74473
0.72778
0.6792
0.64714
0.70307
0.77446
0.70469
0.72778
0.74989
0.76736
0.7709
0.71121
0.69183
0.75336
0.66527
0.72778
0.78886
0.70146
0.73451
0.73282
0.75509
0.72778
0.72946
0.77625
0.70469
0.72277
0.70958
0.90365
1.8113
1.5101
0.86696
1.1324
1.1272
0.80353
0.94406
0.88716
0.76208
0.67608
0.66681
0.72778
0.71285
0.74473
0.68391
0.72778
0.69502
0.69663
0.67764
0.74645
0.66069
0.70307
0.69502
0.72277
0.65917
0.72444
0.72946
0.67764
0.68234
0.68707
0.74817
0.70958
0.71121
0.71614
0.72946
0.68234
0.68549
0.70307
0.67298
0.72444
0.70307
0.75162
0.67143
0.68077
0.71779
0.68549
0.68865
0.71614
0.79799
0.73282
0.74473
0.7145
0.68077
0.69343
0.7145
0.6792
0.90782
1.0814
0.87297
0.84333
1.0544
0.79433
0.9594
1.1749
1.1776
0.75509
1.1194
0.82224
0.72946
0.70469
0.72277
0.81658
0.67764
0.68865
1.1535
1.3932
5.4325
1.9055
1.3868
0.76033
0.67764
0.73282
0.72946
0.70632
0.72444
0.70958
0.83176
0.69984
0.86696
1.5922
0.68391
0.65766
0.70795
0.69183
0.70795
0.76384
0.71945
0.74302
0.73961
0.71945
0.67453
0.7379
0.67298
0.68234
0.72277
0.68549
0.74645
0.7709
0.73282
0.68549
0.7925
0.7656
0.85114
0.70469
0.7709
0.86298
0.84333
0.69343
1.219
1.2706
1.8408
0.77983
0.68234
0.79983
0.68865
0.73282
0.67608
0.77268
0.74302
0.69823
0.70146
0.72444
0.74645
0.67298
0.7379
0.65313
0.72111
0.74302
1.2735
0.89125
0.94189
0.94406
1.3459
2.3988
5.5335
1.803
1.4256
1.5524
3.4834
1.977
1.4125
1.0257
1.7378
1.0641
1.183
1.2331
1.2882
1.3709
1.1324
1.932
1.0447
1.0375
1.1429
1.0116
1.0162
1.1246
0.91833
0.8995
1.349
1.5885
0.95499
1.3274
1.4388
0.72946
1.39
1.6444
3.2137
1.2388
2.0184
0.72946
0.8147
0.85507
0.66222
0.69183
0.66834
1.0257
2.0464
1.3552
1.5631
1.4757
2.2491
1.2162
1.2912
0.74473
0.78705
3.1842
7.9983
19.543
1.7458
1.7947
0.78886
0.69823
1.9275
11.885
3.6392
12.331
5.4576
0.7145
0.77625
0.71614
0.78705
0.8531
2.8907
6.7764
2.9309
3.0832
0.70146
1.7742
0.81846
0.95499
0.67764
1.3677
0.69024
1.3213
9.4842
18.88
17.458
16.904
6.2806
2.9376
1.3002
1.9498
0.79616
2.799
1.3868
1.0093
1.9588
0.73621
0.69343
0.78524
0.8414
1.9454
3.0974
2.3335
1.2531
1.4962
3.9446
2.0701
0.66527
0.68549
0.64417
0.70795
0.72111
0.7656
0.66069
0.70795
0.69024
0.72946
0.80724
0.77804
0.75162
0.81846
0.77446
1.094
0.71779
0.69024
2.1086
0.64565
0.7379
0.72111
0.73282
0.70146
0.68707
0.66988
0.69343
0.68549
0.71614
0.84528
0.86696
0.7379
0.66988
0.91411
0.65615
0.71121
0.68549
0.69984
0.66069
0.7145
0.68234
0.71285
0.72111
0.69024
0.71945
0.67453
0.69024
0.63387
0.66834
0.64714
0.66988
0.67764
0.72111
0.68234
0.70146
0.67453
0.68865
0.70958
0.69183
0.67453
0.72277
0.66527
0.65013
0.64565
0.66988
0.64863
0.64714
0.70958
0.68707
0.65917
0.66834
0.63973
0.66069
0.68865
0.66988
0.66681
0.68865
0.67143
0.71121
0.68865
0.68391
0.65313
0.68707
0.64121
0.69343
0.64863
0.66222
1.1117
2.2699
1.4825
1.9187
0.82604
1.5346
0.85507
1.3183
0.73282
1.0447
1.2106
1.1194
1.028
1.3032
1.074
0.89536
2.0559
0.87902
1.8535
1.762
1.0375
0.66222
1.1117
2.138
0.72277
1.256
2.0137
1.6368
0.67764
0.69024
0.71614
1.9861
1.3804
1.2078
1.5812
1.6711
1.6558
0.8091
1.1169
1.3274
0.90157
0.80538
1.9231
0.7379
0.69502
0.65615
0.77446
0.75336
0.76384
0.71614
0.67764
0.89125
0.78163
0.70632
0.76033
0.80724
1.0328
1.2647
1.9498
4.8529
0.91622
0.67608
0.67453
0.64714
0.6792
0.72444
1.194
0.65464
0.79433
0.7709
0.67453
0.67453
0.94406
0.66527
0.63826
0.69984
0.8892
1.9543
1.0046
1.3397
1.0233
0.66681
0.69183
0.7379
0.65313
0.69024
2.3014
0.83753
0.77983
0.85507
1.1015
0.84918
1.1885
1.1749
0.67453
0.66374
0.71779
0.76033
0.67764
0.74131
0.80538
0.70958
0.69183
0.89331
0.6792
0.71121
0.74989
0.66374
0.69663
0.65313
0.84528
1.099
0.69343
0.70958
0.7145
0.65615
0.78886
0.73451
0.68549
0.72111
0.77804
0.74473
0.64714
0.68549
0.63387
0.65766
0.67608
0.69823
0.71945
0.69343
0.70307
0.68234
0.71779
0.69343
0.65163
0.74131
0.67453
0.71945
0.68234
0.65766
0.69663
0.72444
0.68865
0.75509
0.75683
1.4093
0.88105
0.86099
1.0593
0.91622
1.0399
0.91411
0.98628
1.5776
1.8836
2.2284
0.71285
0.66834
0.66527
0.66374
0.64863
0.74817
0.72444
0.8995
0.75509
0.70307
0.73961
0.65013
0.74645
0.67143
0.7145
0.71121
1.3335
1.4256
0.78343
1.0162
0.8414
1.4355
0.77625
1.0814
1.2218
0.72611
0.67143
0.75683
0.70307
0.69024
0.69024
0.7379
0.71779
0.90157
0.75336
3.1696
2.1478
1.1641
1.2417
1.8664
0.76033
0.68707
0.70146
0.67453
0.69984
0.70469
0.70146
0.69183
0.68865
0.71779
0.75683
0.74817
0.65615
0.78524
0.69823
0.68865
0.73282
0.72946
0.74645
0.74989
0.90365
0.75162
0.69343
0.71945
1.1695
0.66069
0.70469
0.76033
0.72778
0.69024
0.73282
0.75509
0.65013
0.67298
0.65917
0.68549
0.69343
0.65464
0.70307
0.72444
0.66834
0.67453
0.66222
0.66527
0.69502
0.65917
0.66374
0.69183
1.1967
0.67453
0.84333
0.70469
0.63973
0.6792
0.66527
0.69343
0.69502
0.64417
0.68234
0.65163
0.66988
0.66527
0.63973
0.65464
0.64417
0.6792
0.68234
0.71779
0.66374
0.66527
0.69343
0.65766
0.71121
0.63096
0.74645
0.71779
0.71121
0.66222
0.71779
0.74645
0.76384
0.68234
0.64863
0.65313
0.70146
0.65917
0.7145
0.69343
0.70469
1.7378
0.86696
1.39
0.97275
0.76208
1.9364
0.66681
0.69984
0.72946
0.71121
0.68391
0.69502
0.71614
0.73282
0.66681
1.0046
0.70146
0.72111
0.75858
0.68234
0.83946
1.3183
1.4158
0.81096
0.87498
0.8531
0.90157
1.5776
2.355
3.4834
1.6144
0.67608
0.67608
0.67453
0.69984
0.70307
0.74131
0.73114
0.73961
0.67764
0.7925
0.70469
0.68077
0.72778
1.2331
0.6792
0.70795
0.68077
0.77268
1
0.72111
0.66988
0.69024
1.3772
1.4355
0.74131
0.75162
0.69984
0.74817
0.66834
0.72946
0.75683
0.69024
0.73621
0.69663
0.69823
0.75683
0.73114
0.71614
0.69502
0.71614
0.91411
0.82604
0.69502
0.66374
0.69502
0.69183
0.68077
0.70632
0.68707
0.65766
0.71614
0.70146
0.71945
0.90365
0.74131
0.73282
0.67143
0.70795
0.73621
0.70958
0.66988
0.67298
0.66681
0.68865
0.68234
0.79433
0.71285
0.70795
0.77446
0.66527
0.68077
0.68391
0.73114
0.68077
1.0666
1.1749
2.5823
0.73114
0.77804
0.72611
1.8281
0.90991
0.91622
1.1749
2.2909
1.9011
1.3583
1.9187
1.652
0.97724
0.84333
1.099
1.1169
1.0233
1.8323
1.4555
0.73961
0.72778
0.76208
0.70795
0.71945
0.71779
0.87902
0.8091
0.73114
0.81846
0.83946
0.77446
1.7219
1.8113
0.82035
0.73114
0.70795
0.94406
1.349
1.9364
0.97051
0.90991
1.1092
0.95499
0.97499
1.1066
1.4757
1.074
1.1695
1.4488
1.0765
1.256
1.7378
1.5241
2.3281
0.82224
0.74817
0.70307
0.93111
1.9498
1.5885
1.9498
2.9512
0.76384
0.77625
1.8239
3.0903
16.788
19.999
11.94
1.9907
2.138
2.1577
0.69663
1.1995
1.932
6.0954
11.776
0.67608
0.70469
0.74645
0.72611
0.70146
0.68707
0.65615
0.70958
0.64714
0.77625
0.72277
0.73451
0.92897
0.7379
0.75683
0.66988
0.78524
5.0234
7.4302
18.281
20.845
22.131
17.947
15.241
0.65766
0.65766
0.93756
0.69183
5.559
15.241
1.7539
4.9317
0.95499
0.69024
0.67453
0.73282
0.7379
0.73621
0.74989
3.3037
0.75162
0.79433
0.80168
0.72277
0.78524
0.77446
0.65313
0.64269
0.70146
1.2303
1.4158
1.3305
0.87096
0.96605
1.2794
0.97724
1.1324
1.1041
1.2023
1.135
1.4028
0.83753
1.5136
0.69024
12.912
2.3121
0.68549
0.68707
0.66374
0.70469
5.3827
1.2274
1.2134
6.3973
1.2794
0.64121
0.82604
0.72778
0.68391
0.70632
0.7379
0.93325
1.1015
1.3583
0.69823
0.69823
0.85704
1.2246
2.3823
0.8995
1.0375
8.3753
6.7764
1.6904
0.68391
0.69183
0.66527
0.70632
0.69823
0.70958
0.65464
0.66988
0.77446
0.73282
0.69823
0.66222
0.69183
0.70469
0.69183
0.75683
0.69663
0.69984
0.70795
0.68391
0.67298
0.69663
0.68549
1.3868
0.81658
0.70958
0.72611
0.70146
0.69823
0.65766
0.66681
0.67453
0.66681
0.67608
0.70307
0.69823
0.71945
0.77625
0.74131
0.75858
0.76384
0.75509
0.65917
0.68234
0.73451
0.70632
0.67764
0.8356
1
0.66374
0.97949
0.93756
1.2303
0.8414
1.7783
1.4388
1.4223
1.8197
1.2942
1.183
0.72111
0.68865
2.9376
9.6161
15.382
2.0749
1.875
2.2336
2.2491
0.73451
0.73114
6.0954
0.64417
0.69984
5.6364
11.695
1.3772
1.099
1.122
1.0495
1.6482
1.0568
1.194
1.7418
7.5683
9.9083
4.4978
10.965
2.0606
0.71121
0.69823
0.69343
8.892
1.766
0.70469
3.8994
0.78524
0.78343
0.89536
2.9309
1.122
14.622
11.272
0.6792
0.84333
0.69823
0.66222
0.88105
0.70958
11.561
6.1518
0.71779
8.8716
13.305
15.488
6.9663
0.69823
1.762
0.75509
4.2462
11.94
3.3343
1.5101
0.73282
0.72778
0.76913
1.9275
9.4624
17.539
12.706
15.031
0.7379
0.67298
0.7379
0.73621
0.72111
8.6497
15.996
1.8967
1.8836
11.614
3.5892
0.70632
0.71285
0.69343
0.72111
0.83176
0.8531
0.72946
0.75162
0.76384
0.71285
0.75858
0.81096
1.1066
0.7709
1.4454
1.3183
1.1376
0.82035
0.79068
0.80724
0.69183
0.77268
0.69663
0.70795
0.78163
8.2985
4.1305
6.4269
0.76384
1.3772
1.0789
1.2331
1.0839
1.2972
2.6242
0.7709
1.052
0.69024
0.72946
0.74473
0.70795
0.66069
0.71285
0.67143
0.69823
0.64714
0.67143
2.6792
0.85704
2.6242
0.66681
0.68391
0.70795
0.70307
0.69823
0.66527
0.65917
0.68865
0.75336
0.71945
0.64417
0.69984
0.64714
0.65766
0.64269
0.66988
0.66988
0.72778
0.71285
0.72277
0.66681
0.65464
0.64417
0.69663
0.72444
0.68077
0.75336
0.69502
0.77804
0.66527
2.6424
4.8753
14.488
6.0256
0.68234
0.72111
0.68391
0.72444
0.65615
3.7497
1.0789
11.041
15.136
9.1411
0.74302
0.72611
0.69984
0.75336
0.67298
0.74645
0.70307
0.65917
0.66681
0.66527
0.72611
0.70307
0.68077
0.72778
0.69024
0.70632
0.70632
0.69024
0.65013
0.65917
0.66222
0.67608
0.6368
0.67298
0.67764
0.65313
0.74989
1.8923
4.2855
2.4434
8.9536
0.78886
0.81846
0.83753
0.95499
3.2509
1.3836
1.1641
0.70795
2.7164
9.6161
0.69343
0.72778
0.7145
1.5453
0.70632
0.66222
0.68707
0.74817
0.72611
0.68549
17.783
18.239
14.421
18.967
0.66988
11.83
19.724
0.74645
0.6792
11.455
13.709
0.76208
0.78343
0.70958
0.68707
1.5668
6.7764
3.069
0.80724
0.75509
10.28
12.078
6.0814
0.70307
11.35
0.97275
0.75683
0.67143
8.4723
9.2897
20.989
20.464
18.707
15.417
4.0179
0.66834
0.69823
3.4514
2.0559
2.9717
2.037
1.0889
6.792
0.92897
1.0328
1.3366
1.1912
1.4825
1.5346
6.166
1.4256
0.9977
0.95499
1.762
1.9409
6.7608
1.1695
1.0375
1.0864
1.3772
1.122
1.052
1.4723
1.9231
1.2162
4.4361
15.101
7.7268
0.63826
0.78163
2.6977
14.622
16.106
14.689
4.8753
0.64863
0.70632
0.68707
0.7379
0.67298
0.74989
9.8628
11.482
18.75
14.962
11.535
6.3096
1.3002
0.85704
2.4946
5.4828
1.3836
8.1658
0.68707
5.8614
8.091
0.71945
0.76384
0.75683
0.74817
0.73282
1.5241
19.498
12.647
2.1777
1.9861
0.94624
6.9502
2.3496
0.68077
0.70469
0.74473
0.78705
0.75858
0.70469
0.90573
0.69024
0.87498
0.72611
0.71945
0.67143
1.1272
0.75162
1.556
0.9977
4.3752
0.65464
0.66222
0.72946
0.69663
3.9719
2.1184
0.8531
7.925
0.73114
1.2134
0.71945
0.67143
11.015
14.689
20.277
26.182
16.106
0.67764
0.67608
9.3111
0.69823
0.70958
0.74817
1.2531
13.709
0.75858
0.68865
0.76736
13.366
1.349
1.374
2.1979
9.6383
16.181
7.9068
13.335
0.72778
6.8549
0.74645
0.74645
8.5507
17.022
20.893
2.6669
0.68234
16.711
0.67608
0.68865
3.3884
0.71779
0.6792
0.68549
5.1286
20.37
0.91201
0.68865
0.69024
0.75162
0.70632
0.72611
2.541
1.556
0.92045
6.9343
0.67143
2.7479
0.69663
0.6792
0.70632
0.64565
15.488
6.6374
0.65766
0.68549
0.75336
5.9156
0.66834
0.64565
1.1482
0.77625
1.3183
4.2462
19.011
18.621
17.022
18.664
12.942
10.233
0.68077
0.79616
0.70469
0.69984
0.72111
0.73961
11.885
2.0701
0.7145
7.9616
16.444
21.928
14.093
0.68549
0.67453
0.69183
1.6368
16.406
0.65766
0.65013
0.81658
0.66374
0.70307
0.76736
0.81283
11.298
0.74302
0.71285
0.8091
14.928
18.113
19.861
23.121
5.4325
5.5081
0.73114
0.81846
0.85114
0.75509
1.8155
15.704
4.121
0.69984
0.72778
0.76208
5.9566
0.68865
0.71121
0.70958
4.7973
0.72111
10.914
2.9444
0.70632
0.76033
0.65917
1.5171
0.67608
0.67608
0.69024
0.74989
0.66681
0.64565
0.69823
0.77625
0.64121
0.68865
17.061
17.298
25.351
19.861
16.672
1.71
3.581
1.1169
0.81283
0.9528
1.0093
1.2417
3.6644
0.93325
0.70632
0.90157
1.7498
1.0162
13.366
0.73451
15.596
14.158
1.5382
1.2853
0.71121
1.2445
0.75336
0.92257
0.91201
4.5499
13.092
4.8753
1.9634
1.349
1.1298
1.5171
1.5922
1.4757
4.0458
3.1261
15.776
13.49
22.646
1.3459
1.0495
16.52
18.45
15.996
0.66527
14.962
22.856
14.689
1.8239
0.80353
1.7783
0.79983
0.7709
0.73621
0.94842
1.2794
4.4055
0.74645
0.70958
14.488
2.4604
18.408
0.71945
0.69663
0.71285
21.677
17.258
20.606
20.749
21.878
13.428
4.3152
17.179
18.707
23.388
18.408
3.2359
8.0724
0.70958
16.558
11.22
16.634
0.72444
0.66834
0.69024
20.277
0.90365
1.2078
0.85507
4.8753
14.028
14.322
2.5235
10.789
6.8391
13.74
20.512
16.52
1.2706
7.3451
0.68234
18.03
1.4421
0.72611
12.331
17.539
0.75858
0.67143
0.69183
19.32
14.962
9.6828
1.6444
9.0365
17.338
16.331
3.1477
0.80353
0.70307
7.5858
4.8865
5.902
1.3152
2.2029
1.4028
0.96828
1.7579
1.1695
0.94189
1.1803
1.5031
4.14
1.9275
4.4055
1.4859
1.2503
1.1402
1.2972
1.0839
1.2106
1.4555
2.4774
6.1376
1.977
1.4689
1.406
1.1041
1.6255
1.4622
1.714
15.382
21.135
17.378
3.5237
1.5996
1.2388
2.9376
6.4417
13.459
18.836
17.824
17.947
21.677
22.233
6.3096
1.4894
2.1627
6.9183
7.2277
18.664
22.336
1.2706
1.6368
17.14
32.509
22.284
24.434
24.604
13.996
0.65013
0.75683
17.865
21.979
23.121
0.95719
1.7906
0.74131
1.2618
8.0353
1.1455
2.9107
1.0209
0.89536
2.4946
2.0893
0.90782
1.888
1.7179
3.9902
2.8973
11.995
8.8512
17.947
17.179
2.0417
10.304
1.2764
1.4322
1.6144
2.3823
10.186
14.825
0.66988
9.4189
20.184
24.831
17.14
17.179
17.66
20.797
20.893
14.622
1.8365
0.72444
8.0724
0.68707
18.323
19.588
20.184
23.174
14.791
0.76736
0.71945
16.368
16.482
19.32
15.031
15.812
16.255
6.0117
7.2946
0.68549
0.74131
0.69984
22.387
21.878
23.659
18.365
22.646
15.74
4.4771
15.74
11.722
0.66988
1.0544
0.85507
13.092
18.493
20.324
3.1117
0.68865
1.0375
13.305
1.714
1.977
16.106
16.711
0.65766
6.0534
17.14
18.621
13.002
1.2246
19.543
20.137
22.542
17.989
8.7297
10.328
11.194
16.52
0.96828
13.932
18.664
18.535
14.622
18.621
19.724
20.749
6.6527
0.76736
0.76736
1.9953
12.303
17.66
0.72277
0.84918
10.568
6.1518
1.7865
1.0304
2.2646
3.7757
9.7724
15.417
14.388
17.701
23.878
19.143
16.596
18.621
21.979
18.239
2.2594
7.4645
1.2417
0.94189
1.4791
1.3772
2.2182
1.6255
2.6062
2.2387
1.6827
2.4322
1.4256
1.1885
1.1695
1.2359
1.2331
2.0512
3.5318
12.853
0.90782
17.539
20.989
14.997
21.727
14.223
17.378
20.654
17.258
5.4828
1.6218
0.68234
9.247
16.711
17.906
4.9888
0.68549
1.0093
14.028
20.701
0.69024
19.454
19.143
20.045
19.498
20.37
1.3932
15.776
0.8892
0.72277
13.964
0.79983
0.74645
0.7145
0.76033
2.5586
21.677
23.442
21.38
21.429
7.5683
0.69823
0.7145
2.0091
28.973
0.87096
0.98175
0.9506
1.574
13.305
1.1246
0.74473
0.74473
14.322
21.429
15.171
17.742
27.606
12.823
8.8716
1.1482
6.7764
1.6032
2.1979
1.0965
2.3067
8.9331
7.4131
1.074
1.4093
1.5885
1.205
1.1535
1.1588
1.135
1.1324
4.8865
1.803
11.455
9.8628
0.78524
17.298
20.606
15.668
19.498
17.742
22.961
0.66222
19.32
10.814
0.94189
21.038
24.266
15.136
17.418
17.742
27.925
12.274
1.4388
0.69183
0.68391
10.046
11.803
1.8621
2.6546
16.982
20.045
1.3772
11.749
19.231
11.324
16.943
20.184
21.429
12.942
18.408
20.559
19.454
17.865
16.444
4.9204
15.704
19.999
12.106
22.491
0.67608
7.4302
16.558
17.989
0.71614
16.634
17.906
1.9011
1.1722
1.4125
0.93541
1.4997
1.2882
1.1858
3.4198
4.2462
6.6834
6.4714
0.93756
1.3305
0.7656
1.0209
0.74131
9.7724
18.072
13.274
10.864
0.68707
13.932
19.77
0.74473
17.947
13.274
21.33
20.654
20.324
21.038
15.668
12.078
23.714
20.654
9.977
7.2444
21.478
26.915
39.628
19.634
21.827
20.654
18.535
20.559
