1.4125
1.4256
1.0423
1.0186
10.399
5.7677
7.0795
0.80724
2.5235
4.2855
6.5615
5.6885
7.3961
3.1696
1.0471
0.82414
2.0893
3.1046
4.3053
1.1143
1.5453
1.2647
1.135
1.2134
1.0765
0.86497
2.0324
0.97724
1.2359
6.7143
8.531
4.6989
1.3122
0.82794
3.7757
5.445
7.8886
7.7804
3.4754
1.2023
1.4289
4.6026
6.6527
1.0046
1.1588
1.1298
0.79616
0.69663
0.79983
0.73961
0.74302
0.71945
0.71945
0.7145
0.71285
0.71614
0.69024
1.1246
1.0233
0.99312
1.3868
1.0765
1.0209
0.82985
0.89536
0.91411
1.2474
0.71614
0.76913
0.76033
2.2439
0.8356
3.8815
11.695
11.041
7.1614
1.5885
1.6672
1.5776
1.0965
1.1272
1.0839
1.256
1.1169
1.0544
14.588
11.041
9.6828
4.2267
0.85704
2.3174
6.8234
10.023
4.8084
5.4954
1.1614
1
1.6293
0.99312
1.7378
1.0046
0.78343
1.6827
0.79433
0.8531
7.7983
11.995
10.889
5.188
8.2604
1.1668
0.84918
1.0544
0.77804
0.73451
0.7145
0.84918
0.99541
0.90365
0.93541
6.1802
11.246
5.6754
4.7863
1.1117
1.803
0.83176
1.3183
0.77804
0.87498
5.9293
10.641
9.0991
7.4817
5.8076
7.0795
2.6002
7.3451
9.6828
4.7863
7.6736
2.1727
1.6749
1.1272
1.0209
1.2134
0.98175
1.0715
0.83753
1.8072
1.5488
0.9506
1.2303
0.97949
0.73451
3.4041
12.764
7.145
7.0958
0.83368
0.75509
1.0069
0.80353
0.74645
2.0091
1.0209
1.7783
8.6497
9.9312
5.9704
0.8995
0.93111
8.5507
8.6696
7.2444
7.6384
6.7764
1.9409
0.91411
0.74645
1.0351
0.82604
0.8531
0.85507
0.76736
0.7656
0.78886
0.74473
0.71779
1.5453
0.93756
1.9999
0.73961
0.78524
1.9055
0.80353
0.76736
0.77268
0.78343
0.72946
0.85507
1.7378
8.6298
11.695
13.521
8.6099
7.3961
9.5719
9.594
7.1945
5.1642
3.0269
4.3652
11.246
5.5081
6.4121
0.88105
0.89536
0.97275
1.1508
0.96605
0.93325
2.023
7.1945
9.3111
7.0146
8.6696
6.2087
8.4723
11.35
6.4863
7.8343
2.2182
1.2023
1.9634
1.0691
1.3996
1.5849
9.247
9.506
0.72611
4.2954
1.8967
1.1885
0.78705
1.1695
0.80353
2.1038
1.4997
8.3753
9.977
1.5776
2.7353
7.0307
11.668
10.28
8.2035
1.9409
6.1235
12.19
8.9125
5.3827
7.7625
7.9799
1.1117
0.91833
1.766
5.6364
8.892
7.9068
7.2946
0.78524
0.95719
9.7499
12.503
7.0632
7.2111
9.3972
7.925
7.1945
0.97051
0.83176
0.88308
2.2751
1.1429
1.7258
0.95719
8.3176
10.691
8.9331
6.5013
3.4995
10.116
1.8535
1.652
0.79433
0.9977
0.80538
0.80538
0.72277
1.9498
5.3951
9.9312
9.7724
5.6364
8.1283
3.069
8.77
8.5901
9.3111
1.0304
6.166
0.92257
2.4946
1.2853
9.3972
11.455
9.6161
9.6161
7.4131
12.417
5.358
0.8147
1.1429
0.98628
1.052
1.0257
1.1402
2.0606
0.90991
1.1508
1.0116
6.2517
10.423
0.91411
0.7379
0.72778
0.73114
1.39
0.98175
1.1402
1.2794
1.2882
0.72444
0.85114
1.9543
1.8793
2.0654
12.417
12.388
8.1283
5.4954
10.069
0.877
0.76208
1.2912
7.6736
10.889
8.091
8.1283
1.4388
0.74473
0.72778
7.6033
9.6605
11.041
8.6896
9.0782
1.6788
1.0304
2.5293
9.9541
5.7943
8.531
2.3768
0.74817
0.77446
0.77446
0.7925
1.714
10.023
11.041
7.0632
5.6105
12.106
3.1623
0.8356
0.99312
0.76033
3.1842
1.074
0.75509
0.70632
0.70307
0.79983
0.8147
0.78886
0.80168
0.88308
0.78705
0.79799
0.77446
0.73282
2.7227
13.397
6.8549
7.8886
7.0146
8.8308
2.6182
1.8493
1.8281
1.0209
7.9983
7.0958
5.4954
5.5719
10.94
7.7804
8.0724
6.6681
1.2882
0.94189
1.122
1.3243
8.1658
7.9799
2.7861
12.388
4.0832
3.6983
1.8113
0.90782
0.81283
1.0889
0.93111
0.77983
7.6033
12.274
9.3325
7.3282
7.0958
2.1135
0.86298
0.78343
5.0582
8.892
9.6828
0.76033
0.7709
7.0958
9.7724
7.925
6.166
6.4714
0.81846
0.86099
5.6624
8.77
6.223
5.236
11.776
7.6033
7.8705
6.9024
1.9275
1.1117
0.80538
0.76384
1.7824
8.5704
1.845
0.84723
1.4757
0.7925
2.8054
9.594
7.7804
1.0544
1.0447
0.8995
0.90573
0.97949
0.94624
1
0.84918
1.0568
1.4421
1.2331
1.1803
1.0495
1.3868
1.2882
1.556
8.9125
10.139
10.186
8.356
5.0699
8.4723
9.8401
6.5013
1.3032
8.9536
7.3114
0.90991
1.1995
0.7379
0.81658
8.3176
9.594
5.8614
9.6605
6.8077
6.2661
0.75858
0.7709
6.1802
10.814
9.0991
7.3961
1.1143
0.7145
1.2218
1.4521
0.97051
1.3709
1.1695
7.9433
9.6605
8.6099
8.7096
7.3621
6.0534
8.8512
8.1096
4.0272
5.4576
0.96383
11.508
9.4842
6.7608
6.6069
7.5162
5.7544
3.8637
0.96161
1.0069
0.86298
0.76033
0.86099
1.6711
0.74817
0.79433
8.2794
11.324
9.0365
6.6834
1.1776
1.5668
1.4488
1.4757
9.7275
8.2414
8.3368
4.1783
8.2224
6.9502
3.9264
3.7931
6.8707
9.0157
6.9823
1.5382
1.5031
1.3459
0.82224
0.77983
1.0069
0.89536
1.1668
1.7061
1.5849
0.90365
4.121
11.482
11.015
6.1944
11.967
3.7757
0.75858
0.7709
0.81658
8.8716
8.5507
6.792
0.77446
0.76913
1.1117
0.76384
7.5858
8.8512
9.0573
7.3114
6.2951
0.85704
0.7925
0.75509
0.7925
0.71779
1.1561
1.0399
0.73961
0.78163
0.82604
8.4528
5.224
3.0974
0.99312
0.8091
1.0186
2.1086
1.3397
3.7931
2.2856
8.3753
9.7051
7.9616
9.4624
8.0168
5.0816
7.7625
5.6494
3.3729
0.75162
1.8072
6.6069
8.7297
2.6242
5.0582
7.3621
1.2218
0.8531
0.73451
0.76033
1.1641
0.81658
0.92257
0.80168
4.5604
9.9541
10.593
7.2946
7.0632
1.3335
0.72946
3.0903
7.0795
9.4842
2.023
0.84918
1.2823
8.0353
1.3243
1.4125
0.77983
0.74131
0.73621
4.529
9.7275
8.0724
11.858
7.145
7.7625
1.2735
1.5205
6.2517
9.8401
9.2045
2.037
4.7098
0.78886
0.88512
0.8356
0.91622
8.147
9.2897
7.0469
9.8401
7.1945
4.0551
7.709
7.3451
8.1658
8.6497
4.4157
5.2845
2.0941
0.81096
0.70146
1.1858
0.8091
7.7268
6.5917
7.4473
0.94842
0.77446
7.1779
8.1283
9.0782
6.6988
0.78705
0.75162
0.99312
0.77625
0.75858
0.71779
0.82604
0.79983
0.86497
10.495
8.6099
9.0991
8.2224
6.6834
5.3951
4.7863
9.3325
0.877
0.71779
0.73961
0.73282
0.7709
0.72946
0.76033
0.79799
0.69183
0.83368
0.74473
0.79616
0.71779
1.7418
2.421
0.79983
3.4514
0.90991
0.68707
0.75162
0.74645
0.74302
0.72611
0.78524
3.069
8.356
10.023
10.74
9.0782
6.2661
1.4488
0.84918
0.91201
1.256
2.2131
1.135
1.0789
1.0304
1.099
1.0617
1.6331
1.0641
1.1298
1.8707
0.72611
1.2078
0.83946
0.69984
1.7539
1.9231
0.76033
0.82985
0.73451
0.89536
2.7102
0.88308
1.205
8.5901
12.706
7.3282
10.209
10.765
2.7164
0.83753
0.77625
0.88308
0.7379
0.7379
1.9953
8.6298
6.9502
11.194
6.5464
0.86099
1.0765
1.4962
1.3614
4.0832
4.8084
10.093
10.046
8.5114
9.6828
8.6497
1.1015
3.9719
9.6383
10.765
7.8705
3.8637
3.8637
1.0116
0.76736
0.93972
4.102
1.4488
9.7724
8.4918
10.233
9.1622
3.1696
3.155
8.77
0.66527
0.64417
0.69024
0.76384
0.72778
1.1967
1.0471
0.80168
0.96828
1.1803
0.84723
0.83368
0.90782
1.0839
1.0914
1.0351
1.5276
0.66681
1.6558
0.88716
0.83946
1.1588
0.79068
1.1885
2.0512
1.1561
0.93111
1.0641
1.205
1.6218
0.69663
0.68391
0.68234
0.86099
0.76033
0.6792
1.3274
1.2162
1.1995
1.0495
1.1015
1.2218
1.1641
1.1402
1.3428
4.3251
10.304
8.995
11.695
2.1979
0.95499
0.75683
0.91833
0.81658
0.85901
0.85114
6.8549
7.9616
0.93756
2.1577
0.75509
0.69984
0.65766
0.98855
0.73114
0.65464
0.73961
0.67453
2.1827
0.91622
0.75336
0.77983
0.79616
0.71779
3.1117
0.69502
0.7379
0.69823
0.72277
1.0257
1.6943
0.8414
0.7709
0.81096
0.877
0.73961
1.1912
1.3836
0.68077
0.73282
0.66834
0.69823
0.70307
0.69984
0.67608
0.70632
0.74302
0.72277
1.0593
0.68707
0.67764
0.69823
0.73621
0.69183
0.73114
1.0186
0.84918
0.78343
0.78343
0.75509
0.94189
1.0839
1.2218
1.135
0.9977
0.97275
1.4894
1.1169
1.6672
0.88512
0.8892
1.1561
1.1858
1.1429
1.219
1.4859
2.0989
0.68549
0.75683
0.90365
1.556
1.2823
0.68865
0.75162
0.82985
0.66681
0.66681
0.67453
0.72444
0.67608
0.71121
0.69024
0.70469
0.68391
0.66834
0.68077
0.79799
0.65013
0.73114
0.69343
0.70146
0.70146
0.69984
0.69984
0.67453
0.66988
0.7925
0.72277
0.72277
0.67298
0.66374
0.76208
0.99541
0.73451
0.73282
0.85704
0.75509
0.80538
0.82604
0.74131
1.0162
0.75509
0.77983
0.62951
0.83368
0.7145
0.68707
0.7925
0.8147
0.7145
0.67453
0.71945
0.71945
0.68234
0.80724
0.66069
0.72277
0.68549
0.7379
0.72611
0.71614
0.72277
0.71614
0.66834
0.72111
0.65163
0.87902
0.70795
0.65464
0.66374
0.73114
1.0914
0.74645
1.028
0.89331
1.3428
2.2439
3.1261
1.0116
0.93972
1.3552
1.0186
2.2439
2.6062
0.7145
0.69663
1.2531
1.0162
0.7379
0.72444
0.76384
0.75858
1.5668
0.64714
0.66527
0.68707
0.65013
0.67608
0.68391
0.67298
0.72778
0.79983
0.69024
0.69343
0.69823
0.71614
0.69984
0.75683
0.73961
0.70795
0.71945
0.73621
0.69024
0.72778
0.73114
0.67764
0.68391
0.71285
0.69183
0.67764
0.67143
0.70469
0.71614
0.65917
0.68707
0.66222
0.75336
0.68865
0.68234
0.72444
0.77625
0.69502
0.72277
0.70632
0.71614
0.75858
0.66527
0.69343
0.68707
0.70307
0.69984
0.67453
0.65163
0.6792
0.69984
0.71121
0.69502
0.68077
0.71121
0.7145
0.95499
0.65766
0.69183
0.73114
0.68391
0.75683
0.69823
0.69663
0.70632
0.69024
0.65766
0.66527
0.66988
0.7145
0.68234
0.66681
0.67453
0.69823
0.74302
0.75509
1.1668
0.79433
0.75336
1.0666
1.4791
1.122
1.1482
1.0233
0.98175
1.4723
1.1614
1.6711
0.97499
1.0789
2.6853
0.73282
1.4622
0.76913
0.88105
0.72778
0.74817
0.72277
0.72444
0.7656
0.69663
0.76384
0.7145
0.73282
0.68077
0.87902
0.70795
0.71614
0.71779
0.74989
0.7379
0.68549
0.71285
0.65917
0.75858
0.70469
0.69663
0.69823
0.72277
0.74302
0.74817
0.75336
0.70307
0.66988
0.78343
0.70958
0.76208
0.81658
0.70632
0.73451
0.68077
0.74645
0.7145
0.72778
0.67608
0.68077
0.69823
0.69984
0.72611
0.70469
0.69343
0.74131
0.77804
0.69502
0.67298
0.71945
0.67764
0.66681
0.69663
0.71121
0.66527
0.7145
0.71945
0.70469
0.73114
0.70958
0.66834
0.68077
0.69663
0.68077
0.69024
0.69343
0.67143
0.70795
0.69984
0.74989
0.72111
0.69663
0.78163
0.70469
0.8531
0.79616
0.81658
1.6032
0.83368
0.80538
0.68865
0.74473
0.80353
0.75162
0.7656
0.68391
0.77983
0.71285
0.82224
0.72444
0.9247
0.69502
0.65163
0.67143
0.70146
0.76736
0.68865
0.71285
1.1776
1.1298
0.98175
0.94189
2.5704
2.6303
1.183
0.84528
1.9187
2.2439
2.208
1.2503
1.2618
1.1298
4.5814
1.1482
0.89743
1.1967
0.98628
0.88105
0.94842
1.0495
1.2882
1.7989
0.70632
0.67608
0.68707
0.72946
1.0447
0.66834
0.79799
0.73451
0.70307
0.77625
0.68865
0.84723
0.70795
0.65313
0.70958
0.6792
0.65013
0.69984
0.69024
0.71614
0.68549
0.69183
0.73451
0.69502
0.73451
0.71121
0.77446
0.71121
0.78705
0.66222
0.66374
0.68549
0.79983
0.69183
0.73451
0.6792
0.68549
0.68391
0.67453
0.69183
0.73282
0.65464
0.70958
0.65766
0.69343
0.66988
0.93756
0.70307
0.8414
0.74989
2.2699
2.208
0.82414
0.78343
0.79616
0.7379
0.89331
0.80724
0.76033
0.88105
0.75162
0.78343
0.68707
0.86696
0.68549
0.73961
1.0046
0.77446
0.68391
0.73961
0.71121
0.76033
0.68707
0.68391
0.92257
1.6788
0.90157
0.8356
1.1588
1.256
1.2218
1.4859
1.2162
0.99312
1.0471
1.2882
1.1455
1.1482
1.2162
2.6424
0.68077
0.66527
0.65917
0.67143
0.70469
0.66988
2.466
2.3768
3.5645
0.73621
0.73451
0.80538
0.76736
1.028
0.69984
0.71779
0.73961
0.70469
0.70958
0.72946
0.67453
0.7656
0.69823
0.70632
0.67608
0.68077
0.92257
0.75336
0.84723
1.1015
1.0765
1.1402
1.8578
0.74817
0.77268
0.72611
0.74473
0.67608
0.69502
0.71121
0.74645
0.66374
0.68707
0.74131
0.65917
0.67764
0.77983
0.66681
0.69502
0.68865
0.72946
0.69984
0.69663
0.66374
0.70469
0.74645
0.67453
0.73114
0.72778
0.79799
1.4125
0.70632
0.67764
0.69663
0.76736
0.6792
0.73282
0.71285
0.75162
0.70146
0.70307
0.68234
0.67764
0.70795
0.65766
0.85114
1.1066
0.83368
1.219
0.9506
0.75683
1.2274
1.4723
1.0789
1.1117
1.0046
0.99083
2.884
1.1508
0.68549
0.88308
0.69663
0.76208
0.75858
0.75162
0.74473
0.74645
0.7145
1.3305
0.73282
0.69984
0.77804
0.69343
0.82035
0.67143
0.67143
0.72444
0.7379
0.73961
0.71614
0.80353
0.80353
0.7709
0.66527
0.70632
0.89743
0.89743
0.68234
0.73282
0.71779
1.7061
0.8356
1.0257
0.82414
0.83753
1.762
0.73451
0.69502
0.69984
0.69024
0.74131
0.7379
0.75683
0.66834
0.68391
0.69024
0.87297
1.6672
0.66681
0.70146
0.66527
0.68549
0.66834
0.66374
0.71945
0.73621
0.67608
0.72611
0.69183
0.69663
0.72946
0.69823
0.72444
0.68707
0.70307
1.2618
0.74131
0.71779
0.68707
0.71945
0.68549
0.69984
0.73621
0.67143
0.71285
0.73282
0.70632
0.99083
0.74302
0.71285
0.76913
0.69024
0.72611
0.66681
1.349
0.70307
1.4256
0.68865
0.71121
0.71945
0.71779
0.75336
1.4488
1.0139
0.79616
1.0814
0.90365
1.1041
1.0257
0.82414
1.0544
1.4521
1.2331
2.2131
1.406
0.86497
0.7379
1.0593
0.71945
1.3677
0.93541
2.4378
0.87096
0.98175
0.89125
0.72444
0.72778
2.3768
0.69823
0.72778
0.75683
0.69502
0.70146
0.67608
0.67143
0.73961
1.0495
0.71121
1.0139
0.72946
2.0845
0.89331
0.84723
0.67453
0.97949
0.79433
0.84333
0.77268
0.81283
0.74302
0.72778
0.84918
1.7539
0.71614
0.68865
0.70307
1.6482
0.74817
1.2735
0.66222
0.65917
1.9861
0.93756
1.3002
5.5847
8.9536
14.997
12.589
10.94
12.134
3.5645
6.223
12.162
10.789
10.139
0.9528
1.6827
0.74473
3.5075
0.70307
0.73961
12.417
12.677
11.803
10.765
15.668
10.666
9.0157
9.2683
12.942
1.135
7.5509
12.274
12.218
8.6696
8.8308
1.1535
1.1455
0.72946
0.74473
0.72444
11.169
10.186
10.069
9.0365
5.5081
12.618
11.376
6.3973
9.2897
8.0724
8.1846
2.3174
0.77625
7.6384
13.274
9.4189
1.3274
0.84723
0.7925
0.80724
0.9977
5.3951
10.304
9.247
9.0991
6.7608
1.1995
0.84918
0.72946
0.82035
0.75336
0.77625
0.75162
0.74473
10.351
11.508
7.145
1.0789
2.1627
12.331
10
6.8077
1.766
6.5313
0.83176
0.74989
0.72778
0.71121
1.2531
0.77804
0.73114
0.66374
5.0234
10.328
9.6605
7.8343
8.5901
8.2794
8.8105
7.8886
8.1283
5.9704
9.2897
4.9431
0.82035
0.77446
8.0353
8.1096
6.7143
7.3282
9.2257
1.4588
0.72946
0.75683
0.84333
0.72277
0.72611
0.77804
0.69663
3.7154
0.71779
0.77446
0.74302
0.74817
0.72444
0.75336
0.68234
0.72611
0.73451
0.76384
0.76736
0.71614
0.80353
0.79983
0.70307
0.92683
0.80168
0.73621
0.75336
0.68077
0.76384
0.77268
0.70469
1.1066
1.5311
11.668
12.823
12.882
10.52
9.0782
9.977
9.7275
0.74131
0.75858
9.1622
11.967
10.94
10.74
8.77
7.1614
6.5313
7.8343
9.594
2.9107
0.90573
0.77804
1.0914
0.92045
1.1194
1.888
1.4125
3.6058
11.749
0.70958
0.85901
1.2078
8.0168
8.2604
7.8705
9.8401
8.2794
7.2444
2.1577
7.6736
7.925
10.233
6.0954
11.041
7.0146
6.166
11.429
7.5509
9.7949
4.6345
0.8091
6.2373
0.88512
0.76033
5.188
7.709
6.223
4.9774
7.3114
9.977
2.3659
3.4914
3.7239
9.6828
5.9841
7.0795
8.3753
7.8886
0.98855
3.8459
6.9024
8.4528
7.3961
10.093
7.8524
6.6681
7.4645
5.236
7.1614
7.0307
10.139
6.8077
5.9979
0.77983
1.0116
0.71945
0.9528
3.1842
1.2162
2.4604
1.0839
1.5382
1.9498
1.1535
1.2706
6.6527
1.2162
1.0093
1.2706
1.39
10.447
1.5631
8.7902
7.6913
6.8707
8.7498
7.0146
9.7724
7.2611
9.4189
1.2853
0.79433
0.86298
0.8892
0.78163
0.82794
0.69823
0.76736
0.83753
7.4817
9.4406
10.423
9.1201
7.6913
2.9444
1.5812
10.789
7.7804
7.7625
7.5509
6.1376
6.9663
7.0958
9.3756
5.4954
0.79433
1.0069
6.1376
8.6696
2.1627
0.86696
0.96828
3.5975
8.1096
7.7804
5.3827
5.0933
0.71614
0.99083
0.94189
0.87498
1.8113
7.6736
7.1945
6.8391
3.7757
0.82985
0.79983
5.3333
4.8417
0.97499
1.028
0.91622
0.73451
0.82794
1.0046
0.75683
0.80538
0.82414
0.78343
0.7709
0.86497
0.7379
0.70958
0.71779
0.82414
0.78886
0.73621
0.81846
1.8621
1.1376
7.8705
8.9331
11.508
10.28
8.2035
9.9083
8.0353
7.0469
4.2756
0.77983
0.80724
0.83946
0.77446
0.72111
0.69663
5.6624
12.303
9.7051
9.4842
6.9183
6.0954
8.3368
9.4624
9.9541
13.062
7.5683
0.70632
0.72611
0.91833
0.83368
0.76736
0.77983
1.1376
2.4547
0.87096
0.69823
0.77804
0.72611
0.7145
0.72111
1.9143
9.8401
1.6144
0.92257
1.4689
1.3677
1.0162
0.90991
0.81846
1.1015
0.98401
1.4355
1.094
3.2063
7.379
0.69823
0.67453
0.67298
0.71614
0.66834
0.71614
0.65917
0.68234
0.67453
0.68549
0.72277
0.73114
0.8147
0.72277
0.72277
0.71945
0.69502
0.73114
0.7656
0.7709
0.70146
0.70469
0.76736
0.80353
0.8414
0.78524
0.78163
0.71945
0.77983
1.4555
0.70795
0.69183
0.68077
0.71121
0.66834
0.66069
0.65615
0.77446
0.75336
0.70795
0.74302
0.69502
0.71121
0.66222
0.68549
0.69984
0.72611
0.66681
0.72111
0.70146
0.73961
0.71285
0.69024
0.7925
0.65163
0.66834
0.66527
0.68865
0.67143
0.72444
0.73282
0.77446
1.1298
1.1482
0.76913
1.3122
0.93325
1.0691
1.1455
0.92897
0.98855
1.2359
1.2106
1.0789
1.0023
1.0351
1.1041
1.5311
0.85114
0.88716
0.80168
1.5241
0.84918
0.87297
1.0641
0.72111
0.7925
0.67608
0.66988
0.82414
0.69984
0.69183
0.68391
0.69823
0.69343
0.94624
0.68391
0.69663
0.71121
0.69183
0.73451
0.71779
0.74473
0.6792
0.76384
0.87096
0.78524
0.82035
0.79433
0.83753
0.76736
0.73451
0.81658
0.78343
0.7145
0.85901
0.72277
0.72444
0.73451
0.69183
0.70795
0.73282
0.72778
0.65917
0.6792
0.71779
0.67453
0.76384
0.69823
0.72111
0.71285
0.7145
0.68549
0.73282
0.69663
0.71614
0.69823
0.71945
0.72611
0.68391
0.70469
0.73282
0.69024
0.64863
0.68865
0.64863
0.70469
0.70307
0.69502
0.73114
0.70469
0.74473
0.72277
0.69663
0.76384
0.68234
0.69343
0.78524
0.75509
0.7379
0.71779
0.65464
0.69663
0.76033
0.7145
0.71614
0.73621
0.70958
0.71285
0.76384
0.69663
0.69663
0.73621
0.72611
0.71779
0.69663
0.70795
0.72111
0.75858
0.68234
0.71121
0.70307
0.66834
0.69984
0.73114
0.72111
0.80538
0.69183
0.69823
0.70795
0.69502
0.69823
0.76913
0.7145
0.68549
0.8091
0.68549
0.67453
0.73451
0.72111
0.70958
0.77983
0.76033
0.78705
0.81846
0.78163
0.78524
1.1429
0.89743
1.6672
0.74989
0.71945
0.7709
1.8072
0.67764
0.75336
0.75162
0.69663
0.7145
0.73114
0.69984
0.72444
0.66069
0.69343
0.69024
0.68391
0.72277
0.72946
0.68865
0.69343
0.75509
0.73961
0.69502
0.68707
0.67764
0.73282
0.72277
0.70632
0.73282
0.67453
0.67143
0.70632
0.69183
0.70795
1.0447
1.5488
0.75509
0.77625
0.64269
0.80353
0.79068
0.84528
0.83368
1.1776
1.028
1.0233
1.0447
1.0351
1.0568
0.97051
1.1272
1.2882
1.0304
1.0617
0.84333
1.1885
0.8356
1.7418
0.87498
0.88308
0.97051
0.72277
0.7379
0.68391
0.71285
0.72444
0.68865
0.70958
0.72444
0.71285
0.69984
0.7379
0.73961
0.70307
0.75162
0.66374
0.65766
0.74302
0.72778
0.72111
0.68077
0.71779
0.71121
0.71779
0.68234
0.65313
0.66681
0.70795
0.68865
0.72277
0.70307
0.70146
0.73451
0.72277
0.69984
0.77446
0.67453
0.70146
0.70469
0.70795
0.67764
0.72778
0.70632
0.70958
0.72778
0.64565
0.72611
0.73961
0.72611
0.7145
0.68077
0.83368
0.72277
0.77446
0.83946
0.7709
0.71614
0.82224
0.8356
0.74645
0.71614
0.76384
0.7145
0.8091
0.89536
0.85704
1.0046
1.4825
0.71614
0.67608
0.71779
0.67143
0.69024
0.69502
0.68077
0.69343
0.71614
0.77446
0.70632
0.70632
0.71945
0.67453
0.72946
0.70146
0.72444
0.69663
0.72946
0.71121
0.66374
0.72611
0.69823
0.69984
0.65313
0.65013
0.69024
0.70307
0.73282
0.68865
0.68391
0.71285
0.71285
0.69183
0.67453
0.69183
0.6792
0.69663
0.70469
0.71285
0.69663
0.75336
0.71945
0.65464
0.72277
0.68549
0.76736
0.67764
0.66222
0.71614
0.67453
0.70307
0.72778
0.70469
0.73282
0.69183
0.70469
0.68549
0.69343
0.69984
0.75162
0.69663
0.68077
0.69343
0.69183
0.68234
0.68391
0.70795
0.66681
0.71121
0.67143
0.72444
0.73282
0.69984
0.69502
0.68391
0.70469
0.70146
0.68707
0.66222
0.7145
0.67298
0.71614
0.70146
0.70958
0.67143
0.67453
0.70307
0.68391
0.72277
0.70632
0.69024
0.71779
0.68234
0.7656
0.65917
0.66681
0.75509
0.67143
0.68391
0.70958
0.66222
0.70307
0.68077
0.71285
0.65313
0.69823
0.68549
0.66988
0.67608
0.71121
0.7145
0.68549
0.72946
0.70795
0.71285
0.71285
0.72946
0.71121
0.68707
0.66374
0.66527
0.66527
0.64121
0.68707
0.66988
0.69183
0.69823
0.66374
0.99541
0.69823
0.6792
0.69183
0.74131
0.72111
0.78343
0.69663
0.66681
0.68549
0.67764
0.66988
0.74473
0.69823
0.74989
0.69502
0.68707
0.71121
0.71285
0.71779
0.71121
0.70632
0.68234
0.67764
0.65615
0.66069
0.7145
0.69024
0.71614
0.73114
0.70632
0.68865
0.66988
0.68549
0.72778
0.66988
0.72778
0.70469
0.65917
0.70795
0.71779
0.69183
0.74989
0.67143
0.70146
0.73114
0.68234
0.68707
0.74131
0.65766
0.77983
0.65615
0.68077
0.71779
0.68707
0.71121
0.67608
0.69663
0.71614
0.70469
0.70795
0.68391
0.72611
0.70307
0.79433
1.0375
0.70795
0.7379
1.4388
0.89125
0.74302
0.86298
0.83753
0.84528
0.74473
1.1695
1.0116
1.8239
1.1117
1.0186
1.0544
1.4322
0.83176
0.89536
1.3122
0.75683
0.84528
1.2735
1.4588
1.9999
0.69183
0.69823
0.69024
0.66834
0.68077
0.69024
0.68549
0.69502
0.68707
0.75509
0.69183
0.66834
0.66527
0.67608
0.70469
0.67764
0.65615
0.66222
0.64269
0.68077
0.66222
0.68077
0.65766
0.65615
0.69663
0.68549
0.71121
0.70146
0.66222
0.67298
0.70307
0.68391
0.67764
0.7145
0.67453
0.69502
0.69343
0.69024
0.69343
0.69024
0.65917
0.70632
0.68865
0.68549
0.93541
0.70146
0.76384
0.76913
0.7379
0.79068
0.85704
0.84333
0.72277
1.5205
0.72111
0.71945
0.71285
0.6792
0.70958
0.70958
0.69183
0.67298
1.6943
0.96828
0.86298
0.92257
1.0617
1.074
1.1117
1.0399
1.2942
1.0544
1.2246
2.6002
0.66834
0.67608
0.68865
0.85507
0.70795
0.75858
0.69502
0.71945
0.77983
0.7145
0.74473
0.70632
0.72946
0.72611
0.73961
0.65615
0.72444
0.69183
0.81846
0.75336
0.68865
0.73114
0.77983
0.70632
0.76384
0.70795
0.77268
0.74302
0.69502
0.74473
0.7379
0.69183
0.8414
0.76384
0.67764
0.74302
0.76208
0.70469
0.74473
0.69343
0.77804
0.69502
0.72111
0.67143
0.73282
0.66988
0.68707
0.71614
0.70469
0.77268
0.69823
0.69663
0.72778
0.70795
0.75509
0.66988
0.73114
0.69183
0.79068
0.68077
0.70307
0.73114
0.7925
0.77446
0.77446
0.69024
0.70146
0.70632
0.66681
0.74817
0.73451
0.73282
0.69984
0.82985
0.69183
0.66988
0.68391
0.66069
0.73282
0.64714
0.69024
0.73961
0.7145
0.73282
0.65313
0.71614
0.69663
0.67764
0.70958
0.78705
0.68707
0.71121
0.69984
0.82414
0.69823
0.96605
0.92897
1.3804
1.1429
0.98175
1.3335
2.0559
1.2853
1.3305
1.4355
0.70469
1.2023
0.69663
0.67453
0.72111
0.74302
0.6792
0.70307
0.76736
0.92257
1.0666
1.0209
0.7145
0.66527
0.68391
0.69024
0.74302
0.67608
0.67143
0.7379
0.65615
0.65766
0.66834
0.72444
0.73282
0.66681
0.66527
0.68077
0.70146
0.68077
0.71285
0.65917
0.70632
0.85114
0.69502
0.94406
0.77446
0.71121
0.67298
0.72444
0.67143
0.68865
0.78705
0.93325
0.70632
0.68234
0.68391
0.70958
0.68865
0.69502
0.64714
0.7379
0.78886
0.69984
0.66069
0.77804
1.5959
0.79983
0.81096
0.82224
1.2735
1.762
0.93325
0.93756
0.77983
0.90991
1.5596
1.7701
0.75683
1.1668
0.71779
1.2303
0.72277
0.72444
0.6792
0.70632
0.74131
0.69183
0.72444
0.69823
0.7709
0.69502
0.69502
0.65464
0.73282
0.66681
0.72277
0.81096
0.71285
0.84528
0.88512
0.68077
0.69343
0.68549
0.77625
0.67143
0.69502
0.65464
0.75858
0.70958
0.72778
0.88716
0.69502
0.68865
0.72277
0.70146
0.72277
0.6792
0.87297
0.65917
0.70632
0.69183
0.71779
0.66069
0.70146
0.72778
0.65163
0.69183
0.7709
0.7709
0.70958
0.69343
0.70146
0.68865
0.7145
0.68234
0.73451
0.73621
0.8531
0.70469
0.70146
0.69502
0.71614
0.71121
0.70632
0.86298
0.877
0.69984
0.78524
0.78524
0.74302
0.79799
0.81658
0.78886
0.68865
0.79068
0.72444
0.74302
0.80538
0.66222
0.74989
0.70795
0.71121
0.71285
0.66681
0.72444
0.8147
0.68234
0.67453
0.71779
0.68077
0.70307
0.70146
0.70795
0.69502
0.75336
0.74473
0.73114
0.69343
0.68865
0.68234
0.66988
0.65766
0.66988
0.6792
0.69823
0.83946
0.68391
0.68865
0.7145
0.72611
0.67764
0.81283
0.79433
0.90573
1.2735
0.86696
1.2474
0.68865
0.72277
0.70632
0.72778
0.68234
0.70958
0.69823
0.72111
0.70307
0.87902
0.70146
0.68391
0.69024
1.3274
0.67298
0.63973
0.76913
0.83946
0.71285
0.67298
0.71945
0.71121
0.90782
0.77804
0.87297
1.2823
1.2023
0.73114
0.72444
1.5959
1.8967
6.6374
13.74
10.162
11.143
15.849
10.023
12.677
1.4962
9.7949
10.139
2.6977
4.7863
0.83368
0.77983
0.75162
0.70795
0.77268
1.349
4.7098
0.70146
0.70795
0.72611
0.86497
3.767
0.86696
0.83753
0.96605
0.79616
0.89331
2.4717
1.1455
1.39
0.80724
0.81096
0.70469
0.88716
5.0582
0.67143
0.75509
0.71121
0.72277
0.74302
5.4576
4.7973
14.256
11.885
13.836
13.709
12.388
0.7709
2.7102
7.656
11.272
12.078
11.83
10.162
2.4378
0.80724
2.9992
13.49
19.724
18.072
14.622
13.366
11.324
0.75683
0.74131
0.79433
9.5499
14.158
12.218
8.3753
11.402
8.4918
4.529
1.875
0.90991
2.1577
11.561
11.967
14.256
10.471
14.191
0.91411
0.84723
1.6069
2.7164
11.143
10.814
8.4528
0.73282
0.9594
0.77625
0.85901
0.75336
0.73282
0.93756
6.0256
13.032
11.614
11.194
12.56
11.22
7.5162
2.1232
1.5031
6.6069
11.117
11.041
10.209
11.169
7.4645
1.0814
0.8414
1.0233
1.8197
4.3752
16.788
11.194
11.041
11.117
7.3961
2.466
0.78163
0.74817
0.7145
0.70469
0.78163
9.1622
14.289
12.388
18.793
12.677
10.046
8.091
9.2683
14.028
10.593
7.8524
11.695
12.331
9.7051
9.2897
7.4645
1.1015
0.76384
2.3878
8.892
4.5709
1.39
1.3274
0.90782
1.1641
1.0593
0.8995
1.1535
1.2589
1.0257
1.5524
1.3243
1.8836
1.6331
0.70146
0.6792
0.73282
0.63533
2.5119
1.2531
0.86497
1.2474
1.1194
1.0889
1.3932
2.0654
11.376
19.498
15.346
11.641
9.7949
0.74473
0.72444
0.7656
0.67764
0.77625
0.69343
0.76208
0.76033
1.122
0.77446
0.72277
0.72611
0.83753
0.67143
0.70632
0.74989
0.70795
0.77446
0.77983
1.5885
14.825
14.723
9.4406
0.9506
12.618
12.023
9.4842
12.05
9.1411
8.995
0.7656
0.8356
4.2073
16.368
1.2912
0.76736
2.4604
0.66222
10.046
12.331
12.589
12.503
12.589
10.28
10.864
8.6497
10.423
8.7902
7.0307
10.139
2.8708
8.5704
9.7275
8.0353
8.4333
14.859
10.495
13.552
8.8716
10.328
7.4131
14.791
10.209
1.5488
0.8414
0.72778
1.845
10.471
12.023
9.8855
9.1201
0.8414
0.88716
0.80353
0.74645
4.9317
7.4645
12.331
10.139
11.858
8.1846
4.6026
8.5507
11.912
7.1779
8.147
4.9431
4.121
14.894
9.2897
6.2951
0.79799
0.76384
0.79433
3.4674
16.181
13.49
9.6828
13.583
11.508
12.023
7.5509
9.8401
9.528
8.9743
9.7949
0.89536
0.70307
0.86298
0.76033
0.74302
0.73961
1.0069
0.70307
0.77983
0.82224
0.72778
0.73961
0.76384
0.72611
0.76913
0.7379
0.96828
2.0417
8.6896
12.735
13.366
14.454
10.99
6.5917
5.7677
14.928
11.588
7.6384
13.122
14.962
15.276
6.7298
5.9704
6.5615
9.3972
10.641
7.0632
5.5976
7.6033
6.8077
3.7325
0.80353
8.1096
9.3111
7.9799
7.5509
10.544
7.145
1.2218
0.75858
0.81846
1.2618
0.73961
4.6238
9.528
11.117
8.6696
8.3753
8.5704
4.9545
6.5163
0.77268
0.83176
0.71945
0.7145
0.7925
0.72444
0.7656
0.71121
0.73621
0.66069
0.69502
0.98401
0.99312
0.89331
0.71945
0.70632
0.72111
0.70469
0.7709
0.72444
0.77983
0.7709
0.68549
0.73114
0.75858
0.81096
0.70307
0.69343
0.70307
0.78343
0.76208
0.82224
0.76913
0.74473
0.71614
1.8493
5.3827
0.69502
1.9679
2.0417
4.9659
12.246
13.521
10.889
10.765
10.965
6.3973
9.0991
5.0699
5.902
11.614
9.0573
7.9433
8.8716
6.9663
6.4417
9.6828
10.544
8.7902
6.9823
2.0893
0.86099
0.9506
6.8234
13.032
10.94
7.9799
6.6834
5.1168
6.2517
6.7453
1.0046
9.6383
7.0795
5.6624
1.1143
0.80538
0.86298
9.0573
12.474
11.722
10.715
8.2604
6.3096
3.3574
0.75162
0.7709
0.76913
0.7656
3.2211
9.977
10.093
7.4131
9.3756
0.76736
0.75858
0.74302
0.71779
0.76384
0.77625
1.5311
3.4514
10.74
11.482
12.882
10.914
7.0307
2.0137
4.6238
12.331
9.0573
10.617
1.6943
8.7498
12.942
12.503
8.7498
10.839
8.1846
2.1429
0.79616
0.81096
0.85114
1.094
6.8391
10.069
10.641
7.2611
6.7143
11.995
5.236
4.8865
1.8836
0.75162
0.82414
0.74817
0.82035
0.78886
2.1777
1.0864
0.73282
0.79799
0.66681
7.4302
2.1135
1.0186
0.93541
1.4655
3.5892
6.6069
0.7656
6.5163
9.5719
11.194
6.9823
2.0893
5.8076
3.7757
11.588
8.1846
9.8401
10.814
11.272
9.1201
9.4842
4.9317
7.2111
7.6033
7.709
6.7298
5.6754
12.023
2.1878
7.2444
0.97949
1.074
1.6596
0.79068
9.8628
13.183
9.4624
11.995
8.1096
1.4289
0.91411
0.82985
0.77625
1.4223
0.73961
0.76736
0.75509
0.83946
0.75162
0.74302
0.7656
1.256
0.77804
2.3878
9.8401
9.9083
9.8628
10.691
9.4189
8.6696
6.3973
3.3189
7.4302
6.8707
0.89743
0.87096
3.6728
8.1658
10.889
7.8886
9.247
0.97499
6.368
9.8855
8.7297
4.6026
6.0674
1.0423
2.0941
0.83176
1.4093
2.0654
0.93541
1.1298
0.82985
0.8531
1.6788
0.99312
0.99541
1.0116
1.0351
1.574
0.85901
10.116
14.256
10.375
2.9376
6.6834
10.965
11.641
9.1833
1.1324
0.88105
7.0958
0.97499
0.7656
0.96161
0.75509
0.75858
0.72444
0.7656
0.75683
0.78524
1.0641
0.68077
12.388
11.117
11.22
13.552
8.6099
8.3753
7.0958
7.5162
0.71779
2.7606
3.155
10.52
9.9541
12.589
9.0365
10.864
9.247
7.0307
3.581
0.97949
0.79068
0.90573
0.67764
7.5683
12.972
3.0061
6.3533
6.0395
6.368
1.6368
0.74817
0.76033
0.73282
0.73114
0.74473
0.81658
0.71121
0.83368
0.74131
0.73114
1.7378
4.9204
13.932
12.589
0.76033
0.7709
1.1194
1.3183
2.5763
3.7757
0.85114
0.94624
1.766
8.2224
11.967
9.3541
1.4622
0.70795
0.87297
0.7379
0.77446
0.81283
5.2119
1.2735
1.0023
0.78343
0.78163
0.70632
0.76033
1.1194
0.76384
0.8531
0.83176
1.5453
0.65313
0.69024
1.4322
0.72277
1.3305
0.82794
1.1482
1.0257
1.2474
1.8664
0.79433
0.66988
0.69502
0.68707
0.65163
0.66069
0.65013
0.64417
0.68077
0.75162
0.68865
0.67608
1.0814
0.72444
0.63826
0.6368
0.66988
0.67608
0.9594
0.74817
0.70307
0.76384
0.75858
0.87902
0.88716
0.81846
0.83946
0.76033
0.7925
0.80353
0.76736
0.7145
0.74131
1.7298
0.67608
0.69663
0.79616
0.68234
0.94406
0.78163
0.93325
1.1246
0.94406
0.96383
0.77625
0.72444
0.71285
0.73451
0.7925
0.73282
0.74989
0.68707
0.75683
0.76033
0.82985
0.69823
0.71285
0.76384
0.76033
0.69024
0.67143
0.81283
0.73961
0.66681
0.74989
0.73451
1.0864
0.8414
0.69343
1.3804
0.6792
0.69502
0.69024
0.69024
0.69024
0.68391
0.70632
0.66222
1.3677
1.2417
0.95719
0.97275
0.75336
0.77268
0.78343
0.79983
1.5453
2.3768
2.2387
0.69024
0.70307
0.66527
0.68077
0.66988
0.66374
0.68234
0.65013
0.67764
1.3583
1.2531
1.2531
1.0257
1.122
1.1641
1.1967
1.0471
2.9309
10.162
13.152
11.561
10.162
15.031
9.977
13.583
13.366
13.152
12.531
5.0699
8.2224
10.814
0.81283
0.87498
1.0471
2.8184
13.397
13.183
12.023
12.942
10.617
1.7378
0.89743
4.7206
0.72444
2.4099
12.303
11.912
9.247
1.2474
0.93972
0.84723
0.79616
1.2359
0.74817
0.72778
9.8628
15.453
13.49
10.914
3.1046
7.9799
1.8155
7.0146
11.429
10.74
10.765
1.4689
0.74645
5.0816
12.274
9.528
13.152
6.3973
0.72778
0.85114
3.7931
12.134
16.255
9.0782
7.5858
0.85507
0.88716
2.1979
8.1096
17.378
9.506
8.3753
3.2509
3.1623
0.78705
1.6596
7.4645
9.6383
13.583
9.7051
12.19
10.666
0.81096
0.86099
0.82414
0.7925
0.77446
0.80168
0.78163
1.5996
5.1286
1.762
1.7219
0.86099
1.1272
1.3521
1.5596
2.1777
3.5563
0.67298
0.74302
0.68077
0.68865
0.65766
0.72277
0.66681
0.67608
0.70632
0.74989
0.69343
1.6444
0.71779
0.95719
0.83753
0.86896
1.4521
1.0814
1.3062
1.2106
1.1324
1.2162
2.0464
0.69183
0.67453
0.77625
0.78163
0.69183
0.68234
0.69663
0.69183
0.71614
0.69984
0.68549
0.70795
0.67453
0.70958
0.70307
0.66988
0.65766
0.75162
0.67298
0.69024
0.67298
0.69183
0.74302
0.82035
0.85507
0.88716
0.91833
0.79616
0.78163
0.74645
0.70307
1.5776
0.70307
1.3583
0.96161
0.97499
1.122
1.0914
1.1376
1.0765
1.7458
1.094
1.2388
1.3213
1.2474
3.1769
1.1298
0.92683
1.256
1.4962
1.2106
4.1305
4.2855
1.1912
0.68234
0.69024
1.3062
0.67453
0.65313
1.3677
0.69663
9.4842
15.524
14.388
16.106
14.355
6.8234
8.4918
10.28
0.93972
0.82985
0.80168
2.1878
0.75858
1.4521
0.72111
0.79433
5.3211
11.912
15.959
14.757
13.521
11.535
11.776
8.5507
12.134
1.2589
6.4714
10.023
12.246
13.868
8.3368
13.646
0.76913
0.97275
0.74473
4.8195
12.417
11.94
13.583
10.965
13.932
8.892
1.4289
3.0409
14.158
13.213
13.428
8.9743
17.539
18.408
8.1658
13.274
7.3621
6.5313
14.223
5.0699
1.6904
0.82985
0.78524
0.80538
0.81658
0.70632
6.4863
6.5615
10.52
13.428
10.423
10.116
6.8077
17.62
12.823
9.247
9.528
3.3113
7.6208
0.7925
1.7742
0.77625
0.74989
0.70795
1.0495
0.80538
0.71945
0.82224
1.7947
0.69663
4.6452
6.3241
1.7783
2.208
1.6368
0.98628
8.4723
15.56
11.561
12.359
9.7051
8.5704
10.864
8.3176
14.028
13.868
8.892
2.5119
9.2683
8.5114
9.2897
10.139
11.83
13.836
12.274
5.224
7.379
11.272
7.9433
6.0256
0.7379
0.86497
0.75336
12.023
12.853
12.303
11.967
8.8105
3.0479
1.9724
1.0304
8.4918
7.6913
16.982
13.677
3.7154
1.3335
2.037
3.9811
14.689
9.0782
9.8855
12.706
11.995
13.521
3.1477
1.1298
0.87297
0.78163
0.81658
0.77983
1.8836
0.75858
0.73114
0.75509
0.69823
0.76736
0.79799
0.82604
0.75509
0.72946
0.79983
0.78343
0.70632
0.76913
0.79799
0.66988
6.5615
2.2961
3.1989
3.0269
1.8967
9.8628
16.444
11.272
7.4131
9.3541
7.1945
0.8892
1.8493
1.9861
12.56
7.1779
2.1086
7.7268
12.589
12.794
8.8105
11.588
8.77
0.77268
4.8529
10.423
8.356
0.87498
1.5382
11.722
12.823
9.247
9.5719
10.375
10.257
0.7709
9.9541
8.6298
9.6828
3.5892
1.7219
0.90365
2.3121
8.6896
9.2257
12.134
7.1614
10.666
8.0168
9.2897
6.8707
8.0538
16.218
9.1411
9.7724
9.4842
12.19
8.9536
1.0257
1.3709
1.1967
15.959
9.0573
11.298
5.4075
12.972
7.2611
9.9083
1.5453
1.6144
2.3388
1.9187
5.3456
11.066
10.617
6.2087
3.4119
6.8234
7.0307
6.5615
7.0146
5.188
10.423
9.4189
12.56
12.023
6.792
8.6497
11.015
