2.8642
0.9528
1.0046
3.6728
1.1614
19.679
0.71285
2.3823
3.2509
3.9902
3.1405
4.2462
7.0469
4.6238
10.691
7.9983
8.414
6.4417
5.2723
2.4044
2.4946
2.0045
1.5922
1.9815
2.4889
2.5235
2.0045
2.6853
3.8815
1.9231
2.1429
1.5812
3.8905
13.964
8.6298
9.6383
6.7453
6.7453
8.2985
1.2218
1.1803
1.8707
2.1232
1.2735
1.4488
1.0568
1.3032
1.5812
2.138
1.3459
1.5276
1.3709
1.9275
1.2162
1.4289
1.9498
1.9498
2.3768
1.6144
2.1478
1.6596
3.54
7.6033
9.7724
16.293
13.709
9.9312
7.0632
1.6672
2.2646
1.6032
2.2961
1.7947
1.762
2.6182
2.0137
1.6672
1.8621
1.574
1.406
1.9543
1.7338
2.3174
1.71
1.6368
2.0845
1.3062
3.1696
7.5336
10.691
1.9454
1.9498
1.7022
3.5563
5.0466
5.0003
11.324
9.7499
8.2794
7.5683
13.677
3.9084
3.1477
1.9231
2.7669
4.6666
10.162
7.9616
8.4333
2.704
2.6546
2.9992
3.1915
3.3497
2.5527
1.9907
2.8054
2.2803
1.6788
1.8621
2.5763
1.8072
2.1979
2.4547
2.0989
2.7606
1.6672
2.2131
1.1482
2.4889
2.2284
1.4894
1.2106
1.3709
2.9376
2.5942
1.9907
3.0061
1.7061
1.6788
4.2658
10.914
1.0375
1.0304
1.0965
1.2972
1.2134
0.8091
0.73114
1.2359
1.406
0.78524
1.183
2.5823
3.9264
7.1779
10.99
3.7068
3.6475
1.1246
1.1776
0.91201
1.3122
1.5382
0.96605
1.7458
0.70958
0.97949
1.1858
1.1722
1.2246
2.037
1.5488
1.6634
1.4256
2.4547
0.9247
0.72444
0.8091
2.4378
9.7949
12.764
10.593
4.4771
0.9506
0.87498
1.0023
0.69984
0.69024
0.66374
0.96828
1.574
1.9679
1.5959
2.9309
0.99541
0.73621
1.1324
0.93541
1.0423
3.8459
2.1878
3.8019
0.86099
1.1588
1.099
1.1668
1.3868
2.2029
1.4655
1.4093
6.5917
1.2942
0.79068
0.74302
1.5959
0.9506
1.8281
1.5849
1.1117
0.85901
1.932
1.8281
0.70307
1.9543
1.7061
0.67764
0.85901
0.72611
0.93756
1.2445
1.7539
1.4454
2.1478
2.0417
1.6106
8.6497
1.0257
4.7643
8.2794
9.7949
9.3972
16.672
8.8105
7.2277
5.1642
1.4355
3.0549
6.6834
11.803
9.1411
4.5814
4.2267
7.4989
1.3062
1.1324
0.85901
1.8621
0.82414
0.95719
0.94842
0.92683
3.1046
0.98401
5.7943
0.78343
0.71945
0.86099
1.2972
4.9317
9.0573
2.3121
11.246
13.335
8.2414
8.2604
10.046
5.8345
7.5858
9.5499
10.447
10.641
9.3756
13.122
7.3961
7.1285
11.066
8.995
1.194
1.194
3.02
4.8084
8.4333
5.7412
1.5668
7.1945
10.74
9.7275
10.023
7.8163
10.666
10.864
6.9984
2.3442
4.1879
1.2942
1.2474
2.4155
0.73451
0.72611
1.4859
1.7947
1.4454
6.5615
9.8175
1.183
1.2764
1.1246
1.0666
1.2246
0.98855
2.2284
0.83753
0.80724
3.6141
1.8155
1.1041
4.9317
1.3305
1.4521
1.4191
1.4723
0.69024
0.71614
0.95499
0.72277
0.68865
0.72444
0.70632
0.65615
3.02
4.9204
3.1769
4.217
2.2029
0.61518
0.64121
0.81846
2.0137
1.1117
0.93972
0.85114
0.82604
0.86497
0.90991
1.3122
1.0162
0.80353
1.0023
1.205
0.97724
1.0593
0.877
0.84918
0.93756
0.91411
0.86896
1.1092
0.89743
1.6444
1.0617
1.556
1.2023
0.75858
1.6032
3.6644
2.6424
3.3884
1.3002
2.884
1.4997
1.7219
2.9242
1.3646
0.70307
1.1298
1.3183
1.0691
1.406
1.5346
1.6293
3.9264
1.2677
1.6904
0.6792
0.83176
0.69183
0.66222
0.75336
1.0914
0.69663
0.68549
0.7709
0.69663
1.71
0.63533
0.78163
0.67453
0.6368
12.56
1.3002
1.3305
1.7906
2.4946
3.6392
4.6989
1.4158
2.6669
0.71779
0.6368
0.60674
0.76913
0.79616
1.6943
1.1641
0.69183
0.82604
0.76913
1.5136
0.7656
0.76384
1.3335
0.77625
0.7379
0.71945
0.64269
0.86896
1.1588
0.68865
0.68707
1.0423
1.052
0.68707
0.66222
0.65917
0.62951
0.65464
0.80724
0.72946
0.7925
0.72111
0.60814
0.64714
0.69502
0.78886
0.73114
1.0023
1.3677
0.79799
0.74989
0.79983
1.0162
0.8892
1.39
1.099
1.2023
3.3189
2.2803
0.72277
1.3459
0.89125
1.0839
0.65464
0.68234
0.6792
0.69663
0.64121
0.73114
2.4946
0.76384
0.64417
0.70632
0.60534
0.70958
0.68077
0.69343
0.66374
0.89536
0.72444
0.65313
0.70632
0.66988
1.6827
0.63387
0.80724
0.82224
0.72444
0.65313
0.76913
0.96383
0.79983
0.73451
0.66222
0.63241
1.0351
0.63096
0.6223
0.67298
0.71285
0.61802
0.65917
0.62661
0.62517
0.6223
0.64714
0.73451
0.82794
1.1912
1.5812
1.8967
0.71945
1.9275
0.66374
1.0568
0.68391
0.81096
0.80168
1.3836
0.74989
1.4093
0.71121
0.68077
1.1041
1.1015
1.0116
1.2106
0.60954
0.62661
0.70307
0.66681
0.65464
0.66069
0.68707
1.094
0.64269
0.61802
0.65013
0.66834
0.66988
0.61802
0.65464
0.69663
0.62517
0.66681
0.69823
0.6368
0.67608
0.66527
0.67453
0.66069
0.63826
0.62517
0.70795
0.67608
0.73961
0.72611
0.67764
0.76736
0.69502
0.61094
0.67143
0.63387
0.62951
0.62517
0.66069
0.61376
0.72277
0.71614
0.70958
0.64565
0.65917
0.63973
0.65766
0.69663
0.70632
0.64269
0.66681
0.66834
0.67608
0.63533
0.63826
0.62661
0.61802
0.62806
0.88308
0.93111
0.71285
0.65766
0.76384
0.76384
0.68549
1.2677
0.79433
0.80724
0.93111
0.70632
0.65313
0.7145
0.66222
0.66988
0.69024
0.89125
0.64269
0.62087
0.68077
0.82035
0.71945
1.0116
1.2764
1.2531
0.65615
0.63533
0.63096
0.97051
0.66681
0.66374
0.63973
0.65917
0.70958
0.69984
0.62373
0.63826
0.66374
0.66834
0.63533
0.66527
0.65163
0.66988
0.67298
0.68234
0.69024
0.65917
0.61518
0.61094
0.68391
0.72611
0.74302
0.63096
0.66374
0.64417
0.65013
0.67764
0.64121
0.74131
0.71614
0.62806
0.69343
0.62087
0.66222
0.66069
0.64269
0.69183
0.66834
0.64863
0.85114
0.68077
0.8356
0.69502
0.71285
0.63096
0.68707
0.63096
0.68391
0.87902
0.8414
0.62951
0.65013
0.69984
0.67143
0.66527
0.67453
0.62087
0.68865
0.67143
0.87498
0.8091
0.67298
0.64121
0.67143
0.66834
0.70146
0.74817
0.65766
0.65464
0.62806
0.95499
0.68865
0.69183
0.73621
0.64714
0.66374
0.64269
0.64863
0.67764
0.90991
0.64714
0.68077
0.71779
0.69502
1.0568
1.6904
2.3714
0.88308
0.82794
1.0328
0.81096
1.1015
0.93541
0.98175
1.0864
1.1092
0.7925
0.9247
1.074
1.0495
0.91622
1.1169
0.78524
1.219
0.86099
1.1912
0.69663
1.1272
0.69663
1.1535
0.8091
0.94406
0.84918
0.63826
0.71285
0.62087
0.88512
1.028
0.89536
0.67298
0.67143
0.70307
0.64269
0.65313
0.65464
0.71285
0.61944
0.6368
0.7145
0.8892
1.0447
2.1038
1.7338
0.75683
1.5276
0.62661
0.67608
0.70469
0.63241
0.62806
0.64714
0.68077
0.66527
0.65464
0.64863
0.69343
0.6792
0.64269
0.80353
0.63387
0.63096
1
0.7145
0.63096
0.73282
0.73114
0.71614
0.65766
0.68391
0.67453
0.64714
0.65464
0.72111
0.68707
0.63241
0.64565
0.69183
0.64417
0.68234
0.61235
0.65313
0.64269
0.65464
0.62517
0.63973
0.63973
0.61094
0.69183
0.65013
0.67453
0.61802
0.89743
0.72444
0.65464
0.66374
0.78163
0.99541
0.74645
0.69823
0.67143
0.66681
0.68865
0.97275
0.90365
0.84723
0.67298
1.1535
0.91201
0.88105
0.64269
1.3243
1.205
1.2078
1.8621
1.4757
1.205
0.67298
0.72611
0.64714
0.62517
0.66681
0.64863
0.68234
0.64417
0.63826
0.66834
0.65766
0.65013
0.64269
0.68707
0.63387
0.59429
0.66527
0.62951
0.60256
0.64417
0.64269
0.64863
0.63387
0.65766
0.65013
0.61518
0.80538
0.79799
1.3122
0.8356
0.60674
0.66834
1.39
1.2647
0.66527
0.58076
0.65917
0.66222
0.65313
0.8531
0.6223
0.64863
0.58479
0.62661
0.60954
0.68707
0.64269
0.59429
0.61802
0.67608
0.59841
0.65313
0.66069
0.66222
0.60395
0.68549
0.65163
0.62373
0.61235
0.66527
0.67608
0.65013
0.64417
0.6792
0.68234
0.64714
0.71779
0.65313
1.5241
0.65013
0.70632
0.69984
0.65163
0.66834
0.61094
0.63826
1.4355
0.84723
1.7824
0.94624
0.74817
0.63387
0.76384
0.65766
0.6792
0.76033
1.5276
1.4962
0.64417
0.68077
0.62517
0.64269
0.98855
0.77983
0.66222
0.70469
1.1246
1.5488
0.81283
0.85114
1.6368
1.0666
1.5668
0.80724
1.1455
0.92897
0.88512
1.0186
1.39
0.98628
0.90365
1.0593
0.62087
0.66834
0.71945
0.62806
0.69823
0.9528
0.76033
0.61376
0.71945
0.8531
0.60256
0.69183
0.73451
1.2764
0.67764
0.68391
0.67298
1.4289
1.9498
2.5645
1.8072
2.4831
1.8967
0.70795
0.70307
0.66834
0.62661
0.68391
0.67764
1.7061
0.71121
0.73621
0.66069
0.63096
0.63241
0.70632
0.77446
0.72611
0.65163
0.70146
0.64565
0.60256
0.72611
0.65163
0.69183
0.65615
0.67143
0.65464
0.62951
0.65163
0.61944
0.65917
0.66834
0.65313
0.62517
0.62517
0.66374
0.63241
0.63973
0.65464
0.66527
0.66374
1.0568
0.61944
0.65615
0.64863
0.65615
0.69984
0.67143
0.66222
0.63241
0.64121
0.71779
0.59156
0.63241
0.65464
0.67608
0.83946
0.8995
0.68865
0.62517
0.67608
0.64714
0.65313
0.66374
0.6223
0.64121
0.68077
0.62517
0.6368
0.59566
0.89331
0.60395
0.71779
0.62806
0.64417
0.69024
0.63241
0.71285
0.68077
0.73451
1.0328
1.374
0.7709
0.76736
1.1614
0.70795
0.79433
0.74131
0.72611
0.65013
0.68077
0.68549
0.80353
0.74645
0.6368
0.64863
0.93111
0.89125
0.97051
0.93111
0.84918
1.0839
1.3062
0.69984
0.73114
1.0069
1.0186
0.99083
0.92683
0.66988
0.82985
0.90782
1.0789
2.2751
2.4774
6.5464
1.1143
0.75509
2.0184
0.66988
0.72444
0.65766
0.65013
0.65313
0.66069
0.6792
0.65766
0.62661
0.62373
1.2106
0.66374
0.65464
0.6792
0.63241
0.69183
0.69183
0.6223
0.65464
0.71285
0.73451
0.68549
0.65766
0.66222
0.61376
0.66834
0.64121
0.70958
0.66222
0.71614
0.70795
0.66222
0.64121
0.74302
1.7338
1.5066
2.9854
0.99083
0.97724
1.5885
1.5812
1.2134
0.69183
0.9506
0.89743
0.96828
1.0568
0.78705
0.97499
0.83368
1.2218
1.7179
1.0666
0.94624
0.82604
1.0447
1.2078
1.3646
0.67764
4.9888
0.97275
0.99541
1.1429
1.094
1.0715
0.98855
0.89125
1.028
1.3335
0.62087
0.6368
0.81658
1.028
1.2503
1.3583
1.7061
1.39
0.61094
0.64269
0.68549
0.62087
0.62951
0.69343
0.6368
0.65766
0.63826
0.63387
0.70795
0.64417
0.7145
0.7925
0.60814
0.69024
0.71779
0.67608
0.63387
0.61376
0.64565
0.69823
0.65313
0.64565
0.65013
0.63533
0.67764
0.60954
0.61518
0.62087
0.66681
0.72444
0.66222
0.63241
0.60534
0.70307
0.64565
0.63826
0.73961
0.73621
0.70469
1.0304
0.64565
0.78524
0.62951
0.67298
0.67143
0.69183
0.87096
0.64417
0.68549
0.6223
0.73621
0.81096
0.65917
0.62517
0.69502
0.70307
0.67764
0.65766
0.77268
0.69343
0.70795
0.68077
0.65013
0.60954
0.66988
0.73282
0.69183
0.62951
0.63533
0.65464
0.65163
0.8147
0.73114
0.68549
0.65013
0.62517
0.67143
0.65313
0.68549
0.69663
0.65313
0.94624
0.66527
0.65615
0.66988
0.67298
0.61944
0.63826
0.62517
0.62373
0.60395
0.68865
0.63241
0.6368
0.64121
0.7145
0.58884
0.71779
0.62373
0.6166
0.6368
0.68234
0.6792
0.66222
1.3996
0.62806
0.60674
0.66374
0.60117
0.73451
0.77625
0.71945
1.074
0.9506
0.66834
0.72444
0.64863
0.62517
0.71779
0.68549
0.9247
0.68391
0.76033
0.75683
0.65163
0.63533
0.60534
0.65313
0.6368
0.67143
0.80353
0.70146
0.67764
0.65766
0.64714
0.72277
0.63533
0.65163
0.7925
0.98628
1.4488
1.5031
1.7701
1.1402
0.80724
1.0593
0.84723
1.1482
1.0328
0.93972
0.96605
1.0914
0.91411
0.83368
3.581
4.1591
6.4121
1.8197
5.2481
7.3621
1.3521
2.2182
0.64121
5.2481
6.1376
2.3659
1.8621
0.73621
1.3062
0.69502
0.65013
0.62951
0.66681
0.68549
0.6368
0.69502
0.64863
0.66222
0.6223
0.62661
0.63973
0.69984
0.74131
0.6792
0.6368
0.64269
1.8323
0.7925
0.75162
1.6711
0.95719
0.8414
1.1169
1.094
1.3397
1.0351
1.0691
0.65313
0.65013
0.66069
0.66988
0.71614
0.78524
0.72778
0.73961
0.83946
0.75162
0.76208
1.2134
1.8664
1.1776
2.1577
1.4588
1.3836
2.2699
0.67764
0.63387
0.65917
0.68391
0.65313
0.70307
0.62951
0.62087
0.65464
0.63241
0.64417
0.64269
0.72111
0.67143
0.6368
0.64714
0.72444
0.62373
0.64863
0.64565
0.66374
0.70958
0.6166
0.64714
0.65163
0.63533
0.65766
0.64121
0.71614
1.074
0.67764
0.62087
0.6223
0.69823
0.68391
0.64714
0.66069
0.67143
0.68077
1.6444
0.72111
0.81658
0.64565
0.69663
0.92257
0.68077
0.88512
0.60117
0.61094
0.73282
0.66527
0.62087
0.65464
0.62373
0.64863
0.62951
0.66681
0.75162
0.62661
0.7925
0.83753
0.74817
0.79799
0.65766
0.6368
0.64269
0.80353
0.81096
1.1803
0.62517
0.63387
0.6223
0.6368
0.67453
0.74302
0.72778
0.66069
0.61802
0.90782
0.72946
0.64565
0.6792
0.69183
0.96828
0.7925
0.69823
0.63533
1.099
1.5631
0.69984
1.9498
2.355
1.6749
1.3646
1.4521
1.3868
0.87498
2.4378
1.4723
1.6069
0.89743
1.2078
0.67298
0.69343
0.65464
0.82035
0.82794
0.65917
0.67608
0.70146
0.75509
1.122
0.877
0.87498
0.62661
0.66988
0.66988
0.69502
0.74302
0.72611
0.74473
1.0691
1.766
0.76033
0.72277
1.0399
0.75336
5.6105
0.65013
0.62517
0.63096
0.62806
0.62951
0.68549
0.75509
0.62806
0.64417
5.6754
8.9331
13.836
11.588
10.328
10.471
0.81658
0.96828
0.79433
0.85704
1.0864
2.5177
1.0399
1.7865
2.9717
1.8535
0.70146
0.70146
1.074
1.7219
1.8836
3.7844
1.7742
0.68077
0.61518
1.2388
6.792
0.93111
2.1979
1.094
0.69823
0.68865
1.1169
0.68865
0.69823
0.69024
0.68077
0.77446
0.62661
0.71779
0.66834
0.71945
0.70632
0.7145
0.7145
0.65917
0.69984
0.67298
0.64417
0.63533
0.72277
0.83368
0.73961
0.67453
0.62661
0.70958
0.72444
0.73282
0.70469
0.66374
0.72111
0.62806
0.69502
0.64121
0.63387
0.69984
0.68077
0.68391
0.76736
0.72946
0.65313
0.63533
0.67143
0.68077
0.6368
0.72111
0.63387
0.7709
0.61802
0.78524
0.67298
0.69343
0.63241
0.65313
0.72111
1.3397
0.67143
0.69502
0.65615
0.70469
0.68077
0.73961
0.69984
0.64565
0.69663
0.64863
0.67298
0.65313
0.78886
0.65313
0.61802
0.8892
0.6368
0.61094
0.98855
1.0162
0.63826
0.68077
0.62661
0.60814
0.66988
0.69024
0.62087
0.60814
1.1143
1.099
0.68077
0.63241
0.71614
0.71945
0.72778
0.75683
0.76913
0.64417
0.88105
0.98628
0.75858
4.4463
2.0701
1.0568
0.73961
0.74989
0.74817
0.71285
0.68707
0.75509
1.6331
0.7656
0.66988
2.1627
0.69343
0.63241
0.6223
0.75336
0.66069
0.68234
0.65013
0.65464
0.65163
0.66527
0.66374
0.62951
0.68234
0.71614
0.72277
0.64417
0.64714
0.64714
0.66988
0.64417
0.64565
0.62806
0.65615
0.63096
0.80353
0.65013
0.79068
0.67143
0.67764
0.98855
1.5704
1.374
1.1298
0.69183
0.74989
0.89536
0.69183
0.66069
0.66374
0.59841
0.6223
0.69183
0.66834
1.099
1.9187
3.1046
1.2162
2.4491
1.9231
0.67298
0.63973
0.64714
0.62951
0.70632
0.6792
0.84918
0.68234
0.63241
0.73282
0.69343
0.63387
0.72277
0.63387
0.66069
0.69183
0.71945
0.70632
0.68549
0.68077
0.68865
0.69343
0.65766
0.71121
0.69502
0.73451
0.71121
0.67298
0.73114
0.66374
0.71121
0.61094
0.70146
0.67143
0.66834
0.71779
0.65313
0.72611
0.66834
0.72946
0.69183
0.60954
0.69663
0.65313
0.67143
0.67143
0.69663
0.64269
0.63241
0.66527
0.6792
0.70795
0.74645
0.69183
0.69183
0.64863
0.67143
0.66988
0.68077
0.70469
0.69663
0.65313
0.68391
0.68549
0.66834
0.63826
0.68391
0.66527
0.73621
0.6792
1.0069
1.2764
2.1086
0.79068
0.75336
0.82794
0.97051
0.87902
1.8281
0.9977
1.2331
0.95499
0.86298
0.9594
1.2417
1.135
1.2388
0.9977
0.93541
1.1722
0.70632
0.92683
1.6904
0.65163
0.78886
0.63241
0.70795
0.68234
1.1376
0.88716
0.77983
1.4223
2.6546
0.90157
0.70307
0.62661
0.68865
0.65917
0.60256
0.77446
0.69024
0.65013
0.69823
0.79616
0.93325
0.66988
0.65615
0.70469
0.69343
0.63096
0.7379
0.6223
0.72277
0.66681
0.8356
0.86298
0.67298
0.66069
0.69984
0.63973
0.69663
0.72778
0.69502
0.69183
0.63826
0.72444
0.63387
0.63826
0.62661
0.69024
0.69024
0.68234
0.65917
1.2274
1.9364
1.4355
0.73282
0.7709
0.71945
0.71945
1.1588
1.4723
0.90782
0.6223
0.97949
1.3614
0.7379
0.64121
0.68391
0.61944
0.68549
0.65464
0.66374
0.71285
0.65615
0.67298
0.71779
0.84918
0.64417
0.65766
0.65464
0.65917
0.70307
0.65313
0.69024
0.64565
0.6223
0.69823
0.67143
0.63826
0.65766
0.63241
0.65313
0.64565
0.64714
0.69984
0.65464
0.66069
0.66988
0.63096
0.79616
0.65013
0.61235
0.67143
0.60674
0.75509
0.66374
0.78163
0.65163
0.70307
0.67298
0.70307
0.64565
0.6368
0.70795
0.76384
1.8197
2.0091
0.68707
0.71779
0.65917
0.92897
0.68865
0.63387
0.64714
0.65464
0.85901
0.63387
0.70958
0.67453
1.1668
0.65313
0.63973
0.68707
0.67453
0.98175
0.75162
0.71285
0.68707
0.66222
0.69823
0.61376
0.68077
0.64863
1.122
1.2764
0.67453
0.92257
0.64714
1.4355
0.98628
1.3646
1.7947
1.9543
1.219
1.2134
1.3772
1.6368
0.67608
0.61944
0.65615
0.65917
0.64714
0.64863
0.67298
0.6223
0.66988
0.66222
0.62087
0.64269
0.64565
0.69183
0.6223
0.69823
0.68077
0.65766
0.78343
0.69823
0.61944
0.63533
0.66681
0.64417
0.61518
0.65615
0.63533
0.65313
0.68077
0.69663
0.64714
0.66834
0.66988
0.64565
0.60814
0.60395
0.64863
0.63387
0.60395
0.67608
0.68865
0.6223
0.61518
0.62661
0.66069
0.65464
0.63973
0.61802
0.62517
0.61944
0.60534
0.61518
0.62806
0.66222
0.64714
0.60534
0.65013
0.60256
0.66988
0.63387
1.1749
0.66527
0.76736
1.0641
3.3037
5.1523
1.3646
2.0184
1.7539
1.3552
0.85507
0.62951
0.92897
0.90782
1.219
1.0593
0.74131
2.1677
0.73621
1.0495
6.9502
8.8105
0.6166
0.68391
0.62087
0.68707
0.68077
0.69984
0.69343
0.60534
7.7983
17.022
4.2658
1.71
0.96828
1.0209
1.2618
1.0568
2.4774
1.0423
1.7865
1.2589
4.1115
3.6058
5.3333
7.3451
1.1376
1.3932
1.8707
2.0654
2.2751
1.0186
0.82224
1.6255
3.6644
1.1169
1.0544
1.0046
0.82035
1.0593
1.1995
0.87096
0.87902
4.7315
0.65313
0.79616
0.64269
0.76736
1.6982
0.85114
0.75858
3.1405
2.0893
2.0941
1.135
1.6106
0.71285
0.62373
0.89125
0.65313
4.0458
0.6792
0.60814
0.66069
0.67453
0.90782
0.66069
0.67453
0.65313
0.62806
0.64121
0.69823
0.66527
0.73282
0.63826
5.7943
1.5417
4.7973
0.69502
0.87096
1.1169
0.95499
0.93972
0.82414
0.96605
0.81283
2.5704
1.9679
13.996
1.3521
0.94624
1.1535
1.194
6.6374
5.1168
5.6105
4.8753
1.0789
1.8365
0.69823
0.66988
1.7179
0.71945
1.1015
0.61235
0.65917
0.63826
0.65464
0.62951
0.58749
0.64714
0.75683
0.63973
0.60954
0.71779
0.66527
0.62373
0.64269
0.62517
0.64269
0.65464
0.64121
0.64121
0.69502
0.62517
0.68077
0.63826
0.63241
0.61518
0.64269
0.65615
0.6368
0.66374
0.61944
0.64121
0.63826
0.63973
0.61376
0.63973
0.63973
0.61518
0.63387
0.68077
0.66681
0.61094
40.926
0.59156
0.61802
0.62087
0.68077
0.65615
0.68549
0.63826
0.6792
0.65464
0.63973
0.59704
0.61376
0.69343
0.6368
0.6368
0.64417
0.6368
0.63826
0.68234
0.66988
0.6368
0.62517
0.62951
0.64121
0.69183
0.62661
0.5902
0.85901
0.63533
0.64121
0.61376
0.66834
0.62806
0.66069
0.61094
0.62806
0.65464
0.61944
0.64121
0.92045
0.74302
0.68865
0.71779
0.67453
1.205
1.2078
0.60954
0.74817
2.541
0.64714
0.78343
0.72111
0.70307
0.67143
0.69502
0.71121
0.65013
0.82414
1.7418
1.4454
0.64565
0.66222
0.6223
0.62087
0.66988
0.70958
0.6166
0.71285
0.6792
0.69502
0.64714
0.62951
0.7145
0.75858
1.0593
0.90365
1.4622
2.3768
1.6069
0.86099
0.89743
0.92045
0.82985
1.194
1.0257
0.7925
0.81846
0.91201
1.2078
0.98401
0.60954
0.62951
0.63533
0.63096
0.62806
0.72946
0.66988
0.63387
0.63387
0.67608
0.65766
0.66681
0.64565
0.67143
0.81283
0.65013
0.9977
1.3397
2.6485
1.9543
5.445
2.8379
0.68707
0.60814
0.6223
0.64565
0.69984
0.65163
0.64863
0.60674
0.60534
0.60395
0.6368
0.60814
0.66069
0.62951
0.58614
0.75509
0.93541
0.68549
0.6368
0.64269
0.61235
0.65163
0.61802
0.65313
0.70146
0.62373
0.68707
0.67143
0.60954
0.67764
0.65615
0.65313
0.68865
0.6368
0.64863
0.67453
0.64565
0.61802
0.61518
0.62087
0.69823
0.64417
0.61518
0.65615
0.68707
0.66222
0.64863
0.80353
0.67608
0.67453
0.64714
0.65917
0.70469
0.61376
0.63973
0.63241
0.73621
0.63533
0.67298
0.62661
0.66834
0.62806
0.65464
0.63096
0.64269
0.62951
0.63533
0.62517
0.90782
0.60814
0.62951
0.63241
0.64714
0.67608
0.68234
0.63826
0.64863
0.65013
0.64121
0.67453
0.63241
0.62087
0.62806
0.66222
0.65766
0.64417
0.60954
0.63241
0.60256
0.62373
0.62806
0.61094
0.68549
0.64269
0.65313
0.63096
0.66374
0.62373
0.67764
0.61944
0.63973
0.65917
0.65766
0.63533
0.62087
0.67764
0.68391
0.67143
0.60674
0.60117
0.65163
0.67764
0.63533
0.71614
0.68391
0.66834
0.61376
0.61944
0.62373
0.65615
0.61944
0.66834
0.65917
0.66527
0.69984
0.63973
0.66681
0.61235
0.59979
0.60534
0.69024
0.62373
0.63826
0.64269
0.64565
0.6368
0.88716
0.80168
0.69984
0.82224
0.73961
0.90157
1.5346
1.8578
0.79068
0.70958
0.8356
0.82224
1.2078
1.2388
1.1912
1.028
1.219
0.81658
1.4655
1.1324
1.219
1.4757
0.6223
0.79799
2.4604
0.66527
0.66681
0.70795
0.65013
0.67453
0.69183
0.70307
1.2618
0.66527
0.70469
0.70958
0.66069
0.62661
0.71121
0.63387
0.68549
0.75336
0.6223
0.65313
0.74989
0.67143
0.67608
0.67143
0.63387
0.72778
0.67453
0.63533
0.73451
0.6792
0.65464
0.65766
0.70146
0.67608
0.74131
0.72611
0.68707
0.66834
0.70307
0.63826
0.72277
0.66069
0.63387
0.72277
0.62087
0.66834
0.6368
0.63826
0.71285
0.65917
0.65313
0.67143
0.70958
1.2764
1.2972
0.77625
0.92897
0.93756
0.99083
1.0046
1.3122
1.0666
1.1376
1.1143
1.4555
1.8578
2.7479
0.74302
0.97275
1.5849
0.74131
0.69024
0.67143
2.5704
1.5776
0.65464
2.4099
1.1641
0.8995
2.1184
2.2182
0.71779
0.67764
0.70958
0.59704
0.70146
0.63533
0.6223
0.73114
10.641
0.67298
0.66069
0.65163
0.77983
0.69502
0.65464
0.69343
0.70632
0.73961
0.63826
0.66988
0.64417
0.62373
0.67608
0.64269
0.65464
0.64121
0.63973
0.6368
0.67764
0.62951
0.68707
0.72444
0.67608
0.68391
0.64269
0.6223
0.68865
0.65313
0.63533
0.7145
0.65013
0.71945
0.6792
0.65313
0.63533
0.61944
0.66988
0.63826
0.60117
0.67453
0.66069
0.72277
0.68391
0.7709
0.65313
0.67453
0.67143
0.67143
0.66988
0.64714
0.65163
1.3428
1.5812
0.92045
1.1535
1.6144
1.5171
0.69183
0.72111
0.74473
0.63096
0.66222
0.72111
0.65917
0.65464
0.65313
0.69823
0.65766
0.62373
0.7145
0.66527
0.65013
0.60674
0.65615
0.74302
0.69823
0.69502
0.6223
0.66222
0.60534
0.71285
0.65313
0.63826
0.66374
0.6368
0.67764
0.6368
0.65013
0.69024
0.6792
0.70469
0.67764
0.75683
0.72444
0.68707
0.66222
0.70795
0.71121
0.73451
0.68707
0.78886
0.71614
0.83368
0.77625
1.5704
1.39
1.2023
1.406
1.845
0.88716
0.72611
1.6827
0.65464
0.65615
0.65464
1.5101
1.9953
3.6475
1.5959
0.80353
0.8356
0.8091
1.1588
2.8445
2.1038
1.3996
1.8113
1.4388
1.7701
0.71285
0.69502
0.66069
0.66988
0.65766
0.65464
1.256
1.1535
1.8323
1.5276
2.3227
0.67453
0.65615
0.69663
0.64863
0.6166
3.8282
2.1777
1.2794
2.1038
3.0903
1.7701
0.65163
2.2284
0.62373
0.66834
0.63241
0.65766
0.60674
0.62661
0.66988
0.65163
0.60674
0.64565
0.6223
0.67608
0.64863
0.75683
0.64121
0.63826
0.65163
0.68865
0.60534
0.64269
0.62087
0.67453
1.1561
0.62087
0.63241
0.6368
0.70307
1.1858
0.92045
0.87498
0.98401
1.0814
1.0447
1.1143
1.2647
1.3335
1.1614
0.81658
2.1086
0.66988
0.64714
0.63096
3.0549
5.445
0.63533
0.71121
0.65766
0.69823
1.1143
3.6392
5.9566
0.63973
0.73621
0.66527
0.72946
0.65013
0.65917
0.67608
3.6728
0.69024
0.71285
0.64714
0.66681
0.60954
0.68549
0.67608
0.63241
0.62087
0.68865
0.68549
0.63241
0.60395
0.6223
0.68549
0.64565
0.63973
0.68234
1.9543
1.652
0.74645
0.7925
1.3552
5.4576
0.66222
0.71285
0.72444
0.72444
0.63387
0.63096
0.64714
0.70632
0.64417
0.67298
0.71121
0.67298
0.63096
0.65313
0.66222
0.66374
0.69183
0.71285
0.68865
0.64863
0.67453
0.67143
4.0551
6.3096
13.092
3.0479
10.74
1.7906
1.5276
4.5186
1.4355
2.8184
2.5882
0.73961
0.84723
0.64863
0.9506
0.74473
3.9994
5.2845
0.73621
0.67608
0.66069
0.65313
0.75509
3.02
2.7164
0.64714
0.67608
1.8836
1.6596
1.6943
1.6672
3.2885
3.8107
0.68234
0.69823
0.73282
0.67143
0.71614
0.67298
0.67298
0.66527
0.66374
0.65464
0.7379
0.63533
0.63826
0.65917
0.69183
0.66681
0.74131
0.72778
0.64269
0.62373
0.74131
0.65013
0.66069
0.67453
0.72946
0.73451
0.64863
0.73114
0.67298
0.65766
0.65464
0.68707
0.65313
0.71779
0.65464
0.63096
0.6792
0.61944
0.71285
0.69502
0.66527
0.69663
0.65917
0.64714
0.71285
0.70958
0.66834
0.67453
0.63096
0.65013
0.70469
0.72611
0.70958
0.62517
0.66069
0.66988
0.66527
0.65313
0.69502
0.65464
0.67298
0.66222
0.69984
1.4256
0.86896
1.0641
1.1066
0.64863
1.1803
0.66681
1.2134
1.0839
0.79616
1.0233
1.0889
1.1429
0.81096
1.3002
1.1749
0.94189
0.92683
0.84333
1.0399
1.0304
0.96383
1.1858
1.0839
1.0715
0.92257
1.1376
1.1117
0.86896
1.0495
0.74645
1.8621
0.97724
1.1066
1.9275
4.2954
2.0749
3.54
2.133
1.7824
1.3964
1.1194
1.714
3.2434
6.3096
2.4831
7.7625
10.28
5.5081
1.3552
5.2119
14.655
13.964
2.2646
0.63973
1.6032
11.298
10.233
1.4223
1.6181
1.0593
9.6828
5.6885
15.524
8.4723
11.272
7.2277
10.691
9.6828
13.152
8.147
8.4528
11.066
10.641
7.5509
8.8512
5.6105
0.75509
0.7145
0.68707
0.8995
2.1777
0.87498
0.69024
1.2589
1.3836
1.194
0.8414
0.64863
1.2023
0.79983
0.77446
1.0593
3.2734
0.64121
0.66527
5.0699
2.2594
1.7458
4.4361
0.65464
0.63973
0.64121
0.67453
0.66988
0.74473
0.63241
0.66374
0.59841
0.61944
0.67608
0.71121
0.65163
1.028
0.69024
0.63826
0.68707
0.64565
0.66681
0.68391
0.68234
0.68865
0.61235
0.68077
0.6792
0.69024
0.67453
0.62661
0.64417
0.66834
0.65013
0.61235
0.67764
0.66222
0.80168
0.69663
0.62087
0.62661
0.6792
0.67453
0.65163
0.65464
0.66374
0.70307
0.68549
0.70469
0.65013
0.65313
0.64714
0.63387
0.70307
0.68234
0.69984
0.68077
0.68549
0.6368
0.66681
0.77625
0.63387
0.67143
0.64565
0.65917
0.63826
0.6368
0.65163
0.64714
0.62661
0.69024
0.61802
0.67608
0.69343
0.65163
0.62517
0.63973
0.63096
0.62517
0.61944
0.64269
0.65013
0.64417
0.60954
0.65766
0.70469
0.66527
0.61944
0.66069
0.62087
0.6792
0.6368
0.61376
0.63973
0.6368
0.63826
0.61802
0.87297
0.68865
0.70307
0.6792
1.1995
1.1429
0.65013
0.68549
1.2912
0.6792
0.66069
0.62517
0.64269
0.68707
0.64269
0.60954
0.68234
0.69502
0.65917
1.6904
0.6368
0.69663
0.66681
0.65766
0.72277
0.63387
0.64417
0.64269
0.6368
1.0839
0.62951
0.61944
0.68391
0.61518
0.65013
0.6792
0.72611
0.74817
0.63533
0.63387
0.67764
0.66527
0.69024
0.67764
0.67453
0.66988
0.65163
0.63973
0.66988
0.69183
0.65615
0.64714
0.62806
0.65464
0.67298
0.65464
0.64417
0.62087
1.4689
0.92045
0.94406
0.87096
0.79433
1.2531
0.79983
1.2589
0.9594
1.1885
2.4889
1.3677
0.66527
1.0617
0.70146
0.66834
0.65615
0.62087
0.68077
0.68865
0.7709
0.6368
0.66988
0.65766
0.66681
0.66222
0.66069
0.70146
0.67764
0.63533
0.70146
0.67298
0.68077
0.66988
0.6368
0.65313
0.66374
0.74989
0.64269
0.66069
0.64269
0.63096
0.64714
0.63826
0.65464
0.65163
0.62806
0.61944
0.64269
0.67143
0.67298
0.69024
0.68391
0.5781
0.62806
0.68707
0.65163
0.77268
0.68077
0.71285
0.64269
0.64863
0.66681
0.67608
0.68865
0.64121
0.71121
0.66527
0.61944
0.61518
0.70795
0.8091
0.65163
0.67764
0.69024
1.0304
0.70795
0.63826
0.65917
0.66834
0.73114
0.81846
1.3062
1.8155
0.91201
0.74473
0.76384
0.75509
0.75162
0.78886
1.4757
0.65013
0.72111
0.60954
0.66834
0.64863
1.1298
0.71121
0.75509
0.77804
1.4521
0.96828
0.9528
1.8072
0.96383
1.4555
2.6853
0.63826
1.3709
1.4191
1.7498
1.1885
0.79616
0.94189
1.4689
0.97275
1.0069
1.1143
1.2882
1.0666
1.1588
0.9247
1.2942
0.72778
0.73961
1.8281
0.7145
0.62806
0.65464
0.69663
0.64863
1.0495
0.91201
0.70307
1.5631
0.877
0.69183
0.69663
0.64565
0.64565
0.65313
0.67143
0.66374
0.67298
0.6223
0.76208
0.67764
0.63973
0.62661
0.69823
0.74302
0.67143
0.63387
0.67764
0.64417
0.66222
0.66988
0.66834
0.69502
0.68707
0.66374
0.66374
0.76384
0.73114
0.65013
0.66834
0.73621
0.67764
0.66374
0.73114
0.65313
0.66834
0.65917
0.68077
0.64863
0.70307
0.65163
0.69343
0.69183
0.71121
0.66069
0.64565
0.64417
0.62806
0.65464
0.76033
0.68234
0.73451
0.72611
0.66681
0.64714
0.66374
0.68707
0.71779
0.70958
1.4997
4.1783
1.7539
2.0137
2.3442
1.875
0.79983
0.69343
0.98175
1.3183
2.3714
0.87498
0.73961
0.72778
0.64121
0.60534
0.65163
0.68707
0.69343
0.61518
0.67764
0.97724
2.8907
0.73621
0.66988
0.63387
0.97499
1.3614
2.5119
2.9174
0.92683
1.1272
1.6106
0.76384
0.77983
0.67453
0.73282
0.85901
0.90365
0.88512
1.1169
1.5668
0.98628
0.8147
0.81096
1.8578
0.68865
0.66374
1.7258
1.5311
3.7497
3.0269
2.133
3.9537
0.69024
0.64565
0.71945
0.83176
2.3823
6.7608
1.556
2.5293
1.6672
0.90782
3.581
0.82035
0.90365
1.6106
1.3932
1.3964
0.82794
1.3709
4.529
0.64714
0.6166
0.60256
2.2387
1.6144
0.65313
0.70146
0.69984
0.77446
0.75509
3.5481
3.1333
1.2162
2.421
2.1038
2.5586
0.66834
0.69024
0.69343
0.70795
0.66222
0.66834
0.74817
0.66681
0.70307
9.6828
9.3756
10.257
11.749
14.655
0.93541
10.375
13.964
1.9907
1.1482
0.86298
0.88512
1.1641
0.87902
0.90157
0.93756
0.96383
1.1803
1.0965
1.2503
1.1508
4.7315
3.281
11.015
13.002
8.6896
14.588
13.552
8.4723
20.37
19.143
14.223
14.997
8.4528
8.8716
13.305
17.022
14.454
15.276
15.885
10.715
12.218
19.679
11.143
20.606
15.668
17.947
10.715
13.002
14.962
12.078
12.794
9.594
11.066
14.158
8.8308
9.3111
12.388
24.831
18.967
0.82224
5.3211
3.6559
20.654
9.4842
16.482
8.1096
8.6896
9.2257
14.859
12.246
11.015
17.179
14.825
8.4918
1.1272
1.0666
3.6308
10.093
12.853
14.757
10.209
11.455
8.7297
14.588
10.351
11.641
19.634
8.531
5.8614
9.7275
12.218
12.388
8.8308
18.197
10.641
9.6383
12.56
9.2257
8.4528
17.824
9.4189
20.37
20.417
16.293
11.776
11.22
10.28
9.3756
0.80168
0.85704
6.4121
7.7804
12.942
11.776
9.594
10.52
6.2517
11.041
10.94
8.1283
10.814
7.2444
1.0617
8.3753
13.152
9.8175
11.402
7.6736
7.7268
7.6384
11.967
2.2439
9.3111
10.162
15.704
11.298
10.375
6.166
13.646
4.8865
1.194
10.691
8.6696
4.6881
0.6792
0.64417
0.62661
0.82985
6.9984
12.618
4.8641
10.765
15.453
9.2683
8.147
9.4842
0.94842
8.6696
6.8707
8.8512
11.641
9.7499
15.311
7.2778
7.0795
11.272
6.6834
1.0641
0.94189
1.9907
8.1283
2.9174
1.0641
1.0544
0.84528
1.4421
11.092
16.181
12.56
18.239
9.1833
11.402
12.303
24.155
16.368
10.864
10.257
5.0933
9.0365
12.388
14.962
11.535
4.3752
0.88308
2.3335
0.74645
1.9011
5.4828
15.631
10.116
20.045
12.246
9.977
9.506
12.218
8.5114
12.972
0.62806
0.65615
0.66069
2.7479
2.2439
7.8343
6.3241
9.0782
12.589
6.2806
7.3621
4.9774
10.28
8.9331
14.289
9.247
8.3753
8.1658
2.2646
2.2542
4.3152
1.1995
1.1117
1.2503
1.1272
4.102
0.70307
0.83368
19.679
16.904
27.479
10.116
12.912
15.453
19.187
15.276
13.213
10.691
9.4624
15.922
10.568
21.478
22.909
11.912
9.9541
13.772
1.39
1.9815
13.002
10.568
18.493
11.641
11.092
16.444
10.889
14.223
10.116
11.169
13.428
8.1096
10.52
9.8401
11.143
15.704
8.2035
12.274
13.459
11.455
16.827
12.56
8.1283
9.8401
2.9309
0.92683
4.5709
0.68549
15.205
8.5114
5.9156
1.3002
1.1749
1.4454
1.6181
2.8379
8.9125
7.6208
15.382
6.4863
3.0409
12.589
17.498
11.22
1.2331
0.61376
11.041
9.3972
10.74
8.995
11.588
15.417
1.4962
2.541
12.303
10.233
8.4918
9.6605
20.989
15.311
7.7268
10.046
17.179
1.7865
0.90782
1.1722
5.035
13.49
7.2111
10.28
8.147
15.959
15.631
8.8512
7.2778
16.827
1.3092
1.3062
1.3583
0.98855
0.76208
2.4946
1.0328
2.2131
0.65313
0.65766
0.63387
0.59979
1.2134
1.4555
0.64269
0.65766
0.67764
0.72778
0.77625
0.85901
0.70469
0.82224
2.0845
0.66527
7.3451
0.9594
3.5237
0.66527
0.66069
0.68865
0.64121
0.59979
1.052
0.62806
0.60674
0.62951
0.78343
5.2966
28.184
10.593
10.94
10.471
12.078
18.836
8.2604
7.5162
22.08
17.258
10.814
16.827
11.117
10.328
14.454
11.858
14.028
18.578
8.2604
21.878
13.552
11.885
12.162
14.757
18.155
30.832
15.066
8.1846
4.8417
18.072
16.558
3.9355
3.8194
9.8175
10.046
5.2966
9.247
14.06
13.646
8.5507
4.5604
1.4859
12.912
18.88
7.4989
10.162
18.493
15.631
13.152
22.182
29.648
21.429
8.9125
23.714
34.277
16.943
11.561
48.753
11.066
15.776
15.453
23.174
11.194
16.444
19.498
9.1201
14.093
19.999
8.5507
10.789
16.218
9.1622
15.776
0.92257
1.7824
3.0339
10.495
3.2961
3.1623
8.7902
13.583
8.6696
11.749
15.704
18.113
10
10.423
22.182
14.894
11.22
12.19
10.617
18.45
13.459
11.83
10.186
11.482
16.634
13.213
15.524
8.531
21.928
10.304
16.982
11.858
12.882
11.298
17.338
12.388
17.906
0.67764
13.243
13.996
2.0277
0.75336
0.70632
2.5645
1.9907
1.9634
2.6792
0.91833
0.76208
0.84918
0.8147
0.89536
0.83176
0.97499
1.1194
0.98401
1.0375
0.82985
0.73621
3.0903
5.3827
0.68707
0.66834
7.7983
12.331
1.2706
7.9799
16.144
9.3541
12.331
17.1
13.366
14.355
12.303
11.041
14.125
14.322
11.94
13.213
18.967
15.346
11.508
22.751
15.776
18.281
15.922
8.4528
11.94
12.445
10.715
9.4842
1.3032
3.2659
3.7844
13.583
11.169
12.677
28.249
11.995
11.695
12.647
11.967
7.5509
22.909
9.8401
12.445
22.182
14.454
11.298
18.793
10.765
9.0157
1.6558
0.87498
16.144
5.3333
10.375
1.4223
4.7098
2.5704
4.1115
8.1846
12.445
8.6696
8.7297
9.594
7.1285
1.8323
2.4322
10.186
0.69823
13.836
8.2794
11.995
13.428
18.535
9.7051
7.6033
5.6494
9.506
12.106
12.19
11.912
2.799
7.1779
10.423
12.106
12.05
15.959
9.2045
13.002
14.158
10.544
12.706
10.617
12.106
13.677
13.305
13.243
9.3541
13.646
19.454
13.459
15.631
11.455
8.5114
1.3804
6.7453
8.1283
8.0724
0.8414
1.2794
0.78524
1.3677
0.8531
9.8175
18.88
9.3325
16.255
3.2584
1.6827
1.71
1.1885
4.5814
10.94
8.0168
15.311
12.764
7.1121
8.6696
12.023
13.305
10.74
11.482
7.3451
11.614
12.677
13.335
7.8705
17.219
11.695
10.069
7.3114
7.1945
3.767
7.9616
22.646
11.169
13.932
11.912
8.7297
19.679
16.52
16.106
14.894
15.959
18.793
16.144
12.078
13.677
11.143
12.764
11.83
10.471
16.331
16.181
17.179
14.093
16.368
14.825
12.853
12.823
6.5766
18.03
19.543
16.181
10.889
16.406
18.836
13.677
20.277
21.33
13.521
18.239
17.701
12.106
9.4406
22.856
27.04
11.83
20.559
15.066
11.668
17.14
13.552
21.577
1.7498
2.8576
5.9293
10.495
16.943
14.289
12.531
10.914
