44.157
45.709
12.735
1.1402
3.6898
2.7164
2.7164
42.073
1.8707
1.2647
1.183
4.3152
4.3152
38.194
14.256
9.506
4.1879
11.967
1.2303
1.0328
1.099
3.7154
6.3826
9.1833
7.9983
20.045
3.5237
2.4946
2.0512
3.0832
1.7338
5.8614
1.1429
20.464
26.915
18.072
1.1695
22.961
13.836
7.3282
1.4928
1.2274
2.023
2.466
2.3988
18.88
1.3996
1.3183
0.97949
1.5417
1.0375
0.88105
1.3868
1.2794
1.256
0.99541
2.9309
2.7353
1.766
1.2331
2.6182
0.78524
1.5524
1.2531
0.83753
7.5162
23.659
13.366
24.099
2.6977
20.091
12.218
1.1858
1.1803
1.4928
1.2912
0.84528
1.0116
0.85507
1.0617
0.82604
0.97051
1.4158
0.79799
0.93756
1.5453
0.85704
0.77268
1.1858
0.8995
0.97724
2.3933
0.75509
0.8091
0.78163
2.8973
2.037
5.1404
0.90782
1.5205
2.1232
2.6182
9.5719
18.923
4.3053
13.646
3.9719
2.1086
0.82985
8.531
2.2387
1.1455
1.2274
1.0162
7.3282
2.0797
0.86497
0.88716
0.9977
1.1066
1.0304
1.0495
1.3062
1.1668
2.1184
1.5885
0.83946
0.79983
1.3122
1.349
0.98175
1.2023
1.2853
1.1194
1.0765
2.2284
0.72444
1.2218
1.7418
0.85901
2.0893
1.0186
0.79616
0.877
2.1827
0.82224
1.0814
1.4894
2.2594
0.77446
0.75683
0.72111
0.74473
0.69663
2.7925
0.8147
0.81096
0.96828
1.9364
1.4723
1.9231
13.964
17.498
21.777
14.028
9.6828
1.2359
0.88512
1.6331
15.346
24.889
8.5901
1.028
0.85507
1.0544
0.82224
0.7925
0.88105
1.1912
2.355
2.2233
2.2646
1.3274
1.5524
4.5709
1.1508
1.183
1.194
1.1588
1.2023
2.6002
1.256
1.5922
1.5849
1.1143
1.3836
1.1298
1.2445
1.6069
1.3122
1.8923
1.2912
1.4962
0.78705
1.714
0.9594
4.6452
2.0045
2.2699
0.74817
0.82035
1.3804
0.71285
0.77446
1.6827
1.0814
1.074
10.139
21.38
21.33
16.482
9.7051
1.0423
1.0046
1.0839
0.75162
0.7709
0.85507
0.7656
0.94842
2.799
0.75162
0.80724
2.0045
11.967
1.0471
2.0701
2.799
1.194
1.0495
1.1015
1.4997
1.1194
0.75858
0.72277
1.39
0.76736
0.78886
1.0691
2.0512
2.6002
4.9659
1.6218
1.0914
0.82224
0.72946
0.71945
0.85507
0.73961
0.76033
0.83176
20.464
21.577
11.776
7.3451
13.521
1.7338
0.75162
0.75858
2.1038
1.2794
1.5631
3.9264
12.134
14.962
20.559
19.32
10.965
14.588
1.9187
1.5812
0.98175
1.0375
1.5849
0.94189
1.2274
1.8836
0.92257
4.2462
0.82794
0.87297
5.5719
0.81283
0.77625
0.78524
3.069
0.7656
0.69663
0.87498
0.73961
0.82224
1.2912
1.2882
0.76033
0.95719
1.1803
1.7701
1.2218
1.074
1.3459
1.6069
0.94842
1.5812
1.6943
1.5453
2.1928
1.6672
1.652
1.5668
1.9588
1.1092
0.9528
2.0184
1.3397
1.9543
1.4454
2.8119
0.77625
0.78343
1.0691
1.4158
1.3092
0.97275
0.88716
0.72946
2.6607
0.85507
1.6982
2.673
0.80353
0.86696
0.79433
1.0399
9.0782
2.1232
15.74
16.749
18.75
6.1376
10.617
3.069
7.3114
3.0479
0.8414
0.76384
0.83753
0.7925
1.3836
10.023
1.2972
0.90157
1.0544
1.4125
0.97051
0.78524
0.83753
0.84918
4.8306
0.68707
0.70958
0.77446
9.6605
1.6672
1.0351
1.4859
1.2882
1.1776
1.0304
3.0832
1.2417
1.1169
1.2445
1.099
1.194
1.0765
1.3521
1.8239
0.78343
0.87096
0.87902
1.0789
0.89331
2.6669
0.98401
0.90991
0.94189
1.1614
1.0839
1.0495
0.91622
1.8281
1.1143
0.88716
0.68865
0.76033
1.2853
0.89743
1.1695
0.96828
0.78705
0.82985
1.1885
3.3963
2.2594
1.2134
1.074
0.92897
0.74989
0.7656
0.74131
0.86099
3.5237
2.3067
0.82414
1.0423
1.0069
1.3677
0.86099
5.4576
1.1376
9.8628
1.7539
0.7709
0.79799
0.97499
1.5668
2.8907
0.74989
0.70146
12.417
23.55
10.447
2.6853
1.3032
1.1066
2.5823
1.0965
0.80168
1.1041
0.76033
0.99083
0.85901
1.5959
3.8637
12.474
0.72778
0.76384
3.2359
5.4075
1.3062
0.93111
0.7925
0.88105
1.0568
1.0666
1.0304
0.79799
0.92045
0.91411
0.86099
1.0116
0.89125
0.96605
0.77268
1.0568
1.2417
0.97949
1.1143
0.76913
0.84918
0.95499
1.1668
1.9275
0.80168
0.79616
1.0864
1.9815
0.80353
0.78705
0.81283
0.82794
0.80168
0.99541
0.93111
0.70958
0.84333
3.02
0.72111
0.65313
1.1482
4.6026
10.069
17.219
1.205
2.6363
0.78524
5.0816
1.2853
1.3335
0.82414
1.3614
1.2764
0.90157
0.92045
1.1092
1.5241
0.72946
0.79799
0.81096
0.76736
5.0582
1.1298
2.0184
0.73282
0.68865
0.70958
0.73451
0.71121
0.68865
0.81846
0.66834
0.67608
0.76913
0.74645
0.7145
1.3677
0.74473
0.72444
0.78705
3.8107
0.74989
0.74131
0.66222
0.74131
0.75683
0.73451
0.69663
0.72277
0.73621
0.69663
0.71285
0.68391
0.68865
0.79983
0.86696
0.8091
0.74302
0.7709
0.94406
0.72444
0.81283
0.65615
0.72946
0.66374
0.69502
0.74817
0.71945
0.68865
0.72111
0.71285
0.98628
0.72778
0.7379
0.73961
0.94624
1.2794
2.3823
1.3122
1.8967
1.1668
0.78163
1.028
2.5586
1.9953
1.3213
1.2912
1.5812
1.5524
1.2589
1.0765
1.2735
1.3366
1.2134
0.9977
1.3646
1.4256
1.7418
1.3964
1.6634
1.5488
2.8314
1.4093
0.76033
0.69024
0.72277
0.69183
0.68865
0.70958
0.69984
0.72611
1.5241
0.98175
0.81283
1.7179
0.95719
0.82794
0.9247
1.0093
0.84918
2.1878
0.81096
0.71779
0.72946
0.91411
0.76736
0.84723
0.77983
1.2794
1.2078
0.90157
3.0761
1.0765
3.0339
0.74817
0.69502
0.68865
0.76736
0.72111
0.66834
0.72778
0.72946
0.70958
0.69024
0.74989
0.83176
0.70958
0.72111
0.93756
0.68077
0.69823
0.70958
0.72111
0.79068
0.68234
0.74645
0.69343
1.0715
0.80353
0.71121
0.76033
0.7925
0.81096
0.70795
0.68707
0.70632
0.75509
0.70146
0.76033
0.70307
0.70958
0.71285
0.71285
0.7656
0.76033
0.70307
0.70958
0.69823
0.73114
0.72778
0.7379
0.72778
0.70307
0.75162
0.75336
0.73114
0.73621
0.70632
0.68549
0.73961
0.70795
0.70795
0.70958
0.72611
0.76208
0.73114
0.73282
0.78705
0.68707
0.72611
0.74817
0.71945
0.71945
0.71945
0.67764
0.68707
0.7379
0.75683
0.70632
0.7379
1.1117
0.69663
0.69024
0.70795
0.69183
0.70795
0.69984
0.71945
0.70146
0.70146
0.76736
0.71945
0.7379
0.68391
0.67453
0.74817
0.73114
0.70795
0.71614
0.69984
0.68391
0.71614
0.66222
0.67764
0.73282
0.72611
0.74817
0.75858
0.77446
0.7379
0.68077
0.7145
0.67608
0.69502
0.72611
0.71779
0.71779
0.68549
0.67453
0.86696
0.81658
0.72111
0.97051
0.79068
1.1194
2.5586
0.71779
0.76208
0.82985
0.82414
0.97499
0.8995
0.82224
0.74131
0.79433
0.82224
3.3884
0.75336
0.70307
0.69663
0.67298
0.70469
0.81096
0.82985
0.75162
0.78886
0.73621
0.82604
0.81096
0.88716
0.81096
0.75162
0.72444
1.0839
0.68234
0.73451
0.79616
0.69502
0.75162
0.74473
0.71945
0.71121
0.71614
0.67143
0.69024
0.67608
0.71945
0.71614
0.74131
0.70795
0.74645
0.80168
0.73282
0.79983
0.7145
0.67608
0.73451
0.86696
0.73451
0.7925
0.7379
0.76913
0.97051
0.78886
0.68865
0.66527
0.70795
0.66988
0.70958
0.68549
0.77625
0.70469
0.70632
0.75858
0.67143
0.75509
0.66988
0.83368
0.73621
0.72946
0.72611
0.88512
0.70469
0.82035
0.76384
0.7145
0.85507
0.71945
0.69663
0.70146
0.72111
0.73451
0.75336
0.71945
0.67608
0.67608
0.69343
0.68234
0.69343
0.65917
0.70795
0.66834
0.75336
0.73961
0.7145
0.88716
0.72611
0.74989
0.74989
0.78705
0.85507
0.82035
0.78343
0.87297
0.82224
0.72778
0.82414
1.2474
1.2417
1.3964
1.3614
1.5524
0.73114
0.66374
0.67453
0.71121
0.71945
0.72111
0.69343
0.70795
0.71121
0.74131
0.69663
1.9454
1.2023
0.97499
2.0417
0.98175
0.8995
0.98628
2.8907
0.80168
1.0495
0.68549
0.86099
1.5101
0.69502
0.69663
0.7145
0.63973
0.67453
0.65766
0.74645
0.72277
0.69502
0.7656
0.75509
0.72778
0.68077
0.6792
0.69663
0.65615
0.66069
0.70469
0.80538
0.71945
0.69663
0.68391
0.69663
0.72111
0.70469
0.79068
0.66069
0.75162
0.78163
0.89125
0.82604
0.74989
0.82604
0.8995
0.92257
0.86497
0.90573
1.1668
1.3092
1.6293
1.5276
2.2542
0.68549
0.68549
0.67764
0.87096
0.64565
0.69823
0.64417
1.3335
0.79983
0.70146
0.74473
0.66988
0.72444
0.76033
0.71945
0.67764
0.67608
0.68549
0.70307
0.68707
0.71121
0.73961
0.68234
0.69024
0.67764
0.64863
0.68391
0.70307
0.6792
0.66374
0.65313
0.66834
0.78524
0.70958
0.69823
0.72444
0.68234
0.68865
0.70146
0.7379
0.70146
0.66988
0.77804
0.70958
0.70795
0.84333
0.6792
0.66527
0.65464
0.65163
0.67608
0.90157
0.68707
0.65464
0.66374
1.0814
0.68865
0.68865
0.71614
0.67764
1.0139
0.66222
0.66069
0.70958
0.68549
0.66988
0.88308
0.69502
0.66069
0.74302
0.67453
0.67764
0.70307
0.66222
0.71121
0.88716
0.80353
1.3002
1.6943
1.1668
0.97499
1.5996
0.9247
1.2823
2.6792
0.65917
0.78524
0.67143
0.7379
0.64121
1.2359
1.0593
1.0139
0.81283
1.2303
2.6977
0.68391
0.68549
0.70469
0.70146
0.7925
0.69024
0.75162
0.69343
0.66834
0.67608
0.68549
0.67764
0.68865
0.68549
0.69823
0.69183
0.69343
0.66069
0.66834
0.67764
0.65163
0.76208
0.69823
0.65163
0.68865
0.67608
0.67764
0.67298
0.91201
0.72778
0.66374
0.71614
0.69343
0.70469
0.69183
0.67608
0.74473
0.68234
0.72946
0.68077
0.64565
0.64714
0.71779
0.73621
0.78163
0.74302
0.75509
0.72946
0.85901
0.8356
0.82985
1.0375
1.2972
0.66374
0.90365
0.69343
0.66834
0.89743
0.68234
2.0559
0.65917
0.66527
0.72611
0.67453
0.68707
0.8356
0.70146
0.72444
0.69343
0.73282
0.86298
0.66681
0.84918
0.69984
1.0447
1.0139
0.83753
1.1561
1.1455
3.3651
3.9811
1.3092
1.6672
1.2303
1.6904
1.1561
1.2764
1.4588
1.5031
1.0839
1.122
1.556
1.3092
1.4997
3.4435
1.8323
1.6069
1.3152
1.3836
1.4622
1.4421
1.2823
1.1967
0.7925
1.4689
1.0691
0.82224
0.80724
0.82794
0.74817
0.80168
0.70307
0.68391
0.72946
0.70469
0.69343
0.74645
0.89743
0.83176
0.94842
0.75683
0.75683
0.84333
0.82224
0.88105
0.69823
0.81658
0.74645
0.75509
0.73451
0.78705
0.71945
0.85901
0.67764
0.87498
0.82604
0.84918
0.71945
0.71779
0.77983
0.75509
0.74131
0.74817
0.74817
0.75858
0.7709
0.87297
1.135
0.8531
1.0864
0.74473
1.6293
3.0549
1.4322
1.4757
1.4322
1.4689
0.99083
1.1912
0.76384
0.70632
0.68234
1.3614
1.4859
0.90991
0.71285
0.67453
0.72946
0.70958
0.7709
0.74989
0.8356
0.68234
0.69502
0.72778
0.78705
0.65163
0.72444
0.66374
0.70146
0.71285
0.69663
0.71121
0.69984
0.74817
0.68391
0.74131
0.70795
0.69024
0.77268
0.70632
0.77625
0.72444
0.7656
0.70307
0.75509
0.7925
0.83176
0.8147
0.75858
0.70795
0.77446
0.68549
0.65766
0.74131
0.72111
0.7145
0.81283
0.70958
0.73451
0.6792
0.76033
0.7379
0.68234
0.78163
0.70632
0.7709
0.78343
0.66988
0.7379
0.74645
2.0701
0.81283
1.5596
1.2359
1.0965
0.69502
0.85901
0.74989
0.96828
0.75336
0.8091
0.84918
0.84918
2.1038
1.0641
1.219
2.3121
2.6062
2.5942
1.3152
3.2137
0.75858
0.70632
0.71285
0.75509
0.77804
0.75336
0.84723
0.87297
0.79433
0.75509
0.78524
0.74131
2.9242
1.4028
0.68234
0.7379
0.76736
0.82604
0.77268
0.76913
0.76913
0.76033
0.79433
1.3335
1.4028
0.86099
1.2134
1.0495
0.8995
1.0423
1.2417
1.2134
0.82985
0.76384
0.79799
0.9506
0.82794
1.1272
2.3067
2.4889
0.74989
0.71945
0.79799
0.71285
0.71945
0.73282
0.74302
0.72444
0.78886
0.84528
0.73961
0.76208
0.67764
0.78886
0.75509
0.8356
0.82224
0.7379
0.82985
0.76033
0.7145
0.80724
0.76208
0.79616
0.80353
0.8356
0.7656
0.71121
0.70469
1.9099
0.73282
0.68234
0.72946
0.74131
0.70958
0.71779
0.71285
0.7709
0.72277
0.73961
0.70307
0.73621
0.69024
0.73961
0.66222
0.75509
0.65013
0.75858
0.71945
0.77625
0.74131
0.77268
0.72444
0.71779
0.75509
0.70958
0.66069
0.72444
0.74302
0.74473
0.69984
0.72111
0.67608
0.77268
0.76913
0.75858
3.2659
0.76913
0.7656
0.91201
0.88308
0.90782
1.6032
0.84333
1.0423
1.0139
1.0186
0.86298
1.099
0.97051
0.77625
2.6182
1.3932
0.77983
0.71945
0.69984
0.93756
0.72611
0.75162
0.69343
0.72611
1.2735
1.122
0.67143
0.7656
0.7709
0.70632
0.75162
0.69984
0.73451
1
1.256
0.78343
1.074
0.93325
0.82224
0.79433
0.83753
0.84918
2.8054
0.79068
0.77983
0.68707
0.73282
0.68549
1.0351
1.4125
0.81846
0.65917
0.66681
0.65615
0.73451
0.71945
0.71614
0.80538
0.7379
0.7379
0.73114
0.72444
0.70469
1.3836
0.70146
0.71779
0.71779
0.71614
0.70632
0.70958
0.70307
0.72611
0.73621
0.69024
0.74302
0.70146
0.70469
0.69663
0.67298
0.67764
0.66681
0.72277
0.71779
0.68549
0.73451
0.76913
0.71285
0.7145
0.69502
0.71121
0.65917
0.68391
0.70958
0.67764
0.70632
0.71614
0.65163
0.69663
0.70307
0.69343
0.68391
0.7145
0.65013
0.69823
0.67298
0.68707
0.74645
0.68234
0.86298
0.66527
0.67453
0.67143
0.70469
0.65917
0.64714
0.68077
0.76208
0.84918
0.8356
1.8113
0.78886
0.9247
0.81283
0.87096
1.3032
1.4454
1.5066
2.541
3.3113
0.7379
0.72277
0.75858
0.70146
0.72611
0.65163
0.7379
0.72111
1.3092
0.8414
0.80538
0.86896
0.75858
0.80353
1.9409
0.82604
1.2303
1.0839
1.2735
1.0568
1.5885
0.95719
1.2023
1.3614
1.1803
1.3552
1.2331
1.205
1.0399
1.1429
1.1324
0.93111
0.8531
0.87498
1.4723
1.1803
1.1041
2.3442
0.8147
0.79799
0.73114
0.72111
0.74302
0.74131
0.74645
0.76913
0.74645
0.72611
0.69984
0.7656
0.81846
0.68549
0.68549
3.6559
0.84333
1.9187
7.7446
0.74817
0.69663
0.71285
0.73621
0.77625
6.4121
1.932
1.2677
1.219
0.93541
1.2162
1.6144
0.89536
1.0399
3.8637
3.8019
1.219
0.75683
0.75336
0.75683
0.80353
0.73961
0.7656
0.69024
0.75858
0.74645
0.67608
0.73621
0.72611
0.82985
0.74645
0.69663
0.65464
0.70146
0.70146
0.65163
0.75162
0.73621
0.69343
0.65766
0.68077
0.74302
0.77446
0.76208
0.66069
0.73621
0.71779
0.69823
0.73114
0.82224
0.75162
0.73961
0.71614
0.68391
0.73961
0.71285
0.76033
0.75162
0.75858
0.78886
0.93756
0.77625
0.77446
0.77983
0.79799
0.7709
0.82794
1.3366
1.2388
0.94842
0.71121
1.6982
1.4454
4.0644
0.82414
0.9247
0.97499
0.76033
1.1324
0.87498
0.7379
2.0045
1.7418
2.3768
0.87902
1.2853
0.72111
1.0351
1.9543
0.70958
0.74473
0.84528
0.77983
0.71945
0.70795
0.77625
0.72611
0.74302
0.72611
0.76736
0.8995
2.6002
0.99312
1.932
0.82604
1.0233
1.0304
1.0093
1.0116
1.3002
0.87902
1.0471
1
0.9506
1.0423
2.2856
0.87297
0.81283
0.82035
1.1092
0.81658
1.0093
1.2942
1.1143
1.3428
0.79983
1.0069
1.2706
1.0544
1.0209
0.99083
0.91201
1.1482
1.0914
1.0495
1.9588
1.6106
5.035
0.87297
0.74131
0.66988
0.64417
2.0749
0.69984
0.68707
0.72111
0.7379
1.0328
0.77983
3.8815
0.74302
0.71285
0.71779
0.69984
0.69663
0.68391
0.71614
0.69823
0.75336
0.81658
0.68549
0.69823
0.69984
0.72778
0.74302
0.77446
0.70632
0.6792
0.72444
0.73961
0.72611
0.71285
0.66069
0.7656
0.68077
0.75683
0.71779
0.68549
0.75509
0.70958
0.75509
0.67298
0.67453
0.73451
0.70632
0.73961
0.71614
0.70958
0.74473
0.73114
0.74131
0.65917
0.67608
0.75683
0.74473
0.70795
0.69823
0.72946
0.70469
0.67764
0.72778
0.68077
0.7925
0.72277
0.66834
0.69984
0.70469
0.69024
0.83176
0.73114
0.74302
0.74645
0.74302
0.68707
0.69984
0.69343
0.877
0.69502
0.66681
0.67764
0.7379
0.71121
0.71945
0.70469
0.74473
0.69663
0.64417
0.79616
0.70958
0.70958
0.80168
1.1092
0.89743
0.93541
0.82414
0.82794
0.8414
0.84723
0.96161
1.6255
2.1777
0.73114
0.8091
0.79068
0.67143
0.7379
0.74989
0.69502
0.66681
0.69502
0.82414
0.92683
0.72277
0.7379
0.67764
0.73114
0.72111
0.67764
0.75858
0.67143
0.75336
0.7709
0.70146
0.7145
0.68077
3.0903
0.71285
0.81283
0.72611
0.78886
0.68707
0.73961
0.75162
0.76208
0.77983
0.73621
0.78886
0.77804
0.70958
0.71945
0.72611
0.78524
0.78705
0.72277
0.69663
0.69024
0.69183
0.72111
0.78343
0.75683
0.73114
0.74302
0.73451
0.76033
0.7925
0.78163
0.73282
0.78163
0.75509
0.71945
1.5171
0.90157
0.79799
0.87498
0.85901
1.3213
0.91833
1.4223
0.97499
1.2589
0.79433
1.2417
0.98175
0.84333
1.5996
1.256
1.3428
1.5668
1.4454
0.67143
0.67143
0.74817
1.7579
0.7656
0.78343
0.86896
0.71945
1.0209
0.90782
0.78343
0.92897
0.88308
0.79433
0.93972
1.3868
0.82414
0.79068
0.73621
0.91622
0.75162
0.87096
0.91411
0.86696
0.76913
0.78163
0.82794
0.7709
0.78705
2.0941
0.72611
0.69024
0.76033
0.75509
0.79068
0.94406
2.0045
2.3442
1.3397
2.7669
0.74989
0.70958
0.76384
0.72946
0.75858
0.75858
0.69663
0.70795
0.69502
0.80168
0.69343
0.73621
0.72444
0.78524
1.7906
0.85901
0.73114
0.81096
0.77983
0.72111
0.70958
0.71779
1.0765
1.5453
0.75858
0.75162
0.69502
0.72444
0.73451
0.76736
0.71285
0.76033
0.72611
0.82414
0.76033
0.74817
0.71121
0.79983
0.72444
0.68865
1.5382
1.7989
0.69502
0.83368
0.74131
0.70795
0.72778
0.68391
0.70307
0.73621
0.76208
0.72444
0.67298
0.77983
0.78886
0.75683
0.77268
0.77983
0.74989
0.70795
0.71614
0.70632
0.68549
0.75162
0.72277
0.72611
0.67764
0.69343
0.75336
0.67143
0.82224
0.7925
0.66681
0.8147
0.74473
0.74131
0.68549
0.70146
0.74302
0.78343
0.79799
0.69984
0.75683
0.69343
0.73621
0.73961
0.79616
0.80724
0.70469
0.70958
0.72277
0.7656
0.74989
0.75683
0.7379
1.9187
1.9724
0.68707
0.76913
0.69343
0.67608
0.70632
0.71614
0.74645
0.78163
0.74817
0.70469
0.70632
0.81283
0.79068
0.73961
0.75683
0.68865
0.78524
0.7379
0.73961
0.74989
0.79799
0.76736
0.86696
0.70632
0.71779
0.73282
0.71779
0.7145
0.7145
0.68077
0.69502
0.68391
0.71779
0.66374
0.73621
0.66681
0.67143
0.69024
0.74645
0.66834
0.70632
0.70958
0.72946
0.70958
0.7145
0.72946
2.1135
0.86696
0.8531
1.4191
0.93111
2.023
0.72778
0.72611
0.76033
0.79799
0.8147
0.78705
0.7379
0.69663
0.74302
0.74473
0.73621
0.69984
0.7709
0.75509
0.71945
0.69343
0.74473
0.72778
0.74302
0.74645
0.72778
0.70632
0.70958
0.78705
0.71285
0.81283
0.76208
0.74302
0.74817
0.73621
0.76913
0.76033
0.7379
0.80724
0.82985
0.91833
0.76033
0.68234
0.83176
0.76033
0.73282
0.76384
0.74645
0.73961
0.76913
0.78524
0.71285
0.7709
0.68865
0.79983
0.83176
0.86099
0.68234
0.73961
0.80538
0.77983
0.78163
0.73114
0.74817
0.71121
0.6792
0.74131
0.76736
0.76736
0.75162
0.71285
0.73621
0.82794
0.79799
1.2618
1.1722
1.1015
1.1015
0.86099
0.90157
0.90573
2.2182
0.8356
0.95719
0.82794
0.84918
0.8356
0.84918
1.0069
0.88308
1.0162
2.7606
1.1885
0.99312
1.1668
0.97949
1.0495
1.1015
1.0814
0.81283
0.86896
1.0495
0.98628
0.75683
0.74645
1.7258
0.78524
0.97949
0.92257
0.97275
0.94842
1.0617
0.95499
1.0399
0.89125
1.1376
1.0069
0.85704
0.92045
1.652
1.2677
1.2417
0.80168
2.1184
1.932
0.71779
0.74131
0.76736
2.3605
0.9528
0.82224
0.80538
1.574
0.79068
0.68391
0.93111
2.8576
0.83176
0.68391
0.75336
0.73961
0.68077
0.71945
0.70632
0.68707
0.67143
0.75858
0.72778
0.80353
0.70469
0.77804
0.65766
0.76736
0.7145
0.77268
0.74817
0.70469
0.76384
0.87096
0.74817
0.77804
0.78524
0.69984
0.71285
0.71945
0.68549
0.7379
0.72444
0.80353
0.7709
0.75683
0.7709
0.71285
0.77268
1.4622
0.72111
0.76208
0.72946
0.79799
0.69024
0.75858
0.73114
0.67143
0.80724
4.6452
0.71614
0.74645
0.75509
0.77268
0.7379
0.71614
0.70632
0.67453
0.77804
0.71945
0.69823
0.80724
0.72277
0.74473
0.76736
0.73282
0.79799
0.76033
0.71779
0.78705
0.75162
0.68391
0.73451
0.74989
0.77446
0.68077
0.76913
0.74302
0.74302
0.66527
0.7145
0.78524
0.75683
0.69823
0.70632
0.73961
0.72946
0.69024
0.73451
0.72611
0.70958
0.73282
0.76208
0.72778
0.70307
0.74302
0.74645
0.66527
0.69984
0.73282
0.76033
0.71945
0.75683
0.77268
1.1194
0.8091
0.75858
0.8414
0.75336
0.75683
1.0814
1.1272
0.86896
0.98855
1.183
2.3768
0.68707
0.73114
0.74817
0.74131
0.78163
0.7145
0.69343
0.7656
0.75162
0.72277
0.74131
0.68707
0.64565
0.70307
0.65464
0.77983
0.7709
3.4198
0.73961
0.96828
1.4421
1.4125
1.2474
0.74473
0.90573
0.78705
3.2509
0.81096
0.74817
0.77804
0.74302
0.76913
0.79433
0.81658
0.72946
0.77804
0.7656
0.76736
0.76208
0.75509
0.85704
0.88308
0.69663
0.69663
0.70307
2.1281
0.72444
0.71614
0.68549
0.72946
0.85901
0.95719
1.0666
0.71945
1.0328
0.71779
0.83176
0.69823
0.8147
0.70795
0.70307
0.69183
0.69024
0.70958
0.72444
1.3709
1.8967
0.71779
0.69024
0.73114
0.69984
0.74302
0.72111
0.6792
0.79983
0.71779
0.74817
0.72946
1.0965
0.78343
0.74302
0.8147
0.72111
0.78343
0.7656
0.77268
0.79068
1.0233
2.3933
0.82414
0.68707
0.66988
0.69183
0.73961
0.78886
0.71614
0.72444
2.0324
1.1749
0.74302
0.83368
0.81283
1.5453
1.3213
1.3646
0.92045
1.5849
1.2853
1.349
1.4223
1.1858
1.406
1.1614
1.2359
1.2647
1.1614
1.5241
1.6032
1.5704
3.8459
3.9537
0.71945
0.81283
0.72611
0.85507
3.0549
6.4417
0.70307
0.8147
7.5162
11.776
22.131
13.521
12.823
9.977
1.219
1.4223
1.1695
1.2618
3.6475
0.69502
0.78524
0.74302
0.76913
0.79616
1.1749
0.76033
3.4834
6.1944
0.97499
0.89536
1.0069
1.1535
0.95719
0.97051
0.88716
1.1722
2.4155
1.5417
1.0789
0.95499
0.98628
1.0139
0.93111
1.7338
0.75683
2.9174
0.74131
0.70307
0.73451
0.69823
1.574
0.7925
0.7145
0.68707
0.74989
0.71121
0.72444
0.72111
0.70795
0.80168
0.75336
0.7709
0.78524
7.145
0.75509
0.73621
0.7379
0.74989
0.79616
0.79799
0.77804
0.66988
0.71614
0.70795
0.74302
0.72111
0.82794
0.79433
0.79616
0.83753
0.79433
0.94189
0.85114
0.89331
0.80724
4.0087
0.65013
0.72946
7.3621
1.5101
3.7325
1.5205
2.8119
1.0328
2.3281
1.8923
0.7145
0.73621
0.76913
0.72277
0.75858
0.6792
0.83176
3.0339
3.3963
0.75683
0.68549
0.70958
0.73621
0.72444
0.69984
3.8548
0.82224
0.66222
0.69024
0.8414
0.74645
0.72444
0.73621
0.71614
0.75858
2.2646
0.79799
0.90365
0.86099
0.69502
0.78163
1.0765
0.9506
1.1376
1.0765
2.9648
0.74817
0.7145
0.72946
0.65615
2.6669
15.417
17.458
10.447
0.75858
0.70469
9.3972
0.76736
1.0399
1.0495
1.1429
1.1015
1.0447
0.90573
0.87902
0.9506
0.86497
0.85114
0.92257
0.96605
0.84918
0.8147
0.90782
6.4863
0.88308
1.845
0.69502
8.3368
0.82224
0.76913
3.2285
0.75336
0.82224
0.78705
0.79433
0.69024
0.71614
0.78524
0.72946
0.7656
0.74817
0.74302
5.4075
1.028
0.86696
1.7742
1.4894
0.69343
0.71945
0.72946
0.70307
0.70469
3.3963
0.73282
0.72111
0.69183
0.72277
0.75162
0.74817
0.71121
7.656
17.179
12.531
14.125
6.223
5.8884
23.55
11.22
0.73451
0.70632
0.70632
0.70632
0.67608
0.67298
0.70307
2.208
1.9364
7.6033
0.69502
0.76913
0.68549
0.69984
1.7701
0.84528
0.70958
0.73961
22.387
13.552
16.749
22.542
16.331
11.402
1.4421
5.4576
5.2845
1.3996
3.8194
12.531
21.038
0.79983
0.73114
9.9312
21.928
28.314
24.434
1.8281
1.3996
11.803
16.293
14.355
19.724
22.961
23.659
27.227
25.763
16.788
28.51
16.943
21.928
0.99312
1.9543
1.2417
7.0307
11.803
18.578
17.824
2.1232
1.074
3.2137
0.93541
0.74989
9.2897
0.8531
0.94624
11.402
10.351
11.455
11.776
24.604
17.258
20.417
1.5668
0.9247
0.91833
0.77446
0.87297
0.86298
3.7931
0.90365
1.0093
0.8091
0.84723
9.4189
22.909
24.434
10.375
1.1776
0.88105
1.4488
5.8749
19.588
20.845
17.338
19.861
6.1376
11.912
14.825
20.654
32.063
26.607
22.856
0.74473
0.97051
1.0399
1.9498
13.996
2.7606
7.1945
0.86497
1.1508
3.4198
1.1482
16.558
23.496
16.943
13.274
12.764
1.4256
16.406
23.55
22.856
25.823
23.768
20.37
21.232
24.946
22.336
18.113
4.0644
2.7164
0.86696
12.445
1.7022
1.3964
1.0116
1.122
1.094
5.9704
6.2373
11.376
21.528
19.011
17.498
13.274
11.695
23.605
0.72111
4.529
2.1184
15.101
16.069
6.0674
3.342
9.7051
10.914
19.815
16.943
18.75
3.8905
15.311
21.979
1.0069
0.89536
14.757
12.218
3.7239
15.524
17.179
7.6384
1.9055
1.2445
0.87498
0.76736
0.84333
4.6989
3.5727
20.845
16.788
19.055
24.434
20.137
18.03
2.7669
1.4521
13.183
0.69024
0.67298
10.046
20.893
23.014
24.946
12.274
8.531
6.1518
17.179
35.975
0.89536
0.75509
15.959
23.281
13.996
0.70795
1
2.0941
6.5163
16.218
0.77804
0.74131
0.77625
10.186
17.579
16.634
21.38
22.594
21.135
21.429
25.061
21.777
16.904
8.4723
0.76033
16.596
20.512
16.069
19.634
19.011
20.989
0.74473
9.7949
13.243
17.989
17.66
15.668
20.941
5.8884
1.0544
3.1769
2.0989
11.376
8.4918
0.87297
9.0991
18.239
0.72946
0.69343
0.72778
0.71779
0.72277
10.28
21.577
16.904
19.724
9.6383
15.776
1.6827
3.8019
2.0701
21.086
16.368
22.803
19.634
11.22
2.1528
1.1967
4.5499
1.3122
3.5237
15.596
12.218
23.878
5.0234
1.2388
0.81846
1.4555
0.68707
0.72946
0.66681
0.78886
0.68865
1.2589
3.7844
2.5527
6.7453
0.9247
0.74473
0.78705
1.3836
5.2119
0.74989
1.7783
0.74817
0.67298
0.81283
0.75683
0.7709
0.71285
0.72444
9.1411
0.71285
0.7379
0.70469
0.65615
0.68865
0.70795
1.977
0.75162
0.72611
0.69183
0.76208
0.7925
0.73621
0.69984
0.69823
0.72277
0.70469
0.68077
0.6792
0.67764
0.71945
0.71614
0.76913
0.73114
0.74131
0.74989
0.72277
0.68549
0.77625
0.77804
0.72444
0.73282
0.69663
0.70795
0.83368
0.76384
0.86298
0.72778
0.74817
0.75336
0.72111
0.82794
0.71945
0.75683
0.79983
0.69823
0.7145
0.77625
0.74302
0.82035
0.91411
0.73451
0.75162
0.76208
0.81846
5.4954
3.1769
6.6834
0.68234
8.414
23.442
17.14
21.086
19.32
2.4774
12.942
1.5704
3.2659
8.414
8.995
9.3756
4.4463
27.102
25.177
20.184
19.588
3.6983
8.2414
1.074
3.9355
16.069
22.909
25.351
11.324
1.0328
19.679
6.1802
3.0761
1.4454
2.1727
1.6943
4.3853
1.6444
20.749
0.85704
6.368
5.1168
0.74302
0.7656
0.71285
2.1478
18.45
21.281
15.56
18.923
13.932
10.99
23.014
14.791
20.324
21.281
17.1
5.9156
12.023
14.962
1.6181
1.4093
1.1858
23.496
24.889
16.181
5.7544
0.69823
19.77
18.239
19.999
6.5766
3.1189
0.79068
12.503
0.72778
0.90991
1.122
1.1482
6.0117
1.8707
0.80168
0.76913
0.98401
1.8664
0.78524
1.183
1.3772
1.2218
1
4.4668
1.0023
0.69343
0.79433
0.72111
0.81283
0.86896
0.7656
1.1995
0.86298
1.8923
0.85704
2.9512
4.0738
15.849
0.83368
1.2303
0.69663
0.71945
0.68391
0.68077
0.99312
0.69984
0.71614
0.71779
0.70469
0.69663
0.75336
0.69663
0.80353
3.8282
0.73621
0.70632
13.49
14.06
17.947
24.266
16.749
20.23
5.3951
17.498
1.762
0.67764
23.442
20.464
18.45
17.947
20.845
16.866
11.588
16.788
14.757
22.182
9.5719
17.824
1.8967
0.70307
10.94
0.91201
11.695
1.1641
1.0593
1.2823
1.1272
5.9156
2.1135
2.5763
3.5318
0.7145
0.74131
0.73282
0.74302
0.70307
0.70632
0.72611
0.81096
0.80168
0.72611
0.7656
0.83753
1.1143
0.76913
0.74645
0.72111
0.72444
0.79068
0.72778
0.70307
0.77804
7.8343
19.055
20.512
16.069
15.668
2.5763
2.6915
1.7061
2.704
1.8793
2.8576
0.7925
0.76913
0.86497
0.88512
1.2445
1.5704
1.6788
1.9275
2.0941
2.9785
4.3152
1.5849
1.0162
1.4388
1.1376
2.1478
0.80353
0.75162
0.7656
0.76384
0.77625
2.5235
0.82224
0.83946
0.74131
0.69024
0.74645
0.73114
0.79983
0.69984
0.70146
0.73114
0.75858
0.79433
0.70632
0.73451
0.72277
0.71945
0.93972
0.75509
0.70307
0.75683
0.70632
0.74131
0.69823
0.7379
0.71614
0.96605
0.75162
0.7709
0.7925
0.87498
0.78524
0.80538
0.78705
0.80168
0.83946
0.76736
0.7925
1.0399
0.77268
4.6452
0.75162
0.77268
0.71121
0.69823
0.79068
3.6392
0.69183
0.69024
0.7656
0.67453
0.93111
0.70795
0.72444
0.7709
0.7925
0.69823
0.68865
0.72111
0.69502
0.79616
0.7145
0.72277
0.71121
0.67764
0.73961
0.71779
0.7145
0.88512
0.70632
0.72946
0.72111
0.69343
0.7145
0.71614
0.68865
0.74817
0.69024
0.66374
0.69343
0.69663
0.6792
0.73621
0.69823
0.68234
0.78163
0.72277
0.90782
0.70795
0.75336
0.69343
0.79433
0.72611
0.70632
0.76736
0.73961
0.72946
0.79616
0.7145
0.69343
0.70307
0.73114
0.79068
0.69663
0.74302
0.74645
0.68549
0.72778
0.69024
0.70146
0.71614
0.69343
0.71945
0.75162
0.73282
0.62661
0.70795
0.6792
0.70146
0.69663
0.73451
0.74473
0.67298
0.71121
0.77446
0.78343
0.70795
0.74131
0.7379
0.76913
2.9242
0.96828
3.9811
0.88308
0.74473
0.73961
9.977
11.169
0.72277
0.74473
1.9498
0.69343
0.76913
4.8084
0.69823
0.72778
0.72277
0.7709
4.9659
0.72277
0.70795
0.69183
0.77446
0.68391
0.80724
0.75683
0.67608
0.71614
0.70469
0.73114
0.73961
3.7411
17.824
13.9
9.4842
8.2794
1.2942
1.2445
5.3211
8.4528
3.7154
5.821
16.032
3.1696
1.0162
4.7534
0.7379
1.4521
9.3972
0.92897
5.6754
0.70632
4.0738
0.71285
11.272
18.578
17.219
0.81658
0.72778
7.4817
4.5604
0.77446
1
11.324
4.0738
18.535
19.364
17.865
17.179
4.1495
18.197
6.7143
7.9616
12.218
0.70146
0.98855
13.836
4.0365
8.6896
13.772
20.464
20.464
14.655
1.0328
10.399
0.76208
1.39
0.78524
8.3753
1.0304
1.8707
4.3251
13.062
1.5704
16.596
21.135
22.646
8.2414
1.0328
0.83176
0.82035
0.96605
1.6406
0.77268
0.80724
0.83946
1.3274
6.1944
1.0209
0.76033
0.8531
2.7102
1.9543
7.5509
7.4817
17.66
27.29
20.559
18.836
14.894
15.276
20.277
0.85507
7.2946
2.4099
11.995
1.183
0.86497
1.6672
4.8084
11.194
0.69343
0.75509
0.69343
0.66681
16.982
0.68549
0.73451
0.75336
0.73451
0.76736
8.77
21.281
17.701
11.298
14.689
23.605
18.239
17.947
8.7902
10.568
2.9242
12.706
9.6828
20.137
23.067
21.979
11.614
11.298
1.3092
9.4406
10.093
8.2985
9.506
17.1
0.7709
0.75162
0.82224
7.1779
25.823
17.14
11.695
11.015
16.255
1.2359
1.6406
1.0399
0.80538
1.3122
0.78163
0.79616
0.8147
4.4875
4.8084
0.72611
3.6224
10.965
0.77983
1.2823
2.0559
0.73114
15.849
21.528
15.668
9.4624
10.839
18.836
19.364
6.8077
14.655
13.932
8.7096
2.1677
1.6827
3.4514
1.9364
1.6904
1.5031
1.9953
4.5082
11.695
7.4645
0.75858
6.3973
0.83368
10.023
1.6788
0.85704
0.76033
0.74645
0.85704
1.3932
0.77446
0.73961
0.88716
0.78524
0.79616
6.5766
1.6827
0.82985
0.7145
0.67453
0.7925
6.3826
22.08
17.219
1.8281
10.715
0.73451
2.0654
3.281
0.72778
3.3884
8.4528
6.2661
0.69984
0.69502
0.71614
3.3113
0.68391
0.82035
0.76913
0.71945
0.93111
0.72611
0.70632
0.70469
0.70146
0.76033
0.75683
0.75336
0.76033
0.82604
0.72277
1.1482
7.1779
0.74989
0.70632
0.76033
0.72778
0.72277
0.81846
0.71121
0.72277
0.77446
8.9743
24.044
23.55
15.631
8.77
2.851
5.9841
9.528
6.3096
0.82985
4.9774
0.91833
13.868
1.3932
1.1641
1.122
1.2078
1.0544
1.0375
0.99312
2.851
1.219
1.2912
5.5081
4.0365
6.2087
4.1879
0.69183
0.70469
6.1376
0.81658
24.099
27.04
25.823
25.41
5.6105
6.0674
1.2942
1.8923
0.8147
16.558
13.646
20.091
24.434
26.002
1.9231
21.727
14.158
7.4473
21.086
1.2023
0.81846
5.8076
8.2604
23.335
21.528
2.6424
9.2897
1.3709
10.889
16.982
16.634
23.659
17.824
17.258
4.2756
1.7947
2.0749
5.6364
0.81846
1.5996
1.0257
1.4322
8.4528
1.3274
0.98401
0.95719
0.72778
0.78705
0.82035
0.83753
0.83753
0.77983
0.87297
1.1092
3.5975
2.5003
11.967
2.2491
1.0023
1.1376
4.7753
10.544
0.79983
0.6792
21.184
10.093
0.76033
19.815
20.654
21.33
18.493
22.751
12.274
8.9125
10.666
11.143
1.1298
1.0889
1.2106
3.4041
9.6828
8.6099
8.5507
0.66988
17.539
21.627
20.137
17.701
11.508
6.3387
17.66
18.365
16.444
19.634
19.011
20.23
17.022
4.1976
10.666
21.038
4.7863
16.827
0.74645
20.893
17.219
19.011
3.342
11.482
19.055
24.21
20.277
18.113
0.85901
8.3946
5.7148
0.89536
0.8531
0.67608
0.87297
0.79433
2.2491
0.88308
0.93972
1.3521
1.2531
11.614
0.7925
0.7656
0.78163
0.90365
0.93541
15.668
20.893
24.434
16.558
2.1478
2.4604
8.7096
6.4565
1.0839
1.0568
2.8184
1.1324
1
1.1535
0.96383
1.074
1.2882
1.194
1.5524
1.1324
0.97949
0.98175
1.4825
2.0845
1.135
1.1376
1.766
1.3614
1.1272
0.84528
1.2618
1.5959
0.84723
2.8907
8.0538
13.397
19.588
23.933
26.424
24.547
1.2823
3.6475
0.76208
1.2764
1.9409
0.72444
0.80724
1.2106
11.143
3.9719
4.3251
12.417
0.79616
0.7145
5.8884
10.641
1.1117
1.2882
0.94189
0.84528
1.5031
6.1944
20.37
15.205
19.011
19.861
20.37
1.406
0.877
0.75162
5.3703
18.707
18.03
1.2331
23.388
25.527
12.794
12.388
1.6069
0.82794
3.7411
9.594
23.878
19.275
24.491
18.836
4.0087
25.061
10.186
2.5468
0.68391
1.5311
2.5468
17.219
1.6827
8.1846
4.2364
0.9977
20.654
20.797
27.353
21.979
23.768
20.324
25.003
24.266
21.928
18.155
6.8549
1.2942
12.246
9.2683
20.606
1.4588
1.6596
0.79616
4.0458
0.66988
0.72946
0.68707
0.77625
0.78886
0.77804
0.8091
0.8995
0.97724
0.90782
1.1066
10.28
9.8855
11.429
26.363
22.909
21.232
27.353
22.284
21.928
2.1928
5.5976
1.2417
1.5171
23.605
1.1015
1.888
1.2912
1.3646
2.2646
6.7298
22.08
26.363
20.137
20.654
25.003
23.714
23.659
21.677
24.889
7.0632
24.266
2.8576
15.276
16.482
17.258
18.535
23.933
22.439
27.797
21.038
20.893
8.5901
13.583
6.6527
13.521
30.2
20.137
19.679
16.444
1.0139
1.5417
1.0023
1.4622
0.97051
3.0269
1.1535
5.8345
1.8365
3.6308
3.3037
1.5885
0.94842
1.0423
1.7783
1.2647
4.3853
26.792
23.933
17.947
1.0471
1.7539
3.9446
10.162
5.3456
11.561
0.9528
0.96605
3.6644
0.78705
18.03
4.9204
27.04
17.62
20.893
21.429
1.3964
1.0209
1.8072
0.77446
0.74302
0.75858
0.70307
2.6669
0.89743
1.2853
0.79616
1.0116
2.6062
7.6913
9.9083
12.531
28.907
12.417
5.1286
1.4723
1.1803
1.1885
1.2388
1.3152
1.4825
2.1281
4.9204
7.4989
9.7949
22.856
11.015
26.122
15.382
8.8716
1.4256
15.417
0.77804
26.915
