1.0209
3.2359
0.70146
0.70146
0.70146
0.70146
0.70146
0.70146
0.70146
0.70146
0.70146
0.70146
0.70146
0.70146
0.70146
0.70146
0.70146
0.70146
0.70146
0.70146
0.70146
0.70146
0.70146
0.70146
0.70146
0.70146
8.4918
11.614
12.853
1.4655
1.0304
1.0304
1.0162
1.1324
1.1749
1.3583
1
0.91411
0.84528
0.9528
0.77268
0.8356
0.91622
1.135
1.1803
0.87902
0.8414
1.1324
5.9293
0.82035
0.7925
2.6424
2.0091
3.1117
1.0423
1.0765
1.0765
1.0666
1.2162
1.1092
1.0593
1.8535
0.9594
0.95499
0.88512
7.4302
10
12.618
1.0789
1.5631
0.90573
0.93111
1.0617
0.88512
1.556
0.86099
0.86696
0.9528
1.0447
9.3972
5.3088
0.97949
1.8793
9.7724
11.588
8.8105
13.274
12.531
9.1201
1.0093
1.0093
0.93756
0.84918
1.3366
0.89536
0.88105
0.8892
0.81096
0.82604
1.0233
0.82604
0.81096
2.704
1.9543
0.93325
1.1194
1.1246
1.0351
1.4962
0.93325
0.94189
1.1912
0.91411
0.86696
1.4028
1.205
1.1015
1.2618
1.256
1.1455
1.0328
1.1015
1.2274
0.98855
1.0864
1.1885
2.0045
1.2078
1.1482
1.1402
0.97499
0.86497
0.98628
1.2706
1.4421
1.0814
0.82224
0.88512
0.82985
8.77
10.889
7.6208
0.82035
0.83946
0.73621
0.90365
0.86497
0.86696
0.76913
1.0789
0.78524
1.4454
2.0324
1.1169
4.4771
0.98401
0.8531
0.85704
10.023
14.962
1.0069
10.069
11.324
8.5507
1.1041
0.8995
4.3752
12.05
10.023
12.853
4.9774
0.99083
11.776
11.885
11.535
1.5031
1.2134
0.87297
1.1455
1.2331
2.1577
0.84333
0.95499
1.0544
0.97724
1.8621
1.3836
0.87297
0.93972
1.0139
1.0423
0.9528
0.98628
1.5276
0.89743
11.298
12.56
9.4189
0.76913
0.88105
1.0864
1.406
7.9616
9.594
11.35
10.328
4.7424
8.8716
10.139
10.399
1.1169
0.8995
0.81658
0.99083
0.79433
0.86497
0.85114
0.9506
1.5417
2.673
1.1015
0.93541
1.1429
1.1803
1.1588
1.9143
1.2218
0.75336
1.1143
0.90991
0.86896
0.86298
0.81846
0.86497
0.86896
9.7051
9.9312
10.139
12.134
8.8512
8.531
2.4547
1.3964
0.92257
0.84528
1.2503
1.1535
0.96828
0.9594
1.1015
0.88308
1.1066
0.97724
1.3428
2.0324
8.6099
2.8708
0.97275
0.97949
1.2359
0.92683
1.3964
0.96828
1.2503
1.4322
0.76736
1.0789
0.8356
1.0691
0.82794
1.0666
0.92683
0.97275
1.1614
0.79616
0.99083
0.79068
0.74302
2.9107
1.0351
0.80168
1.0139
0.8091
0.90573
1.3772
1.6711
0.93111
1.0641
9.3972
9.0365
9.6383
10.209
9.8175
9.1833
4.0832
8.0538
15.382
0.8356
1.1455
1.2823
0.78343
0.90365
0.78163
0.80353
0.7656
0.89331
0.83753
1.7947
0.7925
0.88308
0.93756
1.1324
1.3213
1.3428
1.1092
1.0789
1.3032
1.3213
1.6293
1.7539
1.1117
1.4689
1.2853
1.6255
1.5596
1.0423
0.96828
1.5101
1.2823
1.4689
1.3428
1.2764
1.3428
1.1429
0.88105
0.77446
0.79068
0.82985
0.86497
0.90157
0.81096
0.81658
0.81283
0.91201
0.86099
0.99312
0.92683
1.1194
0.93756
1.0023
0.90991
0.89125
0.82604
1.2331
1.3932
0.7656
0.87297
0.84528
0.98401
1.0765
0.86099
0.84333
0.85704
0.87096
1.3709
0.87498
0.86696
0.91411
1.8664
0.88308
0.88512
0.86497
0.8892
0.78343
0.77625
1.0023
0.82985
0.85901
0.80538
0.86896
0.80538
0.93111
0.79433
0.83946
0.73961
0.82985
0.8531
0.82414
0.93111
0.87096
0.90157
0.8091
0.79983
0.83946
0.81846
1.0495
0.81846
0.86497
0.90365
1
2.3388
0.85901
0.9977
0.84918
0.7656
1.0666
0.83176
0.98401
0.94842
0.84333
0.88105
1.1588
0.98401
1.1015
1.0471
1.1376
0.81096
0.82604
0.82414
0.7656
0.85901
1.2589
0.77268
0.82604
0.91201
0.90782
0.89331
0.97724
0.77983
0.82414
0.84918
0.80538
0.81846
0.79799
0.7709
0.8091
0.88716
0.77446
0.79068
0.77983
0.8356
0.79433
0.82224
0.80538
0.87297
0.80168
0.78705
0.78886
0.88105
0.85114
0.7656
0.85704
0.77446
0.76913
0.77983
0.91833
0.75336
0.80168
1.2503
0.96383
0.88308
0.92897
0.83753
0.92045
0.87902
0.83176
0.96383
0.74302
1.0257
0.82985
0.94189
0.83946
0.90782
0.87297
0.78705
0.86896
0.87297
0.82414
0.89743
0.877
0.89743
1.0162
0.95719
1.1482
0.86696
0.83946
0.89536
0.89125
0.7709
0.82035
0.83176
0.86497
0.98855
0.84528
0.8147
0.87096
0.80724
0.84918
0.82604
1.0617
1.0641
0.78163
1.0069
0.80724
0.78886
0.85507
0.92683
0.80724
0.82414
0.77625
0.95719
1.0965
0.89743
1.652
1.4825
1.0864
1.2503
1.4521
0.75509
0.91201
0.84918
0.81283
0.81283
0.80724
0.79616
0.79616
0.7925
0.80724
0.77983
0.83946
0.81096
0.80724
0.80353
0.8091
0.83176
0.81846
0.78886
0.78343
0.88105
0.78163
1.2972
0.82414
0.93325
0.88512
0.96383
1.0641
1.4093
1.1722
1.7258
5.1404
1.3646
0.98401
0.94406
0.96383
1.2445
0.76736
0.75336
0.8892
0.81283
0.76736
0.86099
0.86298
0.80353
0.86497
0.76033
0.86896
0.75336
0.79068
0.83176
0.79068
0.79068
0.82985
0.90991
0.75683
0.80538
0.72946
0.78343
0.8356
0.80168
0.87902
0.82985
0.86298
0.80724
0.79433
0.74302
0.78343
0.75162
0.82985
0.85507
0.82414
0.78524
0.80538
0.7709
0.80538
0.78886
1.0093
0.77625
0.88308
0.93541
0.9506
1.1561
0.84918
0.92683
1.2023
2.2699
0.78886
0.76384
1.1722
0.80353
2.2284
1.0839
1.2474
1.1092
1.3183
1.6982
1.4928
0.81283
0.9528
0.8531
0.8414
0.82414
0.82794
0.87902
0.86896
1.0765
0.93972
1.6943
0.83368
1.1535
0.83176
0.76736
1.2474
0.78886
0.84918
0.74131
0.83368
0.78163
0.89536
0.77804
0.86497
0.81096
0.8147
0.87297
0.76208
0.73282
0.69984
0.88512
0.82985
0.88308
0.83176
0.79983
0.83946
1.8621
0.81658
0.80353
0.79616
0.85704
0.81658
0.75336
0.79799
0.86497
0.83753
0.79068
0.75336
0.86696
0.83176
0.82224
0.82414
0.79616
0.80538
0.82035
0.8531
0.76208
0.84528
0.8147
0.87297
0.74302
0.76736
0.83176
0.87902
0.91622
0.77268
0.8892
0.89331
0.80168
0.82604
0.8356
0.79983
0.93756
0.83176
0.7709
0.76736
0.77446
1.0666
1.2162
1.1143
1.2388
1.2677
0.94842
0.78524
0.94624
0.86696
0.86896
0.77446
0.8531
0.79983
0.87096
0.81283
0.83946
0.78163
0.78343
0.8147
0.78343
0.82414
0.80724
0.80353
0.8147
0.90573
0.76736
0.85704
0.86896
0.86696
0.87297
0.77446
0.85507
0.9594
0.76033
0.97499
0.85114
0.82604
0.76913
0.75336
0.90782
0.82985
0.88716
0.79799
0.78705
0.8414
0.83753
0.82604
0.79983
0.75858
0.75683
0.76913
0.79616
0.85704
0.79616
0.85704
0.8531
0.86696
0.79616
0.88716
0.86896
0.96161
0.81283
0.84528
1.0399
1.0544
0.98855
0.87096
0.92257
0.82985
0.74645
0.77804
0.82794
0.82035
0.94624
0.93111
1.0544
1.7338
1.4256
0.79068
1.0186
0.77625
0.87297
0.98401
0.81658
0.8995
0.9528
0.86099
0.91833
0.877
0.82604
0.88308
0.87498
0.79616
0.77983
0.88308
0.86896
0.8892
0.877
0.86696
0.85704
0.84723
0.84333
0.8531
0.80724
0.93972
0.76913
0.83368
0.96828
0.8414
0.82414
0.877
0.82794
1.2303
0.83946
0.74989
1.0495
0.82035
0.7925
0.74302
0.81096
0.83753
0.82414
0.81283
0.87096
0.84723
0.86298
0.87902
0.82604
0.96605
0.8414
0.86896
0.73961
0.74817
0.86298
0.91201
0.88716
0.8091
0.80724
0.77804
0.76913
0.79616
1.0641
0.81283
0.87096
0.91833
0.76736
0.77625
0.81283
0.79433
0.93325
0.87096
0.82985
0.79433
0.89743
0.93111
0.83946
0.98628
0.77983
0.89536
0.78524
0.89536
0.94406
0.87297
0.83176
0.88716
0.78163
0.76384
0.8995
0.79983
0.90157
0.87096
0.877
0.9528
0.8414
0.85507
0.90157
1.0233
1.5031
1.7458
0.92683
0.86298
0.90157
0.88512
0.87096
0.98401
0.93111
0.74817
0.79983
0.92045
0.98855
0.85507
1.0864
0.82985
0.77446
0.82035
0.95499
0.83176
0.80353
0.77268
1.0641
0.89125
0.8531
0.8995
1.0375
0.84528
0.82985
0.82414
0.79799
0.75858
0.8147
0.90782
0.9594
0.8356
0.91833
0.78886
0.79068
0.98175
1.0328
1.0544
1.4388
1.1508
1.3243
1.3335
1.3213
1.3122
1.5959
1.3614
1.5276
1.205
1.028
1.2677
1.2823
1.2912
0.877
0.85901
0.92683
0.85704
1.052
1.074
0.79433
1.0423
0.80724
0.76913
0.82794
0.89536
0.82985
0.81283
0.89743
0.86696
0.83753
0.82414
0.88512
0.90991
0.85507
0.80724
1.0351
1.4028
0.87096
0.86298
0.89125
0.8995
0.94406
0.83946
0.70469
0.88308
0.877
0.8531
0.77268
0.89331
0.86099
0.84723
0.88308
0.81283
0.80168
0.90573
0.8147
0.89536
0.7709
0.85114
0.86696
0.81658
0.76913
0.86099
0.83176
0.93756
0.94842
0.84918
1.3183
0.87297
0.86497
0.86696
0.87498
0.88105
0.81846
0.7925
0.86696
0.8356
0.84918
0.80168
0.85507
0.98175
1.194
0.9247
0.74473
0.79616
0.73961
0.81658
0.86497
1.1641
0.80353
0.82794
0.77625
0.74989
1.0965
0.87096
0.78163
0.73114
0.82604
0.80353
0.80538
0.79983
0.76913
0.74989
0.93541
1.3274
1
0.90991
1.0568
1.1588
1.7539
1.3335
1.1066
0.97051
0.87498
0.88716
0.86696
0.86099
0.72778
0.84723
1.0093
1.6181
0.77983
0.91622
0.89331
1.2882
0.88105
0.79068
0.78705
0.77983
0.83368
0.86497
0.76033
0.84918
0.87297
0.8091
0.82224
0.80538
0.78163
0.94842
0.81283
0.87297
0.88105
1.4521
0.78524
0.78524
1.2162
0.88105
1.0139
1.0666
0.87096
1.0495
0.80724
0.81658
0.97949
0.89743
0.76913
0.88308
0.74645
0.79433
0.86099
0.8531
0.82794
1.2735
0.90782
0.81846
0.79983
0.85704
0.79983
0.80538
0.88308
1.3152
0.85507
0.7925
0.97949
0.83753
0.82794
1.2853
1.1298
0.96828
0.79068
1.0715
4.217
4.5394
2.3659
5.3827
8.9125
0.83368
0.8892
0.75509
0.7925
0.94624
0.81096
0.74131
0.87498
0.81096
1.845
0.93972
1.0641
0.84723
0.92897
0.80538
0.8356
0.9528
0.92257
0.93541
0.9977
0.82035
2.5293
0.76033
0.83753
0.87902
0.75336
0.7656
0.77983
0.78886
0.85114
0.90991
0.82794
0.79983
0.97949
0.86497
0.8892
0.81096
0.95719
0.83753
0.99541
0.97724
0.82985
0.91411
0.83946
0.8414
0.86298
1.8239
0.74817
0.79616
0.84528
0.87096
0.877
0.93541
0.83368
0.8531
1.888
0.87902
0.92045
1.0023
0.9977
1.205
1.0423
1.1272
0.80353
0.77983
0.76208
0.85704
0.75336
0.89125
0.77446
0.78886
0.87096
1.0839
0.84333
0.76033
0.80168
0.75336
0.85507
0.8147
0.76033
0.79799
0.79433
0.83753
0.79799
0.85704
0.83753
0.76384
0.8091
0.74989
0.84333
1.2823
0.93111
0.81283
0.83753
1
0.82414
0.77446
0.80538
0.82985
0.74817
0.93756
0.80353
0.83753
0.83368
0.76913
1.0328
0.877
0.79983
0.78343
0.82985
0.78705
0.8995
0.88105
0.90365
0.80538
0.77625
0.76208
0.86696
0.8147
0.82224
0.9247
0.81846
0.82604
0.80724
0.94624
1.4093
0.77268
0.75336
0.76384
0.8147
0.7709
0.86696
0.86696
0.74989
0.75336
0.8892
0.82414
0.86896
0.7925
0.84723
0.9506
0.75858
0.86896
0.78343
0.87297
0.86099
0.7656
0.82604
0.7925
0.90991
0.85704
0.91411
0.8995
0.86696
0.90991
0.77268
1.3709
1.9724
0.91201
0.88105
0.98855
0.77625
1.256
1.0789
0.78163
0.84918
0.90573
0.87902
0.86497
0.78886
0.84723
0.82035
0.82414
0.77268
0.82414
1.3521
1.0765
1.2531
1.3213
0.81283
0.7925
0.93972
0.87297
0.76384
0.82985
0.82604
0.84528
1.0257
0.83176
0.81283
0.90157
0.78343
0.8147
0.84333
0.88716
0.77983
0.77268
0.85901
0.90157
1.1455
0.86497
0.91411
0.91411
0.8995
1.2942
1.0765
0.88105
0.90365
0.89125
0.95499
1.1041
1.3709
2.2233
2.1232
0.82604
0.80724
1.8535
1.0889
1.0209
0.9506
0.79068
0.76913
0.91622
0.93325
0.77446
0.94624
0.74645
0.75683
1.3122
0.91411
0.84528
0.86896
0.74302
0.79799
0.82604
1.122
0.85114
0.80353
0.88105
0.84333
0.8091
0.86696
0.88512
0.76913
0.82794
0.82794
0.89331
1.1776
0.77268
0.92045
0.80538
0.90573
0.94842
0.85507
0.81096
0.82604
0.82414
0.78705
0.8414
0.89125
0.94406
1.406
0.86497
0.78705
0.7379
1.0593
0.82604
0.77983
0.8531
0.81846
0.86298
0.84918
0.7709
0.89536
0.86896
0.92045
1.1376
1.3836
1.4997
1.6293
0.83753
0.84918
0.83176
0.77804
0.76033
0.82794
0.78343
0.84333
0.81658
0.77983
0.82604
0.90991
0.89125
0.84333
0.82414
0.85114
0.81846
0.8531
0.85114
0.9594
1
1.1858
1.0814
1.0889
1.6904
0.877
0.80538
0.91411
0.8995
0.89536
0.86497
0.88512
0.75162
0.81096
0.7656
0.8531
0.78705
0.88105
0.91622
0.87297
0.94842
0.94842
0.91411
0.78163
0.83753
0.83753
0.83176
0.80353
0.97724
0.87902
0.87902
0.8892
0.90991
1.1695
1.2303
1.0471
1.1272
1.0715
1.5031
1.1246
1.2942
1.3335
1.2764
1.3032
1.3646
1.3305
1.1066
0.90991
1.2735
1.5031
1.3677
1.3397
1.3459
1.714
1.5382
0.82224
0.82224
0.8531
0.92257
0.83176
0.92683
0.85114
0.92257
0.96605
1.0116
1.0814
0.86099
1.3836
2.3714
0.89331
0.79068
0.8531
0.78163
0.90365
1.6634
1.094
1.2417
1.845
4.5082
6.4565
4.3251
1.3428
4.8978
1.1015
1.4521
1.4454
1.6069
1.2023
1.0139
1.0023
0.86298
1.0765
0.97275
0.98175
7.2778
7.2444
0.87096
1.0069
0.83176
0.98628
0.86896
0.76913
2.1135
3.8726
0.90991
1.1015
0.90157
0.91411
2.8907
1.1588
0.92045
1.8408
1.2589
3.9174
0.80724
0.97275
5.4075
11.695
12.445
13.459
1.932
2.2542
9.1201
1.1967
1.574
1.8197
1.0023
0.91622
0.8147
0.9506
0.80168
0.90157
0.82604
0.90365
1.8707
0.90157
0.77446
0.8147
0.85704
0.86099
0.86298
0.78163
0.81846
0.72444
0.9506
0.82414
0.82224
0.86298
0.82604
0.77268
0.82985
0.78163
0.78163
0.76208
0.86896
0.82035
0.83753
0.80168
0.80538
0.89536
0.89536
0.76736
0.88308
0.77625
0.92257
0.81283
0.90991
1.0069
1.0093
0.97499
0.87096
0.88716
0.89536
0.84528
1.0304
0.82414
1.4093
1.4355
1.5524
0.80168
0.79983
0.79616
1.0116
1.1015
1.135
1.2274
0.93325
1.0186
1.256
0.98855
1.5066
1.4588
1.1376
1.2706
1.4689
1.219
1.135
1.4125
1.1015
0.77983
0.74302
0.77804
0.84918
0.85507
0.86099
0.94189
0.85901
0.79068
0.95719
1
1.349
0.88105
0.87096
0.87902
0.98175
0.9506
0.8356
0.8892
2.3659
0.86099
0.80724
0.78705
0.81658
0.77804
0.79799
0.76913
1.1668
0.92045
0.79983
0.86298
0.73621
0.7656
0.78343
0.79616
0.7656
0.84723
0.75509
0.80538
0.77625
0.77983
0.79983
0.7379
0.78886
1.9364
0.80538
0.8414
0.83753
0.8091
0.83176
0.76033
1.0304
0.78705
0.89125
0.78886
0.87096
0.74817
0.79068
0.80724
0.82985
0.81846
0.90365
0.82224
0.85901
0.86298
0.88512
0.96828
0.81096
0.87498
0.94189
0.8892
0.95499
0.80724
0.79433
0.77625
0.77268
0.76033
0.83176
0.79799
0.79799
0.75336
0.72444
0.79616
0.91411
0.88308
0.95499
1.2618
1
1.074
1.1803
1.3428
1.5031
1.0233
1.5631
0.99083
1.2647
0.89743
0.91411
0.87096
0.88716
0.89743
0.82794
0.80538
0.89125
0.82604
0.8531
0.82985
0.8091
0.91622
0.83368
0.98401
0.86896
0.86497
0.84918
0.83946
0.77625
0.85507
0.8356
1.0139
0.96161
1.3614
1.1995
0.8091
1.1668
0.82224
0.84918
0.88512
0.74817
0.86298
1.0186
1.0666
0.99541
0.80724
0.8147
0.8356
0.82985
0.80538
0.86497
0.95719
0.8356
0.80353
1.6982
2.0091
0.86099
0.88308
0.77268
0.82224
0.78163
0.87297
0.83753
0.84333
1.0593
0.86696
0.95499
0.84723
0.89743
0.79433
0.88105
0.79799
0.81096
0.7656
0.79983
0.79983
0.90365
0.94624
0.79799
0.86696
0.7656
0.83368
0.94189
0.85507
0.87096
0.8995
0.82985
0.87297
0.78705
0.86696
0.83946
1.2331
0.85704
0.82035
0.83176
0.82985
0.87297
0.84723
0.90573
0.83753
1
0.80538
0.73961
0.9247
0.88716
0.8356
0.9506
0.90365
0.83368
0.84918
0.78343
0.79433
0.77446
0.77268
0.81658
0.8531
0.88308
0.83368
0.76913
0.81283
0.83176
0.79433
0.88105
1.028
0.8531
0.78163
0.8356
0.84333
0.88716
0.8091
0.81846
0.83176
0.89125
0.81283
0.92045
0.79068
0.93325
0.90782
0.86497
0.90573
1.0093
1.1324
0.78705
0.79983
0.77625
1.2589
0.76208
0.81658
0.76384
0.78524
0.81096
0.83946
0.877
0.94842
0.8892
0.7379
0.87902
0.82604
0.91411
0.81096
0.98855
0.82985
1.0139
0.86099
0.85507
0.84528
0.80353
0.83753
0.94406
0.8531
0.82604
0.7925
0.82794
0.81846
0.74817
1.6982
0.94189
0.86298
0.82985
0.92683
0.85114
0.85507
0.79433
0.78524
0.77268
0.90573
0.86298
0.86497
0.84723
0.87498
0.75162
0.83176
0.91622
0.81096
0.94189
0.81846
0.81846
0.77804
0.84918
0.76913
0.84528
0.90573
0.88716
0.79799
0.85901
0.98628
0.81846
0.8356
1.0328
0.89331
0.92897
1.0328
0.76913
0.9594
0.96161
1.2531
1.1885
0.91833
0.79983
0.82604
0.87096
0.76384
0.82414
0.76033
0.7656
0.91411
1.0093
0.86696
0.9528
0.82224
0.88716
0.85901
1.2942
1.3772
1
1.2474
1.3583
1.574
1.3274
1.2359
1.6711
0.99541
1.2706
2.7861
2.1727
0.7379
0.7656
0.80538
0.7925
0.89125
0.78343
0.93325
0.96605
0.84528
0.95499
0.75858
1.4223
0.90573
0.9247
1.8155
0.877
0.96605
0.79799
0.80168
0.78705
0.75683
0.7709
0.82414
0.72444
0.77446
0.8091
0.71285
0.79068
0.78524
0.83368
0.80353
0.80538
1.6596
1.0375
1.1722
1.2218
1.3772
1.2162
0.86696
0.84723
1.0568
1.5205
0.97724
1.4191
1.4125
1.1298
1.205
1.0914
1.6711
1.4859
1.2106
1.3274
0.73621
0.75858
1.2106
1.8664
0.9247
1.6444
0.77983
0.8091
0.72946
0.8356
0.79616
0.79983
0.74473
0.82035
0.75336
0.77625
0.88308
0.89536
0.83946
0.78705
0.74645
0.79983
0.81096
0.83176
0.78163
0.9506
0.81096
0.79616
0.77804
0.8091
0.81846
0.79983
0.76208
0.71779
0.86099
0.83946
0.83753
0.84528
0.89743
0.75162
0.74817
0.78886
0.77804
0.76736
0.76384
0.83176
0.8414
0.84918
0.82794
0.7145
0.8147
0.78705
0.77268
0.76736
0.78886
0.82035
1.2218
0.8995
0.8995
0.85704
0.80538
0.77446
0.90991
0.91411
0.80168
0.88308
0.78524
0.85901
0.88105
0.74817
0.79433
0.82035
0.83368
0.76384
1.1967
0.88716
0.8414
0.89743
0.90157
0.83946
1.9231
0.84333
0.8147
1.6866
0.71779
0.71614
0.76736
0.9977
0.78163
0.77268
0.72611
0.82414
0.74473
0.77983
0.73961
0.79616
0.86696
1.099
0.78886
0.77446
0.77983
0.83753
0.72611
0.80724
0.78343
0.75858
0.7925
0.76384
0.75683
0.84333
0.79068
0.77446
0.85507
0.73621
0.82035
0.84528
0.83176
0.84723
0.91411
0.75162
0.76033
0.77804
0.8892
0.82604
0.76033
0.8091
0.75683
0.87096
0.74989
0.85901
0.76033
0.80168
0.82414
0.82414
0.76736
0.81658
0.84918
0.76384
0.80353
0.91201
0.72611
0.82604
0.82604
0.81658
0.77268
0.73114
1.5311
1.0789
0.79983
0.8414
0.79799
0.82035
0.8091
0.78524
0.83753
0.79068
0.85901
0.84723
0.82035
0.7656
0.78163
0.84528
0.75683
0.85507
0.7656
0.70632
0.78343
0.74989
0.80168
0.86298
0.80538
0.81658
0.84528
0.78163
0.82604
0.78705
0.76736
0.81658
0.83368
0.92683
0.77804
0.85901
0.82224
0.78163
0.82604
0.81096
0.82035
0.88716
0.87096
0.8531
0.7925
0.78163
0.90573
0.82035
0.93111
0.97499
0.87498
0.9247
0.93756
1.1967
1.2531
1.7906
1.7179
1.2274
0.86896
0.78343
0.8356
0.80168
0.79983
0.88716
0.82224
0.82414
0.80538
0.92257
1.2647
0.86497
0.89743
1.094
0.84528
0.80353
1.0257
1.3804
1.4791
1.135
0.87297
0.80538
0.8091
0.87297
0.88105
1.0209
0.85704
0.76208
0.78886
0.91411
0.78524
0.77625
0.81096
0.82794
1.0023
0.92045
0.84528
0.88716
0.89331
0.8091
0.83368
0.86298
0.85704
0.82604
0.80353
0.82794
0.75683
0.8091
0.74989
0.79616
0.91201
0.92683
0.88716
0.93111
0.84528
0.77625
0.78343
0.82794
0.81096
0.82985
0.82035
0.78343
0.8892
0.80353
0.85704
0.79068
0.78886
0.93972
0.78163
0.99083
0.91622
0.93972
0.9594
0.90782
0.81658
0.78705
1.2706
0.82414
1.2912
1.2331
1.1066
1.1588
1.1695
1.3092
2.3605
1.374
1.8793
0.78524
1.374
0.76033
0.84333
0.74131
0.76913
0.79983
0.80538
0.74989
0.79068
0.74302
0.84723
0.7709
0.90365
0.83176
0.80168
18.88
9.2897
10.046
11.35
11.967
8.6896
1.5346
2.6242
2.1627
2.8184
4.2855
1.1995
0.88716
1.9679
0.82794
0.83368
2.4547
6.9984
10.814
9.9541
9.4842
8.892
8.3753
0.86696
0.78163
3.4514
0.96161
8.3753
6.6527
6.1518
3.6728
1.0765
0.877
0.82985
0.9977
0.94189
0.84333
2.0797
1.977
2.4378
0.80168
0.77804
0.85114
0.84528
0.82035
1.0691
0.71945
0.80724
0.78524
0.91833
0.88512
0.84333
0.83946
0.90991
1.6331
0.82224
0.8414
0.79433
0.76913
0.8356
0.86497
0.76208
0.77983
0.81283
1.374
0.76736
0.91411
0.85901
0.7925
0.81096
0.89331
0.83753
0.75858
0.80724
0.84528
0.83176
0.79799
0.8091
0.78886
0.78705
0.75336
0.77804
0.82985
0.79799
0.8892
1.0023
0.89125
0.75162
0.81846
0.76208
0.83753
0.78705
0.84333
0.81658
0.84723
0.80168
0.82604
0.88512
0.78163
0.97051
0.74473
0.78163
0.81846
0.94189
0.83946
0.71945
0.7656
0.75162
0.81283
0.8091
0.90157
0.81846
0.83753
0.85704
0.7709
0.84333
0.86896
0.79616
0.81658
0.81658
0.93541
0.86497
0.87096
1.0641
0.83753
0.82604
1.0617
1.9999
2.133
1.4322
1.1041
1.4421
0.96383
1.2589
1.1588
1.1561
1.1803
1.256
1.2647
1.2735
1.3459
1.1482
1.0375
0.87902
1.39
0.83368
0.84528
2.7416
0.97724
0.8414
0.89536
0.83368
0.80724
0.89743
0.92897
1.4158
0.87096
2.0512
0.88716
0.91411
0.90157
0.78343
0.86298
0.8356
0.76736
0.89743
0.89331
0.74989
0.79616
0.86099
0.77625
0.93541
0.87096
0.93756
0.9506
0.92257
0.89125
0.87297
0.8531
0.81658
0.79983
0.74302
0.84723
0.80724
0.80538
0.76033
0.85901
0.83946
0.80538
0.91411
1.0691
0.8356
0.86298
0.80168
0.8147
0.83946
0.82035
0.76033
0.8414
0.79983
0.77983
0.85704
0.84918
0.88105
0.86696
0.85114
0.81096
0.85114
0.77268
0.9594
0.93111
0.8995
0.90157
0.92897
0.86896
0.84918
0.93541
0.83368
0.88308
0.95499
0.86497
0.8414
1.0046
0.80353
0.8414
0.82794
0.85901
0.80353
0.8356
0.88512
0.75509
0.87498
0.97499
0.88105
0.76913
0.82414
0.8356
0.86298
0.93541
0.9528
0.73282
0.8892
0.94189
0.96383
0.8091
0.84918
0.82985
0.79983
0.84333
0.83176
0.85704
0.9506
0.88105
0.83176
0.88308
0.87902
0.84918
0.8414
0.78343
0.8147
0.85704
0.86497
0.87297
0.91833
1.0069
0.9594
0.93111
0.90365
0.8091
0.83946
0.82794
1.1776
1.3583
1.5668
1.2618
1.2764
1.6482
1.1776
1.1143
1.6106
1.1641
1.4791
1.3836
1.1967
1.2942
1.3804
1.0666
1.3996
1.3335
1.1429
0.89331
0.97724
0.91833
1.1508
2.0989
1.1455
1.4962
1.1995
2.6607
0.86696
0.84333
1.4859
0.7925
0.88308
0.75683
0.78705
0.82985
0.7709
0.74302
0.85704
0.88308
0.8091
0.83368
0.7925
0.78163
0.83176
0.88716
0.89743
0.85901
2.5763
1.845
1.2853
1.3836
0.8414
0.79983
0.82794
0.91411
0.9594
0.80538
0.78343
0.81658
0.82224
0.8356
0.9528
0.86497
0.79433
0.85114
0.76033
0.78524
0.81658
0.79799
0.7656
0.81846
0.84723
0.81846
0.8414
0.85507
0.85704
0.77446
0.84333
0.81846
0.77268
0.81283
0.78524
0.80724
0.91201
0.91833
0.86497
0.76033
0.79983
0.71614
0.83753
0.79799
0.93111
0.82414
0.88105
0.8356
0.86099
0.80353
0.89125
0.76736
0.84528
0.86497
0.87498
0.86696
0.86099
0.8091
0.86298
0.76208
0.95499
1.052
0.82224
0.88105
0.75858
0.96605
0.81658
0.88105
0.8531
1.2912
1.7947
0.82604
0.80353
0.79983
0.90573
0.86497
0.77268
0.77446
0.8995
0.78705
0.84333
0.89743
0.85704
0.82604
0.82794
0.91411
0.82985
0.81658
0.90991
0.80538
0.82794
0.83946
0.77804
0.85704
0.82224
1.1776
0.88308
1.5101
1.0839
1.0814
1.0423
1.0046
0.97499
1.1092
1.2589
1.1376
0.95499
0.89743
1.0471
1.0839
1.1695
1.3583
1.1967
0.75509
0.78524
0.91622
0.81846
1.3002
1.1041
0.83176
0.82985
0.76033
0.8091
0.94406
0.80724
0.88308
0.92045
0.82985
0.87297
0.77446
0.78705
0.85704
0.78886
0.74989
0.80538
0.77268
0.8356
0.83368
0.73282
0.78886
0.91411
0.85114
0.78163
0.78886
0.77983
0.79799
0.75858
0.81283
0.79616
0.77625
0.92257
1.0375
0.89331
0.8995
0.8414
0.83176
1.0186
1.7298
1.3274
2.0701
0.8091
0.84333
0.83753
0.78343
0.92897
0.82414
0.9528
0.77804
0.86099
0.82035
1.0186
1.7022
0.8091
0.75858
0.8091
0.9247
0.87096
0.84723
0.82224
0.877
0.88716
0.82985
0.79068
0.88308
0.8147
0.85901
0.92897
1.2078
2.421
6.2373
7.5683
2.5586
1.7378
4.0087
6.5766
6.5013
11.885
8.1283
9.4842
11.272
1.1508
1.8664
0.8531
0.81283
0.86896
1.5205
5.1523
6.166
1.1535
0.72611
1.1455
0.94406
1.3274
0.9528
0.90157
4.7973
0.79983
0.78343
0.78886
0.85114
0.75683
0.82985
1.0568
0.87902
0.91622
0.8356
0.75336
0.83176
0.76033
0.76384
0.7656
0.86696
0.8091
0.84918
0.7709
0.82794
0.82794
0.7379
0.74817
0.73961
0.75683
0.74302
0.71779
0.85704
0.8091
0.93325
0.77446
0.8995
0.74131
0.78343
0.7656
0.84918
0.81846
0.94624
1.1885
1.2134
1.0593
1.0399
1.1695
1.1117
1.1092
1.6788
0.91833
1.0351
1.0914
0.91201
0.77804
0.77268
0.87096
0.90157
0.73282
0.79983
0.85901
0.89743
1.094
0.8414
0.81283
0.81846
0.86298
0.84723
0.77625
0.84333
0.7925
0.85704
0.8995
0.78524
0.86099
0.82224
0.78886
0.76208
0.78886
0.91622
0.82985
0.83753
0.85704
0.81658
0.85507
0.84528
0.78886
0.93756
0.87297
0.82224
0.86298
0.82604
0.78343
0.8091
0.8356
0.81658
0.79799
0.76208
0.8356
0.80168
0.78343
0.80724
1.9143
0.82035
0.77983
0.76913
0.86696
0.79616
0.92257
0.84918
0.84528
0.7709
0.77268
0.84528
0.86896
0.79433
0.84528
0.77268
0.93325
0.7925
0.79433
0.82794
0.8147
0.73621
0.8356
0.8356
0.8147
0.79616
0.8414
0.77804
0.7925
0.79616
0.78524
0.86099
0.78705
0.72611
0.78163
0.86497
0.80538
0.79799
0.88308
0.8892
0.79799
0.8531
0.76913
0.81096
0.7925
0.82604
0.90782
0.7925
0.82224
0.84528
0.81283
0.79983
0.88308
0.96828
0.85114
0.8531
0.85704
0.82604
0.80538
0.72611
0.93972
0.78163
0.83753
0.82985
0.91833
0.93325
0.84333
0.89331
0.81658
0.99312
1.2503
1.6711
2.0045
0.74989
0.81658
0.76913
0.76736
0.77625
0.84723
0.82414
0.81096
0.76033
0.81283
0.92683
1.0965
1.122
1.349
1.2331
1.2445
1.2359
1.4223
0.74817
0.75683
0.91411
0.83753
0.79799
0.78886
0.77804
0.7656
0.78705
0.76736
0.76384
0.77625
0.97949
0.90782
0.84723
0.72444
0.78524
0.78705
0.85114
0.7145
0.74473
0.7709
0.76736
0.79616
0.80353
0.77983
0.82985
0.76913
0.82035
0.77625
0.72277
0.73961
0.7656
0.80724
0.7656
0.7925
0.75858
0.77983
0.74131
0.76736
0.75162
0.7709
0.83753
0.74817
0.7925
0.82035
0.73961
0.75162
0.72778
0.72111
0.7656
0.76384
0.76913
0.76736
0.73114
0.8414
0.7925
0.71614
0.77446
0.84333
0.72611
0.79799
0.74131
0.78886
0.79068
0.80353
0.76913
0.77446
0.75683
0.79068
0.77268
0.77625
0.93756
0.77268
0.75509
0.77804
0.85114
0.78163
0.74302
0.79983
0.81283
0.75683
0.7925
0.87498
0.74817
0.80353
0.86696
0.87498
0.7709
0.82224
1.4388
3.3574
5.902
0.77983
1.4555
0.98175
0.84723
1.8707
1.3122
0.84528
0.78163
0.82224
0.77446
0.75336
0.75683
0.97949
0.89125
0.89331
1.6181
1.052
1.1641
1.0399
0.89125
0.74302
0.82985
0.80353
0.8892
0.93111
0.84723
0.8147
0.80724
0.83176
1.0399
1.0351
0.87096
0.95499
0.7925
0.78524
0.76736
0.89536
0.82414
0.86696
1.2303
1.1298
0.88512
0.77625
0.94842
0.78705
0.81096
0.78524
0.78886
0.88512
0.8091
0.80168
0.84333
0.82035
0.8147
0.77804
0.8147
0.82985
0.8091
0.82794
0.80168
0.7709
0.80724
0.85704
0.78524
0.89125
0.79983
0.77446
0.74473
0.79799
0.75336
0.75162
0.75683
0.80168
1.2388
0.9506
0.77983
0.83753
1.3646
0.84918
0.77983
0.76033
0.97275
0.77268
0.87498
0.84918
0.82035
0.87498
0.77268
0.89125
0.86298
0.77446
0.82794
0.80724
0.83753
1.122
1.4555
1.0814
0.97499
0.90782
1.2972
1.3366
1.4388
1.028
0.74302
0.83753
0.78886
0.76913
0.79068
0.84918
0.82224
0.77983
0.97949
0.87297
0.86896
0.91411
0.83176
0.86099
0.8147
0.86497
0.877
0.9247
1.028
0.92257
0.80724
0.8414
0.93541
1.1885
1.3366
2.2336
0.82035
0.83368
0.7925
0.88105
0.90573
0.80353
0.84918
0.87498
0.88308
0.96383
0.88105
0.89536
0.84723
1.0046
0.77268
0.8414
0.84333
0.89125
0.97051
0.84723
1.2388
0.94406
0.85704
0.91411
0.79433
0.7925
0.80724
0.92683
0.77446
2.466
0.88512
0.91622
1.1722
0.81658
0.80724
0.81846
0.89536
1.1117
1.2246
1.5812
1.1967
1.2331
1.122
1.1588
1.6482
1.3583
1.349
2.1478
0.82224
0.79616
0.78343
0.77983
0.79616
0.82224
0.77268
0.79068
0.77446
0.98401
0.79983
0.92257
0.82985
0.79799
0.79616
0.77983
0.76736
0.76033
0.78705
0.88716
0.76033
0.7925
0.83368
0.82414
0.87096
0.86896
0.98175
0.87498
0.80724
0.80538
0.91411
0.76913
0.80724
0.92897
0.79616
0.81096
0.76033
0.84723
0.80538
0.88716
0.80724
0.95719
0.80168
0.81096
0.76913
0.90991
1.3583
0.82604
1
1.8281
0.77804
0.73282
0.76736
0.73451
0.73282
0.75858
0.82604
0.80538
0.95499
0.94624
0.78886
0.8091
0.88308
0.75336
0.8091
0.89331
0.93111
0.72611
0.78524
0.80353
0.78886
0.88308
0.84333
0.81096
0.75683
0.81658
0.76913
0.94624
1.1561
0.97051
0.95499
2.7797
5.2602
0.91411
0.78163
3.581
13.152
11.614
9.247
11.561
13.677
12.647
1.1749
2.0512
2.5119
1.1041
0.92257
1.4555
1.0209
1.0447
1.0162
0.87096
0.98855
3.3651
0.81658
0.84918
1.2589
4.7973
0.90991
0.93756
0.90157
1.0046
0.97949
0.91833
0.8147
1.4028
2.0606
1.3709
0.96383
1.349
1.6634
1.3092
1.1482
1.1508
1.0471
1.1722
2.4266
1.2503
0.97499
0.81846
0.92897
1.3552
0.83176
0.83753
0.86696
0.7925
0.93972
0.87096
0.84528
0.79983
2.0464
0.84528
0.77983
0.83176
0.81096
0.88308
1.2853
3.4514
0.8995
0.86298
0.78705
0.82414
0.75858
0.9506
0.78524
0.8414
0.80353
0.8091
0.7709
0.83176
0.81096
0.8892
0.8147
0.72444
0.77983
0.82035
0.8147
0.79983
0.82985
0.81846
0.82414
0.8091
0.82604
0.8091
0.74131
0.84918
0.85901
0.8091
0.77446
0.77625
0.81846
0.76384
0.78343
0.83176
0.80168
0.80353
0.82035
0.90157
0.7925
0.77983
0.80353
0.86497
0.80353
0.86696
0.94406
0.7379
0.85114
0.83176
0.75509
0.9506
0.82604
0.87498
0.86896
0.9506
3.1915
2.9242
0.99312
1.7179
2.2182
0.82035
0.877
2.1827
0.77268
0.8414
0.79983
0.78524
0.77625
0.85507
0.92045
0.78343
0.77625
0.8531
0.84918
0.90573
0.77983
0.88308
0.76913
1.194
0.76736
0.96383
3.3037
0.86298
0.87096
1.0641
0.77983
0.79799
0.74302
0.8356
0.8147
0.79068
0.82794
0.96828
0.9594
0.94842
1.5346
0.92257
0.82985
0.83176
2.9648
8.2035
10.495
12.56
2.9992
6.4121
5.9429
4.3251
7.8524
13.397
14.588
6.9343
2.6915
13.646
10.28
9.1201
9.9541
12.303
11.298
7.9433
10.423
12.134
9.506
11.995
12.162
0.86099
0.81846
1.875
0.7925
1.4962
0.7925
0.8091
7.145
14.757
6.2951
7.6033
8.4723
11.803
8.8512
11.169
9.6828
2.6002
12.05
12.023
10.593
8.6696
14.158
9.977
8.6696
1.1885
0.76913
10.74
11.041
10
10.233
8.7902
10.399
9.1622
8.4723
6.8234
7.709
1.2218
1.9724
3.281
6.8077
1.8281
0.88512
1.2677
1.7338
1.2942
0.89536
1.4555
0.77804
1.0495
5.1523
10.544
10.209
15.812
41.879
9.8175
12.023
4.9204
2.8184
10.52
13.996
13.092
12.162
14.791
11.169
10
1.8323
1.2162
0.91833
0.92257
0.92683
1
0.86896
0.89536
0.80538
0.88512
0.83946
0.93541
1.0715
0.91833
0.80353
1.652
6.5917
7.7983
1.1858
2.2387
7.7446
2.6363
1.5885
0.87297
0.877
0.88308
2.1528
0.74645
0.80168
0.78163
0.74817
5.8479
8.7902
10.99
13.305
8.9743
10.304
10.069
12.331
11.015
6.7298
9.2897
8.9536
9.6828
8.4333
7.8524
6.6527
7.8524
9.1622
7.379
7.6208
6.8707
11.066
8.5114
7.656
7.2946
7.8163
1.028
0.91201
1.0023
1.074
2.4717
11.015
12.359
12.023
9.4189
10.28
9.0573
10.641
8.1283
8.0353
7.7268
8.2224
3.6644
1.0328
1.256
0.83176
0.93541
0.88716
0.95499
1.7947
1.4997
0.91411
0.89536
3.6308
4.5499
9.1411
11.614
4.5082
2.0277
1.2445
1.3366
2.4491
9.3325
12.246
13.092
10.209
11.35
9.6161
11.092
1.5488
8.5704
5.728
1.3274
2.6853
0.96828
0.86896
9.0991
9.2045
11.194
8.8308
9.6828
7.3451
10.447
10.375
11.169
7.9983
11.561
9.5719
9.506
8.4528
7.2778
0.92257
0.91411
3.5075
5.8749
2.9923
2.3823
6.8549
8.8512
9.8175
14.223
12.388
9.9312
14.723
11.94
9.7724
8.8512
11.588
12.388
12.078
10.691
9.506
9.6161
8.2604
6.3533
11.668
9.4406
7.8886
11.561
7.7446
9.9083
7.5683
12.023
1.9543
0.91411
1.0544
0.93325
1.0617
1.1015
0.82035
2.3659
3.8371
2.3121
1.0691
1.5417
0.78886
0.80724
6.9183
1.8072
1.6331
1.5488
1.2331
1.0328
1.3772
1.2972
1.5101
0.98175
1.3646
1.9543
3.7757
2.673
1.0023
9.3325
9.8855
11.169
14.997
13.552
9.6605
10.328
14.757
11.912
12.331
9.9541
9.6605
11.324
11.169
11.041
10.471
10.046
8.8308
9.6383
6.7608
0.9594
8.4528
8.9125
11.041
11.588
13.062
9.594
11.22
11.272
10.789
11.402
11.482
10.617
8.356
0.877
0.90991
8.4528
8.9331
9.8628
9.6828
8.8512
10
7.6736
6.6834
7.1945
4.3752
11.298
9.6383
9.3972
10.139
9.6828
9.594
6.0814
1.4158
0.95719
0.90157
1.2735
2.9854
0.82414
3.3113
0.83753
2.2961
1.1588
1.0889
1.0116
0.98401
1.3614
1.5488
6.5163
12.56
13.9
8.7902
8.091
6.3241
8.9743
6.0256
16.069
8.5704
12.503
9.3756
8.9125
7.4817
9.3756
11.22
7.3451
2.2182
0.8414
0.83753
1.762
1.4757
1.0617
1.2023
7.9068
13.9
10.351
12.912
10.116
9.1622
12.912
10.99
8.8308
7.8705
10.328
9.0573
1.1041
0.90157
0.85114
0.97724
0.87297
0.8995
0.87297
1.0186
0.79799
0.97724
0.85507
2.6303
1.2474
5.4075
1.2388
6.5464
10.28
6.0814
3.4041
10.814
16.596
28.314
10.046
11.561
8.8512
6.6069
1.1298
2.6853
7.4817
11.35
12.246
9.6161
7.8886
9.6828
0.877
6.8707
1.2972
0.99312
0.94189
1.875
0.8892
0.8892
0.84918
1.028
1.0046
0.98401
0.88512
0.877
0.86497
0.85704
0.81846
0.83946
0.82985
1.0304
1.0209
1.052
1.1169
4.3853
1.3646
1.3397
1.3646
1.5031
1.4825
1.4962
1.122
1.0889
5.4954
10.351
11.695
11.092
10.839
11.066
10.568
9.3756
10.617
10.328
8.3753
9.8628
8.2224
6.5013
9.9083
5.7943
11.482
15.453
1.5996
11.588
10.74
11.298
9.9083
10.233
8.995
10.046
9.9541
7.5858
8.1846
9.8401
16.331
11.429
9.4189
9.6383
11.995
3.2359
4.4361
19.454
14.191
10.233
8.3176
2.2909
1.8365
0.79068
0.83946
0.85114
0.85901
1.5996
11.169
11.117
10.046
10.069
9.528
9.0365
8.0724
16.904
10.28
10.544
9.1833
8.1283
2.9376
0.92897
0.94189
0.88105
0.98401
1.094
0.90157
0.79068
0.75509
0.8091
1.0186
0.88512
0.88308
0.93111
0.88105
0.92897
0.93541
0.8892
0.9528
0.877
0.79433
0.85704
0.95719
0.90991
0.94624
0.83946
0.85507
0.97724
0.80724
0.77625
0.78524
0.90157
0.89331
0.83368
0.83368
