11.776
11.092
15.996
12.162
11.912
9.6828
2.2387
5.0933
1.7298
1.1535
14.588
12.05
14.125
19.953
13.092
32.584
20.091
7.8524
0.96161
0.86497
3.9537
9.7724
17.906
8.4528
1.3152
1.5488
1.183
2.958
0.9506
1.8281
1.219
3.3651
1.4289
0.81096
1.1455
19.953
18.365
17.498
11.402
11.912
17.022
14.894
13.9
7.4989
5.3703
0.83753
6.5464
17.022
3.5727
11.94
15.922
15.488
15.704
13.772
14.093
10.914
13.74
2.8314
0.93756
1.0914
2.5293
7.709
12.134
13.335
15.996
1.5276
0.87297
0.8531
14.894
16.788
12.882
12.647
15.382
14.388
10.304
15.922
11.858
14.223
14.191
17.989
12.19
14.06
13.062
0.96828
3.4356
6.5013
12.445
14.289
11.722
5.7677
10.209
11.94
11.561
12.359
7.9983
7.2444
7.0469
10.691
11.912
0.76913
3.5975
17.539
1.8155
9.4842
9.0157
13.583
12.677
11.94
4.2267
13.428
2.8973
10.447
9.594
5.5463
5.4576
2.3388
13.152
2.2131
0.91622
1.052
4.6026
10.116
9.3111
11.376
10.139
10.046
1.6596
0.96161
1.6106
7.3961
1.0162
1.4521
1.122
0.77268
0.72946
0.93111
1.3183
5.4075
1.4158
6.8707
10.789
11.83
12.274
10.257
1.1272
2.2646
1.9953
1.7179
1.3032
0.90782
0.78886
0.67608
0.83176
0.68077
1.8072
0.7925
0.73451
0.70632
0.68549
0.71121
0.69823
0.66374
0.79799
0.70632
0.68707
0.72277
2.023
1.2764
1.0691
1.0765
1.0814
2.4378
0.6792
0.66681
0.66222
0.70795
0.72946
0.68234
0.71779
0.69823
0.7709
0.74302
0.72444
0.80353
1.2246
1.8281
0.90782
1.0375
1.7701
12.134
16.558
16.52
12.134
12.882
18.281
17.418
14.622
9.8855
10.691
13.397
3.342
0.82414
0.69183
0.70307
0.69343
0.68234
0.67298
0.74645
0.7379
0.71945
1.8707
0.97499
0.81283
0.96383
1.574
0.97949
1.9011
0.65917
0.67298
0.82224
0.75683
0.7925
0.67298
0.67764
0.64417
0.68549
0.68077
0.96828
0.63241
0.65163
0.72111
0.63973
0.64863
0.66834
0.81658
0.69343
0.7145
0.76033
0.71614
0.73961
0.73451
0.68707
0.70146
0.63973
0.66069
0.66988
0.66988
0.71614
0.69343
0.69984
0.65464
0.69183
0.67143
0.65766
0.67608
0.68077
0.69663
0.67764
0.65313
0.73114
0.7656
0.68707
0.69823
0.70632
0.68707
0.64565
0.70632
0.65013
0.87498
0.69823
0.66374
0.66834
0.72277
0.66834
0.63387
0.65766
0.69823
0.65163
0.85901
0.70469
0.70958
0.66834
0.74989
0.66681
0.69024
0.68707
0.70632
0.68549
0.64863
0.73621
0.72611
0.65917
0.68391
0.67608
0.65766
0.73451
0.76033
0.75162
0.72778
0.71614
0.70146
0.72946
0.69024
0.71614
0.71779
0.65615
0.66988
0.87096
0.90573
0.65766
0.66681
0.66222
0.66988
0.62517
0.66374
0.67143
0.67608
0.68865
0.65766
0.64417
0.64121
0.66222
0.65464
0.65766
0.65464
0.65766
0.68707
0.74131
0.68077
0.69663
0.69183
0.67453
0.66527
0.66069
0.70795
0.68234
0.66988
0.82035
0.68707
0.68865
0.6792
0.71614
0.76736
0.81096
0.66069
0.68234
0.69823
0.72946
0.66988
0.71779
0.69024
0.69343
0.65013
0.67764
0.67298
0.67764
0.69984
0.70469
0.69502
0.73282
0.8356
0.66374
0.70632
0.67608
0.67608
0.65766
0.74817
0.69823
0.69183
0.70307
0.67764
0.70307
0.71121
0.71779
0.68549
0.68865
0.69984
0.69663
0.68865
0.70632
0.69183
0.72111
0.65615
0.66374
0.70307
0.85901
0.69502
0.85507
0.73282
0.66681
0.69183
0.72444
0.71285
0.66527
0.66834
0.6792
0.70146
0.66988
0.65917
0.7145
0.6792
0.66527
0.6368
0.73621
1.183
0.7145
0.73961
0.71614
0.77983
0.72277
0.69502
0.86497
0.75509
0.77268
0.81283
0.80724
0.69823
0.66222
0.63096
0.8892
0.66527
0.68234
0.64417
0.66069
0.64714
0.65766
0.68077
0.67764
0.70307
0.69343
0.68549
0.62661
0.64269
0.65163
0.64121
0.64565
0.79983
0.68865
0.65766
0.93972
0.66222
0.64121
0.66527
0.66527
0.66834
0.73621
0.70958
0.73282
0.70469
0.74645
0.69823
0.69663
0.68865
0.7379
0.67453
0.68391
0.69502
0.67764
0.66834
0.67764
0.77625
0.67453
0.68077
0.68077
0.75509
0.67298
0.69024
0.70146
0.71779
0.65013
0.63826
0.67143
0.65917
0.67298
0.68077
0.90991
0.69024
0.63973
0.68391
0.68865
0.86298
0.67453
0.67143
0.6792
0.71121
0.65464
0.73961
0.73451
0.69024
0.69183
0.64269
0.68865
0.7379
0.71285
0.72946
0.71945
0.67143
0.65917
0.66988
0.71121
0.67143
0.73621
0.69183
0.71779
0.74817
0.84918
0.71285
0.64121
0.67298
0.66222
0.74645
0.7145
0.70632
0.71614
0.71285
0.64714
0.70307
0.69663
0.68077
0.72277
0.65615
0.70958
0.65766
0.76384
0.6368
0.6792
0.7145
0.8531
0.68077
0.64269
0.66834
0.68549
0.63826
0.6792
0.69024
0.68865
0.70795
0.67764
0.68707
0.74645
0.71945
0.69343
0.66374
0.69984
0.68865
0.68391
0.68549
0.69024
0.65313
0.64714
0.69663
0.75683
0.72946
0.66988
0.76033
0.71285
0.70469
0.67298
0.67298
0.63533
0.76384
0.68865
0.66988
0.69024
0.67608
0.72277
0.67143
0.65163
0.69502
0.68077
0.68391
0.74645
0.72778
0.70469
0.7379
0.81846
0.74131
0.68865
0.66222
0.69823
0.71285
0.62517
0.68707
0.64565
0.63241
0.68234
0.68549
0.69502
0.65313
0.69343
0.63387
0.72111
0.69024
0.75683
0.8531
1.8281
1.135
0.63826
0.66222
2.3281
0.8531
1.977
1.2503
1.0641
1.7219
2.2646
6.8234
1.0617
8.5507
13.964
12.706
6.8391
4.3152
12.972
11.561
7.2444
2.2856
5.8076
13.614
14.962
5.2602
1.3804
1.1169
3.2734
3.7068
1.8621
0.89743
0.80353
0.87902
1.5668
1.1614
4.3251
0.71945
0.76384
0.72277
0.67764
0.79799
0.70146
0.76913
0.71945
0.67453
0.69663
0.85507
0.90157
0.75162
0.75336
0.85114
0.79616
0.79068
1.1117
1.1561
1.3614
0.7145
0.72778
0.69502
0.71121
0.77804
0.70958
0.68707
0.68707
0.71121
0.70632
0.7379
0.70146
0.73114
0.69823
0.75858
0.77268
0.69343
0.69343
0.70307
0.72778
0.71614
0.74645
0.69024
0.69502
0.71779
0.68391
0.68391
0.68549
0.70469
0.68234
0.78524
0.7709
0.64417
0.66988
0.70307
0.71945
0.6792
0.65766
0.69343
0.70469
0.87096
0.67453
0.71285
0.73282
0.68707
0.70795
0.71779
0.74645
0.68077
0.65615
0.72611
0.69343
0.68234
0.7379
0.69984
0.74989
0.69024
0.77625
0.69502
0.70469
0.66069
0.76033
0.8531
0.64863
0.69183
0.69823
0.68707
0.71121
0.72444
0.68391
0.69502
0.72111
0.68234
0.70307
0.72444
0.75858
0.71614
0.74131
0.74645
0.72611
0.82035
0.7379
0.72946
0.71779
0.71285
0.8091
0.6792
0.64417
0.70307
0.70469
0.67608
0.68391
0.75336
0.70146
0.67298
0.78343
0.69502
0.69502
0.68707
0.69823
0.70958
0.72444
0.81846
0.71121
0.68077
0.69502
0.70307
0.66681
0.67608
0.69663
0.70632
0.69823
0.83176
0.80168
0.71285
0.8531
0.73451
0.70632
0.71779
0.67764
0.7379
0.7145
0.70146
0.67298
0.75336
0.66988
0.72277
0.68077
0.6792
0.69823
0.68549
0.74131
0.69024
0.72946
0.82035
0.77268
0.79616
0.81283
0.78705
1.4757
1.0069
4.6666
0.79799
0.72444
0.94624
0.78524
0.79616
1.2853
1.349
1.2647
1.2503
1.8707
9.2683
10.715
19.77
3.2659
3.8726
3.8726
3.8726
3.8726
3.8726
3.8726
3.8726
3.8726
3.8726
3.8726
3.8726
3.8726
3.8726
3.8726
3.8726
3.8726
3.8726
3.8726
3.8726
3.8726
3.8726
3.8726
3.8726
3.8726
3.8726
3.8726
3.8726
3.8726
3.8726
3.8726
3.8726
3.8726
3.8726
3.8726
3.8726
3.8726
3.8726
3.8726
3.8726
3.8726
3.8726
3.8726
3.8726
3.8726
3.8726
3.8726
3.8726
3.8726
3.8726
3.8726
3.8726
3.8726
3.8726
3.8726
3.8726
3.8726
3.8726
3.8726
3.8726
3.8726
3.8726
3.8726
3.8726
3.8726
3.8726
3.8726
3.8726
3.8726
3.8726
3.8726
3.8726
3.8726
3.8726
3.8726
3.8726
3.8726
3.8726
3.8726
3.8726
3.8726
3.8726
3.8726
3.8726
3.8726
3.8726
3.8726
3.8726
3.8726
3.8726
3.8726
3.8726
3.8726
3.8726
3.8726
3.8726
3.8726
3.8726
3.8726
3.8726
3.8726
3.8726
3.8726
3.8726
3.8726
3.8726
3.8726
3.8726
3.8726
3.8726
3.8726
3.8726
3.8726
3.8726
3.8726
3.8726
3.8726
3.8726
3.8726
3.8726
3.8726
3.8726
3.8726
3.8726
3.8726
3.8726
3.8726
3.8726
3.8726
3.8726
3.8726
3.8726
3.8726
3.8726
3.8726
3.8726
3.8726
3.8726
3.8726
3.8726
3.8726
3.8726
3.8726
3.8726
3.8726
3.8726
3.8726
3.8726
3.8726
3.8726
3.8726
3.8726
3.8726
3.8726
3.8726
3.8726
3.8726
3.8726
3.8726
3.8726
3.8726
3.8726
3.8726
3.8726
3.8726
3.8726
3.8726
3.8726
3.8726
3.8726
3.8726
3.8726
3.8726
3.8726
3.8726
3.8726
3.8726
3.8726
3.8726
3.8726
3.8726
3.8726
3.8726
3.8726
3.8726
3.8726
3.8726
3.8726
3.8726
3.8726
3.8726
3.8726
3.8726
3.8726
3.8726
3.8726
3.8726
3.8726
3.8726
3.8726
3.8726
3.8726
3.8726
3.8726
3.8726
3.8726
3.8726
3.8726
3.8726
3.8726
3.8726
3.8726
3.8726
3.8726
3.8726
3.8726
3.8726
3.8726
3.8726
3.8726
3.8726
3.8726
3.8726
3.8726
3.8726
3.8726
3.8726
3.8726
3.8726
3.8726
3.8726
3.8726
3.8726
3.8726
3.8726
3.8726
3.8726
3.8726
3.8726
3.8726
3.8726
3.8726
3.8726
3.8726
3.8726
3.8726
3.8726
3.8726
3.8726
3.8726
3.8726
3.8726
3.8726
3.8726
3.8726
3.8726
3.8726
3.8726
3.8726
3.8726
3.8726
3.8726
3.8726
3.8726
3.8726
3.8726
3.8726
3.8726
3.8726
3.8726
3.8726
3.8726
3.8726
3.8726
3.8726
3.8726
3.8726
3.8726
3.8726
3.8726
3.8726
3.8726
3.8726
3.8726
3.8726
3.8726
3.8726
3.8726
3.8726
3.8726
3.8726
3.8726
3.8726
3.8726
3.8726
3.8726
3.8726
3.8726
3.8726
3.8726
3.8726
3.8726
3.8726
3.8726
3.8726
3.8726
3.8726
3.8726
3.8726
3.8726
3.8726
3.8726
3.8726
3.8726
3.8726
3.8726
3.8726
3.8726
3.8726
3.8726
3.8726
3.8726
3.8726
3.8726
3.8726
3.8726
3.8726
3.8726
3.8726
3.8726
3.8726
3.8726
3.8726
3.8726
3.8726
3.8726
3.8726
3.8726
3.8726
3.8726
3.8726
3.8726
3.8726
3.8726
3.8726
3.8726
3.8726
3.8726
3.8726
3.8726
3.8726
3.8726
3.8726
3.8726
3.8726
3.8726
3.8726
3.8726
3.8726
3.8726
3.8726
3.8726
3.8726
3.8726
3.8726
3.8726
3.8726
3.8726
3.8726
3.8726
3.8726
3.8726
3.8726
3.8726
3.8726
3.8726
3.8726
3.8726
3.8726
3.8726
3.8726
3.8726
3.8726
3.8726
3.8726
3.8726
3.8726
3.8726
3.8726
3.8726
3.8726
3.8726
3.8726
3.8726
3.8726
3.8726
3.8726
3.8726
3.8726
3.8726
3.8726
3.8726
3.8726
3.8726
3.8726
3.8726
3.8726
3.8726
3.8726
3.8726
3.8726
3.8726
3.8726
3.8726
3.8726
3.8726
3.8726
3.8726
3.8726
3.8726
3.8726
3.8726
3.8726
3.8726
3.8726
3.8726
3.8726
3.8726
3.8726
3.8726
3.8726
3.8726
3.8726
3.8726
3.8726
3.8726
3.8726
3.8726
3.8726
3.8726
3.8726
3.8726
3.8726
3.8726
3.8726
3.8726
3.8726
3.8726
3.8726
3.8726
3.8726
3.8726
3.8726
3.8726
3.8726
3.8726
3.8726
3.8726
3.8726
3.8726
3.8726
3.8726
3.8726
3.8726
3.8726
3.8726
3.8726
3.8726
3.8726
3.8726
3.8726
3.8726
3.8726
3.8726
3.8726
3.8726
3.8726
3.8726
3.8726
3.8726
3.8726
3.8726
3.8726
3.8726
3.8726
3.8726
3.8726
3.8726
3.8726
3.8726
3.8726
3.8726
3.8726
3.8726
3.8726
3.8726
3.8726
3.8726
3.8726
3.8726
3.8726
3.8726
3.8726
3.8726
3.8726
3.8726
3.8726
3.8726
3.8726
3.8726
3.8726
3.8726
3.8726
3.8726
3.8726
3.8726
3.8726
3.8726
3.8726
3.8726
3.8726
3.8726
3.8726
3.8726
3.8726
3.8726
3.8726
3.8726
3.8726
3.8726
3.8726
3.8726
3.8726
3.8726
3.8726
3.8726
3.8726
3.8726
3.8726
3.8726
3.8726
3.8726
3.8726
3.8726
3.8726
3.8726
3.8726
3.8726
3.8726
3.8726
3.8726
3.8726
3.8726
3.8726
3.8726
3.8726
3.8726
3.8726
3.8726
3.8726
3.8726
3.8726
3.8726
3.8726
3.8726
3.8726
3.8726
3.8726
3.8726
3.8726
3.8726
3.8726
3.8726
3.8726
3.8726
3.8726
3.8726
3.8726
3.8726
3.8726
3.8726
3.8726
3.8726
3.8726
3.8726
3.8726
3.8726
3.8726
3.8726
3.8726
3.8726
3.8726
3.8726
3.8726
3.8726
3.8726
3.8726
3.8726
3.8726
3.8726
3.8726
3.8726
3.8726
3.8726
3.8726
3.8726
3.8726
3.8726
3.8726
3.8726
3.8726
3.8726
3.8726
3.8726
3.8726
3.8726
3.8726
3.8726
3.8726
3.8726
3.8726
3.8726
3.8726
3.8726
3.8726
3.8726
3.8726
3.8726
3.8726
3.8726
3.8726
3.8726
3.8726
3.8726
3.8726
3.8726
3.8726
3.8726
3.8726
3.8726
3.8726
3.8726
3.8726
3.8726
3.8726
3.8726
3.8726
3.8726
3.8726
3.8726
3.8726
3.8726
3.8726
3.8726
3.8726
3.8726
3.8726
3.8726
3.8726
3.8726
3.8726
3.8726
3.8726
3.8726
3.8726
3.8726
3.8726
3.8726
3.8726
3.8726
3.8726
3.8726
3.8726
3.8726
3.8726
3.8726
3.8726
3.8726
3.8726
3.8726
3.8726
3.8726
3.8726
3.8726
3.8726
3.8726
3.8726
3.8726
3.8726
3.8726
3.8726
3.8726
3.8726
3.8726
3.8726
3.8726
3.8726
3.8726
3.8726
3.8726
3.8726
3.8726
3.8726
3.8726
3.8726
3.8726
3.8726
3.8726
3.8726
3.8726
3.8726
3.8726
3.8726
3.8726
3.8726
3.8726
3.8726
3.8726
3.8726
3.8726
3.8726
3.8726
3.8726
3.8726
3.8726
3.8726
3.8726
3.8726
3.8726
3.8726
3.8726
3.8726
3.8726
3.8726
3.8726
3.8726
3.8726
3.8726
3.8726
3.8726
3.8726
3.8726
3.8726
3.8726
3.8726
3.8726
3.8726
3.8726
3.8726
3.8726
3.8726
3.8726
3.8726
3.8726
3.8726
3.8726
3.8726
3.8726
3.8726
3.8726
3.8726
3.8726
3.8726
3.8726
3.8726
3.8726
3.8726
3.8726
3.8726
3.8726
3.8726
3.8726
3.8726
3.8726
3.8726
3.8726
3.8726
3.8726
3.8726
3.8726
3.8726
3.8726
3.8726
3.8726
3.8726
3.8726
3.8726
3.8726
3.8726
3.8726
3.8726
3.8726
3.8726
3.8726
3.8726
3.8726
3.8726
3.8726
3.8726
3.8726
3.8726
3.8726
3.8726
3.8726
3.8726
3.8726
3.8726
3.8726
3.8726
3.8726
3.8726
3.8726
3.8726
3.8726
3.8726
3.8726
3.8726
3.8726
3.8726
3.8726
3.8726
3.8726
3.8726
3.8726
3.8726
3.8726
3.8726
3.8726
3.8726
3.8726
3.8726
3.8726
3.8726
3.8726
3.8726
3.8726
3.8726
3.8726
3.8726
3.8726
3.8726
3.8726
3.8726
3.8726
3.8726
3.8726
3.8726
3.8726
3.8726
3.8726
3.8726
3.8726
3.8726
3.8726
3.8726
3.8726
3.8726
3.8726
3.8726
3.8726
3.8726
3.8726
3.8726
3.8726
3.8726
3.8726
3.8726
3.8726
3.8726
3.8726
3.8726
3.8726
3.8726
3.8726
3.8726
3.8726
3.8726
3.8726
3.8726
3.8726
3.8726
3.8726
3.8726
3.8726
3.8726
3.8726
3.8726
3.8726
3.8726
3.8726
3.8726
3.8726
3.8726
3.8726
3.8726
3.8726
3.8726
3.8726
3.8726
3.8726
3.8726
3.8726
3.8726
3.8726
3.8726
3.8726
3.8726
3.8726
3.8726
3.8726
3.8726
3.8726
3.8726
3.8726
3.8726
3.8726
3.8726
3.8726
3.8726
3.8726
3.8726
3.8726
3.8726
3.8726
3.8726
3.8726
3.8726
3.8726
3.8726
3.8726
3.8726
3.8726
3.8726
3.8726
3.8726
3.8726
3.8726
3.8726
3.8726
3.8726
3.8726
3.8726
3.8726
3.8726
3.8726
3.8726
3.8726
3.8726
3.8726
3.8726
3.8726
3.8726
3.8726
3.8726
3.8726
3.8726
3.8726
3.8726
3.8726
3.8726
3.8726
3.8726
3.8726
3.8726
3.8726
3.8726
3.8726
3.8726
3.8726
3.8726
3.8726
3.8726
3.8726
3.8726
3.8726
3.8726
3.8726
3.8726
3.8726
3.8726
3.8726
3.8726
3.8726
3.8726
3.8726
3.8726
3.8726
3.8726
3.8726
3.8726
3.8726
3.8726
3.8726
3.8726
3.8726
3.8726
3.8726
3.8726
3.8726
3.8726
3.8726
3.8726
3.8726
3.8726
3.8726
3.8726
3.8726
3.8726
3.8726
3.8726
3.8726
3.8726
3.8726
3.8726
3.8726
3.8726
3.8726
3.8726
3.8726
3.8726
3.8726
3.8726
3.8726
3.8726
3.8726
3.8726
3.8726
3.8726
3.8726
3.8726
3.8726
3.8726
3.8726
3.8726
3.8726
3.8726
3.8726
3.8726
3.8726
3.8726
3.8726
3.8726
3.8726
3.8726
3.8726
3.8726
3.8726
3.8726
3.8726
3.8726
3.8726
3.8726
3.8726
3.8726
3.8726
3.8726
3.8726
3.8726
3.8726
3.8726
3.8726
3.8726
3.8726
3.8726
3.8726
3.8726
3.8726
3.8726
3.8726
3.8726
3.8726
3.8726
3.8726
3.8726
3.8726
3.8726
3.8726
3.8726
3.8726
3.8726
3.8726
3.8726
3.8726
3.8726
3.8726
3.8726
3.8726
3.8726
3.8726
3.8726
3.8726
3.8726
3.8726
3.8726
3.8726
3.8726
3.8726
3.8726
3.8726
3.8726
3.8726
3.8726
3.8726
3.8726
3.8726
3.8726
3.8726
3.8726
3.8726
3.8726
3.8726
3.8726
3.8726
3.8726
3.8726
3.8726
3.8726
3.8726
3.8726
3.8726
3.8726
3.8726
3.8726
3.8726
3.8726
3.8726
3.8726
3.8726
3.8726
3.8726
3.8726
3.8726
3.8726
3.8726
3.8726
3.8726
3.8726
3.8726
3.8726
3.8726
3.8726
3.8726
3.8726
3.8726
3.8726
3.8726
3.8726
3.8726
3.8726
3.8726
3.8726
3.8726
3.8726
3.8726
3.8726
3.8726
3.8726
3.8726
3.8726
3.8726
3.8726
3.8726
3.8726
3.8726
3.8726
3.8726
3.8726
3.8726
3.8726
3.8726
3.8726
3.8726
3.8726
3.8726
3.8726
3.8726
3.8726
3.8726
3.8726
3.8726
3.8726
3.8726
3.8726
3.8726
3.8726
3.8726
3.8726
3.8726
3.8726
3.8726
3.8726
3.8726
3.8726
3.8726
3.8726
3.8726
3.8726
3.8726
3.8726
3.8726
3.8726
3.8726
3.8726
3.8726
3.8726
3.8726
3.8726
3.8726
3.8726
3.8726
3.8726
3.8726
3.8726
3.8726
3.8726
3.8726
3.8726
3.8726
3.8726
3.8726
3.8726
3.8726
3.8726
3.8726
3.8726
3.8726
3.8726
3.8726
3.8726
3.8726
3.8726
3.8726
3.8726
3.8726
3.8726
3.8726
3.8726
3.8726
3.8726
3.8726
3.8726
3.8726
3.8726
3.8726
3.8726
3.8726
3.8726
3.8726
3.8726
3.8726
3.8726
3.8726
3.8726
3.8726
3.8726
3.8726
3.8726
3.8726
3.8726
3.8726
3.8726
3.8726
3.8726
3.8726
3.8726
3.8726
3.8726
3.8726
3.8726
3.8726
3.8726
3.8726
3.8726
3.8726
3.8726
3.8726
3.8726
3.8726
3.8726
3.8726
3.8726
3.8726
3.8726
3.8726
3.8726
3.8726
3.8726
3.8726
3.8726
3.8726
3.8726
3.8726
3.8726
3.8726
3.8726
3.8726
3.8726
3.8726
3.8726
3.8726
3.8726
3.8726
3.8726
3.8726
3.8726
3.8726
3.8726
3.8726
3.8726
3.8726
3.8726
3.8726
3.8726
3.8726
3.8726
3.8726
3.8726
3.8726
3.8726
3.8726
3.8726
3.8726
3.8726
3.8726
3.8726
3.8726
3.8726
3.8726
3.8726
3.8726
3.8726
3.8726
3.8726
3.8726
3.8726
3.8726
3.8726
3.8726
3.8726
3.8726
3.8726
3.8726
3.8726
3.8726
3.8726
3.8726
3.8726
3.8726
3.8726
3.8726
3.8726
3.8726
3.8726
3.8726
3.8726
3.8726
3.8726
3.8726
3.8726
3.8726
3.8726
3.8726
3.8726
3.8726
3.8726
3.8726
3.8726
3.8726
3.8726
3.8726
3.8726
3.8726
3.8726
3.8726
3.8726
3.8726
3.8726
3.8726
3.8726
3.8726
3.8726
3.8726
3.8726
3.8726
3.8726
3.8726
3.8726
3.8726
3.8726
3.8726
3.8726
3.8726
3.8726
3.8726
3.8726
3.8726
3.8726
3.8726
3.8726
3.8726
3.8726
3.8726
3.8726
3.8726
3.8726
3.8726
3.8726
3.8726
3.8726
3.8726
3.8726
3.8726
3.8726
3.8726
3.8726
3.8726
3.8726
3.8726
3.8726
3.8726
3.8726
3.8726
3.8726
3.8726
3.8726
3.8726
3.8726
3.8726
3.8726
3.8726
3.8726
3.8726
3.8726
3.8726
3.8726
3.8726
3.8726
3.8726
3.8726
3.8726
3.8726
3.8726
3.8726
3.8726
3.8726
3.8726
3.8726
3.8726
3.8726
3.8726
3.8726
3.8726
3.8726
3.8726
3.8726
3.8726
3.8726
3.8726
3.8726
3.8726
3.8726
3.8726
3.8726
3.8726
3.8726
3.8726
3.8726
3.8726
3.8726
3.8726
3.8726
3.8726
3.8726
3.8726
3.8726
3.8726
3.8726
3.8726
3.8726
3.8726
3.8726
3.8726
3.8726
3.8726
3.8726
3.8726
3.8726
3.8726
3.8726
3.8726
3.8726
3.8726
3.8726
3.8726
3.8726
3.8726
3.8726
3.8726
3.8726
3.8726
3.8726
3.8726
3.8726
3.8726
3.8726
3.8726
3.8726
3.8726
3.8726
3.8726
3.8726
3.8726
3.8726
3.8726
3.8726
3.8726
3.8726
3.8726
3.8726
3.8726
3.8726
3.8726
3.8726
3.8726
3.8726
3.8726
3.8726
3.8726
3.8726
3.8726
3.8726
3.8726
3.8726
3.8726
3.8726
3.8726
3.8726
3.8726
3.8726
3.8726
3.8726
3.8726
3.8726
3.8726
3.8726
3.8726
3.8726
3.8726
3.8726
3.8726
3.8726
3.8726
3.8726
3.8726
3.8726
3.8726
3.8726
3.8726
3.8726
3.8726
3.8726
3.8726
3.8726
3.8726
3.8726
3.8726
3.8726
3.8726
3.8726
3.8726
3.8726
3.8726
3.8726
3.8726
3.8726
3.8726
3.8726
3.8726
3.8726
3.8726
3.8726
3.8726
3.8726
3.8726
3.8726
3.8726
3.8726
3.8726
3.8726
3.8726
3.8726
3.8726
3.8726
3.8726
3.8726
3.8726
3.8726
3.8726
3.8726
3.8726
3.8726
3.8726
3.8726
3.8726
3.8726
3.8726
3.8726
3.8726
3.8726
3.8726
3.8726
3.8726
3.8726
3.8726
3.8726
3.8726
3.8726
3.8726
3.8726
3.8726
3.8726
3.8726
3.8726
3.8726
3.8726
3.8726
3.8726
3.8726
3.8726
3.8726
3.8726
3.8726
3.8726
3.8726
3.8726
3.8726
3.8726
3.8726
3.8726
3.8726
3.8726
3.8726
3.8726
3.8726
3.8726
3.8726
3.8726
3.8726
3.8726
3.8726
3.8726
3.8726
3.8726
3.8726
3.8726
3.8726
3.8726
3.8726
3.8726
3.8726
3.8726
3.8726
3.8726
3.8726
3.8726
3.8726
3.8726
3.8726
3.8726
3.8726
3.8726
3.8726
3.8726
3.8726
3.8726
3.8726
3.8726
3.8726
3.8726
3.8726
3.8726
3.8726
3.8726
3.8726
3.8726
3.8726
3.8726
3.8726
3.8726
3.8726
3.8726
3.8726
3.8726
3.8726
3.8726
3.8726
3.8726
3.8726
3.8726
3.8726
3.8726
3.8726
3.8726
3.8726
3.8726
3.8726
3.8726
3.8726
3.8726
3.8726
3.8726
3.8726
3.8726
3.8726
3.8726
3.8726
3.8726
3.8726
3.8726
3.8726
3.8726
3.8726
3.8726
3.8726
3.8726
3.8726
3.8726
3.8726
3.8726
3.8726
3.8726
3.8726
3.8726
3.8726
3.8726
3.8726
3.8726
3.8726
3.8726
3.8726
3.8726
3.8726
3.8726
3.8726
3.8726
3.8726
3.8726
3.8726
3.8726
3.8726
3.8726
3.8726
3.8726
3.8726
3.8726
3.8726
3.8726
3.8726
3.8726
3.8726
3.8726
3.8726
3.8726
3.8726
3.8726
3.8726
3.8726
3.8726
3.8726
3.8726
3.8726
3.8726
3.8726
3.8726
3.8726
3.8726
3.8726
3.8726
3.8726
3.8726
3.8726
3.8726
3.8726
3.8726
3.8726
3.8726
3.8726
3.8726
3.8726
3.8726
3.8726
3.8726
3.8726
3.8726
3.8726
3.8726
3.8726
3.8726
3.8726
3.8726
3.8726
3.8726
3.8726
3.8726
3.8726
3.8726
3.8726
3.8726
3.8726
3.8726
3.8726
3.8726
3.8726
3.8726
3.8726
3.8726
3.8726
3.8726
3.8726
3.8726
3.8726
3.8726
3.8726
3.8726
3.8726
3.8726
3.8726
3.8726
3.8726
3.8726
3.8726
3.8726
3.8726
3.8726
3.8726
3.8726
3.8726
3.8726
3.8726
3.8726
3.8726
3.8726
3.8726
3.8726
3.8726
3.8726
3.8726
3.8726
3.8726
3.8726
3.8726
3.8726
3.8726
3.8726
3.8726
3.8726
3.8726
3.8726
3.8726
3.8726
3.8726
3.8726
3.8726
3.8726
3.8726
3.8726
3.8726
3.8726
3.8726
3.8726
3.8726
3.8726
3.8726
3.8726
3.8726
3.8726
3.8726
3.8726
3.8726
3.8726
3.8726
3.8726
3.8726
3.8726
3.8726
3.8726
3.8726
3.8726
3.8726
3.8726
3.8726
3.8726
3.8726
3.8726
3.8726
3.8726
3.8726
3.8726
3.8726
3.8726
3.8726
3.8726
3.8726
3.8726
3.8726
3.8726
3.8726
3.8726
3.8726
3.8726
3.8726
3.8726
3.8726
3.8726
3.8726
3.8726
3.8726
3.8726
3.8726
3.8726
3.8726
3.8726
3.8726
3.8726
3.8726
3.8726
3.8726
3.8726
3.8726
3.8726
3.8726
3.8726
3.8726
3.8726
3.8726
3.8726
3.8726
3.8726
3.8726
3.8726
3.8726
3.8726
3.8726
3.8726
3.8726
3.8726
3.8726
3.8726
3.8726
3.8726
3.8726
3.8726
3.8726
3.8726
3.8726
3.8726
3.8726
3.8726
3.8726
3.8726
3.8726
3.8726
3.8726
3.8726
3.8726
3.8726
3.8726
3.8726
3.8726
3.8726
3.8726
3.8726
3.8726
3.8726
3.8726
3.8726
3.8726
3.8726
3.8726
3.8726
3.8726
3.8726
3.8726
3.8726
3.8726
3.8726
3.8726
3.8726
3.8726
3.8726
3.8726
3.8726
3.8726
3.8726
3.8726
3.8726
3.8726
3.8726
3.8726
3.8726
3.8726
3.8726
3.8726
3.8726
3.8726
3.8726
3.8726
3.8726
3.8726
3.8726
3.8726
3.8726
3.8726
3.8726
3.8726
3.8726
3.8726
3.8726
3.8726
3.8726
3.8726
3.8726
3.8726
3.8726
3.8726
3.8726
3.8726
3.8726
3.8726
3.8726
3.8726
3.8726
3.8726
3.8726
3.8726
3.8726
3.8726
3.8726
3.8726
3.8726
3.8726
3.8726
3.8726
3.8726
3.8726
3.8726
3.8726
3.8726
3.8726
3.8726
3.8726
3.8726
3.8726
3.8726
3.8726
3.8726
3.8726
3.8726
3.8726
3.8726
3.8726
3.8726
3.8726
3.8726
3.8726
3.8726
3.8726
3.8726
3.8726
3.8726
3.8726
3.8726
3.8726
3.8726
3.8726
3.8726
3.8726
3.8726
3.8726
3.8726
3.8726
3.8726
3.8726
3.8726
3.8726
3.8726
3.8726
3.8726
3.8726
3.8726
3.8726
3.8726
3.8726
3.8726
3.8726
3.8726
3.8726
3.8726
3.8726
3.8726
3.8726
3.8726
3.8726
3.8726
3.8726
3.8726
3.8726
3.8726
3.8726
3.8726
3.8726
3.8726
3.8726
3.8726
3.8726
3.8726
3.8726
3.8726
3.8726
3.8726
3.8726
3.8726
3.8726
3.8726
3.8726
3.8726
3.8726
3.8726
3.8726
3.8726
3.8726
3.8726
3.8726
3.8726
3.8726
3.8726
3.8726
3.8726
3.8726
3.8726
3.8726
3.8726
3.8726
3.8726
3.8726
3.8726
3.8726
3.8726
3.8726
3.8726
3.8726
3.8726
3.8726
3.8726
3.8726
3.8726
3.8726
3.8726
3.8726
3.8726
3.8726
3.8726
3.8726
3.8726
3.8726
3.8726
3.8726
3.8726
3.8726
3.8726
3.8726
3.8726
3.8726
3.8726
3.8726
3.8726
3.8726
3.8726
3.8726
3.8726
3.8726
3.8726
3.8726
3.8726
3.8726
3.8726
3.8726
3.8726
3.8726
3.8726
3.8726
3.8726
3.8726
3.8726
3.8726
3.8726
3.8726
3.8726
3.8726
3.8726
3.8726
3.8726
3.8726
3.8726
3.8726
3.8726
3.8726
3.8726
3.8726
3.8726
3.8726
3.8726
3.8726
3.8726
3.8726
3.8726
3.8726
3.8726
3.8726
3.8726
3.8726
3.8726
3.8726
3.8726
3.8726
3.8726
3.8726
3.8726
3.8726
3.8726
3.8726
3.8726
3.8726
3.8726
3.8726
3.8726
3.8726
3.8726
3.8726
3.8726
3.8726
3.8726
3.8726
3.8726
3.8726
3.8726
3.8726
3.8726
3.8726
3.8726
3.8726
3.8726
3.8726
3.8726
3.8726
3.8726
3.8726
3.8726
3.8726
3.8726
3.8726
3.8726
3.8726
3.8726
3.8726
3.8726
3.8726
3.8726
3.8726
3.8726
3.8726
3.8726
3.8726
3.8726
3.8726
3.8726
3.8726
3.8726
3.8726
3.8726
3.8726
3.8726
3.8726
3.8726
3.8726
3.8726
3.8726
3.8726
3.8726
3.8726
3.8726
3.8726
3.8726
3.8726
3.8726
3.8726
3.8726
3.8726
3.8726
3.8726
3.8726
3.8726
3.8726
3.8726
3.8726
3.8726
3.8726
3.8726
3.8726
3.8726
3.8726
3.8726
3.8726
3.8726
3.8726
3.8726
3.8726
3.8726
3.8726
3.8726
3.8726
3.8726
3.8726
3.8726
3.8726
3.8726
3.8726
3.8726
3.8726
3.8726
3.8726
3.8726
3.8726
3.8726
3.8726
3.8726
3.8726
3.8726
3.8726
3.8726
3.8726
3.8726
3.8726
3.8726
3.8726
3.8726
3.8726
3.8726
3.8726
3.8726
3.8726
3.8726
3.8726
3.8726
3.8726
3.8726
3.8726
3.8726
3.8726
3.8726
3.8726
3.8726
3.8726
3.8726
3.8726
3.8726
3.8726
3.8726
3.8726
3.8726
3.8726
3.8726
3.8726
3.8726
3.8726
3.8726
3.8726
3.8726
3.8726
3.8726
3.8726
3.8726
3.8726
3.8726
3.8726
3.8726
3.8726
3.8726
3.8726
3.8726
3.8726
3.8726
3.8726
3.8726
3.8726
3.8726
3.8726
3.8726
3.8726
3.8726
3.8726
3.8726
3.8726
3.8726
3.8726
3.8726
3.8726
3.8726
3.8726
3.8726
3.8726
3.8726
3.8726
3.8726
3.8726
3.8726
3.8726
3.8726
3.8726
3.8726
3.8726
3.8726
3.8726
3.8726
3.8726
3.8726
3.8726
3.8726
3.8726
3.8726
3.8726
3.8726
3.8726
3.8726
3.8726
3.8726
3.8726
3.8726
3.8726
3.8726
3.8726
3.8726
3.8726
3.8726
3.8726
3.8726
3.8726
3.8726
3.8726
3.8726
3.8726
3.8726
3.8726
3.8726
3.8726
3.8726
3.8726
3.8726
3.8726
3.8726
3.8726
3.8726
3.8726
3.8726
3.8726
3.8726
3.8726
3.8726
3.8726
3.8726
3.8726
3.8726
3.8726
3.8726
3.8726
3.8726
3.8726
3.8726
3.8726
3.8726
3.8726
3.8726
3.8726
3.8726
3.8726
3.8726
3.8726
3.8726
3.8726
3.8726
3.8726
3.8726
3.8726
3.8726
3.8726
3.8726
3.8726
3.8726
3.8726
3.8726
3.8726
3.8726
3.8726
3.8726
3.8726
3.8726
3.8726
3.8726
3.8726
3.8726
3.8726
3.8726
3.8726
3.8726
3.8726
3.8726
3.8726
3.8726
3.8726
3.8726
3.8726
3.8726
3.8726
3.8726
3.8726
3.8726
3.8726
3.8726
3.8726
3.8726
3.8726
3.8726
3.8726
3.8726
3.8726
3.8726
3.8726
3.8726
3.8726
3.8726
3.8726
3.8726
3.8726
3.8726
3.8726
3.8726
3.8726
3.8726
3.8726
3.8726
3.8726
3.8726
3.8726
3.8726
3.8726
3.8726
3.8726
3.8726
3.8726
3.8726
3.8726
3.8726
3.8726
3.8726
3.8726
3.8726
3.8726
3.8726
3.8726
3.8726
3.8726
3.8726
3.8726
3.8726
3.8726
3.8726
3.8726
3.8726
3.8726
3.8726
3.8726
3.8726
3.8726
3.8726
3.8726
3.8726
3.8726
3.8726
3.8726
3.8726
3.8726
3.8726
3.8726
3.8726
3.8726
3.8726
3.8726
3.8726
3.8726
3.8726
3.8726
3.8726
3.8726
3.8726
3.8726
3.8726
3.8726
3.8726
3.8726
3.8726
3.8726
3.8726
3.8726
3.8726
3.8726
3.8726
3.8726
3.8726
3.8726
3.8726
3.8726
3.8726
3.8726
3.8726
3.8726
3.8726
3.8726
3.8726
3.8726
3.8726
3.8726
3.8726
3.8726
3.8726
3.8726
3.8726
3.8726
3.8726
3.8726
3.8726
3.8726
3.8726
3.8726
3.8726
3.8726
3.8726
3.8726
3.8726
3.8726
3.8726
3.8726
3.8726
3.8726
3.8726
3.8726
3.8726
3.8726
3.8726
3.8726
3.8726
3.8726
3.8726
3.8726
3.8726
3.8726
3.8726
3.8726
3.8726
3.8726
3.8726
3.8726
3.8726
3.8726
3.8726
3.8726
3.8726
3.8726
3.8726
3.8726
3.8726
3.8726
3.8726
3.8726
3.8726
3.8726
3.8726
3.8726
3.8726
3.8726
3.8726
3.8726
3.8726
3.8726
3.8726
3.8726
3.8726
3.8726
3.8726
3.8726
3.8726
3.8726
3.8726
3.8726
3.8726
3.8726
3.8726
3.8726
3.8726
3.8726
3.8726
3.8726
3.8726
3.8726
3.8726
3.8726
3.8726
3.8726
3.8726
3.8726
3.8726
3.8726
3.8726
3.8726
3.8726
3.8726
3.8726
3.8726
3.8726
3.8726
3.8726
3.8726
3.8726
3.8726
3.8726
3.8726
3.8726
3.8726
3.8726
3.8726
3.8726
3.8726
3.8726
3.8726
3.8726
3.8726
3.8726
3.8726
3.8726
3.8726
3.8726
3.8726
3.8726
3.8726
3.8726
3.8726
3.8726
3.8726
3.8726
3.8726
3.8726
3.8726
3.8726
3.8726
3.8726
3.8726
3.8726
3.8726
3.8726
3.8726
3.8726
3.8726
3.8726
3.8726
3.8726
3.8726
3.8726
3.8726
3.8726
3.8726
3.8726
3.8726
3.8726
3.8726
3.8726
3.8726
3.8726
3.8726
3.8726
3.8726
3.8726
3.8726
3.8726
3.8726
3.8726
3.8726
3.8726
3.8726
3.8726
3.8726
3.8726
3.8726
3.8726
3.8726
3.8726
3.8726
3.8726
3.8726
3.8726
3.8726
3.8726
3.8726
3.8726
3.8726
3.8726
3.8726
3.8726
3.8726
3.8726
3.8726
3.8726
3.8726
3.8726
3.8726
3.8726
3.8726
3.8726
3.8726
3.8726
3.8726
3.8726
3.8726
3.8726
3.8726
3.8726
3.8726
3.8726
3.8726
3.8726
3.8726
3.8726
3.8726
3.8726
3.8726
3.8726
3.8726
3.8726
3.8726
3.8726
3.8726
3.8726
3.8726
3.8726
3.8726
3.8726
3.8726
3.8726
3.8726
3.8726
3.8726
3.8726
3.8726
3.8726
3.8726
3.8726
3.8726
3.8726
3.8726
3.8726
3.8726
3.8726
3.8726
3.8726
3.8726
3.8726
3.8726
3.8726
3.8726
3.8726
3.8726
3.8726
3.8726
3.8726
3.8726
3.8726
3.8726
3.8726
3.8726
3.8726
3.8726
3.8726
3.8726
3.8726
3.8726
3.8726
3.8726
3.8726
3.8726
3.8726
3.8726
3.8726
3.8726
3.8726
3.8726
3.8726
3.8726
3.8726
3.8726
3.8726
3.8726
3.8726
3.8726
3.8726
3.8726
3.8726
3.8726
3.8726
3.8726
3.8726
3.8726
3.8726
3.8726
3.8726
3.8726
3.8726
3.8726
3.8726
3.8726
3.8726
3.8726
3.8726
3.8726
3.8726
3.8726
3.8726
3.8726
3.8726
3.8726
3.8726
3.8726
3.8726
3.8726
3.8726
3.8726
3.8726
3.8726
3.8726
3.8726
3.8726
3.8726
3.8726
3.8726
3.8726
3.8726
3.8726
3.8726
3.8726
3.8726
3.8726
3.8726
3.8726
3.8726
3.8726
3.8726
3.8726
3.8726
3.8726
3.8726
3.8726
3.8726
3.8726
3.8726
3.8726
3.8726
3.8726
3.8726
3.8726
3.8726
3.8726
3.8726
3.8726
3.8726
3.8726
3.8726
3.8726
3.8726
3.8726
2.5942
2.1281
2.3227
7.4473
10.495
6.0534
1.4223
6.7764
8.5507
14.223
10.839
0.92045
1.0399
1.3772
1.0889
1.0864
2.0324
1.4757
0.97051
0.79433
0.79983
1.8621
1.7258
1.0093
3.2211
0.70307
0.76208
1.6368
0.77983
1.094
0.67143
5.8749
9.2257
11.588
12.706
17.62
14.622
14.355
11.117
10.74
8.1846
4.0926
14.421
0.64565
1.39
15.066
16.218
11.246
13.614
14.655
2.1627
13.583
8.6298
4.2658
1.2853
2.2131
1.8365
7.3114
9.3541
15.241
9.9312
14.223
1.7378
1.1535
1.0233
0.92683
1.2274
1.0789
0.97051
1.762
3.4356
0.79616
0.7145
0.92045
0.89743
0.78163
0.88308
0.73114
0.72611
0.73282
1.6032
1.0814
0.84528
0.71779
0.75509
0.79068
0.99083
0.70632
9.7499
7.4302
0.66988
8.2224
4.6559
3.5563
10.914
12.912
1.2445
3.7844
2.0559
1.2106
1.406
1.0617
1.1015
1.1092
1.7378
5.6885
0.6792
4.5709
3.3037
0.74817
5.4702
2.5527
1.8365
0.86896
0.67298
0.6792
0.65464
0.66988
6.1235
6.223
15.668
8.3946
12.359
8.2794
10.641
6.7764
20.137
4.6989
2.0989
2.7227
2.3823
8.2794
4.0738
0.70958
0.78343
0.68391
0.69343
0.68234
0.89536
0.97499
0.72946
1.652
0.72444
0.69343
0.7145
0.66988
0.73282
0.74473
0.75858
24.266
8.3753
12.134
13.305
12.162
11.803
19.364
11.776
8.2414
8.995
13.772
13.213
14.962
10.889
8.4333
8.2794
12.794
8.9743
10.839
10.715
1.9275
1.5596
8.6696
9.0991
