2.0606
26.853
24.21
24.66
16.711
17.742
17.742
8.2224
31.842
14.521
49.431
24.434
36.898
24.044
12.589
10.328
20.417
24.21
21.429
21.281
22.646
20.417
21.528
1.2677
1.4622
1.4521
1.0209
10.666
19.364
22.542
20.749
27.29
18.923
22.182
29.309
20.701
22.909
19.861
16.634
9.1201
1.0568
1.1272
1.1535
1.2023
13.366
14.093
22.491
2.6303
1.0593
4.4978
26.977
25.41
21.928
26.853
26.853
16.218
56.234
32.137
14.928
22.699
17.022
20.941
21.777
3.5563
1.0209
0.91201
0.78524
15.382
49.204
16.144
23.174
21.727
14.488
1.0423
1.1508
0.77983
0.77446
0.68391
0.8356
0.7656
0.99541
0.86298
0.75858
1.4322
0.85114
23.878
15.996
28.708
26.182
27.797
20.941
23.227
24.266
14.928
1.0093
0.9506
17.338
21.979
24.099
20.464
24.604
22.491
17.539
1.0023
0.75509
0.82224
0.7925
0.73282
0.68865
12.246
18.664
23.768
1.4388
1.1749
21.232
23.659
24.099
23.388
5.0933
15.382
1.8365
21.038
18.75
18.836
20.277
19.231
24.21
21.878
24.717
4.0087
1.6144
0.9247
0.97499
1.1995
1.074
18.113
19.815
1.5668
0.84723
0.88716
9.6383
0.79983
0.76208
2.1281
2.0277
0.87297
1.0839
12.359
0.9594
1.1803
1.0691
1.1272
1.256
4.9317
12.05
5.236
14.158
18.923
23.496
25.527
19.231
18.923
22.594
28.445
26.485
23.227
24.322
27.733
20.23
22.233
22.909
20.941
23.823
17.865
1.3002
1.1967
0.91622
0.86099
13.122
19.634
11.722
15.488
0.75336
0.82224
12.882
3.5975
1.2972
17.824
24.099
22.909
22.233
20.941
23.605
23.988
20.091
20.045
19.454
0.69663
0.69343
0.63096
1.0666
1.0839
0.7709
0.85901
4.5814
0.82604
1.3459
0.92045
1.3062
6.4121
14.962
15.171
17.783
1.1561
1.0617
1.0617
0.9594
1.052
1.122
2.3878
9.0365
0.70307
0.98855
0.78705
0.79799
0.79799
0.76913
0.8995
0.87902
1.4555
2.2439
0.64417
0.72444
0.69024
0.71614
0.72277
0.66069
1.0715
4.1687
5.2602
0.87297
1.0069
1.3062
1.8281
0.82414
0.96605
1.2589
1.1508
1.3183
1.1668
1.1376
1.4125
1.2106
2.5235
1.762
1.3397
1.2706
2.9107
1.0691
0.81096
0.68707
1.0046
0.76913
0.79616
0.88716
0.77983
2.0091
0.64417
0.63826
0.70469
0.70146
0.62806
0.65313
0.63096
0.68234
0.64714
0.63387
0.64269
0.82414
0.877
2.138
0.99541
0.70958
1.194
2.3933
0.66681
0.69502
0.63387
0.64121
0.64565
0.64863
0.72778
0.66988
0.61518
1.1376
2.1827
1.1429
0.82414
0.9528
1.5205
1.0641
0.97275
0.90573
1.3677
1.2853
1.4488
1.3646
1.0186
1.2331
1.2134
1.3305
1.3583
0.68234
0.66681
0.84918
1.7579
0.66374
0.64269
0.67298
0.66681
0.75858
0.70469
0.66374
0.64714
0.72611
0.74302
0.76913
0.74131
2.0559
3.2434
1.1535
0.76033
2.3442
1.0116
1.7783
0.68391
0.63973
0.68391
0.95719
0.67298
0.67453
0.66374
0.6792
0.60954
0.61518
0.66681
0.65013
0.64565
1.2474
0.82035
0.86696
1.1376
0.71945
0.87096
0.73451
2.6607
0.66527
0.68077
0.71121
0.64565
0.68549
0.74645
0.80168
0.70307
0.67764
0.69502
0.63826
1.1402
0.81096
0.65615
0.6792
1.0116
0.66527
0.71945
0.71285
0.79616
0.64863
0.71285
0.69024
0.68707
0.67143
0.71614
0.61376
0.64863
0.72946
0.66681
0.65013
0.64269
0.6368
0.68707
0.64121
0.6223
0.65615
0.65013
0.65013
0.68077
0.69502
0.96383
0.62951
0.70146
0.65464
0.63533
0.70958
0.70307
0.63241
0.69024
1.1482
0.86099
0.75336
1.4355
1.4928
1.9724
1.7989
1.6444
0.69823
1.1402
0.69663
0.65917
0.66988
0.66222
0.65013
0.65313
0.62373
0.64714
0.66527
0.67764
0.65464
0.69024
0.63533
0.65615
0.65917
0.81283
0.64565
0.71121
0.7925
1.1995
0.63241
0.64565
0.61094
0.62517
0.66374
0.71285
0.71945
0.81846
0.8531
0.65615
0.63096
0.63241
0.61802
0.64121
0.67298
0.65013
0.70469
0.62951
0.65464
0.63826
0.62373
0.71779
0.61802
0.63533
0.63826
0.6368
0.65917
0.68077
0.66988
0.6166
0.6368
0.65013
0.65313
0.6223
0.64269
0.90157
0.63387
0.67143
0.67764
0.62661
0.6166
0.62517
0.70146
0.68391
0.65615
0.63241
0.63533
0.62087
0.67143
0.6166
0.62806
0.64714
1.3964
0.97051
1.3122
0.66069
0.63973
0.96161
0.73282
0.89743
0.72778
0.69984
0.62517
0.65163
0.63826
0.83946
0.92897
0.63096
0.61802
0.79616
0.62951
0.68707
0.73961
0.6166
0.79433
0.94189
0.95499
0.77268
0.86298
2.2909
0.66069
0.63387
0.64121
0.65313
0.67608
0.72444
0.68865
1.406
2.2751
0.88308
0.66681
0.62661
0.67143
0.65917
0.62517
0.66069
0.59704
0.62517
0.67453
0.63973
0.62806
0.62806
0.65013
0.63973
0.82604
0.61376
0.64565
0.61802
0.64269
0.62087
0.62517
0.61235
0.63973
0.6166
0.68077
0.79433
0.72444
0.69502
0.72946
0.73621
0.81846
0.69663
0.74131
1.71
0.63387
0.61944
0.67143
0.62087
0.65766
0.71779
0.70307
0.64417
0.63096
0.67453
0.64121
0.64565
1.0209
0.64269
0.68234
1.4588
0.63533
0.64121
0.66681
0.60814
0.63826
0.76736
0.64565
1.803
0.98855
0.92257
3.2734
0.87498
1.0568
0.62951
0.66069
0.64565
0.71614
0.85507
1.5596
0.65464
0.66222
0.60395
0.67764
0.61944
0.62517
0.6792
0.60954
0.63241
0.84723
0.63826
0.63387
0.64863
0.65917
0.90365
0.63096
0.63096
0.61376
0.62087
0.62661
0.61944
0.64714
0.63387
0.68549
0.8531
6.1235
0.66834
0.65464
0.64269
0.62806
0.71121
0.64121
0.66374
0.63241
0.6223
0.67143
0.64417
0.63096
0.66988
0.65615
0.66834
0.63826
0.71614
0.6368
0.65163
1.0789
0.6223
0.62373
0.63973
0.65766
0.62951
0.65163
0.68234
0.79068
0.66222
0.70307
0.6368
0.64863
0.6166
0.62951
0.66834
0.65313
0.69343
0.65163
0.81096
0.66222
0.66069
0.7379
0.65313
0.66988
0.68707
0.65163
0.66069
0.65313
0.64417
0.6166
0.64417
0.63387
0.63241
0.65163
0.69183
0.67143
0.69024
0.64863
0.62661
0.64565
0.66069
0.65917
0.65615
0.70958
0.63973
0.62087
0.6368
0.61518
0.70958
0.66834
0.65464
0.65917
0.69343
0.8147
0.69663
0.72778
0.99083
0.93111
0.66069
0.73451
0.69984
0.65917
1.1041
0.69183
0.66988
0.63533
1.0593
0.6792
0.63533
0.65464
0.70307
0.63096
0.66222
0.62373
0.65464
0.66988
0.67298
1.4256
0.67143
0.77268
0.69502
0.66374
0.66222
0.65163
0.65313
0.61944
0.64417
0.62806
0.67608
0.65917
0.65615
0.64121
0.69663
0.66527
0.64863
1.3213
0.59979
0.65163
0.63826
0.66374
0.66222
0.65615
0.66069
0.62661
0.63096
0.74131
1.0423
0.67143
0.64565
0.68077
0.63973
0.65313
0.6166
0.62806
0.62517
0.62661
0.95499
0.64714
0.68077
0.63533
0.68707
0.98628
0.67608
0.68549
0.63973
0.93756
0.63241
1
0.67453
0.66222
0.75509
1.3964
4.2658
1.4488
1.3397
2.2856
0.79983
1.0471
1.1143
1.1776
1.0544
0.877
3.2584
0.69183
0.66527
0.63533
0.61944
0.65766
0.61802
0.66988
0.75509
0.6223
0.65766
0.63533
0.63533
0.65766
0.62373
0.70795
0.70795
0.63096
0.63533
0.67608
0.62661
0.60954
0.66834
0.65615
0.65313
0.67453
0.66222
0.66374
0.65766
0.65013
0.64565
0.66374
0.64417
0.65917
0.64565
0.66527
0.63533
0.63826
0.68707
0.65313
0.65464
0.65917
0.66681
0.66374
0.63241
0.71779
0.67453
0.65013
0.67453
0.63973
0.68549
0.74645
0.68549
0.70958
0.74645
0.80168
0.6792
0.70958
1.0375
0.8147
0.74817
0.89125
0.80353
0.67298
0.65464
2.0324
0.62517
0.90991
0.68234
0.73114
0.68391
0.65313
0.66069
0.68234
0.8892
0.64714
0.64121
0.69343
0.6792
0.63973
0.72277
0.66834
0.6792
0.74817
0.66374
0.78524
0.70146
0.74989
0.63973
0.68865
0.6368
0.65163
0.69502
0.82794
0.65163
0.7656
0.85114
0.90573
0.66069
0.64121
0.67143
0.65313
0.62951
0.67608
0.67453
0.65464
0.77983
0.65163
0.64863
0.64863
0.66069
0.72778
0.66681
0.66222
0.9977
0.69984
0.63241
0.64565
0.65766
0.64121
0.6368
0.65615
0.67143
0.66069
0.66374
0.69663
0.65163
0.62806
0.61235
0.6792
0.73621
0.65163
0.61094
0.59979
0.70146
0.88512
0.70307
0.65766
0.67298
0.63533
0.60954
0.67453
0.67298
0.65013
0.65615
0.63826
0.65917
0.64714
0.68391
1.0209
0.63826
1.0691
0.69183
0.67143
0.69343
0.63826
0.62951
1.6943
0.65313
0.64417
0.68707
0.6223
0.65766
0.65615
0.64863
0.66834
0.64417
1.7498
0.64121
0.65163
1.052
0.76736
0.70469
1.3932
0.6223
0.65615
1.2331
1.4322
0.72611
0.67764
0.63387
0.67453
0.64417
0.64269
0.63387
0.64269
0.65163
0.66374
0.69024
0.65464
0.65163
0.68391
0.64417
0.64121
0.6166
0.74131
0.63533
0.63826
0.66988
0.66681
0.62951
0.64121
0.6792
0.76208
0.75858
0.67764
0.78524
0.68865
0.75683
0.65917
1.0304
0.61802
0.65766
0.68865
0.66988
0.63826
0.6792
0.60814
0.69984
0.6792
0.62806
0.66374
0.63533
0.62517
1.4588
0.63241
0.69984
0.68234
0.63387
0.68549
0.62373
1
0.92257
0.80168
0.63826
0.84723
0.62517
0.69183
0.74645
0.71121
0.68865
0.64565
0.66681
0.7379
0.69502
0.62951
1.1614
0.64269
0.69024
0.73114
1.1749
0.70958
0.78524
0.69024
0.66374
0.65464
0.61802
1.0544
0.85704
0.62661
0.66069
0.66527
0.69343
0.65163
0.63973
0.65163
0.69823
0.65917
0.64417
0.8531
1.052
3.2885
0.63241
0.66681
0.64269
0.66681
0.61376
0.64565
0.63973
0.65615
0.63973
0.66374
0.64269
0.71285
0.60814
0.64565
0.64863
0.63533
0.64269
0.67298
0.63826
0.69663
0.64269
0.63241
0.63973
0.63826
0.61094
0.61944
0.65464
0.66069
0.65313
0.66988
0.63096
0.62373
0.71121
0.61944
0.63973
0.66681
0.62661
0.66988
0.65917
0.61802
0.61376
0.68549
0.64417
0.66681
0.62951
0.64863
0.62087
0.77983
0.64565
0.69663
0.62661
0.61518
0.62661
0.61944
0.66222
0.97275
2.4266
1.2618
1.3243
1.5241
1.2706
1.028
0.76384
0.60395
1.2078
0.64714
0.6166
0.73451
0.63387
0.63387
0.71614
0.66222
1.3804
1.0139
0.62661
0.72778
0.65615
0.74473
0.66988
0.62951
0.68077
0.62087
0.64269
0.66834
0.61518
0.66069
0.66527
0.70307
0.97949
0.90573
0.64863
0.6792
0.67298
0.73451
0.66374
0.66681
0.69024
0.63826
0.68391
0.68865
0.65615
0.72111
0.70469
0.68234
0.78524
0.63241
0.65013
0.63973
0.65917
0.63096
0.65917
0.64417
0.64269
0.64714
0.63096
0.70632
0.71285
0.68234
0.6792
0.65013
0.67764
0.64121
0.65615
0.68549
0.66222
0.63826
0.69024
0.63387
0.66834
0.71285
0.66681
0.65615
0.62517
0.63387
0.71779
0.73621
0.63533
0.65013
0.64269
0.73961
1.1614
0.72778
0.67298
0.65313
0.69984
0.62661
0.79068
0.68707
0.62806
0.70795
0.65163
0.75683
0.65917
0.71779
0.88716
0.70146
0.81658
0.78163
0.89536
0.71945
1.3243
3.9811
3.4198
1.6482
0.65013
0.69502
0.61518
1.1722
0.97499
0.78705
1.0789
0.9247
1.0789
0.78343
1.5812
1.0162
1.3709
0.92045
1.3583
1.1272
1.2359
0.95499
1.2764
0.8995
1.0864
3.8194
1.932
0.64269
0.69984
0.63533
1.2078
1.0495
1.6368
10.617
8.531
0.76033
0.62806
0.77268
1.3092
0.6792
0.65917
0.63387
0.67764
0.67298
0.65464
0.64565
0.66069
0.90365
0.62951
0.62517
0.71121
0.60954
0.63826
0.66069
0.63533
0.66069
0.70307
0.63826
0.65615
0.63973
0.63533
0.62087
0.60954
0.6368
0.66527
0.65313
0.65917
0.63387
0.64565
0.61094
0.6166
0.63533
0.64417
0.65013
0.62806
0.62373
0.72778
0.69663
0.72778
0.7379
0.75858
0.76033
0.73961
0.70307
1.2246
0.64269
0.61094
0.6166
0.63533
0.63973
1.0116
0.7145
0.61376
0.71285
0.6223
0.68234
0.67143
0.63533
0.6166
0.68077
0.63533
0.60954
0.63096
0.67453
0.62661
0.64565
0.68234
0.66222
0.6223
0.69663
0.64417
0.63973
0.65917
0.65615
0.63241
0.67453
0.64417
0.62951
0.65917
0.63826
0.64121
0.61376
0.66069
0.65163
0.70146
0.63973
0.71614
0.6368
0.63533
0.65013
0.64269
0.62661
0.64121
0.63387
1.2388
0.79983
0.80538
1.1066
1.0328
0.9528
1.0691
1.3305
1.3366
1.1376
1.1614
1.875
1.219
1.374
0.98401
1.5031
1.1117
1.3274
1.4125
1.0789
2.2909
2.0893
0.66374
0.70307
0.69823
0.73961
0.74302
0.71285
0.68391
0.98175
0.77268
1.0186
0.80538
0.69984
0.78524
0.79799
0.68707
0.66527
0.63533
0.65615
0.68234
0.65163
0.62087
0.67298
0.66681
0.63973
0.64863
0.70146
0.65013
0.60814
0.73621
0.72111
0.66834
0.80724
0.64565
0.68549
1.1429
0.87902
1.0351
1.1482
1.9143
1.0023
0.65464
0.68077
0.62087
0.66988
0.64565
0.85901
0.61944
0.76208
0.66222
1.0715
0.77804
0.97499
0.9977
1.3428
0.72778
0.76384
0.91622
0.71285
1.5382
0.77625
1.3335
0.90991
1.1482
0.62517
0.64121
0.63973
0.65766
0.62806
0.93972
2.7861
0.82794
0.98855
1.028
3.4119
2.5527
0.69502
0.65615
0.68707
0.65615
0.69984
0.63973
0.67453
0.70146
0.69823
0.67608
0.71779
0.67764
0.86497
0.6792
0.63387
0.61944
0.66834
0.65163
0.65917
0.69984
0.63826
0.63241
0.67453
0.65464
0.69343
0.64417
0.64714
0.64269
0.65917
0.62806
0.6792
0.67143
0.66374
0.62806
0.66834
0.65313
0.71285
0.67143
0.66834
0.73114
0.70146
0.66988
0.65464
0.64269
0.73282
0.6368
0.66988
0.66527
0.64565
0.65615
1.3646
0.85507
0.877
0.81283
0.86696
1.2677
0.96828
0.68234
0.73282
0.72778
0.67298
0.74131
0.72778
0.93756
1.7378
0.67143
0.62373
0.65013
0.67608
0.67453
0.64863
0.68391
0.69183
0.69024
0.74989
0.64714
0.71121
0.67298
0.66374
0.63096
0.67453
0.66834
0.67298
0.64121
0.63973
0.66069
0.76736
1.0116
0.62951
0.66988
0.62087
0.66681
2.0845
1.3932
1.2474
0.86298
0.87096
0.91622
1.4256
0.66374
1.1535
0.72778
1.3122
0.73451
0.65464
0.82035
0.64121
0.6166
0.68077
0.67298
0.66374
0.79799
0.69502
1.6672
0.74131
0.77446
0.84333
0.68077
0.69663
0.71945
0.68549
0.9506
0.64269
0.6368
0.68707
0.70307
0.6368
0.74645
0.64714
0.64863
0.63096
0.68077
0.67453
0.63533
0.66069
0.74131
0.65464
0.64269
1.0593
0.70307
0.76208
0.65766
1.6943
0.71945
0.66988
0.66374
0.62951
0.68549
0.63973
0.63826
0.63096
0.69343
0.66834
0.64269
0.60256
0.65464
0.61235
0.66527
0.61235
0.6792
0.62661
0.70958
0.69343
0.62806
0.69024
0.65013
0.63387
0.85704
1.1194
0.85901
0.65163
0.7145
1.2134
0.68077
0.67608
0.64714
0.8356
0.67298
0.65013
0.68391
0.62951
0.67453
0.66834
0.64269
0.63973
1.1967
0.77446
0.75683
3.6308
0.96383
0.75858
1.7258
0.90157
1.2706
2.2336
3.4754
1.1117
0.65313
0.65766
0.66222
0.63387
0.67298
0.71121
0.64565
0.71121
0.85901
0.66222
0.64863
0.68549
0.63387
0.63826
0.63533
0.64269
0.66527
0.63973
0.6368
0.68865
0.75683
0.68077
0.64121
0.61518
0.6368
0.70307
0.61235
0.64417
0.62661
0.61944
0.66988
0.61944
0.62517
0.66834
0.64269
0.63533
0.65013
0.6368
0.66374
0.64417
0.67298
0.61518
0.63096
0.66374
0.66988
0.61235
0.61944
0.66527
0.68549
0.63241
0.65917
0.66988
0.6368
0.64417
0.68234
0.64714
0.70307
0.6368
0.66069
0.64714
0.67143
0.61944
0.71779
0.65013
0.65313
0.85114
0.63826
0.63096
0.64714
0.68865
0.66988
0.67764
0.77268
0.67453
0.67608
0.63387
0.66834
0.67764
0.68391
0.63973
0.62951
0.68707
0.63533
0.65464
0.64863
0.67143
0.66681
0.64714
0.68865
0.70632
0.71285
0.68707
0.73621
0.71779
0.74817
0.84528
0.71614
0.6792
0.73621
1.3122
1.4588
1.0423
0.86298
1.1246
0.65766
1.2474
1.5066
1.0304
0.63096
0.68077
0.66834
0.6368
0.6368
0.65163
1.0375
1.1588
1.0568
1.1015
0.8892
0.95499
0.77804
0.91201
0.74473
1.8113
0.66834
0.79799
0.65163
1.0093
0.73282
0.97724
0.67298
0.83368
0.78705
0.64121
1.1041
1.6558
0.65013
0.63241
1.0765
2.3281
0.70795
0.64417
0.6166
0.65163
0.64863
0.62661
0.66834
0.63826
0.65163
0.64417
0.65917
0.68391
0.65615
0.63387
0.63387
0.66069
0.65464
0.65766
0.64269
0.66374
0.69024
0.63533
0.62517
0.60954
0.66222
1.6106
0.8356
0.8091
0.74645
0.70146
0.65766
0.88512
0.66527
0.67608
0.68865
0.63387
0.65615
0.69343
1.0889
0.73114
0.63241
0.63241
0.66222
0.63826
0.63826
0.66069
0.62806
0.65013
0.64269
0.64121
0.69343
0.73451
0.65464
0.92045
0.79616
0.77983
0.80724
0.75858
0.63241
0.64121
0.68391
1.0641
0.86298
1.0233
1.1641
0.66069
0.67453
1.0046
0.66374
0.62517
0.61802
7.4989
1.9543
1.2972
1.2618
1.052
1.0093
0.73961
0.81658
0.86696
0.94624
1.1776
0.93756
0.84333
0.78343
1.0351
1.1749
1.0789
0.68234
0.66069
1.1429
0.71945
0.65013
0.63826
0.65917
0.71779
0.69663
0.65917
0.70958
0.64714
0.62661
0.68865
0.64417
0.65615
0.68234
0.74131
0.69663
0.67764
0.62373
0.60534
0.65615
0.65013
0.62806
0.64565
0.66834
0.66374
0.66222
0.61235
0.6368
0.66222
0.66681
0.62087
0.61944
0.68865
0.62087
0.63241
0.66069
0.66069
0.66681
0.66374
0.63096
0.69183
0.68391
0.69502
0.66681
0.65313
0.70469
0.66681
0.70795
0.63387
0.64417
0.73961
0.67453
0.63096
0.66681
0.66374
0.70307
0.6368
0.64269
0.64714
0.67298
0.63826
0.63241
0.82794
0.73961
0.64863
0.64417
0.64714
0.64121
0.76033
0.66374
0.66527
0.70632
0.62806
0.69343
0.69024
0.66988
0.68077
0.66834
0.68549
0.63241
0.64863
0.68549
0.63387
0.65313
0.67143
0.71285
0.63096
0.65313
0.68077
0.63096
0.63533
0.65163
0.82604
0.71121
1.3552
1.5596
0.96605
1.4093
0.64863
0.64863
0.74645
0.65013
1.5311
0.66374
0.66527
0.71121
0.65013
0.69183
0.66222
1.7219
0.65313
0.61944
0.63241
0.74302
0.64863
0.65917
0.66527
0.6792
0.84918
0.70795
0.68077
0.63241
0.65766
0.64417
0.66988
0.66222
0.63533
0.67453
0.65615
0.99312
1.0399
0.63533
0.66834
0.63973
0.70307
0.68707
0.62087
1.6406
3.1623
0.76736
0.84723
0.82224
0.96828
0.95499
1.3152
0.85704
1.3583
1.0209
0.92045
1.0162
1.2445
0.8995
0.94189
1.5066
0.67298
0.74817
0.67143
0.64565
0.70307
0.69183
0.63096
0.68707
0.66069
0.63533
0.71779
0.6368
0.64417
0.68077
0.62373
0.64714
0.66069
0.64121
0.69823
0.6166
0.68707
0.66988
0.66834
0.66681
0.63973
0.64565
0.65766
0.75509
0.67608
0.77268
0.78524
0.63973
0.76913
0.70958
1.406
0.8356
0.79068
0.65615
0.6792
0.68234
0.84723
1.0691
0.67453
0.66069
0.68077
0.7656
0.62517
0.74131
0.9506
0.63826
1.1722
0.62951
0.65917
0.63826
0.71945
2.2182
0.60954
0.69823
0.66374
0.73282
0.63533
0.66069
0.67298
0.71945
0.66988
0.65163
0.63241
0.63973
0.63973
0.73451
0.70469
0.63973
1.977
0.67298
0.66069
0.64863
0.68549
0.8147
1.1246
1.3614
0.61376
0.62661
0.67453
0.66834
0.6368
0.68077
0.66527
0.65917
0.67143
0.67453
0.66069
0.66069
0.64121
0.65917
0.70307
1.0399
0.7145
0.70307
0.67764
0.93541
1.094
1.0093
0.82224
0.7709
1.4454
2.6363
0.9247
1.1041
1.122
0.84333
1.9231
1.3932
0.65766
0.72444
0.69024
1.3032
6.1518
0.62517
0.6223
0.66222
0.62517
0.65615
0.74645
0.68391
0.65313
0.66681
0.7379
0.66222
0.67608
0.7145
0.62517
0.66374
0.61944
0.69183
0.64863
0.63973
0.64121
0.68234
0.63096
0.67764
0.74989
0.66834
0.67298
0.65013
0.62806
0.69823
0.64417
0.63096
0.62661
0.67298
0.64269
0.62806
0.62087
0.64714
0.66069
0.67143
0.67608
0.64269
0.64863
0.60395
0.67298
0.63241
0.69183
0.68549
0.63826
0.65766
0.64863
0.64565
0.63533
0.65766
0.63096
0.61944
0.66681
0.72946
0.65917
0.72444
0.66834
0.64269
0.69823
0.68077
0.63533
0.64565
0.65766
0.69663
0.64565
0.6792
0.66681
0.66988
0.71121
0.65917
0.62373
0.69823
0.62806
0.65766
0.64269
0.6166
0.69183
0.64269
0.65615
0.63973
0.65313
0.65163
0.63096
0.67453
0.67453
0.63826
0.68391
0.69502
0.67143
0.67298
0.63533
0.64863
0.64863
0.66222
0.62373
0.62951
0.61944
0.72277
0.61944
0.64121
0.63533
0.65615
0.91622
1.3459
0.8414
0.86099
0.64565
0.65917
0.65917
0.89743
1.2417
0.60954
0.60395
0.65163
0.64565
0.67764
0.64565
0.66374
1.9454
1.0209
0.97724
1.1117
1.1668
0.66527
0.66834
0.77446
0.73282
0.72444
0.94624
2.1928
0.73451
1.8923
0.80353
0.65163
0.6792
0.65917
0.67764
0.62951
0.65013
1.8197
2.6424
1.4158
3.5156
0.76033
0.66222
2.3174
1.0765
1.4223
0.85901
0.64269
2.0797
0.70632
1.8664
0.66988
0.67608
0.63241
0.72778
0.62661
0.63533
0.63973
0.63973
0.63826
0.67608
0.63387
0.63826
0.65464
0.69663
0.68234
0.73451
0.63533
0.64565
0.65917
0.59841
0.65313
0.66527
0.61094
0.70958
0.7145
0.64269
0.65163
0.68707
0.63387
0.64863
0.72444
0.68077
0.64269
0.66527
0.63826
0.71779
0.69502
0.64565
0.69823
0.6792
0.64417
0.66681
0.61376
0.63387
0.66527
0.60256
0.64714
0.60395
0.64417
0.65917
0.63241
0.65313
0.66527
0.63096
0.64565
0.63826
0.65766
0.64269
0.65013
0.61094
0.61376
0.67608
0.73282
0.73282
0.70958
0.63241
0.67608
0.68865
0.94406
0.70146
0.70958
0.61376
0.68234
0.6792
0.68707
0.65163
0.7379
0.65615
0.65615
0.6166
0.66527
0.61235
2.0512
0.72111
0.72111
0.83176
1.4256
0.95499
0.68391
0.63973
1.1066
2.4099
0.64863
0.65766
0.6792
0.67608
0.64269
0.64121
0.68549
0.66374
0.61802
0.66834
0.65163
0.69663
0.65013
0.68234
0.70307
0.65464
0.70795
0.66374
0.65615
0.65766
0.73961
0.68077
0.64269
0.69663
0.68549
0.65013
0.64863
0.68077
0.62661
0.67298
0.66988
0.68234
0.68865
0.65013
0.69183
0.69183
0.67453
0.63096
0.63826
0.64714
0.66988
0.65013
0.70146
0.6792
0.66681
0.67453
0.65163
0.68077
0.67143
0.68549
0.65766
0.68077
0.65917
0.71121
0.6368
0.66374
0.65313
0.92683
0.64863
1.1535
0.74989
0.74989
0.80724
0.84333
1.0257
0.9594
1.0399
0.98628
1.0069
1.1561
1.1402
2.0091
0.64417
0.83368
0.98401
1.3274
0.66527
0.65464
1.8239
4.0832
0.89331
2.673
5.3333
8.9743
2.0277
0.66374
0.69502
0.74989
1.5996
0.81658
0.90782
0.70795
0.68865
0.69823
0.69823
0.64565
0.65313
0.68865
0.66222
0.61235
0.66834
2.5468
1.3552
1.4223
14.894
12.531
12.05
7.9983
0.65313
2.8907
0.8531
6.6222
13.677
11.722
1.4655
5.0933
14.757
17.14
29.923
24.831
23.388
24.717
2.1281
1.2589
0.7709
0.8414
0.75336
0.70469
0.75683
0.67764
12.647
21.086
1.1535
1.4894
1.1143
0.83946
6.1235
0.64863
0.72111
0.63387
0.66527
8.7096
2.3659
1.205
0.73621
1.39
1.135
0.62517
0.69984
0.82224
0.67453
0.6166
1.4689
0.62951
0.69183
0.64565
0.70307
0.69502
0.6368
0.68077
2.9717
0.66988
0.6223
0.68391
0.63241
0.67143
0.62087
0.66527
0.61094
0.66834
0.64714
0.64565
0.64121
0.63241
0.63096
0.63826
0.65163
0.64714
0.63973
0.63533
0.63387
0.6166
0.63826
0.64565
0.62951
0.66527
0.64565
0.62087
0.61944
0.65766
0.63533
0.62087
0.62806
0.62806
0.60534
0.62951
0.65917
0.63533
0.60954
0.65766
0.61376
0.79616
0.80353
0.6368
0.64417
1.3868
0.68549
0.62806
0.82414
0.66374
0.67453
0.64714
0.72611
0.63826
0.68077
0.68077
0.72444
0.66069
0.70632
0.72778
0.65766
0.66069
0.66527
0.65464
0.65313
0.70958
0.72778
0.78886
0.71779
0.80353
0.71945
0.71945
0.72611
0.6792
1.1776
0.67764
0.67298
0.68549
0.90573
1.0765
0.64417
0.63533
0.69663
0.65163
0.67608
0.66527
0.67608
0.64863
1.6406
1.5205
1.1429
0.99312
0.88512
0.96383
1.1092
1.1641
1.1561
7.1779
10.864
5.6105
0.63533
0.67764
8.7902
8.1283
5.2119
0.74302
0.72277
0.67143
1.0715
1.4388
1.9588
0.98628
0.64863
0.67453
0.65013
0.64417
0.65464
0.62806
0.70146
0.66069
0.67764
0.65313
0.67143
0.68865
0.63973
0.64565
0.65163
0.63241
0.63533
0.66222
0.65313
0.64565
0.69502
0.65313
0.63387
0.66834
0.64269
0.65615
0.64714
0.66527
0.61802
0.67298
0.63826
0.64565
0.61235
0.63973
0.65163
0.65766
0.63096
0.60534
0.66222
0.66069
0.61944
0.65013
0.66988
0.62087
0.64417
0.64269
0.63387
0.64863
0.70958
0.65013
0.62087
0.63826
0.65766
0.62661
0.62661
0.62661
0.63387
0.64714
0.60674
0.62806
0.66222
0.63096
0.60117
0.6368
0.6166
0.6368
0.63096
0.61376
0.67764
0.62806
0.64121
0.65013
0.67608
0.6166
0.65013
0.65766
1.5066
0.72277
0.72611
0.76208
0.73451
0.81096
0.81096
0.93325
1.1995
0.9594
1.0914
1.0139
2.023
0.74302
1.0162
0.62087
0.68865
0.65615
0.62517
0.69343
0.63387
0.64714
0.62661
0.64269
0.65766
0.61235
0.64565
0.62517
0.63096
0.66222
0.66527
0.65163
0.62373
0.64417
0.60256
0.62087
0.65313
0.60534
0.65464
0.71285
0.6368
0.62661
0.62806
0.70307
0.61802
0.64714
0.63826
0.62951
0.63533
0.62661
0.62087
0.6368
0.65013
0.66681
0.63533
0.62517
0.65163
0.63241
0.63826
0.68077
0.63096
0.67764
0.60395
0.62806
0.69183
0.65766
0.65615
0.67453
0.70958
0.63533
0.65615
0.61518
0.60117
0.67453
0.64565
0.62087
0.70146
0.62087
0.65163
0.61944
0.66069
0.6368
0.66681
0.64714
0.69024
0.64714
0.67764
0.64121
0.64417
0.62951
0.75162
0.68865
0.68077
0.64269
0.64417
0.60814
0.61944
0.67764
0.66527
0.62951
0.64417
0.63387
0.61518
0.64863
0.66988
0.65464
0.62373
0.61518
0.67764
0.63973
0.61944
0.62951
0.64714
0.63096
0.67764
0.66222
0.66069
0.63973
0.64417
0.66988
0.66527
0.64863
0.65917
0.60814
0.67143
0.68549
0.63533
0.67143
0.68234
0.66681
0.64565
0.61518
0.64565
0.62661
0.61376
0.66527
0.69343
0.6792
0.66374
0.62661
0.63241
0.68077
0.65464
0.61235
0.62806
0.66681
0.70469
0.60256
0.61518
0.64714
0.62517
0.65464
0.65766
0.61802
0.62517
0.61802
0.64714
0.64565
0.65313
0.67143
0.65766
0.68865
0.67298
0.62661
0.63387
0.61802
0.65615
0.64565
0.63096
0.63533
0.63826
0.65615
0.65766
0.6166
0.63387
0.65766
0.62661
0.64269
0.67298
0.61235
0.67764
0.63096
0.64565
0.66374
0.66834
0.64714
0.62087
0.62373
0.6223
0.64565
0.63826
0.64417
0.62951
0.65917
0.6368
0.65766
0.68077
0.66222
0.65313
0.69024
0.66222
0.62806
0.64121
0.64121
0.66834
0.62806
0.61944
0.64269
0.67143
0.62517
1.0765
0.69343
0.63826
0.69502
0.61802
0.69823
0.84333
1.256
0.80538
0.71945
0.78524
1.4421
1.4388
0.92683
0.94624
0.88105
1.2134
2.1878
1.977
0.65917
0.77983
0.76913
1.0209
1.4388
0.61518
0.65163
0.65464
0.72111
0.75858
0.65766
0.84918
0.78705
0.82794
0.75683
0.70307
0.8414
1.1376
0.69663
0.70795
0.72611
0.79616
0.78705
0.75858
0.66681
0.8147
0.80538
0.7925
0.69502
0.7925
0.83946
0.77446
0.89536
0.76033
0.69502
0.68234
0.67608
0.64863
0.62373
0.72946
0.91201
0.71945
0.67453
0.62373
0.65917
0.69343
0.70307
0.66834
0.69823
0.71121
0.67298
0.7656
0.65917
0.64714
0.67608
0.64121
0.66834
0.73114
0.77268
0.64565
0.7145
0.61376
0.65917
0.70469
0.66834
0.65766
0.6166
0.71945
0.71945
0.68865
0.68707
0.63973
0.63096
0.63826
0.64565
0.69024
0.68391
0.6368
0.60534
0.98628
0.63096
0.64863
0.67298
0.72111
0.63241
0.63387
0.64565
0.64417
0.66834
0.69663
0.66374
0.67608
0.68234
0.69024
0.64269
0.64417
0.67298
0.61802
0.63533
0.67143
0.68865
0.70307
0.73961
0.65313
0.65313
0.6368
0.66681
0.7145
0.64714
0.68077
0.66222
0.66069
0.6223
0.63533
0.65917
0.63533
0.64269
0.64417
0.63973
0.70632
0.63826
0.65615
0.67143
0.68234
0.64714
0.61802
0.71614
0.68865
2.0559
0.88105
0.77983
0.69984
0.8414
0.92897
0.98175
1.2417
0.80168
0.88512
0.96161
1.2078
1.0641
0.77804
0.80538
1.374
1.3552
1.2331
0.64863
0.69183
0.67298
0.64863
0.65163
0.73961
0.66988
0.66222
0.69663
0.63387
0.66988
0.69024
0.71285
0.70632
0.64121
0.64121
0.68707
0.6792
0.62951
0.65163
0.66834
0.63533
0.66374
0.70958
0.72444
0.66222
0.69502
0.68391
0.68865
0.66374
0.62806
0.65163
0.68549
0.67453
0.65464
0.66374
0.69502
0.67143
0.65013
0.67453
0.70146
0.63973
0.65163
0.68391
0.65013
0.64121
0.67298
0.72111
0.68234
0.62806
0.64417
0.72111
0.66834
0.66988
0.67143
0.63973
0.64565
0.70795
0.67298
0.63826
0.65917
0.71285
0.70307
0.70146
0.68077
0.69183
0.65917
0.65313
0.66681
0.67298
0.65313
0.63387
0.67764
0.69343
0.67608
0.72611
0.66527
0.62373
0.66988
0.66222
0.66069
0.78886
0.66988
0.64121
0.68391
0.74131
0.67453
0.63241
0.66222
0.73282
0.69024
0.66374
0.71945
0.67298
0.69183
0.69663
0.66834
0.69502
0.71285
0.67453
0.66222
0.70632
0.61802
0.71285
0.65917
0.66374
0.6166
0.63096
0.66988
0.62517
0.63241
0.63533
0.68077
0.64863
0.69502
0.67453
0.72111
0.66374
0.62806
0.65313
0.65464
0.63241
0.66374
0.67143
0.66988
0.68865
0.64714
0.64121
0.66069
0.65464
0.64269
0.61376
0.65917
0.65013
0.66527
0.6368
0.67764
0.71121
0.62951
0.66988
0.6368
0.66069
0.65313
0.66374
0.65163
0.65615
0.69343
0.65313
0.69502
0.68391
0.63973
0.65917
0.64565
0.66681
0.63973
0.6368
0.66988
0.69502
0.64417
0.6223
0.69343
0.67298
0.6223
0.66222
0.66834
0.63973
0.65313
0.65163
0.6792
0.63533
0.6166
0.62951
0.67143
1.074
0.67764
0.83368
0.71945
0.86298
0.8414
0.89743
1.0789
0.91411
0.70469
0.68077
0.65615
0.63973
0.64863
0.65313
0.65313
0.66834
0.65313
1.074
0.68077
0.6368
0.6368
0.67608
0.68391
0.68865
0.64565
0.62951
0.6792
0.72611
0.64269
0.72111
0.68549
0.68077
0.63533
0.6792
0.64121
0.64714
0.66374
0.69183
0.65766
0.64269
0.65464
0.67608
0.70469
0.69663
0.60814
0.68234
0.66681
0.66374
0.71614
0.64714
0.69502
0.71121
0.73451
0.71779
0.69024
0.64417
0.68865
0.74989
0.75509
0.69343
0.65163
0.69502
0.65313
0.6792
0.88308
0.66681
0.65464
0.69024
0.66834
0.66681
0.65313
0.68077
0.66527
0.6368
0.66834
0.68391
0.67143
0.70795
0.65615
0.61944
0.64121
0.65464
0.64417
0.63387
0.69024
0.63533
0.67608
0.69823
0.64565
0.66988
0.65013
0.80538
0.74302
0.69024
0.73114
0.74989
0.68549
0.78343
0.77983
1.1535
0.75336
0.65313
0.7709
0.62951
0.65013
0.66681
0.63533
0.67453
0.70632
0.66069
0.65917
0.74645
1.0209
0.69984
0.63096
0.70469
0.67298
0.65766
0.62087
0.65163
0.68234
0.63387
0.60395
0.64863
0.66374
0.62373
0.67143
0.65313
0.68707
0.65917
0.64269
0.70795
0.64565
0.74302
0.65615
0.61518
0.67764
0.66988
0.6368
0.64417
1.5776
1.5959
0.8091
0.81283
1.6181
1.5668
1.5596
2.5527
0.89125
1.0399
0.72778
0.86696
0.70307
0.74131
0.67298
0.71614
0.76384
1.0162
0.72778
1.0965
0.73282
0.73282
0.65917
2.1827
0.82794
0.66069
0.82985
0.84723
1.4093
1.1272
3.8815
1.6558
0.98401
0.69502
0.69502
1.4655
0.75683
0.7145
0.66374
0.76736
0.81846
0.65313
0.76384
1.2764
0.81658
0.99541
0.99083
0.88512
1.4894
3.02
0.6792
0.61235
0.60534
0.68077
0.66222
0.62517
0.63533
0.62951
0.63533
0.63973
0.65917
0.63533
0.7379
0.64269
1.0617
0.69024
1.1402
0.94842
1.8281
1.5101
0.64121
0.74131
0.96383
0.87096
0.84528
2.5882
6.7298
0.65013
0.68391
0.61094
0.62951
0.61944
0.67764
0.60256
0.60814
0.67453
0.67764
0.64417
0.60395
0.65313
0.61235
0.60256
0.65766
1.9999
0.96161
0.83368
0.71285
0.7656
0.69823
0.76208
0.70958
0.69663
3.2509
1.3002
0.66069
0.62951
0.65013
0.67764
0.82604
1.5136
1.9143
1.374
0.92045
0.95499
1.3677
2.2542
0.64863
0.62951
0.63096
1.4256
1.183
2.6485
1.4289
6.2087
7.7446
14.158
13.709
10.789
1.0328
1.1858
1.0209
1.0691
1.3964
2.2182
1.5031
1.2589
1.2735
2.133
1.3274
1.4093
1.2618
1.4622
1.2794
3.0339
7.2611
1.3062
1.0965
1.3092
5.5335
5.902
1.7022
2.5942
0.61518
0.63533
0.66527
0.65615
0.64121
0.63096
0.68234
0.65464
0.64269
0.63826
0.8531
1.4997
7.4817
1.2162
1.1143
0.94842
1.2274
0.97499
0.97724
5.4702
9.7499
1.2331
2.3878
12.359
19.679
15.812
14.791
0.9977
14.689
23.227
21.727
23.335
27.04
1.4191
13.49
22.08
28.907
25.468
27.542
23.605
26.485
27.353
29.923
24.044
26.363
23.442
26.182
29.107
17.338
25.468
26.546
18.967
30.061
23.768
25.177
22.699
28.973
29.174
23.988
17.824
21.281
26.303
25.823
25.41
27.669
24.774
28.51
24.155
38.637
0.77804
0.70469
0.69823
1.4859
6.6988
25.003
26.122
29.174
23.55
21.33
21.577
30.974
25.468
23.014
30.269
21.478
28.774
28.576
22.131
26.062
23.442
23.174
29.58
24.491
26.915
30.409
21.478
18.75
26.485
15.631
3.2584
1.4757
1.3092
21.478
18.967
23.988
26.915
23.768
19.815
28.84
22.029
25.763
27.479
28.184
26.182
0.71121
0.66681
0.74817
0.94624
1.4655
0.91833
15.136
17.1
27.04
23.768
26.242
28.774
24.774
22.803
27.164
26.607
28.51
27.353
25.882
27.227
28.249
28.576
25.882
19.861
27.416
24.155
23.714
19.364
28.84
24.604
31.842
23.121
20.845
25.763
26.853
3.7068
9.2897
15.776
26.915
19.953
25.061
28.054
31.046
23.605
26.424
25.41
25.293
24.434
29.785
19.099
26.977
27.353
25.177
21.928
24.491
21.727
22.961
24.831
20.654
24.831
26.002
17.906
16.406
13.335
24.155
23.388
21.727
23.659
27.733
25.763
16.106
21.979
25.882
31.842
27.227
30.269
23.496
30.339
26.853
23.988
21.928
21.038
27.102
17.742
18.836
19.861
29.444
16.032
3.8637
0.82414
0.91833
8.6896
25.763
19.543
22.751
24.889
24.322
20.989
34.674
30.339
23.121
24.66
24.21
19.498
23.714
24.604
27.861
22.182
19.815
24.774
38.994
32.211
26.977
26.363
18.197
21.281
30.761
28.379
18.707
20.941
17.989
3.4198
6.3096
9.1411
22.131
18.75
23.659
24.378
15.276
23.933
24.889
25.704
27.416
22.542
29.58
23.121
19.588
24.547
36.898
28.907
14.757
24.266
21.777
26.122
17.179
21.727
21.727
25.882
25.823
19.861
30.62
22.182
25.003
24.889
33.574
20.845
19.187
21.827
26.002
24.322
19.055
17.378
18.967
22.803
26.242
24.774
18.113
22.751
18.535
0.96605
0.97051
0.65013
0.84918
0.67764
3.2137
9.4842
1.7298
1.5101
1.1749
7.0795
12.589
22.029
14.388
20.941
25.704
25.527
33.343
25.645
28.445
24.889
21.528
30.832
26.062
24.774
24.604
22.439
27.479
29.04
24.66
19.815
30.409
21.577
21.478
23.121
22.284
22.646
19.231
23.174
25.41
22.284
26.424
24.889
7.6736
18.45
17.1
26.062
25.823
23.067
26.669
23.605
29.242
25.351
20.23
31.189
31.989
22.542
29.512
23.768
30.761
21.928
24.889
31.333
23.933
20.701
27.353
30.061
21.928
30.2
15.346
15.776
6.9343
1.4158
0.91833
1.1092
2.3768
4.2073
1.8281
16.482
23.121
22.387
20.512
23.014
25.942
22.284
26.485
23.823
20.417
18.75
20.324
22.131
30.061
22.542
27.733
23.067
21.478
15.488
13.213
33.037
28.576
23.496
34.198
24.155
19.634
25.882
25.235
30.13
29.242
21.528
0.83753
0.69183
1.5922
14.825
8.0724
20.277
25.003
28.249
32.137
23.988
20.277
22.542
29.854
22.233
25.645
19.588
23.227
22.233
20.654
20.464
22.699
29.04
23.174
30.549
25.41
31.333
20.277
22.856
17.022
26.792
18.365
12.388
2.5823
8.5704
21.232
15.136
14.997
32.961
17.298
23.067
22.699
23.067
23.335
28.642
27.416
32.509
26.977
24.604
27.102
27.733
25.942
24.774
31.189
26.73
27.606
27.797
16.943
19.907
23.768
36.141
26.122
24.946
26.607
28.774
44.566
27.353
25.468
18.239
3.0269
30.409
22.387
23.281
29.242
29.04
21.627
24.889
23.121
21.086
21.979
21.184
26.792
23.174
23.335
26.853
23.823
23.442
21.135
27.99
30.479
22.646
14.093
0.73114
0.76384
11.83
9.6161
22.131
19.187
23.878
28.84
29.854
23.714
24.774
27.861
29.444
23.714
23.878
28.314
22.029
28.054
24.266
18.707
22.594
29.648
33.037
24.604
27.797
25.293
23.988
23.988
28.774
29.512
21.627
20.654
21.135
27.925
26.062
31.261
