4.0087
35.156
7.8705
10.399
6.6069
7.5162
7.5162
9.4189
27.479
36.898
36.559
21.429
10.789
14.928
0.98401
10.351
8.8308
11.482
6.5313
8.414
7.7983
1.2078
0.94189
0.87902
3.1117
1.1695
6.3533
9.3111
14.256
10.399
9.7499
8.3368
7.6913
1.4997
0.96605
10.139
6.5313
1.3614
0.87297
2.1478
12.445
3.5975
11.776
7.2277
8.2985
2.8184
12.589
9.4189
8.4723
6.9024
6.0814
8.147
12.474
11.668
11.668
55.081
25.527
24.322
21.086
7.1614
8.3368
7.3114
11.749
10.023
9.0991
12.303
2.851
15.631
34.914
7.5509
10.495
11.298
11.015
8.0538
7.6384
8.3368
0.9506
10.52
2.8054
11.967
11.272
8.3368
9.1201
9.1411
8.9743
10.914
2.8642
3.7154
0.94842
0.75336
0.95719
4.3053
8.0353
10.399
9.3972
10.351
12.106
10.641
0.93111
1.762
0.89125
1.0046
0.76208
8.2035
1.4791
1.1066
14.791
11.83
10.839
11.376
12.912
13.49
15.101
10.789
8.3368
9.6383
4.0179
17.1
7.6736
10.162
0.76208
9.4406
13.397
8.1283
7.8886
7.5336
8.8105
8.8716
8.356
0.86497
2.5882
6.9823
10.641
6.0256
6.9823
9.3111
7.3451
11.885
11.803
10.965
8.9331
11.749
11.995
11.749
9.9312
1.9815
15.885
13.996
11.35
7.6033
8.8512
8.7902
0.83753
5.0003
14.125
13.397
11.912
10.715
9.8628
11.272
9.0573
8.892
8.7096
9.1201
6.7143
11.117
8.892
10.544
8.8716
1.2589
7.5858
0.75336
13.366
11.272
11.641
7.6208
8.7096
8.77
8.8105
9.8401
9.7724
9.3325
3.5075
3.581
0.90782
0.72111
0.75509
3.3343
1.2218
1.1117
10.691
12.359
10.304
11.482
12.218
10.593
9.594
9.4189
4.5499
10.666
10.641
11.776
10.139
9.1833
9.8175
9.8401
12.445
0.77804
11.143
10.495
7.8705
7.8163
8.0353
1.0691
3.1623
10.765
11.995
5.8479
10
15.311
14.723
10.593
10.715
10.471
1.219
1.4125
7.7446
11.668
10.471
10.186
10.116
11.169
0.71779
0.77804
2.3281
3.8371
0.98855
1.0447
1.7783
8.147
9.7499
8.2985
9.3972
8.1846
9.7724
10.495
10.28
9.247
7.9799
9.0573
9.4842
6.5615
1.7298
0.79983
1.256
2.9242
8.6298
16.144
10.641
10.471
9.4406
8.4333
8.7297
9.5719
8.7096
10.544
9.2257
2.0137
8.1658
8.2604
10.99
9.7949
8.8308
6.7764
9.8175
9.7275
10.116
10.399
9.5499
9.6828
11.614
6.0395
10.162
4.1976
8.77
9.4406
10.139
0.96383
1.374
0.8091
0.80168
0.7656
0.72946
0.72946
8.8512
7.9616
8.6298
8.091
7.4131
8.0353
8.3368
0.97949
1.1885
0.82414
0.78524
0.91622
0.87096
0.74817
0.75162
0.79799
6.4121
13.932
13.868
2.2182
13.583
9.9312
10.375
8.1283
7.4989
10.233
10.328
10.328
11.324
0.86099
0.92683
3.1189
10.889
13.709
8.091
9.2045
8.2604
7.8524
10.447
10.447
0.98628
1.2647
0.877
1.8323
9.4842
10.046
8.0353
9.0573
10.715
9.5719
9.1833
8.147
9.2045
4.256
3.7154
1.2912
6.1518
8.9743
8.892
10.965
9.4624
5.5976
11.614
12.972
8.7297
8.1096
8.7096
9.7499
9.3325
9.7949
0.88105
0.90782
0.80353
8.356
8.9743
11.508
13.836
12.474
10.914
7.8705
8.2414
8.3176
10.789
5.4325
9.8628
12.246
9.5499
9.8628
11.402
8.8716
10.093
7.7625
0.72778
1.094
1.1066
3.1117
9.7499
9.977
10.691
9.8175
1.5276
7.9983
12.19
10.568
9.4406
9.0991
10.304
9.2683
9.7051
9.1411
9.7275
1.2162
7.145
8.0724
12.359
9.8175
9.8401
8.8105
7.6736
8.2414
8.356
8.5901
9.3972
10.093
8.7902
8.0353
7.6913
8.4918
8.2604
7.8524
4.217
0.92897
1.7022
1.7258
3.7497
11.535
15.382
3.8994
9.1833
7.656
8.8308
9.0573
9.7499
9.3541
11.614
10.233
12.162
8.7498
9.3972
11.246
9.7724
8.8308
10.94
1.0447
8.6696
8.8512
9.5499
0.90365
0.98175
2.2491
8.5507
12.023
8.0353
9.7051
11.858
8.7902
8.3753
1.2303
8.6099
9.9541
9.1201
9.2683
8.5114
8.1096
9.5719
7.2444
6.9502
0.71285
8.8105
7.9799
9.2897
10.666
13.677
0.88105
0.93756
0.78886
1.028
0.95499
0.73961
2.4491
1.1885
14.191
10.139
8.5704
8.8716
10.046
6.9343
11.117
13.335
9.3325
11.858
8.2224
9.8401
8.9125
8.9331
10.965
9.6383
8.6896
13.74
10.328
8.9743
10.28
12.388
5.3456
3.0832
0.8892
1.0093
7.3282
11.272
12.445
9.2683
9.506
8.3176
9.0991
8.7498
8.3946
5.4702
0.74817
12.706
9.9541
9.1833
8.7096
11.092
10.691
11.885
0.74131
0.89743
0.74473
0.82414
2.133
8.3176
8.6099
11.749
10.568
13.583
11.508
9.528
9.3541
8.8716
8.4528
1.9454
9.8628
7.0958
9.9541
10.023
6.0395
1.0046
5.3088
8.2604
11.143
11.298
9.0573
1
9.3541
10.233
0.66834
0.70146
0.67298
0.69984
0.65313
0.70958
4.6666
10.593
9.4624
4.4771
1.3932
4.2756
10.471
9.7051
12.106
10.52
9.0782
10.568
9.6161
9.0157
9.6605
5.4325
10.209
12.246
10.814
12.274
9.8401
1.6444
3.9446
11.749
9.6828
12.531
12.417
9.9312
9.977
10.139
9.7724
0.90782
10.914
10.375
9.0157
12.474
10.375
13.152
9.8175
12.218
2.4717
10.209
9.7499
12.05
12.503
8.1658
5.781
9.0365
14.723
16.406
15.453
12.474
4.6238
10.593
12.078
12.331
3.6475
11.455
13.274
13.996
16.749
12.388
10.351
14.689
12.106
12.19
12.05
8.2035
1.4125
1.0839
1.1455
3.581
1.9143
1.8923
13.335
10.233
11.803
14.158
14.093
13.002
6.0117
13.804
15.136
12.134
12.942
11.246
12.589
11.272
13.366
10.423
1.3772
10.399
24.099
12.05
2.4491
0.77804
0.82035
0.76913
18.967
14.289
19.187
9.3541
11.695
13.397
11.561
11.298
12.388
7.9616
11.776
11.722
9.0157
9.977
9.6383
11.272
10.839
9.4406
11.641
0.72946
0.80724
0.81283
0.84528
0.98855
0.74817
0.73451
0.80353
0.70146
0.74645
2.0324
1.1614
1.3836
9.2045
3.7239
12.531
14.158
14.125
12.134
15.453
10.046
10.116
9.0573
6.8234
10.814
12.56
16.144
15.066
13.183
11.912
12.303
18.365
10.495
13.062
13.804
11.015
11.194
5.224
2.9376
3.9628
12.218
16.218
11.94
13.677
10.399
12.134
11.561
15.031
12.023
9.9312
12.162
11.803
13.709
14.028
9.9312
11.246
12.134
10.28
11.94
9.8855
12.417
10.233
13.459
13.459
10.864
13.305
11.885
11.482
10.839
10.023
3.1477
13.335
11.402
1.9588
12.764
11.695
13.002
11.272
13.646
13.397
10.52
6.6834
1.122
1.0617
12.023
10.351
12.134
10.544
10.28
11.83
10.304
11.858
14.191
14.322
11.376
2.8774
13.274
11.83
12.05
11.324
11.143
13.397
12.023
4.0644
0.67608
0.67298
0.66069
1.5849
12.882
11.614
9.7051
8.2224
5.9841
1.183
10.864
17.418
13.274
12.972
8.1846
7.5509
0.75162
1.6749
0.72444
0.78705
0.7925
3.0339
13.397
10.046
10.257
13.122
11.668
11.041
14.488
10.186
10.116
14.588
12.706
4.6774
8.5704
13.032
12.764
15.996
13.521
9.4406
11.376
14.588
12.274
16.032
11.041
13.032
14.125
13.9
4.6132
12.162
15.346
12.942
14.06
17.022
12.474
12.882
12.388
9.8175
3.9174
4.9888
3.6475
1.1885
5.2119
7.7268
1.4421
7.5336
11.143
16.069
18.621
10.789
14.028
12.912
1.9543
1.135
12.274
13.709
12.706
10.914
11.429
11.508
11.561
15.596
16.181
14.588
16.368
11.995
12.764
11.194
12.735
9.0782
2.133
11.143
17.701
12.218
10.889
9.1833
13.9
15.596
12.912
11.535
8.4333
5.7148
14.158
9.8628
10.666
11.22
8.7902
7.6033
5.0816
12.474
15.417
11.535
12.274
12.853
16.181
0.97275
0.88105
0.83368
0.79433
3.54
10.691
10.864
11.535
11.776
13.459
16.106
12.589
11.429
3.3497
10.328
2.2803
1.7701
1.2618
1.8072
5.5335
10.617
12.388
13.614
9.3541
13.804
16.904
12.794
10.789
12.078
13.243
8.77
14.191
11.22
11.324
9.3972
11.967
11.885
13.335
2.851
10.186
16.482
7.5509
10.375
12.445
11.912
12.134
12.735
11.22
16.52
1.8664
0.87902
0.76384
0.7925
3.0974
9.6828
14.655
15.101
12.19
13.183
12.735
13.152
13.868
14.223
5.3456
12.647
17.179
13.428
12.618
11.83
12.303
11.803
11.015
10.789
17.14
11.272
10.399
11.94
10.52
12.677
15.136
13.092
13.459
14.355
2.6915
0.68707
0.77446
0.82794
2.2594
4.0926
7.9068
13.804
11.695
12.246
11.429
11.561
10.023
10.069
10.375
6.0534
12.677
15.704
3.1696
13.459
15.74
15.596
14.028
14.256
15.631
17.947
13.9
14.093
13.677
13.583
6.6527
1.3614
3.2659
7.7446
16.106
21.677
4.529
2.2439
4.3053
17.14
12.764
11.967
11.995
8.9536
14.125
14.655
15.776
9.247
12.417
12.162
12.05
13.335
2.6242
13.646
11.117
11.995
11.324
6.5013
9.6605
10.765
11.143
12.134
12.05
11.803
12.078
11.015
2.6546
6.0534
11.614
10.28
11.298
9.506
12.359
0.83368
0.77268
0.78886
0.88308
1.5776
4.9317
12.618
14.859
11.482
11.858
13.366
13.521
7.8163
13.932
4.4361
11.668
11.776
13.804
9.7724
15.922
11.298
12.823
13.032
12.274
11.402
17.579
14.521
16.943
9.9083
7.1121
8.892
11.272
0.73451
0.77983
1.1614
4.6132
11.995
8.5704
12.647
11.169
13.032
9.6161
2.7102
0.93541
0.86497
0.93541
0.78705
9.3972
10.423
12.106
15.066
10.328
12.794
13.646
10.52
13.521
10.965
12.531
1.875
16.711
14.825
10.375
12.19
13.428
13.459
11.776
12.735
12.274
14.859
10.28
3.3651
2.4434
7.8705
1.6904
9.4842
11.429
9.0782
11.912
13.583
14.488
12.388
9.1201
11.641
9.8175
7.8705
12.531
8.995
6.1094
6.1944
13.213
14.158
14.355
13.804
14.521
12.589
11.169
11.803
12.647
10.965
10.375
2.9174
1.3428
1.3032
0.97949
2.5763
15.885
11.695
14.158
11.695
9.8855
9.2897
22.08
13.122
13.709
16.181
10.74
13.583
8.5114
12.912
10.233
11.117
11.858
14.588
12.023
15.031
11.298
12.106
13.335
15.885
11.508
13.305
11.614
14.289
3.6224
2.8119
0.81658
0.74817
1.9409
4.7973
1.6788
1.406
1.1143
7.6913
4.2756
0.97499
1.3366
7.8886
11.117
14.289
23.227
13.002
10.94
10.375
4.2462
6.4269
10.765
10.116
12.474
19.543
14.223
13.092
12.972
11.749
11.912
10.046
12.445
13.305
14.355
9.6828
9.0782
7.379
0.96161
0.78343
0.82985
4.0926
10.304
8.4528
1.5488
9.0573
10.046
9.3111
9.3541
10.28
11.858
9.4624
9.3325
10.691
15.205
7.6913
9.528
10.839
7.7446
10.471
9.7275
12.106
1.2246
1.2589
6.7764
12.417
9.0365
12.106
0.91201
1.1776
1.2162
10.423
9.6605
9.0365
12.912
11.695
12.162
13.49
12.677
12.19
10.593
9.247
12.19
12.677
13.397
11.83
10.99
7.7446
9.2257
0.96383
0.82604
0.7379
0.86696
0.70795
0.88308
1.7219
2.466
1.5776
8.995
1.5311
11.858
11.588
9.247
11.535
11.967
9.9083
12.106
11.749
14.028
14.588
12.19
11.722
12.618
8.8308
12.56
12.853
15.668
15.959
15.596
14.928
10.666
9.6161
4.3652
7.9068
1.71
10.209
13.243
11.402
13.002
11.324
12.023
12.589
12.882
11.376
7.7983
0.71779
0.7656
0.75858
0.74989
0.88716
0.74302
0.75509
0.76913
2.0606
7.3114
7.9983
14.689
12.078
11.015
10.715
12.134
10.447
10.94
12.912
11.94
2.6242
13.836
12.531
14.223
13.002
11.588
12.706
12.647
10.328
12.56
12.706
9.9083
12.331
9.6383
17.14
11.092
11.803
10.99
11.298
13.152
10.28
11.695
13.552
6.5917
14.689
13.213
15.101
17.824
5.358
13.49
12.853
14.388
0.90782
0.8414
0.877
0.94624
0.87096
0.81658
0.7656
0.87096
0.74989
0.86099
0.75509
0.72111
2.0701
7.7804
13.74
10.691
10.94
11.588
9.9083
10.99
11.429
12.503
14.421
12.677
12.05
10.116
5.4576
3.2137
2.2336
2.3174
6.9823
9.2897
11.482
10.641
10.351
16.368
3.2063
10.864
11.508
15.031
13.521
13.932
14.421
13.709
10.495
12.589
11.35
13.804
15.596
8.2794
7.9616
11.614
11.482
11.169
9.8855
10.257
12.218
9.3972
12.882
12.764
10.375
1.0423
10.116
11.376
3.013
12.618
8.6099
12.417
17.179
12.388
11.641
11.83
10.617
12.764
12.912
7.656
9.3972
11.588
11.35
11.324
8.4333
0.97275
0.84333
0.70469
0.9506
1.5453
5.9704
10.375
12.162
8.5704
12.972
12.647
15.631
10.814
8.3946
9.2897
11.117
11.194
12.331
3.1842
1.9999
12.618
11.912
10.765
13.996
17.66
12.972
13.428
12.023
14.093
12.359
10.447
11.092
11.117
8.7096
14.355
13.366
17.061
14.06
11.967
15.382
11.35
13.183
1.3804
0.82224
0.83368
0.7709
0.80538
1.5996
0.7709
0.96605
0.95719
2.8249
1.3614
2.0045
9.3541
14.223
10.715
10.328
11.668
10.52
12.618
15.136
10.94
9.8401
6.0395
13.932
14.757
13.428
13.062
10.447
14.454
14.454
2.7925
13.152
14.689
15.241
11.749
13.614
12.05
12.853
16.827
15.453
12.303
13.772
11.995
14.355
13.366
2.3014
1.1041
10.375
13.772
15.031
11.429
14.355
13.335
11.995
11.967
8.6099
11.641
8.5114
10.839
12.359
13.243
9.4189
10.209
12.445
0.82985
0.74131
1.0069
2.2233
8.2985
8.3753
1.3032
4.4566
9.6161
1.6331
1.052
9.506
11.776
9.9312
11.376
13.274
13.614
14.388
6.6069
0.82224
0.80724
2.3659
11.83
8.6497
13.092
11.967
12.677
9.528
29.717
2.3659
1.7258
5.5719
1.6711
1.1246
1.183
1.6558
5.5847
4.3652
11.455
11.858
11.83
15.524
14.256
14.555
13.932
16.293
10.023
12.912
11.722
11.535
11.885
10.52
9.0157
10.162
12.162
10.257
7.6913
5.1642
2.3174
1.052
0.90573
1.1324
1.8707
9.4624
11.668
1.3836
12.972
10.471
11.482
9.7051
11.749
11.117
13.062
13.9
13.932
13.552
12.218
4.1495
0.83368
7.8163
12.246
13.9
17.989
13.397
11.561
9.7051
11.402
10.495
10.74
12.972
6.3241
15.631
2.7669
0.81658
0.77446
1.9187
1.0233
0.99541
0.94189
1.5031
1.0423
6.8549
9.5499
10.399
11.429
11.272
11.194
8.5704
10.94
9.2045
15.031
16.444
12.764
12.677
12.735
13.428
11.776
12.972
16.293
13.274
11.535
11.246
7.7268
0.90157
0.84918
0.93111
0.91201
0.79983
0.85901
0.76208
0.83753
0.70795
0.76913
0.74302
0.78886
0.76384
0.86896
0.74302
0.80168
0.84333
1.6218
0.69343
7.1121
0.66681
4.3152
3.9811
1.1749
2.4491
1.8281
2.0512
0.72778
0.87902
1.0023
1.2677
1.3274
1.1015
1.1246
1.2735
1.2589
0.72277
1.6711
0.71614
0.71779
0.69663
7.0469
4.0926
0.88308
9.9541
14.859
10.94
10.94
12.331
13.868
13.552
12.589
11.272
13.305
12.972
11.858
11.092
12.359
17.498
2.2439
26.669
15.488
11.561
12.503
9.6605
6.0395
12.05
11.041
13.122
13.964
12.246
13.74
17.579
14.689
11.535
11.041
10.965
10.617
12.823
9.6383
10.789
10.375
13.122
11.298
8.9743
10.965
10.046
10.914
11.272
11.803
11.508
4.7315
11.041
12.274
12.05
11.722
11.092
18.155
10.093
11.298
8.6298
10.864
11.22
13.002
12.023
9.7499
14.125
13.152
13.646
10.375
1.3709
9.8401
10.52
12.882
12.106
10.069
10.423
4.9431
3.6058
0.78343
0.78886
0.93541
0.86696
1.0447
1.2106
1.1561
2.0606
0.93972
5.035
1.2359
1.6255
1.052
5.1761
11.22
14.454
18.155
8.2985
12.912
16.904
11.324
12.823
14.723
11.858
10.069
3.3729
11.535
12.618
12.445
16.032
14.421
9.6828
8.091
2.8708
1.052
1.0209
0.86896
0.77804
0.89536
0.77268
0.76736
0.71285
0.72778
0.78163
2.9717
0.82794
0.7925
0.70146
0.82414
0.77446
0.79433
0.77268
0.72111
0.78705
0.71614
0.68865
0.89331
0.76384
0.7925
0.74817
0.67298
1.1429
1.4962
3.7584
5.2481
9.7051
2.7861
1.5031
1.6218
1.3583
1.0375
1.6144
1.0139
8.5114
14.06
14.355
12.388
13.032
12.218
11.967
13.152
11.803
12.246
14.622
11.143
11.194
11.015
13.677
11.508
12.531
11.94
13.122
13.521
12.331
11.749
15.668
11.066
0.7145
0.73621
0.84918
8.0724
3.6475
2.4547
2.3281
10.328
8.6696
10.864
10
12.56
10.715
11.912
11.885
13.152
12.882
12.303
11.641
13.709
9.6605
11.092
11.776
11.535
9.506
11.749
10.814
15.311
15.346
13.552
10.99
14.093
12.303
13.092
7.6736
6.368
4.5186
3.8107
0.92683
2.355
3.1842
1.3772
1.3335
2.6977
1.099
1.9409
3.8107
7.8524
12.246
12.445
9.528
13.092
14.928
14.723
11.35
13.677
10.375
12.19
11.117
7.2778
1.5031
1.762
1.1967
0.86099
0.79799
1.2023
1.205
0.86298
0.86099
0.71121
1.7824
1.2942
1.7498
0.68077
0.71779
0.68077
0.72111
0.75336
0.71945
0.65163
0.73621
0.72778
0.68549
0.63826
0.65013
0.63973
0.78343
1.0186
0.74473
0.72778
0.77446
0.70307
0.68549
0.79068
0.75858
0.70469
0.69024
0.76033
0.65766
0.73282
0.77804
0.63533
0.67764
1.652
0.79068
0.7379
1.2735
1.0839
0.98401
1.0233
1.1508
1.052
1.0328
1.3062
1.8072
1.0789
0.85114
0.68077
0.62806
0.66988
0.93756
0.64565
0.67143
0.68234
0.6368
0.63533
0.63387
0.70632
0.68391
0.75162
0.65766
0.76384
0.70469
0.68707
0.70795
0.64417
0.68549
0.68077
0.65615
0.6792
0.72444
0.64714
0.6792
0.63387
0.62806
0.68077
0.71779
0.70307
0.75858
0.64417
0.72111
0.63387
0.67143
0.73451
0.6792
0.64565
0.69984
0.71285
0.72111
0.72444
0.65013
0.68707
0.68391
0.66069
0.68865
0.64269
0.71121
0.6792
0.78886
0.6792
0.66222
0.67298
0.75509
0.75858
0.68391
0.64863
0.67298
0.76736
0.66988
0.70795
0.67453
0.73451
0.66988
0.63973
0.63826
0.65917
0.64714
0.65917
0.71945
0.67764
0.68391
0.74131
0.69183
0.65615
0.69343
0.69502
0.64417
0.67608
0.69343
0.66681
0.70795
0.72111
0.68391
0.70958
0.62951
0.68549
0.68707
0.71614
0.66374
0.62951
0.67764
0.69663
0.70307
0.6223
0.62087
0.66069
0.69984
0.68707
0.66681
0.66222
0.72778
0.66681
0.68865
0.70469
0.76736
0.65013
0.73621
0.71614
0.72778
0.69984
0.65313
0.8531
0.67764
0.73961
0.61518
0.72444
0.70146
0.6223
0.64121
0.7656
0.63096
0.64565
0.67298
1.1967
0.76208
0.65464
0.72778
0.66834
0.78524
0.73961
1.3062
2.1928
1.374
3.7411
1.1015
0.67764
0.71614
0.68391
0.66988
0.71945
0.69343
0.70307
0.70469
0.68549
0.68865
0.66222
0.73114
0.69183
0.77268
0.65464
0.71121
0.72611
0.66681
0.72778
0.73961
0.72444
0.73114
0.6792
0.71779
0.74473
0.74473
0.69183
0.73114
0.77268
0.7379
0.65917
0.71285
0.62087
0.62806
0.68865
0.70307
0.75509
0.72778
0.67298
0.74473
0.65013
0.74645
0.68549
0.65917
0.72111
0.67453
0.69343
0.66069
0.74645
0.63533
0.70958
0.73282
0.74989
0.71779
0.83753
1.183
0.88105
0.92897
1.074
1.0375
1.1324
1.2134
1.1561
1.2823
0.9594
0.74302
1.3335
0.83368
1.0965
1.0864
0.97499
1.0864
0.66069
0.71285
0.68391
0.69343
0.7709
0.7925
0.75683
0.73621
0.74989
0.72946
0.70632
0.69024
0.78524
0.64121
0.67608
0.66834
0.69343
0.72611
0.64863
0.70469
0.68549
0.65766
0.67453
0.67608
0.7145
0.71614
0.66222
0.66222
0.68549
0.67608
0.63973
0.67764
0.74131
0.6368
0.67764
0.64269
0.63387
0.65464
0.64121
0.66527
0.64417
0.70958
0.64121
0.64121
0.68391
0.68549
0.80538
0.68077
0.64417
0.68865
0.67608
0.69024
0.69663
0.68077
0.66834
0.66527
0.69183
0.70632
0.63973
0.70307
0.69183
0.72946
0.70307
0.72111
0.69663
0.74645
0.69984
0.66681
0.69663
0.74473
0.73114
0.71121
0.63096
0.63973
0.66681
0.75683
0.71779
0.70958
0.67764
0.7709
0.67453
0.72611
0.68865
0.83753
0.74131
0.74645
0.66834
0.73451
0.75509
0.75509
0.75336
0.76736
0.67764
0.76033
0.71779
0.71121
0.75509
0.62373
0.68077
0.63973
0.65615
0.81283
0.69343
0.65766
0.79799
0.70795
0.68077
0.64565
0.75858
0.66988
0.65615
0.76208
0.70632
0.64714
0.72277
0.77804
0.72946
0.64565
0.70795
0.64863
0.64269
0.68549
0.72946
0.82035
0.69183
0.73282
0.66834
0.64417
0.66527
0.6368
0.63241
0.70146
0.66834
0.69502
0.66834
0.68707
0.75683
0.66681
0.70469
0.69663
0.7709
0.67453
0.65464
0.73621
0.67764
0.68234
0.74645
0.73451
0.71285
0.7145
0.65766
1.1803
0.81096
0.69823
0.66988
0.68707
0.63826
0.6792
0.71285
0.66069
0.70795
0.69502
0.70469
0.66374
0.7145
1.4256
0.78705
1.7498
0.96605
1.3932
0.7379
1.4521
0.83753
0.83176
0.7709
0.69823
0.72111
0.76033
0.7656
0.9506
1.8836
1.0471
0.81283
0.9594
0.88308
1.074
1.2647
0.70307
0.68077
0.65615
0.7145
0.70632
0.63826
0.66069
0.70795
0.65013
0.77804
0.71285
0.65013
0.68077
0.7925
0.67764
0.67764
0.70307
0.77804
0.68707
0.72277
0.68234
0.70146
0.70146
0.70795
0.78705
0.65464
0.67143
0.75858
0.65615
0.67143
0.64565
0.68234
0.73961
0.64863
0.66988
0.75162
0.68865
0.7379
0.72444
0.68391
0.70632
0.67143
0.76033
0.6792
0.74989
0.72778
0.76384
0.75858
0.78343
0.69024
0.7379
0.71779
0.69663
0.73282
0.78163
0.66988
0.69502
0.70469
0.69183
0.72277
0.67764
0.75509
0.68865
0.73961
0.71121
0.76384
0.73282
0.70632
0.67453
0.70795
0.76033
0.69502
0.7379
0.68865
0.69024
0.73451
0.82035
0.68549
0.71779
0.68865
0.70146
0.68707
0.72277
0.74989
0.80724
0.67143
0.68077
0.73114
0.7379
0.79068
0.69343
0.68234
0.70469
0.72778
0.67764
0.67608
0.66681
0.66222
0.74645
0.70146
0.69024
0.65766
0.72778
0.65013
0.68234
0.78524
0.70958
0.77446
0.73961
0.77983
0.72778
0.81096
0.71945
0.70146
0.77804
0.70307
0.65615
0.73961
0.73621
0.68234
0.77446
0.7656
0.74817
0.66069
0.72111
0.7379
0.69183
0.70146
0.74473
0.68549
0.72277
0.67143
0.66374
0.7379
0.69823
0.80168
0.67143
0.68391
0.75509
0.69663
0.78524
0.73621
0.72611
0.69823
0.71945
0.65615
0.80538
0.71945
0.77625
0.66988
0.75858
0.65766
0.65013
0.71121
0.73961
0.66374
0.68549
0.79983
0.67608
0.72611
0.69343
0.72946
0.74817
0.76033
0.72778
0.67143
0.72111
0.75336
0.67453
0.69024
0.70958
0.64417
0.63241
0.6368
0.72946
0.68077
0.64121
0.76736
0.78343
0.69183
0.75336
0.67764
0.72611
0.66374
0.77446
0.73621
0.75336
0.91622
0.68391
1.2162
0.85901
0.79983
0.87498
0.98175
0.86298
0.9528
1.2106
0.93972
0.87096
0.68707
0.7656
0.71945
0.68707
0.69984
0.67453
0.69984
0.6792
0.66527
0.64714
0.64863
0.67764
0.69024
0.80724
0.72778
0.64269
0.6792
0.67298
0.64565
0.78163
0.71945
0.64417
0.76208
0.71779
0.68707
0.64714
0.66222
1.6634
0.7925
0.78163
0.66527
0.80724
0.70795
0.75683
1.1169
1.1614
0.99312
1.6904
0.85704
0.68391
0.66988
0.72611
0.65013
0.64565
0.68077
0.68391
0.67453
0.66834
0.65013
0.70795
0.64863
0.69663
0.69823
0.96828
0.69984
0.7379
0.74817
0.75509
0.70146
0.65766
0.70146
0.63826
0.69502
0.64269
0.68549
0.69183
0.76033
0.67608
0.71285
0.71614
0.68391
0.70958
0.74645
0.69823
0.71285
0.63241
0.68391
0.6792
0.69343
0.64121
0.79983
0.73621
0.73961
0.66374
0.74302
0.73282
0.71614
0.64863
0.68391
0.72277
0.73621
0.70146
0.64417
0.65766
0.7145
0.75162
0.72611
0.72778
0.66069
0.65163
0.64863
0.6368
0.68707
0.72277
0.76913
0.70469
0.64417
0.70307
0.69984
0.69343
0.62087
0.76033
0.66222
0.66988
0.66222
0.75509
0.68391
0.66222
0.73621
0.71779
0.66681
0.67453
0.70795
0.66069
0.62806
0.69343
0.64565
0.70632
0.67608
0.66069
0.73961
0.76033
0.73282
0.65163
0.69984
0.66834
0.74817
0.72778
0.64565
0.70469
0.63973
0.72111
0.71285
0.68549
0.66681
0.72611
0.69024
0.66988
0.69823
0.61094
0.73282
0.66988
0.69024
0.70795
0.70632
0.67298
0.78524
0.65766
0.71779
0.69984
0.68077
0.64714
0.68234
0.71779
0.73621
0.75162
0.75336
0.71121
0.68865
0.70958
0.69343
0.68077
0.72111
0.71285
0.80168
0.74473
0.65615
0.69024
0.66834
0.68077
0.69823
0.70469
0.69984
0.73961
0.67608
0.81096
0.70958
0.64863
0.65766
0.72444
0.67764
0.71121
0.76384
0.74302
0.75858
0.72946
0.71779
0.67764
0.69183
0.69984
0.8995
0.70307
0.75336
0.72611
0.69343
0.65163
0.63096
0.73114
0.65464
0.66834
0.63826
0.68865
0.65917
0.7709
0.67143
0.66988
0.63973
0.65163
0.63096
0.67453
0.65313
0.70469
0.64714
0.90365
1.2474
0.74302
0.87498
0.83368
1.3335
0.8892
0.88105
0.70307
0.65163
0.67764
0.69502
0.92683
1.219
0.67608
0.66222
0.65313
0.66988
0.65013
0.66988
0.7145
0.63973
0.64863
0.66374
0.72111
0.65766
0.61518
0.68549
0.69502
0.61376
0.62806
0.66527
0.66834
0.72946
0.63096
0.65615
0.64863
0.63533
0.72946
0.67764
0.65013
0.61802
0.66222
0.73114
0.67764
0.65013
0.69984
0.71121
0.6368
0.61944
0.66988
0.66374
0.73961
0.66681
0.62373
0.69502
0.65163
0.69984
0.71285
0.66222
0.76736
0.64863
0.64565
0.64269
0.66681
0.64417
0.71285
0.69663
0.65313
0.64565
0.66834
0.62517
0.67143
0.63826
0.65313
0.72277
0.66988
0.67298
0.64565
0.66069
0.70958
0.64417
0.64121
0.63973
0.63387
0.66988
0.65163
0.72778
0.64121
0.70469
0.65917
0.64269
0.6368
0.63826
0.65013
0.73621
0.69502
0.67143
0.65313
0.67608
0.68077
0.69663
0.68391
0.64565
0.69823
0.63826
0.63826
0.61802
0.66069
0.6792
0.68234
0.63533
0.67453
0.65313
0.66527
0.75509
0.70958
0.67453
0.69984
0.69663
0.64269
0.68865
0.65615
0.65464
0.66681
0.70469
0.69984
0.64565
0.76033
0.68391
0.69663
0.65917
0.66222
0.69663
0.63387
0.66069
0.60256
0.66527
0.67764
0.65615
0.62806
0.64714
0.70469
0.7379
0.74817
0.65464
0.65917
0.62806
0.66681
0.68391
0.62661
0.61518
0.63387
0.79433
0.84528
0.69984
0.74302
0.76208
0.75336
1.5066
0.96161
0.64121
0.64269
0.9247
0.66222
0.90157
1.0423
0.76384
1.1749
0.9977
0.79616
0.84723
0.74131
0.70307
0.81658
0.76033
0.62806
1.3305
0.74473
0.93325
0.82794
0.8892
0.71614
0.877
0.71779
0.63096
0.63096
0.68391
0.63096
0.63533
0.88512
0.65615
0.7145
0.7145
0.72946
0.69024
0.63387
0.65917
0.66069
0.67764
0.82035
0.72111
0.76736
0.7145
0.85704
0.66834
0.88105
0.64269
0.66834
0.72946
0.6368
0.69823
0.65013
0.65313
0.69024
0.65163
0.69823
0.65013
0.66681
0.66222
0.7379
0.79433
0.66222
0.69984
0.64269
0.71779
0.65464
0.64714
0.64863
0.66527
0.64565
0.76033
0.67453
0.66681
0.64565
0.67453
0.67764
0.68234
0.65615
0.6368
0.64565
0.69183
0.63387
0.6368
0.69823
0.69343
0.62806
0.65615
0.65163
0.65615
0.69502
0.72946
0.70307
0.67298
0.67608
0.68549
0.63826
0.64714
0.73621
0.68549
0.66834
0.7145
0.69823
0.65313
0.61518
0.64121
0.70469
0.65766
0.6792
0.64417
0.68707
0.66527
0.68234
0.6792
0.65917
0.65163
0.63387
0.69984
0.64714
0.67764
0.70632
0.67608
0.69823
0.62951
0.70958
0.64863
0.67143
0.68234
0.66222
0.64863
0.62087
0.69502
0.69343
0.65766
0.72111
0.65313
0.66681
0.69823
0.72611
0.66834
0.71121
0.68865
0.68549
0.64269
0.66069
0.64863
0.65313
0.66834
0.66988
0.69024
0.65013
0.66834
0.65163
0.65615
0.69823
0.69502
0.65766
0.70146
0.63826
0.7656
0.77804
0.74817
0.70146
0.69984
0.68549
0.67608
0.68707
0.62517
0.62661
0.66988
0.6792
0.68549
0.70795
0.67453
0.63826
0.66222
0.68391
0.69183
0.68865
0.67608
0.64269
0.72444
0.65766
0.68865
0.64121
0.65464
0.67608
0.66374
0.64417
0.65313
0.65917
0.67764
0.62806
0.70307
0.69183
0.62951
0.69502
0.7709
0.74302
0.70146
0.70632
0.68234
0.64269
0.64269
0.65464
0.75509
0.74989
0.69823
0.71614
0.67143
0.70632
0.65615
0.68234
0.70146
0.67608
0.67453
0.69502
0.69502
0.68549
0.64863
0.66222
0.65163
0.68077
0.66527
0.69502
0.71285
0.69984
0.72946
0.68865
0.69663
0.6223
0.69984
0.69502
0.66222
0.64863
0.70307
0.66374
0.69024
0.64565
0.67298
0.64269
0.67453
0.66222
0.66527
0.62661
0.63533
0.6792
0.6792
0.67143
0.69343
0.65163
0.70795
0.67298
0.69024
0.69984
0.67608
0.64565
0.62661
0.68865
0.66222
0.71121
0.67608
0.64269
0.66374
0.64863
0.71121
0.69024
0.62806
0.69343
0.69183
0.70632
0.73451
0.64714
0.65766
0.64121
0.65917
0.7145
0.64121
0.6792
0.66069
0.65313
0.7145
0.73621
0.66681
0.68077
0.68077
0.71121
0.63241
0.72611
0.62087
0.67608
0.69183
0.67143
0.67764
0.69183
0.68865
0.66069
0.6792
0.65917
0.68234
0.65163
0.64863
0.68234
0.63387
0.62373
0.65163
0.69502
0.64714
0.65013
0.74817
0.6368
0.65313
0.67298
0.63096
0.64565
0.64269
0.6792
1.0162
0.74131
0.79433
0.80538
0.72946
1.0399
1.3032
1.2823
0.75509
1.1561
1.0568
0.91833
0.95719
0.97499
1.2359
0.75683
1.183
0.92683
0.80168
2.208
1.0814
0.99541
0.91201
0.8414
7.709
13.9
9.3325
1.7498
0.77446
0.7656
1.9409
1.4223
2.355
15.276
16.558
11.912
18.535
12.274
17.66
15.171
13.552
10.617
0.79068
0.94406
2.9785
12.106
11.885
13.521
11.272
13.152
15.417
11.066
0.78705
0.79616
0.76736
0.88105
0.79068
0.83176
1.0328
0.77268
0.89125
0.80538
4.9317
12.274
11.535
16.331
13.305
12.706
15.031
15.031
14.191
13.243
11.041
7.2946
7.9068
13.521
10.568
14.997
12.794
13.836
11.588
10.715
8.7096
9.977
12.735
14.421
14.06
13.614
10.423
10.116
16.069
10.666
11.885
11.722
2.1478
9.5719
13.74
11.35
17.989
14.093
15.453
14.125
21.281
12.162
13.772
10.74
13.868
16.52
11.117
14.521
13.709
3.5727
15.311
14.488
12.706
13.49
10.093
10.28
1.6596
1.7219
2.4946
4.0644
1.9953
1.0471
3.069
12.023
11.092
11.35
14.859
11.066
10.471
9.9312
9.2257
11.776
7.7446
9.3972
18.072
15.812
16.106
14.322
12.218
12.972
13.836
11.015
10.28
2.7606
2.3014
9.2897
10.069
9.6383
10.399
10.641
2.9242
3.2885
1.3397
1.8923
5.8884
4.2364
10.544
14.028
10.093
9.977
2.0941
6.1802
11.22
12.023
14.028
15.996
5.5463
12.764
12.388
11.117
12.735
12.474
11.298
11.967
12.677
10.304
5.3827
0.67298
0.71614
1.0789
1.0889
4.0738
5.9979
2.9444
1.0495
1.0839
1.2474
1.2882
8.2035
8.5901
10.495
12.706
11.83
9.594
15.136
12.677
10.765
11.83
11.83
10.914
2.7542
0.78343
0.7709
0.76384
0.76913
1.1695
1.3709
0.68707
0.72111
0.73451
0.74989
0.68391
0.68077
0.67764
0.67764
0.9247
0.79616
1.0765
1.5776
1.9011
0.96605
0.66681
0.66681
0.63096
1.0889
0.84723
0.7145
0.72277
0.70469
0.68549
0.77983
0.69183
0.66527
0.68077
0.69502
0.74989
0.72778
0.68707
0.72111
0.77268
0.72444
0.75683
0.69823
0.67143
0.90157
0.86099
0.65917
0.64269
0.68549
0.66374
0.73451
1.1803
0.70469
0.73451
1.3459
0.65313
0.64565
0.66681
0.96161
0.70795
0.68234
0.70958
0.70469
0.70795
0.67298
0.63973
0.71614
0.65013
1.2853
1.194
0.92257
0.96605
0.91411
3.5975
2.9785
0.64863
0.66988
0.67453
0.66834
0.65163
0.66834
0.66681
0.63533
0.65013
0.64863
0.65163
0.68707
0.64714
0.64863
0.69183
0.62661
0.67608
0.65163
0.66527
0.70958
0.65313
0.66988
0.74131
0.68077
0.66069
0.66681
0.66834
0.63387
0.68707
0.68549
0.69183
0.65615
0.69823
0.62517
0.69984
0.72946
0.64714
0.65313
0.65464
0.64269
0.70146
0.64269
0.64417
0.65464
0.64565
0.69183
0.70307
1.556
1.0162
1.0814
0.87498
1.3932
3.1117
0.89536
0.66527
0.75162
0.66374
0.6223
0.63973
0.66069
0.63533
0.68549
0.72277
0.62806
0.6368
0.73282
0.70146
0.7379
0.6792
0.64121
0.63096
0.69183
0.62517
0.69984
0.66988
0.70795
0.66069
0.73451
0.69663
0.71614
0.66222
0.69183
0.69823
0.66834
0.77446
0.65464
0.65464
0.67143
0.63826
0.87902
0.64121
0.64714
0.67453
0.62661
0.72946
0.69343
0.72111
0.60814
0.70795
0.70307
0.88716
0.63387
0.63387
0.69502
1.1535
0.97949
1.122
1.2106
1.1858
0.92257
1.2794
1.1722
0.64269
0.6223
0.96161
0.64417
2.0941
0.64417
0.67453
1.0046
0.69823
0.76384
0.70469
0.66527
0.71121
0.66069
0.67143
0.72277
0.68234
0.68077
0.63533
0.66834
0.73451
0.64565
0.66834
0.65013
0.66069
0.65917
0.69343
0.68391
0.64417
0.68391
0.65615
0.65013
0.6368
0.71614
0.64863
0.68865
0.68391
0.65313
0.62087
0.63826
0.65917
0.65615
0.66834
0.68234
0.64269
0.68391
0.66222
0.63533
0.65615
0.60954
0.69502
0.64269
0.6223
0.62806
0.66069
0.6223
0.66374
0.65464
0.63096
0.65013
0.69984
0.6792
0.6368
0.6368
0.65313
0.65615
0.65464
0.67608
0.64269
0.61802
0.64565
0.64714
0.62806
0.66834
0.67453
0.63096
0.63096
0.69984
0.69823
0.66681
0.64863
0.60954
0.64565
0.64565
0.65163
0.65013
0.65163
0.63826
0.61944
0.70632
0.69024
0.77804
0.66681
0.69984
0.64121
0.69343
0.66834
11.858
22.542
0.65464
0.67143
0.67608
0.66527
0.65464
0.67298
0.87498
14.06
0.66222
0.63973
0.68077
0.68707
0.67453
0.71614
0.7145
0.7145
0.69502
0.65313
0.76384
0.74817
0.88716
0.64269
0.71614
0.99312
0.67143
0.69343
0.67143
0.70469
0.69183
0.71285
0.65163
0.75858
0.67298
0.63826
0.67453
0.63533
0.8414
0.69823
0.6792
0.71121
0.93111
0.74131
0.75683
0.90573
0.86696
0.79068
2.6182
6.7298
14.06
10.186
1.183
0.94406
0.75162
0.82035
0.90157
0.75858
0.96383
0.72611
0.75336
0.73114
6.1235
14.355
12.853
11.298
11.749
13.552
13.614
14.894
13.274
13.213
12.162
12.735
13.836
15.488
12.882
6.7764
11.535
13.614
3.4119
12.589
13.397
7.8705
3.342
3.9084
11.092
13.274
11.324
10.691
4.0832
1.6293
10.617
4.1495
2.5119
11.722
13.49
13.274
11.722
13.49
14.655
11.749
10.116
11.066
10.257
14.388
12.706
15.812
12.417
8.9536
15.417
11.749
0.8414
0.85704
0.6792
0.79983
1.1535
8.6099
3.6813
2.0184
13.274
10.52
11.995
12.134
11.117
12.134
11.35
8.9743
12.531
17.824
14.421
12.764
11.94
13.092
12.531
12.823
13.9
7.9068
0.94406
0.81283
0.82035
0.9506
0.68234
0.78886
0.74131
0.74989
1.205
3.7497
10.209
4.256
1.1272
0.96828
0.91833
1.1885
1.1858
1.4791
5.0582
8.995
0.82604
4.4361
6.6069
14.723
11.35
12.303
11.092
10.495
10.715
11.722
12.677
9.9312
12.417
12.023
11.535
10.069
10.666
9.5719
1.1803
7.7983
9.7275
10.116
15.704
15.56
9.4406
10.069
10.889
2.5942
2.0989
4.3551
14.859
2.9444
10.914
0.90573
0.71779
1.3305
3.4834
10.471
13.213
12.274
13.397
10.116
11.169
14.622
13.646
10.568
10.666
11.749
12.246
13.932
11.35
12.618
10.765
4.0272
5.7544
13.74
10.94
8.3753
2.208
1.4689
1.1776
1.2853
1.0839
1.9588
1.8408
0.78163
3.8107
4.0458
0.9977
1.7783
10.423
11.35
12.303
12.023
10.423
12.972
10.447
21.727
20.701
17.061
17.378
23.442
23.014
19.815
17.458
19.77
16.218
14.655
22.182
11.015
14.588
16.218
18.072
22.803
15.453
10.839
12.677
1.7579
1.9099
3.0339
1.1508
1.39
10.814
14.757
13.709
16.788
18.75
20.845
19.275
17.179
14.555
5.9429
18.03
20.464
16.032
15.596
12.764
5.9841
1.9953
1.0209
14.028
17.1
19.634
17.219
18.113
17.906
18.155
15.849
12.106
0.75509
0.76736
0.78163
1.5885
1.205
5.8614
10.069
19.055
19.231
14.028
15.885
17.947
