7.0795
6.1518
7.7446
3.7154
4.8084
6.2517
5.9566
11.561
9.977
6.0674
11.402
6.3387
6.9343
6.5163
5.0816
6.3241
4.8417
12.677
6.7143
6.5013
6.4863
7.4989
9.1201
4.0087
2.7164
7.656
7.1945
5.1404
4.1687
7.9616
4.9431
5.6234
7.0958
5.3211
4.4566
6.8865
6.6069
1.4421
2.1478
7.1285
5.1642
8.4918
6.5013
5.3703
5.0234
5.105
7.2778
8.356
4.7753
5.5847
5.9979
6.0395
4.5082
4.6345
5.1168
6.2951
3.6224
6.0674
7.3961
6.3096
4.8195
5.6494
5.0003
6.4417
5.0816
6.2087
3.9537
4.9431
6.0395
6.6681
6.8077
4.7643
6.223
4.2954
5.5081
3.3963
4.9204
5.8076
5.2845
5.6364
4.3152
1.9409
3.3113
5.8479
4.2855
5.1761
1.4256
1.5596
1.4757
1.9099
7.8705
4.6774
5.7943
5.0816
6.7764
5.8614
6.7453
5.9293
5.1761
5.6754
6.0395
4.3853
6.0117
5.224
5.8884
8.3176
5.3703
3.3497
4.8195
5.5208
5.6234
3.9355
1.9187
4.8753
6.2373
4.0365
6.5163
6.2806
6.9183
6.3533
3.2734
6.4565
5.9979
5.8884
6.1094
6.0534
3.8815
1.2445
4.7534
5.7677
5.0234
5.5208
4.7973
5.1523
5.5463
4.9204
3.9174
6.5615
6.0954
4.9888
6.8391
3.6813
6.4121
5.8614
5.0933
5.3827
5.4075
4.6238
4.9659
5.236
4.8641
2.0184
4.9659
6.3387
5.902
4.592
6.1944
6.0256
6.3387
6.3387
5.0582
6.8234
4.5709
5.5463
5.3333
5.728
1.219
0.97724
0.92683
0.71285
0.8147
1.5996
1.122
1.1482
1.1092
1.0023
1.1776
4.6132
4.9317
4.9659
5.4576
4.4157
6.3533
4.6774
5.0466
4.5499
6.0954
4.9659
5.0933
7.3282
7.7625
9.7724
3.9174
6.3241
5.8345
5.821
5.559
6.6834
4.5499
5.2
4.1305
5.5847
5.1404
6.1518
5.224
5.3211
8.3946
4.9204
5.1286
3.4435
4.3152
5.781
5.0466
5.5719
4.8865
4.9774
4.7643
4.6559
4.5814
0.82414
3.0339
7.6033
5.2966
6.7453
0.94842
1.0617
3.4119
5.4325
5.6234
4.0087
4.7424
4.1687
4.3551
1.1143
3.7154
4.5186
5.5976
4.6026
4.6881
4.6452
6.1094
5.188
4.2658
5.2723
5.728
6.0674
5.7412
3.9811
5.2602
4.6345
3.6644
3.5563
4.8084
5.902
4.3451
6.1235
1.2162
1.0765
3.8994
5.035
6.1376
19.724
4.2855
8.6099
5.1404
6.5464
3.8726
2.5177
5.3456
5.445
7.5509
5.7544
4.8641
5.188
3.767
4.8084
20.749
3.6728
0.99312
0.97051
0.98855
2.5527
3.7584
5.0933
4.5394
7.3961
7.6033
9.3756
8.5704
7.4645
4.7643
5.0119
4.9317
6.7298
5.4576
5.0816
5.5335
4.9659
5.3456
6.1802
6.223
5.6885
5.0582
5.6754
11.912
7.5509
3.9537
1.1614
1.052
1.39
3.281
4.4978
5.42
5.0699
5.1404
8.9743
5.8884
4.5186
5.5081
5.9566
4.5186
4.1879
5.4325
6.9502
4.4978
5.3827
7.6033
5.1761
4.1115
6.4269
5.3703
5.7148
5.6624
4.3053
0.82414
0.78524
0.79068
0.82794
0.7925
4.4055
4.5709
4.1976
6.8549
8.8105
6.9663
4.5186
5.0582
4.5814
5.1286
4.0272
7.6208
5.5847
4.3451
5.7677
5.4954
6.4269
5.0699
4.9317
4.7098
8.2604
2.2542
4.2954
4.9431
4.8641
4.3551
5.0119
2.729
4.6774
4.8417
5.8345
5.6234
6.0534
6.5464
5.5719
6.5917
5.902
5.2481
6.368
4.7973
7.6913
4.8865
5.0699
7.5509
5.188
8.356
4.7534
6.792
6.9984
4.9545
5.3456
3.4834
2.0277
0.877
0.94189
0.8995
4.0458
5.7412
4.6238
6.5917
4.6238
7.0632
4.5394
5.8076
6.792
2.2233
1.0375
1.0691
1.2677
2.2961
3.5075
4.1115
3.5975
7.8524
4.1976
3.3037
5.9704
4.0738
6.5013
4.529
3.5318
5.7148
6.223
5.2602
7.8886
5.7148
6.4121
4.9431
7.6384
6.2087
8.4333
6.6222
4.9204
4.6774
5.7016
4.2267
1.3836
5.1168
8.091
6.2087
7.7983
6.792
5.224
6.223
8.9125
8.0724
5.9704
8.5507
7.0795
6.792
6.0395
5.9156
4.9888
7.2611
4.3752
5.5463
4.2073
4.6132
5.3333
4.8753
5.188
6.368
11.324
4.3152
1.0666
1.4521
1.9454
1.1298
3.9537
4.5709
7.145
4.5709
9.7724
5.6754
5.7677
3.6813
8.3753
6.8865
14.06
6.5313
7.3114
6.6834
5.8884
7.4989
9.2257
5.2723
8.7297
10
6.3241
6.9024
7.9616
7.6384
6.1235
6.6834
5.8884
6.5163
7.5683
6.9823
6.3387
7.2611
5.9429
5.3827
5.2602
6.1944
6.0117
7.0958
6.2951
5.445
6.6374
4.5394
6.223
4.7206
5.0933
6.223
5.4325
8.3946
6.7143
5.6494
7.0146
1.3646
1.1429
1.0965
1.8621
4.4978
6.6069
6.1802
7.9068
5.2481
8.2604
7.1779
11.455
9.6383
7.2946
7.656
6.4417
5.7412
6.5615
7.4645
5.5081
6.3533
5.781
8.9743
5.4576
6.3241
5.6885
8.2414
6.3973
6.5013
6.2087
6.3096
7.7983
5.5208
6.792
6.6069
9.0573
1.6749
6.5013
1.5704
1.1695
0.95499
1.1995
4.1495
6.4121
9.2045
10.52
5.6364
6.0674
7.7446
6.0534
7.379
7.2444
7.4302
9.3972
7.2111
6.8865
5.9293
6.2951
6.6988
8.414
5.8749
6.1518
6.3387
6.5163
6.368
5.1286
5.5719
0.78163
0.79068
0.8892
1.0691
1.374
1.7742
2.6546
6.5013
4.5709
5.7148
5.5976
6.7608
7.0632
6.3533
6.0534
7.1285
5.902
7.4817
5.6624
6.5313
6.368
6.792
4.14
5.6754
5.821
5.42
6.9984
5.0466
5.445
6.6222
7.6736
5.6364
3.1261
5.821
6.8391
7.7268
6.9183
6.2517
8.6696
6.8707
6.3096
6.0395
5.0003
6.3387
8.3753
8.0538
6.5766
5.3827
6.9024
1.205
2.1878
5.0699
10.351
8.7498
3.2734
7.8886
6.8234
9.8628
6.9343
4.9317
6.7608
5.559
6.7453
8.5114
8.2604
7.9983
5.7677
6.8234
6.2373
6.0256
6.8549
7.7625
5.8614
9.0573
6.0534
7.5336
5.6885
6.8234
4.8978
6.3973
6.2661
4.5394
0.97724
0.8091
0.84918
5.8076
5.8345
5.821
5.8345
6.7298
7.3451
8.7498
6.8391
12.794
6.5013
7.2611
7.2111
7.7446
9.247
8.0353
3.1405
1.1402
0.93111
1.205
0.78524
3.3113
7.8343
8.3946
9.8628
11.143
6.2087
6.5313
6.0117
7.2111
6.5766
6.0534
6.4269
6.8707
7.3961
7.709
7.5509
10.94
3.8459
10.351
7.7804
5.9566
8.3753
9.594
8.5507
10.447
6.0117
6.4863
4.7424
6.9183
5.4828
6.4417
9.4189
5.7544
6.0256
5.7677
6.7764
7.4989
8.2035
6.3241
9.1622
7.4473
7.1285
5.7412
6.6069
1.0162
4.2855
7.7983
8.2794
6.5917
7.1121
4.592
7.4989
5.4828
0.81096
0.72277
1.2531
5.1404
1.2445
0.87096
1.3836
1.4322
1.2853
7.7268
8.7498
6.7764
7.1945
6.1944
8.147
9.2683
5.6885
6.6988
5.821
6.2661
7.4645
9.8175
5.902
8.2224
5.559
7.0146
4.1115
7.2111
8.5704
4.8306
7.7625
6.6374
6.9984
7.8524
5.8749
9.0365
3.9264
0.87297
0.86696
0.86497
0.96605
1.1455
3.0479
4.6881
5.0816
5.7148
6.8865
5.4325
6.7298
6.3096
7.8163
4.1305
7.8343
4.121
3.3651
0.86298
0.81658
0.73282
1.6866
1.3397
1.6368
0.98175
0.72611
2.2387
3.9174
8.9331
5.3951
5.7943
4.6238
4.7863
5.2602
5.559
6.8077
8.8105
5.5081
7.4131
6.3973
5.9704
10.209
10.789
6.6374
7.0795
7.4645
10.069
5.1286
7.145
5.6105
6.1518
8.0168
8.2414
5.9841
6.4417
6.3241
5.4828
3.6728
2.2233
9.7724
5.2602
6.1094
7.4473
10.74
7.7804
5.0582
8.9125
7.4645
0.81096
1.3868
4.5814
7.8524
6.3387
5.6754
8.2985
6.166
7.8886
4.3652
1.2677
1.1668
1.932
0.9594
1.0186
0.88716
0.76208
1.0423
1.0666
0.9977
1.4223
1.183
1.4289
1.2246
1.875
1.5066
5.8749
7.5509
6.3387
4.9888
6.3973
6.1518
6.4565
7.709
8.2035
8.77
8.9743
5.1404
5.035
7.0795
6.3241
6.5615
7.5683
7.5509
7.6384
5.1286
5.9429
9.5719
5.5719
4.4157
8.7297
11.376
10.328
7.8163
5.781
7.6913
10.839
6.4565
9.1411
6.8707
6.5615
6.8234
6.8391
7.1779
7.709
6.8707
7.145
6.6069
6.5464
4.8306
6.0256
5.2966
4.9317
4.9091
9.5499
7.7625
11.22
10.423
10
8.9331
5.0933
7.9616
11.092
10.965
12.078
8.2035
9.8401
10.691
5.902
7.1121
8.414
5.5081
7.379
8.5704
7.379
9.8855
8.2794
5.781
7.3114
7.0146
5.8345
7.7804
9.1833
6.3826
7.6384
5.8345
5.9429
7.4989
9.1201
1.4689
1.219
2.5003
4.8641
0.82794
0.77804
0.88716
0.7925
0.79616
0.78343
1.2823
1.2735
0.89743
9.0573
6.792
9.0782
10.046
8.0538
5.0816
5.3951
6.0117
7.7625
11.22
10.375
7.8524
7.4989
9.1622
4.8529
6.1235
11.429
5.6624
5.236
8.5901
6.0814
5.3703
7.6033
9.1201
5.5081
2.0797
3.7325
7.3114
5.902
7.4645
11.641
9.5499
9.7051
6.3241
6.0954
8.9743
5.3703
7.656
8.2985
4.8753
6.9183
6.0814
3.7844
8.3946
7.0632
7.7983
8.2224
6.9183
6.1235
5.4325
6.1376
6.1094
9.3111
9.4842
6.2951
9.9083
5.6494
6.4417
7.9433
8.4918
6.3387
7.6736
7.2946
8.1283
7.1285
6.2517
6.6681
12.303
9.0782
10.74
7.2111
0.98401
1.028
5.2723
7.3961
8.0353
9.3541
5.1168
5.559
6.5163
8.1658
10
10.186
6.6834
8.4333
9.0991
9.2683
3.4041
6.1376
6.9024
7.2444
6.9663
5.5463
7.3114
8.0724
7.5162
7.9799
5.9566
9.1201
9.7499
8.414
10.593
6.4863
5.1286
5.1642
7.0958
6.8549
9.3541
5.8614
7.8886
9.4624
11.429
6.3387
7.7446
1.0641
1.4158
5.5081
6.3826
8.356
6.0117
1.205
1.0495
1.4962
4.9204
4.6132
5.728
6.1235
6.3387
1.3366
0.69823
0.78163
0.74817
0.89125
0.80353
3.1046
8.147
5.5847
5.5719
6.4565
7.0795
7.9616
9.3541
6.0674
6.9343
6.8549
8.2224
5.9156
6.8549
0.87096
0.87096
1.0209
1.3772
1.2531
0.70632
0.69343
0.94406
2.8445
7.0795
6.8865
8.2604
5.0234
4.8417
5.8479
7.4817
6.2373
5.9293
7.2778
7.1285
5.4075
5.7544
7.2444
5.781
7.6208
10.691
2.1577
0.97724
0.90782
2.6607
5.781
5.035
8.9331
9.0782
9.7499
8.7902
10.914
6.7764
7.2277
7.656
5.2119
9.6161
6.0395
6.6069
6.2661
6.7143
9.3325
6.7608
6.7764
5.5719
7.9983
7.1121
4.3351
7.7268
5.7943
7.1945
8.9743
9.3972
6.1094
8.2794
11.561
15.417
11.695
7.4817
11.117
9.7724
8.0353
7.2946
7.5509
6.9502
6.8234
8.5901
10.544
11.246
7.0632
6.2806
4.7753
7.9799
7.4302
9.6605
7.5336
7.709
3.7844
4.121
0.70632
0.9247
0.80538
3.6224
2.9376
0.89331
0.81658
1.9498
4.6026
6.1802
7.6033
6.5766
8.8105
8.1658
7.3961
9.3325
11.535
6.9823
6.6222
7.2111
7.0307
7.3451
8.3753
8.8105
10.715
2.1827
1.0399
1.2618
7.4989
5.2723
6.4121
8.8308
8.2035
5.9704
6.9823
4.1879
6.6988
8.5114
8.1846
7.3114
8.6896
7.145
4.9774
6.0395
7.6736
5.821
5.3703
6.8865
5.236
5.4954
10.814
9.0365
5.5463
9.3972
11.641
7.9799
6.4565
7.4473
7.925
9.9312
7.6736
5.7544
4.8865
6.8391
7.7804
7.7625
5.9979
6.1235
6.8707
5.902
7.1121
9.2045
9.247
6.3533
6.4863
8.3753
8.9743
8.2985
9.8401
8.892
7.3451
7.9983
4.3551
6.7764
8.77
7.3114
5.8614
11.561
11.169
5.42
7.379
7.2111
8.4333
5.7943
7.0795
8.1096
6.0954
10.399
6.1094
7.0307
9.2897
5.9979
9.0991
8.6696
9.1833
1.2274
1.219
0.82224
0.80724
1.099
1.1722
0.86497
0.72611
0.91201
0.81846
0.93541
2.4491
5.035
5.5463
8.7297
5.2481
4.6881
8.3946
7.7268
11.22
8.8512
6.6222
6.1376
8.2604
6.9024
6.8707
8.3946
8.531
5.9979
6.3387
5.9704
9.7724
6.6374
8.2985
5.7943
6.1944
7.6208
19.861
1.2106
1.3646
4.4566
8.6298
10.99
9.7275
5.7544
5.4954
9.1411
9.9312
6.5766
8.4918
5.8749
6.9183
6.1518
8.414
7.9433
13.552
6.3533
6.7453
9.2683
9.4189
6.223
8.7096
8.8512
6.792
21.577
8.1846
8.2414
6.2806
8.5901
12.882
2.9242
5.0582
9.6383
8.2604
8.6298
5.5976
8.4723
8.8105
5.821
7.2611
6.5615
3.8194
1.0423
2.3067
1.0889
1.1641
1.2417
1.5453
8.7498
7.2111
5.1168
8.9536
6.3973
5.8076
8.531
9.1833
7.7446
2.4717
0.97275
0.8356
1.2794
5.7016
4.9431
5.728
6.9343
8.0538
5.8614
7.5336
8.6896
5.2602
7.8705
8.6896
9.3111
10.162
10.864
5.0119
10.093
6.9024
6.2951
7.5336
9.6383
5.9841
8.147
8.2985
8.8308
9.7949
5.0582
9.8175
6.3096
5.5847
8.892
6.6069
6.1802
5.8479
6.8077
4.9545
10.28
7.0469
8.3368
8.5114
9.977
3.9994
7.4989
6.4863
9.977
8.8512
8.7096
7.6913
6.4269
6.9984
11.169
10.399
7.0146
10.839
8.2985
11.912
7.2277
8.2985
8.0353
9.1201
6.7298
9.4842
8.2414
1.074
1.135
6.5615
3.9264
5.6624
0.7379
0.82414
1.0304
0.76208
0.70958
0.85704
0.94189
1.8281
0.86896
0.97275
1.1402
1.8323
1.0471
0.91201
1.1298
1.0233
1.1015
0.9528
1.2882
1.2531
0.91201
0.74645
0.70307
0.74302
0.84918
0.98628
0.89331
1.0257
0.91833
0.76384
0.68865
0.7145
0.69984
0.69663
0.69183
0.88512
0.66527
0.69502
0.72444
0.73114
0.69183
0.70307
0.66988
0.74473
0.70958
0.70958
0.69984
1.1272
0.68077
0.69183
0.86497
0.72778
0.6792
0.6792
0.68077
0.70958
0.69024
0.92257
0.71779
0.70632
0.68865
0.68234
0.71945
0.72444
0.69502
0.93972
0.93756
0.67298
0.69343
0.70469
0.69663
0.72946
0.69823
0.70469
0.71121
0.72611
0.81658
0.72778
0.69183
0.74989
0.72111
0.72778
0.80724
0.73282
1.6596
1.2445
1.0765
1.1803
0.93756
1.3428
0.79068
1.0328
1.1967
1.2246
0.89125
1.052
1.2794
1.1066
1.0423
0.96161
1.3677
1.3428
1.0116
1.1376
0.92045
0.68707
0.67298
0.65464
0.69663
0.7145
0.66988
0.69024
0.73621
0.68707
0.93541
0.80724
0.70958
0.67764
0.73282
0.70146
0.80168
0.71285
0.80538
1.0715
0.75683
0.79616
0.88308
1.0139
1.2735
0.89125
0.74817
0.97949
0.81846
0.88308
0.72611
0.71945
0.70146
0.66988
0.69183
0.73114
0.74473
0.93972
0.71945
0.68234
0.68077
0.7145
0.68234
0.66681
0.71121
0.73114
0.73451
0.83753
0.70307
0.70146
0.69183
0.69502
0.69343
0.67764
0.70307
0.72778
0.80168
0.72277
0.69984
0.69984
0.71121
0.75509
0.70632
0.75336
0.72111
0.70632
0.87498
0.85114
0.69502
0.70469
0.68391
0.66527
0.68391
0.70632
0.70307
0.69663
0.72778
0.70795
0.74645
0.72611
0.71121
0.74131
0.72778
0.7379
0.75509
0.75683
0.74645
0.82604
0.70795
0.7925
0.94406
1.0789
0.9247
0.86896
0.88716
0.8531
1.183
0.99541
0.70795
0.70632
0.65615
1.0046
0.87902
2.6485
1.2078
0.79799
0.75162
0.68707
0.7709
0.69823
0.70795
0.68391
0.73961
0.85507
0.7145
0.70958
0.7145
0.72611
0.65013
0.71285
0.68234
0.67764
0.75683
0.79616
0.70307
0.76033
0.71779
0.70469
0.68077
0.66988
0.66988
0.80168
0.82985
0.69984
0.74645
0.67453
0.69984
0.74131
0.66988
0.74473
0.7379
0.88512
0.68707
0.72444
0.68391
0.78163
0.69663
0.68234
0.70958
0.70795
0.94189
0.7145
0.7379
0.66527
0.68707
0.7709
0.68234
0.68077
0.71614
1.028
0.67608
0.70307
0.70958
0.73114
0.69984
0.71285
0.70307
0.66374
0.67764
0.7709
0.65766
0.72444
0.68549
0.71945
0.70632
0.69502
0.67608
1.1092
0.74131
0.68865
0.66374
0.68077
0.65766
0.65917
0.70469
0.68549
0.85901
0.67764
0.68234
0.71285
0.71945
0.66222
0.83368
0.66374
0.7379
1.0093
0.73961
0.65917
0.77625
0.73621
0.7145
0.66222
0.7145
0.70307
0.74645
0.69663
0.69663
0.72611
0.71121
0.70958
0.78705
0.74302
0.71779
0.71614
0.73961
0.66988
0.74473
0.7145
0.72946
0.75162
0.68391
0.67608
0.70469
0.72778
0.76736
0.74989
0.68391
0.73621
0.70307
0.77446
0.74302
0.69823
0.70632
0.98628
0.73451
0.70632
0.71614
0.72778
0.70307
0.70469
0.70469
0.74817
0.71614
1.052
1.5101
0.90365
0.95719
0.89743
0.89743
0.76384
0.92683
1.0666
1.5524
0.95499
0.86896
0.8892
0.65615
0.70469
0.72611
0.72111
0.94406
0.83753
0.68077
0.82035
0.70795
0.74817
0.67764
0.70469
0.73114
0.69183
0.7145
0.88716
1.0069
1.052
0.91833
0.9506
1.1482
1.0186
0.75683
1.0889
0.73114
0.79068
0.77446
1.1143
0.89743
0.71945
0.75336
0.7379
0.91622
0.84723
0.76208
0.78705
0.84528
0.77983
0.73621
0.70307
0.7656
0.94406
1.1041
0.75509
0.70632
0.76384
0.69502
0.69183
0.70469
0.71779
0.77983
0.77268
0.70958
0.76208
0.72946
0.69183
0.76913
0.69183
0.70307
0.74817
0.69502
0.77983
0.68391
0.71285
0.70795
0.69984
0.77804
0.74989
0.70795
0.74645
1.028
0.72444
0.71121
0.70632
0.6792
0.69183
0.73114
0.72277
0.65917
0.66069
0.75683
0.75336
0.75162
0.65464
0.68234
0.68077
0.66069
0.67608
0.67143
0.76033
0.68234
0.68234
0.68077
0.68234
0.84918
0.8091
0.7145
0.74645
0.70307
0.71614
0.73961
0.76033
0.75683
0.75336
0.7379
0.72277
0.69183
0.67298
0.72444
0.72111
0.7379
0.69183
0.73621
0.71285
0.74989
0.76384
0.76736
0.74302
0.72277
0.74302
0.74817
0.72277
0.69183
0.74645
0.74131
0.69823
0.82604
0.71779
0.72778
0.69024
0.75683
0.72444
0.76384
0.67764
0.73621
0.69024
0.77446
0.69024
0.72111
0.67298
0.74302
0.67453
0.66069
0.7145
0.71945
0.77446
0.73114
0.68865
0.71121
0.70958
0.69663
0.74131
0.72611
0.7379
0.81283
0.71614
0.72277
0.7379
0.72444
0.71121
0.78705
0.74989
0.72778
0.72611
0.67764
0.70795
0.69343
0.72946
0.64269
0.70632
0.75336
0.73282
1.0069
0.70632
0.70958
0.69183
0.69502
0.69663
0.71779
0.76033
0.70958
0.92257
0.69183
0.70307
0.71614
0.70146
0.67453
1.4125
1.9907
0.72111
0.7709
1.2647
0.75683
0.76208
0.76384
0.77983
0.73961
0.72611
0.77983
0.8147
0.93756
0.77625
0.72444
0.73282
0.72778
0.78705
0.71285
0.78343
0.79068
0.91411
0.68391
0.83176
0.76033
1.0765
0.73282
0.69663
0.67143
0.72444
0.92897
0.70146
0.68077
0.72277
0.72946
0.72277
0.70469
0.70307
0.81283
0.75858
0.76913
0.76208
0.72277
0.76033
0.72778
0.77268
0.71779
0.71945
0.70795
0.86099
0.89536
0.70958
0.7145
0.77446
0.71779
0.77983
0.75858
0.70632
0.78705
0.77804
0.71614
0.72946
0.74302
0.71614
0.74473
0.70632
0.72611
0.73621
0.86099
0.7145
0.72778
0.71121
0.81658
0.75336
0.69183
0.71945
0.83176
0.84528
0.69024
0.67143
0.74989
0.69024
0.79983
0.68549
0.75858
0.73451
0.8531
0.83176
0.77804
0.8147
0.78163
0.77446
0.70307
0.7145
0.75683
0.78343
0.83946
0.69984
0.71945
0.69823
0.73961
0.68391
0.69984
0.68549
0.74817
1.0399
0.89331
0.74989
0.70146
0.71945
0.73621
0.68865
0.68549
0.6792
0.89125
0.72111
0.69024
0.71285
0.76208
0.70469
0.70795
0.73282
0.74302
0.86696
0.77983
0.75683
0.66834
0.71285
0.70307
0.72277
0.70632
0.72611
0.70958
0.84723
0.76384
0.71945
0.70469
0.77804
0.79433
0.7656
0.75162
0.98855
1
0.94624
0.68077
0.7379
0.68077
0.7145
0.77625
0.69823
0.97949
0.72778
0.73282
0.74131
0.72277
0.73621
0.70958
0.74989
0.67764
0.72778
0.74302
0.75683
0.79799
0.7145
0.76384
0.69502
0.79799
0.74302
0.72778
0.93111
0.74131
0.68707
0.73114
0.72444
0.73961
1.0765
0.69343
0.82224
0.99541
0.83946
0.9247
0.86696
0.80724
0.92683
0.99312
0.95499
0.90991
0.90157
0.8995
0.77446
0.73961
0.71121
0.73282
0.70795
0.71285
0.70958
0.69502
1.0889
0.71121
0.74131
2.799
0.99541
0.99083
0.94624
0.91622
1.1482
1.1272
1.0666
0.94624
1.0544
0.95499
1.2331
1.256
1.0233
0.88105
1.1995
0.92683
1.219
0.72444
0.75162
0.82794
0.7925
0.74131
0.80168
0.86298
0.8414
0.72277
0.82985
0.74473
0.86298
0.67143
0.69183
0.88105
0.6792
0.97051
0.7379
0.69343
0.74817
0.7656
0.80168
0.77983
0.71945
0.76033
0.88512
0.85114
0.69183
0.72778
0.7656
0.68234
0.78524
0.70795
0.76384
0.7709
0.74302
0.84333
0.68077
0.75509
0.7145
0.75509
0.72778
0.81096
0.7379
0.74473
0.7145
0.77446
0.75509
0.71945
0.75336
0.73114
0.75162
0.70632
0.88716
0.75336
0.70795
0.71945
0.72444
0.72946
0.73282
0.74989
0.72946
0.70795
0.74302
0.87096
1.1066
0.72778
0.72611
0.88308
0.75509
0.90573
0.73961
0.86099
0.72946
0.67608
0.74817
0.71614
0.7656
0.74302
0.70307
0.66988
0.81096
0.78524
0.82414
0.89125
0.78886
1.1246
0.88716
1.2647
0.85901
0.85704
1.219
1.1641
0.89331
0.78163
1.1169
0.79983
0.69502
1.1561
1.028
0.86696
0.877
0.69984
0.75858
0.71614
0.72111
0.70632
0.75162
0.80353
0.85901
0.86497
0.71945
0.79616
0.72946
0.71945
0.77804
0.74131
0.72611
0.71779
0.73282
0.82035
0.77268
0.79616
0.72111
0.7656
0.74473
0.82604
0.7709
0.81283
0.8356
0.73961
0.70307
0.71121
0.73451
0.75336
0.74473
0.69343
0.76384
0.90365
0.70795
0.67298
0.71945
0.73621
0.68077
0.77625
0.69343
0.66988
0.98175
1.2388
0.77625
1.0375
0.82224
0.75336
0.77268
0.75336
0.80168
1.0691
0.74131
0.73961
0.70307
0.70469
0.74131
0.72444
0.75336
0.74817
0.72111
0.7656
0.90991
0.86696
0.66222
0.79983
0.79433
0.72778
0.69823
0.76208
0.89125
0.72611
0.69502
0.72277
0.68549
0.8147
0.69502
0.68077
0.77983
0.82414
0.86896
0.71614
0.7379
0.69024
0.76384
0.74473
0.72946
0.73114
0.99541
0.74645
0.76208
0.80168
0.80724
0.8356
0.73961
0.73114
0.71285
0.84723
0.97949
0.69984
0.85114
0.74473
0.75858
0.78705
0.77625
0.72277
0.7709
0.82035
0.74645
0.75858
0.74131
0.75162
0.76033
0.77268
0.73114
0.83946
0.7656
0.75858
0.73282
0.72444
0.73451
0.7925
0.8531
0.89536
0.7379
0.90573
0.96828
0.74473
0.76208
0.82794
0.73621
0.74989
0.69183
0.76736
0.8147
0.71285
0.77446
0.70795
0.72611
0.70146
0.74645
0.77625
0.72444
0.75683
0.7709
0.89331
0.8147
0.74645
0.7145
0.74131
0.78705
0.73961
0.71779
0.94624
0.93756
0.73114
0.75162
0.72611
0.71779
0.76736
0.74645
0.82985
0.70958
1.0304
1.0965
0.80538
1.2972
1.2162
1.0351
0.90991
0.83368
0.81846
0.86696
0.89125
0.7656
0.69823
0.69024
0.68234
0.71614
0.68549
0.73961
0.7145
1.2853
2.0606
1.1641
1.1066
0.70795
0.66222
0.74645
0.74302
1.3397
0.90573
0.9247
0.8892
0.91411
0.94624
0.96383
1.1015
0.93541
1.0328
0.9528
1.6181
1.219
0.97724
0.99312
1.0864
0.89743
1.1272
0.90157
0.96161
1.1995
1.5101
1.3583
1.2823
1.6293
1.9634
1.0399
1.2274
0.92897
1.0093
1.0162
0.98401
1.0617
0.92257
1.0864
3.3729
8.7096
7.2946
9.506
7.656
9.247
6.8707
6.9823
9.2897
7.3282
7.1285
8.0353
7.8886
8.4333
9.6605
8.4333
6.2087
6.5766
9.0365
10.471
8.356
8.3753
11.749
8.3753
7.379
11.015
10.691
9.3972
9.1622
8.2985
1.7783
4.0551
1.4521
2.0749
1.762
1.0544
1.3428
4.4055
2.0324
0.7379
0.78524
0.92897
0.76033
0.72111
5.224
4.4463
1.1561
0.68391
0.76736
0.70469
0.85507
0.78163
0.85704
1.2359
1.3122
0.82224
1.0351
1.0186
0.92045
0.86696
0.97275
1.0593
0.90365
0.93972
1.1117
1.0116
1.1885
1.0351
1.1324
1.1066
0.99541
1.0304
1.0914
1.3335
1.1614
1.2794
0.88308
0.70958
0.91201
0.85901
0.78705
0.7709
0.7656
0.68391
0.73282
0.70146
0.77804
0.80724
0.86497
0.72444
0.7379
0.73282
0.75162
0.75336
0.71614
0.7709
0.97949
0.75162
0.69343
0.73114
0.70146
0.73621
0.72946
0.74302
0.71121
1.1561
0.7379
0.72611
0.72277
0.7145
0.70795
0.74302
0.82414
0.70307
0.81283
0.98175
0.71285
0.76736
0.75683
0.82224
0.77804
0.71945
1.256
1.0046
1.0666
0.8892
0.95499
1.2417
0.75336
0.71779
0.72611
0.79799
0.79616
0.77983
0.70469
0.75858
0.74817
0.70795
0.69502
0.7145
0.76913
0.72946
0.87096
0.8995
0.76208
0.73961
0.70146
0.72611
0.73621
0.69823
0.82224
1.39
0.75683
0.72611
0.65163
0.69823
0.69984
0.71779
0.70958
0.72111
0.72946
0.77625
0.71285
0.68707
0.7379
0.72611
0.73961
0.7656
0.77804
0.70958
0.78343
0.68077
0.6792
0.7145
0.70469
0.73621
0.68391
0.77983
0.75858
0.73961
0.79433
0.68865
0.8892
0.77625
0.71945
0.70469
0.74302
0.72611
0.91411
0.97499
0.74131
0.71121
0.69502
0.73282
0.70307
0.71779
0.72444
0.71945
0.74645
0.96161
0.72111
0.70307
0.73282
0.7145
0.7379
0.69984
0.68707
0.75162
0.93972
0.70795
0.73451
0.74473
0.71945
0.74989
0.75683
0.71614
0.71614
0.72611
0.73114
0.7145
0.70469
0.72277
0.71779
0.74645
0.71614
0.70795
1.0162
0.8892
0.68549
0.79983
0.71945
0.72444
0.73451
0.74473
0.83946
1.1995
0.70795
0.72111
0.70469
0.69024
0.69024
0.76736
0.71614
0.7709
0.71779
0.75162
0.74645
0.68077
0.69823
0.69183
0.72611
0.71945
0.77625
0.83753
1.3366
0.74989
0.66374
0.79616
0.70958
0.73282
0.67764
0.67143
0.87096
0.75162
0.75858
0.72611
0.74989
0.70146
0.73282
0.68707
0.69823
0.79068
0.74131
0.73114
0.70146
0.72778
0.72444
0.72277
0.76208
0.72611
0.73282
0.79799
0.76736
0.75858
0.78524
0.69823
0.70146
0.68234
0.70307
0.67608
0.70469
0.92045
0.79799
0.70307
0.73451
0.67143
0.70632
0.73961
0.70958
0.74302
0.73451
0.91201
0.74645
0.68391
0.76384
0.69343
0.68391
0.71121
0.72444
0.76208
0.95499
1.0814
0.84918
0.8356
0.79068
0.84723
0.80538
0.80353
0.82985
0.90157
0.79799
0.79433
0.87096
1.2303
0.94624
0.99541
0.98855
0.93111
0.93541
1.0233
0.9977
0.84528
0.99083
0.8356
0.98401
0.96605
0.82604
0.8414
0.69183
0.72946
0.73114
0.72277
0.80724
0.81096
0.75162
0.73282
0.73114
0.88105
0.81096
0.78886
0.70307
0.78163
0.73451
0.84333
0.80724
1.1803
0.83368
0.80538
0.71285
0.69984
0.75162
0.79433
0.71121
0.76384
0.76736
1.052
0.75509
0.73961
0.81846
0.76736
0.70795
0.83753
0.79616
0.77446
0.96828
0.93972
1.028
0.83176
0.79068
0.76033
0.83946
0.75858
0.83176
0.88512
0.73961
0.91411
0.75336
0.74473
0.71614
0.71285
0.80724
0.85114
1.2794
0.72111
0.70146
0.72778
0.71285
0.74817
0.70146
0.71614
0.77625
0.78524
0.69502
0.74817
0.7379
0.78886
0.75162
0.81283
0.76033
0.72444
0.81846
0.74817
0.72111
0.72946
0.67608
0.73282
0.73961
0.77625
0.69823
0.85704
0.79799
0.78343
0.78163
0.7709
0.73621
0.82604
0.70307
0.74989
1.183
0.73961
0.74817
0.75336
0.7656
0.78163
0.72611
0.67608
0.78163
0.79799
0.73621
1.1722
0.86298
0.75683
0.76736
0.73451
0.78705
0.74817
0.7656
0.8356
0.84528
0.76384
0.7709
0.72111
0.8091
0.72778
0.74817
0.78886
0.72111
1.0864
0.8147
0.80538
0.75162
0.73114
0.80538
0.7656
0.69663
0.7379
1.0351
0.79068
0.85704
0.72111
0.80353
0.79983
0.74131
0.75336
0.79799
0.7925
0.82794
0.75336
0.88105
0.77983
0.71121
0.76208
0.73621
0.83753
0.77268
0.82414
0.96828
0.77804
0.75858
0.77268
0.82604
0.72946
0.78705
0.76913
1.0162
0.79068
0.69823
0.76384
0.79983
0.80353
0.877
0.79068
0.79983
0.79616
0.90365
0.75509
0.69823
0.70469
0.7656
0.84918
0.85704
0.72444
0.75336
0.92683
0.75509
0.71285
0.69823
0.76913
0.73282
0.7656
0.71614
0.74817
0.76736
0.79068
1.094
0.78163
1.0423
0.85507
0.98401
0.75336
0.7656
0.79616
0.9594
0.71285
0.7656
0.74817
0.78524
0.72946
0.68234
0.73282
0.7379
0.83368
0.71945
0.77446
0.67608
0.79433
0.71779
0.80538
0.70469
0.76384
0.93972
1.3804
0.76736
0.70146
0.70307
0.74131
0.7379
0.73114
0.72111
0.74817
0.89743
1.0093
0.7709
0.72946
0.71121
0.76033
0.71121
0.73451
0.70146
1.0351
0.96161
2.0845
1.099
0.81096
0.83753
0.89536
0.9247
0.90573
2.3878
2.6792
0.76736
0.73282
0.71285
0.73114
0.75336
0.70795
0.69183
0.72778
1.1015
0.71945
0.73621
0.6792
0.72444
0.74302
0.6792
0.70632
0.78524
0.74645
0.66988
0.69343
0.68865
0.69343
0.69663
0.68234
0.70958
0.69024
0.92683
0.70632
0.68077
0.73961
0.69024
0.69663
0.69343
0.74473
0.69183
0.8995
0.69823
0.7145
0.74302
0.74645
0.66222
0.72277
0.73282
0.68707
0.79068
0.96383
0.74473
0.73621
0.73114
0.74131
0.74817
0.76913
0.69024
1.0447
0.81846
0.70632
0.70307
0.71285
0.72111
0.66681
0.72277
0.8147
0.67608
0.94406
0.73282
0.75509
0.74131
0.73451
0.75509
0.69663
0.71779
0.96828
0.76033
0.73282
0.69984
0.68549
0.82794
0.7709
0.70795
0.76913
0.76913
0.93325
0.76033
0.69663
0.72444
0.76208
0.77983
0.65163
0.72778
0.74817
0.94189
0.66069
0.68707
0.69823
0.70307
0.76384
0.71121
0.71285
0.69024
0.68077
0.91833
0.80724
0.69823
0.74302
0.67453
0.68865
0.76384
0.71614
0.73621
0.72611
0.78343
0.69343
0.68549
0.70307
0.71945
0.69823
0.71614
0.67298
0.67608
0.84723
0.70795
0.75509
0.69024
0.70958
0.70958
0.8531
0.66834
0.76208
0.8892
0.79068
0.72277
0.81096
0.73961
0.77625
0.89743
0.71945
0.8414
0.98855
0.94624
0.68707
0.71779
0.7709
0.71779
0.75509
0.79616
0.71121
0.7925
1.0093
0.73621
0.68865
0.74473
0.70795
0.80724
0.70146
0.69984
0.70795
0.76033
0.84723
0.7656
0.71285
0.75683
0.7709
0.70632
0.70795
0.72444
0.68391
0.82985
0.71779
0.74645
0.71945
0.70958
0.69343
0.74817
0.69984
0.68391
0.82794
0.79433
0.76913
0.71945
0.6792
0.72778
0.68549
0.87297
0.66069
0.77446
1.074
0.73282
0.67143
0.7145
0.69663
0.80724
0.74302
0.70307
0.67764
1.0046
0.77268
0.70146
0.67764
0.66527
0.75336
0.72277
0.7379
0.72444
0.877
0.73282
0.73114
0.73961
0.70958
0.66681
0.67143
0.68707
0.71121
0.68234
0.84333
0.71121
0.69823
0.73961
0.75683
0.71121
0.68549
0.68391
0.70795
0.9594
1.9364
1.3092
1.6482
1.4388
1.9999
1.1194
0.71285
0.7145
0.87498
0.69984
0.69984
0.71121
0.8414
0.69502
0.70307
0.73621
0.75336
1.0233
0.68077
0.69183
0.69024
0.68865
0.69183
0.71614
0.74817
0.71121
1.0471
0.72946
0.69502
0.74645
0.69823
0.69183
0.69343
0.70469
0.66988
1.1092
0.69663
0.68549
0.68865
0.72611
0.76033
0.70958
0.69024
0.75336
0.69823
0.92897
0.70469
0.73621
0.67608
0.69502
0.69024
0.73282
0.69984
0.7709
0.71945
0.67608
0.72277
0.76208
0.71121
0.73282
0.77804
0.69502
0.78524
0.97499
0.7145
0.66988
0.76736
0.70958
0.79433
0.74645
0.71121
0.9247
0.70958
0.73451
0.74473
0.70469
0.69183
0.72277
0.75336
0.70958
0.71614
0.92257
0.75162
0.74473
0.68391
0.78163
0.75162
0.71121
0.74817
0.79616
1.1776
0.72778
0.69823
0.71121
0.74645
0.72277
0.73961
0.69183
0.71614
0.70146
0.9977
0.70795
0.7379
0.8356
0.66834
0.71614
0.72946
0.7145
0.77446
0.73114
0.69183
0.72444
0.74131
0.7379
0.68391
0.71285
0.72277
0.7709
1.0046
0.6792
0.71945
0.73451
0.67764
0.69183
0.69502
0.68077
0.72611
1.1508
0.69984
0.75858
0.71614
0.73621
0.69183
0.70146
0.69984
0.69183
0.69183
1.2388
0.77804
0.68707
0.68549
0.68234
0.66681
0.68549
0.72444
1.1169
0.69502
0.7145
0.70632
0.71945
0.72277
0.68707
0.79983
0.77983
1.028
0.8147
0.81283
0.79799
0.74989
0.73961
0.76384
0.74645
0.81096
1.1749
0.84333
0.72111
0.80168
0.84918
1.0691
0.70469
0.7145
0.7925
1.1885
0.88105
0.69502
0.69343
0.75336
0.7656
0.87297
0.92045
0.90782
0.79983
0.84333
0.93972
0.91622
1.0641
1.0093
0.89331
1.1324
0.98855
1.2823
1.1143
0.80724
0.70632
0.73961
1.2853
0.71945
0.81283
0.69502
1.3709
6.7143
9.4406
7.9799
7.3621
8.2794
5.0933
0.66222
0.95499
0.87096
0.93756
0.66681
0.69183
1.6866
0.71614
0.93972
0.71779
0.66988
0.78705
5.1642
0.91411
7.8343
6.5615
6.0117
8.8512
8.147
8.1846
6.7764
1.9634
1.1455
0.98175
1.5066
4.8641
2.1777
1.028
2.0749
0.74302
0.92257
0.86896
4.0087
5.0699
10.471
11.641
9.9312
6.5163
9.9312
9.2683
6.6834
8.7096
8.5114
10.666
6.6222
7.4473
7.0958
6.6988
10.889
6.1094
6.5313
6.5013
10.069
12.359
9.506
9.9083
10.789
3.2584
2.0845
6.4269
10.375
12.05
11.995
6.6681
10.568
11.94
8.7498
8.77
7.8705
7.3282
6.792
6.5163
11.614
9.7499
10.209
8.2035
7.4473
10.423
2.8774
2.2233
1.9011
1.3305
2.7353
0.84918
0.67764
1.0544
1.3032
1.3583
4.6452
7.5162
9.0991
10.99
8.356
5.1286
12.589
10.351
13.122
5.9841
7.9616
6.2373
7.7625
6.2806
7.3114
8.1096
9.9312
8.091
6.0814
5.4702
6.0814
9.4189
11.535
10.74
9.528
9.0157
12.677
8.9743
8.9125
8.7096
9.6161
10.914
9.3325
9.7499
10.162
12.359
11.858
10
9.5499
10.304
1.406
2.3823
3.5645
7.1945
10.069
10.74
7.5336
9.594
10.023
6.5917
10.839
12.19
6.4417
10
8.2794
8.6696
10.186
10.94
10.889
5.9293
1.1641
1.7338
1.652
4.8195
6.3387
7.4473
3.2509
5.035
5.7943
11.668
9.8175
6.0954
7.656
10.765
6.7298
5.0466
10.233
9.9083
7.7446
14.421
8.7902
8.0168
8.6099
8.4723
6.3387
10.568
13.709
11.722
11.695
13.002
10.715
12.735
9.0991
9.5499
10.375
12.882
1.8239
3.1842
2.1429
0.84723
10
11.912
9.3111
8.892
10.789
7.0795
13.122
10.593
7.145
8.2414
10.257
7.8163
10.617
15.346
7.4989
11.482
8.5704
8.6099
9.3972
6.8865
10.399
10.447
10.471
11.143
8.6099
8.4333
8.5114
7.6033
8.9536
9.1833
11.995
10.94
3.7154
1.3868
1.8793
2.2856
4.5082
10.351
8.892
9.9312
7.3621
10.839
1.5959
1.3677
0.68707
1.0593
3.0269
0.71614
0.89331
1.1402
9.2683
14.488
9.1833
7.656
6.9024
8.5507
9.4842
7.4302
11.376
10.423
12.274
8.9536
10.765
9.247
7.2277
7.379
10.023
9.506
7.6033
9.594
13.772
1.2677
0.7656
0.69984
0.73282
0.91201
2.958
12.445
9.2257
9.7724
9.506
10.495
7.9616
6.5163
7.5858
9.2897
9.1622
9.8401
6.5917
6.6222
12.19
12.853
7.709
11.695
9.1411
10.593
7.7268
8.6298
10.495
9.4624
8.7297
12.359
10
13.996
12.359
11.535
7.145
7.8705
7.3961
7.5858
6.9823
8.0538
9.4189
11.22
10.641
10.375
5.6754
12.359
12.912
15.596
12.706
10.544
9.7051
9.977
11.324
13.49
10.814
10.28
11.092
11.83
8.9743
12.56
8.356
12.417
8.7902
9.3972
8.7297
12.218
11.455
10.023
11.885
1.2106
2.3121
0.83176
1.3459
10.375
7.3621
9.0573
6.368
6.9343
9.0991
7.925
6.2373
0.72444
1.2134
1.1858
1.4421
0.8147
0.75683
0.69024
1.5488
1.7865
8.9536
12.134
7.4817
6.2517
8.8308
7.7983
6.9183
9.2897
8.9536
10.765
9.4406
10.914
6.1094
7.6913
11.749
6.9024
11.776
11.561
11.22
14.191
11.092
7.1285
8.5114
10.99
12.078
9.7275
8.7902
9.8175
6.6834
4.8084
7.1614
9.2045
28.51
26.853
12.078
12.078
11.749
11.246
15.631
13.772
9.2257
12.823
14.093
12.912
11.561
16.558
12.445
13.459
11.35
13.709
14.521
13.996
15.959
14.125
14.028
15.066
13.243
1.1535
1.8967
1.9498
1.9011
0.78886
0.76736
0.75162
0.7656
0.75858
1.4158
1.0691
1.5241
0.85114
11.169
13.305
13.183
14.555
11.83
14.223
13.868
12.56
16.558
13.152
16.596
14.388
10.99
16.106
15.668
9.506
11.858
10.023
11.995
14.355
15.171
10.186
10.715
12.134
11.535
9.2897
