10.093
13.428
14.723
12.882
13.062
14.028
13.428
1.4928
0.90991
1.4723
11.482
16.672
15.417
16.032
14.421
1.9143
3.6559
2.2699
1.5031
0.86696
1.0351
5.0582
0.81658
6.2806
10.568
13.709
13.152
13.552
12.388
10.304
14.859
13.122
8.5704
1.1912
0.88308
8.6896
1.2882
1.766
3.3729
3.2359
11.83
14.158
13.709
12.794
12.823
10.99
13.804
15.812
1.2735
0.7709
1.9011
1.9275
0.98175
1.1194
1.3122
8.8105
10.495
14.622
13.646
12.531
0.86298
0.8995
0.78886
0.93756
0.80724
4.5814
3.5075
2.4322
13.274
12.56
13.397
15.066
13.152
12.764
11.402
13.772
11.429
8.9536
3.0974
12.246
13.614
14.093
13.49
10.641
12.647
1.0593
0.74817
0.91833
1.052
0.88308
0.77268
0.87297
0.86696
3.5318
2.2751
12.56
15.776
11.092
13.552
12.388
13.062
11.885
11.143
15.849
13.274
13.459
12.162
15.704
12.078
11.508
10.94
11.995
10.069
1.7022
2.4322
1.2388
10.139
11.015
9.3541
13.274
12.677
0.89331
1.0093
0.9594
0.88512
1.6749
3.4435
2.6182
1.8793
0.97051
1.1885
1.0914
1.1588
1.0093
1.2162
1.1885
1.1015
1.2706
1.2078
1.4825
1.5066
1.1588
7.8705
12.764
12.274
16.181
13.583
11.535
8.8308
0.83753
7.925
6.6834
11.194
12.134
15.417
14.06
10.789
10.423
15.488
11.94
13.032
1.135
0.86497
2.0324
0.82604
0.78886
0.97949
1.7258
13.74
12.647
13.032
12.735
9.4842
10.765
11.015
11.376
12.134
11.092
8.3753
16.943
11.143
13.397
11.614
1.9907
0.70469
1.256
3.8371
9.5499
11.246
11.272
11.535
11.94
11.722
12.972
11.117
8.5704
1.3002
1.3062
0.82794
1.0139
1.2331
12.445
13.335
11.641
11.429
11.858
10.495
12.618
0.93972
0.76736
0.71614
1.0814
0.82035
9.1201
11.858
11.22
11.641
10.328
10.023
9.9083
10.593
1.1508
1.2388
1.0209
1.1614
1.2853
1.1015
1.3366
1.2942
9.8401
11.22
10.74
11.092
11.015
1.1912
0.78343
0.78886
0.79433
0.83368
0.77625
1.3274
0.78343
10.99
12.023
16.144
11.35
13.964
13.552
13.305
11.169
26.242
11.092
0.88512
1.1508
4.6666
0.69823
0.74645
0.74302
0.74817
0.82414
0.73621
0.90782
1.094
1.4289
2.4889
5.7943
12.359
10.99
5.3333
7.0632
3.4198
1.2647
2.4266
10.116
14.322
11.041
0.82224
1.4723
0.76384
5.445
12.531
11.803
12.359
10.209
9.1411
11.668
11.169
13.49
14.555
12.677
10.617
13.932
13.032
9.8401
1.9187
1.0423
2.4266
1.3964
1.256
1.028
1.1169
5.6234
7.8886
10.423
8.8105
1.028
8.7096
10.139
11.482
13.552
4.6559
0.67143
0.7709
0.93325
0.97275
0.75162
1.1246
1.6181
1.1298
1.1803
3.1046
1.135
0.93111
1.3305
0.84528
0.7656
0.78886
0.81846
1.2503
1.1535
0.76208
0.71779
2.3388
0.74302
0.7145
4.1976
12.19
10.593
13.646
12.246
10.209
11.246
12.023
15.276
18.621
13.932
12.303
9.9541
10.691
0.75336
12.853
3.6898
1.1092
1.39
7.8705
13.335
13.335
24.946
11.066
10.399
10.74
11.995
10.568
16.634
13.305
10.162
10.139
9.7949
10.864
7.6736
10.568
8.2794
10.544
11.117
10.186
10.257
9.977
4.4668
29.512
9.0573
10.257
14.06
11.298
12.677
11.614
11.695
8.9125
8.77
1.183
0.83753
0.77268
0.77804
1.6331
8.4528
1.0447
0.99083
1.0666
1.1614
1.052
1.1092
1.2531
1.2794
1.4488
1.39
1.0139
1.3583
1.099
1.4289
1.1695
1.2503
1.374
1.3868
1.574
1.2882
1.5922
1.2618
11.588
1.3122
2.1827
0.8147
0.80168
0.91411
0.82224
2.2909
2.3605
1.0617
0.70958
1.2078
3.062
0.95719
1.39
0.74473
0.87297
0.71779
1.1015
0.86497
0.84528
0.77268
0.83946
0.7709
1.2677
0.70469
0.78705
0.80353
0.88308
0.79616
0.72444
0.94624
1.7179
0.98401
1.0351
0.77804
25.119
0.96828
0.67608
1.1429
1
0.71779
0.90573
0.73451
0.69024
0.68391
0.72444
0.66834
0.74989
0.72111
0.75336
0.77446
0.77804
0.81096
0.92257
0.76913
0.8531
1.3996
0.72778
0.72946
0.73451
1.1041
0.70469
0.7379
0.68549
1.0375
0.73451
0.77983
0.77268
0.69183
0.71121
0.76033
0.66834
0.81096
0.73451
0.79983
0.89743
0.68391
0.71285
0.76384
0.76913
0.89125
0.9977
0.79799
0.877
0.8356
0.84723
0.97051
0.72277
0.91411
0.85901
0.8995
1.6406
0.89331
2.3823
0.82035
1.0093
0.94842
0.71945
1.052
1.1455
0.78163
0.67298
0.7656
0.8995
0.75683
0.70307
0.7925
0.81096
0.8414
0.74473
0.70795
0.74131
20.893
29.648
0.69024
0.92045
0.86298
0.7656
0.72946
0.72444
0.68077
0.75162
0.88512
0.80724
0.70469
0.74131
0.72611
0.67764
0.69024
0.70795
0.68234
0.82035
0.74473
0.66834
0.69502
0.70632
0.72778
0.69823
0.74302
0.71779
0.67764
0.97275
1.1402
0.82035
1.3552
0.85901
1.1695
0.85114
0.97051
0.98175
0.8356
18.664
1.099
0.78343
0.69183
0.73451
0.67453
0.75162
0.71614
0.73621
21.979
0.71945
0.76913
0.73282
0.68707
0.71285
0.74817
0.70307
0.70146
0.75162
0.75858
0.72277
0.68707
0.68391
0.66681
0.69823
0.7145
0.82414
0.79616
0.74131
0.68391
0.78163
0.74473
0.70146
0.71285
0.7925
0.70795
0.76913
1.3243
0.77625
0.71614
0.7145
0.7709
0.78163
0.72444
0.76736
0.77983
0.79068
0.76384
0.67608
0.70958
0.70146
0.92683
0.66681
0.69984
0.91201
1.2417
0.75336
0.72277
0.72778
0.69823
0.75336
0.70958
0.74989
1.0186
1.1015
0.68707
0.72444
0.70958
0.8356
0.73114
0.70469
0.74645
0.71285
0.74131
0.97275
0.73621
0.7925
0.75336
1.5241
0.74817
0.67453
0.71945
1.0423
1.1455
0.70469
0.69024
0.71121
0.69984
0.71614
0.81283
0.70958
0.73451
0.72111
0.86099
0.70795
0.73114
0.73621
0.65615
0.69183
0.7379
0.72111
0.72277
0.93972
0.68391
0.70632
0.67453
0.73961
0.68707
0.71945
0.70307
0.70958
0.99083
0.84528
0.6792
0.8147
0.77268
0.77446
0.74131
0.74989
0.82985
1.0139
0.7925
0.74817
1.0351
0.74817
0.68549
0.70632
0.77983
0.78343
1.0641
1.0399
0.70469
0.72946
0.72778
0.75336
0.72277
0.70146
0.68077
7.5683
0.71779
0.67608
0.78705
0.71945
0.68865
0.8091
0.64714
0.72111
0.68391
0.85704
0.79983
0.80353
0.70469
0.75162
0.75683
1.1967
0.98628
1.0641
1.0965
1.1614
1.135
1.2388
1.1722
0.89743
0.89743
1.5066
1.0814
0.73621
0.72277
0.79068
0.77804
0.69663
0.6792
0.71614
0.72946
0.71779
0.6792
0.75858
0.75509
0.8995
0.75683
0.69183
0.68549
0.68391
0.70469
0.74302
0.77446
0.69343
0.84723
0.75683
0.71945
0.75858
0.79616
0.72444
0.80724
0.69343
0.78343
0.94624
1.2023
0.81283
0.80538
0.72111
0.73621
0.71614
0.84723
0.78343
0.68865
22.594
0.83176
0.70795
0.83753
0.90365
0.75683
0.91411
0.78163
0.75162
0.96161
0.71121
0.69984
0.69502
0.77446
0.75336
0.72778
0.71614
0.73621
0.86099
0.72611
0.68549
0.73282
0.66374
0.72111
0.66988
0.73961
0.77625
0.78524
0.82985
0.67453
0.73451
0.73114
0.72277
0.73961
0.71121
0.74817
0.9247
0.98401
0.72611
0.74473
0.73451
0.68234
0.76736
0.6792
0.75336
0.7379
0.77625
0.92257
0.72778
0.7145
0.70307
0.72111
0.69343
0.69343
0.70146
0.88308
0.7709
0.66834
0.71121
0.69823
0.72778
0.72444
0.7145
0.70307
0.70469
7.0146
0.74302
0.67143
0.69502
0.69183
0.67608
0.68077
0.71121
0.76736
0.66069
20.324
0.70307
0.69823
0.74302
0.67143
0.70146
0.71779
0.66834
0.66834
0.67143
0.88512
1.0375
0.71614
0.74131
0.77804
0.83946
1.1995
1.9055
0.72111
0.85507
0.8995
0.72946
0.99541
1.1482
0.91833
1.0914
0.71285
0.70307
0.7379
0.7656
0.82794
0.75858
0.77268
0.69183
0.7379
0.82414
0.73114
0.75162
0.8356
0.68391
0.70146
0.70958
0.80353
0.76208
0.73114
0.66988
0.73451
0.82794
0.74473
0.70307
0.68549
0.67453
0.82985
0.72611
0.66374
0.66834
0.97949
0.80724
0.70958
0.73451
0.70795
0.9506
0.79068
0.67453
0.72946
0.72611
1.0046
0.87297
0.74131
0.65615
0.74131
0.71121
0.77446
0.69183
0.69343
0.86099
0.78343
0.68865
0.75683
0.71779
0.71285
0.74302
0.7925
0.72611
0.73451
0.8356
0.96383
0.7656
0.68234
0.70469
0.80168
0.77983
0.7379
0.78886
0.82224
0.78163
0.71121
0.72611
0.71614
0.76736
0.74645
0.71285
0.68391
0.66988
0.76033
0.85507
0.72111
0.70795
0.7145
0.78705
0.72444
0.72946
0.7656
0.93325
0.78343
0.70632
0.69502
0.74131
0.71779
0.68391
0.69024
0.76208
0.69502
0.72611
0.87096
0.72444
0.70958
0.67453
0.87297
0.70958
0.77625
1.0471
1.0046
0.75683
0.75336
0.68234
0.71121
0.74302
0.72778
0.70958
0.74302
0.71945
1.0471
0.77804
0.76384
0.72111
1.2764
0.70469
0.75336
0.72277
0.73451
1.8967
1.6672
1.556
1.5488
0.71614
0.75683
0.68549
0.69823
0.71779
0.67143
1.1995
0.89743
0.72277
0.82035
0.70795
0.68865
0.69984
0.76736
0.65615
1.0814
0.71121
0.72444
0.66527
0.74645
0.69183
0.73451
0.70632
0.67143
0.70307
0.72277
0.74302
0.72611
0.69343
0.70795
0.72111
0.73282
0.71779
0.68707
0.88512
0.69183
0.70958
0.73621
0.68865
0.71614
0.75858
0.69663
0.75683
0.69343
0.77446
0.75858
0.68707
0.74473
0.72778
0.70146
0.69823
0.71121
0.71285
0.74817
26.607
0.70795
0.70469
0.74817
0.69663
0.7145
0.70146
0.73451
0.78886
0.89125
0.73961
0.76736
0.69502
0.69024
0.69183
0.72277
0.71779
0.73961
0.78163
0.82794
0.7925
0.72444
0.70632
0.7709
0.68391
0.74989
0.71779
0.67143
0.85901
0.84528
0.72611
0.69024
0.7656
0.66527
0.69183
0.85507
0.68707
0.9506
0.65615
0.73961
0.71285
0.69984
0.66681
0.72111
0.67453
0.66374
0.77625
0.9528
0.67143
0.77625
0.67298
0.73114
0.72111
0.76208
0.76033
0.9528
0.86497
0.70958
0.72444
0.7145
0.69663
0.69502
0.70958
0.73961
0.73282
0.94406
0.84723
0.67453
0.72611
0.71285
0.73114
0.66374
0.70795
0.70307
1.0351
0.70469
0.74302
0.70632
0.7656
0.71779
0.66988
0.67764
0.7145
0.7145
0.70469
0.75336
0.68549
0.75858
0.84723
0.71614
0.71945
0.70307
0.82414
0.73451
0.70795
0.70307
0.72778
0.74817
0.7656
0.74302
0.69502
0.72277
0.81846
0.72946
0.70469
0.77625
0.72946
0.72611
0.69183
0.81658
0.84723
0.74817
0.76384
0.73621
0.69663
0.82035
0.78886
0.87297
0.67764
0.77625
0.7925
0.87902
0.7379
36.475
0.72111
0.79799
0.75162
0.79068
0.71614
0.71779
0.72946
0.86896
0.76736
0.7379
0.74131
0.86298
0.74473
0.96383
0.7379
0.66069
0.88716
0.97724
0.90782
1.0568
1.4028
2.3227
0.90365
0.97949
0.82985
1.122
1.1402
0.72611
0.74645
0.79433
0.73114
0.72611
0.70307
0.75858
1.1508
0.84333
0.74473
0.70146
0.72778
0.69823
0.83753
0.67143
0.76208
0.8356
0.72444
0.72277
0.74817
0.66681
0.72946
0.78163
0.7709
1.6293
0.82794
1.0691
0.7656
0.75336
1.1614
0.78705
0.7379
0.71779
0.73961
0.72778
0.93325
0.77983
0.73114
0.75683
0.77804
0.74131
0.76208
0.77446
0.77983
0.88512
0.82604
0.78886
0.7656
0.7656
0.71121
0.74645
0.82985
0.7145
0.73961
0.86099
0.77625
0.76384
0.77446
0.75858
0.77268
0.73961
0.77268
0.82035
0.91201
0.7925
0.74131
0.74473
0.77804
0.87297
0.75858
0.77446
0.75336
0.79983
1.0186
0.86896
0.8414
1
0.78343
0.82035
1.0046
0.83176
1.0351
1.1561
0.71614
0.78886
0.74302
0.78163
0.72111
0.77268
0.72778
0.79983
0.92683
0.7656
0.75509
0.77268
0.72778
0.72778
0.76913
0.71945
0.68234
1.1482
0.877
0.87498
0.76736
0.80353
0.73282
0.72444
0.70958
0.69984
0.84723
0.8531
0.8356
0.76033
0.76033
0.78163
0.72111
0.84723
0.74989
0.68549
0.83753
0.82224
0.72611
0.75336
0.70958
0.71945
0.71945
0.76384
0.77625
0.73961
0.86298
0.84528
0.7656
0.8147
0.72778
0.74989
0.72778
0.72778
0.67453
0.94189
0.83176
0.7145
0.78705
0.71285
0.76033
0.79799
0.74989
0.73451
0.74989
0.92683
0.84528
0.74131
0.71945
0.74645
0.72611
0.75683
0.76913
0.73621
0.72946
25.003
0.74645
0.73114
0.99312
1.0593
1.0328
1.1194
0.92257
1.1376
1.2106
1.122
1.0328
1.0965
1.0765
1.0641
1.0375
1.1429
1.7579
3.2734
1.8197
0.86298
0.71285
0.72946
0.76208
0.86497
0.75336
0.73114
0.77983
0.98855
1.2162
1.0304
0.78343
0.7145
0.77804
0.74817
0.70795
0.68391
0.78705
0.8356
0.80168
0.82604
0.76736
0.85901
0.81846
0.86497
1.2445
0.77983
0.86099
0.92897
0.79799
0.73451
0.83368
0.70958
0.70307
0.7709
0.75509
0.74473
0.75336
0.81658
0.68234
0.69663
0.7145
0.73451
0.71285
0.71779
0.70958
0.89536
0.80538
0.83753
0.72277
0.74817
0.72111
0.70632
0.71779
1.0116
0.95719
1.5171
0.73114
0.73451
0.74473
0.88716
0.72611
0.7379
0.75858
0.72111
0.86896
0.84723
0.74473
0.77446
0.79433
0.7709
0.75336
0.82414
0.69502
0.87297
0.96828
0.85507
0.70469
0.72111
0.81846
0.93111
0.71779
0.68549
1.1041
1.2331
0.76913
0.72277
0.72111
0.73114
0.71779
0.72111
0.73114
19.275
0.9977
0.76913
0.73114
0.69663
0.72611
0.72946
0.72611
0.76736
0.87096
0.77625
0.73451
0.68391
0.75683
0.76033
0.72778
0.74131
0.74989
0.92683
0.96383
0.78163
0.73282
0.71121
0.94842
0.66988
0.75509
0.97499
0.877
0.74473
0.67764
0.80353
0.91622
0.77625
0.69823
0.73621
0.69823
0.74302
0.87096
0.77625
0.84528
0.68234
0.73961
0.78163
0.73621
0.77446
0.81096
4.5499
0.67764
0.74645
0.74473
0.70632
0.7925
0.6792
0.76033
0.82414
0.71779
2.1827
0.74302
0.75683
0.71121
0.73961
0.77268
0.70958
0.70307
0.72946
0.96828
0.75683
0.76033
0.72778
0.73282
0.80353
0.80538
0.72611
0.69183
0.77983
0.87902
0.84723
0.71614
0.68707
0.69343
0.73282
0.68549
0.67298
0.76384
0.73114
0.75162
0.70146
0.74645
0.70469
0.75858
0.68234
0.70307
0.7145
0.72611
0.72111
0.76384
0.76384
0.73621
0.76384
0.79433
0.90991
0.96828
0.81846
0.8892
0.71779
0.8531
0.76913
0.75509
0.73451
0.76384
0.67608
0.72778
0.71614
0.75509
0.7925
0.70632
1.183
1.1885
1.4289
1.3964
2.0989
0.72277
1.9055
0.7379
0.76736
0.69502
0.70632
0.7145
0.72277
0.75683
0.67298
1.0666
1.0139
0.75683
0.75683
0.71121
0.7656
0.7656
0.77983
0.75336
1.0447
0.72778
0.70958
0.74989
0.72946
0.70795
0.97724
1.0351
1.3397
1.122
1.1885
0.8356
1.4962
0.70632
0.7145
0.7656
0.74989
0.68865
0.72444
0.80168
0.76208
0.69502
0.75162
0.76736
0.75858
0.79616
0.77983
0.75683
0.75683
0.9977
0.9247
1.1588
0.69984
0.79983
0.7925
0.78705
0.97724
0.98855
0.77268
0.78705
0.72444
0.69502
0.70795
0.72444
0.72778
0.67298
0.75162
0.69823
0.70469
0.8091
0.72611
0.72444
0.74302
0.68549
0.69984
0.77804
0.79983
0.9594
0.80168
0.78524
0.73621
0.77983
0.91411
1.2912
1.1402
0.93972
1
1.1169
1.0116
0.8995
1.0093
1.0186
0.76033
1.4723
0.73282
2.1086
1.1324
0.84528
1.9055
0.72946
0.71945
0.74817
0.7379
0.73621
0.7379
0.72778
0.78343
0.70958
0.78163
0.74473
0.7709
0.7145
0.73451
0.71614
1.0617
0.87498
0.70469
0.74131
0.68707
0.70795
0.70958
0.71945
0.76208
0.9506
0.77446
0.70795
0.7145
0.67143
0.74131
0.73961
0.70469
0.70307
0.72778
0.99312
0.90782
0.74131
0.69663
0.68234
0.75336
0.68865
0.70469
0.68865
27.797
0.69502
0.69663
0.7145
0.70307
0.71945
0.69343
0.66069
0.68391
0.8414
0.72111
0.73621
0.68707
0.72611
0.68234
0.69183
0.73114
0.67453
1.0666
0.71945
0.70307
0.74302
0.67143
0.68549
0.72778
0.70469
0.75509
0.87498
0.71614
0.67764
0.78163
0.68707
0.69343
0.72277
0.6792
0.68391
0.8356
0.72946
0.70307
0.69663
0.70632
0.72444
0.80538
0.72946
0.72611
0.82414
0.92045
0.8091
0.89125
0.7656
0.77625
0.7656
0.72111
0.77983
0.95499
0.76033
0.68234
0.79433
0.72444
0.73282
0.80353
0.69502
0.74473
0.74817
0.82604
0.97949
0.72778
0.70958
0.72946
0.73114
0.85704
1.2445
0.76736
0.75162
7.8705
0.84918
1.3366
1.5849
0.91411
0.76736
0.85901
1.349
0.72946
0.74817
1.2735
0.70958
0.65313
0.69984
0.69183
0.74131
0.71945
0.71945
0.72778
0.97724
0.6792
0.71121
0.74473
0.74989
0.72111
0.7379
0.74645
0.72111
0.75683
0.79068
0.74645
0.73961
0.7379
0.72277
0.76208
0.76208
0.74817
0.74817
0.86696
0.70632
0.71945
0.74131
0.70958
0.69984
0.76033
0.70469
3.069
0.67298
0.6792
0.7709
0.82035
0.82604
0.70795
0.7656
0.80724
1.0375
1.2589
1.4825
0.75162
0.83753
0.78163
1.1066
1.1482
1.1885
31.842
1.0965
0.80353
0.74817
0.77983
0.75509
0.73961
0.68707
0.76736
0.7379
0.79983
0.73621
0.71121
0.78524
0.72778
0.7379
0.71285
0.82985
0.76384
0.71614
1.1803
0.74645
0.82035
0.7145
0.75509
0.72277
0.7709
0.79068
0.7656
2.2233
0.7709
0.68549
0.76208
0.70146
0.75509
0.73961
1.0399
0.76736
0.76208
0.85901
0.82604
0.76033
0.73621
0.77446
0.72778
0.77446
0.69183
0.84723
0.80724
0.74131
0.7656
0.77268
0.72111
0.75858
0.72111
0.68865
0.74302
0.87297
0.82794
0.65917
0.7656
0.74817
0.71614
0.73621
0.77625
0.76736
0.76208
0.92045
0.74817
0.74302
0.74473
0.71779
0.91201
0.70307
0.72778
0.81846
0.877
0.76033
0.73451
0.78343
0.70795
0.84528
0.88308
0.72778
0.66527
0.83946
0.7656
0.72611
0.76033
0.75858
0.75336
0.72277
0.70958
0.8091
0.82224
0.99541
0.75336
0.74473
0.75162
0.72778
0.71121
0.75509
0.7656
0.72277
0.97275
0.75858
0.75336
0.76033
0.79433
0.73621
0.76736
0.77804
1.1117
0.79433
0.78163
0.68234
0.7925
0.71779
0.80724
0.81658
0.97724
0.91622
0.877
0.86099
0.84333
0.69502
0.70958
0.67764
0.70795
0.72778
0.75162
30.761
0.93756
0.75336
1.3335
0.8995
1.6672
2.1577
2.4044
0.73282
0.86298
0.73961
0.71121
0.75509
0.73282
0.80168
0.72778
0.7925
0.76384
1.6827
1.0593
1.0471
0.96383
1.0375
0.79983
1.4825
1.3996
1.1912
0.69984
1.1614
0.68865
0.68077
0.67143
0.73961
0.70795
0.75858
0.66527
0.72611
26.915
0.67453
0.7145
0.71614
0.68077
0.69183
0.69343
0.68707
0.72277
0.78163
0.72111
0.68707
0.69984
0.67453
0.68077
0.67764
0.65464
0.69502
0.70632
0.78524
0.75858
0.70632
0.68234
0.68707
0.66222
0.70469
0.72611
0.68865
0.89743
1.4723
0.70632
0.8091
0.76913
0.76384
0.877
0.75162
0.86298
0.77983
1.2794
0.72611
0.72946
0.69984
0.68234
0.73451
0.78886
0.71121
0.75162
0.78705
0.8091
1.0304
0.73282
0.72778
0.66222
0.71285
0.69024
0.66681
0.9506
0.67764
0.71614
0.74645
0.69024
0.63096
0.66681
0.68391
0.72946
0.86696
0.77804
0.70958
0.77983
0.73114
0.71779
0.73451
0.79983
0.71121
0.74473
0.86896
1.1885
1.3804
0.75509
0.70146
0.74131
0.70958
0.68077
0.71285
1.9055
1.0839
0.68707
0.70958
0.70632
0.69343
0.72778
0.70469
0.71945
26.669
0.75858
0.75162
0.70632
0.75858
0.70307
0.68707
0.74302
0.73282
0.87297
0.74645
0.76208
0.70958
0.69663
0.70469
0.72277
0.72611
0.75683
0.72277
0.88105
0.66527
0.70795
0.73282
0.76208
0.70307
0.70307
0.69343
0.71779
0.87297
0.99312
0.75336
0.73961
0.65917
0.69502
0.68707
0.72946
12.56
0.71945
0.78705
0.7379
0.75858
0.74473
0.67764
0.72444
0.71779
0.69343
0.73282
0.877
0.70632
0.75509
0.71945
0.72778
0.74131
0.68865
0.70632
1.0139
0.71945
0.71121
0.79433
0.68707
0.70632
0.7145
0.69343
0.69024
2.0893
0.7379
0.73961
0.71945
0.72111
0.68865
0.74989
0.76033
0.71285
0.80168
0.99541
0.72277
0.73451
0.73451
0.76913
0.69984
0.74302
0.6792
0.70307
0.87498
0.77804
0.68549
0.7379
0.69823
0.6792
0.74131
0.79433
0.83368
0.87297
0.70469
0.71945
0.71614
0.71121
0.76384
0.73282
1.0814
0.74645
1.2972
0.87498
1.6144
1.39
0.72111
0.71779
0.73282
0.74473
0.68707
0.89331
0.85507
0.74302
0.75336
0.70307
0.71779
0.72611
0.74131
0.7145
0.7145
1.0691
0.76736
0.80168
0.73621
0.7925
0.74302
0.74645
0.75336
0.78343
1.0139
0.85507
0.72277
0.76033
0.70958
0.82794
0.7709
0.84723
0.89536
0.9506
1.1298
0.83176
0.69183
0.7656
1.1117
0.70795
0.74817
0.74817
0.72778
1.0375
0.7379
0.77983
0.78524
1.5171
1.0139
0.85901
0.84333
0.86099
0.8995
1.3552
1.0691
1.2078
1.6331
1.0399
1.0839
1.0715
1.0328
1.0399
1.3677
19.143
1.205
1.2503
1.1324
1
1.4421
1.0691
1.219
4.0087
1.1995
1.4791
1.2882
1.4158
0.9247
0.69984
0.72277
0.67608
0.90991
1.1298
0.72111
0.71285
0.70146
0.71945
0.70146
0.73961
0.68391
0.71945
0.82794
0.72946
0.74302
0.73621
0.73282
0.69343
0.72946
0.73961
0.78705
1.1561
1.2106
0.7145
0.71121
0.8091
0.71945
0.74131
0.79983
0.69823
0.8531
0.74473
0.70632
0.72778
0.71779
0.71614
0.70795
0.7145
0.71614
0.72111
0.79799
0.70469
0.78524
0.76384
0.71285
0.72111
0.69984
0.69984
0.69343
0.98855
0.78524
0.74989
0.72277
0.72277
0.69024
0.69502
0.69984
0.71614
0.81283
1.0617
0.69024
0.71285
0.77268
0.67298
0.68865
0.74302
0.67764
0.77804
0.8531
2.5704
0.70632
0.76033
0.78524
0.68391
0.73282
0.7709
0.7145
1.0864
0.7925
0.78163
0.72277
0.87902
0.72111
0.72946
0.75858
0.72778
0.71614
1.0447
0.96161
0.70958
0.70632
0.69663
0.72277
0.77625
0.74473
0.69343
0.88105
0.68077
0.72444
0.70469
0.76736
0.73961
0.70469
0.73114
0.7145
0.877
0.99541
0.75858
0.75336
0.75509
0.7145
0.71779
0.93111
0.72778
0.89743
1.0375
1.349
1.5488
0.76208
0.68549
0.66834
0.75858
0.76736
0.72946
0.98401
0.76736
0.67453
0.67764
0.66834
0.67608
0.73451
0.69343
0.79433
0.86896
0.74473
0.6792
0.68865
0.68707
0.69823
0.81846
0.70958
0.7925
0.77625
0.69502
0.69663
0.96161
1.2445
1
0.71614
0.75162
0.71614
0.7656
24.155
0.72611
0.6792
0.73114
0.72111
0.73621
0.69183
0.72611
1.2106
0.78705
0.71779
0.7145
0.71285
0.68391
0.75683
0.73621
0.78705
0.72611
0.92257
0.97724
0.99312
0.89125
0.66527
0.82035
0.73282
0.70307
0.76384
1.3836
0.92897
0.69502
0.7145
0.67143
0.72778
1.2706
0.71121
0.68707
1.0544
18.535
4.5499
0.66681
0.73282
0.76384
0.70146
0.71779
0.7709
0.65766
0.77983
11.508
0.68234
0.81096
0.69343
0.67608
0.69502
0.71121
0.74473
0.70795
0.69823
0.86497
0.70469
0.69984
0.73961
0.73282
0.64863
1.0423
1.1695
0.68234
0.85704
0.78705
0.66834
0.68234
0.71614
0.71779
0.7379
0.82604
0.84528
1.1429
0.8531
1.2162
1.1092
1.1776
0.70469
0.68707
1.0304
0.77804
0.8995
1.0093
1.8793
0.71614
0.70795
0.70958
0.74473
0.71945
0.7145
0.72778
0.73282
0.76913
0.71121
0.69823
0.66527
0.68865
0.67608
0.69024
0.73961
0.67453
0.78163
0.74473
0.7145
0.69823
0.69343
0.69984
0.75162
0.73451
0.93325
0.84333
0.79983
0.74131
0.79433
0.76913
0.81658
0.74473
1.0069
0.90365
0.79433
0.7379
0.70469
0.76208
0.69984
0.70307
1.1695
1.2274
0.80724
0.82035
0.77804
0.75683
0.7709
0.72778
0.78705
0.75858
0.75336
0.85114
3.1769
0.69502
0.78343
0.75509
0.73961
0.73114
0.76384
0.81096
0.77804
0.91833
0.75336
0.71945
0.74131
0.82035
0.80538
0.70632
0.7656
0.74302
18.493
0.88512
1.1041
0.73282
0.80353
0.78705
0.78163
0.72778
0.74131
0.84918
0.8531
0.69343
0.77625
0.71285
0.77446
0.75858
0.82224
0.73621
0.72444
1.0093
0.79433
0.72111
0.74302
0.72111
0.74645
0.77804
0.69343
0.72611
0.73282
1.1015
0.77268
0.6792
0.69343
0.7379
0.69984
0.72611
0.76736
1.1588
0.83368
0.76208
0.75509
0.77625
0.98628
0.7925
0.68707
0.76033
0.99541
0.7656
0.74473
0.77268
0.69663
0.76384
0.95719
1.1561
0.69823
0.80168
1.0351
0.76736
0.77983
0.75162
0.66374
0.8091
0.66834
0.72111
0.90782
1.1246
0.70307
0.73621
0.86696
0.71945
1.1776
0.70958
0.76208
0.99541
0.74645
0.66527
0.70307
0.73621
0.70958
0.74473
0.74473
0.66681
0.74473
1.9231
0.8531
0.79616
0.74131
0.7145
0.72611
0.73114
0.68234
0.75858
13.836
0.72111
0.74989
0.7379
0.72778
0.77268
0.71121
0.76736
0.73282
0.73961
0.87902
0.78163
0.74302
0.7709
0.83176
0.7145
0.75162
0.82604
0.74989
0.91622
0.74473
0.74131
0.72277
0.71779
0.74645
0.67298
0.73114
0.70632
1.1246
0.75858
0.70795
0.76736
0.80168
0.80353
0.70469
0.73621
0.75858
0.90365
0.77983
0.72277
0.71285
0.76208
0.74302
0.75858
0.7709
0.70632
0.74302
1.0023
1.2474
0.76208
0.69984
1.0447
0.73282
0.69823
0.74645
0.82985
0.83176
0.76913
0.7145
0.75509
1.2589
0.71285
0.75336
0.73451
0.76384
0.73451
0.71121
0.78705
0.75336
0.72277
0.70795
0.74131
0.65766
0.70469
0.74302
1.0069
0.90365
0.85901
0.79433
2.0845
1.6255
0.77625
1.4655
0.86696
1.1298
1.0116
0.9247
1.2134
1.875
1.9634
1.5205
0.89331
0.70958
0.98855
0.8091
0.78163
0.70146
0.71121
0.72778
0.73961
0.77446
0.73114
0.90782
3.7584
0.74302
0.71779
0.72444
0.68865
0.75162
0.67453
0.68865
0.89536
0.77983
0.76384
0.74817
0.69502
0.71614
0.72277
0.87096
1.5524
0.80538
0.74131
0.72946
0.73282
0.73621
0.78705
0.7656
0.69502
0.69663
0.7145
0.8147
0.99312
0.70632
0.70958
0.73451
0.73451
1.1117
1.0328
0.82985
0.71614
1.4555
1.7378
0.69343
0.69663
0.71121
0.74645
1.3032
0.71945
0.70958
0.77268
0.88512
1.5668
1.5241
0.6792
0.72946
0.79983
0.87297
0.70307
0.78705
1.0641
0.80538
0.77446
0.95499
1.2972
2.0559
2.6303
0.74302
0.73961
0.72111
0.69502
0.68391
0.75162
0.68549
0.74645
0.73961
0.78343
0.69984
0.99083
0.68549
0.72444
0.7145
0.70795
0.75509
0.72277
0.72778
0.73451
0.78886
0.71779
0.75858
0.69343
0.73621
0.7379
0.74817
0.69343
0.69984
0.86497
0.68549
0.70469
0.69984
0.70632
0.72111
0.75336
0.74473
0.75162
1.3836
0.71945
0.72946
0.72277
0.73451
0.69502
0.71121
0.71779
0.70958
0.8091
1.9011
0.73451
0.72778
0.68865
0.78163
0.68865
0.71121
0.70795
0.78524
0.81096
0.72778
0.72444
0.74645
0.75336
0.70469
0.73282
0.71285
0.78524
1.1995
0.74645
0.74302
0.7925
0.72444
0.76384
0.71121
0.7925
1.0069
0.91833
0.75858
0.71121
0.69823
0.78886
0.73961
0.7709
0.79616
0.72778
0.82604
0.7656
0.71121
0.71121
0.78163
0.73961
0.73961
0.73282
0.67298
0.80538
0.76913
0.69502
0.76736
0.79616
0.76384
0.74473
0.82794
0.70958
0.87498
0.85114
1
0.82035
0.84918
2.2961
1.2972
0.77983
0.70632
1.3002
0.85114
0.8091
0.78524
0.76384
0.7925
0.84333
0.78705
0.8414
0.97051
0.88716
1.0617
0.75162
0.77625
0.75683
0.77268
0.69183
0.72444
0.76208
0.77625
1.0765
0.70307
0.77983
0.75162
0.77625
0.75336
0.70632
0.73621
0.78163
1.028
0.72111
0.70795
0.68077
0.78886
0.70958
0.74473
0.71945
0.7656
1.0839
0.83176
0.70795
0.73114
1.0186
1.6672
1.3521
1.0447
0.97499
0.77804
1.0069
0.68865
0.73282
0.73114
0.74989
0.78705
0.73961
0.69343
0.75683
0.90991
0.92683
0.77446
0.78524
0.78343
0.72946
0.75858
0.75162
0.74131
1.0814
0.75162
0.73282
0.73621
0.67608
0.76208
0.72277
0.72778
0.69024
0.80724
0.74645
0.86696
0.69024
0.74989
0.72111
0.72277
0.96605
0.77268
0.75509
0.80168
0.88512
0.72778
0.76208
0.8531
0.76033
0.87902
1.1885
1.1429
0.75162
1.3122
1.6749
0.75858
0.76384
0.72444
0.74989
0.80353
0.77446
0.75509
1.2106
0.72946
0.77625
0.71614
0.73961
0.80724
0.72946
0.73114
1.1749
1.0965
0.8356
0.7925
0.91833
2.7164
0.72611
0.72946
0.99083
0.74473
28.054
1.4622
0.65766
0.73961
0.78886
0.69183
0.73451
1.0069
0.71614
0.69183
24.946
22.336
0.73621
0.72111
0.70469
0.70307
0.72778
0.70307
0.73961
2.1429
0.9977
0.72444
0.77446
0.7379
0.71779
0.71945
0.69663
0.74473
1.0765
0.73961
0.76384
0.68707
0.7709
0.76736
0.71285
0.68391
0.73114
0.72946
1.2503
0.77268
0.7379
0.74302
0.69502
0.7145
0.71121
0.74817
0.70958
0.7656
1.0914
0.80724
0.94842
1.3964
0.79616
1.0304
0.92683
1.0691
1.0715
1.2359
0.8995
0.94189
1.2023
1.0233
1.0471
1.0914
0.99541
1.1092
1.0116
1.0139
1.205
1.0351
0.74817
0.70632
0.72277
0.78886
0.7925
0.94189
0.7656
0.73621
0.7145
0.877
0.73961
0.69663
0.74817
1.8535
0.84918
0.85114
0.8091
0.71779
0.74302
0.73451
0.72778
0.74989
0.8091
1.8967
0.71945
0.79799
0.71614
0.72611
0.78343
0.79616
0.70632
0.98628
0.78886
0.69823
0.7145
0.74989
0.76384
0.70469
0.79433
0.70795
0.70307
0.91833
0.74817
0.68707
0.73961
0.73114
0.78524
0.69343
0.78524
0.73451
0.74989
0.7145
0.75162
0.78343
0.74817
0.74645
0.75858
0.81846
0.71121
0.7379
1.2445
0.70632
0.76384
0.77804
0.73621
0.73114
0.71285
0.73282
0.71779
0.89331
0.83368
0.80168
0.75509
0.70146
0.76736
0.81096
0.74473
0.69663
0.72778
0.85114
0.73451
0.75336
0.72277
0.86497
0.8531
1.2589
1.4962
1.374
1.1324
1.374
1.9409
0.69823
0.72111
0.70146
0.67608
0.68234
0.73114
1.1092
1.0568
0.70795
0.71779
0.68077
0.70469
0.66069
0.67143
0.69024
0.7145
0.78705
0.70469
0.71779
0.67453
0.63826
0.72946
0.71285
0.66681
0.69823
0.70795
0.94406
0.65766
0.6792
0.73451
0.68707
0.69343
0.69024
0.70469
0.6792
0.84918
0.68234
0.70146
0.70307
0.72111
0.73114
0.68549
0.70795
0.69823
0.9594
0.90157
0.7145
0.75683
0.72778
0.76913
0.74989
0.69502
0.77804
1.0399
30.761
0.70795
0.70632
0.91833
0.68234
0.72444
0.68865
0.68391
0.71945
1.0093
0.82224
0.70146
0.71945
0.67453
1.406
1.3335
0.78343
1.0965
0.97949
1.4521
7.5683
9.0365
1.8967
2.3823
0.73451
0.70795
0.7145
0.71614
0.88308
0.73114
0.74473
0.70958
0.72444
0.7379
0.76736
0.72111
0.7656
0.78343
0.71285
0.69343
0.70469
0.70958
0.68234
0.69024
0.68391
0.67764
0.85507
0.75683
0.72111
0.73621
0.7145
0.7379
1.4894
1.2246
1.1169
1.1169
1.4191
1.3032
1.2647
1.2503
1.2618
1.2942
1.2134
1.3677
1.4454
1.2735
0.95499
1.3868
0.82414
0.70795
0.69343
0.71945
0.69502
1.1455
0.69183
0.70795
0.70307
0.66681
3.0409
12.274
7.5509
5.6624
6.8549
19.143
5.0699
1.3583
1.7179
1.4256
7.3114
0.95719
1.5311
0.83176
5.035
0.83368
1.0023
0.76736
7.6913
8.8512
8.5704
11.298
10.74
1.8621
1.1641
1.0139
4.9545
6.5917
0.78163
0.8091
0.75162
2.2131
0.67453
0.70795
0.7656
0.65766
0.71614
0.68077
0.68391
0.71945
0.67298
0.92045
0.8995
0.67453
0.66527
0.69984
0.69024
0.84333
0.90782
1.9543
19.77
0.67608
0.72444
0.6792
0.72611
0.67764
0.71121
0.67453
0.68549
0.81658
0.90573
0.67764
0.68234
0.65464
0.67764
0.82794
3.2063
8.2604
11.967
11.561
10.691
0.75336
0.73282
3.9811
0.67764
1.9231
13.552
11.402
10.74
10.568
13.772
0.88716
0.7145
0.78163
0.74131
0.86298
1.122
2.2284
5.9566
0.67143
0.68391
0.66222
0.69343
0.67764
0.68549
0.68234
0.75683
30.761
0.72444
0.70307
0.69823
13.964
9.977
13.002
12.912
8.7297
19.364
8.8105
11.588
15.596
11.22
11.776
15.101
13.804
24.322
13.677
12.531
12.794
13.552
0.75509
0.74645
0.75162
0.70469
0.86896
0.79068
1.7338
13.868
14.289
16.596
14.655
13.836
16.218
15.453
15.205
14.723
14.723
15.488
14.791
10.914
9.6828
15.311
14.355
16.144
14.521
13.459
13.836
14.223
17.061
11.885
6.0814
15.276
14.555
16.788
14.689
15.74
15.776
19.011
16.406
15.922
7.9068
10.52
13.062
15.136
15.171
15.311
14.388
14.093
11.858
0.80538
1.2162
0.83368
13.213
15.631
14.859
16.331
15.74
16.827
12.942
10.257
15.668
12.474
14.588
15.885
2.5003
1.2853
0.95499
10.447
14.859
24.491
14.997
12.972
20.989
2.5177
10.093
12.474
14.655
20.37
16.482
14.421
4.1879
12.706
11.376
0.68391
20.464
12.303
15.417
9.0157
1.0023
1.2359
0.75509
1.374
5.9566
13.335
15.066
14.689
16.181
14.689
15.776
15.885
16.672
14.488
23.281
17.66
16.144
15.849
14.223
16.406
15.453
16.069
1.1298
11.858
2.0893
12.853
14.962
13.305
17.179
13.002
14.859
17.418
13.428
15.417
15.56
18.281
14.488
17.378
24.66
16.032
15.812
18.707
15.812
20.184
18.323
11.641
15.885
12.912
16.444
17.824
16.558
13.932
14.655
11.641
1.762
1.0889
10.162
14.093
13.062
14.791
13.74
12.942
12.794
13.092
23.335
11.588
14.791
16.672
14.06
16.444
12.445
15.241
15.776
16.749
28.054
13.583
13.062
14.289
17.498
15.704
16.711
15.453
13.614
18.072
12.134
0.70146
3.0409
1.1967
1.1776
11.912
15.346
11.803
13.964
16.255
13.614
17.061
21.038
15.849
15.136
15.922
17.418
14.723
16.069
19.953
11.535
19.099
12.56
13.932
15.101
12.078
13.305
14.256
13.804
13.552
13.868
13.964
13.552
14.997
3.4435
7.1945
8.5901
13.152
17.418
12.246
14.322
18.365
19.634
14.488
14.757
12.618
12.445
6.9183
12.246
14.256
17.783
11.995
14.454
17.865
13.305
12.823
14.894
12.106
12.162
2.6303
2.0559
6.3826
1.2445
1.406
1.0568
1.1695
1.3335
1.2106
6.5163
16.634
17.701
15.101
13.002
14.256
11.803
11.561
14.894
12.647
12.823
13.459
22.08
13.428
13.274
12.912
15.849
12.823
14.521
12.503
13.836
14.125
13.646
12.531
11.561
0.96383
1.2445
0.96383
0.93325
17.14
16.255
12.618
16.331
14.825
14.223
22.182
14.555
14.723
13.614
16.482
15.136
14.859
14.223
14.622
12.078
14.521
14.093
16.943
13.521
15.101
14.859
16.331
15.849
17.989
8.7498
1.1041
7.2277
17.783
12.589
13.032
18.923
13.397
14.997
12.735
22.646
15.849
13.996
16.866
14.521
14.622
15.996
17.498
11.641
15.136
15.276
15.74
15.56
11.885
0.93541
0.77268
0.82224
0.83753
1.0093
21.627
13.122
18.493
12.677
12.246
13.677
15.922
21.528
15.631
20.417
11.35
14.421
14.791
14.454
14.388
18.793
14.689
15.101
30.2
13.964
14.588
22.751
17.338
13.552
13.996
16.181
13.964
16.181
15.136
13.996
14.454
16.106
14.723
15.382
22.182
11.83
6.5313
1.2589
3.3729
1.122
1.5311
10.139
16.255
15.101
15.276
12.853
15.311
12.794
12.023
14.093
13.397
0.82794
16.406
16.144
15.171
17.947
13.677
18.155
15.382
12.56
15.488
16.218
11.117
22.182
13.459
14.555
14.028
14.655
11.015
13.459
14.322
14.028
14.191
16.482
11.995
15.596
12.303
13.428
13.74
16.788
18.03
12.388
14.521
14.588
14.125
19.275
13.002
14.723
19.588
12.134
15.704
19.011
13.868
18.239
13.646
17.824
13.614
16.788
15.668
12.706
15.205
12.735
12.417
12.445
16.331
10.889
20.23
16.672
17.989
16.827
18.707
22.542
16.218
17.539
17.865
18.493
18.493
15.382
0.83753
9.4189
15.776
16.904
21.627
13.428
14.859
16.181
15.56
16.904
12.331
9.3972
23.714
17.579
24.044
16.596
18.281
14.894
15.524
18.535
15.996
18.155
15.668
15.031
16.144
14.028
16.788
2.5119
1.3062
1.4125
1.5382
2.4604
19.231
18.621
3.8282
9.5719
13.804
18.45
18.03
26.182
16.144
15.922
12.19
17.742
17.179
15.959
19.409
17.14
17.458
16.255
16.634
18.535
