1.9953
5.9841
5.9979
1.39
1.2794
2.3014
10.046
7.0469
0.91833
0.72946
0.72778
0.72444
0.74645
0.75683
0.75162
0.77268
0.71614
0.76033
0.82035
6.1802
6.8234
1.074
1.1066
1.2417
1.3122
1.1169
1.2162
1.1614
1.2388
1.4622
0.86696
0.77625
0.88716
0.877
0.90991
1.0399
0.77804
1.0641
1.374
1.2134
1.3002
1.4355
0.86696
1.2912
0.72946
0.71945
0.7145
0.69663
0.75509
0.74131
0.65013
0.69024
0.71779
0.74989
0.74473
0.77268
0.75509
5.236
10.28
5.9156
1.2618
1.1995
1.094
1.4355
1.2445
1.0162
1.3428
1.0814
1.1455
1.256
1.2417
0.99312
1.7458
1.3772
0.77446
0.92897
0.74473
0.77268
0.74131
0.7925
0.74473
0.70958
0.7656
0.82224
0.89536
6.4863
6.9984
0.84528
0.99541
0.99083
0.92045
1.099
1.0471
1.0641
0.89536
1.0328
0.86497
1.219
1.1015
1.0116
0.99541
0.95719
0.98401
0.98628
1.4997
1.2417
0.92897
0.81283
0.69823
0.79616
0.64714
1.4256
0.78524
0.80168
0.76033
0.72611
0.70469
0.69823
0.73451
0.97051
0.81658
0.81846
0.73451
1.0399
0.73114
0.86497
0.71945
1.0257
1.39
3.0409
7.0632
1.1535
1.0351
1.2417
1.3709
1.4622
1.3274
1.0186
0.98175
1.2106
1.4158
1.5524
0.98175
0.89125
1.1967
1.3868
1.1324
1.3002
1.0914
1.0691
1.0423
1.0023
0.94842
1.2134
1.1402
1.0093
1.4421
1.4256
1.2794
0.93111
1.2417
1.0304
1.0864
1.2677
1.0544
1.0691
1.0046
1.205
1.2078
1.0257
0.96161
0.95499
0.82224
1.0666
0.98855
1.0233
1.4289
1.2106
1.219
1.0765
1.2942
0.97949
1.1695
1.1885
1.1749
1.3062
1.256
0.97499
1.1561
1.0471
1.0233
1.1641
1.1117
1.0328
0.9977
0.92257
0.96161
0.94624
1.0046
1.0568
0.90782
1.1776
1.122
1.0069
0.91201
1.0233
1.1482
0.95499
1.0715
1.1402
1.0568
1.6106
1.4555
1.1092
1.1092
1.3996
1.3032
1.1614
0.9977
1.0093
1.3243
1.4962
1.1776
1.3152
1.0914
1.2023
1.4454
1.3062
1.39
1.2706
1.0765
1.0093
1.8621
1.2764
1.1912
0.72778
0.75162
0.78163
0.71121
0.75683
0.77983
0.80724
0.72111
0.69183
0.68077
0.74645
0.90782
0.79433
0.8414
0.83176
0.69343
0.77804
0.75336
0.77446
0.80538
1.39
0.92045
4.7098
1.2503
1.556
0.96383
0.85114
0.74302
0.73961
0.76736
0.77625
0.77268
0.8091
0.75683
0.74645
0.75509
0.74817
0.74302
0.71121
6.7453
2.5235
8.414
4.5082
0.99541
0.9528
1.0568
1.5488
6.1235
12.823
1.2503
13.836
11.722
0.93541
0.90782
1.1092
0.96828
0.87096
1.2503
1.1776
1.2474
1.2218
1.1092
1.2417
1.0691
1.2246
0.90365
1.6255
3.5481
2.3281
12.134
7.4131
6.3096
0.7709
7.6736
11.117
10.023
6.0534
10.617
7.5858
5.559
11.967
6.2087
5.0816
0.93111
1.8281
1.0209
1.3274
0.69502
0.71945
1.1402
1.6596
1.0666
0.72611
0.74817
0.74473
0.79983
0.75683
0.81283
0.74302
0.75336
0.73451
0.68865
1.2331
0.66222
0.70469
0.67608
0.74645
0.68391
1.0375
0.90991
1.374
1.0471
1.0304
1.2618
0.93756
1.1535
0.78524
0.80168
0.94842
0.94189
1.0423
2.0045
1.0375
2.4155
1.4859
1.1402
0.93325
0.877
0.81658
0.87096
0.70307
1.4997
1.2972
1.5488
1.2589
1.0069
1.3397
0.99083
1.2274
1.4997
1.219
1.3092
1.0617
0.92257
1.6293
1.135
1.0617
1.6596
1.0544
1.7865
1.1143
0.94842
1.1402
1.6293
1.4028
1.5596
1.1535
1.4757
1.1041
1.1885
1.2823
1.0666
1.1803
1.4521
1.0186
1.3122
1.4028
1.3964
1.4962
1.2218
1.4125
1.0715
1.0617
1.1995
0.96383
1.135
1.2078
1.0423
1.5668
1.1041
1.4962
1.5136
1.2106
2.2387
1.4588
1.2912
1.3002
1.4488
1.0471
1.1967
1.1143
0.98175
1.1246
1.219
1.1429
1.2246
1.9099
1.3614
1.2106
1.1402
1.2474
1.9543
0.7656
0.83946
0.71614
0.72277
0.75683
0.70146
0.72111
0.72778
0.74989
0.81096
0.75336
0.78886
0.90991
0.78163
1.3552
4.121
5.5719
1.2942
1.2618
1.39
1.0069
1.4588
1.7298
1.8793
1.135
1.2912
0.96383
1.932
0.83368
1.2823
0.80538
0.68707
0.71121
0.73961
0.8414
0.82224
0.7709
0.70146
0.7145
1.3614
0.72611
0.74817
0.70307
0.7145
0.86696
1.2134
0.65917
0.63241
2.6182
1.0889
0.9506
1.1092
0.93756
1.3062
0.9594
1.0965
1.0257
1.374
0.97051
1.1588
1.1885
1.2474
1.0257
1.0447
1.0715
1.5311
1.122
1
1.7906
1.2078
1.2162
1.5136
1.1803
1.2618
1.219
1.1614
1.0495
1.1272
1.574
1.2274
1.1169
1.4655
1.3305
1.845
0.67298
3.3189
1.0351
0.69663
0.68234
0.65615
5.0119
1.2706
1.3122
1.1668
1.4223
0.93325
1.1272
0.89125
1.1803
0.70795
0.68549
0.70146
0.69663
0.73621
0.82414
0.77446
0.7145
0.80724
0.7145
0.93111
0.72778
0.73451
0.68234
0.69024
0.67453
0.83753
1.0544
1.9907
1.7418
0.85901
0.81096
1.5812
0.72111
0.74817
3.1696
1.0257
0.89331
0.84723
1.9143
3.062
0.74817
0.87498
1.888
0.69024
1.1066
0.90157
0.70795
0.7656
0.74473
0.76736
0.69502
0.72111
0.75683
0.70469
0.76384
2.7227
2.0654
1.1885
1.6788
6.6988
0.9247
1.1561
0.97724
0.68234
0.69663
0.68707
1.9364
0.97724
1.0889
1.0617
0.98628
1.1614
1.094
1.1429
1.3032
1.2417
0.94624
1.1912
3.9355
1.1117
0.89743
0.90157
0.97724
0.95719
1.0351
0.86696
0.91201
0.87498
1.0328
0.92257
2.0797
0.79616
0.67453
0.91833
5.9841
1.4028
1.1858
1.0864
1.0914
1.0889
1.1722
1.2246
1.3397
0.99083
1.2023
1.3092
1.1641
1.1535
1.5524
1.0471
1.0495
1.4723
0.90365
0.98401
1.0209
1.1668
1.1722
0.97499
1.0116
1.2023
1.2359
1.0765
1.1508
1.2359
1.5959
1.2359
1.1455
1.3032
1.2134
1.0116
1.219
1.205
1.3092
1.0839
1.0914
1.219
1.1995
1.0965
1.1668
1.3836
1.2218
1.0351
1.7219
1.1272
1.1015
1.0495
0.98175
1.3646
1.3062
1.39
1.2618
1.7219
1.2794
1.3335
0.83753
1.7219
0.86099
0.64417
0.68865
1.5959
0.72946
1.1429
0.84333
0.84528
0.82414
0.73451
0.75683
0.81658
0.79433
0.76736
0.75336
0.68549
0.76033
0.78163
1.5066
0.92897
1.7061
0.69183
0.81283
1.5596
3.7931
0.97051
1.0351
0.67608
0.81846
1.0328
0.72444
0.76736
0.9528
0.82035
0.73282
1.0593
1.9634
0.91833
1.3804
4.7643
0.65013
0.70307
0.65313
0.66681
0.69823
0.66222
0.65766
0.63241
1.1858
0.8091
0.86298
0.95499
0.8147
1.1803
1.5704
1.4791
1.7947
0.64417
0.68707
0.65464
0.67764
0.67453
0.80724
1.1041
0.96828
1.0139
1.2882
1.1614
1.1041
1.1588
1.122
1.205
0.96828
0.92897
1.0864
0.91411
1.094
1.1722
2.2646
1
1.0965
1.2162
0.9247
1.3213
1.4521
1.1885
1.1614
1.5849
1.5885
1.3243
1.2218
1.0814
1.1402
1.0864
1.2474
2.5882
2.3388
0.69984
0.66834
0.66988
0.67143
0.72111
0.72778
0.77804
0.79983
0.76913
0.72111
0.68865
0.74645
0.78163
1.1143
0.92257
1.0495
3.4198
1.0864
1.0814
0.97724
0.94406
0.93325
1.0351
1.7378
1.0209
1.1588
0.97949
0.9977
0.97724
1.1169
1.5488
1.2677
1.2078
1.1803
0.98401
1.0839
1.3032
1.5346
1.2882
1.135
1.074
4.5604
0.66527
0.72611
0.87498
1.1749
7.0469
0.66681
0.67143
0.68234
0.66834
0.66681
1.3366
1.652
2.9717
1.122
1.7378
1.71
1.3274
1.4555
1.0046
1.0257
1.3305
1.1015
1.1298
1.3583
1.39
1.5031
1.2445
1.1668
0.9594
1.7742
1.6827
1.3213
0.98401
0.94189
1.2218
1.3305
1.1803
1.1561
0.77268
1.6032
0.93325
0.85901
0.81846
0.75162
0.77804
0.71121
0.71121
0.80168
0.67764
0.74302
0.83753
0.77446
0.77268
1.5031
0.68391
0.66527
4.3152
0.94189
0.97275
4.102
7.5162
1.0023
1.052
1.5205
1.1117
1.0304
1.1272
1.0814
1.1066
1.1588
1.3804
1.1614
1.0399
1.0093
1.9679
0.70307
0.80168
1.0447
1.256
1.4555
5.7412
8.77
8.2985
1.5136
5.3333
2.6122
4.6881
1.7061
1.1967
1.0046
0.78163
1.0209
2.9376
2.3227
6.792
4.14
0.7656
0.86497
0.65766
0.65766
0.66834
1.5704
0.75509
1.2764
0.87297
0.89536
0.80538
0.94406
0.86099
1.2162
0.70146
0.66681
0.68234
0.66527
0.66222
1.4488
1.2942
0.89743
1.0328
1.099
1.1169
1.2162
1.074
1.0162
1.0864
1.0691
1.0495
0.74302
0.75858
0.73621
0.65766
1.1015
0.86298
1.6293
0.68391
0.69823
0.67453
0.65766
0.65917
0.66069
0.65917
0.79616
0.66988
0.69984
0.64269
0.67608
0.69663
0.65917
2.466
0.91833
0.8892
1.2972
1.8239
1.8578
0.69984
0.64417
0.77804
0.66527
0.6223
0.70958
0.67143
0.68549
0.69823
0.65615
0.68077
0.69502
1.3397
0.68391
0.66988
0.65766
0.63533
1.3521
1.0139
1.1482
1.3836
0.91201
0.86696
0.85704
1.1298
1.3152
1.0789
1.1641
1.6904
1.0162
1.5704
1.1749
1.1455
1.1482
0.92257
1.2706
1.0765
1.2417
2.0091
0.68077
0.67608
0.67608
0.74302
0.68549
0.68077
0.65464
1.0765
0.66069
0.6368
0.64417
0.68865
0.70632
0.64565
0.65615
0.66374
0.66374
0.70795
1.3772
0.66681
0.69183
0.66988
0.69343
0.70795
0.66527
0.63826
0.85901
0.77268
0.73451
0.71945
0.72111
0.71121
0.74645
0.79616
0.72778
0.75509
0.79433
0.69823
0.69502
0.76384
1.0328
0.8356
1.1561
1.9588
0.63826
0.66681
0.67608
1.6255
0.65464
0.89125
0.83753
0.83946
1.9498
3.4198
0.66527
0.65917
0.65766
0.66222
0.65013
0.67298
0.66527
0.68077
0.65163
0.66374
1.4555
1.2417
0.9977
1.0889
1.3996
1.6943
0.93972
1.4622
0.63826
0.65013
0.67764
0.63973
0.69183
0.66374
0.69823
0.66681
0.67764
0.63973
1.1641
0.80538
0.93111
0.96605
0.69663
0.6792
0.66988
0.66834
1.6255
1.0839
1.4894
1.0864
0.98628
1.122
1.1298
1.2162
1.3459
0.83368
1.2853
1.0399
1.1995
1.2417
1.205
1.0328
1.2162
1.2853
1.1508
1.2474
1.2823
1.1535
1.2677
1.2388
1.1041
1.1535
1.1376
1.0544
1.0233
1.2274
1.2359
1.2246
1.2677
0.93756
0.94842
1.0839
1.6218
0.97499
1.0593
1.0593
0.71285
0.69343
0.65313
0.68234
0.70146
0.72111
0.74817
0.72778
0.6792
1.0399
0.75336
0.71945
0.77446
0.72946
0.70795
0.68077
0.7145
0.74817
0.77625
0.78343
0.75683
0.73114
0.93541
1.0399
1.1169
1.5171
0.72946
0.74473
0.75509
1.1298
5.0933
1.7458
1.7824
0.63387
0.64863
1.4093
0.89331
0.76208
1.0864
1.9907
0.66222
0.62951
0.65464
0.67298
7.6736
1.3772
1.4689
1.9231
1.1455
0.66988
0.66374
0.69502
0.65013
0.64269
0.65615
1.2764
0.8356
0.87096
1.3646
1.3213
1.0814
0.90991
1.1376
1.2274
0.99312
1.0666
1.0889
1.0914
0.89536
1.1402
1.5812
1.0304
0.70146
0.66681
0.70632
0.65766
1.3397
2.5235
1.5382
1.1092
1.2942
1.2274
2.7606
1.219
1.3932
1.1614
1.1967
1.1668
0.9594
0.90782
1.0046
1.135
1.3583
1.1614
0.68865
0.66374
0.71285
0.71614
0.86298
0.66374
0.63533
0.72444
0.66527
0.69823
0.73961
0.74473
0.79799
0.77983
0.68234
0.68234
0.70632
0.68707
0.64863
0.71614
0.67143
0.71121
0.75162
0.78524
0.66527
0.66222
0.68391
0.72277
0.67608
0.69663
0.6792
0.65464
0.69183
0.65766
0.70146
0.68707
0.72946
0.71614
0.68865
0.63387
0.65917
0.84918
0.64714
0.69024
0.88105
0.66222
0.66374
0.67143
0.68549
0.65464
0.62951
0.66834
0.84723
0.64269
0.77268
0.70795
0.7145
0.77625
0.73114
0.92257
0.91411
0.96828
1.2503
1.7458
1.6711
0.66988
0.66374
0.67143
0.66681
0.65615
0.70632
0.69024
0.66834
1.6368
1.4521
1.556
0.76913
0.7925
1.0023
0.85507
1.4028
1.7742
1.7498
0.66069
0.64565
0.72277
0.66834
0.94624
0.71614
0.72946
0.68077
0.73282
0.75509
0.69502
0.72778
0.76736
0.7925
0.73282
1.3868
0.86896
5.6105
0.72277
1.3677
0.89125
1.0568
0.65917
1.0691
1.2388
0.65464
0.65615
0.63826
1.9143
1.5171
1.0023
1.9907
0.67764
1.1722
1.0328
2.1677
2.1878
8.5704
7.5683
6.7298
1.2162
1.205
1.0839
1.2246
1.3772
1.3709
1.0069
1.0544
1.0046
0.97949
1.0814
0.99312
0.93756
1.2735
0.90157
0.68549
0.91411
0.67298
0.65163
0.65313
0.84723
0.67608
0.68707
0.68549
1.4388
2.0845
1.2331
0.66527
1.5668
0.6792
0.65766
0.65615
0.67608
0.63096
0.65615
0.64269
0.70795
0.92683
1.1695
1.256
1.0257
0.66527
1.0093
0.68707
0.66222
1.0186
1.1614
0.95499
0.70795
0.69343
1.3274
1.1561
1.1402
0.90991
0.93972
1.5596
1.0023
0.94842
0.9528
0.76913
0.82414
0.89743
1.099
2.673
0.65917
0.64269
0.66527
0.70307
0.69183
0.70307
0.69663
0.6792
0.6792
0.64714
0.66222
0.69183
0.67143
0.68707
0.95499
0.92897
0.97051
1.3614
0.90365
0.81658
0.69663
0.69183
0.82794
0.82224
0.96605
1.3305
1.714
1.1995
1.6749
2.4774
8.147
0.66527
0.71945
0.67143
0.71614
0.64121
0.66681
0.71779
0.87096
0.69183
0.70307
0.64714
0.67764
0.66069
0.71945
0.74473
0.93972
1.6634
0.9977
0.94406
0.86298
0.99083
1.1535
1.0423
1.1429
1.1376
0.97499
1.2912
0.97051
1.0914
1.1614
1.3964
1.0209
1.1194
1.0447
1.1749
1.8664
1.3092
0.86298
0.69343
0.74302
0.78524
0.67764
0.69024
1.7947
0.80353
0.6792
0.66222
0.79616
0.79799
0.73114
0.86696
0.74989
0.74989
0.83946
0.77625
1.4191
0.81846
0.98401
1.7865
4.2462
0.68391
0.6368
0.66069
0.65766
0.66069
0.68077
0.68865
0.69502
0.68707
0.65917
0.63241
0.71285
0.65163
0.70958
0.6792
0.68234
0.64565
0.68549
1.2218
1.9055
0.8356
1.4689
0.6792
0.65766
0.65917
0.81846
0.68391
0.65464
0.66374
0.68865
0.66222
0.69183
0.65464
0.66527
0.66988
0.65917
0.86298
0.69823
0.70958
0.72444
1.0495
0.70958
0.68707
0.66988
0.72444
0.65917
0.81096
0.71945
0.68234
0.70795
0.67453
0.69343
1.4355
0.72444
0.66069
0.66222
0.69183
0.67608
0.68549
0.65013
0.66527
0.65615
0.65917
0.70632
0.66374
0.68234
0.71121
0.70307
0.69984
0.71285
0.67298
0.69502
0.66988
0.64714
0.63241
0.70632
0.66834
0.73621
0.65013
0.65163
0.66527
0.65766
0.66681
0.66374
0.67143
0.65917
0.69984
0.81096
0.65464
0.64121
0.6792
0.94189
0.68391
0.66222
0.65464
0.64121
0.65313
0.68865
0.63096
0.63973
0.65615
0.64714
0.66681
0.63973
0.65013
0.65766
0.64269
0.69984
0.64863
0.63241
0.66069
0.71121
0.71614
0.77446
0.75509
0.69502
0.68707
0.70795
0.72277
0.74131
1.1455
2.4717
1.8578
1.6032
1.0186
1.0423
0.88105
1.0069
0.98175
1.4454
0.97724
1.3002
1.1858
1.5382
0.96383
1.0568
0.94406
1.7906
0.63826
0.65766
0.65163
1.3152
2.6002
4.3251
0.99312
1.3335
1.1912
1.1776
0.97051
1.0328
1.074
0.98401
1.1455
1.2274
1.2531
1.2531
1.1117
1.2445
1.219
2.0941
0.69024
0.64269
0.64269
0.64121
0.73282
0.70632
0.66222
0.64863
0.69024
0.63826
0.65917
0.87096
0.67608
0.67608
0.66527
0.67143
0.66527
0.67298
0.65615
0.68391
0.64863
1.1143
0.98628
1.6482
0.91833
0.97051
3.2285
2.2751
0.63533
1.1015
1.1722
1.4322
1.2303
0.9977
1.2853
1.0351
1.0691
1.0864
1.094
0.89125
1.1482
1.1117
1.099
1.4488
1.2162
1.888
1.1482
1.1535
1.9143
0.69663
1.8535
3.7325
1.0471
2.4774
7.8886
7.1614
0.68707
0.68707
0.69343
0.6792
0.67608
0.64714
0.65766
0.66988
0.67298
0.66834
0.69663
0.63826
0.66374
0.68707
0.64714
0.68549
0.69663
0.79068
0.68234
0.66374
0.72111
0.72444
0.70632
0.99083
0.70469
0.68707
0.69502
0.80168
0.70469
0.74302
0.69183
0.79068
1.3305
1.6069
0.98175
0.88105
0.67298
0.67764
0.66834
0.67453
0.67608
0.74989
0.68549
0.69663
0.66681
0.64121
0.6368
1.1803
1.3646
0.94624
1.1402
1.574
1.4223
0.62661
0.64121
0.67143
0.64863
0.81658
1.1272
1.2764
1.219
1.1995
1.3836
1.135
0.80168
0.82604
0.64863
1.5922
0.73621
0.73961
1.2246
3.6224
1.4355
0.63096
0.63387
0.64121
0.64714
0.63533
0.66374
0.66834
0.64417
0.63387
0.65917
0.85114
0.6368
0.67608
0.65313
0.68707
0.65013
0.98401
0.83946
0.877
0.74473
0.73282
0.70469
0.71285
0.76736
0.75858
0.74989
0.72611
1.0186
2.1827
1.0914
4.5082
0.69343
0.66988
0.68391
0.65464
0.65313
0.65313
0.65766
0.64714
0.68549
0.87902
0.65313
0.63096
0.63096
0.63826
0.66527
0.64417
0.6368
0.67608
0.65163
0.63973
0.66681
0.65917
0.65615
0.63533
0.70146
0.64565
0.64863
0.66681
0.64863
0.70469
0.67608
0.66681
0.64417
0.66681
0.66834
0.66988
0.67453
0.69183
0.67764
0.82985
0.64417
0.66069
0.65313
0.65163
0.65917
1.0447
1.0116
1.652
1.0814
0.9506
1.0139
0.9247
1.0399
1.2417
1.3092
0.94406
1.1169
1.2912
1.4028
1.3092
1.3521
1.1535
1.3183
1.4322
1.1015
1.1041
1.4894
0.91201
1.0328
2.1979
1.6406
1.1588
1.2706
1.1092
0.92257
1.1967
0.90365
0.94189
1.1885
0.88308
1.0617
0.96605
1.0965
1.5704
1.2503
1.4454
0.877
0.64121
0.79616
0.70307
1.1092
0.81846
2.0893
0.8091
0.89125
0.75858
0.93756
1.2531
2.1429
1.9364
0.73621
0.76033
0.78886
0.69823
0.90365
1.1143
1.6482
2.3988
4.7753
1.028
0.95719
1.122
9.1622
9.1622
1.3122
1.2078
0.88512
1.0765
1.6558
0.65766
0.78524
0.95499
0.67298
0.70307
0.67298
0.70958
0.7709
0.69024
0.74645
0.78524
0.68549
0.71285
0.6792
0.67608
1.1995
0.67143
0.66374
0.65163
0.66681
0.62806
0.67453
0.69502
0.64863
0.63826
0.64269
0.85704
0.85704
0.71121
0.64269
0.7379
0.64417
0.66069
0.65013
0.66222
0.66527
0.67608
0.66374
0.65313
0.66222
0.66222
0.65917
0.68549
0.80538
1.0789
0.70795
0.66834
0.65917
0.72778
0.73451
0.79799
0.74645
0.76736
0.77983
0.72444
0.82985
0.72111
0.75509
0.92257
2.2233
0.93541
0.95499
0.98628
0.95499
1.0641
1.4859
1.3836
1.4859
0.9247
1.2078
1.1695
1.0839
1.074
0.99312
1.0617
1.1722
1.205
1.4997
1.0399
1.1117
1.0593
1.0069
1.0641
1.0233
1.194
1.1967
1.1041
1.5346
1.099
1.5382
0.68865
2.0277
1.2589
1.1749
1.135
1.074
1.2106
1.2942
1.3122
1.0617
0.90782
1.1912
0.97499
1.2106
1.1885
0.92897
1.1066
1.1967
1.2972
1.1668
1.0914
0.99541
0.96161
0.97051
0.877
1.0139
0.81846
1.0328
1.2359
1.0691
0.95719
1.1858
0.98175
1.1885
1.1455
1.406
0.67764
0.66527
0.64269
0.65917
0.65917
0.64417
1.5136
0.72277
0.87297
1.1749
5.5463
8.5114
5.6885
2.4831
1.1885
0.64269
0.66681
0.67764
0.68707
1.1912
1.0471
0.97499
0.7925
0.83368
2.6546
0.89331
1.5596
1.2503
1.4125
1.2106
1.7061
8.1283
9.4842
0.64565
0.6368
0.64269
0.65766
0.65615
0.65615
0.65013
1.7458
2.208
1.6634
3.0061
0.97499
1.3614
1.3274
0.68077
0.65615
0.88716
0.65163
0.65615
0.69343
0.67608
0.68549
0.69343
0.63973
0.67764
0.66834
0.72611
0.80538
5.6105
7.6208
7.2778
1.5668
4.9091
3.5975
0.65163
0.64121
1.5996
8.2985
5.7148
10.814
10.789
7.9616
9.0157
7.2946
11.83
0.63241
0.65464
0.66681
0.66527
0.88512
1.2023
1.3614
1.4555
0.63973
0.67453
0.70795
0.69502
0.65917
0.66681
0.64863
0.68077
0.88512
0.73961
0.76033
0.69823
0.74817
0.74131
1.2474
1.1143
3.8726
0.68549
0.63387
0.65313
0.65464
0.64863
0.66527
0.62806
0.65917
0.6368
0.64565
0.67764
0.65163
1.1402
1.2303
1.5631
1.5704
0.70795
1.1508
1.0691
1.0447
1.0186
1.0715
1.1588
1.1776
0.8091
1.0593
1.1041
1.0093
1.0593
0.78705
0.65917
0.63973
0.66374
0.69183
0.65766
0.66222
0.79433
1.5101
0.64565
0.66222
0.64863
0.63973
0.65766
0.69984
0.65163
0.68865
0.86497
0.67298
0.71285
0.77268
0.71285
0.69663
0.80168
0.7925
0.73114
0.74817
0.72277
0.80168
0.77804
1.1508
0.67298
0.68391
0.63826
0.64121
0.66222
0.65163
0.67608
0.63533
0.65013
0.65163
0.6792
0.68077
0.68077
0.66681
0.67608
0.66222
0.65163
0.65615
0.6792
0.66222
1.845
1.1912
1.122
1.1695
1.0257
1.0471
1.0568
1.0257
1.0789
1.1561
1.2912
0.72946
0.77268
1.5031
1.0814
0.65313
0.66988
0.65615
0.69343
1.5524
1.1015
1.2618
0.69984
0.91411
1.1298
1.9861
0.67298
0.63241
0.65615
0.62951
0.64121
0.6368
0.66988
0.64121
0.6792
0.6792
0.6368
0.6792
0.66681
0.65464
0.65313
0.65163
0.65766
0.63533
0.62951
0.74131
1.0375
1.6293
1.4997
2.3335
1.3868
2.1429
1.2972
1.2706
1.8493
0.65917
0.63826
0.66069
0.6368
0.69024
0.69502
0.69024
0.69024
0.71121
0.66222
0.69823
0.64417
0.65766
0.66834
0.63826
0.67608
0.68077
0.69024
0.68234
0.69502
0.70307
0.64714
0.69502
0.66374
0.68077
0.66527
0.69024
0.71945
0.70958
0.72946
0.84333
1.2359
3.2211
0.70146
0.64565
0.66069
0.64863
1.135
1.0186
0.86298
0.77804
0.9506
0.90991
2.1577
0.66222
0.65013
0.64121
0.66069
0.63241
0.67764
0.64417
0.67453
0.65464
0.68549
0.68077
0.64565
0.63241
0.65464
0.66222
0.67608
0.6368
0.65163
0.65163
0.66681
0.65766
0.67608
0.74302
0.68077
0.70307
0.69343
0.74302
0.7145
0.74473
0.81846
0.70632
0.74131
0.69343
2.3605
0.89125
2.6977
0.72277
0.70958
0.66681
0.68865
1.652
1.3062
3.5318
0.66527
0.63096
0.64417
0.65163
0.65163
0.63096
0.63533
0.64121
0.75683
1.3996
1.4689
1.2531
1.1455
1.099
1.0186
1.1272
1.219
1.374
2.704
0.64417
0.76384
0.65917
0.67764
0.81096
0.65615
0.62951
0.63826
0.65917
0.72444
0.63533
0.65917
0.6792
0.78524
0.91411
0.64565
0.69183
0.67453
0.69823
0.67608
0.69024
0.69984
0.65766
0.75858
0.63973
0.70307
0.70469
0.65917
0.67143
0.65766
0.64269
0.87498
2.0989
1.2359
1.1066
1.0641
0.9594
1.0328
0.9977
1.094
1.3002
1.0544
1.3032
1.2246
1.1117
1.1117
1.2589
1.3397
2.1281
1.4488
1.9364
2.8907
5.1404
1.1482
0.72277
0.64863
0.69823
0.75162
0.65464
0.72444
0.65766
1.1695
3.7154
1.3062
1.2706
1.2706
1.2764
0.95499
1.074
1.2023
0.85507
1.2853
1.2677
1.2942
1.3772
1.3614
1.0209
1.1535
0.90157
1.135
0.92683
0.877
0.9977
1.1455
0.90573
1.2274
1.1143
1.9143
1.349
2.3933
0.69183
0.7379
0.73961
0.65917
0.67764
0.65615
0.6792
0.67298
0.6368
0.71614
0.68391
0.6792
0.70632
0.64863
0.65615
0.66069
0.79799
1.0715
1.0814
0.86298
1.0715
2.2284
0.88716
1.4997
1.2764
1.3804
5.559
2.0277
6.4269
3.0339
0.64417
0.66527
0.65163
1.0116
0.79799
1.1376
1.194
0.95499
0.82794
0.74302
2.3121
0.64714
0.65766
0.68077
1.0423
0.95499
0.67143
0.67608
0.70307
0.66374
0.69024
0.68234
1.0814
2.0893
1.1041
1.2794
1.9679
1.1588
1.2078
1.0495
1.1298
1.4555
0.78163
1.2218
0.63973
0.73282
0.71285
0.74302
0.78343
0.76208
0.75683
0.79799
0.91833
0.67143
0.73961
0.91622
1.8836
1.2823
3.2659
10.399
11.749
10.617
11.508
9.506
9.9083
5.9979
9.9083
8.1096
6.5464
10.233
0.68077
1.2303
1.4093
0.70632
0.70307
0.69502
0.66222
0.67453
0.66834
0.64269
0.70795
0.66374
1.9861
0.98855
1.256
1.099
0.9506
0.68391
0.70307
0.64269
0.67453
0.67453
0.66681
0.67143
0.67764
0.66681
0.68391
0.67453
0.63096
0.65917
0.6792
0.6792
0.65464
0.67608
0.65163
0.66222
0.65313
0.65766
0.63241
0.64121
0.6792
0.64269
0.66681
0.6792
0.65615
0.73282
0.71945
0.65163
0.68077
0.74989
0.72946
0.72444
0.73621
0.70958
0.85507
0.93972
0.66222
0.64714
0.67608
0.66527
0.70146
0.67143
0.64565
0.66988
1.7418
1.0914
0.69823
0.69024
0.68865
0.64417
0.66681
0.6223
0.69183
0.63533
0.65464
0.67608
0.68234
0.63096
0.6223
0.69502
0.6368
0.63387
0.66834
0.64121
0.69502
0.71121
0.65615
0.69343
0.65766
0.69984
0.67143
0.66222
0.65766
0.64417
0.68391
0.66069
0.65313
0.69343
0.66834
0.64863
0.67143
0.65615
0.63826
0.67298
0.65917
0.70146
0.6792
0.67298
0.69024
0.65917
0.67764
0.66527
0.70307
0.65917
0.70307
0.68077
0.69663
0.66988
0.65615
0.65615
0.7379
0.65163
0.72277
0.66374
0.65313
0.6792
0.65313
0.66834
0.66527
0.65917
0.66222
0.64714
0.64269
0.69024
0.65163
0.66834
0.64417
0.6792
0.64121
0.67608
0.66374
0.68707
0.68391
0.62806
0.67143
0.65917
0.64269
0.64565
0.68234
0.79983
0.64863
0.66681
0.65013
0.66374
0.66222
0.67298
0.81658
1.1561
1.0715
1.3804
0.65917
0.64269
0.67608
0.67298
0.65163
0.66069
0.65013
0.67298
0.64863
0.69343
0.69343
1.4928
1.3964
1.6106
2.7797
1.2882
1.0765
0.85704
0.93541
1.4093
1.3274
1.0209
1.194
1.0593
1.0046
1.0544
1.3183
1.7022
1.2274
2.4774
1.7824
2.5061
0.68865
0.70469
0.7145
0.65013
0.81283
0.86497
0.85901
0.88308
0.75509
1.0375
1.8113
1.4125
0.68234
0.67298
0.6792
0.68865
0.71121
0.66988
0.70958
0.76208
0.65766
0.66374
0.67764
0.65766
0.66681
0.65464
0.66069
0.68391
0.63973
0.67764
0.67453
0.68865
0.66527
0.67453
0.67764
0.72111
0.65766
0.70958
0.68234
0.73114
0.67453
0.65013
0.65917
0.8892
0.7379
0.75509
0.72277
0.7656
0.7656
0.71614
0.76736
0.74131
0.64417
0.66222
0.68865
0.67453
0.66681
0.69823
0.75162
0.72444
0.72611
0.65313
0.65615
0.85507
0.67764
0.64714
0.65163
0.70632
0.62806
0.7145
0.62951
0.66527
0.66374
0.66681
0.65766
0.66222
0.71285
0.65313
0.6792
0.67764
0.68707
0.6792
0.69663
0.66527
0.67764
0.64565
0.68391
0.66069
0.63973
0.66069
0.66374
0.65163
0.65163
0.68707
0.6368
0.63533
0.63096
0.69502
0.65163
0.66222
0.66834
0.68077
0.64714
0.64417
0.67453
0.70469
0.68549
0.66374
0.65917
0.64714
0.68391
0.65464
0.6368
0.63826
0.64417
0.61518
0.64269
0.65163
0.64714
1.5031
1.2531
1.1041
1.194
2.2646
1.0617
0.90991
2.0559
0.69663
0.89125
2.5882
1.3305
0.66834
0.66527
0.65464
0.71945
0.69984
0.66527
0.68865
0.66222
0.68865
0.66988
0.63241
0.69502
0.66527
2.0797
0.96828
0.68234
0.66527
0.69663
0.68234
0.68391
0.66527
0.65013
0.68391
0.66374
0.65766
0.6368
0.66834
0.64565
0.65163
0.65313
0.6368
0.67143
0.67143
0.67608
0.64565
0.65464
0.8995
0.65013
0.67143
0.69183
0.63973
0.62806
0.65766
0.66374
0.67764
0.68077
0.67608
0.63826
0.65013
0.68234
0.64121
0.65163
0.66374
0.69343
0.66681
0.65313
0.64417
0.64714
0.65163
0.66222
0.6792
0.65013
0.6792
0.64863
0.67143
0.66069
0.67298
0.67453
0.67608
0.69823
0.68707
0.68549
0.65313
0.69823
0.67298
0.81096
0.70146
0.74645
0.68391
0.77983
0.73451
0.81096
0.68549
1.5382
1.5101
1.2764
1.4757
1.3002
0.95719
1.5524
0.66374
0.66681
0.70307
0.65013
0.65766
0.63826
0.8995
3.9994
1.6106
1.652
2.6424
1.714
0.65163
0.65766
0.68865
0.64417
0.64417
0.63826
0.64714
0.64121
0.67608
0.85901
1.1508
1.2647
0.78163
1.4757
1.4791
10
8.4528
13.243
13.646
8.5114
11.668
11.995
6.5313
15.631
11.967
7.0469
12.647
11.455
11.298
10.023
13.032
11.066
6.7453
8.2604
8.356
9.594
13.366
13.062
11.015
7.8524
8.9536
9.1411
12.706
12.503
6.1094
9.0573
10.351
7.9983
11.535
7.7268
0.88512
1.094
2.1478
0.73621
1.4488
1.0544
6.0954
9.247
15.136
8.356
5.728
12.274
11.749
11.668
10.328
4.9091
5.2602
11.614
6.5464
12.246
5.3088
7.1945
7.4817
7.7268
12.246
13.243
11.588
7.5162
10.568
5.3827
12.274
5.6364
8.4918
11.535
7.8705
10.839
6.0674
7.4131
12.417
7.9983
12.474
15.453
15.596
6.8391
9.6161
14.322
12.823
9.247
10.914
6.6374
6.8707
10.495
6.1376
5.4325
8.6696
15.417
12.503
6.5313
4.4463
5.5719
8.2224
10.814
5.4828
3.6308
6.1518
10.641
1.1776
7.5336
11.535
13.614
7.2277
7.0146
9.9083
11.803
6.5917
15.031
9.4406
10.765
6.7143
13.243
9.9312
16.596
14.289
13.646
7.2277
10.814
11.482
4.8417
7.8886
9.8401
10.328
11.194
11.722
6.368
8.7498
14.555
11.995
12.647
8.356
12.853
4.2462
6.0814
9.8855
7.1285
5.6494
4.6238
7.379
9.2683
5.6234
12.445
11.967
9.6828
16.144
13.583
12.972
16.711
5.8884
8.8308
9.7724
10.914
12.618
9.7724
7.1945
10.544
12.106
18.967
4.7753
5.9841
6.6681
11.169
13.062
12.023
3.1623
0.88716
0.69984
0.66374
5.7016
14.256
14.791
10.328
8.7902
6.8234
9.9312
8.9331
10.375
12.445
5.3951
9.8175
15.276
13.614
8.9743
7.3621
4.6881
6.8077
5.6234
10.375
5.1051
10.641
8.531
7.2277
7.1945
8.147
10.691
9.528
8.9743
11.117
11.194
10.209
12.359
9.7949
3.8371
14.421
11.324
10.568
5.9293
11.858
16.634
10.495
8.6497
6.3241
5.1286
8.5507
12.942
14.06
7.5683
20.606
13.397
11.429
8.8308
12.331
11.912
11.117
5.3333
6.4417
8.1658
5.0582
5.9293
22.233
11.194
10.399
13.9
14.06
1.0423
1.2589
1.0789
6.2373
1.4289
1.3868
1.406
1.6368
0.72946
0.86497
0.79983
0.78524
0.75683
3.9355
10.74
9.2257
10.617
11.588
11.298
12.331
12.503
8.0353
7.4817
11.015
11.35
14.997
12.106
11.695
15.668
11.376
12.618
13.552
16.406
11.94
10.765
14.962
16.144
10.351
5.2723
5.902
1.6293
1.2942
1.1749
1.2589
1.4859
1.2303
7.0795
13.366
12.303
13.366
13.183
12.19
15.959
16.181
12.972
10.209
6.6681
10.789
11.995
10.304
13.397
11.967
10.814
11.508
12.735
10.093
15.849
8.5901
11.272
6.5313
9.3972
6.3387
11.858
14.223
13.677
11.117
14.588
9.2683
7.3621
11.22
6.368
6.6988
12.303
10.447
7.1779
9.1201
7.6384
2.2284
4.8753
6.7608
8.356
10.495
10.046
6.166
7.2277
6.2087
9.7275
12.331
15.704
13.9
12.246
7.0795
11.117
12.474
10.789
8.1096
4.8195
8.2794
10.093
6.9984
10.304
7.9068
8.1283
9.9083
12.218
10.209
6.4863
2.5003
1.7865
2.1878
10.209
13.092
14.488
12.912
8.6896
11.117
9.528
9.5499
7.7268
11.614
9.6383
13.032
9.9083
10.617
7.6384
8.8308
10.162
13.49
6.4121
9.7949
8.1283
11.092
9.6828
13.366
10.965
9.4842
14.388
6.5163
11.194
7.1779
7.8524
6.4714
5.1051
6.0674
8.414
8.1846
8.9125
8.2414
10.209
8.7902
11.776
10.046
12.417
14.757
5.3456
5.7412
7.6913
10.069
12.274
9.3972
9.247
9.528
4.8753
13.932
12.706
15.346
12.706
14.028
8.6896
8.9536
6.3533
6.4565
3.4594
8.0538
8.2035
11.35
10.447
9.8855
7.9433
8.6696
11.641
10.617
12.677
11.858
10.186
9.3541
5.6754
11.695
5.0816
7.9068
7.1945
8.3753
8.4333
1.8155
0.92683
1.3772
1.3335
1.2388
1.3032
1.0257
1.1722
1.0351
1.2359
1.4962
1.0209
0.99541
0.96161
1.1066
1.1117
1.4894
1.2134
1.3397
1.0375
1.5066
0.74302
0.75509
0.71614
0.79983
0.75336
0.74989
0.71779
0.81658
1.0023
1.0593
1.4928
1.7701
0.877
1.5031
1.803
7.5509
15.885
1.7783
1.374
1.2388
1.1402
1.2794
1.3646
3.9174
12.618
11.35
12.618
13.243
14.256
9.7724
14.355
10.209
5.7677
14.655
7.1614
9.1201
12.882
11.641
4.8865
13.459
13.183
10.914
13.274
18.365
12.331
16.558
19.275
13.335
6.8391
5.188
5.9156
14.028
9.2257
9.528
12.647
8.4333
10.351
7.9068
9.7949
6.0117
9.7949
7.0307
10.889
6.6069
7.2111
8.2794
11.22
11.117
9.1833
15.959
16.982
13.002
12.853
6.6834
10.765
12.56
11.858
6.5163
6.3241
8.6298
8.4723
6.1094
6.9823
7.7446
8.6298
11.376
13.583
11.482
11.066
10
6.2951
8.1658
9.7499
10.641
10.839
8.7902
5.3211
4.0365
8.0168
7.0307
4.0179
6.1802
9.4842
9.2257
13.964
10.889
8.3176
5.7412
5.7412
7.2778
7.2444
8.9331
10.116
4.3451
11.324
8.6298
12.56
14.555
14.028
6.3973
10.186
9.7051
12.023
11.885
5.42
5.7412
8.995
9.2045
14.454
9.4406
12.05
10.814
9.6605
10.94
8.8716
9.8628
11.117
14.488
11.194
15.596
13.213
11.508
7.8343
4.3351
5.0234
5.0119
7.9433
8.2604
10.715
7.0469
8.1096
9.1201
14.158
11.668
13.152
2.0184
1.1561
1.1508
1.2106
1.0593
1.3366
1.1967
1.2303
1.1749
1.349
2.541
1.3521
1.2445
1.3868
1.1722
0.97724
1.8493
0.90365
1.2531
1.2359
0.82985
0.71945
0.73451
0.82035
0.74302
0.76384
0.73451
0.81096
1.0814
0.92683
1.0375
2.0797
0.7709
9.2683
4.6238
11.455
10.666
7.5858
7.4817
8.531
9.1833
8.892
10.52
18.621
7.0632
10.789
5.728
15.668
9.3972
11.561
9.0991
8.7297
12.474
15.668
18.03
17.989
11.482
14.723
7.1614
10.99
5.7412
7.9433
10.568
6.1944
1.0666
10.544
7.1779
7.9068
9.9083
10.965
11.94
11.376
6.5464
6.368
7.8705
5.5081
9.506
9.9312
9.4406
7.5858
7.8343
6.0674
5.0234
7.5683
13.032
12.823
1.1117
1.2882
1.5276
2.2751
0.95499
1.0666
1.5066
1.1194
1.2503
9.4842
12.972
8.414
9.3325
10.715
14.928
14.723
13.183
12.735
14.894
13.614
10.715
13.996
11.041
8.3753
7.8343
10.116
8.3946
11.858
12.388
11.695
15.382
14.521
15.812
21.878
16.406
14.388
16.596
13.274
14.488
7.656
8.0538
19.724
8.8716
10.116
9.247
5.902
16.331
7.7625
9.3756
9.0782
9.9083
18.155
11.776
10.568
16.982
12.359
12.618
11.455
6.3826
8.9125
14.223
6.0395
6.2517
10.617
10.046
9.3325
10.889
10.471
9.6828
10.328
9.3541
9.2683
13.614
12.677
7.9799
6.8707
7.9983
7.3114
11.885
10.593
8.7297
6.1094
7.0632
7.7268
10.715
1.2853
1.4388
1.2531
1.3521
1.2706
1.0814
1.0093
1.0116
1.2445
1.1376
1.0814
1.1455
1.1246
1
1.0914
1.1429
0.9977
1.0617
1.1695
1.1967
0.97499
0.98175
1.4962
1.0162
1.2274
0.70632
0.88105
0.76384
0.72277
0.71945
0.76736
0.72111
0.70469
1.1272
1.0209
0.94842
2.3388
4.9204
0.91201
1.0399
0.97949
0.72111
0.83176
0.72946
0.78524
0.77446
0.83368
0.79983
0.71614
0.77625
0.66527
0.64863
0.66681
4.5186
1.2162
2.0137
0.88512
1.0046
1.6368
2.0464
0.64565
0.64417
0.70632
0.65313
0.68234
5.7943
1.7701
1
1.2162
1.7061
1.2134
1.3964
1.2445
1.4454
1.4322
1.0617
1.0765
1.3552
1.194
1.1588
1.1169
1.4028
1.4689
1.0209
1.1041
1.2162
1.4256
2.0512
3.9084
0.64863
0.63973
0.69823
0.64714
0.62951
0.65464
0.64714
0.64714
0.65615
0.76384
7.4473
0.68077
1.4655
0.93111
1.0544
1.1117
0.86896
0.89125
0.97949
1.1995
1.2942
0.94624
1.1272
1.1143
1.1858
1.3521
0.93756
1.1535
1.3804
1.1535
1.1695
1.094
1.0328
1.1695
0.98175
1.2474
1.0328
0.69823
0.65163
0.67453
0.70632
0.81658
0.78163
0.71614
0.75858
0.76384
0.73621
0.79068
0.877
0.84918
1.2078
0.99541
1.3335
1.8967
1.7219
0.64417
0.68077
0.64714
0.7379
0.67764
0.64269
0.65766
0.66988
0.7145
0.64863
0.66374
0.66988
0.65163
0.68391
0.64417
0.66834
0.66834
0.69183
0.69502
0.69984
0.9528
0.67764
0.68549
0.74817
0.71614
0.74302
0.86099
0.80168
0.7656
0.77268
0.81283
26.062
0.66069
1.4454
5.6494
0.7925
0.65464
0.64863
0.63387
0.69502
0.65163
0.64714
0.62087
0.64417
0.63826
0.62517
0.63826
1.6218
1.2972
1.1535
1.099
1.1041
1.0447
1.1455
0.96383
1.1402
1.0789
1.0691
1.2218
0.96383
1.0328
1.6406
0.64863
0.68391
1.3002
1.3932
0.64714
0.64714
0.64714
0.66988
0.63533
0.64863
0.67298
0.69663
0.74989
0.67143
0.68234
0.64863
0.62661
0.64863
0.63533
0.62087
0.62661
0.63096
1.0093
0.65013
0.63533
0.63826
0.67453
0.69343
0.65163
0.64417
0.66222
0.66069
0.67143
0.67143
0.64863
0.65917
0.66069
0.7656
0.70795
0.74131
0.72111
0.66069
0.71614
1.219
0.65163
0.87498
0.65163
0.68865
1.8113
12.823
1.2882
0.65163
0.73621
0.73114
0.69343
0.68707
1.2445
0.69024
0.68391
0.72277
0.74473
0.69183
0.68234
0.88716
0.72778
0.67453
0.66069
0.69663
0.7379
0.69984
0.66527
0.70307
0.69502
