0.99312
2.0324
1.2503
3.8371
19.454
4.8978
2.6485
2.8907
6.4269
3.9902
5.1051
3.4754
4.9091
9.6161
12.106
3.7154
3.5727
3.4754
3.7931
10.641
8.7902
3.9264
15.56
8.1658
9.247
4.5604
2.6062
2.1086
1.7498
2.3227
3.6475
5.9841
3.4277
2.466
3.069
2.7861
2.8774
3.2359
2.8379
4.3652
3.3343
6.8077
3.581
1.932
2.2233
4.9545
5.7148
2.9923
2.8907
2.5823
5.1286
8.6099
2.1478
2.4547
2.2439
1.4355
3.5075
3.6308
3.1189
9.7724
6.5766
3.0761
3.0832
5.2
3.2137
4.0832
2.6485
4.0458
4.2462
15.56
13.428
2.5061
4.0087
2.6122
2.1979
2.5823
2.5704
14.791
12.246
3.5481
4.2073
2.6062
2.3174
3.9084
4.2267
4.3853
3.6644
6.792
3.9446
3.8905
9.7275
5.902
9.5499
1.9275
2.6853
4.6132
1.8535
17.579
4.6345
15.922
4.102
2.5293
2.3659
1.932
2.1777
1.6943
1.5136
6.9024
1.7865
1.6943
1.9634
1.9999
1.6181
3.2063
1.5417
3.062
2.5468
2.3335
1.4791
1.1722
1.9498
5.5081
2.0559
10.233
5.559
8.3368
16.482
15.241
14.723
9.5499
10.495
1.3677
1.3152
1.3062
1.3274
1.4028
1.0666
1.4355
2.2699
3.1477
13.521
17.989
1.099
10.839
9.7051
16.032
11.668
1.3836
6.9343
0.85114
0.82224
0.94189
0.90365
0.79799
6.4565
8.0353
18.03
14.723
1.6558
1.0568
0.7709
0.81658
0.79616
10.617
0.75858
0.80353
0.78705
0.84528
0.8995
1.7989
1.39
1.4223
4.1976
2.8774
1.0715
0.86497
0.92257
2.3067
1.7061
0.98401
1.1041
1.2503
3.281
1.2912
1.3428
1.183
1.3459
1.3092
1.2218
1.574
2.9923
5.2966
0.8147
0.76208
0.80353
0.78886
0.7709
1.0139
1.094
1.2023
1.2764
5.1642
0.83753
0.70632
0.72111
0.74817
0.75162
0.77625
3.8194
18.793
14.06
1.1041
1.3213
1.1298
0.83946
1.0233
1.3062
0.9528
1.3002
1.6106
1.5031
9.5499
1.3366
1.9498
1.2078
0.8531
1.1967
1.1776
1.2853
1.2359
1.8072
1.3152
1.3836
1.2706
0.78524
0.77625
0.88716
0.88716
0.72946
1.1246
0.90157
0.93325
0.82035
0.80538
1.6711
1.6749
1.2677
2.1086
3.155
0.88308
3.3113
0.8414
0.84333
1.0399
0.99541
0.88308
2.6915
1.0471
2.8708
2.1184
4.2658
0.74989
0.77446
0.73282
0.72277
0.7925
0.70958
0.97949
0.77625
0.74645
0.74131
0.78524
0.73961
1.0617
0.71121
0.71945
1.0139
0.87498
0.70632
0.75683
0.82035
0.76736
0.79068
0.75162
0.71945
1.0399
1.1508
1.1117
1.3122
0.85901
12.56
5.9841
0.79616
7.5858
10.864
1.1272
1.1194
1.3552
1.5849
0.82224
0.74817
0.77446
0.76384
0.99312
7.7804
0.93111
1.0495
1.0328
0.98628
1.1885
1.8155
0.74645
0.78343
0.9506
0.74989
0.81846
0.73282
0.73961
0.73961
0.99312
0.73961
0.81846
0.74989
0.8414
0.93756
0.73114
0.74302
0.73961
0.82035
0.74473
0.7379
0.79983
0.7145
0.82794
0.75336
0.75683
0.78524
0.79433
0.8091
0.85704
1.1015
5.3827
0.81283
0.9977
1.1967
3.8194
20.941
21.827
10.093
0.74989
0.73282
0.75336
0.91201
2.5942
0.75162
0.75858
0.7379
0.70958
0.77268
0.72611
2.3496
1.1298
1.2503
1.3243
0.89125
0.87096
1.122
0.83946
0.94842
0.97949
0.78524
0.79433
1.4997
0.97724
1.0186
0.86099
1.1995
0.86497
7.1614
1.3677
1.0399
1.2388
0.71945
1.0889
0.74302
0.74473
0.80724
0.79068
4.6774
0.73961
1.0046
1.0691
1.6596
0.73451
0.76913
0.7379
0.74302
0.93111
0.7379
0.73451
0.72778
0.74817
0.73961
0.72277
0.73282
0.75509
0.85114
0.74473
0.8091
0.73282
0.73114
0.71285
0.68707
0.74302
0.75336
0.7709
0.74989
0.75509
0.7379
0.75336
0.71779
0.75858
0.75336
1
0.91622
0.74645
0.75509
0.92045
0.76913
0.93756
0.79799
0.79983
0.74817
2.1878
0.72611
0.79068
0.7709
0.74817
0.7145
0.75509
0.73961
0.92257
0.80353
0.9528
0.69823
0.76208
0.73282
0.78886
0.78343
0.73114
0.90991
8.9125
0.87297
0.86896
0.98628
0.72611
0.77268
0.75336
0.76208
0.76208
0.77268
0.85901
0.7379
0.84918
0.74645
1.1455
0.7709
0.95719
0.75336
0.80168
0.74645
0.78163
0.82794
0.78524
0.74302
0.7379
1.052
0.70469
0.74817
1.0593
0.7656
0.78886
0.79616
0.74989
0.8091
0.88105
1.4894
1.4158
1.0617
1.2218
0.74989
0.76033
0.75858
0.81096
1.2359
0.72778
0.77983
0.72946
1.2503
13.521
0.87498
0.84918
1.3243
1.2882
1.0914
1.7539
0.96605
1.2942
1.2417
1.3062
1.4997
2.0512
1.2359
1.6368
0.94842
1.3932
0.89743
0.7379
0.74817
0.75683
0.92257
0.72778
0.77268
0.76913
1.0544
1.2106
21.627
1.0093
1.2735
2.1184
2.2909
0.82035
0.73621
0.71285
0.7379
0.76913
0.77268
0.79433
1.2134
0.76208
0.72611
0.72946
1.1614
0.7656
0.84333
0.81658
0.80168
0.72444
0.87096
0.90365
0.72277
0.76033
0.75162
0.7709
0.85507
0.71945
0.89536
0.72946
0.72778
0.73114
0.75858
1.1482
0.95719
0.92897
13.092
0.72778
0.7709
0.74131
1.0375
1.6032
0.85901
0.84333
1.3868
0.92897
0.77268
0.74131
0.74473
0.7925
0.77446
0.83368
0.8091
0.78886
0.81096
0.79799
0.9528
0.74131
0.74131
0.91622
0.82414
0.82414
0.73451
0.94842
0.82035
0.86298
0.93541
0.85507
0.8091
1.3521
0.7709
0.98401
1.1429
0.78163
2.5704
2.8445
0.94842
1.1749
4.9091
4.7973
5.5847
0.73282
0.72611
0.81096
0.68549
0.76208
0.75858
1.0715
0.72946
0.71779
2.7102
7.656
2.7733
1.3646
1.3583
1.9055
1.2912
1.3964
0.83753
0.78163
0.74817
0.7925
2.1281
2.0893
0.7709
0.71945
0.70958
1.3062
3.1117
4.8084
3.2659
2.0512
0.79433
0.78886
0.8414
0.78705
0.81846
0.90157
3.1261
0.80353
0.86696
0.81846
0.71779
0.73114
2.2131
2.0184
1.0375
1.1776
0.73621
0.82414
2.2751
1.1324
1.0447
1.1455
1.0889
1.3213
1.0593
1.0965
1.8621
0.87498
0.74645
0.76736
0.75336
0.76384
0.74817
0.84333
0.9594
0.73451
0.98855
0.79799
0.78343
0.74131
0.78343
0.80724
0.83368
0.74302
0.73621
3.2063
0.89536
0.79068
0.84723
0.76033
0.88105
0.72611
1.1885
0.79799
0.78163
0.81096
4.4361
1.1535
1.5311
0.95719
0.73961
0.73114
0.7145
0.7379
0.84528
0.71285
0.77804
0.77804
1.4256
1.0765
0.98401
0.84333
0.82035
0.88105
0.99312
14.859
0.89331
0.84918
0.8414
0.94189
1.3932
1.4655
3.4277
0.76033
0.74473
0.76913
1.0814
0.74302
0.71285
0.79983
0.7656
0.74817
0.72444
0.97949
0.89331
0.72946
0.76384
0.72946
0.80538
0.71121
0.98401
1.5668
0.76033
0.78886
0.75162
0.76208
0.79799
0.73114
0.73961
0.76384
0.75336
0.7145
0.8091
0.75858
0.84333
0.7656
0.74473
0.7379
0.73961
1.3428
1.6032
1.3122
1.0864
2.6485
0.97724
1.0046
0.98401
2.0184
1.7458
17.061
0.75336
1.1272
0.74302
0.78886
0.73282
4.9091
0.79068
1.0715
1.2274
2.0701
1.1641
1.3335
1.6634
1.1143
1.6943
1.8578
1.0889
2.9242
1.2794
1.2706
1.3213
2.3988
3.1769
1.5959
3.54
1.3932
1.4825
0.7656
0.70958
0.75162
3.0061
2.7353
0.7379
0.73451
0.73114
1.0593
0.76033
0.74302
0.72277
0.73621
0.76033
0.71779
0.71121
0.78343
0.70958
1.0641
0.91411
0.69663
1.099
1.1143
1.0375
0.88308
1.3521
0.86696
1.9498
0.76736
1.3583
1.574
1.6218
1.3836
2.7861
1.1482
1.8155
1.9498
6.5766
1.556
1.6444
2.3659
1.3804
1.9011
3.8194
1.2218
1.4322
1.0789
2.6546
2.7861
1.9634
0.79068
3.6644
2.6363
1.5241
1.2078
0.75509
0.97051
0.72277
0.7145
0.76208
0.72444
0.70632
0.77804
0.93756
1.3305
2.5293
1.1117
0.73451
0.84528
12.359
18.967
13.646
0.94624
0.76208
8.6497
0.72611
0.71614
1.374
0.77983
0.70958
0.7379
0.72778
1.0765
0.93541
0.7379
0.74131
0.74817
0.72946
0.71779
0.73114
0.70958
0.74131
0.78163
8.091
0.69823
0.80353
0.76208
0.82604
0.78705
0.8531
0.82414
0.81658
0.80724
1.3183
0.76208
0.80168
1.0328
0.70795
1
0.71779
0.76033
0.72611
6.6527
0.86099
0.68865
1.2735
0.72444
0.69984
0.7145
0.75683
0.70632
0.8091
0.73114
0.71285
0.70958
0.75336
0.7379
0.70958
1.2823
1.349
0.98401
5.8614
1.1803
0.78524
0.78524
0.98628
1.2331
0.74817
1.074
1.5488
1.7258
1.0375
0.70146
1.1041
1.9999
0.72778
0.81096
0.73621
0.74302
3.0269
1.6406
0.74473
0.71121
0.68549
0.71285
0.8414
0.70958
0.72778
0.73451
0.75858
1.0447
0.69663
0.72946
0.72111
0.74989
0.70632
0.72277
0.70795
2.2646
0.73451
0.71945
0.72444
0.74989
0.76033
0.74473
0.75336
0.90573
0.7145
0.83176
0.79616
1.0304
0.77625
0.7925
0.72111
0.80353
0.90991
0.72611
0.9594
0.75336
0.71285
1.7219
0.73961
0.7145
0.71779
0.70958
0.8356
0.89536
2.5704
0.70469
0.7709
0.98628
1.1143
1.1588
1.3836
1.4859
1.3183
10.765
1.4521
0.73621
1.9815
1.099
1.3772
1.9099
0.71285
0.73961
0.87498
0.78705
0.70632
0.73451
1.122
1.8281
1.2618
0.70958
0.70958
0.95499
4.2954
0.69823
0.74645
0.69502
1.1885
0.70795
0.75683
0.69663
0.71945
0.85704
0.73621
0.81096
0.81846
0.8414
0.83753
0.81283
0.82604
0.78163
0.88105
0.96828
0.94842
0.85704
0.76736
0.77446
0.91201
0.81283
0.8414
1.3772
1.3213
1.3804
2.5823
2.9512
3.9994
4.217
0.93756
1.4962
1.2331
1.6032
1.2023
1.3002
2.0184
2.3281
1.0568
1.9498
14.158
2.138
0.94189
1.4191
1.3772
1.3397
1.6634
3.2137
1.4962
3.1261
0.7379
2.8314
1.6788
5.9979
9.5499
1.7865
1.1298
1.0471
5.2845
4.1305
0.74302
0.7379
0.71614
0.74989
0.73451
0.8147
0.73451
0.7379
0.74473
0.73961
0.7656
0.74645
0.72611
0.70958
0.72946
0.73114
0.72778
0.69343
0.75509
0.70469
2.7925
0.88308
3.1189
2.0654
0.70307
0.79068
0.70146
0.73451
0.69663
4.2267
0.74817
0.71614
0.72277
0.74302
0.70469
0.77446
0.72111
0.69984
0.71285
0.75683
0.75336
0.70632
0.75509
0.71614
0.73961
0.69984
0.7379
0.69823
1.2331
0.95719
0.69984
0.74302
4.0458
1.1885
0.85901
1.0789
1.6749
1.4388
1.0765
0.9977
0.85114
1.374
1.205
1.3213
1.3305
3.1769
2.0654
1.0186
1.4322
1.2647
1.5066
1.9861
2.2439
1.4421
2.1528
1.4997
3.2359
0.98175
1.5996
0.69024
1.1092
1.8967
1.6827
0.72778
0.73282
1.9543
0.71945
0.92045
0.75162
0.77625
0.85114
2.1827
1.3062
1.5346
0.82224
4.3551
1.845
7.5858
0.7379
0.77625
1.8621
0.78343
0.78705
0.73621
0.74302
0.76736
0.85507
0.76913
2.3014
5.0582
0.97949
0.79616
1.1143
1.4355
2.884
5.0699
0.8091
10.399
19.409
15.382
1.2078
1.3709
2.4889
2.9309
2.2909
0.78343
9.0991
17.458
32.584
18.923
9.1622
3.1989
0.72444
0.76913
0.93325
0.83753
0.8531
0.79068
0.82985
0.89536
0.78886
0.83946
0.83946
1.3397
1.1749
2.7733
3.2509
0.84918
4.0551
4.4978
10.093
1.977
11.402
6.3533
1.1455
1.1535
0.8531
1.2106
1.0328
1.1722
0.92683
0.81658
0.8531
19.907
0.81096
0.87902
2.6424
0.73114
0.75858
2.3768
1.652
1.1298
1.7539
5.9979
0.77268
0.73621
0.7145
0.70307
0.72111
2.0417
4.6559
2.0559
0.70632
0.74302
0.73621
0.77446
0.72946
0.71121
0.76033
2.4946
0.72778
0.72111
0.73282
0.75683
0.71285
0.76208
0.72277
0.72277
0.72111
2.6002
0.68865
0.75509
0.7379
0.76913
0.72778
0.72611
0.73451
0.74302
0.81283
0.72778
0.71945
0.72277
0.71121
0.73451
0.74131
0.76384
0.78524
3.6983
0.73114
0.71945
0.76384
0.75162
0.76384
0.71121
0.76208
0.81283
0.80724
9.7949
0.7925
0.78343
0.86497
0.80353
0.80353
0.84723
1.4223
1.1482
0.9506
0.92257
1.2417
1.3709
1.9634
1.0765
1.074
1.845
1.4223
1.714
1.2134
1.6293
1.5453
0.71945
1.0116
1.0186
0.86896
0.80353
1.5136
0.78163
0.71945
0.73451
0.77446
0.78886
0.71945
0.72444
0.76033
0.76736
0.76208
0.96383
0.81283
0.7656
0.81658
0.75858
0.71779
1.135
0.69823
0.96828
0.82794
0.71285
0.79068
0.72277
0.71779
0.73282
0.74817
0.71945
0.9594
0.74989
0.88105
0.79616
0.80724
0.75858
0.82985
1.0617
0.76384
0.73621
0.76208
0.74645
0.73114
0.73114
0.96161
0.75509
0.80538
0.73621
0.73451
0.82224
0.69502
0.90782
0.72444
0.71945
0.74645
0.83946
0.74302
0.92683
1.4928
0.8356
0.73451
1.074
0.72946
1.2106
1.8493
0.84918
0.82035
0.99541
0.84723
1.3152
1.9231
0.93111
0.82414
0.73451
0.75509
0.73621
1.256
1.3772
9.5719
0.73114
0.72611
1.2445
0.72277
0.75162
0.7379
0.72111
0.93541
0.73451
0.7656
0.72111
0.74302
1.094
1.0814
1.0914
1.099
0.73114
0.91622
0.70307
0.8091
0.73621
0.70958
0.72111
0.74473
0.72778
0.8892
1.1912
0.7145
0.74473
0.72778
0.9247
0.73114
0.71614
0.76384
1.2647
10.233
0.77983
0.81283
0.88308
0.82224
0.77268
0.76033
0.89743
1.7378
1.2359
0.74302
0.9977
0.74817
0.86696
0.75858
1.0889
0.70146
0.72778
1.2134
1.0864
1.6144
1.3366
0.98855
0.94842
1.2417
1.8197
1.8793
0.94624
0.74645
0.72111
0.88512
0.75336
0.77983
1.3243
0.70307
0.76208
0.74302
0.74473
0.76208
0.75858
0.72277
0.72778
0.74645
0.76208
0.72277
0.74131
0.76384
0.90157
10.423
0.74473
0.73451
0.76913
0.74645
0.79616
0.81658
0.78524
0.72778
0.7925
0.74989
1.6866
1.0447
0.84723
0.87096
0.74817
0.76913
0.82985
0.86298
0.77625
0.75858
0.7709
0.96605
0.89125
0.75336
0.83753
0.77804
2.6485
0.80168
0.72277
0.73451
0.75162
1.1169
1.1695
0.90157
0.78886
1.094
0.99312
0.7379
0.72111
0.8995
0.75509
1.1885
1.8493
1.5812
1.0023
0.71945
0.76033
0.76736
0.75509
0.76913
0.72778
0.72946
0.74645
6.8549
0.82035
0.75858
0.72611
0.74473
0.7709
1.1995
2.8576
1.3709
0.96383
0.73621
0.75683
0.78886
0.73282
0.75336
0.74302
0.71779
0.81096
0.877
0.89331
0.77446
0.78163
0.74473
0.75336
0.73961
0.75683
0.81096
0.90365
0.74302
0.81096
0.80724
0.73114
0.71121
1.4588
1.349
1.5776
1.2162
0.73961
0.79068
1.4388
0.82794
0.75162
0.70958
1.219
0.75162
1.1298
0.73282
0.78886
0.75683
0.90782
0.89536
0.77983
0.77268
0.74645
0.78524
0.93325
0.72611
0.73621
0.69823
0.72444
0.77983
0.76208
0.85507
0.75509
0.88105
0.72946
0.77625
0.79983
0.76208
0.86696
0.77625
0.74817
0.7379
0.75162
0.73961
0.81846
0.81283
0.81658
0.76736
0.72611
0.78524
0.78886
0.78524
1.1482
3.8371
0.97499
0.75858
0.84528
1.0715
1.256
1.3646
1.0568
1.5136
0.90782
0.92683
1.1246
1.2162
1.4791
1.4158
1.3709
1.0046
0.76033
0.7145
0.93541
1.0069
0.73451
1.2417
1.2942
1.0889
1.5453
0.93325
0.78886
0.81096
1.194
2.1232
1.5205
2.0464
0.79068
0.76913
0.89743
0.89331
0.81096
0.7656
1.6672
2.2961
0.96383
0.74645
0.71779
0.97275
1.0864
0.7379
1.7742
1.1143
0.76208
0.79983
0.77268
0.79799
0.7709
0.80168
0.82414
0.8995
1.0116
0.86099
1.1169
1.4322
1.6866
1.39
1.1298
0.7709
2.133
1.3183
0.98175
1.9679
2.1086
0.75683
0.75336
0.75858
0.82035
0.76033
0.73961
0.82604
1.0593
0.72277
0.73451
0.71945
0.73451
0.73282
0.81283
0.76208
0.75683
2.673
0.79068
0.73282
0.71121
0.8356
0.78705
0.7379
0.74989
0.81846
0.74473
0.76208
9.1201
0.72444
0.77268
0.71779
0.75683
0.74302
0.88716
0.8091
0.77446
0.77983
0.83176
0.75683
0.78343
0.74645
0.71945
0.76913
0.75162
1.0233
0.77446
0.81283
0.85114
0.72946
0.80168
0.78705
0.74645
0.74645
0.74131
0.75858
9.7724
0.81096
0.73621
0.75336
0.79433
0.7925
0.7379
0.80168
0.8091
1.803
1.1429
1.1803
1.0233
1.6181
0.92257
0.76033
0.7925
0.79068
1.4588
1.7742
2.3659
1.1858
0.90573
1.0399
1.1194
1.2474
1.0568
1.8365
1.3092
1.5959
1.1614
1.0233
1.3032
1.1508
1.1455
1.2912
1.3183
7.2611
5.236
1.0351
0.8147
0.85704
0.79433
0.83176
2.9174
1.6181
1.1858
1.5488
0.81096
0.82414
1.4622
0.76736
2.6002
2.3174
1.5596
2.5527
1.6827
0.77983
0.82794
0.77625
1.8621
5.6754
14.256
0.76208
0.74131
1.135
9.3972
13.335
20.559
14.421
0.78163
0.74302
1.3213
0.77625
0.73114
0.97051
0.71614
0.80353
0.74989
0.90782
0.75336
0.8147
0.69823
0.78886
1.5849
0.71614
0.74645
0.72277
0.71945
0.73282
0.71614
0.70795
0.74302
0.70146
1.2853
0.76384
0.72946
0.88308
0.72946
0.76033
1.0351
0.74645
0.86696
0.81283
0.77983
0.80353
0.73961
0.76384
0.77625
0.7656
0.75162
0.74131
0.75336
0.70469
10.069
0.75336
0.72778
0.7656
0.98175
0.73451
0.74473
0.70958
0.77446
0.81658
0.74645
0.70632
0.77446
0.87096
0.74989
0.83946
0.84528
0.7709
0.79068
2.4547
0.87498
0.82604
1.1858
1.1641
1.2134
0.80353
2.3659
0.74473
0.7709
0.82604
0.7925
0.72444
1.0715
0.71945
1
1.3552
0.86298
1.6904
1.6444
0.90157
0.87297
1.1803
1.7418
1.2218
1.2417
1.099
0.70795
0.83946
1.8323
0.74302
0.7145
0.91201
1.1092
0.89331
0.78163
0.69502
0.96828
0.77268
0.72111
1.205
1.1246
0.76033
0.74473
1.0889
1.4355
2.4099
0.97724
0.9506
1.3521
1.1995
0.76384
0.71614
0.74473
1.1092
3.6728
7.9616
0.72111
0.73451
0.72946
0.82414
0.93541
0.79616
0.74989
0.89536
0.87297
0.99541
1.0351
0.74302
1.39
1.4289
0.73114
0.73451
0.71945
0.90157
0.91622
1.3366
0.72778
0.72611
0.73114
0.72277
0.70795
0.70632
0.73282
0.7709
0.70632
0.72444
0.69823
1.3772
1.0715
0.72611
0.71614
1.0423
1.4322
2.037
0.74473
1.3964
1.7022
0.71945
0.73621
0.7379
0.73282
0.85704
0.7656
0.73621
0.71285
0.71285
0.70146
0.70307
0.73282
1.0423
0.88105
0.72444
0.74473
0.71779
0.71121
0.76208
0.73621
0.72611
0.75683
0.69663
0.72611
0.71779
0.74302
0.72946
0.73621
0.71779
0.69984
0.74645
6.5163
0.7379
0.7379
0.72778
0.75336
0.72946
0.72611
0.71285
0.74645
0.79799
3.0832
0.75683
0.71285
0.71285
0.70795
0.76736
0.74302
0.70958
0.8356
0.75162
0.78524
0.82035
0.71614
0.74131
0.70307
0.69663
0.72778
3.9084
0.82604
0.72946
0.72111
0.72611
0.75683
0.72778
0.74131
0.75509
4.4055
0.76913
0.83753
0.74817
0.84918
0.77804
0.7656
0.71945
0.73114
0.7379
0.9506
0.75683
0.69502
0.75509
0.74989
0.72444
0.74302
0.77446
0.8531
0.93972
0.73451
0.69663
0.73451
0.74473
0.75162
0.72778
0.82604
1.0641
1.0889
2.355
0.96161
0.73961
0.8091
0.77625
0.82035
0.77446
0.78163
1.0399
0.87498
0.80724
0.75858
1.0116
2.0701
0.71121
0.75509
0.70958
0.86696
1.2618
0.74473
0.73282
0.72778
0.70146
0.74645
0.72611
0.73961
0.73282
0.86497
0.77268
0.77268
0.76033
0.75683
0.74302
0.74302
0.73451
0.93541
0.91201
0.71779
0.72946
0.77268
0.75858
0.79616
0.79433
0.78343
0.87297
5.4576
0.86298
0.88512
0.85704
1.1995
1.2853
1.099
2.0464
2.5235
9.9312
1.0617
1.2677
1.2706
1.6788
0.80168
1.4928
1.1092
1.3397
0.89536
0.97275
1.574
0.75162
0.7656
0.75336
1.762
0.76384
0.71285
0.74989
0.79068
0.76384
0.77268
0.72111
0.77625
0.79983
1.3335
0.74645
10.889
0.79616
0.8147
1.4521
2.208
1.9907
0.92683
0.82224
0.877
0.86896
6.4269
1.135
1.0691
1.0666
1.1668
1.205
1.3032
1.4622
1.2331
1.2331
1.3996
1.3305
0.99541
4.217
1.4521
1.5776
1.6144
0.74131
0.95499
2.1184
0.73451
0.86099
0.78163
0.73451
0.79068
0.78524
0.75858
1.2106
0.91411
0.69984
1.3836
1.5171
1.5849
0.78524
0.76208
0.76033
0.76384
0.82035
0.93325
0.75509
0.75683
0.76736
0.71945
0.69823
0.72444
0.77446
1.0116
0.74131
0.73621
0.71285
0.79983
0.72946
0.7709
0.69823
0.74473
0.92257
1.2912
0.75509
0.71945
0.74131
0.7379
0.7656
0.73282
0.80538
0.71945
0.75858
0.8147
0.69024
0.77804
0.75162
0.76033
0.82604
0.77268
0.71779
0.7145
0.74645
0.76033
0.85704
0.75336
0.71285
0.77983
0.76033
0.74302
0.95499
0.73282
0.78163
0.76913
0.70469
0.78524
0.73451
0.77625
0.70469
0.75509
0.7925
0.75509
0.92045
4.3451
0.71285
0.75509
0.77446
0.72778
0.7379
0.73451
0.77268
5.035
0.73621
0.74645
0.77983
0.73451
0.7145
0.77446
0.73451
0.76208
0.78343
0.8091
0.81658
1.0399
0.79983
0.77625
0.81846
0.76033
0.87902
0.87902
0.83946
0.877
0.83753
0.84723
1.4289
2.1878
1.2972
1.4894
0.74817
0.89331
0.74302
0.76384
3.3806
2.1577
0.86896
0.71945
4.4157
2.5119
0.78886
0.77804
0.78163
0.7709
0.74817
0.81658
0.77268
0.74473
0.74473
0.88308
0.80724
0.73621
0.79616
0.7656
0.74817
0.72778
0.76208
0.72611
0.74131
0.74131
0.85507
5.9429
0.74989
0.71779
0.74473
0.72611
1.2677
0.72444
0.76208
1.4588
1.5205
1.762
0.72611
0.77804
0.72444
0.72946
0.76384
0.73961
0.80168
0.8414
2.5586
2.1577
1.3932
1.0069
0.75683
1.1402
1.1508
1.0023
0.79799
3.2659
1.4322
1.194
1.4388
1.194
1.1194
2.9992
2.0184
0.75683
0.70146
1.8664
0.72611
0.7709
0.75162
0.78163
0.70469
0.7379
0.75683
0.74645
0.74645
0.70958
0.7379
0.77446
0.7656
0.75683
0.77268
0.71779
0.75162
0.84723
0.70469
0.77446
0.73114
0.77446
0.77804
0.77625
0.7709
0.74473
0.83946
0.7656
0.80538
0.75509
0.71614
0.7379
0.74817
0.75336
0.74302
3.342
0.81846
0.71614
0.79983
0.81658
1.5241
4.9545
0.73282
0.71285
0.74131
0.8091
0.73961
0.76208
0.77268
0.76913
0.76913
0.69502
0.72778
0.97275
0.89536
0.72111
0.74989
0.75858
0.72111
0.69343
0.75683
0.73451
0.72946
0.90991
0.72444
0.74131
0.70307
0.72444
0.74645
7.2444
18.072
19.634
5.0582
7.7446
0.80168
6.6527
23.714
18.113
19.953
12.388
1.7219
14.894
1.1092
4.9774
2.0893
19.364
0.92257
1.3583
11.695
1.1194
0.96161
0.88308
0.93325
0.8892
0.93756
2.0606
2.3442
0.73282
0.71614
0.74989
0.78705
0.78524
0.76736
0.92257
0.80353
0.77268
2.7797
0.93756
3.4356
1.1912
0.70469
18.923
17.539
7.4473
11.066
1.0765
1.0375
0.81096
0.91411
0.87498
1
0.75162
0.90573
16.331
18.45
20.512
25.177
26.546
23.281
27.797
28.054
29.717
21.928
20.559
17.742
20.137
20.845
29.923
2.4044
18.967
15.101
20.277
34.514
42.073
18.707
27.479
22.387
34.514
26.303
17.14
1.9275
17.458
23.121
23.605
37.844
33.189
26.182
28.249
25.823
28.774
34.754
25.527
21.827
25.293
20.324
21.038
26.607
24.322
20.512
24.099
22.336
25.003
18.88
21.677
29.309
25.177
17.824
20.045
43.451
20.989
20.845
28.642
1.2853
0.96383
23.55
20.23
39.264
27.227
22.751
24.889
26.424
24.889
24.889
1.9588
1.7179
1.4028
1.1194
0.97949
6.2373
28.184
29.512
25.942
21.038
25.293
22.233
30.269
8.4528
1.0233
2.2233
11.22
2.0749
0.82604
0.79799
2.6242
1.0069
1.7378
1.6711
2.1184
0.7925
0.73621
0.88716
3.4277
2.2594
1.932
0.97499
3.4834
24.604
22.491
24.266
30.2
28.379
34.041
31.915
26.792
18.072
24.946
23.174
24.099
28.054
23.335
25.527
23.227
37.239
25.235
17.989
16.406
1.5311
1.7219
4.0087
1.3459
1.4125
0.8147
1.1194
1.762
1.3335
11.668
16.943
0.80353
0.74302
0.73961
0.75858
0.79799
0.77268
0.76384
0.93972
0.7379
0.76384
0.73451
1.3366
1.0304
1.0069
0.86099
1.2474
1.0471
0.99312
0.98175
1.4028
1.9907
2.1928
0.86099
1.0691
1.0617
1.1092
1.0864
1.2706
1.1535
1.1695
1.0375
1.2706
1.1912
1.1298
1.256
1.652
1.3032
1.1429
0.89743
0.9977
4.8084
1.1246
0.71285
1.1194
0.72111
0.7925
0.73282
0.76033
1.2706
0.77446
0.75683
0.75336
0.7709
0.73451
0.74989
0.72611
0.73961
0.79433
0.79616
0.75336
0.77446
0.72277
0.77804
0.76033
0.75509
0.77804
6.2373
0.7925
0.79616
0.74131
0.73451
1.028
0.77804
0.7656
0.73114
7.8705
0.98401
0.69343
0.77804
0.73451
0.74302
0.78343
0.78886
0.74302
0.76208
1.3614
1.0046
0.80538
0.82985
0.92045
0.79983
0.77983
1.2388
1.766
1.2246
0.74989
1.1482
0.74817
0.77983
0.74817
0.75509
0.71614
0.75162
0.74131
0.877
0.74131
0.73114
0.71779
0.71779
0.72277
0.77983
0.75336
0.74302
0.82414
0.76913
0.81846
0.72277
0.7709
0.77446
0.77268
0.80168
1.0162
0.73451
0.8356
2.4717
0.80353
0.7925
0.78705
0.77983
0.81658
0.8147
0.76913
0.93972
0.75683
0.72611
0.74473
0.87902
0.78705
0.76736
0.71121
0.74817
0.79616
0.78705
0.94189
0.82985
0.8414
0.90157
1.052
0.7656
0.77446
0.73114
0.72611
2.2594
0.96605
0.76736
0.7925
0.77268
0.71614
0.7656
0.7379
0.75509
0.90782
1.0617
0.79616
0.71779
0.70795
0.76736
0.72946
0.76913
0.93756
0.77804
0.78524
0.8414
0.76913
0.75162
0.91201
0.72946
0.77983
0.83176
0.87297
0.74989
0.79616
0.72778
0.7656
0.74302
0.73282
0.73114
0.73621
0.90157
0.79983
0.79068
0.82224
0.84723
0.78163
0.77983
0.73621
0.76384
0.81846
0.74817
0.93325
0.77625
0.73282
0.70795
0.75683
0.78886
0.75858
0.73961
0.76033
0.74302
0.74989
0.80353
0.86696
0.7656
0.74645
0.8414
0.81846
0.80538
0.86896
0.75336
0.77804
0.73961
0.81283
0.77268
0.7709
0.8147
0.72277
0.92683
0.76913
0.7145
0.76208
0.74645
0.73961
0.75858
0.74645
0.73282
0.76384
17.258
0.77268
0.92257
0.83946
0.88512
0.75336
0.77804
0.78886
0.78163
1.2618
0.72778
0.76033
0.73961
0.74989
0.85704
0.7379
0.78705
6.6988
0.90365
0.98175
0.90157
0.88716
0.92045
1.7219
0.92897
0.85704
0.77804
0.7925
1.0447
0.76384
0.77804
0.77625
0.76736
0.76033
0.79068
1.0304
0.9247
0.93972
0.76913
0.75858
0.74645
0.84723
0.79616
0.7379
0.73621
0.98175
0.88716
0.94842
1.0328
0.85704
1.074
1.0423
0.8414
1.1967
0.93756
1.8535
1.4723
1.219
0.91833
0.94624
0.86298
1.099
1
0.75162
0.76736
0.86896
0.72611
0.83176
0.77804
0.78343
0.71779
0.74645
0.76033
0.74817
0.97051
1.4825
0.94842
0.74302
0.72778
0.877
0.79068
0.75336
0.74989
0.76384
0.74131
0.74131
1.3709
0.73621
0.72111
0.77268
0.72778
0.73114
0.76913
0.74989
0.76033
0.80538
0.72277
0.7379
0.7709
0.77983
0.7925
0.73961
0.73282
0.72946
0.8531
0.69984
0.78886
0.7379
0.79616
0.75162
0.73114
0.70469
0.7656
0.83753
0.71779
0.74473
0.71945
0.74131
0.73621
1.0765
0.87297
0.78886
0.80353
0.78886
0.71285
0.73621
0.75336
0.76384
0.79983
0.74131
0.72778
0.81283
0.82035
0.71945
0.73114
0.72277
0.71945
0.72277
0.73961
0.76384
0.89536
0.73621
0.76736
0.73282
1.1169
0.81283
2.1777
1.1722
1.0666
7.2611
1.0666
1.1092
1.3552
1.4388
0.73451
0.74131
0.75509
0.71945
3.3651
0.71121
0.71614
0.73114
0.74817
0.75683
0.70795
0.75858
0.71779
0.92257
0.78163
0.75162
0.75162
0.74645
0.77804
0.73621
0.76384
0.79433
0.71945
0.77983
0.71121
0.72111
0.70958
0.71945
0.75509
0.76736
1.1912
1.135
0.76913
0.75162
0.75683
0.80353
0.86696
0.80168
0.79433
0.79433
0.82985
0.93756
0.91201
0.82035
0.81096
0.78524
2.3605
0.95499
1.0568
1.5031
0.9247
0.9977
0.77983
0.81096
1.1324
1.556
0.7709
0.74989
0.94624
0.88716
0.77625
0.97275
0.77625
0.78705
0.74302
0.75162
0.75162
0.72611
0.74989
1.2359
0.77625
0.80353
0.83753
0.84528
0.76736
0.83753
0.73114
0.82604
0.78524
0.87902
9.0573
0.75162
0.75683
0.74473
0.72111
0.83368
0.83368
0.79433
1.4125
0.7656
0.74473
0.78886
0.78705
0.96828
0.78886
0.7656
0.73451
0.7709
0.78163
0.81846
0.81283
0.78524
0.9506
1.2106
0.82604
0.79433
0.83946
0.84333
7.8524
0.87902
0.79433
0.91833
1.5382
1
0.98628
0.82035
1.7061
1.0889
0.94842
0.75162
0.74817
0.77804
0.75683
0.73282
1.2078
1.183
1.1429
1.0069
0.7379
1.1376
0.79068
0.78163
0.76208
0.82414
0.82035
1.2531
0.86099
0.98175
1.3183
1.256
1.1535
1.652
1.3092
1.1749
1.39
1.1912
0.94624
1.1169
1.1143
1.2023
1.3243
1.5524
1.3709
1.2823
1.6255
1.7258
0.86896
1.0544
0.97724
0.73621
0.73282
0.81846
0.80353
0.79433
0.78524
0.73114
0.79433
0.74989
0.83946
0.82985
0.72277
0.70307
0.82035
7.2444
0.77268
0.75336
0.78705
0.69823
0.77625
0.79799
0.76033
0.71945
1.5031
0.79799
0.85901
0.75683
0.70958
0.78524
0.73961
0.74989
0.75858
5.0699
0.90573
0.69502
0.72946
0.72778
0.73451
0.76913
0.75336
0.74131
0.7709
0.76033
0.73282
0.76384
0.75683
0.77268
0.97949
0.84723
0.75683
0.94406
0.73282
0.76913
0.72277
0.73961
0.76736
0.86099
0.88105
0.8892
1.2794
0.76033
0.77804
0.73961
0.88308
1.5524
0.75509
0.86298
0.93111
6.2806
0.92683
0.79799
0.87498
0.95499
0.94406
0.76384
0.73451
0.73961
0.84333
0.80353
0.72111
0.73621
0.71614
0.82224
0.80538
0.76208
0.8147
0.78705
0.74131
0.74302
0.73961
0.74989
0.7656
0.7379
0.79433
0.69984
0.71779
0.89536
0.79068
0.72611
0.68391
0.80353
0.9506
0.86896
0.90573
0.73282
0.73282
0.76736
0.77804
0.82414
0.91201
0.80353
0.77625
0.80353
0.79068
0.77625
0.77625
0.7709
1.1482
0.78524
0.74473
0.81096
0.76033
0.73621
0.74989
1.0328
0.90365
0.73451
0.71121
0.83176
0.89743
0.78163
0.87902
0.72946
0.7709
0.82604
0.81283
0.74645
0.75683
0.76384
0.73282
0.77983
0.7925
0.85704
0.86497
0.80538
0.83368
1.0162
0.73451
0.8414
0.73451
0.77625
0.76208
0.7656
0.74302
0.87902
0.88105
0.77446
0.75858
0.93972
0.89743
0.74645
0.79068
0.81846
0.94624
0.91201
0.81658
0.78163
0.74645
0.72444
0.77983
0.76208
1.0023
1.194
1.0789
0.70307
0.90157
0.88512
0.75336
0.93972
1.1041
0.80353
0.8147
0.81096
0.85901
0.8147
1.0162
1.3932
0.85507
0.88105
0.80724
1.0304
1.3964
0.97051
0.8147
0.86896
1.028
1.1668
2.0845
1.4256
0.93111
0.93541
1.1776
1.0715
1.028
1.0965
1.1376
1.1402
1.2912
1.1995
1.4355
6.4417
0.75858
0.74989
0.7145
0.80168
1.2274
0.68549
0.76384
0.72611
1.1722
1.652
1.4825
1.0023
0.9247
0.71614
0.73621
0.7379
0.73114
1.3122
5.9704
0.83946
0.72444
0.70795
0.70632
0.90157
1.2388
0.73961
0.72611
0.7379
0.86298
0.74817
0.73114
0.72611
1.1722
0.79983
1.2942
1.028
1.5346
0.9977
0.99312
0.96605
0.73451
0.97724
0.74473
0.71121
0.91201
0.72611
0.72778
0.78705
0.70307
0.73961
0.76736
0.70469
0.7379
0.70958
0.72444
1.0116
1.5959
0.69984
0.73282
0.73282
0.73451
0.71779
0.72778
0.71779
0.69823
1.3397
5.3333
0.70958
0.72946
0.71121
0.73451
1.0839
0.73282
0.74302
0.77268
0.74645
0.74473
0.71121
0.98401
0.68865
0.74302
0.70307
0.74817
0.74817
0.69823
1.5171
0.84723
0.85507
0.72611
0.71614
0.76033
0.71285
1.2162
0.97499
0.93111
0.75683
1.2106
1.8072
1.0914
0.70307
0.71285
0.72611
0.70469
1.3868
0.99541
1.5171
9.2045
0.89536
3.2509
0.70632
0.74131
0.71285
0.77446
2.2542
1.3677
1.1092
0.71614
0.74817
1.7338
1.4093
1.205
1.7418
0.79799
3.6813
0.74645
0.85704
0.74473
0.73282
0.7145
0.74131
0.76736
0.73961
13.996
42.462
26.002
34.277
41.976
23.933
20.512
21.281
30.13
19.498
22.439
25.41
25.942
21.528
4.7973
20.137
26.977
31.915
23.067
29.376
22.387
24.099
29.444
28.119
28.84
23.121
29.648
21.33
16.406
6.1518
10.28
19.409
20.606
24.889
22.961
24.946
19.498
21.827
20.277
18.621
31.842
16.672
5.3456
24.946
26.002
26.669
31.046
30.061
44.566
21.33
21.478
0.91622
7.4473
23.014
32.659
20.941
22.856
25.177
28.445
32.285
24.66
24.21
22.029
20.701
22.961
19.815
1.2218
0.86497
18.923
19.815
27.416
24.378
23.014
22.542
22.646
33.729
18.967
36.898
25.003
21.086
20.137
1.2735
1.1967
1.1092
9.0573
1.5996
1.1995
1.8323
25.235
1.7258
0.86099
0.78886
1.3614
0.9247
7.3961
7.1614
0.91833
1.099
0.91833
1.1508
1.1041
1.2078
0.86896
1.2303
0.74645
0.73282
0.71945
0.71121
1.3002
0.73282
0.74817
1.0864
1.0715
0.74645
0.75683
0.72444
0.73621
0.7925
0.76913
0.75162
0.77983
3.5481
0.74131
0.73282
0.77804
0.70632
0.72111
0.77983
8.77
21.086
17.701
2.023
1.6711
1.0814
1.1272
0.98401
1.0069
1.9187
15.812
0.7925
1.7061
0.8147
0.80538
0.74817
0.74302
0.85114
0.73621
12.274
24.266
23.281
23.988
24.099
18.535
22.284
24.66
20.464
21.677
23.014
43.551
23.281
1.3305
2.0417
16.331
20.845
25.293
40.365
21.429
24.66
27.733
23.442
32.137
29.444
23.335
21.777
11.22
32.81
38.019
22.233
13.614
7.925
22.803
20.893
36.224
29.174
24.266
24.434
38.459
21.038
22.284
27.416
20.559
33.884
21.928
23.121
24.66
26.303
26.73
11.22
6.4863
16.711
0.88105
17.539
23.227
26.977
21.577
20.417
35.975
30.409
20.512
26.242
22.08
26.915
22.336
21.232
26.915
29.992
10.023
2.958
21.038
26.669
23.605
22.029
23.768
23.714
27.669
1.3213
0.84918
0.85114
0.82604
0.81283
1.8621
1.803
0.93325
1.122
1.762
1.6866
1.5276
1.6293
1.1668
0.96828
1.2417
18.88
23.281
22.284
21.33
21.478
25.351
21.577
20.845
13.49
29.04
11.092
27.164
27.102
24.322
21.928
23.878
27.606
26.424
25.882
18.88
15.171
23.281
23.55
23.55
19.275
22.08
28.708
37.584
23.067
34.041
23.067
23.714
19.953
22.491
30.62
34.435
25.468
26.73
28.249
22.439
21.979
3.2137
2.3121
2.2699
3.4594
2.1777
20.606
19.055
20.184
19.999
26.303
21.777
21.429
19.907
20.701
25.003
22.387
2.3014
7.145
21.33
28.379
35.892
24.547
21.777
21.777
22.594
1.9907
0.95719
1.9275
1.5453
0.79068
0.85114
0.88105
0.7925
0.79983
0.8091
1.2388
1.205
0.81658
1.9099
0.99541
3.5975
1.2794
27.479
0.7379
16.368
23.768
24.66
22.284
21.979
29.58
22.803
27.04
23.496
25.351
29.648
26.485
32.137
39.719
23.281
18.707
25.468
27.797
38.194
35.237
40.738
18.535
1.3932
3.2961
22.646
27.353
22.909
48.417
34.674
23.605
19.815
2.1086
2.3014
7.0146
10.965
19.634
21.777
23.988
26.546
22.856
30.832
24.547
23.605
23.067
27.04
22.131
32.659
25.119
26.002
30.761
20.184
20.137
24.322
26.424
23.281
20.749
41.4
24.378
30.549
1.7783
14.757
0.98628
0.88308
0.87096
1.0666
1.845
1.1967
11.22
16.368
10.257
7.709
14.859
1.256
5.7677
29.923
22.491
20.464
22.961
29.107
25.177
25.351
23.933
23.442
21.038
27.353
20.277
20.091
26.424
22.439
31.477
23.067
29.444
24.434
50.699
19.634
35.075
11.641
15.849
10.447
13.521
19.953
17.947
14.223
22.08
23.988
27.227
25.942
25.882
24.604
39.719
34.674
15.776
27.797
3.6983
1.5171
3.7584
2.704
2.2387
1.3243
1.0914
21.38
20.941
20.989
24.717
26.182
10.375
25.351
22.08
24.434
25.704
18.239
27.542
22.856
25.763
19.143
21.429
26.363
19.32
28.379
27.669
15.524
1.3183
2.1528
1.219
2.8774
25.527
26.424
33.037
26.242
36.224
22.439
27.606
26.73
33.189
14.388
24.66
23.227
22.594
35.237
24.155
26.792
24.21
5.6754
20.797
23.388
29.242
29.04
19.275
24.099
24.378
22.594
2.0464
2.0324
3.4277
1.5849
9.9083
5.6494
2.7669
0.90782
0.85901
0.93972
1.5996
1.1015
7.7268
22.439
1.4388
21.429
19.143
25.468
23.714
27.353
25.527
25.704
33.651
35.156
26.669
43.152
26.303
23.014
25.235
29.107
25.586
25.645
27.227
32.509
37.068
27.542
33.266
25.119
25.061
1.766
1.7418
1.5241
1.2942
1.5704
1.4555
2.2284
21.33
25.704
21.232
23.878
34.834
36.224
24.21
31.405
17.219
3.0479
1.7418
0.94406
0.82224
0.90157
0.85507
1.2677
3.4914
34.356
24.774
23.659
26.546
22.542
25.527
27.29
26.002
36.141
28.51
20.277
31.117
27.99
9.8855
22.336
24.831
25.942
34.356
26.792
25.586
24.434
28.51
20.045
20.559
25.823
30.269
25.645
24.889
33.963
30.2
35.237
22.594
2.4889
27.99
25.003
27.797
21.577
19.679
23.496
27.733
38.815
26.363
27.102
23.55
7.9983
27.29
24.717
23.823
30.549
28.184
31.477
21.878
24.889
33.651
42.855
36.813
38.815
26.977
26.424
25.468
21.281
31.333
28.314
24.21
25.061
27.227
27.925
29.785
24.266
26.915
