2.5235
1.8072
1.1169
1.4322
2.5351
3.4041
9.506
0.86896
1.0447
0.92045
0.88716
0.85704
0.92045
0.8531
0.9594
0.8356
0.8356
2.9376
3.8107
1.6444
1.2794
1.6596
1.9231
1.2134
1.3521
0.83176
4.5082
18.535
19.32
29.785
1.5136
0.9506
0.94624
1.0139
2.355
2.6242
20.464
22.909
24.831
25.882
20.137
24.604
3.8371
1.9543
3.5727
2.1135
1.4454
2.3714
1.6866
1.2106
3.2434
1.5101
0.84723
0.72778
1.8664
0.84918
1.6904
1.6218
1.1641
22.284
25.293
25.003
28.314
1.2359
0.8531
11.641
1.4859
20.091
24.774
24.378
23.496
19.143
20.797
0.95719
5.9429
2.0324
1.8578
2.5003
1.7906
9.2897
22.594
25.41
22.336
21.38
3.0339
1.9143
0.8356
0.81846
1.4723
17.579
24.266
27.99
23.442
23.714
1.2274
0.89331
1.0641
1.099
1.0069
1.8365
0.89331
0.88716
0.8147
0.79433
1.2246
3.2961
0.94624
5.4075
6.2517
3.6308
1.4928
1.5996
1.7298
2.7733
1.1614
1.5668
1.9454
10.162
0.70469
1.0965
1.0399
0.95499
1.099
1.1066
1.5488
1.0691
1.1272
18.75
15.101
4.0926
13.9
19.409
25.468
25.763
27.733
24.434
27.99
21.086
22.594
9.1411
1.0839
1.0568
1.0965
1.2106
0.86896
1.4757
0.84528
0.8414
1.9364
5.2119
0.92045
0.89536
6.4417
18.535
23.659
24.491
21.928
23.933
25.823
2.6853
0.9247
1.0209
1.0139
1.8365
0.81096
0.93972
1.0715
0.75162
0.79616
0.84528
0.77804
0.85704
0.89743
1.3062
0.76033
0.70146
0.70958
0.67764
5.1523
1.2531
1.5382
0.8414
1.5346
1.3428
1.5101
1.6672
0.93972
1.2359
1.7701
2.6607
0.7709
0.78886
2.8379
0.83753
0.77625
0.85704
0.85114
0.87297
0.74817
0.68865
0.74817
0.70146
0.70307
0.71779
0.93756
0.69823
0.70307
0.71614
0.67764
0.76208
0.69343
0.7145
0.70307
0.78886
0.76913
1.2677
2.4434
1.2388
10.965
7.9068
17.258
21.528
22.284
22.08
16.032
20.23
21.232
25.061
21.979
23.878
23.335
21.429
24.044
2.8642
1.4488
3.0061
1.6218
0.8531
0.80724
0.87902
0.74645
20.277
19.634
23.174
21.33
2.1184
5.4576
2.6122
19.143
22.336
26.915
20.701
23.605
21.777
21.928
19.099
21.429
26.242
24.604
23.768
24.378
19.143
14.223
22.646
21.979
22.029
21.281
21.281
4.5082
0.86696
1.1117
3.155
1.256
1.1588
1.7418
0.9977
1.4655
1.4223
1.4488
0.85507
0.82035
0.76033
0.90157
0.98175
0.87902
1.4322
0.78343
0.74131
0.86298
1.766
0.77983
0.96383
1.8281
0.69663
0.75336
0.74131
0.8356
0.82414
1.2162
0.8414
0.89536
0.97499
0.97051
1.6255
0.81658
1.4421
0.71121
0.76384
0.74302
0.72778
0.77625
0.6792
0.80538
1.094
1.2706
1.5311
1.1117
1.0715
1.3521
1.7022
0.9977
0.92897
1.6827
1.1967
1.0666
1.256
1.4322
1.5849
0.80353
0.84723
0.74817
0.77268
0.74302
0.74131
0.87096
0.77804
0.78163
0.76384
0.74131
0.75336
0.85901
0.70146
0.82794
0.71614
0.7709
1.3002
0.70307
0.81096
0.71285
0.74131
0.81846
0.75336
0.77268
0.73114
0.77804
0.83946
0.82794
0.71285
0.71614
0.77625
0.81846
0.8356
0.92257
0.74645
0.68865
0.77983
0.8995
0.85507
0.68707
0.7145
0.82414
0.90365
0.86896
0.83946
0.70632
0.8091
0.77446
0.7656
0.74817
0.76208
0.76384
0.75162
0.85901
0.85704
0.74302
0.74473
0.83946
0.74302
0.93972
0.79433
0.73282
0.76033
0.84528
0.93756
0.90991
1.1272
0.86696
0.89331
0.94406
1.0351
0.79799
0.77446
0.78343
0.89331
4.256
0.70632
0.70632
0.73451
0.72111
0.77804
0.70958
0.78343
1.9275
0.7145
0.72778
0.7145
0.74473
0.74302
0.74645
0.74817
0.74817
0.67608
0.68707
0.70958
0.71779
0.77625
0.71614
0.68391
0.70307
0.68391
0.68865
0.76913
0.72111
0.69984
0.67608
0.86696
0.85901
0.75162
0.75509
0.77446
0.77268
0.69663
0.73114
0.76208
0.75683
0.69663
0.76208
0.69343
0.71614
0.87902
0.73961
0.74817
0.76384
0.78524
0.76208
0.75336
0.71285
0.68865
0.76384
0.68865
0.7379
0.72111
0.69984
0.70307
0.72444
0.73621
0.74302
0.72946
0.69024
0.67298
0.67298
0.67453
0.78343
0.66374
0.79068
0.67298
0.66834
0.69502
0.79068
0.70632
0.66222
0.75858
0.73621
0.78163
0.7145
0.71945
0.72277
0.6792
0.88308
0.65313
0.7379
0.70632
0.65013
0.70146
0.79983
0.71121
0.72611
0.77804
0.8414
0.73282
0.69823
0.68234
0.71945
0.7656
0.77625
0.7709
0.74817
0.75336
0.69823
0.73451
0.75858
0.67298
0.6792
0.70469
0.75509
0.74817
0.76913
0.69343
0.75683
0.72277
0.73114
0.74645
0.76736
0.6792
0.70469
0.72444
0.73961
0.75336
0.8531
0.69984
0.70307
0.68707
0.80724
0.73621
0.7656
0.7709
0.78705
0.70146
0.74645
0.77625
0.7709
0.75336
0.72444
0.73282
0.70632
0.76033
0.70146
0.72277
0.7379
0.72277
0.66988
0.73961
0.75336
0.70632
0.73961
0.74302
0.71614
0.69663
0.70958
0.67764
0.70146
0.74989
0.70795
0.72611
0.66834
0.70469
0.73282
0.79983
0.70795
0.70795
0.70307
0.68707
0.74131
0.7145
0.71614
0.87498
0.66069
0.76384
0.79068
0.79616
0.71945
0.71285
0.8091
0.69183
0.75336
0.74645
0.73451
0.75162
0.68077
0.70307
0.7379
0.92897
0.82794
1.9907
0.78886
0.77446
0.81283
0.77446
1.7539
0.73282
0.77983
0.89536
0.78886
0.73451
0.74302
0.73621
0.7145
0.77983
0.77983
0.71285
0.70307
0.7379
0.69024
0.69024
0.76208
0.67608
0.73114
0.79983
0.76033
0.72611
1.0069
1.2134
1.4689
1.8836
0.70795
0.71285
0.72946
0.76033
0.71285
0.68707
0.7656
0.85704
0.88105
0.72277
1.2162
1.374
1.5996
0.99312
0.92897
0.86099
1.7824
0.8091
0.68234
1.1376
0.8147
1.0257
1.0351
1.2853
0.74131
1.6866
1.0814
2.8708
3.8726
1.1169
2.7925
0.78705
1.8967
0.76384
0.7709
0.68707
0.71779
0.7379
0.7656
0.7145
0.69823
0.74989
0.82414
0.74645
1.0139
0.76033
0.77804
0.73961
0.68077
0.7656
0.72611
0.67608
0.76384
0.75336
0.67764
0.71945
0.79433
0.71945
0.66527
0.66681
0.6792
0.72778
0.70307
0.69663
0.70146
0.72277
0.77446
0.71614
0.70307
0.72277
0.70469
0.70146
0.70632
0.70146
0.66069
0.69823
0.76913
0.72111
0.68707
0.70795
0.7145
0.72111
0.73621
0.71285
0.66681
0.69663
0.68865
0.74302
0.75509
0.73451
0.71121
0.71121
0.74302
0.71614
0.7709
0.7145
0.66681
0.67764
0.74131
0.70958
0.67608
0.69343
0.74817
0.70632
0.6792
0.68077
0.69024
0.71121
0.67298
0.74302
0.6792
0.69502
0.68391
0.81658
0.73621
0.72778
0.68549
0.77804
0.72277
0.69343
0.79068
0.70958
0.72778
0.74989
0.76384
0.69343
1.1776
0.70469
0.71614
0.68865
0.69984
0.67298
0.75162
0.69502
0.68549
0.73282
0.79433
0.7709
0.69502
0.69502
0.72111
0.68707
0.71285
0.70958
0.71121
0.73961
0.70146
0.74131
0.66374
0.66681
0.78343
0.77983
0.7145
0.66834
0.64714
0.65013
0.90991
1.2503
0.68077
0.71285
0.68077
0.65615
0.71285
0.7145
0.69823
0.70958
0.80724
0.76384
0.71779
0.69502
0.78163
0.68549
0.74131
0.77804
0.68391
0.72946
0.69984
0.7145
0.72277
0.66374
0.74645
0.73961
0.74473
0.73621
0.70469
0.74817
0.83946
1.3092
1.0495
2.9854
4.3954
3.1989
0.92045
1
1.2246
0.97724
1.0233
1.3032
1.8155
1.7701
3.0269
0.85901
0.73282
0.87096
1.6827
0.98401
3.1333
0.90573
0.92257
2.7479
4.0832
1.0399
0.76913
1.4223
0.77804
0.73621
1.0641
0.73114
0.82604
0.85901
0.78886
0.76208
1.6711
0.70307
1.2246
2.5882
8.6497
6.368
0.97949
1.5959
1.205
1.2359
4.592
3.3884
2.2699
0.68234
0.74645
0.75683
0.67453
0.68234
0.72111
0.70146
0.87096
0.70146
0.82035
0.74473
0.69183
0.8147
0.7656
0.86696
0.89331
0.81846
0.79616
3.3497
3.4914
0.69984
0.72277
0.76384
0.68391
0.69502
0.74645
0.70958
0.7656
0.71779
0.73282
0.75858
0.70146
0.73114
12.445
22.182
22.284
25.293
24.155
21.281
18.664
25.527
23.174
18.155
19.364
9.3541
15.596
22.909
21.135
26.122
23.281
24.155
18.578
21.777
23.281
22.08
21.928
27.542
6.4417
3.581
8.0724
8.9331
1.5704
1.8281
0.86497
4.9774
0.91622
0.97499
0.81096
5.821
0.73451
0.71779
0.67298
0.94406
0.70307
0.72778
0.79616
0.78705
0.71285
0.73621
0.71779
0.69663
0.70469
0.68234
0.67298
0.69663
0.70958
0.73451
0.75509
0.71614
0.67608
0.69183
0.73282
0.72611
0.71285
0.7145
0.70146
0.73961
0.68077
0.74302
0.74302
0.69663
0.73114
0.68234
0.72611
0.72946
0.9594
1.2474
0.92257
1.7824
1.2972
1.3305
0.97724
1.5031
1.1695
1.0495
0.70632
0.7709
0.80724
0.7145
0.75336
0.70469
0.75162
0.75336
0.70469
0.7145
0.69823
0.67453
0.75162
0.76913
0.74131
0.71121
0.76913
0.69502
0.72111
0.69183
0.71614
0.67764
0.7145
0.74473
0.72444
0.73114
0.70469
0.74473
0.67298
0.77625
0.78343
0.69984
0.73621
0.70469
0.73114
0.75858
0.76736
0.76913
0.70958
0.65917
0.74817
0.74817
0.70469
0.73961
0.71945
0.69024
0.78886
0.69984
0.76736
0.82035
0.69502
0.69823
1.2503
1.9099
1.5101
1.9724
0.69183
0.72111
0.70469
0.73282
0.76033
0.7145
0.65313
0.68234
0.68865
0.65766
0.69823
0.6792
0.73451
0.71121
0.72277
0.70958
0.69823
0.73282
0.71614
0.69663
0.75162
0.74473
0.70632
0.65766
0.69343
0.71614
0.69024
0.69024
0.70307
0.73451
0.72778
0.70307
0.72946
0.72946
0.66527
0.74817
0.70307
0.8091
0.72444
0.70469
0.73621
0.66222
0.69823
0.70632
0.66069
0.73961
0.68391
0.72611
0.74131
0.70632
0.70632
0.76913
0.71779
0.73621
0.73961
0.90157
0.7709
0.75683
0.65917
0.77446
0.77268
0.73621
0.66222
0.71121
0.69024
0.69183
0.69984
0.66681
0.70632
0.78705
0.69823
0.73961
0.68865
0.70146
0.65013
0.76736
0.70469
0.72111
0.69183
0.89536
0.75509
0.69024
0.68865
0.69343
0.78163
0.71285
0.71285
0.70146
0.73282
0.70146
0.77625
0.78705
0.70469
0.77268
0.66069
0.75509
0.74989
0.68865
0.86099
0.77983
0.72946
0.80353
0.66681
0.68549
0.74989
0.74989
0.78705
0.76384
0.79799
0.74302
0.75683
0.72444
0.74473
0.66222
0.76033
0.74302
0.72444
0.74645
0.75162
0.79616
0.72611
0.72444
1.1194
0.75683
0.77983
0.75858
0.75162
0.67143
0.79068
0.78163
0.76913
0.68391
0.69663
0.73114
0.72611
0.67298
1.0328
1.3213
1.0351
0.76913
2.1878
0.77804
0.7925
0.72946
1.6144
1.0209
0.89536
0.78524
0.82414
1.5311
0.7145
0.72611
0.80353
0.76913
0.77625
0.79616
1.3583
0.82035
0.98401
1.3092
0.82035
1.0023
4.1687
1
1.6596
0.68391
0.76913
0.70958
1.4289
0.98175
0.69984
0.71121
1.7865
0.8414
0.67764
0.77446
0.89125
0.70795
0.68865
0.8356
1.4997
0.72111
0.67764
0.66988
0.68549
0.70958
0.71121
0.75336
0.66527
0.73451
0.70795
0.78705
0.76913
0.73451
1.094
0.72111
0.71779
0.69502
0.74302
0.72778
0.65163
0.67453
0.66222
0.70307
0.70469
0.94406
0.98855
0.87498
1.1298
0.74645
0.79983
1.2388
0.84723
1.7338
0.66681
1.1641
1.2162
0.71779
0.75162
0.68077
0.74131
0.77983
1.4454
0.72444
0.65615
0.7145
0.76208
0.71945
0.70146
0.92683
0.74645
0.92897
1.3583
0.70146
0.67608
0.72778
0.66988
0.71779
0.69024
1.0304
0.74473
0.70469
0.75336
0.72444
0.74817
0.70307
0.70307
2.4491
0.71614
0.72444
0.65917
0.68549
1.0423
0.77804
0.70795
0.68549
0.77268
0.69343
0.69343
1.4689
1.3836
0.68077
1.183
0.92683
1.3521
0.69984
0.72277
3.9994
9.2045
1.3614
3.8459
1.0789
0.94624
1.2853
0.96605
2.6182
0.83946
0.75858
0.99541
1.9588
1.9588
1.5276
0.72444
0.7145
0.73114
0.77983
0.76736
1.6368
1.2134
0.74302
0.74645
0.70469
0.74131
0.68077
0.68549
0.72277
0.72444
0.69663
0.69183
0.74645
0.79983
0.70469
1.2647
0.69984
0.70958
0.75336
0.77983
0.877
0.71945
0.74473
0.74817
0.74302
0.84723
0.70632
0.72946
0.86099
0.73282
0.6792
0.76736
0.77268
1.2589
1.1194
0.68865
0.78705
0.7379
0.69663
0.72277
0.75509
0.83368
0.72611
0.68549
0.78524
0.71121
0.7145
0.72111
0.75162
0.7709
0.73961
0.72611
0.75162
0.7656
0.75162
0.69183
0.65766
0.74131
0.84333
0.72611
0.9506
0.74645
0.73282
0.68865
0.77983
0.79433
0.70307
0.72778
0.7379
0.79616
0.7145
0.69183
0.71121
0.70307
0.70469
0.75683
0.80168
0.71121
0.76736
0.7379
0.69183
0.71285
0.71779
0.7379
0.74302
0.75162
0.62661
0.69024
0.7145
0.74817
0.72611
0.68077
0.76736
0.69024
0.70795
0.69984
0.76736
0.70146
0.73114
0.70307
0.66527
0.71945
0.79068
0.7925
0.66681
0.75683
0.79068
0.74131
0.68234
0.877
0.75683
0.72277
0.76384
0.74989
0.90157
1.1722
1.0069
1.3062
0.82985
0.7379
0.73451
0.7656
1.0304
1.2618
1.5241
3.581
1.1272
0.98855
8.9331
1.8621
0.70958
0.79068
1.2912
0.70795
10.94
17.1
27.04
22.08
23.442
17.865
25.41
2.5586
2.7353
3.069
1.8365
9.7051
12.274
18.408
22.131
25.235
22.284
23.442
19.454
20.606
22.131
20.37
22.909
17.701
22.699
20.749
25.468
20.845
18.793
20.893
20.091
17.14
21.038
2.9854
2.8249
1.3614
1.8113
4.6238
1.9679
1.052
0.97724
1.1066
9.247
1.122
2.0989
5.8076
11.066
0.98628
0.71779
0.78886
1.1272
0.76208
1.4388
3.5645
2.7733
2.0137
0.73282
0.66988
0.71779
0.71945
0.65917
0.7709
0.69024
0.72444
0.72277
0.69502
0.68549
0.69663
0.69823
0.67143
0.77446
0.71779
0.72444
0.74302
0.69823
0.72611
0.69502
0.69823
0.66222
0.66527
0.65163
0.68707
0.70307
0.68549
0.67764
0.65615
0.71285
0.69823
0.72444
0.72277
0.71779
0.75162
0.73961
0.72946
0.70958
0.69663
0.67143
0.73114
0.72611
0.71945
0.69663
0.74302
0.68077
0.72946
0.66681
0.7709
0.73282
0.76913
0.71779
0.70307
0.74302
0.74302
0.66374
0.66069
0.69183
0.69183
0.67298
0.66527
0.68865
0.72946
0.70469
0.71121
0.70146
0.75683
0.67764
0.67143
0.66374
0.66222
0.68234
0.79799
0.70958
0.69024
0.67298
0.68077
0.68234
0.70632
0.65313
0.7379
0.7145
0.71121
0.72444
0.70958
0.68077
0.69343
0.73114
0.70958
0.78524
0.73282
0.68234
0.69663
0.72611
0.73621
0.68707
0.69663
0.68234
0.74473
0.69663
0.69823
0.67143
0.69343
0.6792
0.70469
0.71121
0.68865
0.76384
0.67453
0.68391
0.68234
0.68077
0.74473
0.67764
0.68865
0.66374
0.68707
0.69024
0.70469
0.68865
0.73451
0.70146
0.68391
0.70795
0.69823
0.69663
0.69183
0.69663
0.73621
0.69024
0.72444
0.66222
0.69024
0.68391
0.66222
0.64565
0.67143
0.68707
1.0568
1.3709
1.0864
1.9815
0.71614
1.4191
0.73451
0.67143
0.80538
1.3772
1.2794
2.7479
0.70958
1.5382
1.9055
2.5527
2.3605
0.83176
0.70795
0.66527
0.74645
0.74645
0.69183
0.71121
0.74989
0.72611
0.69024
0.8091
0.72611
0.65313
0.74989
0.81846
0.64714
0.80538
0.68865
0.73282
0.68865
0.68077
0.74473
0.72444
0.80538
0.71945
0.76208
0.71945
0.76913
0.71779
0.73451
0.76736
0.75336
1.3868
3.1117
4.0272
0.70307
0.73451
0.67143
1.6634
0.7925
0.67298
0.69343
0.73621
0.75683
0.69663
0.67608
0.66222
0.73282
0.73114
0.70795
0.78343
0.72778
0.80353
0.72277
0.71779
0.74131
0.71121
0.75683
0.70795
0.73282
0.78343
0.75509
0.74302
0.69024
0.72111
0.71285
0.72778
0.74817
0.70795
0.67764
0.69502
0.69502
0.77625
0.73451
0.72277
0.70795
0.71779
0.74131
0.75336
0.70632
0.67764
0.70632
0.71121
0.7656
0.70307
0.71285
0.68077
0.72778
0.66374
0.70632
0.76736
0.71614
0.68707
0.66988
0.68865
0.73282
0.78163
0.72444
0.74473
0.67143
0.82035
0.68077
0.7145
0.69502
0.65013
0.73282
0.68391
0.7656
0.66988
0.70795
0.69984
0.69663
0.71614
0.73621
0.68234
0.67453
0.74473
0.68549
0.67608
0.70795
0.67764
0.72277
0.66222
0.66527
0.73114
0.6792
0.72611
0.74817
0.74989
0.70146
1.1041
0.66069
0.72444
0.68865
0.67453
0.66988
0.72111
0.66222
0.67143
0.71285
0.74989
0.71614
0.71614
0.74645
0.68549
0.70469
0.69663
0.67608
0.68549
0.69502
0.72611
0.72277
0.69984
0.72444
0.70795
0.75858
0.6792
0.69183
0.68549
0.69183
0.68707
0.70307
0.74473
0.72946
0.64121
0.74473
0.67764
0.70632
0.74817
0.67608
0.77804
0.68234
0.66834
0.66222
0.70958
0.67764
1.0568
1.875
1.3996
0.98175
7.4131
0.75336
0.8531
1.0617
1.0447
2.0045
0.72111
0.66374
0.73621
0.74645
1.0839
0.92683
0.86497
0.84333
0.8147
0.82224
0.76384
1.4322
1.6293
0.79068
0.95719
0.877
2.3174
1.3397
0.85901
0.82794
0.69183
0.76384
1
0.76736
0.80168
0.76033
0.75683
0.71285
1.7418
1.4928
0.73621
0.69024
0.73621
0.75336
0.74473
0.83753
0.86896
0.78163
0.80538
0.83946
0.80353
0.72444
0.76913
0.79616
0.79983
0.76208
0.74302
0.85114
0.84918
0.73451
1.9815
5.2845
9.0573
13.964
16.069
17.539
16.368
9.2045
5.4702
4.0832
2.0606
0.7145
0.74131
0.89743
3.767
1.1641
1.3032
2.1281
7.0146
0.73282
1.1066
11.641
14.962
15.346
11.912
6.0814
6.2661
1.0789
16.711
18.793
11.169
1.0116
0.78886
0.8147
1.4689
6.2951
3.6983
3.7497
0.83753
1.1776
1.2735
3.6983
2.2542
0.74473
0.84333
0.84528
0.77625
1.5488
1.1066
2.1281
0.92897
1.0568
0.72611
0.72946
2.5061
2.5061
0.73114
0.68391
0.66527
0.67143
0.70307
0.69984
0.70307
0.75336
0.74302
0.66681
0.68391
1.6788
7.2778
8.147
12.853
0.78343
0.74473
9.8855
19.454
23.121
17.022
15.382
21.33
19.724
18.923
3.2961
0.68234
12.589
2.7479
0.69663
0.65013
0.67143
0.73114
10.023
13.002
17.338
24.044
21.627
19.32
26.546
25.061
19.187
22.491
3.9902
4.9888
2.5351
0.8091
8.9536
0.81283
11.995
15.417
18.967
22.182
21.677
19.409
19.679
26.122
17.701
20.606
19.454
20.137
21.928
19.454
16.827
14.355
7.3282
3.2285
2.6002
3.3189
0.76033
2.1928
4.592
1.5668
1.2647
1.1885
1.8967
4.2954
0.71285
2.2182
0.74817
0.75509
0.69502
0.67143
0.80353
0.73621
0.74302
0.74817
0.7145
0.69823
0.83946
0.70146
0.9528
2.6792
1.1041
1.1092
1.7022
0.68077
1.2882
0.7379
1.0568
1.1641
0.71945
0.68077
0.68865
0.74302
0.71614
0.76736
0.79799
0.79983
0.79616
0.86696
0.78524
0.94189
0.8892
0.92897
1.4093
0.78705
1.1041
0.77446
1.9679
0.74645
0.73621
0.71945
0.74473
0.69183
0.75858
0.74817
0.71614
1.2618
0.69183
0.68707
0.70632
0.93111
0.70795
0.78343
0.86896
0.75858
0.83946
0.69984
0.75858
0.7379
0.7709
0.8892
0.71614
0.72611
0.66527
0.72444
0.73451
0.73282
0.72611
0.8531
0.80353
0.72946
0.73282
0.77804
0.77983
0.69823
0.81658
0.78886
0.6792
0.87297
0.78886
0.69663
0.66527
0.74131
0.72611
0.71614
0.75858
0.73282
0.69024
0.75683
0.74817
0.78343
0.72111
0.75858
0.71285
0.6792
0.70307
0.69183
0.76736
0.69502
0.83753
0.81658
0.7145
0.68391
0.67298
0.6792
0.71945
0.72111
0.68865
0.74473
0.75336
0.72611
0.68234
0.69024
0.70632
0.72277
0.69502
0.74302
0.72778
0.79068
0.80538
0.69823
0.69823
0.72778
0.72444
0.73961
0.69823
0.7145
0.79433
0.65917
0.69823
0.73282
0.64565
0.76033
0.76033
0.71121
0.71614
0.75858
0.97949
0.79433
0.79433
0.70146
0.66527
0.76384
0.78343
0.68077
0.69502
0.80724
0.70307
0.71285
0.72444
0.75336
0.74989
0.70958
0.75683
0.73282
0.71121
0.80353
0.77446
0.84723
0.7145
0.72111
0.68865
0.77625
0.83368
0.68865
0.68391
0.75162
0.75858
0.72111
0.76384
0.6792
0.71779
0.75336
0.71121
0.69024
0.81283
0.70795
0.76033
0.73282
0.69183
0.75509
0.69823
0.73282
0.76736
0.70632
0.70307
7.4131
0.77983
0.76033
0.82604
0.74302
0.70146
0.74817
0.70469
0.73114
0.73114
2.1038
1.1482
0.74817
0.76913
0.6792
0.73451
0.7379
0.85114
0.73282
0.68391
0.7379
0.79799
0.70795
0.75683
0.7145
0.7709
0.70795
0.69984
0.67298
0.70958
0.73282
0.75683
0.69984
0.73621
0.68707
0.6792
0.71945
0.74989
0.66834
0.68077
0.69984
0.81283
0.70795
0.6792
0.74131
0.7656
0.74645
1.0914
0.72277
0.76033
1.3552
1.7338
0.76033
0.90157
0.71121
1.1246
0.88716
1.5241
0.72611
0.85507
4.0365
0.77446
0.84333
0.77268
0.80538
0.74817
0.89125
0.74473
0.74302
0.78524
0.76913
0.76736
0.81283
0.78705
0.7656
2.0559
1.0839
1.074
1.0839
1.5488
1.406
1.0544
1.0889
1.1402
1.3709
0.89331
2.4491
1.9275
1.0889
1.0399
2.799
0.8091
1.0568
0.79433
1.1324
2.0654
0.72111
0.74302
0.75509
0.70632
0.7145
0.75162
0.70795
0.69024
0.77983
0.7379
0.76033
0.71121
0.67764
0.74817
0.77983
0.73451
0.68707
0.84723
0.74989
0.71614
0.67453
0.68234
0.69823
0.81658
0.69663
0.76384
0.73621
0.78705
0.70958
0.79616
0.76033
0.74645
0.77446
0.72277
0.71614
0.73114
0.71945
0.79799
0.74473
0.81096
0.91411
0.8414
0.89125
0.85901
1.3804
0.73114
1.406
1.0914
0.78524
0.74302
1.0186
0.83946
1.6634
1.052
2.9717
0.77625
0.71614
0.69024
0.7709
0.75858
0.82794
0.70307
0.8356
0.83368
0.82604
0.64863
0.71779
0.77625
0.74131
0.76913
0.70958
0.72444
0.79616
0.75683
0.81846
0.80168
0.80168
0.74817
0.72277
0.7656
0.74302
0.70307
0.7925
0.73621
0.75683
0.70795
0.79068
0.72778
0.75858
0.8091
0.78524
0.76033
0.75336
0.74473
0.73114
0.70632
0.79799
0.74989
0.69024
0.70632
0.77804
1.094
0.69024
0.68077
0.74131
0.67298
0.72778
0.70958
0.6792
0.71614
0.65615
0.73621
0.82794
0.71614
0.70632
0.74989
0.71779
0.71779
0.70795
0.72111
0.67298
0.65464
0.70307
0.68391
0.66374
0.70795
0.69024
0.76384
0.71121
0.7145
0.7145
0.72277
0.8091
0.70958
0.73451
2.7227
0.73282
0.81658
0.7656
0.76736
0.92045
0.70632
0.82035
1
2.2594
0.78705
0.88105
0.68865
0.71945
0.77268
0.71121
0.68391
0.69823
0.66834
0.74645
0.67143
0.71945
0.69502
0.72611
0.7709
0.70958
0.70632
0.63533
0.71614
0.68707
0.65163
0.6792
0.69502
0.67764
0.72111
0.71285
0.69183
0.68707
0.69024
0.71779
0.68865
0.70958
0.66222
0.66988
0.7145
0.69823
0.66834
0.74302
0.72946
0.63826
0.68865
0.71121
0.69183
0.81283
0.67608
0.70795
0.74473
0.70632
0.72946
0.6792
0.70307
0.73114
0.69024
0.74989
0.76736
0.70469
0.7145
0.66527
0.74131
0.68391
0.75509
0.70958
0.69502
0.70469
0.69823
0.70146
0.74302
0.70146
0.68234
0.68077
0.68234
0.71121
0.69343
0.68865
0.69663
0.70958
0.69663
0.68077
0.69663
0.72277
0.74302
0.77983
0.68391
0.73114
0.72277
0.86896
0.68707
0.72778
0.72611
0.69183
2.4946
0.99541
0.90573
0.97949
2.2542
0.877
0.76033
1.1169
1.1169
0.91201
1.3868
2.7861
0.71614
0.73282
0.78886
0.72611
0.71945
0.7656
0.70469
0.75162
0.65464
0.67298
0.72277
0.71779
0.72946
0.73114
0.7145
0.69183
0.68865
0.6792
0.69502
0.66988
0.73114
0.68077
0.74645
0.69024
0.6792
0.76033
0.70632
0.88308
0.93972
0.83176
0.75162
0.73621
0.92683
0.78343
0.79983
0.98855
0.96828
0.96605
0.98401
1.3521
1.0328
0.80168
0.7656
0.98855
1.6904
0.68707
0.7656
0.72778
0.68549
0.69024
0.68707
0.71945
0.7145
0.71121
0.72277
0.77268
0.70795
0.67298
0.76208
1.2735
0.68391
0.72277
0.68549
0.70958
0.72277
0.71121
0.68234
0.7145
0.70632
0.72611
0.66374
0.877
0.70632
0.73451
0.71614
0.7379
0.69823
0.72946
7.4473
4.5082
1.1041
1.1455
1.406
3.0761
1.1967
1.2445
1.4655
1.3552
3.8371
0.70632
0.84333
0.75336
0.8995
1.1535
0.68077
1.2647
0.79616
0.7379
0.71779
0.72946
0.78705
0.93972
0.69984
0.77268
0.79983
0.75162
1.7418
0.75858
0.70795
0.78343
0.68077
0.69984
0.83176
0.79068
0.75162
0.80353
0.74131
0.75336
0.72111
0.81283
0.86497
0.77268
0.8356
0.79983
0.72111
0.75162
0.73451
0.86896
0.71945
0.70795
0.77268
0.7145
0.75336
0.78705
0.74817
0.69823
0.78163
0.80538
0.75509
0.72277
0.74645
0.74817
0.7656
0.75858
0.73621
0.86298
0.70795
0.70469
0.72946
0.69183
0.69823
0.67143
0.73621
0.69502
11.776
0.67453
0.70958
0.69183
0.7709
0.84528
0.73961
0.82985
1.6866
0.71945
0.84723
0.72611
0.81846
1.4791
0.73114
0.77804
0.70795
0.73621
0.73114
0.74302
0.71614
0.67298
0.75683
0.81846
0.88716
1.0691
1.5276
0.7656
0.7379
0.72946
0.78524
0.78705
0.74989
0.77804
0.8531
2.6303
0.70469
0.72444
0.73282
0.78163
0.73282
0.75683
0.7925
0.77268
0.79616
0.78163
0.70307
0.73114
0.78886
0.78163
0.73621
0.73282
0.85507
0.80724
0.7656
0.74473
0.68391
0.7709
0.78886
0.70632
0.68549
0.75162
0.75336
0.74302
0.74131
0.79433
0.81096
0.70958
0.7379
0.75683
0.83946
0.78163
0.77268
0.75858
0.70795
0.78524
0.70795
0.73621
0.74817
0.70795
0.76208
0.74817
0.75683
2.1979
0.98401
0.69823
0.77983
0.75336
0.69663
0.69024
0.69663
0.79068
0.79799
0.70958
0.71779
0.72946
0.71945
0.70795
0.65615
3.4198
7.8705
0.91622
0.81096
0.8414
1.5101
1.3032
12.706
14.825
20.941
22.542
24.774
4.0832
0.74645
0.89743
1.3366
0.80353
15.996
17.418
20.137
18.707
16.558
19.231
18.155
20.512
21.627
20.893
17.906
4.6238
3.0549
5.1523
13.772
1.1749
1.3032
13.964
17.298
22.961
21.528
20.559
20.464
16.982
19.275
28.119
18.45
20.137
21.878
20.559
18.281
15.885
3.2359
10.471
3.8994
11.508
13.74
21.184
20.277
16.032
23.768
26.669
22.131
25.235
23.496
21.528
20.417
24.266
24.21
19.679
22.646
23.988
17.258
1.5171
2.1777
1.7378
0.78163
1.5031
2.2961
3.5563
3.3651
0.97051
3.2285
1.3397
5.0582
0.78343
0.7379
1.0691
0.71614
0.76033
1.2303
0.67298
1.0023
2.3227
1.1482
2.5003
1.1272
1.1402
2.2751
2.4946
0.82224
1.9364
0.79983
0.79433
6.7764
10.544
0.7656
0.75858
0.68707
0.7656
0.86696
0.71121
0.75509
0.72611
0.70958
0.69823
0.70958
0.70958
0.7656
0.69984
0.72946
0.74645
0.70469
0.74302
0.77625
0.98628
0.82985
0.81096
0.87297
0.84918
4.1305
0.82604
0.80353
0.91833
0.79068
1.0023
0.79799
3.5892
0.71614
0.7145
0.69823
0.70795
0.84333
8.4723
13.062
14.521
15.996
12.972
8.2604
12.735
18.535
18.88
25.823
14.655
18.072
19.409
24.378
21.135
20.417
25.704
16.558
27.353
20.893
22.961
20.989
23.768
24.717
12.764
17.179
19.999
20.606
21.577
11.588
15.631
2.6607
11.967
0.93111
3.0761
6.792
8.0168
1.0641
1.762
2.673
0.75683
0.74817
0.76736
4.4771
0.72778
10.641
5.5081
0.76033
0.75858
0.76736
1.0257
0.72111
0.74645
0.81096
0.80168
0.78343
0.77983
0.83368
1.3213
1.8281
1.2162
0.77268
1.2735
1.4757
0.74989
0.69984
0.74131
0.66527
0.67764
0.74989
0.79616
0.73451
0.69823
0.76033
0.69502
0.70469
0.6792
0.73282
0.68549
0.72946
0.71121
0.72611
0.78163
0.72778
0.72946
0.75336
0.7145
0.74302
0.66527
0.73621
0.79433
1.3996
0.73621
0.7379
0.71285
0.74989
0.70632
0.77983
0.7379
0.73114
0.68077
0.73282
0.79068
0.72611
0.78524
0.75336
0.8356
0.74989
0.72946
0.72277
0.69024
0.70469
0.69343
0.65313
0.71285
0.76736
0.76384
0.71779
0.93111
0.90991
0.7925
0.877
0.76913
0.85114
1.4028
1.1995
1.7022
0.72946
0.71285
0.70958
0.70632
0.75336
0.66834
0.69183
0.7379
0.80353
0.82414
0.75509
0.72778
0.69183
0.7656
0.73114
0.73621
0.75509
0.72111
0.77804
0.77804
0.69343
0.69984
0.74302
0.74989
0.76384
0.73282
0.76384
0.78524
0.71121
0.73114
0.73114
0.77804
0.72946
0.75858
0.7656
0.80538
0.78343
0.77268
1.0765
1.1194
1.4388
1.2078
1.6788
1.8967
1.1376
0.90365
1.1015
1.2417
1.7579
2.7542
1.5959
1.1561
1.8239
0.84918
0.73961
0.70469
1.2134
0.74302
0.82224
0.90782
0.75509
0.76384
0.78524
0.8892
0.73961
0.74817
0.80353
0.8147
0.72946
0.79799
0.80724
0.7709
1.2912
0.75858
0.78343
0.71945
0.72611
0.7656
0.77804
0.87902
0.73621
0.91201
0.8892
0.75336
0.7379
0.77446
0.78886
0.80724
0.72611
3.4914
0.69183
1.3032
0.72111
0.71945
0.75162
0.6792
0.74302
0.69183
0.70307
1.1041
0.86896
0.8091
0.70146
0.69823
0.76736
0.77625
0.68707
0.69502
0.71285
0.65163
0.75162
0.70958
0.68549
0.69024
0.66681
0.67764
1.39
0.72778
1.5812
0.73961
0.68234
0.70469
0.68549
0.76208
0.69984
0.73114
0.71945
0.65013
0.68077
0.73114
0.86696
0.69502
0.68549
0.68707
0.69183
0.69183
0.7709
0.72444
1.0864
0.69984
0.87096
0.69183
0.70632
0.69502
0.70469
0.7379
0.67608
0.71121
0.68549
0.6792
1.2972
1.4757
0.7656
1.7701
1.6331
0.78886
0.66681
0.70795
0.73961
0.70469
0.76384
0.77268
0.80168
0.76208
0.70795
0.70795
0.70958
0.72277
0.72111
0.69024
0.72946
0.72946
0.78886
0.76913
0.71285
0.78705
0.71945
0.76913
0.8414
0.79433
0.78886
0.74817
0.72444
0.74645
0.81658
0.79433
0.74645
0.75509
0.66374
0.75336
0.73282
0.76384
0.86696
0.76208
0.76913
0.79433
0.77446
0.82604
0.82224
0.76033
0.74989
0.99083
0.68077
0.73961
0.70632
0.69024
0.71614
0.69823
0.70307
0.64565
0.69343
0.70146
0.69663
0.81846
0.72444
0.68391
0.76384
0.75162
0.7379
0.67453
0.72111
0.73451
0.70469
0.68549
0.80538
0.90991
0.69024
0.79799
0.71779
0.75858
0.72611
0.73621
0.7379
0.72277
0.74817
0.73451
0.73282
0.83946
0.70469
0.71285
0.66681
0.67298
0.70307
0.81283
0.84333
0.78343
0.72946
0.65615
0.75509
0.75162
0.76033
0.71614
0.73282
0.68077
0.75162
0.75858
0.70795
0.76033
0.71945
0.77625
0.75858
0.74645
0.74131
0.70795
0.72778
0.74645
0.70146
0.76736
0.72277
0.74989
0.73451
0.69343
0.76208
0.75336
0.72611
0.75336
0.72611
0.66374
0.72946
0.7709
0.70632
0.74302
0.73621
0.72277
0.73282
0.7145
0.73282
0.70307
0.71285
0.67453
0.6792
0.73282
0.65615
0.76033
0.69343
0.68865
0.67298
0.73282
0.74473
0.77983
0.73114
0.68707
0.67298
0.69502
0.73114
0.64863
0.70958
0.73451
0.71121
0.66988
0.68865
0.71285
0.71945
0.69024
0.76384
0.66988
0.67608
0.73451
0.7709
0.75162
0.71285
0.74989
1.0186
3.4277
0.88512
0.74989
0.94624
0.85704
0.92257
0.76736
0.87297
0.77268
0.76208
3.1405
0.9594
1.1246
0.7379
0.82414
0.7656
4.0832
3.1333
8.1846
0.71779
0.70307
9.4406
13.49
9.8401
18.493
19.364
20.277
17.1
17.179
17.906
13.614
18.493
17.906
23.933
17.824
23.878
18.493
17.579
24.547
21.038
22.029
1.6788
6.166
6.0395
2.6182
14.454
1.3521
1.2388
8.7096
1.374
1.1246
13.996
0.7709
0.78343
11.885
5.7016
4.6132
11.169
5.1168
0.67143
0.69343
0.70146
0.77625
0.69984
0.7925
0.71779
0.69823
0.74817
0.69823
1.052
15.311
18.323
16.596
13.646
1.845
0.7656
0.86696
0.75509
1.7418
12.764
14.322
2.8445
1.2417
1.4488
0.84918
0.83946
1.0715
0.78163
0.81283
1.3152
1.3243
0.90782
2.1232
2.8576
7.2946
3.8194
7.6736
0.71285
0.79616
1.406
17.824
23.442
20.045
19.953
20.845
19.907
15.996
21.038
19.099
18.664
19.815
14.158
21.429
17.061
18.155
20.941
22.699
19.498
20.606
8.9125
0.94189
3.4594
0.70469
1.4191
8.3368
2.1677
2.3605
7.2778
1.6069
0.68391
0.81846
0.75162
0.8414
0.75858
0.79616
0.77983
1.099
0.81283
0.69343
9.2045
10.328
0.87096
0.7145
0.71779
0.85114
12.218
10.304
0.70307
1.5311
1.5311
0.72778
0.72778
2.7479
14.825
8.5704
0.73282
0.71121
5.9841
12.218
7.2277
4.9545
1.71
1.3964
12.503
13.868
12.823
24.491
19.77
15.276
19.724
18.967
24.717
16.827
21.478
14.093
0.74645
4.1305
11.169
0.71945
0.68549
0.67764
0.69823
11.641
23.768
21.184
18.707
17.66
20.137
19.454
28.708
19.815
22.131
11.066
7.3961
0.86298
0.69024
12.735
0.71121
3.8371
19.099
15.417
19.231
19.634
21.627
23.605
21.777
16.106
1.4859
1.2474
0.82794
0.88105
0.98855
0.86497
0.83368
1.2942
9.9083
0.73961
0.70469
0.66988
0.6792
7.1285
3.7325
1.8493
1.0641
4.6026
4.529
2.3659
1.4125
5.8749
8.2414
11.588
2.0606
10.257
0.69663
0.76384
0.70632
0.77804
0.70146
13.062
22.08
12.246
16.749
27.861
12.246
22.699
20.893
21.038
20.137
20.989
17.62
2.3768
0.74302
8.4723
15.56
0.67764
0.71779
0.76033
0.69183
0.69024
0.69984
0.74131
0.7379
0.80538
0.75509
7.925
12.023
3.062
2.7797
1.5101
2.0606
9.1833
17.579
14.997
14.894
21.677
17.701
16.406
18.578
18.75
9.6383
13.002
19.634
12.706
0.73451
0.79433
18.45
21.528
23.227
20.091
17.219
18.535
18.793
16.444
22.699
21.135
19.815
16.904
17.022
19.634
13.74
16.711
18.923
23.174
19.275
22.542
21.727
17.989
16.368
18.578
24.322
18.793
19.634
24.434
25.882
23.121
18.239
19.815
22.439
21.878
19.275
18.88
0.89331
6.5615
3.6224
8.3753
12.19
7.5509
10.304
17.742
0.92897
22.594
8.1846
18.578
17.579
19.543
22.233
18.03
18.793
16.482
22.08
18.535
18.239
20.606
20.654
18.45
22.131
16.749
15.066
18.664
23.281
16.596
17.498
0.72111
0.81096
0.80538
0.76208
0.73282
0.74302
0.81658
0.79983
0.76736
0.79433
0.78705
0.75858
0.84918
0.81283
0.76913
0.76736
0.84723
0.83946
0.79799
0.79616
0.72444
0.70469
0.89125
0.78524
0.76913
0.77983
0.75509
0.74302
0.78705
0.74989
0.8531
0.8531
0.82414
0.77804
0.77804
0.73114
0.75858
0.88716
0.75162
0.84918
0.78343
0.73961
0.76033
0.76736
0.8147
0.74131
0.7656
0.80724
0.74473
0.77804
0.82604
0.74817
1.4454
2.673
1.9454
1.5031
1.9815
1.1858
2.851
1.2531
1.6106
1.1858
1.574
3.155
13.183
19.275
16.788
14.06
12.764
20.184
13.583
13.366
20.845
24.946
21.232
19.724
22.803
23.121
20.137
17.061
26.122
21.38
19.143
26.607
28.774
21.627
23.388
21.281
19.77
19.454
20.464
25.704
21.38
22.803
15.74
3.1333
15.311
4.9091
22.909
24.21
25.763
21.184
24.378
25.003
18.072
21.038
25.942
24.946
18.365
21.135
20.941
21.577
16.866
0.74989
13.521
23.823
21.827
22.542
18.239
10.965
3.3806
17.061
15.453
22.182
21.478
27.164
25.527
23.988
11.246
20.091
23.335
0.91622
4.8978
15.417
24.434
24.044
20.606
21.038
23.227
21.677
21.184
23.659
20.941
17.906
19.999
19.011
1.074
1.2388
1.6558
1.0304
1.0186
0.84918
1.803
4.9204
10.495
12.078
24.099
23.714
18.45
22.336
19.409
25.061
20.893
20.417
24.946
16.106
11.041
12.331
11.561
16.331
0.83946
0.8995
0.78343
0.94406
0.97051
0.90782
5.4325
11.995
2.9923
13.996
21.086
23.281
19.099
26.122
22.233
23.823
25.586
26.669
25.119
27.669
26.485
20.277
23.014
18.707
22.131
18.664
16.558
18.535
19.454
19.364
24.322
26.122
22.131
24.831
18.923
19.099
20.845
20.845
19.543
19.409
25.177
12.388
0.877
4.8978
1.2794
0.92257
0.77625
0.79068
0.78343
0.96161
0.98175
3.1769
3.4995
6.5464
27.669
24.099
23.823
28.379
21.086
23.605
18.45
18.45
22.131
26.73
14.791
23.014
21.727
22.646
21.777
24.774
20.091
21.086
0.88716
17.824
23.496
24.266
21.878
21.528
21.727
19.724
18.836
23.55
16.711
23.496
25.882
22.439
28.642
23.933
20.893
20.184
18.88
22.751
7.0632
0.92897
10.814
26.792
21.232
25.061
23.988
27.164
22.909
21.135
21.135
19.861
27.29
18.621
14.028
22.491
26.424
22.856
23.067
18.239
17.539
14.928
0.95719
0.86298
5.7943
23.442
20.797
21.677
18.578
20.277
20.559
16.218
22.961
24.774
19.275
22.856
22.594
22.751
21.727
21.232
19.409
21.928
0.89331
14.488
14.093
19.907
22.131
22.029
23.496
18.281
28.973
32.434
22.699
26.915
24.322
27.227
37.154
24.946
29.58
30.903
31.333
21.478
25.351
29.58
19.099
23.823
23.55
22.284
25.003
21.038
27.606
28.84
25.351
25.586
27.861
26.303
23.768
24.604
22.542
22.909
22.594
15.776
21.979
21.281
25.061
28.314
24.322
