23.659
18.239
11.641
18.707
26.73
28.054
23.121
15.346
13.964
9.9083
11.995
24.155
26.669
25.003
22.029
17.783
11.535
1.0209
2.799
0.90991
8.0538
1.2735
1.1272
2.1135
1.1402
1.1117
1.3062
1.652
0.82985
0.99083
1.5668
1.2882
22.751
26.002
28.84
19.588
20.512
23.605
19.77
1.4622
0.91833
12.05
23.933
21.038
24.717
23.174
0.99083
0.89125
20.045
14.421
21.627
21.677
19.953
22.491
19.187
21.038
12.853
17.62
22.491
18.281
19.409
18.707
20.749
0.87096
0.86896
1.0864
15.631
1.1912
4.5814
22.909
20.37
20.137
23.55
15.885
21.184
22.387
18.664
18.072
1.0399
13.964
1.7865
0.94189
0.92257
0.9977
17.989
18.88
20.893
18.793
20.184
17.66
1.6293
19.634
19.543
18.45
21.777
17.742
19.055
0.91622
10.965
0.88512
1.2677
0.68234
0.81283
17.458
1.2388
11.995
12.618
0.83946
1.0568
0.92897
16.672
21.038
17.1
20.23
16.711
21.627
20.045
13.521
1.3804
18.75
23.174
17.498
18.664
16.711
18.239
17.298
18.664
21.677
18.793
17.783
0.87096
8.8512
17.539
14.125
15.996
20.989
8.6696
18.072
17.579
0.80538
0.86497
0.81096
10.186
15.453
15.596
14.689
5.3211
3.5727
2.958
2.355
1.2218
1.2794
3.6058
0.8995
1.4125
3.1405
16.368
15.346
15.346
22.961
15.812
13.614
16.255
17.539
17.022
18.967
10.839
12.023
14.757
16.181
17.62
18.365
18.45
18.707
16.181
18.197
12.853
16.749
15.136
15.311
17.539
0.97051
16.827
18.197
17.298
12.56
19.588
20.417
16.106
10.666
14.158
9.5499
0.87096
0.94189
1.0666
11.272
9.8628
0.82414
0.89125
1.1614
1.2359
1.094
2.466
0.80168
0.66681
1.0023
9.9312
5.559
0.69343
0.93972
1.0233
0.78705
0.87902
0.77268
0.84333
0.76736
0.84528
0.82794
0.80168
0.79433
0.94842
0.97051
1.5959
0.9528
1.2359
6.4269
0.74817
0.68234
0.74473
6.6988
9.9312
11.535
14.521
11.117
1.8707
12.531
11.749
14.655
14.655
12.359
15.417
16.293
15.812
0.93111
0.79433
0.78886
0.7656
10.74
11.298
0.86696
10.52
0.94624
1.1803
0.9594
1.0691
1.3583
1.0351
0.9247
1.1092
0.85901
1.0617
1.094
0.91622
1.3996
1.3804
0.79433
0.68391
0.72946
0.76208
9.0157
9.4189
12.303
10.666
0.83368
0.7709
8.2604
0.8414
0.75858
1.0351
0.81283
0.84528
0.72778
0.76033
0.76736
0.77446
0.73451
0.75336
1.4454
0.77625
0.70146
0.70469
0.85114
0.7145
0.7379
0.76736
0.75858
2.8379
1.8793
1.3709
2.6062
10.544
1.205
0.69663
0.69343
0.72778
0.75336
0.73451
0.65615
0.75336
0.74989
0.67143
0.66374
0.67608
0.66834
0.69183
0.69183
0.69984
0.67608
0.69502
0.66834
0.69823
0.70795
0.68391
0.80724
0.68077
0.67764
0.73451
0.9247
0.98401
0.9247
0.77268
0.66834
0.78163
0.81658
0.86497
0.77804
0.82794
0.76913
0.75162
0.8091
1.194
0.77804
0.71779
0.76384
0.73621
0.66069
0.8147
0.70958
0.70307
0.72778
0.68077
0.70307
0.73451
0.71945
0.69183
0.72444
0.69024
0.69183
0.76208
0.69183
0.68391
0.74645
0.66988
0.78163
0.75509
0.70469
0.76384
0.74473
0.68077
0.69984
0.64863
0.63973
0.64863
0.66069
0.67143
0.74645
0.79433
0.75683
0.72946
0.67298
0.76033
0.65615
0.68234
0.69343
0.66681
0.73451
0.78524
0.68077
0.71945
0.68234
0.70632
1.5631
0.79983
0.68549
0.70307
0.77804
0.67143
0.68077
0.68391
0.71614
0.69984
0.68549
0.69823
0.68077
0.74989
0.69502
0.69502
0.71945
0.7379
0.72778
0.7379
0.69502
0.74645
0.65013
0.75336
0.74302
0.75162
0.7709
0.64863
0.68077
0.71614
0.70958
0.77804
0.69984
0.73961
0.75858
0.63533
0.66834
0.65163
0.75509
0.75336
0.73961
0.75683
0.78343
0.76913
0.70146
0.70958
0.68391
0.78524
0.79433
0.72778
0.73114
0.69502
0.68865
0.77804
0.73114
0.68865
0.71779
0.69823
0.76033
0.74131
0.75162
0.72778
0.75683
0.72778
0.74473
0.72611
0.69183
0.7379
0.69024
0.71945
0.66069
0.72611
0.73451
0.72946
0.78163
0.68391
0.66527
0.70632
0.75858
0.73114
0.74302
0.71614
0.67298
0.73621
0.66527
0.69823
0.70958
0.65464
0.74473
0.70307
0.70146
0.70795
0.66527
0.69024
0.72946
0.66222
0.73282
0.69183
0.67608
0.69984
0.74817
0.64121
0.72277
0.74989
0.73451
0.65917
0.6368
0.71945
0.69502
0.67608
0.66069
0.69024
0.71614
0.69823
0.76913
0.72946
0.67298
0.69343
0.69663
0.65766
0.70958
0.72277
0.69502
0.69343
0.67453
0.69663
0.69502
0.70146
0.67764
0.72611
0.7145
0.73451
0.70958
0.6792
1.135
0.67143
0.7925
0.66834
0.73282
0.73961
0.73114
0.76208
0.76033
0.83176
0.6792
0.74817
0.69183
0.70795
0.75162
0.82035
0.69183
0.69183
0.7656
0.70632
0.73114
0.67453
0.75509
0.75858
0.72778
0.79433
0.7925
0.82985
0.81846
0.77268
0.82224
0.65615
0.76208
0.80538
0.67143
0.74645
0.73961
0.71285
0.71121
0.6792
0.71779
0.75162
0.72611
0.72111
0.70469
1.0162
0.69823
0.71121
0.70146
1.888
0.80538
0.8531
0.92045
1.1803
1.219
1.2274
1.0328
1.0023
1.0351
0.8356
0.91411
0.88716
1.9275
0.98175
0.97275
0.96828
4.8753
1.6634
2.0654
0.84528
0.877
0.75336
0.67143
0.74645
0.74473
0.77268
0.76208
0.87902
0.76736
0.75336
0.74817
0.8147
0.73114
0.8995
0.76384
0.70958
0.79433
0.77625
0.86099
0.84333
0.87498
0.75858
0.74817
0.78343
0.78343
0.78163
0.72444
0.79433
0.80538
0.76384
0.84528
0.77804
0.77268
0.86298
0.74302
0.84333
0.78705
0.71285
0.80538
0.76384
0.81658
0.77268
0.71121
0.81658
0.70632
0.72277
0.76033
0.71614
0.74473
0.74473
0.71945
0.93756
0.70146
0.78705
0.77446
0.88308
0.81846
0.77446
0.82035
0.84333
0.78705
0.72111
0.86696
0.73961
0.74989
0.78343
0.71945
0.81096
0.78343
0.79068
0.76033
0.77983
0.74989
0.75683
0.77625
0.73961
0.75858
0.8414
0.66527
0.70469
0.81658
0.81096
0.73961
0.78886
0.83368
0.78524
0.67764
0.86896
0.84528
0.71779
0.7709
0.89125
0.77268
0.7709
0.82224
0.77983
0.82224
0.77983
0.82414
0.82224
0.79616
0.70469
0.7379
0.75162
0.81283
0.79433
0.7709
0.86896
0.76033
0.70307
0.90991
0.70958
0.77983
0.68234
0.83176
0.76033
0.78343
0.71285
0.85114
0.82414
0.68865
0.7925
0.79068
0.75509
0.82794
0.82035
0.75336
0.75858
0.90157
0.7379
0.75683
0.78343
0.74473
0.82985
0.87096
0.69502
0.82604
0.78163
0.75858
0.89743
0.7925
0.82604
0.84723
0.83753
0.77804
0.80168
0.8414
0.82035
0.72111
1.4997
0.89743
1.0046
1.9498
1.9543
1.2853
1.0328
0.84918
1.9409
1.5066
0.70795
0.67298
0.74473
0.7145
0.71614
0.73451
0.68865
0.70958
0.78163
0.93325
0.70632
0.78524
0.73114
0.67764
0.76736
0.87902
0.67143
0.69024
0.70307
0.72778
0.71121
0.69984
0.73451
0.73282
0.72778
0.76033
0.66222
0.71779
0.69343
0.75509
0.69984
0.78886
0.73451
0.74989
0.69343
0.74131
0.70469
0.72111
0.71121
0.70795
0.7145
0.73282
0.67764
0.68077
0.72111
0.79068
0.67453
0.71121
0.73621
0.70958
0.79068
0.70307
0.73621
0.73621
0.79433
0.82794
0.66069
0.7925
0.67608
0.73114
0.74473
0.68865
0.75683
0.67298
0.71285
0.71285
0.7145
0.7379
0.75509
0.66069
0.69663
0.7709
0.80353
0.66681
0.68391
0.74817
0.6368
0.71285
0.78343
0.73451
0.73282
0.75683
0.70795
0.72111
0.69663
0.69502
0.68549
0.66527
0.72277
0.69024
0.68707
0.70795
0.72444
0.67143
0.70632
0.66222
0.69823
0.89536
0.70958
0.76208
0.65917
0.6792
0.74473
0.74473
0.70795
0.77625
0.72277
0.71614
0.66834
0.74645
0.69183
0.71614
0.66834
0.69343
0.73114
0.85114
0.69984
0.74302
0.66527
0.67298
0.69183
0.74989
0.69502
0.68234
0.77268
0.67608
0.74817
0.69183
0.72946
0.71945
0.66834
0.70469
0.71285
0.73114
0.69024
0.70146
0.75683
0.72277
0.72444
0.76033
0.74989
0.72946
0.72946
0.68707
0.73451
0.74817
0.72778
0.68707
0.68234
0.73282
0.76033
0.74989
0.77625
0.87096
0.78886
0.81658
1.0375
0.94624
0.73621
0.71121
0.82604
0.74473
0.70469
0.82035
0.72444
0.66988
0.86896
0.68865
0.76033
0.93972
0.74817
0.69663
0.71121
0.72444
0.72444
0.7656
0.72111
0.69823
0.75683
0.77268
0.73282
0.73114
0.70632
0.71945
0.70307
0.72946
0.76384
0.67608
0.76208
0.74302
0.72946
0.77268
0.73282
0.73961
0.75162
0.71945
0.79616
0.74473
0.7145
0.8091
0.72111
0.70307
0.68391
0.71121
0.71945
0.7709
0.73114
0.72611
0.77268
0.68391
0.7709
0.72946
0.77804
0.78163
0.8356
0.70469
0.70469
0.7656
0.74302
0.79433
0.76736
0.7145
0.66988
0.74989
0.72111
0.75509
0.75683
0.68077
0.79983
0.79068
0.70795
0.7145
0.69502
0.67764
0.75336
0.79433
0.75336
0.78705
0.69984
0.76033
0.75858
0.83368
0.7709
0.7379
0.70469
0.73621
0.74131
0.72444
0.73621
0.73961
0.74131
0.69984
0.81096
0.79799
0.75336
0.76208
0.82604
0.6792
0.7709
0.68865
0.75162
2.2856
0.80168
0.93756
1.0304
1.349
5.3951
11.066
10.965
16.331
15.668
14.859
7.6384
8.5704
11.561
10.568
15.417
12.735
5.2966
1.1803
0.89536
0.94842
14.859
14.859
12.05
14.06
17.742
14.06
0.74131
0.74817
0.82794
6.166
12.503
9.506
13.74
12.764
11.092
11.749
10.186
0.74131
11.535
13.964
13.709
11.429
13.335
14.962
10.023
12.417
13.428
10.328
15.631
12.706
13.709
13.366
15.417
14.928
14.962
5.1168
13.243
6.3241
16.331
12.162
13.583
15.74
12.078
11.535
12.078
10
11.561
12.972
10.447
11.272
0.92683
0.98175
0.77625
3.1915
0.79616
0.93111
1.1858
1.1324
3.581
12.218
12.853
15.066
1.4191
0.69183
3.4198
11.508
11.508
12.331
10.257
10.447
12.134
13.932
10.789
3.6813
3.9537
9.8175
14.223
13.274
4.121
1.1858
13.552
14.757
14.06
13.397
13.092
7.1121
0.84333
0.8147
0.81658
0.86099
1.6711
2.2751
3.8019
16.181
13.152
2.3714
9.7051
12.162
13.932
11.641
11.117
5.4075
3.4356
6.4565
12.503
0.7656
13.152
12.078
8.4333
10.186
1.0889
0.75858
0.76913
5.9979
15.066
10.423
11.967
11.324
2.1878
0.87297
0.86497
0.87297
0.86298
0.78343
0.73961
0.75336
0.88105
4.0926
9.506
8.7297
12.388
13.964
0.69024
0.67298
5.8479
11.455
7.4645
1.3459
1.6596
0.8892
0.76913
0.84918
0.97275
1.4093
0.84918
0.82794
0.77446
0.74131
0.68549
0.69024
0.73282
0.68234
0.66527
0.65766
0.7656
0.69183
0.68234
4.7753
0.90573
0.82794
0.80724
1.0666
1.1402
1.0691
0.93756
1.2388
1.0864
1.0209
1.4454
0.93325
1.3305
1.1455
5.0582
0.77268
0.79799
0.69663
0.7379
0.68234
0.72611
0.69502
0.72444
0.68549
0.65615
0.80168
0.76384
0.73621
0.72111
0.83176
0.77446
0.73621
0.73114
0.70146
0.71121
0.69663
0.80724
0.76384
0.73282
0.72946
0.78524
0.69663
0.70795
0.76384
0.74302
0.74473
0.7379
0.74302
0.69343
0.78524
0.70795
0.8892
0.78705
0.82794
0.90991
0.89125
0.76913
0.77446
1.1722
0.77983
0.83946
0.77983
0.66834
0.69024
0.75509
0.78705
0.88512
0.88105
0.7709
0.76208
0.78343
0.69502
0.72111
0.71614
0.72946
0.79799
0.84723
0.74817
0.69984
0.75683
0.7145
0.7145
0.77446
0.70146
0.72277
0.83368
0.8091
0.70958
0.84333
0.77446
0.7709
0.76913
0.78524
0.77446
0.68391
0.82794
0.79616
0.77625
0.66374
0.76208
0.75683
0.79433
0.82985
0.74473
0.70146
0.7709
0.79799
0.73114
0.7145
0.79068
0.74645
0.74645
0.72277
0.73451
0.71614
0.69343
0.8091
0.74817
0.69502
0.8356
0.70795
0.72946
0.76913
0.69823
0.71121
0.75509
0.78705
0.74473
0.73621
0.73451
0.76208
0.66222
0.76736
0.75683
0.74473
0.72277
0.71614
0.68865
0.71614
0.70958
0.73451
0.77625
0.77804
0.80353
0.79616
0.81283
0.76384
0.71285
0.74473
0.7709
0.77446
0.74302
0.72277
0.73621
0.84528
0.7379
0.74817
0.80724
0.74302
0.76033
0.80724
0.74817
0.79616
0.82414
0.74645
0.70307
0.7379
1.5417
1.4388
1.205
1.406
1.5849
0.877
1.1803
1.0447
1.194
0.86298
1.2023
1.0328
0.96828
0.94842
0.94406
0.95719
0.8995
1.2218
1.2618
1.0715
1.1194
0.9594
1.1912
1.0375
1.1995
1.1482
1.1614
1.7947
1.3335
0.8091
0.98175
0.76736
0.98628
0.96161
0.75162
1.2647
0.92045
1.2503
1.1614
0.88308
0.94189
0.86298
0.70146
0.75336
0.70146
0.7925
1.0328
0.77625
0.87498
0.82035
0.86896
1.9409
0.79799
0.71121
2.5351
0.69183
0.71945
4.2756
6.7298
7.6736
8.3176
0.7925
0.73114
6.8234
7.0795
11.272
11.482
12.503
12.647
14.962
9.3541
0.83946
7.656
14.028
17.219
11.092
16.672
11.722
15.74
13.677
14.655
9.3972
10.765
17.1
14.791
12.677
15.996
14.093
17.742
12.56
12.417
17.378
10.593
12.388
1.9498
0.83946
0.96383
0.98175
0.81283
0.8414
0.9247
0.8892
1.714
6.6527
11.803
14.655
13.646
11.015
15.704
14.622
13.868
9.7499
8.5507
7.2778
12.589
9.247
12.246
9.4406
11.482
11.749
12.912
9.8855
13.677
12.359
11.535
14.962
12.677
11.803
9.0782
0.90573
2.0417
2.1184
0.90365
0.76384
3.2063
0.85704
4.6026
15.631
11.641
11.749
8.9536
10.666
10.351
0.75509
6.1094
11.967
10
13.062
7.3451
11.885
10.116
14.555
11.858
12.853
11.482
10.889
13.002
11.324
14.421
5.6885
10.641
11.298
0.78886
1.0666
0.99083
0.72111
0.81846
9.7499
16.181
0.70632
0.70469
0.74131
0.71614
0.69343
0.69183
0.71614
0.88512
0.75509
0.65615
0.66222
0.72778
0.72444
0.66222
0.64121
0.66834
0.71285
0.7145
0.65766
0.78705
0.71121
0.70307
0.69663
0.71121
0.65464
0.78524
0.73621
0.67608
0.67298
0.63826
0.72946
0.67453
0.72778
0.69183
0.77804
0.75162
0.75858
0.68549
0.69024
0.74645
0.71285
0.77983
0.69984
0.71614
0.64269
0.78163
0.69823
0.7656
0.74131
0.66988
0.70795
0.71945
0.72778
0.70146
0.71285
0.78343
0.79616
0.76208
0.72611
0.72778
0.69502
0.70307
0.66834
0.72111
0.72111
0.72946
0.79799
0.73451
0.70307
0.7709
0.74989
0.77983
0.75683
0.76913
0.65917
0.75162
0.75509
0.69183
0.72611
0.71614
0.77268
0.71285
0.70795
0.72277
0.71121
0.8091
0.72111
0.8147
0.73621
0.71285
0.75509
0.73961
0.69024
0.70632
0.73114
0.75162
0.74473
0.8356
0.73961
0.72277
0.72277
0.70958
0.68549
0.77268
0.78343
0.73961
0.7145
0.74989
0.7925
0.71945
0.7379
0.71121
0.78886
0.80353
0.71285
0.75858
0.68865
0.71945
0.70632
0.73961
0.71614
0.76033
0.74645
0.70795
0.71121
0.85507
0.72111
0.8147
0.73451
0.68549
0.68549
0.66988
0.74302
0.76384
0.77983
0.67608
0.7925
0.76033
0.82985
0.71614
0.70958
0.66681
0.70632
0.7656
0.70795
0.70469
0.69024
0.77625
0.73282
0.72111
0.68234
0.69343
0.70469
0.68234
0.82035
0.73621
0.80168
0.71285
0.71945
0.76384
0.76913
0.78705
0.71945
0.74473
0.81846
0.71614
0.76384
0.72946
0.85507
0.79799
0.69663
0.76736
0.70958
0.7709
0.70146
0.69343
0.83946
0.72111
0.7145
0.72444
0.74131
0.70795
0.8091
0.71779
0.69343
0.72444
0.74817
0.71614
0.79068
0.67764
0.74817
0.74302
0.78163
0.75683
0.75336
0.79068
0.73451
0.72611
0.72111
0.76208
0.66527
0.77268
0.6792
0.70307
0.71121
0.79433
0.70632
0.80168
0.79799
0.73282
0.6792
0.69183
0.73961
0.82224
0.72444
0.69343
0.66988
0.71614
0.82794
0.75162
0.67143
0.75336
0.82794
0.85114
0.73961
0.74302
0.71285
0.72111
0.78705
0.77625
0.69024
0.82035
1.6827
0.7379
0.72111
0.75162
0.69343
0.67453
0.70469
0.70469
0.69823
0.75162
0.70795
0.68077
0.74473
0.69823
0.70307
0.71779
0.69663
0.72277
0.68707
0.7709
0.72111
0.69502
0.72946
0.70146
0.66988
0.72778
0.69502
0.69984
0.70958
0.67764
0.66834
0.7656
0.79799
0.74645
0.70795
0.74302
0.71121
0.75336
0.78705
0.70795
0.71121
0.74989
0.75683
0.70307
0.72946
0.69984
0.68391
0.75509
0.69183
0.72111
0.71614
0.71779
0.70795
0.65615
0.76384
0.74645
0.77804
0.66069
0.74989
0.68077
0.71614
0.72111
0.68549
0.73961
0.69984
0.94842
0.7709
0.70146
0.82604
0.76384
0.86497
0.7145
0.75509
0.74131
0.67608
0.67764
0.66681
0.69823
0.70632
0.66527
0.73282
0.68865
0.74473
0.72444
0.70307
0.72111
0.72778
0.70958
0.70958
0.74989
0.70795
0.69502
0.67453
0.77268
0.76208
0.73114
0.68234
0.73114
0.74131
0.73282
0.70795
0.76208
0.72611
0.68707
0.75162
0.73451
0.73114
0.70632
0.7379
0.72277
0.78163
0.67764
0.72611
0.76384
0.73961
0.69343
0.77268
0.78886
0.70958
0.71614
0.69984
0.7379
0.72611
0.71779
0.64863
0.77804
0.74473
0.67453
0.77268
0.72444
0.65766
0.74817
0.67608
0.70632
0.66988
0.66222
0.68391
0.69343
0.66374
1.099
1.0093
0.89536
0.6792
0.90157
1.5849
1.7579
1.6558
1.0666
0.74473
0.68707
1.0399
0.73961
0.69502
0.77804
0.72946
0.89536
1.219
0.73282
0.74989
1.205
0.85507
0.89743
0.70632
0.70146
0.71285
0.65013
0.73451
0.84918
0.70795
0.73451
0.73451
0.70307
0.72611
0.71285
0.74131
0.76384
0.69502
0.75162
0.71614
0.76384
1.2764
0.75858
0.6792
0.74817
0.65917
0.79433
0.80724
0.76208
0.7379
0.76736
0.77268
0.83946
0.78886
0.73451
0.66069
0.74989
0.75683
0.75509
0.74817
0.7145
0.70632
0.69823
0.66069
0.77625
0.75509
0.73961
0.82224
0.7145
0.79616
0.70469
0.79433
0.77983
0.70958
0.76384
0.74302
0.78886
0.80538
0.73451
0.74645
0.76384
0.7656
0.76384
0.70632
0.73451
0.71945
0.84918
0.73621
0.72946
0.74302
0.6792
0.7925
0.85507
0.77625
0.75683
0.74989
0.75336
0.65313
0.68865
0.65313
0.73961
0.73621
0.72946
0.70469
0.70307
0.7145
0.64565
0.70632
0.76384
0.79433
0.66681
0.74473
0.79433
0.76208
0.70795
0.69823
0.76033
0.76033
0.80353
0.70958
0.71945
0.74131
0.70958
0.72111
0.74302
0.75162
0.81096
0.79983
0.79983
0.73961
0.73451
0.68391
0.7709
0.71779
0.77446
0.79068
0.72111
0.75683
0.73451
0.84528
0.7145
0.78163
0.71945
0.7379
0.72111
0.75509
0.70469
0.73451
0.67453
0.7145
0.7656
0.71614
0.79433
0.70307
0.69183
0.72277
0.87297
0.79433
0.84333
0.74645
0.8147
0.88308
0.89125
0.77625
1.7458
0.77625
0.64863
0.71614
0.76384
0.69183
0.76208
0.68234
0.67608
0.73451
0.75683
0.73114
0.70795
0.70146
0.70307
0.71779
0.72444
0.72946
0.73451
0.72778
0.70958
0.67143
0.68707
0.71614
0.75858
0.67453
0.75509
0.77804
0.66069
0.73451
0.74131
0.71945
0.74989
0.74989
0.69024
0.72444
0.74817
0.75858
0.78163
0.75683
0.76033
0.71945
0.76384
0.67764
0.69502
0.73961
0.72277
0.70469
0.66527
0.70307
0.68865
0.68707
0.72111
0.92683
0.8091
0.70146
0.80538
0.69663
0.67608
0.70795
0.65013
0.70958
0.69343
0.70958
0.79983
0.76384
0.74473
0.72778
0.69183
0.75162
0.74131
0.70307
0.65013
0.75162
0.70469
0.66834
0.72778
0.74989
0.68391
0.71779
0.70958
0.7925
0.67143
0.74989
0.73282
0.67143
0.85704
0.79616
0.72444
0.75858
0.74302
0.70958
0.7145
0.65766
0.67143
0.74817
0.7379
0.72277
0.75162
0.80724
0.80538
0.74817
0.7656
2.0941
2.9648
0.75858
0.81658
0.73961
0.79983
0.72277
0.70795
0.78163
0.65766
0.72277
0.75509
0.73114
0.77446
0.81846
0.98855
0.79068
0.8995
0.81096
0.82604
0.75858
0.75858
0.88105
0.69183
0.77983
0.75509
0.78705
0.74989
0.90573
0.71285
0.76208
0.7656
0.74302
0.75509
0.7925
0.71779
0.69183
0.68549
0.72611
0.71285
0.69663
0.75509
0.74302
0.79799
0.70307
0.79616
0.74302
0.69343
0.76384
0.76384
0.79068
0.78163
0.72611
0.79616
0.76913
0.73621
0.73961
0.77625
0.66681
0.66374
0.73114
0.78343
0.74473
0.66834
0.77446
0.7379
0.79799
0.78163
0.69024
0.71285
0.7379
0.83946
0.78163
0.9247
0.6792
0.70958
0.83368
0.79616
0.70469
0.66988
0.69183
0.77446
0.76384
0.79799
0.77804
0.68865
0.68865
0.69024
0.76913
0.74817
0.68865
0.74302
0.7656
0.73621
0.71121
0.71121
0.72946
0.75683
0.83946
0.68707
0.79433
0.74989
0.66681
0.90782
0.67608
0.66069
0.68391
0.68549
0.72277
0.72111
0.73451
0.73451
0.73114
0.76033
0.70146
0.69502
0.78163
0.73451
0.75683
0.75683
0.69984
0.72778
0.69502
0.71779
0.69343
0.70469
0.77983
0.8414
0.80724
0.70146
0.74989
0.69502
0.8147
0.79068
0.69024
0.8091
0.69502
0.67298
0.69183
0.71614
0.76033
0.71779
0.67298
0.77446
0.75683
0.7145
0.81846
0.72444
0.69502
0.77625
0.74473
0.82414
0.74131
0.76384
0.74131
0.75336
0.72778
0.78343
0.73114
0.83176
0.76913
0.71779
0.72277
0.74989
0.79799
0.77625
0.80168
0.70795
0.79616
0.69343
0.68549
0.77446
0.82035
0.68077
0.78343
0.75858
0.7709
0.67143
0.7656
0.83946
0.71121
0.73282
0.7656
0.79433
0.7379
0.88105
0.76033
0.76208
0.77625
0.84918
0.74302
0.77446
0.90365
0.76384
0.82414
0.75509
0.67764
0.73282
0.87297
0.72611
0.77446
0.72611
0.69024
0.75162
0.79983
0.74131
0.74989
0.72946
0.76384
0.77446
0.69024
0.77983
0.69502
0.74473
0.76208
0.83753
0.71614
0.76033
0.8091
0.76033
0.74645
0.74131
0.71779
0.72611
0.77804
0.75162
0.81846
0.74302
0.78343
0.75509
0.86696
0.71614
0.79983
0.69024
0.80538
0.71945
0.76384
0.89743
0.73621
0.97499
0.90573
0.68865
0.77804
0.87498
0.89331
0.77268
0.7709
0.86896
1.0351
0.96161
0.79983
0.77446
1.3397
0.68077
0.67764
0.76033
0.90365
1.0399
0.86896
0.91201
0.82414
0.96383
0.82794
0.96605
0.88512
0.93111
0.97275
1.0568
1.0023
1.3804
0.82035
2.355
0.76736
0.72111
0.69502
0.69024
0.70632
0.67453
0.72611
0.74817
0.81283
0.81283
0.70146
0.74817
0.67453
0.66988
0.74302
0.70469
0.75858
0.73282
0.73451
0.7145
0.73451
0.76913
0.77625
0.73114
0.7379
0.78524
0.73451
0.70469
0.74817
0.77983
0.70469
0.69024
0.66988
0.75509
0.75162
2.5527
7.2444
7.3114
10.666
10.864
10.666
8.2604
11.641
5.2845
6.6222
7.4645
11.858
0.78524
3.3343
0.84528
0.76736
0.78705
0.70632
0.80724
7.925
7.925
8.9331
9.4406
10.233
11.143
0.71945
0.72277
2.541
7.4131
7.7983
5.8345
9.4406
9.6161
8.0168
9.8401
7.0632
10.186
14.256
7.9616
8.6696
8.3946
9.6383
3.1189
1.7989
1.8113
0.74131
5.0003
7.9799
11.695
0.79068
0.77268
0.70958
1.8493
5.3703
1.9543
3.281
0.7656
0.68865
0.77804
0.76384
0.70146
0.93325
0.71285
0.79799
0.67764
0.6792
5.7677
8.147
2.5468
0.73114
0.70469
0.72444
2.5823
8.2224
9.977
10.023
8.9125
7.6913
8.0168
8.77
4.1305
0.78705
0.70146
0.73114
0.74473
0.74989
0.68391
0.76736
0.71614
0.70632
0.77983
2.1086
0.77625
0.69183
0.70632
0.71285
0.69502
0.73451
0.74473
0.72778
0.70795
0.68865
0.75162
0.77446
0.69502
0.72611
0.82035
0.8414
0.72611
0.74473
0.77446
0.75858
0.71945
0.74989
0.76208
0.77268
0.77268
0.74131
0.84723
0.7656
0.70958
0.68707
0.76384
0.73451
0.72111
0.78886
0.71121
0.83753
0.67143
0.75509
0.69024
0.80168
0.77983
0.66681
0.69663
0.66681
0.70632
0.70958
0.77983
0.68391
0.69502
0.72946
0.72946
0.71121
0.70307
0.71945
2.5177
0.77446
0.77804
0.7709
0.82224
0.88512
0.83176
0.84918
0.91833
0.86099
0.8356
0.84723
1.0257
0.70632
0.71121
0.69984
0.68391
0.69823
0.68391
0.73282
0.77625
0.78705
0.69663
0.80168
0.71614
0.69823
0.74645
0.70632
0.74989
0.74989
0.6792
0.69024
0.66374
0.66069
0.70632
0.67608
0.68234
0.70632
0.68234
0.72946
0.65917
0.69502
0.7145
0.85901
1.0471
0.68549
0.73621
0.75336
0.72611
0.77446
0.97275
0.98401
2.023
0.84723
0.74645
0.78163
0.74645
0.67298
0.78705
0.66681
0.71614
0.73282
0.79799
0.66069
0.70146
0.75683
0.70958
0.71285
0.67298
0.73114
0.68707
0.76033
0.69663
0.75162
0.71285
0.79983
0.68391
0.75509
0.77804
0.69024
0.69984
0.67453
0.79068
0.77625
4.4361
7.3282
6.3533
7.5162
11.858
9.9312
5.2
0.69183
8.2794
10.691
8.5901
7.7268
7.656
0.77446
0.82224
0.74131
6.9502
0.75162
3.5075
0.68234
0.72946
2.8907
2.9992
0.8356
0.73451
0.7925
0.77268
1.3868
0.71779
0.72778
7.145
5.0699
10.257
0.77983
0.74989
0.8531
0.77446
0.69663
0.73451
0.68549
0.68865
0.74131
0.77804
0.68391
0.74645
0.7145
0.6792
0.66834
0.69024
0.68549
0.77446
0.73451
0.74302
0.71779
0.71121
0.69663
2.2542
0.73114
0.72778
0.73114
0.71121
0.72111
0.76736
0.69024
0.71779
0.69024
0.67298
0.68391
0.76208
0.70795
0.71285
0.77804
0.68707
0.74302
0.72444
0.72111
0.72111
0.75336
0.80353
0.80353
0.69984
0.69183
0.72111
0.72444
0.75858
0.72111
0.71614
0.71945
0.70146
0.7656
0.7379
0.65766
0.75683
0.70795
0.74302
0.78343
0.70632
0.79433
0.65917
0.73114
0.70307
0.74131
0.67764
0.71285
0.72111
0.69183
0.66988
0.80353
0.74645
0.7709
0.84723
0.69502
0.79616
0.69984
0.75509
0.66527
0.75683
0.68707
0.68391
0.79799
0.76033
0.77268
0.82604
1.0069
0.92045
0.68234
0.82224
0.8356
0.8147
0.77625
0.80353
1.4191
0.97949
0.68865
0.7145
0.74131
0.69502
0.74645
0.82794
0.7379
0.76913
0.68549
0.71285
0.74989
0.68549
0.72611
0.75162
0.72444
0.72611
0.69823
0.84333
0.96383
8.995
6.5615
9.1201
6.0674
4.9888
7.7983
9.9541
9.3756
13.868
5.5976
0.66681
1.9498
4.8529
10.666
0.68707
0.74473
0.81096
0.69663
7.7983
10.568
9.2683
9.2683
9.3325
10.046
10.715
5.224
6.4714
11.041
8.7498
11.749
4.5394
0.70307
0.70146
1.0593
7.9068
7.4817
7.925
9.5719
12.647
5.3951
0.89536
1.4093
0.93111
1.6827
0.77625
0.71285
0.77446
0.69663
0.70795
2.1528
4.9204
8.8512
14.521
10.233
9.7499
5.8884
3.4754
2.9854
6.9183
10.617
7.3961
1.122
5.4954
8.1283
6.8549
12.474
7.925
11.482
14.158
9.0573
9.977
9.4406
12.388
10.495
8.3368
12.618
10.52
12.764
9.7051
8.6099
2.0277
9.0782
1.4388
0.81096
4.7534
9.7949
9.5719
0.7379
0.78705
0.72444
0.72277
2.7164
5.358
7.2111
10.375
14.158
7.2778
13.243
7.4817
7.2611
11.803
6.7143
9.3756
6.0534
7.7804
8.3368
2.6792
7.9433
6.5313
10.914
10.328
10.471
4.8641
5.4576
11.749
14.555
9.9083
8.2035
1.1885
6.6834
5.035
0.65464
0.77983
0.65766
0.65615
0.69183
0.81283
2.7102
0.73621
0.74302
6.0117
9.7051
10.023
3.6058
7.9799
11.508
11.376
4.3954
9.0782
5.6494
5.7412
0.80538
0.69823
0.80538
2.1281
0.67453
1.5668
3.8459
4.9091
7.1614
0.81846
0.78524
0.77625
0.90573
0.71945
1.0116
2.1086
3.2509
7.4645
7.3961
11.482
11.429
6.3533
7.9068
7.4989
8.0168
1.9543
1.4289
0.80538
0.69984
4.6559
7.2946
11.858
11.376
9.2045
12.677
6.368
6.9183
10.914
11.143
7.1779
11.22
9.9541
9.0991
15.668
10.617
10.641
9.3541
3.2211
5.902
10.99
10.351
13.552
11.561
3.8637
9.7275
10.52
8.9331
10.116
8.3753
8.9743
10.641
15.101
3.2659
1.977
11.912
5.3088
0.79616
1.099
1.1041
0.98855
0.86896
1.1117
0.85507
2.5823
4.7206
9.9541
11.508
13.213
8.8716
0.73282
0.79068
1.4355
6.6069
10.965
8.356
1.5311
9.1201
11.482
10.666
9.9541
18.664
8.3946
14.093
7.9433
11.429
10
8.3753
11.015
16.406
8.4528
14.093
11.668
6.3241
0.68077
0.80353
0.69502
0.68707
0.74473
0.71285
0.84918
0.76736
0.67608
0.75336
0.75509
0.85114
0.97275
0.76913
0.81096
0.75683
0.79068
0.74989
0.69984
0.8892
1.2706
0.66222
0.75509
7.3961
10.715
9.2045
0.71285
0.77804
0.71121
0.67608
0.71285
0.77268
0.75336
0.72611
0.73282
0.70795
0.72277
0.70795
0.75336
0.7925
0.77446
0.72277
0.71285
0.77804
0.78343
0.71945
0.73282
0.68234
0.79983
0.73282
0.71285
0.68707
0.7379
0.7379
0.66069
0.68707
0.69984
0.7145
0.68077
0.70146
0.68391
0.69024
0.71945
0.7379
0.69183
0.70795
0.67298
0.71779
0.70469
0.68549
0.66222
0.74302
0.68865
0.70307
0.70469
0.77625
0.77983
0.69024
0.72778
0.76384
0.76033
0.74645
0.6792
0.70795
0.70795
0.68707
0.69502
0.79799
0.67608
0.78343
0.73114
0.73282
0.67764
0.70307
0.81096
0.67143
0.72946
0.70307
0.70469
0.73961
0.66222
0.77268
0.77268
0.65163
0.68865
0.73451
0.66988
0.82414
0.70958
0.72111
0.67764
0.71779
0.78163
0.72111
0.66069
0.72778
0.80538
0.81283
0.69823
0.71614
0.65917
0.70632
0.70146
0.68234
0.71121
0.77804
0.66222
0.74817
0.69502
0.69823
0.76913
0.69024
0.68707
0.72444
0.74131
0.66069
0.72111
0.72444
0.73451
0.75509
0.66527
0.76384
0.69024
0.77446
0.78886
0.72611
0.69024
0.69024
0.68234
0.70958
0.69502
0.7379
0.69024
0.71285
0.69183
0.70632
0.68549
0.69343
0.64417
0.69343
0.68234
0.69502
0.76736
0.72444
0.71285
0.69024
0.66834
0.70795
0.75858
0.72277
0.6792
0.78343
0.73451
0.7379
0.78163
0.69502
0.74131
0.72946
0.65313
0.73451
0.71285
0.75858
0.69663
0.76736
0.74817
0.78163
0.73621
0.74302
0.68707
0.72611
0.68234
0.73621
0.76384
0.70958
0.77804
0.76913
0.64121
0.70632
0.72277
0.70632
0.6792
0.69024
0.82985
0.74473
0.69024
0.70307
0.69502
0.74989
0.75336
0.68391
0.72111
0.73451
0.69663
0.71779
0.69343
0.71121
0.68549
0.72444
0.78343
0.73114
0.71945
0.80353
0.7145
0.66069
0.71779
0.67143
0.78705
0.73114
0.69823
0.76033
0.71945
0.73961
0.68865
0.74302
0.69183
0.72611
0.71285
0.69502
0.69343
0.71945
0.71779
0.72277
0.65917
0.74302
0.75336
0.74131
0.72111
0.74302
0.75683
0.76913
0.76033
0.65615
0.72611
0.74817
0.78705
0.74645
0.70958
0.70307
0.69663
0.71285
0.7656
0.83368
0.77983
0.73114
0.78163
0.70469
0.7379
0.67764
0.72778
0.74989
0.73282
0.68549
0.75336
0.73451
0.70958
0.69663
0.77446
0.6792
0.6792
0.70469
0.74817
0.67608
0.72444
0.70632
0.7145
0.94842
0.7709
0.80724
0.71779
0.85507
0.71779
0.78524
0.79068
0.71614
0.7145
0.82414
0.78886
0.74817
1.219
0.87498
0.7925
0.91201
1.074
0.91833
0.85114
0.81658
0.94406
1.0023
0.91201
1.1429
1.1324
1.1376
1.0914
0.8531
0.7925
1.0965
1.0162
0.75336
0.70795
0.72778
0.73621
0.74645
0.75858
0.79068
0.80724
0.7145
0.75336
0.6792
0.70958
0.72611
0.72444
0.69502
0.74473
0.75858
0.74473
0.77983
0.68077
0.77446
0.74473
0.69343
0.72946
0.7145
0.75683
0.74131
0.69502
0.65917
0.76208
0.75336
0.67608
0.8147
0.76736
0.74131
0.70632
0.77983
0.74473
0.66374
0.64565
0.79068
0.76384
0.68549
0.69984
0.67143
0.70632
0.68234
0.72111
0.72444
0.70146
0.74131
0.71285
0.71285
0.69502
0.77983
0.73961
0.75162
0.77625
0.70469
0.72111
0.71285
0.67453
0.72111
0.74645
0.62661
0.68865
0.71614
0.68865
0.69502
0.71285
0.64121
0.74131
0.76208
0.70632
0.66527
0.67298
0.77446
0.69984
0.66834
0.76913
0.73114
0.68549
0.76384
0.71945
0.67608
0.70958
0.66527
0.70632
0.70307
0.66681
0.79983
0.69502
0.73621
0.76913
0.73282
0.72778
0.74817
0.71779
0.77983
0.66222
0.76736
0.69663
0.73114
0.68391
0.67764
0.7145
0.73451
0.72444
0.70632
0.73451
0.75162
0.71945
0.69502
0.67453
0.69984
0.65917
0.69663
0.71285
0.6792
0.75858
0.75858
0.91411
1.1117
0.68077
0.71945
0.69502
0.82414
0.72444
0.77268
0.65615
0.72778
0.76384
0.73451
1.0765
0.74302
0.69183
0.7145
0.71779
0.79068
0.81846
0.91622
1.0641
0.93325
0.8147
0.69663
0.73451
0.67608
0.73621
0.88105
1.2445
0.65313
0.72611
0.68865
0.74817
1.6711
6.9663
8.2414
7.8705
5.6105
5.9566
0.93972
7.1779
7.8705
6.3826
6.5917
0.73114
0.69024
0.78886
2.704
0.68865
0.74131
0.77983
2.6363
7.1779
8.5704
7.3621
9.0991
6.4417
7.0469
4.5082
7.1614
0.7709
0.74645
0.78886
0.72611
0.77804
0.79799
0.78886
0.70307
5.8884
7.9799
7.7268
5.1642
4.4361
3.2509
5.6364
0.75162
0.72946
0.76736
0.8147
0.75509
2.9107
3.2063
0.7709
0.73114
0.75509
0.73451
0.78163
0.70469
0.68707
0.71121
0.68707
0.74989
0.74473
0.68549
0.70795
0.6792
0.69984
0.72111
0.78343
0.74645
0.94189
0.71779
0.82794
0.96161
0.72778
0.75683
0.74989
0.81658
0.7709
0.96383
1.0209
0.72444
1.194
1.3459
1.0814
0.77625
0.85901
1.2912
0.80168
0.83946
1.028
0.93756
1.2134
0.69823
1.1169
0.75683
0.71779
0.86298
1.574
0.71945
0.82794
0.76736
0.78705
0.96605
1.0186
0.97051
0.80538
0.94189
1.0889
1.074
1.0328
0.92257
1.2274
1.2023
1.1117
1.0593
1.0765
1.1143
0.83946
3.8107
1.6106
0.70146
2.5763
6.4121
3.8994
5.9293
5.1051
0.67298
0.70795
0.73621
0.71285
1.0046
7.1779
7.2778
8.3176
8.2794
10.666
10.423
5.6364
4.1305
9.2045
9.3325
7.3621
8.892
9.3756
8.414
0.8091
2.1827
0.93972
0.74473
6.4863
5.902
9.0157
0.8091
4.7973
7.4302
7.5336
8.1096
8.0724
8.7297
6.9502
8.0353
7.656
5.1168
8.5704
0.73282
0.72111
6.1376
6.4565
9.0782
5.3703
8.091
7.6736
6.6374
7.3282
7.8163
3.8637
2.8184
7.3114
5.6885
6.2661
5.9156
8.9743
6.2087
4.0644
4.9431
5.358
5.8749
11.641
0.75683
4.7753
6.8707
7.7446
5.445
6.7608
2.2856
2.6303
9.4189
10.889
8.3753
5.42
0.76384
0.83753
6.3826
9.3111
8.6099
12.023
9.6605
0.72778
0.83176
0.84918
0.90365
0.99312
6.2373
8.4528
6.6681
8.091
6.2087
1.3243
0.98175
0.80168
0.74989
0.88308
0.79433
0.80353
1
0.79616
0.77804
4.5394
5.224
8.8105
3.3884
7.5162
7.7625
10.495
5.7677
8.2985
8.5114
12.05
1.4689
0.70632
0.68707
0.69343
2.673
4.0644
0.79068
0.90573
1.1858
1.1561
0.7145
0.69663
0.72946
7.656
5.5847
6.9823
4.9659
5.2723
4.8753
7.7983
7.6208
7.1945
5.2845
7.0146
10.257
5.4325
7.4473
7.9068
5.7943
10.023
0.79616
1.094
6.5917
12.853
3.9628
0.83176
0.77804
0.83368
3.4041
2.4322
3.6728
6.3387
0.77983
0.68549
3.4514
8.7498
8.1658
13.335
10.116
7.1779
10.447
9.7275
5.3827
12.647
0.85704
0.78163
0.7656
1.0209
1.9815
0.8147
7.7804
5.2966
7.2111
6.5917
6.3826
7.5858
7.8163
8.0724
5.3088
7.4131
11.749
6.1518
9.4189
8.4918
0.68549
2.0324
5.7943
5.7544
6.3826
11.402
13.646
8.2035
1.5488
1.135
2.9444
6.0117
16.827
6.0954
5.9429
14.825
12.794
12.246
7.1779
12.706
11.482
12.677
1.2823
1.5346
0.78163
0.70958
5.3827
10.116
5.7016
13.002
8.8105
7.9616
7.0795
10.765
7.1614
7.6736
10.864
10.233
0.69984
0.69502
0.68707
0.71779
1.7701
4.4361
11.94
10.304
7.5509
7.5336
9.6161
4.8978
0.72778
7.6384
7.2611
4.5604
10.544
7.6736
10.046
10.069
4.4259
10.99
5.7544
2.8054
10.423
13.366
9.7051
9.5499
2.3174
2.5235
0.87297
0.76033
0.83946
0.74817
0.78705
0.73282
0.81658
0.74302
0.71614
3.8548
8.414
8.1096
0.81658
4.9431
10.046
3.8194
1.8155
2.8445
9.6605
3.4514
7.6384
6.6527
5.035
5.1286
11.482
14.355
0.77446
9.6828
11.272
8.8105
6.6681
6.9024
8.2414
16.293
7.0307
13.9
7.2111
9.9312
8.2985
12.246
7.379
7.0469
5.5463
5.4075
10.257
2.6363
0.73621
6.9663
5.6494
0.90157
1.2706
1.1803
11.508
7.7268
9.2045
9.7949
9.2683
9.0991
11.561
6.0395
6.5766
10.52
19.409
14.521
8.995
1.762
9.0157
7.5509
13.335
12.56
15.885
10.715
8.995
13.243
12.531
9.0573
13.305
11.455
8.6497
9.4624
7.925
17.989
1.7022
5.8884
10.789
8.2985
7.5509
7.1779
9.3111
15.488
14.191
8.1846
3.6141
1.0544
4.4463
13.243
8.4528
15.311
0.7656
6.9024
8.1658
11.858
13.062
9.1622
11.246
17.061
16.827
11.885
14.997
14.588
17.742
19.454
22.08
19.543
23.768
21.979
19.543
22.284
23.227
24.889
28.642
18.707
19.77
17.579
13.772
26.424
15.996
14.928
17.498
17.701
18.967
5.6494
11.614
10.715
20.701
17.179
15.596
20.277
24.604
20.893
18.113
6.6988
