4.0738
9.5499
0.69984
5.821
6.1376
5.2845
1.0495
1.1912
1.4421
2.2029
0.90573
1.5453
0.8531
1.3804
1.762
1.5031
1.766
1.6558
1.5524
1.3552
1.5704
1.5996
1.5885
1.6982
1.4223
1.9099
1.714
2.037
1.9364
1.2106
2.5882
1.0495
1.4825
1.1776
1.2677
1.4928
1.1668
1.1376
1.0666
1.4289
1.6368
1.7061
1.5631
1.3397
1.556
1.6181
1.5885
1.2162
2.1777
1.888
2.0893
1.7579
2.673
1.7906
2.2387
2.0277
2.1281
1.5524
1.4488
1.7865
1.9454
1.6032
1.7498
1.7338
2.0654
1.4997
2.8907
1.9861
1.7498
1.5101
2.1878
1.7498
1.7539
2.2491
1.8239
1.7824
2.1184
1.9364
2.6002
1.4723
2.2909
2.1135
1.8707
2.355
2.3174
2.0797
1.7418
1.5996
2.1038
1.9815
2.1086
1.9454
1.803
2.1827
1.9861
1.5066
1.7258
1.9364
2.5468
2.9717
1.7865
2.0277
2.0277
2.0989
2.2233
2.4099
3.4435
2.6424
1.8707
1.8707
2.1478
1.8197
2.0137
1.9055
1.8155
1.8621
2.0989
3.2137
2.0324
2.0091
1.8621
1.6749
2.0845
2.4717
2.7416
2.5119
2.799
2.0989
2.3121
2.3878
1.7824
2.1038
1.5704
1.9055
2.3768
1.977
1.9815
1.932
2.5763
2.9854
3.7584
2.1232
1.6711
2.0893
2.0277
4.1495
2.2909
2.2029
2.2856
1.4355
1.4388
3.3189
2.904
2.5763
2.1135
2.6122
2.4889
1.6866
1.3213
1.9275
2.3227
1.4928
2.2131
2.355
2.2909
1.9055
2.2182
1.8578
2.6424
2.2131
1.7701
1.8365
2.5177
2.2182
2.0654
1.7906
3.0479
1.6904
2.3933
1.9409
2.1878
1.7219
2.2182
2.3823
2.0701
2.673
3.6728
2.0606
2.5527
1.9187
2.4889
3.7411
1.7947
1.9143
1.9099
1.6634
1.714
2.0893
2.355
1.9454
1.875
3.3266
1.8923
1.4894
1.5453
2.1086
1.9724
2.2699
1.6144
2.3227
2.5119
1.9454
2.6546
1.5849
1.8923
1.7298
1.6788
1.6943
2.4155
1.5171
3.013
2.1232
1.4825
2.958
1.9861
2.7416
1.7338
2.8973
2.1232
2.3823
1.9543
2.138
2.0184
1.9498
2.3388
3.9719
1.8113
2.0559
2.466
1.9364
2.3121
2.2961
2.4099
2.2131
1.8281
2.7479
2.0277
2.0417
1.7906
2.0654
2.0989
1.5668
1.7742
1.6596
4.9774
1.9634
1.5241
1.205
1.2388
1.3152
1.6711
1.9099
1.7783
2.0845
1.845
1.3614
3.4198
1.7418
1.4791
2.1928
1.8836
1.5776
1.766
2.4946
2.023
1.5136
1.6866
2.8314
1.7579
1.6827
1.4859
1.6711
1.4191
2.0417
1.6482
2.0893
2.2803
1.8707
1.6144
1.4191
1.5922
1.4962
1.7865
1.5668
1.5417
1.9588
1.5488
1.5596
1.6982
1.4223
1.9999
1.4256
2.5527
2.0137
1.3397
1.6558
1.5631
1.6255
1.3092
1.6482
2.138
1.6331
3.767
1.219
1.6982
2.0749
2.0277
1.8113
1.3932
1.652
1.6749
1.6904
1.5631
1.3614
1.6444
1.803
1.9099
2.421
4.121
1.7865
1.71
1.2359
1.4555
1.7179
1.5311
1.3614
1.3836
1.9543
3.7068
1.219
1.4723
1.71
1.6218
1.6634
1.6866
4.217
1.1885
2.6303
1.5382
1.9724
1.7298
1.7418
3.9719
2.6792
1.2078
1.3709
1.2503
2.2336
1.3032
1.4588
1.374
1.6866
1.5031
1.406
1.39
1.3428
1.2618
1.8535
1.5382
1.8113
1.7258
1.4421
1.3366
1.4093
1.3335
1.5417
1.1641
1.1695
1.028
1.3092
1.6444
1.1588
1.4322
1.3122
1.3305
1.2474
1.2531
1.1298
1.074
0.9506
1.3305
1.1376
1.1429
0.99083
1.1041
1.5524
1.1324
1.122
1.3062
1.1376
0.90157
1.0789
1.1246
1.4158
1.2853
0.87096
1.1169
1.0864
1.0544
0.95719
1.4997
1.0186
1.1535
1.0914
0.8892
0.94189
1.5668
1.3062
1.5101
1.1508
1.4256
1.2106
1.7338
1.1455
1.2218
1.1117
1.1482
1.0641
1.0304
1.5885
1.1614
1.3305
2.0989
1.574
3.8637
5.3827
1.0544
0.9528
0.96161
1.099
1.1169
1.0765
1.0839
6.0534
4.9774
1.7298
1.9231
1.8621
1.4757
1.4256
1.3335
2.2439
5.8884
2.1232
1.6069
1.1995
1.0233
1.194
1.2359
1.2274
1.3243
1.4825
2.704
3.4674
1.1885
2.6915
1.7298
1.2942
1.4655
1.7824
1.1858
1.3772
0.97275
1.1272
1.0544
2.3988
2.6062
1.5031
1.256
1.194
1.8113
1.2912
1.5031
1.3032
1.183
1.3274
1.1169
1.2882
1.3305
1.2303
1.1246
1.406
1.1995
1.1803
1.2162
1.0641
1.099
1.1722
1.0864
1.0471
1.4191
1.2106
1.1561
1.3583
1.2474
1.39
1.8365
2.3281
1.2474
1.3092
1.3397
1.3804
1.1614
1.4223
1.5101
1.2764
1.3459
1.1508
1.1858
1.0965
1.2853
1.0093
1.1455
1.4791
1.3335
1.3964
2.0845
1.052
3.6728
9.6161
6.223
1.4158
2.3878
2.8119
1.4322
1.1967
1.0914
1.052
1.2618
1.6255
1.1912
1.4757
1.1722
1.9143
1.3646
1.4355
1.2303
1.0375
1.9498
2.2439
2.6363
1.2972
1.4588
1.5631
1.5596
1.349
1.8155
1.1429
1.2388
1.3335
1.4191
1.1912
1.3868
1.1041
1.3183
1.3122
1.028
1.3964
1.3677
1.2445
1.2106
1.3868
1.2942
1.2331
0.90782
1.0666
1.0162
1.1588
1.39
1.4521
1.6255
1.3804
1.099
1.122
1.0209
1.0864
1.0399
1.3552
1.0447
1.2853
1.0617
1.0789
1.7539
1.5346
1.1749
1.2972
1.1535
0.96828
1.2246
1.4454
1.256
1.5776
1.1535
1.4454
0.85114
1.1561
1.135
1.0814
1.1169
1.0495
1.2474
1.1912
1.3459
1.0914
1.2589
1.3366
1.5885
1.2764
1.219
1.2303
1.3062
1.2474
1.2647
1.1041
1.2445
1.0257
1.3032
1.4689
1.0593
1.0233
1.5922
1.0186
1.3397
1.3772
1.349
1.3677
1.2303
1.094
1.4894
1.3002
1.4488
1.099
1.3932
1.4689
1.4289
1.256
1.1641
1.4997
2.7227
1.5524
1.4928
1.256
3.4435
3.3651
1.4355
1.219
1.2331
1.4997
1.2764
1.977
2.0606
3.1769
4.0926
11.508
13.9
10.209
10.257
2.3442
11.143
12.823
5.3951
1.4355
1.4723
1.6069
1.6293
1.1041
11.995
8.8308
12.823
13.9
10
11.614
11.455
10.046
8.8512
2.4946
7.379
8.5704
11.015
1.4962
1.3032
6.9183
8.8308
12.274
10.99
8.1283
9.1622
10.116
2.3659
6.3533
16.368
8.8512
10.666
1.2589
1.1041
1.4421
1.374
1.194
1.1015
1.0593
1.3002
1.2417
1.0889
1.2882
1.0691
1.9231
1.2218
1.3677
1.183
1.7742
1.3274
1.5276
1.194
1.5205
1.028
1.4757
1.6106
1.0093
0.96161
1.2735
1.1482
1.3614
1.3122
1.2853
1.1641
1.2503
1.349
1.3122
1.1066
1.0328
1.1066
1.4093
1.349
1.2823
1.6982
1.4454
1.8793
1.4757
1.122
1.0568
1.2331
1.2942
1.256
1.0765
1.4322
1.2735
1.2882
1.094
1.5488
1.2246
1.3646
1.2331
1.2735
1.6482
1.1912
1.1668
1.2942
0.97051
1.2677
1.2162
1.3335
1.0495
1.094
0.91201
1.219
0.93325
1.1324
1.0023
1.135
0.98401
1.2134
1.1376
0.91622
1.2359
1.052
1.1272
1.1169
1.2134
1.4488
0.96605
0.92683
1.0233
1.2274
1.0399
1.0471
1.0023
1.1429
1.1015
1.099
1.2445
0.94189
1.0069
1.1041
0.96605
0.91622
1.1246
1.3996
0.99312
1.0814
0.99541
1.2218
0.93756
1.4289
1.0965
1.0914
1.2474
1.1803
1.094
1.0495
1.1535
1.205
1.0375
1.0617
1.5031
1.2359
1.0447
0.96161
1.1041
1.2445
1.1614
1.2303
1.0568
0.93111
0.84333
0.95499
0.8892
1.3274
1.074
0.9977
0.8995
0.90991
0.80724
1.1066
1.094
1.0375
1.1803
0.97275
1.0765
1.052
1.0965
0.96383
1.1995
1.0257
0.95499
0.91411
0.90573
1.1169
0.93756
0.94842
0.90991
0.97499
1.1015
1.0914
0.9528
0.9506
1.0069
0.93541
1.1246
1.052
1.205
0.89125
1.1885
1.1561
0.9528
0.9528
0.82224
1.0617
0.93756
1.0544
0.94624
1.0765
0.92045
0.80538
1.0666
0.81283
0.8091
0.91201
0.91201
1.0965
0.77804
0.92045
1.0965
0.88512
1.0789
1.0093
0.92257
0.96383
0.92897
1.1015
1.0423
0.99083
0.90782
1.1169
0.84333
1.1143
1.0593
1.1015
1.0641
0.9594
1.0351
0.9247
1.0046
0.94624
0.97051
1.1143
0.88308
1.0914
1.1641
1.0544
1.0093
0.94406
0.92045
1.099
1.1194
0.9528
0.92045
0.82224
1.2417
0.93541
0.88716
0.9247
0.87096
1.0471
1.2474
1.1995
0.94842
0.94406
1.0839
1.2303
1.194
1.0423
1.2134
1.0965
0.96161
1.1803
1.0186
0.96161
1.0864
1.2589
1.0914
1.099
0.9977
0.93111
1.0046
1.074
0.96383
1.1858
1.2218
1.2331
1.1015
1.0617
1.0765
1.3335
1.0495
0.89743
0.79983
1.1803
1.2823
1.2023
0.99541
1.205
1.349
1.7258
1.2246
0.96161
1.0447
1.0666
1.1803
1.1402
1.2972
1.2474
1.0328
1.6032
1.0495
1
1.1912
1.2303
1.1298
1.4191
0.97499
0.97051
1.0965
0.98855
1.0375
1.2274
0.99541
0.87902
0.99083
0.9977
1.1092
0.96161
1.1092
0.94189
0.91201
1.1561
0.9506
1.3836
1.1194
1.2531
1.2303
1.0641
1.3397
1.6482
1.2106
1.2106
1.2706
1.6596
1.0304
5.6494
5.1523
0.97949
6.5313
2.8774
4.8417
3.8371
1.0495
1.3932
1.9231
1.8155
4.5082
1.4622
1.7022
1.3996
1.3677
1.1912
1.1912
0.97051
1.1455
1.1722
1.2388
1.2331
1.5066
1.2331
1.099
1.4355
1.2134
1.3932
1.0617
1.2331
1.1668
1.3964
1.3836
1.1995
3.4277
5.2602
4.5709
1.0617
1.7338
1.0447
0.93756
0.86298
0.97499
0.95499
0.91622
1.0046
1.1508
1.1194
0.87096
0.93756
0.80168
1.652
1.0162
1.6218
1.3366
1.2162
1.219
4.7753
10.093
1.1092
1.0789
1.2706
3.8107
6.1802
3.9355
0.98628
0.8892
1.0423
1.4191
1.1117
6.0256
6.5013
12.19
7.7625
1.3274
1.0715
2.6853
2.5235
2.2131
1.0093
1.0471
1.1749
1.1041
1.4223
1.0864
1.3709
2.3496
1.3552
1.3062
1.6069
1.6749
0.98401
1.0069
0.94189
0.74473
0.75858
0.9594
0.82224
0.8414
0.79433
0.77268
0.74817
0.85507
0.71945
0.71945
0.79983
0.74645
0.78343
0.78886
0.94842
0.86896
1.1803
0.8091
1.4289
1.219
0.88105
0.96828
0.83946
1.0495
1.1324
1.8836
1
0.78163
1.8239
0.7925
0.76913
0.73282
0.73961
0.89125
0.79983
0.73282
0.73961
0.80168
3.8459
0.71285
1.0023
0.96605
0.95719
0.90991
1.406
6.0117
2.7669
4.4668
10.889
5.6885
1.5171
9.0157
9.7724
7.1614
1.205
1.0914
1.094
0.79433
1.3183
1.8281
1.6672
1.1641
0.96828
4.102
2.1232
0.70469
0.73114
0.69024
0.70632
0.68234
0.72611
0.71614
0.72778
0.7379
0.7656
0.71121
0.75509
0.81096
0.73621
0.72946
0.70146
0.8091
0.73451
0.78705
0.72444
0.74645
0.73451
0.82794
0.72444
0.77983
0.66834
0.78524
0.75162
0.76033
0.65013
0.74473
0.72611
0.68077
0.72111
0.7379
0.66222
1.0765
0.83368
1.256
0.81283
0.89331
0.73621
0.76033
0.85704
0.9528
1.3583
1.7865
0.71121
0.83176
0.98855
0.85114
0.71779
0.80724
0.9506
0.86298
0.82794
0.88105
0.72444
0.84918
0.70146
1.0495
0.79433
0.76913
0.75858
0.84918
0.77625
0.72611
0.74131
0.74989
0.73282
0.75509
0.74473
0.8531
0.80353
0.70469
0.69183
0.76736
0.7656
0.71614
0.69183
0.79983
0.80538
0.68549
0.74302
0.70146
0.98855
0.99312
1.2023
1.0839
1.2474
1.0765
1.0186
1.1885
1.2647
0.96828
1.1429
2.0654
1.7539
0.71945
0.73282
0.7656
0.76033
0.7925
0.71945
1.0399
1.5276
0.94842
1.1776
1.2531
1.0162
1.2474
0.75162
0.90573
0.88512
1.7298
1.4588
0.73114
0.75509
0.71945
0.71614
0.69502
0.7656
0.90573
1.0864
0.8414
0.85114
1.7298
1.0471
0.84528
1.2647
1.8535
0.7709
0.66527
0.77804
0.74302
1.5417
0.68707
0.70795
0.74645
0.79799
0.73961
0.79068
0.70307
0.80353
0.75509
0.70146
0.71779
1.4488
1.6331
2.0606
0.76913
0.70632
0.7925
0.70307
0.69502
0.73282
0.74302
0.75683
0.68077
0.76208
0.70146
0.69823
0.81658
0.69823
0.75858
0.74302
0.72444
0.74817
0.76033
0.73621
1.028
0.68865
0.71779
0.75162
0.67143
0.68865
0.70958
0.75509
0.73621
0.77446
0.72946
0.77625
0.71121
0.72111
0.71779
0.69343
0.72444
0.73282
0.71614
0.78886
0.75683
0.72444
0.97275
0.70146
0.71285
0.7379
0.70958
0.66834
0.71779
0.66681
0.70795
0.81658
0.73451
0.68707
0.75683
0.75509
0.8091
0.74645
0.70958
0.70469
0.70146
0.77268
0.74817
0.64714
0.74989
0.70958
0.80724
0.68391
0.77446
0.71779
0.79799
0.70146
0.74302
0.89743
1.0666
1.0186
1.0304
1.1722
1.2106
1.3274
1.2218
1.3305
1.4289
0.73961
0.85114
0.87096
0.91622
0.71945
0.79433
0.82035
0.73961
0.76736
0.76208
0.78163
0.91411
1.6749
0.70795
0.97724
0.88716
0.74473
0.81658
0.78343
0.8531
0.75162
0.70307
0.72111
0.77625
0.82604
0.86298
0.90157
0.84528
0.80724
0.76208
0.71121
0.79068
1.4223
0.69663
0.76913
0.69823
0.70146
0.74302
0.74645
0.70307
0.67764
0.83753
0.72111
0.71285
0.72778
0.78524
0.7656
0.7656
0.77625
0.70307
0.77983
0.71614
0.75509
0.74989
0.77268
0.75162
0.69823
0.86497
0.87297
0.73621
0.7379
0.76384
0.73282
0.74817
0.74473
0.71614
0.69823
0.68549
0.70795
0.84723
0.68077
0.75509
0.7379
0.93325
1.0544
0.93111
1.1455
0.89536
0.91833
0.83753
0.877
0.76208
0.79068
0.91411
0.73114
0.88105
0.89536
0.8995
0.75162
0.98855
0.77804
0.69663
0.7145
0.75858
0.77446
0.74989
0.74817
0.89331
0.99312
1.3836
1.0471
1.1298
2.0797
1.4223
1.4028
0.75509
0.74989
0.71945
0.7925
0.76736
0.7145
0.77625
0.78886
0.72111
0.7925
0.72444
0.82604
0.74645
0.70307
0.90782
0.8531
0.75683
0.78163
0.82035
0.76208
0.87902
0.76736
0.83176
1.2531
0.9977
0.99083
0.9506
0.91833
0.72444
0.77804
0.96161
0.73621
0.73621
0.75509
0.71945
0.72277
0.70307
1.1376
1.0069
1.1967
2.3933
0.74302
0.7145
0.71614
0.73114
0.77268
0.69183
7.9983
7.5858
7.709
7.6208
13.366
11.912
12.106
10.593
1.0914
4.6452
7.6384
9.6161
1.6482
1.1169
1.0186
1.052
4.256
1.0691
1.7947
3.8459
0.74302
0.75509
2.0324
0.86497
1.3062
0.84333
2.9376
5.2481
7.7804
10.789
6.7764
8.356
10.839
6.4714
17.742
9.2257
7.6736
12.794
10.209
11.641
10.889
8.5507
11.535
6.792
8.3176
8.5704
1.6106
1.3122
1.1912
1.0544
1.1561
1.3213
1.122
1.099
1.2218
1.1641
1.5922
1.0495
1.0568
0.98628
2.3067
0.7709
1.7378
1.9634
1.3996
1.556
0.74989
0.77268
0.76384
0.75858
1.1376
2.1577
0.97724
1.5311
1.3305
1.2735
1.256
1.0116
0.97275
1.2078
1.0023
1.2589
0.79068
0.86896
0.73114
0.78886
0.81283
0.69183
0.74131
0.70958
0.75858
0.96383
0.72611
0.73961
0.76384
0.77625
0.79068
0.7379
0.7656
0.76384
0.73451
0.73621
0.67453
0.76736
0.8091
0.79433
0.72946
0.7709
0.74817
0.74302
0.81283
0.72778
0.74131
0.74302
0.9506
0.88308
1.0914
1.256
2.8054
1.3002
1.0423
1.1272
1.256
1.1246
0.91201
2.4155
0.84723
0.72611
0.75162
0.72444
0.8091
0.76736
0.8356
0.84333
0.78524
0.82224
0.72611
0.69663
0.74302
0.84723
0.87096
1.0691
1.0471
1.1194
1.4289
0.86497
1.9498
1.5488
1.2388
0.93325
0.98628
0.95719
0.96161
0.7656
0.92257
0.78343
0.76736
0.7709
0.78886
0.76736
0.85507
1.3002
0.8995
0.8147
0.7656
0.73282
1.1749
0.71945
0.69663
0.69984
0.7709
0.72611
0.73451
0.7145
0.70307
0.72611
0.76033
0.71121
0.76736
0.68865
0.89743
0.87297
0.75509
0.75509
0.78524
0.86099
0.8414
0.81283
0.69663
0.72444
0.73621
0.78886
0.9506
0.69024
0.69663
0.7379
0.77268
0.69823
0.83946
0.73282
0.78886
0.74817
0.71945
0.75858
0.84528
0.80724
0.70632
0.71285
0.73451
0.79068
0.75509
0.81658
0.77446
0.72444
0.71285
0.73451
0.72611
0.82985
0.80724
0.68077
0.68865
0.74302
0.70795
0.72946
0.74645
0.91833
1.1722
0.9247
1.0186
1.0889
1.1641
1.5668
1.6406
1.0864
0.71285
0.74473
0.76736
0.67764
0.70958
1.0765
1.094
1.0186
0.87096
0.83176
0.72444
0.89331
0.90782
0.70795
0.74302
0.69984
1.0641
1.2706
0.88512
1.2078
0.82035
0.9594
1
6.7764
1.9861
1.3552
0.80168
0.79616
0.78705
0.71945
0.7709
0.72946
1.2942
0.83753
0.70795
0.76208
0.76033
0.69502
0.73621
0.73621
0.74989
0.72946
0.70958
0.76033
0.76033
0.68391
0.70795
0.68077
0.77625
0.77625
0.73282
0.73451
0.75509
0.93111
0.94624
0.75509
0.9594
0.86099
0.80168
0.8356
0.72111
0.91833
1.0617
1.2134
0.89331
0.72611
0.71614
1.1143
0.71945
0.84528
0.69984
0.71121
0.77446
0.72444
0.78886
0.94406
0.74817
0.8414
0.70307
0.73621
0.7145
0.71614
0.81658
0.8147
0.74989
0.77446
0.76033
0.81658
0.73451
0.77446
0.69984
0.80353
0.75858
0.73621
0.78343
0.75162
0.79068
0.96605
0.86896
0.7709
0.77804
0.72444
0.72946
0.74302
0.73451
0.77268
0.73621
0.7145
0.71614
0.80168
0.93325
0.87902
1.5031
0.70958
0.96383
0.92683
0.96828
0.90991
1.0593
1.4825
1.1508
0.93972
0.93972
1.2823
1.4093
1.1641
1.2735
1.1298
2.0045
0.8147
1.0257
0.95719
1.6904
2.3605
2.1429
0.70469
0.77446
0.68077
0.76384
1.0593
0.94624
1.1015
1.1967
1.0814
1.2078
0.99541
0.84918
1.0914
1.1117
0.85704
1.6558
1.2764
0.74989
0.77268
0.74473
0.73282
0.70469
1.2218
1.1561
0.82035
1.2912
0.7925
0.79433
1.8578
0.87297
1.1967
1.8197
0.7709
0.69343
0.69984
0.70958
0.6792
0.79616
0.72611
0.76033
0.73961
0.84333
0.77446
0.79616
0.73114
0.72778
0.74302
0.69343
0.74131
0.6792
0.70632
0.77625
0.71121
0.78163
0.69183
0.79068
0.93972
0.71614
0.72444
0.7145
0.7379
0.72277
0.70795
0.71614
0.76913
0.71614
0.71945
0.74302
0.72277
0.8356
0.66222
0.71945
0.76208
0.73961
0.73282
0.81283
0.78886
0.73114
0.72778
0.8147
0.78343
0.70307
0.73961
0.80724
1.3677
1.0617
1.122
1.0023
0.82794
1.205
0.97051
2.0417
2.0091
0.88308
0.91411
0.87902
0.66988
0.70307
0.69823
0.72611
0.87297
0.83753
0.72444
0.76033
0.70958
0.70307
0.66988
0.76208
0.78705
0.73961
0.75336
0.67764
0.94842
0.8414
0.90573
0.75858
0.72946
0.70307
0.71285
0.72778
0.69502
0.68865
0.66988
0.69502
0.97051
0.92897
0.75336
0.74473
0.67764
0.78886
0.73282
0.72611
0.78705
0.86099
0.69984
0.90573
0.86298
0.82604
0.75336
0.69024
0.72277
0.69183
0.65615
0.73282
0.72611
0.75162
0.75336
0.99083
1.7498
0.81658
0.76913
0.76736
0.90157
0.84333
1.0691
1.0864
0.78163
0.8091
0.84528
1.2474
0.7925
0.7379
0.71121
0.72946
0.72277
0.88105
0.71945
0.72611
0.72946
0.75162
0.72611
0.7145
0.82035
0.75509
0.77625
0.77268
0.78524
0.74817
0.73961
0.71614
0.71945
0.71614
0.69502
0.68234
0.71779
0.75858
0.74302
0.73451
0.68707
0.69823
0.69823
0.80353
0.70146
0.70632
0.69984
0.84723
0.76913
0.74302
0.68234
0.77804
0.74817
0.70469
0.94624
0.81658
0.75336
0.76736
0.70307
0.72778
0.72111
0.77268
0.71945
0.72611
0.7709
0.75683
0.72946
0.73621
2.4774
2.3823
3.1333
0.78524
0.91201
1.3868
1.4928
1.5704
0.74473
0.73114
0.71779
0.72946
0.70795
0.74817
0.75858
0.78343
0.73282
0.7709
0.76033
0.75509
0.78886
0.78886
0.72111
0.74817
1.2706
1.4825
0.73451
0.76033
0.76384
0.77268
0.71945
0.73282
0.72611
0.73451
0.71945
0.78343
0.69823
0.70632
0.70795
0.68549
0.69823
0.7379
0.74817
0.75336
1.122
0.79616
0.74817
0.74302
0.76033
0.79616
0.77268
0.80353
0.74131
0.78163
0.78524
0.79068
0.7925
0.77983
0.7709
0.80538
0.7709
0.73621
0.71285
0.8147
0.83753
0.7379
0.75162
0.86099
0.74817
0.77625
0.75509
0.82794
0.79068
0.74131
0.74817
0.71945
0.74473
0.7656
0.77268
0.81846
0.74131
0.70632
0.73621
0.66374
0.79433
0.76913
0.76033
0.73451
0.70307
0.72611
0.71945
0.81283
0.77446
0.69502
0.83176
0.72444
0.72778
0.74473
0.71121
0.80724
0.71121
0.70958
0.69183
0.70958
0.70469
0.73114
0.75162
0.79616
0.76913
0.73282
0.68707
0.76913
0.72611
0.71779
0.73621
0.72444
0.75683
0.6792
0.72946
0.71779
0.72444
0.72946
0.7379
0.74645
0.73451
0.72946
0.69823
0.78705
0.77446
0.71779
0.72946
0.78705
0.73282
0.72277
0.72946
0.74989
0.73451
1.3397
0.86497
1.1092
1.0765
0.88308
2.0045
1.8197
0.95499
1.1776
1.1066
1.0495
1.074
1.1194
1.1324
1.2823
1.4655
0.86896
2.0989
1.122
3.0339
1.803
0.84918
0.71285
0.70795
0.71945
0.7145
0.84723
0.72778
0.75683
2.0045
0.78705
0.79068
0.73114
0.69024
0.75509
0.75858
1.1143
0.74817
0.74302
0.73451
0.85507
0.82224
0.78343
0.7656
0.78705
0.79068
0.72277
0.71945
0.84528
0.77625
0.76033
0.73961
0.80353
0.73961
0.72111
0.68707
0.69343
0.67764
0.76208
0.78163
0.75336
0.87498
0.69343
0.75509
0.76033
0.84723
0.75858
2.1528
0.82224
0.78163
0.8531
1.2706
1.194
0.68865
0.7656
0.70469
0.77625
0.84528
0.91622
0.74131
0.83753
0.71121
0.79616
0.82794
0.90573
0.85507
1.1376
1.1041
1.122
2.1827
0.75336
0.84333
0.74473
0.78705
0.7709
0.74473
0.74131
0.7656
0.72277
0.73114
0.76913
0.7709
1.5101
2.0941
0.78343
0.85114
0.95499
0.95499
0.99312
1.7418
4.256
4.6774
9.6383
9.5499
13.9
14.289
5.0119
6.7608
6.6222
7.6736
7.9983
9.4624
12.023
14.928
12.882
7.4302
9.6828
7.7625
17.338
9.9541
7.5336
7.5509
13.243
7.656
13.932
7.3961
13.152
11.429
10.375
7.9068
11.803
12.19
11.246
15.417
12.972
12.359
9.3756
12.823
7.8524
7.2111
15.136
9.4406
1.71
1.2303
1.1776
1.122
10.568
11.912
1.5171
6.4121
7.3114
1.4723
10.715
4.7098
2.0845
1.3032
7.6384
7.7625
10.023
9.8855
7.8163
10.864
4.0738
10.889
10.965
7.1285
11.402
8.3946
11.041
9.3756
9.0573
4.0644
2.0512
2.5235
1.0864
0.91411
1.0257
1.1455
0.97949
1.3428
1.3428
1.3213
1.3552
3.2211
0.81846
6.9823
5.1168
0.73451
0.97051
5.7544
11.402
5.224
1.1298
2.8708
1.3002
1.0093
1.4689
0.81658
0.85704
0.80168
0.78705
1.0544
0.98175
1.0715
0.88105
1.0765
0.93541
2.1086
0.77804
0.72444
0.70795
0.76736
0.74989
0.68077
0.69823
0.72277
0.71614
0.94406
0.76208
0.79616
0.77446
0.76208
0.7709
0.77983
0.8892
0.76033
0.73282
0.80353
0.70146
0.73114
0.76913
0.74989
0.7145
0.71121
0.78705
0.77625
1.0471
1.2618
1.1535
0.87297
0.89536
1.0666
1.0399
1.2647
1.0715
1.1803
0.73451
0.70958
0.71945
0.80353
0.67453
0.69343
0.69984
0.69502
0.70307
0.75162
0.70958
0.69663
0.77268
0.72778
0.69502
0.70795
0.76736
0.69823
0.75683
0.87297
0.74989
0.73114
0.78886
0.81096
0.75336
0.72444
0.70146
0.69183
0.70795
0.74131
0.67453
0.73114
0.71779
1.028
0.75509
0.68707
0.73621
0.73621
0.7656
0.7145
0.86099
0.79433
0.88105
1.1455
0.90157
0.87297
0.74131
0.78705
1.2972
0.69343
1.2474
0.74131
0.86298
0.78886
0.80538
0.74302
0.8091
0.78886
0.70469
0.89536
1.2106
0.8414
0.72111
0.7379
0.7656
0.7379
0.75162
0.78343
0.79433
0.73621
0.82035
0.70795
0.7925
0.74131
0.71779
0.7379
0.71779
0.74131
0.72444
0.71614
0.92897
0.73114
0.73961
0.7145
0.74989
0.79799
0.72946
0.74473
0.71285
0.74131
0.71121
0.74645
0.72111
0.75162
0.71945
0.73451
0.72277
0.75336
1.2445
0.76208
0.81658
0.71121
0.72444
0.78705
0.76736
0.74989
0.74302
0.70632
0.68865
0.77446
0.69024
0.69183
0.70146
0.74645
0.76033
0.71779
0.75162
0.74131
0.75336
0.70632
0.8892
0.7709
1.0423
0.77804
0.73282
0.75162
0.75858
0.73282
0.70146
0.71121
0.71121
0.73114
0.74302
0.72778
0.75858
0.77268
0.72444
0.74473
0.72277
0.86696
0.98401
1.8408
2.037
0.7925
0.7145
0.85114
0.73961
0.7379
1.0839
1.5205
1.0233
1.3772
1.3335
1.5453
0.99541
0.79616
0.70307
0.71945
1.6827
3.6983
0.69502
0.90365
0.70795
0.75683
0.74302
0.75509
0.72778
0.74473
0.71285
0.79799
0.72111
0.74989
0.69663
0.72277
0.72111
0.79616
0.71945
0.72778
0.75336
0.71121
0.81096
0.65615
0.66527
0.78886
0.78886
0.7379
0.71779
0.7379
0.79433
0.8091
0.74473
0.76384
0.74302
0.77983
0.80168
0.72778
0.73961
0.69663
0.81096
0.73961
0.7925
0.79616
0.71779
0.69502
0.8147
0.75336
0.72111
0.76033
0.76913
0.7379
0.75336
0.73114
0.69024
0.72277
0.75683
0.79983
0.8892
4.0551
0.79799
0.81283
0.95719
0.99541
1.099
1.205
2.5586
1.0617
2.7353
0.9506
1.2359
1.1722
1.1722
0.89743
1.2331
0.94842
1.0641
0.95719
0.83176
1.5776
1.0641
1.2942
1.2618
1.1508
1.0328
1.0399
2.0845
0.85704
1.4521
0.80538
0.87096
0.83368
0.75858
1.2503
0.68391
0.82794
0.71779
0.72946
0.7145
0.67608
0.73621
1.0162
0.77446
0.71285
0.76208
0.73961
0.76208
0.73961
0.68077
0.71945
0.75336
0.70469
0.69984
0.68391
0.70469
0.73114
0.73451
0.68077
0.97724
0.73961
0.7709
0.74302
0.7925
0.70146
0.68549
0.72111
0.68707
0.78886
0.79433
0.80538
0.74302
0.70469
0.68865
0.76913
0.70307
0.72778
0.67608
0.76913
0.73961
0.79616
0.74817
0.79068
0.94406
0.87902
0.82794
0.79983
0.76033
0.79068
0.76384
0.7925
0.71285
0.7379
0.78163
0.73621
0.74817
0.81658
0.73282
0.68707
0.7709
0.74473
0.73621
0.79068
0.86099
0.75336
0.71945
0.77804
0.68549
0.69343
0.70632
0.82985
0.75509
0.7656
0.82224
0.79983
0.86696
0.76384
0.76033
0.87096
0.78705
0.74645
0.7379
0.71285
0.89536
1.0257
0.72611
0.93111
1.0209
0.71614
0.71285
0.71285
0.72444
0.68234
0.82794
0.69502
0.71285
0.72778
1.2972
0.77983
0.75336
0.68865
0.68234
0.70632
0.79433
0.70958
0.71285
0.72111
0.69984
0.68234
0.70146
0.66069
0.73621
0.75858
0.7145
0.68234
0.72611
0.75858
0.73282
0.73114
0.77268
0.72611
0.85507
0.7145
0.9247
0.80538
0.79799
1.0617
1.052
0.79433
0.83946
0.97275
0.8531
0.93325
1.5631
2.138
1.0568
1.2078
1.0186
1.1298
1.183
1.7418
0.82035
1.1402
1.2246
1.9099
1.3996
1.9143
0.69502
0.74131
0.71779
0.71614
0.7656
0.77983
0.72946
0.72277
0.74645
0.76384
0.76384
0.81096
0.76913
0.69343
0.76736
0.77268
0.70632
1.0139
0.68391
0.79433
0.75509
0.69343
0.7709
0.69183
0.76913
0.74302
0.83176
0.79616
0.71945
0.78163
0.72778
0.71285
0.74645
0.75858
0.70958
0.79068
0.70469
0.67143
0.76033
0.75162
0.81846
0.72778
0.72444
0.7379
0.75683
0.74989
0.72111
0.71121
0.74473
0.7145
0.66069
0.7925
0.75162
0.73451
0.72946
0.83176
0.71285
0.76913
0.70469
0.69024
0.76033
0.72946
0.73282
0.74131
0.75336
0.76913
0.69984
0.71285
0.7709
0.72111
0.73114
0.76033
0.81658
0.79616
0.79983
0.80538
0.7709
0.78163
0.75336
0.77983
0.73282
0.75336
0.7925
0.85704
0.77625
0.82604
0.75683
0.78163
0.77625
0.90782
2.0464
1.0069
0.83753
0.877
1.3932
2.2909
0.83946
3.8194
6.3096
5.1761
7.8524
5.0234
7.0307
14.06
7.6736
6.7608
6.5163
5.5081
7.4302
2.9242
8.9125
10.914
2.0091
1.1041
1.0715
1.0375
1.1169
13.836
7.9616
11.194
11.194
10.069
11.776
10.789
9.8401
12.162
11.169
7.1945
10.765
8.0168
12.823
4.4055
7.0632
2.958
9.9541
16.827
18.323
2.7416
1.4093
3.8637
11.588
12.134
13.583
13.996
11.35
6.4417
7.9616
8.5507
12.359
8.3946
8.4333
2.8184
1.2246
1.4689
12.794
12.078
11.749
10.666
12.388
10.399
8.0724
9.6383
7.8163
8.8512
8.3946
11.995
12.735
1.2503
5.1523
12.162
9.9083
6.3241
11.117
8.531
7.8524
1.5849
1.2134
1.1092
1.0965
1.1561
1.2218
1.194
1.0814
0.91201
1.1803
5.8076
7.5683
15.922
8.356
12.474
12.735
11.803
11.066
18.664
8.7096
9.7949
4.9774
7.4473
12.134
13.122
12.19
8.531
15.205
13.213
13.521
12.05
14.894
10.209
10.328
8.6696
8.3946
1.8239
1.6558
0.76384
0.98175
1.3646
1.9634
1.2106
0.90991
0.83368
2.5645
0.72611
0.78343
0.86497
0.71121
0.90157
1.4256
0.91833
0.97499
0.90991
1.1376
1.0304
1.1376
1.1272
1.0864
1.3062
1.1912
2.0701
0.73621
1.1776
1.2274
1.1858
1.0593
1.2078
1.052
1.1749
1.0715
1.5346
0.87498
0.84723
0.85507
0.8995
1.0399
3.6983
2.5293
8.4333
10.914
9.3111
5.6364
8.7297
12.735
9.7949
9.8628
10.864
11.94
10.471
15.524
10.046
8.091
1.3032
0.9594
0.99083
1.0593
1.0093
0.77268
1.1402
0.83946
1.6558
0.84333
0.77625
0.85507
0.85704
1.1117
0.8147
1.5276
0.73282
0.80353
0.74473
0.76033
0.77446
1.1092
0.74473
0.73282
0.79068
0.76208
0.80724
0.68865
0.75858
0.71285
0.69183
0.75858
0.71779
0.72946
0.70632
0.70307
0.76208
0.70958
0.80353
0.71614
0.72444
0.69183
0.88105
0.7145
0.84723
0.74302
0.7145
0.71121
0.72611
0.68549
0.72444
0.78705
0.71614
0.77804
0.82035
0.71614
0.70307
0.75162
0.70146
0.71945
0.75858
0.73114
0.8356
0.80538
0.77268
0.69984
0.7145
0.69823
0.74473
0.71285
0.71779
0.71614
0.7656
0.77446
0.8147
0.73451
0.74989
0.8531
0.80168
0.8892
0.7925
0.8892
0.77268
0.72946
0.82224
0.85114
1.1722
0.94624
0.68077
0.7709
0.8356
0.70146
1.2218
0.69502
0.75336
0.72778
0.72111
0.71121
0.76913
0.84333
0.72111
0.73961
0.73282
0.82035
0.7709
0.75336
0.69984
0.77804
0.82224
0.80353
0.77983
0.72444
0.90365
0.66834
0.78705
0.70795
0.70632
0.72778
0.73961
0.72611
0.82414
0.77625
0.74473
0.74989
1.1092
0.8995
0.79433
1.0399
1.074
1.3772
1.2647
10.691
6.2517
5.7148
9.8175
10.116
9.4406
11.858
16.406
13.583
13.646
9.8855
12.912
16.711
0.97051
1.1015
1.1995
1.6293
8.3176
11.376
10.666
11.83
11.668
8.5901
8.6298
8.4918
8.3946
11.482
4.4875
2.5645
9.5499
10.28
9.4406
10.715
12.503
14.689
8.1658
13.9
12.503
7.4302
10.069
11.668
12.794
13.428
16.406
15.031
8.995
10.233
24.889
2.9648
2.5942
9.3111
14.028
9.2683
15.346
15.031
15.136
13.213
5.4828
13.709
11.482
11.298
7.379
8.5901
12.19
9.2045
9.0157
7.6913
15.382
14.256
11.246
10.889
10.375
5.902
1.2823
3.7154
5.1761
9.528
10.447
1.2331
3.5563
4.7315
1.028
1.028
1.5453
1.2246
3.0974
8.8308
10.28
10.046
11.722
7.8524
5.781
10.715
8.8105
11.298
12.445
14.289
15.205
14.894
11.015
8.414
7.7625
9.7051
10.889
13.397
12.853
14.521
11.668
5.6754
5.781
7.1121
7.8886
12.942
11.749
8.9536
10.139
6.8234
8.0353
8.6298
10.116
11.695
1.349
5.2119
5.728
10.814
16.904
11.749
10.28
6.1376
7.4817
5.4828
1.2735
2.1727
8.3368
3.4834
11.455
7.6208
11.588
7.6033
3.0061
1.2303
1.2331
1.4421
1.2853
1.0471
1.4928
1.0023
1.932
1.1324
2.729
1.4521
0.89743
1.5922
0.99541
0.93972
0.83946
0.73451
0.84723
0.81283
0.7145
0.77983
1.2794
1.122
1.0593
1.4894
0.87096
0.9247
4.1976
0.91411
0.77625
0.88512
0.82035
0.7709
0.86696
0.85901
0.79799
1.4355
0.71285
0.75683
0.73282
1.5488
1.1912
1.0116
0.97949
1.099
1.0023
1.0889
1.7579
1.4555
0.72611
0.73451
0.70795
0.71945
0.72778
0.8356
0.76736
0.72946
1.4322
0.70795
0.75336
0.74473
0.7656
0.78163
0.72778
0.71945
0.78163
0.86298
0.76033
0.7709
0.69663
0.73621
0.70307
0.70146
0.73114
0.74131
0.79068
0.67298
0.78705
0.68391
1.2359
0.69024
0.82604
0.76033
0.71285
0.69502
0.74302
0.69663
0.79616
0.78524
0.75336
0.70632
0.77268
1.3552
0.67764
0.78343
0.77446
0.69984
0.75336
0.73282
0.75162
0.74817
0.76736
0.80538
0.73282
0.84528
0.76208
0.75162
0.74817
0.74131
0.74817
0.71614
0.7925
0.70958
0.75336
0.71779
0.75336
0.8091
0.76033
0.78343
0.7709
0.84333
0.7379
0.70958
0.69823
0.71121
0.81096
0.69183
0.76208
0.83176
0.76033
0.83368
0.74989
0.74989
0.94406
0.88105
0.8147
0.8531
0.87498
1.5382
1.0351
1.3964
1.6255
1.4454
1.0914
1.5101
0.75509
0.78705
0.83753
0.90573
1.5417
1.0116
7.9983
10.593
11.885
11.561
11.858
8.9536
11.83
9.1411
7.3282
0.92257
12.503
9.3325
1.6482
7.3621
11.749
12.134
9.4624
13.062
10.28
14.355
11.83
11.35
2.0137
1.3614
1.2078
1.0209
1.0423
1.1588
1.1298
0.91833
1.1092
1.3243
11.776
17.865
1.5776
10.99
12.706
12.331
12.706
8.8716
11.324
6.8077
8.5507
14.421
6.368
13.709
9.0573
10.839
5.9566
7.9616
14.962
15.524
16.406
8.4528
14.454
9.2897
10.715
9.528
7.5336
1.4928
6.8707
12.388
9.2045
12.078
10.447
8.147
10.666
11.967
11.272
13.032
12.445
10.093
11.298
12.417
10.162
1.2531
1.349
16.293
9.6161
10.568
0.7656
0.92045
1.122
1.3243
1.2912
6.4565
6.4565
10.116
11.482
12.972
10.351
9.528
7.3282
1.6982
10.139
14.028
10.666
2.8907
1.2246
9.1411
9.7724
11.858
11.246
8.9331
13.274
11.092
8.9331
9.0365
12.388
12.647
9.2897
9.4842
10.116
12.706
11.695
8.3176
8.2035
1.3062
1.6558
4.256
5.902
7.5336
9.5719
8.0538
1.7701
2.8184
7.4302
15.382
9.8628
11.169
14.791
10.765
13.459
12.445
10.139
7.4645
13.459
7.8163
27.353
2.2751
0.98855
1
0.96828
1.3772
1.1169
2.8379
2.0893
0.74131
0.72277
0.74473
0.78343
0.77268
0.83368
0.82224
1.6788
0.76913
1.0046
1.074
1.0864
2.0749
1.0965
1.0375
0.91201
0.91201
1.1169
1.2246
0.82985
1.2677
0.98175
1.0593
0.97275
1.1402
1.9815
0.90365
1.0715
1.219
1.1092
1.4256
1.0233
2.729
0.76736
0.74645
0.69823
0.73114
0.69823
0.71614
0.80724
0.66988
0.73282
0.74817
0.71285
0.72277
0.7145
0.67453
0.70146
0.71945
0.77983
0.71779
0.68549
0.68549
0.69663
0.71614
0.67764
0.78524
0.70469
0.7709
0.71614
0.73114
0.89536
0.67608
0.73282
0.67453
0.70795
0.77268
0.71614
0.70632
0.86497
0.72611
0.74131
0.86896
0.67143
0.74473
0.72946
0.71779
0.70632
0.76208
0.7145
0.73621
0.67143
0.72111
0.72277
0.66374
0.66834
0.73282
0.84333
0.97724
1.1272
1.3274
0.96383
1.1376
2.7479
4.8417
0.73114
0.72778
0.80168
0.74131
0.78524
0.79799
0.71121
0.80724
0.76033
0.72946
0.71121
0.73282
0.82414
0.79068
0.78343
0.83753
0.78343
0.72111
0.82985
1.0593
1.374
0.75683
0.75162
0.74989
0.7379
0.70469
0.81096
0.69024
0.77804
1.1376
1.0593
1.0304
6.3973
9.1411
9.9083
14.06
12.503
10.209
10.52
9.7949
13.459
20.941
15.453
13.397
2.5942
14.997
22.029
15.922
13.062
12.912
12.162
11.35
9.528
10.889
7.4473
2.3067
2.7227
1.5704
1.0375
1.122
1.4289
1.2218
1.3183
1.2162
17.022
13.932
14.825
12.531
12.303
11.803
12.246
12.331
12.274
9.506
9.1411
10.789
13.062
41.21
33.651
16.368
1.1535
1.5776
5.0466
7.3451
11.22
12.912
11.015
18.578
15.922
9.5499
11.194
8.9125
3.062
8.3368
11.429
10.28
11.169
10.965
