13.932
9.0573
6.5163
7.709
5.821
7.6736
8.3753
7.6208
7.1121
5.8614
1.1668
4.1591
0.86099
0.88512
0.80724
2.4322
2.1577
5.4954
6.223
6.5615
10.471
7.4645
6.3096
4.6774
9.7499
1.5382
0.91201
0.86896
8.2224
8.9743
5.9841
4.592
5.6494
11.94
8.6099
8.3176
6.4863
1.4757
5.2119
1.1508
1.4859
2.2751
2.8708
2.0749
3.3037
3.1261
6.0814
1.0715
1.2274
1.183
1.7701
6.4269
11.298
7.8524
8.995
8.091
2.6424
0.78524
1.0423
1.7418
1.1561
1.1066
0.82414
1.1117
0.9506
0.95719
0.81658
0.82604
1.0093
0.8091
0.80538
1.1776
8.1096
15.346
7.2444
6.8391
0.88512
0.70958
0.74645
4.1879
7.8163
8.8716
1.7701
2.4322
3.9902
3.8548
11.041
10.864
6.9823
7.1121
6.0256
1.2331
1.5668
3.1769
0.70632
0.73114
0.70146
0.86497
0.76033
0.79433
0.98855
4.4259
7.3282
9.7499
6.9502
1.0116
3.6308
1.8072
1.3772
1.1995
6.6988
9.0991
12.56
8.5507
10.593
9.7499
8.3176
1.0965
0.91622
0.79983
0.82414
0.7925
0.72778
0.8091
1.7458
2.1878
3.8371
15.812
6.8077
9.0991
6.2517
2.0091
5.3703
6.1094
3.1117
2.3496
0.8531
0.85901
1.9454
1.3709
1.1749
1.1885
1.0069
1.5101
1
1.5922
1.2972
0.76384
0.8356
0.90782
0.76913
1.6181
0.77804
0.76736
0.87096
1.2359
1.1967
0.70469
1.2677
0.77804
0.74302
1.1066
0.7379
0.79433
0.94624
1.39
1.2474
0.74817
1.1429
1.5996
0.77268
1.3964
0.74645
0.70958
0.67143
1.074
1.3583
0.79433
1.6218
0.75336
2.7479
4.3451
0.97051
0.73621
2.4266
0.69024
0.877
4.1305
0.93756
1.0691
0.93756
1.2162
0.98855
1.0046
1.1614
1.0789
1.122
2.2699
0.82604
0.71614
0.83176
0.77983
0.76736
0.69502
0.70958
0.69823
0.74817
0.69502
0.71779
1.4859
0.74473
0.71945
0.78163
0.69343
0.75858
0.71779
0.72611
0.73961
0.72111
1.5241
4.8195
5.2845
0.75683
0.69663
0.70632
0.65766
0.78886
0.68077
0.92897
1.3804
0.68077
0.7145
0.69663
0.71285
0.69823
0.8892
0.73451
0.74473
0.7379
0.74473
0.82035
0.78524
0.71614
0.68391
0.71945
0.71614
0.72277
0.71614
0.71779
0.69502
0.78524
0.68865
0.75858
0.79068
0.74473
0.67143
0.74989
0.74989
0.66834
0.70146
0.71121
0.74473
0.70307
0.74645
0.74645
0.67453
0.70632
0.73961
0.69984
0.66222
0.75683
0.70958
0.70632
0.84333
0.69343
0.72611
0.67298
0.68865
0.73621
0.69502
0.69024
0.72444
0.71121
0.75336
0.71121
0.75509
0.71779
0.71614
0.68234
0.8091
0.71285
0.74989
0.70307
0.70795
0.70307
0.73282
0.68865
0.67764
0.67764
0.72778
0.74131
0.72946
0.91201
0.72611
0.74645
0.73451
0.80538
0.76736
0.69823
0.79433
0.73114
0.71121
0.7709
0.70958
0.74817
0.72277
0.71121
0.72277
0.71614
0.70307
0.76033
0.76208
0.7379
0.78343
0.78886
0.78343
0.72444
0.70146
0.69343
0.69502
0.72611
0.79433
0.80538
0.71614
1.2078
0.73961
0.77804
1.1246
1.0617
0.7145
0.82985
0.71614
0.72111
0.69343
0.82224
0.77268
0.73961
0.76033
0.78163
0.70307
0.75683
0.77446
0.70146
0.78343
0.71285
0.69823
0.69024
0.74817
0.72611
0.79983
0.69823
0.68077
0.70795
0.74302
0.71121
0.73114
0.8147
0.75162
0.70146
0.72444
0.74645
0.70958
0.69823
0.70958
0.72611
0.76208
0.70307
0.71614
0.76208
0.8147
0.68391
0.90782
0.69343
0.79068
0.73282
0.71121
0.65615
0.73451
0.8531
0.73961
0.72778
0.74817
0.74473
0.69823
0.78163
0.74473
0.79068
0.66681
0.82035
0.70307
0.77268
0.7379
0.67298
0.68549
0.67608
0.70632
0.70632
0.9247
0.72778
0.69502
0.75162
0.72946
0.68707
0.68549
0.70795
0.75509
0.71945
0.75858
0.7379
0.70958
1.0162
0.97724
0.74645
0.82794
1.2106
0.70307
0.78343
0.88716
0.71121
1.2706
0.72946
1.71
0.92897
1.0209
0.90365
1.2823
0.69823
0.81658
0.76033
0.69343
0.74817
0.72611
0.73961
0.68549
0.75858
1.0544
0.89125
0.97275
1.0641
1.9187
1.135
0.74131
0.81283
0.7656
0.877
0.82414
0.90991
0.79799
0.77446
1.1995
1.3062
0.67143
0.69823
0.66834
1.4125
0.70469
0.68391
0.68549
0.71285
0.70469
0.69024
0.72778
0.68707
0.74302
0.76384
0.68549
0.70632
0.68234
0.69663
0.71285
0.67764
0.71614
0.69984
0.73961
0.7145
0.90782
0.70307
0.82414
0.71121
0.69183
0.76033
0.70146
0.68865
0.78343
0.72444
0.68707
0.69183
0.7379
0.73621
0.82604
1.3305
0.69024
0.77804
0.69663
0.84528
0.70632
0.69823
0.69663
0.69823
0.69343
0.6792
0.72946
0.74131
0.72611
0.75858
0.74473
0.78343
0.73621
0.68865
0.69663
0.73114
0.69502
0.70795
0.69663
0.7379
0.69343
0.7145
0.75162
0.69663
0.75858
0.79983
0.70307
0.73114
0.70958
0.70958
0.71945
0.69984
0.70146
0.69663
0.76384
0.71121
0.68391
0.74645
0.70146
0.72611
0.71945
0.63973
0.72778
0.69663
0.72277
0.73961
0.69823
0.68391
0.6792
0.81846
0.69502
0.75336
0.6792
0.70795
0.72444
0.68549
0.6792
0.69183
0.69343
0.75683
0.70469
0.75509
0.74473
0.65464
0.7379
0.64565
0.72444
0.69024
0.74645
0.72611
0.74302
0.66681
0.7145
0.70146
0.64417
0.72111
0.7379
0.72111
0.71945
0.70795
0.69502
0.67143
0.74131
0.69183
0.70632
0.67453
0.68077
0.66681
0.73451
0.67298
0.69663
0.65766
0.72111
0.68234
0.65917
0.77446
1.0139
0.73114
0.80538
0.7709
0.86497
0.72778
0.76033
0.71121
0.98855
0.7925
2.0606
0.81846
0.72778
0.78886
0.86298
0.6792
0.78705
0.68391
0.7145
0.76736
0.76208
0.73282
0.73621
0.74131
0.69984
0.70469
0.76736
0.74131
0.6792
0.66222
1.122
0.78705
0.81846
0.73282
0.75683
0.77804
0.74302
0.76208
0.72778
0.72111
0.72946
0.69984
0.81658
0.71779
0.73282
0.71285
0.72778
0.73282
0.70632
0.74989
0.71121
0.68865
0.75162
0.69183
0.71121
0.94624
0.82035
0.72444
0.67298
0.65766
0.70469
0.70958
0.77804
0.72946
0.7925
0.87297
0.88716
0.76033
0.76736
0.69024
0.69823
0.72946
0.75683
0.72444
0.96828
0.71614
0.7145
1.3804
0.73961
0.69024
0.72611
0.70632
1.3583
1.0046
1.1117
0.85704
0.99541
1.1722
0.92045
1.0839
1.0162
1.7947
1.9055
1.8793
0.66374
0.66681
0.67298
0.72611
0.70795
0.69343
0.69984
0.6792
0.68549
0.70146
0.68391
0.69823
0.75858
0.72111
0.64863
0.6792
0.66069
0.6792
0.67453
0.69183
0.76208
0.74302
0.67453
0.72778
0.69663
0.71779
0.68234
0.68234
0.72611
0.70958
0.67453
0.71945
0.68077
0.67764
0.68391
0.68391
0.72277
0.69343
0.68865
0.69024
0.70632
0.69663
0.69823
0.67143
1.3614
0.69343
0.69183
0.74817
0.80168
0.68391
0.67764
0.76384
0.69024
0.68234
0.70632
0.71614
0.69663
0.7145
0.75336
0.72277
0.79433
0.66988
0.66681
0.6792
0.69183
0.71285
0.75858
0.71945
0.71285
0.68077
0.73621
0.77268
0.73282
0.6792
0.78705
0.71614
0.67608
0.69984
0.72111
0.67298
0.72111
0.71779
0.75509
0.72277
0.69183
0.75509
0.90365
1.0889
0.96605
0.81283
0.80168
0.78705
0.89125
0.92683
1.8535
0.92683
1.0691
1.2764
1.1272
0.97051
1.2853
1.2912
0.79068
0.86497
1.0495
0.84918
1.0965
1.1858
0.80538
0.84333
1.1912
0.85114
0.77983
1.0641
0.82604
0.76384
0.88105
0.85507
0.80168
0.70469
0.75336
1.3305
0.8414
0.9528
0.70307
0.68707
0.75336
0.74989
0.90782
0.70958
0.7925
0.74817
0.77804
0.8147
0.78343
0.72444
0.69984
0.7925
0.71779
0.73621
0.71945
0.75162
0.76033
0.76208
0.74302
0.70795
0.78705
0.71285
0.74989
0.69823
0.70469
0.75509
0.74645
0.69984
0.74989
0.7145
0.76208
0.74131
0.69183
0.74817
0.72778
0.69502
0.81658
0.74131
0.76384
0.80538
0.79983
1.1455
0.76208
0.66834
0.65313
0.69502
0.69984
0.79068
0.67608
0.69823
0.7656
0.72611
0.81658
0.7145
0.72111
0.73451
0.69663
0.71121
0.71614
0.70146
0.71121
0.69502
0.74817
0.64714
0.70958
0.80168
0.70958
0.69502
0.7379
0.74302
0.76033
0.70632
0.70146
0.7656
0.83753
0.88308
0.71121
0.86497
0.75683
0.71779
1.0046
0.79433
0.70795
0.73282
0.70469
0.78524
0.71779
0.7709
0.69984
0.76033
0.75162
0.84528
0.72277
0.73621
0.92257
0.75162
0.71121
0.79068
0.72611
0.75509
0.82985
0.74302
0.71285
0.72611
0.72611
0.70307
0.76913
0.82035
0.73114
0.74473
0.75683
0.89536
1
0.75509
0.82224
0.73282
0.77625
0.77983
0.81846
0.73451
0.73451
0.71945
0.70469
0.73621
0.75509
0.8414
0.72611
0.73282
0.72611
0.78163
0.71121
0.7145
0.77804
0.70146
0.73621
0.71779
0.70146
0.76736
0.74645
0.73114
0.97949
0.93325
1.0304
1.7579
0.78524
0.99083
1.1885
0.99083
1.1588
1.1858
1.2134
0.70146
0.93111
0.80353
0.75336
0.73282
0.73114
1.205
1.1117
0.93111
0.87297
0.85901
1.6218
1.7418
0.69343
0.70307
0.71285
0.69502
0.75683
1.5346
0.85507
0.7656
0.71945
0.68234
0.81846
0.82604
0.7379
0.80724
0.68865
0.70307
0.78163
0.72277
0.68549
0.73451
0.83946
1.2246
0.7709
0.7145
0.73961
0.93756
0.82035
0.82794
0.74645
0.85901
1.4093
0.81658
0.73114
0.75509
0.8531
0.7709
0.88716
1.6293
0.79433
0.92045
0.7145
0.79068
0.8091
0.76208
0.7709
0.72277
0.77804
0.7656
0.79799
0.82224
0.74645
0.78163
0.77983
0.78886
0.85507
0.75858
0.71945
0.79799
0.78886
0.68707
0.78343
0.73451
0.82794
0.75683
0.78343
0.72611
0.70958
1.205
0.8147
0.72277
0.74645
0.80538
0.78343
0.69823
0.74645
1.1561
0.69663
0.69343
0.67608
0.72778
0.70795
0.72611
0.78886
0.67143
0.73451
0.78524
0.79799
0.81283
0.77983
1.4256
0.78343
0.78886
0.78524
0.70307
1.5524
0.7709
0.76208
0.73451
0.74989
0.74989
1.0328
0.78343
0.7379
0.71945
0.74473
0.86298
0.8414
0.79433
0.73621
0.75509
0.96161
0.75336
0.72444
0.68549
0.69502
0.73114
0.74645
0.72444
0.76736
0.89331
0.69343
0.72444
0.69823
0.73282
1.1749
1.1995
0.76033
0.73451
0.69984
0.69502
0.69984
0.77983
0.87902
0.71945
0.68707
0.79616
0.66069
0.69502
0.78886
0.67608
0.67298
0.72444
0.92257
0.74645
0.82985
1.135
0.94406
1.122
1.205
0.94189
1.3836
0.70795
0.83753
0.76384
0.72946
1.5631
1.135
1.1376
1.5704
0.80168
0.79983
2.7102
0.96828
0.69343
0.74131
0.93756
1.4555
0.85704
0.72277
0.69343
1.0304
0.88716
0.99541
0.73961
0.82035
2.4604
1.5812
0.97949
1.1324
1.4125
1.4928
1.3274
1.2735
1.6032
0.68234
0.86896
0.85114
0.7925
0.76033
0.68234
0.75858
1.094
1.7906
0.73114
0.71285
0.71121
0.73114
0.71945
0.78886
0.80538
0.78524
0.69984
0.77268
0.76736
0.83368
0.79799
0.81658
0.73961
0.81096
0.66681
0.70632
0.78163
0.7709
0.71285
0.72611
0.7656
0.72277
0.70958
0.7145
0.68391
0.8147
0.75683
0.67143
0.7145
0.75858
0.74131
0.66681
0.73282
0.72444
0.66681
0.69502
1.2388
0.8356
0.77804
0.88716
1.1194
0.74131
0.73114
0.75162
0.72444
0.7709
0.73451
0.71779
0.77268
0.71945
0.7145
0.71614
0.73114
0.70307
0.7656
0.70146
0.69663
0.72946
0.72444
0.7656
0.73961
0.79068
0.79068
0.76913
0.73451
0.77983
0.75336
0.71779
0.69984
0.73621
0.72946
0.82604
0.70307
0.67143
0.79799
1.2162
0.70307
0.8147
0.73451
0.85507
0.93111
0.91201
1.9099
1.888
1.6904
0.85901
1.3274
1.374
0.71779
0.71779
0.74131
0.70632
0.82604
0.71614
0.74645
0.74989
0.75509
0.69984
0.71614
0.73961
0.69343
0.69502
0.78705
1.2882
0.72277
0.72946
0.73282
0.74131
0.73114
0.74131
0.74645
0.73114
0.90573
0.84723
0.79799
0.70632
0.7145
0.73621
0.73114
0.71945
0.73451
0.69502
0.73451
0.70958
0.73282
0.74645
0.71614
0.79433
0.70632
0.71945
0.69663
0.72946
0.80168
0.82414
0.76913
0.85704
0.76208
0.77804
0.73451
0.76208
0.88512
0.79433
1.3183
1.1015
0.76913
1.2706
0.71121
0.77268
0.72111
0.73961
0.82794
0.80168
0.8356
0.75858
0.75509
0.72611
0.72611
0.73282
0.74989
0.70795
0.71614
0.70795
0.81096
0.70307
0.73961
0.73451
0.69984
0.72778
0.71614
0.73451
0.77625
0.71285
0.76208
0.70469
0.74817
0.66988
0.68234
0.74989
0.72277
0.75509
0.7656
0.75858
0.71945
0.72778
0.79433
0.74302
0.74302
0.81846
0.73451
0.77804
0.69183
0.75509
0.79433
0.75162
0.81283
0.72778
0.75336
0.73114
0.81096
0.78343
1.1508
0.83753
0.70958
0.70958
0.79799
0.77268
0.90573
0.72111
0.74645
0.76208
0.93972
0.72611
0.78163
0.74302
0.73451
0.69343
0.68865
0.68077
0.74131
0.72946
0.90157
0.76913
0.73621
0.71945
0.74989
0.82035
0.71779
0.67764
0.73282
0.70795
0.76208
0.79068
2.2699
1.5849
0.87096
0.89125
0.91622
0.90991
1.2246
0.7656
0.74989
0.84333
0.75509
1.1641
0.99312
1.1246
1.6218
0.96383
0.8414
1.2853
0.82224
0.75509
0.71121
0.6792
0.85507
0.70307
0.81658
0.74131
0.79433
0.77804
0.72444
0.72611
0.77804
1.0304
1.0399
1.5704
0.89331
1.2794
0.94406
0.72611
4.0832
2.2699
5.0816
6.2517
0.75509
0.78343
0.68707
0.71779
0.74131
0.86696
0.7709
1.4322
1.6331
1.2274
0.95719
1.1143
1.0046
1.4191
1.0162
1.4622
0.78163
0.64565
0.70958
0.69663
0.71121
0.67608
0.71779
0.66222
0.68865
1.0116
0.67608
0.68234
0.73451
0.70958
0.68707
0.66988
1.4555
0.74131
0.74131
0.69183
0.90157
0.75336
0.69984
0.72946
0.67143
0.67764
0.66374
0.69984
0.68391
0.65464
0.69183
0.7145
0.65013
0.66834
0.70469
0.68077
0.67453
0.70795
0.69984
0.68707
0.76033
0.66681
0.69024
0.71285
0.74817
0.65615
0.71121
0.71285
0.74989
0.79433
0.67608
0.68077
0.70307
0.71285
0.68077
0.68234
0.71945
0.65163
0.69823
0.79616
0.69663
0.71285
0.72611
0.66527
0.68549
0.69502
0.75162
0.68234
0.74302
0.68707
0.66834
0.68234
0.73114
0.68391
0.72111
0.76384
0.67298
0.70307
0.74645
0.75162
0.67298
0.70795
0.69502
0.67143
0.74131
0.67764
0.66374
0.69343
0.85507
0.67764
0.69984
0.65313
0.69502
0.67453
0.68865
0.65163
0.67453
0.66374
0.88105
1.1588
0.96605
1.766
1.3213
0.82224
0.71285
0.69343
0.71285
0.92045
0.87498
0.74302
0.87902
0.86497
1.6106
0.74817
0.69823
0.7145
0.72444
0.70146
0.69343
0.77268
0.71285
0.68234
0.71285
0.70307
0.66069
0.70146
0.71285
0.70795
0.69343
0.69663
0.68077
0.90573
0.70958
0.82224
0.8147
0.76913
0.9247
0.76736
0.83946
0.77268
0.70469
0.75683
0.73961
0.68234
0.70146
0.70307
0.73451
0.72946
0.71945
0.68707
0.70469
0.8414
0.68234
0.85114
0.71779
0.66988
0.6368
0.66374
0.68391
0.7656
0.71779
0.74645
0.67608
0.69823
0.73621
0.74131
0.9247
0.75858
0.72111
0.69823
0.7656
0.67608
0.68549
0.70146
0.75683
0.67453
0.70958
1.4322
0.90573
0.96605
0.94842
1.7906
0.70795
1.7378
0.84723
1
0.74817
0.89743
0.73961
0.65464
0.69343
0.75858
0.66681
0.68865
0.68549
0.71614
0.88512
0.77625
0.73451
2.6669
2.4831
1.194
0.69502
0.70146
0.76208
0.71779
0.71779
0.78343
0.72611
0.87297
0.79068
0.93111
0.94842
0.82224
0.81096
0.82985
1.122
0.74473
0.68707
0.76384
0.78343
0.69343
0.69663
0.66527
0.65163
0.67453
0.69823
0.66834
0.66681
0.66069
0.67608
0.65464
0.63387
0.69502
0.67453
0.68391
0.67608
0.74131
0.71614
1.6106
0.65464
0.65464
0.67608
0.71945
0.72778
0.73114
0.70146
0.67298
0.70958
0.67143
0.65766
0.68077
0.66988
0.68549
0.71945
0.74817
0.70632
0.68391
0.71121
0.67608
0.67764
0.66527
0.66527
0.68549
0.70146
0.75162
0.74989
0.69024
0.66681
0.69343
1.5524
0.6792
0.72611
0.73451
0.6792
0.72444
0.68707
0.69502
0.73621
0.68391
0.66527
0.7145
0.71779
0.70307
0.69024
0.70958
0.75509
0.72946
0.70795
0.68077
0.69663
0.70146
0.74131
0.69183
0.68707
0.71614
0.71945
0.74302
0.80538
0.73621
0.68707
0.70469
0.72111
1.3366
1.5488
1.2503
1.1455
0.97275
0.74131
0.73961
1.1194
0.79433
0.77625
0.77983
0.76736
0.71121
0.69502
0.80538
0.78886
0.8091
0.77625
1.1272
0.70795
0.74131
3.1915
0.68865
0.76913
0.69984
0.69343
0.80538
0.79799
0.70307
0.70795
0.69502
0.72111
0.69183
0.73451
0.76208
0.72778
0.65917
0.75683
0.75336
0.74645
0.71945
0.72444
0.71945
0.66374
0.72444
0.69984
0.69343
0.69502
0.74302
0.71614
0.73114
0.71945
0.77446
0.81658
0.7709
0.69823
0.7656
0.68865
0.6792
0.66834
0.70632
0.7145
0.7656
0.70632
0.69823
0.67143
0.69823
0.65313
0.72111
0.68865
0.69823
0.70795
0.72277
0.71779
0.80538
0.69823
0.69663
0.65917
0.71779
0.70307
0.67764
0.77625
0.76033
0.76736
0.72111
1.2417
0.96161
0.97275
1.0209
1.1722
1.0447
1.0568
1.3868
1.2912
0.97724
1.1995
1.0839
0.81283
0.88512
0.8892
0.70632
1.652
0.82985
0.89331
0.74989
0.88716
0.94406
1.7179
0.66681
0.79433
0.66681
0.68234
0.68234
0.67298
0.65917
0.72277
0.67298
0.70469
0.69663
0.64565
0.67143
0.66527
0.69663
0.8091
0.71121
0.70958
0.67143
0.72611
0.69823
0.70146
0.65766
0.69183
0.69823
0.69502
1.406
0.73451
0.67143
0.74473
0.64714
0.6792
0.67764
0.74473
1.0186
0.86298
0.74645
0.80168
0.8147
0.83946
1.099
1.4289
0.72111
0.9506
1.3459
1.6943
0.94624
0.73621
0.68077
0.73451
0.66527
0.68391
0.78524
0.67453
0.73282
0.70958
1.1641
2.2182
0.71614
0.72277
0.7656
0.68707
0.74131
0.66527
0.70469
0.70958
0.73621
0.73451
0.7145
0.70958
0.75509
0.72111
0.69024
0.70958
0.67453
0.7145
0.70632
0.70958
0.70146
0.7145
0.71285
0.68549
0.71285
0.70469
0.70469
0.68707
0.68707
0.74473
0.65163
0.71121
0.69663
0.67453
0.70469
1.1402
0.73621
0.71779
0.72111
0.66988
0.71945
0.74131
0.73961
0.70795
0.76736
0.7379
0.81283
0.76208
0.72611
0.73282
0.69663
0.7145
0.72277
0.66834
0.72444
0.72444
0.65313
0.72277
0.69984
0.75336
0.65013
0.71945
0.68077
0.75336
0.7145
0.7379
0.69343
1.2794
0.69024
0.70146
0.81846
0.69823
0.65615
0.75509
0.71614
0.68707
0.6792
0.67298
0.67608
0.73451
0.6792
0.71779
0.68234
0.70307
0.72778
0.67764
0.74989
0.68865
0.70146
0.68391
0.71945
0.73961
0.68549
0.71121
0.66069
0.76384
0.73621
0.70958
0.69663
0.77983
0.66069
0.68234
0.72444
0.69183
0.68707
0.68865
0.67143
0.68077
0.6792
0.70795
0.71285
0.73451
0.67143
1.3614
0.6792
0.72444
0.69984
1.4488
0.7145
0.83368
0.79799
0.75683
0.80168
0.76033
0.74817
0.72946
0.75336
0.74989
0.85114
0.71614
0.76913
0.91833
0.7709
0.69823
0.71945
0.73282
0.8147
0.77804
0.67764
0.71614
0.73282
0.69343
0.8414
0.77625
0.86099
4.4157
1.0914
0.67143
0.66681
0.74645
1.2246
0.66527
0.71779
0.64714
0.67298
0.71285
0.67298
0.69823
0.67764
0.70307
0.79616
0.67764
0.74645
1.9187
1.0471
1.094
0.97499
0.93541
1.1668
2.1777
1.5382
1.3836
0.69663
0.7656
0.66681
0.69663
0.69823
0.69502
0.67143
0.75683
1.2078
0.76033
0.72946
0.70469
0.66374
0.73451
0.87498
0.78705
0.72277
0.70958
0.70958
0.83176
0.72111
0.75509
1.3152
1.8155
0.82604
0.78886
1.1015
0.8531
0.98175
0.72444
0.83753
0.72946
0.74131
0.78163
0.72611
0.82414
0.83368
0.78163
0.8147
0.75683
0.78524
0.73114
0.77625
0.78163
0.85704
0.67453
0.72946
1.6181
1.4289
0.73961
1.8072
0.69024
0.70307
0.68865
0.67608
0.70958
0.69502
0.64417
0.7145
0.70795
1.6558
0.6792
0.71945
0.69823
0.67608
0.65766
0.68549
0.68549
0.66988
0.69823
0.65163
0.66527
0.66527
0.70958
0.70469
0.69183
0.68549
0.71945
0.68865
0.70146
0.71614
0.69183
0.67143
0.84918
0.69024
0.72778
0.70795
0.71779
0.7656
0.72111
0.68549
0.7379
0.65917
0.71121
0.73282
0.7656
0.67453
0.74131
0.67453
0.71945
0.7379
0.65013
0.70795
0.68391
0.66374
0.69183
0.8414
0.70795
0.66681
1.5136
1.1776
0.81283
0.85704
0.99083
1.0641
1.1246
1.3552
2.5645
0.7656
0.70469
0.67453
0.68549
0.71121
0.70307
0.69024
0.68391
0.70958
0.70958
0.7379
0.70469
0.65013
0.68707
0.67298
0.66527
0.71121
0.66681
0.73451
0.65313
0.70469
0.67298
0.65163
0.68865
0.68549
0.68391
0.67298
0.68077
0.65917
0.71945
0.70632
0.64863
0.68234
0.75509
0.67453
0.68707
0.74131
0.64714
0.72778
0.7145
0.71614
0.66834
0.67143
0.69663
0.7145
0.74645
0.71285
0.71285
0.73961
0.72277
0.68707
0.68707
0.66834
0.66834
0.66222
0.66681
0.67453
0.81846
1.3274
0.75336
0.70307
0.68077
0.70307
0.73282
0.66681
0.72111
0.66681
0.69183
0.70146
0.63973
0.75162
0.66222
0.65766
0.67608
0.64121
0.68234
0.65766
0.67453
0.69502
0.81096
0.63973
0.69823
0.67143
0.65464
0.66374
0.67764
0.75858
1.0814
0.82985
0.70469
0.75509
0.69984
0.71121
0.68707
0.66834
0.66069
0.66834
0.68234
1.7539
0.86696
1.194
1.0304
0.82224
0.82224
1.194
0.81846
0.75162
0.73621
1.0864
0.88308
1.2912
1.4859
1.5382
0.70146
0.67453
0.75162
0.72611
0.74989
0.68077
0.74817
0.72111
0.69823
0.68391
0.71945
0.73621
0.68391
0.74302
0.68234
0.69823
0.89536
0.71945
0.69823
0.68077
0.7379
0.70795
0.68865
0.70146
0.6792
0.73451
0.70146
0.74645
0.69183
0.74989
0.69343
0.70958
0.71945
0.70146
0.71121
0.68549
0.66222
0.70307
0.65766
0.66374
0.66681
0.66834
0.7379
0.69823
0.69823
0.71945
0.75336
0.84333
0.65013
0.69183
0.66374
0.71121
0.66988
0.65766
0.65313
0.76736
0.68234
0.71285
0.69024
0.69823
0.63973
0.69183
0.72444
0.72778
0.71945
0.97724
0.69343
0.68707
0.65766
0.70958
0.67298
0.65917
0.66222
0.70469
0.74131
0.74645
0.73114
0.67143
0.65464
0.72778
0.72778
0.65163
0.72111
0.70469
0.72611
0.70632
0.68549
0.65917
0.71945
0.67298
0.70307
0.68234
0.72111
0.68234
1.6943
1.1912
0.84333
1.122
1.256
1.0023
1.0789
2.0324
1.9231
1.4421
0.74817
1.2618
0.89125
0.69183
0.6792
0.69663
0.72277
0.70307
0.70146
0.66681
0.75162
0.66681
0.68077
0.73282
0.72111
0.70469
0.72277
0.68549
0.68549
0.67453
0.72611
0.76736
0.69343
0.75858
0.70632
0.66069
0.72444
0.72611
0.65917
0.67764
0.74817
0.72778
0.84723
0.74302
0.72111
0.7145
0.74131
0.70469
0.71121
1.3772
0.78343
0.69502
0.73282
0.77804
0.70632
0.73621
0.69663
0.67608
0.78886
0.71614
0.80168
0.70307
0.71945
0.69823
0.69502
0.71945
0.77268
0.69024
0.71121
0.66374
0.70307
0.75162
0.73114
0.74645
0.69502
0.74473
0.67764
0.69984
0.70146
0.74473
0.80724
0.74817
0.70958
0.75336
0.71945
0.69343
0.67764
0.65013
0.75509
0.73451
0.69343
0.73621
0.70795
0.72444
0.70469
0.67298
0.6792
0.67764
0.73282
0.68549
0.69502
0.80168
0.72111
0.72277
0.73621
0.6792
0.71121
0.73282
0.7145
0.68549
0.81283
1.5382
1.7378
0.75162
1.0093
0.77804
0.96161
1.2274
0.98401
1.7742
0.69343
0.65615
0.74131
0.66374
0.91201
1.1482
0.75336
0.75683
0.72277
0.79983
0.73961
0.69663
0.7656
0.78524
0.72611
0.68391
0.72611
0.66527
0.74989
2.2233
0.91833
0.70146
0.68549
0.72946
0.66988
0.66527
0.66527
0.72946
0.73621
0.6792
0.70469
0.66069
0.70632
0.71121
0.66988
0.67453
0.68707
0.73451
0.66527
0.66069
0.77446
0.68391
0.72778
0.66527
0.69823
0.70795
0.65013
0.65163
0.69823
0.68707
0.72277
0.68865
0.7145
0.67764
0.70958
0.69024
1.3709
1.0069
1.3677
1.122
0.69024
0.74645
0.70307
0.6792
0.74131
0.70307
0.69663
1.2706
0.73451
0.71121
0.72111
0.70632
0.69984
0.67608
0.66681
0.70146
0.72778
0.72611
0.72444
0.70146
0.72611
0.72611
0.71285
0.69502
0.7145
0.73282
0.70469
0.85901
0.73621
0.67143
0.68391
0.68549
0.66527
1.6368
0.71945
0.87498
0.9506
1.0914
1.3243
1.2078
0.98401
0.81658
0.91411
0.92045
1.374
1.0789
1.39
1.1376
1.3521
0.83753
0.98628
0.78705
0.74302
1.2764
0.75509
1.6106
1.1588
0.80353
0.70795
1.6982
0.8147
0.7145
0.85114
4.3551
0.69024
0.66374
0.73961
0.69823
0.73282
0.67143
0.68549
0.67764
0.75162
0.71614
0.67453
2.1135
2.7416
1.0789
1.1967
2.2751
0.70632
0.86099
0.77804
0.72946
0.91411
0.79983
0.76208
0.79433
1.2853
1.219
2.9992
2.1135
1.652
0.71614
0.67453
0.80724
0.8892
0.67608
0.70958
0.71285
0.67143
0.69343
0.6792
0.73282
0.78343
3.3574
0.69823
2.2909
3.5156
1.0814
1.5776
0.72111
0.78163
0.70307
0.70469
0.73451
0.73114
0.69663
0.67143
0.69183
0.74989
0.7379
0.72444
0.68707
0.72611
0.71945
0.78163
0.68391
0.67764
0.71779
0.67764
0.68077
0.69343
0.71779
0.76208
0.85507
0.68391
0.68077
0.70146
0.69343
0.72778
0.70307
0.68234
0.64565
0.75683
0.72444
0.7379
0.70307
0.68234
0.69183
0.68549
0.67453
0.70307
0.67453
0.66374
1.1641
0.68391
0.69502
0.69823
0.67298
0.70146
0.68549
0.68865
0.74131
0.67453
0.70795
0.69663
0.6792
0.69984
0.71121
0.67764
0.75336
0.71779
0.68234
0.69984
0.76736
0.68865
0.75162
0.74473
0.66527
0.74817
2.8973
2.4099
0.71945
0.70795
0.78524
0.82794
1.028
0.76033
0.76736
0.70146
0.68707
0.69502
0.73961
0.71945
0.69663
0.7379
0.69343
0.66527
0.72444
0.74131
0.79433
0.78163
1.3397
0.8091
0.72111
1.3183
0.84723
0.82414
0.75336
0.70307
0.79068
0.74473
0.97949
2.8119
1.1695
0.99312
1.0093
0.89743
0.69502
1.2794
1.0209
1.0471
1.2274
1.1143
1.3213
1.0351
1.5631
1.0209
0.6792
0.68707
0.66527
0.64565
0.68234
0.72946
0.70632
4.2462
2.9648
0.82794
0.90782
1.1912
1.5205
0.81096
0.80168
0.79983
0.77983
0.80353
1.3677
0.76736
1.1041
0.69823
0.67298
1.5346
2.3714
0.7709
0.86099
0.83368
1.3868
0.68391
0.70632
1.7179
0.80538
0.76033
0.71945
0.72444
0.76736
1.714
0.90782
0.69823
0.77625
0.67298
0.72444
0.71285
0.77983
0.71945
0.70469
1.6368
0.79616
0.70146
0.76033
0.69024
0.73114
0.70146
0.70469
0.69663
0.70795
1.5704
0.82794
0.73114
0.74989
0.78524
1.0139
0.74989
0.76384
0.78343
0.87297
0.72778
0.83946
1.6331
0.69984
0.74989
0.70632
0.67453
0.72946
0.74989
0.68549
0.72111
0.84723
0.68865
0.72611
0.74473
0.70146
0.69663
0.78705
0.69343
0.73282
0.6792
1.1668
1.0593
1.5849
0.69343
0.70146
0.65013
0.67608
0.70795
0.69024
0.73451
0.73282
0.69183
0.68234
2.5119
0.77446
0.70795
0.72277
0.76208
0.72111
0.72946
0.68391
0.68549
0.71285
0.70632
0.66834
1.1722
0.71285
1.6218
1.7022
0.83753
0.88512
2.5351
5.5719
3.7325
0.74645
0.74645
2.1878
3.7411
0.70632
0.76033
0.72946
0.63973
0.68391
0.66374
0.68234
1.1324
0.66374
0.68391
0.71614
0.68234
0.68549
0.6792
0.68234
0.66527
0.69663
0.67608
0.67453
0.66527
0.76384
0.69502
0.68865
0.72444
0.69024
0.66069
0.66834
0.66222
0.66681
0.67608
0.70307
0.74817
0.68391
0.68077
0.67608
0.74989
0.70307
0.72111
0.84333
3.1333
0.74131
0.68865
0.72277
0.68234
0.67143
0.67298
0.68707
0.66681
2.8184
0.81658
0.69024
0.75336
0.70795
0.66988
0.66681
2.2491
1.9143
0.74473
2.3496
2.3714
1.7258
0.6792
0.66681
0.65917
0.65615
0.76208
0.65163
0.65766
0.6792
0.70632
0.74473
0.66834
0.69823
0.68234
0.67143
0.66527
0.66988
0.76913
0.68234
0.68234
0.68077
0.64269
0.64863
0.67453
0.71945
0.73451
0.66069
0.64714
0.65013
0.68391
0.68391
0.64863
0.66834
0.6792
0.67608
0.67453
0.69183
0.66374
0.72778
0.6792
0.75683
0.69663
0.64863
0.67453
0.65766
0.65163
0.66374
0.71779
0.71121
0.6792
0.65917
0.68077
0.66527
0.66527
2.8774
1.028
0.85901
0.78886
0.81096
0.79433
0.80168
0.89536
0.74473
0.84528
0.74131
0.89536
0.80168
0.76384
1.028
1.1015
0.79433
0.93325
0.82414
0.83946
0.79983
0.83176
0.76384
0.85901
0.80353
0.79068
0.8091
0.92683
1.2823
0.66374
0.71121
1.8323
0.8531
0.877
0.70958
0.74302
0.82985
0.84333
1.0593
0.76384
0.82604
0.74989
0.74302
0.73114
0.78343
0.74302
0.93325
1.2106
0.88308
0.99312
2.4099
0.98855
1.135
1.766
1.074
1.1967
1.8365
1.0641
1.2106
3.1696
1.094
1.256
2.8576
0.75336
0.72277
0.78163
0.70632
1.052
0.75162
0.73451
1.0471
1.3335
1.0139
1.219
1.1402
0.72277
0.71779
0.80168
0.87096
0.94842
0.85114
2.0512
0.75683
0.66681
0.72444
0.68391
1.9055
0.82985
1.4791
1.0257
1.1117
2.208
1.8323
0.93541
0.75336
0.78163
0.69823
0.69502
0.69663
0.75162
0.68707
1.8365
1.2134
0.72444
0.71779
0.95719
1.8621
0.85507
1.3709
0.70795
2.9923
4.14
0.76208
0.72946
0.68077
0.73621
0.83368
0.78524
0.8531
0.72946
0.73621
0.69024
0.76913
0.72444
0.68707
0.68707
0.77446
0.78163
0.74645
0.82035
0.74989
0.72444
0.72946
0.69024
0.72277
0.74817
0.68077
0.67453
0.68865
0.68077
0.76208
0.71779
0.68077
0.67608
0.70795
0.70307
0.67453
0.65013
0.69024
0.78163
0.76384
0.79068
0.89743
0.9506
1.2331
1.8365
0.8091
1.1429
1.0965
0.93756
0.72946
0.71285
1.1912
3.3574
2.3442
0.78163
1.0399
1.6032
0.98401
1.1092
1.8239
1.7824
0.73451
0.75162
0.82224
0.67764
0.69823
0.70146
3.02
1.4622
1.4555
0.69823
1.6106
1.0864
0.72778
1.3152
1.8578
0.7145
0.70795
0.69183
0.70146
0.75509
3.7325
4.9091
0.75858
0.70958
0.67298
0.69823
0.72277
0.70307
0.65313
0.66222
0.79068
2.7479
5.4702
0.75336
0.71285
0.69502
0.66374
0.72111
0.79068
0.74302
0.74989
0.68865
0.8091
0.72778
0.68234
0.74989
0.71614
0.71121
0.70146
0.73114
0.74645
0.79983
0.68707
0.70146
0.69183
0.75162
0.68549
0.70958
0.66069
0.67143
0.66988
0.68234
0.78163
0.69343
0.6792
0.71614
0.73621
0.71945
0.73114
0.87498
1.0864
0.8414
0.87902
0.95719
0.78705
0.78524
0.75336
1.0666
0.85704
1.2647
0.79616
1.3397
0.77983
0.80724
0.77268
0.94189
0.75162
0.75683
0.81283
1.0495
0.77446
0.72946
1.0162
1.8707
1.2882
0.95719
1.9999
0.67608
0.69343
0.72778
0.74473
0.71121
0.80724
0.73961
0.72778
0.69663
0.71945
0.7145
0.69502
0.69343
0.7656
0.70146
0.70795
0.66527
0.69502
0.72778
0.67764
0.70307
0.64714
0.67453
0.74817
0.68865
0.70146
0.66374
0.65313
0.65013
0.67298
0.65013
0.69502
1.803
2.851
1.0399
4.6666
5.0466
0.96383
0.79799
0.94406
0.7925
0.80353
1.6866
2.4322
0.78705
0.79616
0.72444
0.68391
0.74989
0.74817
0.72444
0.69823
0.84723
0.79433
0.67453
0.7709
1.2823
0.69024
0.73451
0.66681
0.70958
0.66834
0.7145
0.65615
0.70146
0.72277
0.68077
0.70307
0.66527
0.67764
0.71614
0.76208
0.72111
0.72111
0.71285
0.71285
0.68707
0.70958
1.0375
1.1561
1.1194
0.85704
1.4223
0.86896
0.71614
0.70958
0.73282
0.7145
0.73114
0.73282
0.71945
0.69663
0.76033
0.80353
0.69024
0.69823
0.7379
0.73114
1.8072
2.421
0.75509
0.77625
0.70469
0.75162
0.82985
0.71779
0.7145
0.69502
0.74302
1.556
1.1722
0.97499
1.0471
1.0328
2.5061
2.0417
0.92683
2.8642
0.63973
0.69024
0.69343
0.67608
0.66527
0.72778
0.71779
0.7145
0.69984
0.80538
0.69024
0.67453
0.72277
1.6711
0.67298
0.66527
0.70146
0.68549
0.69823
0.69343
0.69984
0.71779
0.8892
0.70146
0.9594
0.66988
0.69024
0.68865
0.67298
0.70146
0.69502
0.67453
0.74645
0.68077
0.69823
0.68234
0.71945
0.68391
0.71945
0.72778
0.73114
0.67764
0.70469
0.74645
1.8836
2.1627
0.68865
0.70307
0.69663
0.70307
0.68234
0.74473
0.69984
0.69024
0.70958
0.70307
0.6792
0.68549
0.69984
0.69024
0.69984
0.69984
0.69183
0.72277
0.68234
0.66527
1.4488
0.76208
0.85114
3.54
2.0845
2.466
1.762
0.70307
0.68549
0.68865
0.74817
0.66069
0.69343
0.68549
0.74302
0.77625
0.72277
0.69984
0.72111
0.69183
0.72277
0.68707
0.88308
0.70469
0.70958
0.68549
0.83946
0.67453
0.8531
0.70469
0.74302
0.67764
0.72111
0.69183
0.74645
0.68077
1.6634
1.2274
1.2531
1.0715
3.0409
0.7656
0.78705
0.73282
0.88308
0.7145
0.69183
0.71945
0.94842
1.574
0.82224
0.73961
0.90573
1.5668
1.0889
2.5527
0.75858
0.82224
0.97499
0.70146
0.67764
5.224
1.1066
1.3274
1.2647
0.95719
1.4689
2.1878
3.6392
0.68549
0.70632
0.70795
0.66069
1.7579
3.4674
0.73114
0.69183
0.81658
0.76384
0.73451
0.71614
0.70146
0.77268
0.67453
0.68234
0.74131
0.89331
0.68549
0.79799
0.65464
0.69823
0.65917
0.75509
0.70146
0.69183
0.72778
0.75162
0.78524
0.72444
0.74817
0.67608
0.70958
0.71945
0.72611
0.69823
0.69024
0.75858
0.69663
0.71121
0.76208
0.67298
0.66374
0.66374
0.73114
0.72611
0.7145
0.70469
2.3496
2.3121
3.581
2.4099
1.0046
0.94624
1.1143
1.3677
0.66374
0.68391
0.7145
1.406
3.2961
0.84918
0.86497
0.84723
1.0375
0.877
3.3113
2.1281
0.84918
1.4928
3.2063
2.4889
0.71285
0.75162
0.78705
0.70146
0.69502
0.6792
0.74645
0.69823
0.73961
0.75162
0.69984
0.75683
0.72277
0.76208
0.74473
0.74817
0.82414
0.82794
0.89743
0.96383
0.86896
0.84723
0.7709
0.8414
0.73621
0.81846
0.71945
1.5031
0.79983
1.5417
0.70632
0.70632
0.68391
2.2233
0.74989
0.72946
0.72778
0.75858
1.1092
0.66069
0.96383
1.0495
1.0864
1.074
1.2134
1.1695
1.1324
3.1623
10.568
10.186
8.5704
8.0353
10.447
7.0958
0.99541
4.2954
8.9331
17.906
13.583
8.7902
10.965
15.812
13.646
9.247
9.8401
1.2823
2.3823
1.932
7.1285
12.972
10.568
12.882
13.274
6.9663
7.8524
10.399
5.7677
10.186
11.508
11.015
11.376
6.0395
7.8343
1.3868
9.2897
13.868
8.892
2.7479
8.6298
11.858
10.914
8.9125
9.6161
7.8524
1.5031
1.2912
5.8479
11.967
9.2897
8.4528
14.757
8.091
7.8163
9.0573
11.508
10.765
10.568
8.4333
8.2414
6.6374
1.4859
5.445
9.0157
8.0353
15.668
9.6828
7.6736
10.617
12.706
8.7902
5.2723
0.86896
0.84723
4.8306
13.213
10.423
8.356
7.4817
12.162
9.6605
9.506
8.0168
9.594
6.8549
9.6383
9.2045
8.2224
8.3946
12.618
7.9983
6.9343
5.7677
8.4333
11.015
6.8391
6.8707
9.4406
7.4989
7.0469
4.6345
0.84528
1.0257
0.73621
0.8414
0.82414
1.7906
3.3497
0.81096
3.2734
9.1201
13.709
9.8855
11.169
11.94
9.6605
9.1622
7.2946
4.9659
10.233
15.885
6.9663
15.631
3.7931
5.0234
10.328
11.092
8.0353
11.455
12.764
9.506
10.328
9.7275
2.6977
11.614
16.069
13.646
9.7499
10.889
7.6913
6.6222
2.5527
0.85704
0.8091
2.5882
9.6161
10.162
7.6384
9.3541
3.6308
10.093
11.246
7.8163
9.3756
9.8628
10.139
10.162
9.7949
7.6736
6.2087
0.94189
3.1989
13.152
16.596
6.6374
9.7499
8.2985
9.2683
11.561
9.4624
5.6885
9.6605
8.77
10.139
5.5081
2.4604
1.1117
0.8356
1.9815
1.6788
10.351
18.408
12.388
13.122
11.561
7.9616
4.9431
6.6374
6.9823
12.972
12.794
10.789
16.069
18.365
7.4302
11.535
9.6383
13.305
10.093
9.3972
10.789
14.791
7.5858
9.6605
8.4723
11.588
10.914
5.902
6.8707
1.0069
1.2417
6.1376
19.999
8.1096
10.28
10.495
10.447
5.035
7.5162
11.588
8.9536
12.735
5.236
8.7902
14.06
10.328
8.7902
6.6222
25.527
15.996
11.015
12.303
9.9083
12.531
12.735
8.531
10.495
10.328
10.069
8.8308
11.041
12.078
14.289
11.967
11.22
11.015
13.74
10
