17.62
18.197
18.03
19.588
16.982
15.56
15.74
15.959
15.524
13.274
1.0789
15.849
3.0761
1.1169
7.379
16.444
0.98401
0.93756
0.97275
4.6238
1.7579
9.977
10.423
15.668
20.893
16.904
1.374
1.1246
1.0864
1.0186
1.0304
8.3946
15.596
6.0534
15.276
19.907
16.255
18.365
18.923
17.906
14.622
15.136
16.749
20.797
2.9376
1.3335
5.728
4.2658
1.2274
4.5394
1.219
4.7424
0.97051
1.2246
3.4198
1.5276
2.7733
0.97051
2.1677
9.528
1.1535
1.1429
4.5394
9.2683
3.2734
0.96605
1.9861
5.0816
1.0789
1.2162
1.3709
1.7783
15.417
1.0691
1.183
3.5892
2.1677
1.6331
1.5922
3.2137
3.8994
1.3002
1.5631
2.2029
3.4041
2.4378
1.2735
0.9977
1.1041
1.1561
10.162
9.7499
1.0209
0.97275
0.97724
0.9528
1
1.8113
0.86298
1.3002
3.581
1.3804
1.2853
1.8281
1.6444
1.4622
1.8793
2.1429
0.94189
0.97499
1.4555
1.1588
2.0989
17.378
1.0116
1
9.7724
14.488
17.179
16.596
16.368
19.861
9.0573
12.794
1.1535
15.631
16.634
16.558
17.258
14.06
1.0593
1.183
1.2531
1.5704
3.3189
1.6672
1.122
3.6475
1.2445
0.9977
1.0914
1.1066
0.99541
1.0375
2.0606
0.95499
0.95719
1.2078
1.3583
1.1402
1.4997
1.4825
1.2359
1.1995
1.1535
1.6181
1.3032
1.3964
1.1272
3.1989
1.2706
1.2023
1.183
1.2647
1.3772
1.0375
1.1455
1.0544
1.1967
1.0789
1.4191
1.3614
1.4454
1.652
0.89125
1.0375
0.89536
0.95499
0.95719
0.93972
0.92257
0.95499
0.92045
0.9977
1.0715
1.0765
0.92257
1.1803
0.9977
1.0046
0.9528
1.1668
0.9506
1
0.93972
1.0544
1.1776
0.89125
0.94842
0.93541
1.052
0.98175
0.89743
0.90157
1.0233
1.0765
1.0399
1.0641
0.90365
1.0304
0.92045
1.0568
1.0304
1.0046
0.92257
0.93541
0.90157
0.98628
1.0593
0.98401
0.92045
1.0399
0.92683
0.98401
0.8995
0.93541
0.89536
0.91201
1.0093
1.0046
1.349
0.91411
1
0.91411
0.877
0.91411
0.90365
0.8995
0.93756
0.8995
0.9528
1.0715
1.0139
1.0965
1.0423
0.97051
1.0162
0.8892
0.90991
1.194
0.86896
1.1041
0.9247
0.98628
0.88716
1
0.90782
0.8892
0.94189
0.92045
0.97949
1.0641
1.0162
1.0328
1.0186
0.92045
0.90365
0.96828
1.0023
1.0789
0.87902
1.0814
0.98628
0.9247
0.90991
0.89125
0.96383
0.91622
0.93756
0.94406
0.93111
0.93325
1.0162
1.0375
0.91833
0.9247
0.98628
0.87498
0.97275
0.91201
1.0093
0.9506
1.0209
0.95499
0.98628
0.9247
0.99083
0.96605
0.90991
1.0423
1.0304
1.0116
0.88716
0.91833
0.93541
1.0304
1.028
0.90365
0.99312
1.0139
0.97949
1.0495
0.89536
0.88308
0.92045
0.91622
0.93756
0.90782
0.87096
0.93111
1.0162
1.0093
1.2162
1.1015
1.0641
1.8072
0.91833
1.5776
1.7298
1.028
1.2942
1.1041
0.90573
1.2246
0.97724
0.92257
0.8892
0.96161
0.94406
0.97949
0.91833
1.39
0.90365
0.89536
0.91622
1.1749
0.91833
0.93541
0.90365
0.93972
0.89536
1.2246
0.87297
0.84918
0.98175
1.0209
0.92257
0.84918
0.96161
0.9247
0.89536
0.90991
0.88105
0.91411
0.95499
0.94189
0.89331
0.89125
0.83946
0.92045
0.9977
1.3583
0.91411
0.86099
0.96605
1.1561
0.97724
0.92045
1.0691
1.1041
1.1776
0.92683
0.88308
0.93541
0.9594
0.89331
0.8531
0.92045
0.97949
0.90157
1.4421
1.3213
1.0186
1.71
1.5812
1.1614
1.7179
1.3397
0.91622
1.5704
1.2106
1.0544
1.256
2.0845
0.85507
1.7498
1.0328
0.9594
0.95719
0.90782
0.85704
1.2589
1.0351
0.96605
0.99312
0.87902
0.88105
0.93756
0.97949
0.95499
1.0233
0.91201
0.97051
1.0544
1.1298
0.8414
0.85704
0.88105
0.91411
0.89125
0.96605
0.8995
0.97949
0.91833
0.90782
0.9594
0.90782
0.93756
0.98401
1.0495
1.0093
0.88716
0.87902
0.90991
0.90573
1.3709
1.0328
1.2359
1.8155
1.0093
0.91201
0.89331
0.9247
0.93972
0.94842
0.87902
0.877
0.88308
0.88512
0.96383
0.91411
1.0116
0.9594
0.86497
0.8995
0.87902
0.8995
0.89125
0.88105
0.88105
0.9506
0.93756
1.5241
1.1143
1.2882
1.3092
1.1117
1.1015
1.052
1.1402
0.96383
1.0046
1.183
0.92045
1.2647
1.3335
1.0495
1.0691
1.1246
1.6634
0.8892
0.92897
1.0691
0.87297
0.93972
0.9594
0.89331
0.877
0.98628
0.90782
0.96383
0.97724
0.98401
1.3646
1.0447
1.2078
1.0351
0.98401
1.4791
0.93325
1.5136
0.84528
0.96605
0.90157
0.88308
0.9528
0.87498
0.97275
0.92257
0.8995
0.93541
0.877
0.9506
0.94189
0.92897
0.89331
0.97051
0.97724
0.91411
0.93111
0.89743
0.90157
0.90365
0.94624
0.86696
0.89743
0.90782
1.0375
0.8892
0.93541
0.90157
0.97724
0.92045
1.0023
0.94842
0.91622
0.92045
0.83946
0.9594
1.0139
0.90573
0.87297
0.90991
1
0.89536
1.1246
1.2023
1.205
0.86896
0.88308
0.85704
0.85507
0.88716
0.90157
1.1614
1.2972
0.99541
0.99541
1.3062
1.2388
1.3032
0.96161
0.92897
0.93111
0.877
1.1885
1.0666
0.97051
0.94406
0.96161
0.96828
1.0839
1.2794
1.2331
1.1376
1.574
1.0233
0.94406
0.94189
0.88512
1.2589
1.1246
1.4655
1.1015
0.93756
0.99083
1.0914
1.9953
0.88512
0.8892
0.93325
1.0544
0.93325
0.91411
1.028
0.96383
0.98401
0.99083
0.91411
0.89743
0.86497
1.1376
0.92683
0.97275
0.97275
0.9528
0.93541
1.2078
1.4388
1.0666
0.97724
1.2823
1.5631
1.052
1.0399
1.6069
1.2078
1.1722
0.98401
0.88716
0.97499
0.88512
1.0351
0.98628
0.90573
0.96383
1.0116
0.9506
0.93541
1.0666
0.97051
0.96828
1.0046
1.0375
0.9594
0.95499
0.9247
0.877
0.92257
1.0116
0.91833
0.97051
0.94842
0.89536
1.028
1.028
0.93541
0.90991
0.98628
0.86497
0.85114
0.9594
0.85704
0.90365
0.94624
0.96161
0.91411
0.90157
0.96605
0.9247
1.0447
0.877
0.87902
1.0093
0.91622
0.97724
1.0069
0.93972
1.0162
0.94189
1.052
0.98401
0.85114
0.97724
0.92257
0.8995
0.9977
0.90782
0.98401
0.96605
0.88105
0.88512
1.0093
0.8995
0.89125
0.91622
1.0666
0.97275
1.3366
0.92045
0.98401
1.0568
0.93541
0.96605
0.91411
0.90782
0.94189
0.92257
1.0257
0.92045
1.099
1.099
0.96383
0.91833
0.97949
0.88716
0.84528
0.94406
0.97051
0.96605
0.94189
0.91833
0.86497
0.86497
0.94189
1.1776
0.9977
1.1143
1.0375
0.98855
1.1858
1.0139
0.94406
0.92897
0.97949
0.9506
0.9247
1.0765
0.91833
1.1482
1.183
0.9506
0.94189
0.97949
0.98628
1.0666
0.97949
0.88105
1.1668
0.87096
0.93541
1.0544
0.94842
0.84333
0.97724
1.0116
1.0789
1.5171
1.0965
1.0423
0.9528
0.89125
1
0.89536
0.97499
0.95719
0.9506
0.97724
0.99312
0.86696
0.86497
0.92683
0.86298
1
0.9528
0.95719
0.87902
0.86896
0.91622
0.93111
1.1092
0.88716
0.99541
0.89536
1.0186
1.1858
0.96605
0.94406
1.0257
1.3428
0.9977
0.98401
1.0839
0.91201
0.91411
0.86497
1.0046
0.91833
1.0399
0.94842
1.0139
1.0023
0.90365
0.93325
0.9247
0.95719
0.9594
1.0328
1.0116
1.194
0.87096
0.91201
0.92897
0.95499
0.97949
0.93325
0.92045
0.93111
0.94189
0.93111
1.0093
1.074
0.86497
0.88308
0.89125
0.92683
0.95499
0.97275
0.88716
0.96828
1.094
0.95499
0.96828
0.90991
0.84333
0.93972
0.97724
1.0839
0.8892
0.96161
0.99312
0.99541
0.98401
0.99312
0.9977
0.9594
0.98628
0.9247
1.0233
1.0839
1.1015
0.84333
1.0023
0.9594
1.0257
0.99541
0.87902
1.0233
0.90573
0.98401
0.91411
1.0257
0.89536
1.0814
0.93325
0.95499
0.95499
1.0046
0.87902
1.0186
0.88308
1.1092
0.85507
1.0023
0.86696
0.88512
0.87498
0.87096
0.9506
0.98855
0.93325
0.91411
0.96828
0.94624
0.92683
0.88716
1.0568
1.028
0.91622
1.0116
0.9247
0.89743
1.3183
1.0023
1.2706
1.0351
0.95499
1
1.0209
1.4859
0.99083
1
1.7022
1.2531
1.1749
0.98175
1.1482
1.0257
1.0139
1.2023
0.87902
0.88512
1.2531
1.0666
0.98401
1.0447
0.93541
0.97949
1.7022
1.4962
1.0666
0.98401
0.92897
1.2023
1.3459
1.3152
1.0593
0.98175
1.028
0.91833
1.0544
1.3964
0.93972
0.96828
0.96383
0.86099
0.90573
0.89536
0.91622
0.91411
0.91622
0.98628
1.1402
1.2647
1.2162
0.99083
1.0544
1.3836
1.2942
1.0765
1.4997
1.219
1.2677
1.3804
1.2531
1.1722
1.3062
1.7947
1.9099
0.98401
0.96828
0.85114
0.93111
1.2246
1.5704
1.5417
1.5922
1.5311
1.3552
1.3366
1.1272
1.6482
1.0914
1.9679
0.97275
0.90991
0.91411
1.0209
0.93111
0.99312
16.943
0.97724
0.94624
1.0423
0.87297
1.0186
0.83753
0.91201
0.87096
0.94842
0.9528
0.97275
0.90991
0.88308
0.88716
0.91201
0.88716
0.94842
1.0328
0.91622
1.0023
0.84528
0.91201
0.98628
0.88105
0.92897
0.8995
0.94624
1.0789
0.95719
0.90991
1.0471
0.97051
0.98175
1.0691
0.92045
0.82224
0.98628
0.90157
0.91201
0.9528
0.95719
0.92257
0.90365
0.92897
1.028
0.95499
0.90573
0.94624
0.91622
0.91622
1.074
0.8995
0.92257
0.90365
0.94406
0.9506
0.92897
0.96828
0.99312
0.93972
0.93756
0.94842
0.90782
1.122
0.94189
1.0375
0.93972
1.0544
0.94624
0.90573
0.97051
0.90365
0.90157
0.88308
0.95719
0.96828
0.89125
0.96828
0.8995
0.89331
0.97051
0.90157
1.2706
0.98628
0.92683
1.0304
0.85704
1.0069
0.9594
1
0.93325
1.0423
0.9528
0.93541
0.97499
0.94406
1.0715
0.98401
0.94624
0.88716
0.93325
0.87498
0.92683
1.7219
0.98175
1.0765
1.3646
0.90782
0.87096
0.97499
0.91201
0.97499
1.0617
0.94189
39.355
20.749
0.96605
0.91622
1.0209
0.9247
0.877
0.92683
1.0116
1.1041
0.98175
0.89331
0.91411
0.96828
1.0889
0.96605
0.93972
1.0423
0.9506
0.90782
1.0399
1.0186
0.96828
0.95719
0.85704
0.877
0.89331
0.93541
0.90573
0.98401
1.0162
1.1015
1.1117
0.9528
1.0186
0.90991
0.91622
0.9247
0.87902
0.93756
0.92045
0.9506
0.95499
1.0423
0.91833
0.91201
0.89743
0.90991
0.90991
0.89125
0.8356
0.91201
1.0568
1.074
0.97949
1.39
1.0839
0.8995
0.98855
1.2134
0.877
1.0023
0.92897
0.94406
0.8892
1.094
0.97275
0.96383
0.91411
1.2589
1.1169
1.0023
0.86696
0.87297
0.87096
1.2274
1.2618
1.0691
1.0375
0.87902
1
0.96383
0.88716
0.8995
1.0375
0.94406
0.96383
0.94189
1.0375
0.97949
1.0186
0.87902
0.9506
0.99541
0.89331
0.877
0.9594
0.9594
0.88512
0.97051
1.1169
1.0046
0.8531
1
1.0568
1.0617
1.3152
1.0715
0.94842
0.97499
0.96828
0.90365
0.88716
1.0162
0.99541
0.96383
0.92683
0.9977
0.90991
0.88512
1.0765
0.8995
0.88716
0.85901
0.99312
0.97724
0.96383
0.87902
0.90782
0.87498
0.92045
0.88512
0.94406
0.83946
0.93972
0.82985
0.86099
0.92897
0.92045
1.0765
0.99083
0.89125
0.88105
0.94406
0.8892
0.96161
0.93541
0.95499
0.93972
0.87498
0.90782
0.92683
0.87297
0.94189
1.0116
0.88105
1.0375
0.90573
0.98175
1.0116
0.96828
0.94406
0.97051
0.97499
0.94189
0.99312
0.85507
0.92045
0.82794
0.96605
0.98401
0.88716
0.90573
0.86696
0.91411
0.9977
1.1803
0.90365
0.96605
1.0186
0.88716
0.93111
0.93756
1.0186
0.97499
1.0209
0.87096
0.90157
0.97275
1.0617
0.93541
0.9247
0.96161
0.95719
0.8892
0.88512
0.87297
1.3092
0.98175
1.1561
1.1376
1.0715
0.98401
2.2029
1.5031
1.5453
1.094
1.0375
0.89125
0.9247
0.92045
0.88308
0.93541
0.9528
0.97499
1.0257
1.7378
1.3646
1.0593
1.1092
1.0375
1.1455
1.406
1.0765
1.2503
0.85507
0.8531
0.9594
0.98401
0.89331
0.8995
0.91411
0.87297
0.93756
0.97499
0.97949
0.84723
0.98401
0.91411
0.95499
1.0447
0.91201
0.89743
0.96828
0.9528
1.0351
0.86696
0.87902
0.89331
0.96161
1.2078
0.90157
0.91201
0.90991
0.95499
0.87498
1.0257
0.86497
0.89536
0.90573
0.87902
1.0116
0.92257
0.91201
0.83753
0.91622
0.97724
1.0116
0.89125
0.93972
0.8995
1.0814
1.2647
0.99083
0.90782
0.94842
0.96828
0.90365
0.90573
1.122
0.96605
1.0789
0.89331
1.0715
0.8892
0.90365
0.85704
0.90157
0.98855
0.88716
0.89125
0.90573
1.1695
0.93111
0.93972
0.89125
0.90573
0.92045
0.85901
0.95499
0.8356
0.88105
0.91833
0.89743
1.2503
1.183
0.91411
1.205
1.1066
0.9594
0.95499
0.90782
0.93541
0.99312
0.92045
1.0046
0.8892
0.82604
1.766
0.94624
0.90365
0.83946
0.87498
0.877
1.0046
0.89125
0.8995
0.87498
0.90157
1.0023
1.1641
0.87297
0.8531
0.82985
0.99312
0.87902
0.96605
0.877
0.94406
0.92257
0.90157
0.877
0.91411
0.87096
0.94842
0.98628
0.90991
0.9247
1.0069
0.96828
0.79983
0.92683
0.90782
1.0864
0.90573
0.94842
1.0544
0.85114
0.93325
0.90782
0.90573
0.8892
0.92257
0.9594
0.88105
0.94624
0.8531
0.85114
0.88716
0.92045
0.93541
0.877
0.8531
0.8091
0.92897
0.9594
0.92683
0.85507
0.93111
0.97275
0.89536
1.0069
0.88512
0.9247
1.5704
0.97051
0.877
0.98401
0.90573
1.1561
0.90157
0.90365
0.99083
0.90157
0.87902
0.91622
0.94406
0.88105
1.052
0.88512
0.8892
0.92257
0.85704
0.95499
0.95499
0.877
0.92045
0.9247
0.90991
0.87902
0.92257
0.90782
0.86298
0.91201
0.8995
0.86497
0.90991
0.93972
0.97051
0.94842
0.91622
0.9247
0.88512
0.88105
1.1429
0.93111
1.1015
1.0593
1.8664
1.9861
1.7061
1.9275
1.39
1.2106
1.0139
1.1482
1.1641
1.2531
1.3152
0.96828
0.98855
1.2274
1.7947
1.3868
1.2677
0.88716
0.97275
1.5524
0.98175
0.96605
0.96383
0.87096
0.9528
0.89536
0.90573
1.0617
0.9506
0.93541
0.90157
0.86298
0.91833
1.0471
0.96161
0.98628
0.93541
0.93972
1.3213
1.4997
1.6749
1.0233
0.91833
1.2972
1.0139
1.0116
1.219
1.1641
0.96161
0.96605
1.0233
1.2853
1.7906
1.5488
1.1776
0.93541
1.0328
0.98175
0.90573
1.0375
1.0666
0.88308
0.96161
1.0423
0.93325
1.0093
0.86696
0.91833
0.93111
0.91622
0.86298
0.92257
0.97275
0.9594
0.98401
0.8995
0.91833
0.88105
0.9247
0.87297
0.93756
0.85507
0.89743
0.92683
0.94842
0.93325
0.97051
0.86497
1.0304
0.97499
0.83753
0.94842
0.93325
0.94406
1.099
0.88105
0.94842
0.98628
0.95719
0.88308
0.97724
0.92897
1.0046
0.91622
1.1324
1.0641
1.1298
1.1169
1.2331
1.256
1.1668
1.052
1.2794
1.4521
1.5276
1.3583
1.1588
1.135
0.91411
0.92257
0.86099
1.3032
1.4962
1.1695
2.0512
1.4125
2.3227
0.87297
0.93541
0.94189
0.96605
0.97499
1.4322
0.89743
0.90157
0.95499
1.0765
0.93111
0.93111
0.95719
0.86497
1.0617
0.9528
0.98401
0.99312
1.0069
0.9247
0.96828
0.94842
0.94624
0.88105
0.96161
0.98855
0.9528
1.5136
0.95499
0.85901
0.91622
0.8995
0.94406
0.90782
1.0233
0.92683
0.96161
0.93756
1.028
0.90573
0.88105
0.91411
1.0069
1.074
0.9977
0.91411
0.88716
0.95499
0.92683
0.86896
0.98401
0.86497
0.95499
0.90782
1.0375
1.3274
0.99312
1
0.91411
0.94842
0.89536
0.9506
0.92257
0.91201
0.98401
0.90782
1.2853
1.374
1.1455
0.96383
0.90365
0.91201
0.97275
1.1508
0.94842
1.9099
1.2274
1.0495
1.0162
0.91622
0.9594
1.0399
0.94406
0.96828
0.83753
1.4028
0.97949
1.135
1.2246
1.0715
1.2359
1.2503
1.2246
1.0839
1.5996
0.87297
14.125
15.524
1.6558
1.3428
2.5763
1.5668
10.94
1
1.1041
1.7579
16.331
9.4624
0.98401
0.94842
9.8175
6.8234
1.2388
1.0023
4.8417
8.1846
21.928
20.277
1.2274
1.0304
4.3954
19.275
20.654
23.014
21.727
23.174
21.878
21.627
19.724
0.90573
5.4325
6.368
18.408
18.239
17.061
18.75
19.275
19.679
22.233
19.953
17.418
1.8967
11.995
11.508
13.521
16.982
18.923
21.281
21.086
19.543
1.6711
0.93972
0.94842
1.5311
9.5499
3.7154
13.772
15.922
17.258
18.793
18.239
17.258
18.197
16.749
11.298
10.839
15.066
14.859
3.7584
7.709
16.144
0.90157
1.0544
8.6497
6.6527
13.213
14.521
17.179
19.055
20.941
20.277
19.999
18.45
20.464
18.239
18.113
19.679
18.281
12.589
19.011
17.1
11.535
17.824
15.668
17.338
20.845
18.365
18.836
0.89331
9.528
13.868
11.22
8.3753
16.032
18.535
15.346
19.543
16.069
16.634
17.62
18.155
7.4817
0.85704
1.0304
0.93541
1.9634
4.0738
0.85704
0.92045
0.92045
1.2794
1.3366
1.2677
1.2417
1.4421
2.2856
1.9454
2.5468
1.6866
1.8707
1.4723
1.5849
1.39
2.9854
0.85114
0.95719
2.0701
1.1858
1.1535
1.205
1.3243
1.3552
1.5311
1.0839
0.96383
1.1169
1.3183
0.84333
0.98175
0.97051
0.96605
1.5524
1.2274
1.0375
0.92045
1.3213
0.87096
0.84723
1.028
0.93541
0.97724
0.90991
0.83176
0.87902
0.93541
0.9506
0.98401
0.8531
0.90991
0.97051
0.97275
0.92257
0.94624
0.91201
0.92257
0.96161
0.88716
0.9506
0.85507
0.93111
0.91833
0.94406
1
0.8356
0.88512
0.87902
0.93972
0.88716
0.89743
0.91622
0.877
0.82604
0.87096
0.86298
0.8414
0.8892
0.85114
0.87297
0.92257
0.89536
1.762
1.0399
1.219
1.0691
1
1.2246
1.3213
1.1776
1.0093
0.85901
0.82604
0.82985
0.91833
0.9594
1.052
0.91411
0.88512
0.85704
0.93756
0.93541
0.90782
0.99312
0.84333
0.83946
0.87902
0.94842
0.82414
0.877
0.91833
0.86298
0.86298
0.89743
0.84918
0.85704
0.92257
0.84528
0.89125
0.93111
0.86497
0.87902
0.92683
0.88308
0.91201
0.8531
0.9528
0.90573
0.90157
0.88308
0.88512
0.90365
0.86497
0.90157
0.93325
0.86298
0.96383
0.91833
0.86696
0.99541
0.99312
0.8531
0.90782
0.84918
0.91622
0.87902
0.93111
0.89331
1.1722
0.94842
1.2589
1.9055
0.877
0.83753
0.88105
0.89743
0.91411
0.91833
0.94406
0.96383
0.88308
0.87498
1.0116
0.92045
0.90782
0.88512
0.90157
0.90991
0.9247
0.91622
0.9247
0.83946
1.0593
0.91833
0.96161
0.92897
0.93325
1.1169
0.86896
0.87902
0.91833
0.90991
0.89536
0.86099
0.93325
0.89125
0.92045
0.87297
0.91622
0.97499
0.92045
0.89743
0.89743
0.91201
0.89743
0.89743
0.9247
0.95499
0.92897
0.92897
0.94842
0.84918
0.89743
0.94406
0.8995
0.95719
0.90365
0.97724
0.89125
0.86298
1.0069
0.89331
0.86497
0.84528
0.8356
0.91833
1.6672
0.89743
0.97499
0.87096
0.85901
0.85901
0.89125
0.9594
0.90365
0.90365
0.91622
1.0139
0.93541
1.0765
0.96828
0.96605
0.98401
1.1272
0.87902
0.99083
0.8995
0.94406
0.84918
0.9594
0.85901
0.93972
0.89536
0.90573
0.96161
0.89743
0.86099
0.82035
0.92045
0.86099
0.91622
0.83368
0.98401
0.93972
1.4322
1.1066
1.0139
1
1.1066
1.0568
1.0814
1.3614
1.205
1.2303
1.7742
1.3152
1.3366
2.5527
1.0186
1.3709
0.88512
0.90782
0.94406
0.93325
0.88105
0.85507
0.95719
0.86099
0.85901
0.84528
0.97275
0.89125
0.91411
0.97051
0.88105
0.88716
0.88512
0.92045
0.8531
0.90573
0.90157
0.8356
0.92897
0.84723
0.86298
0.90573
0.86298
0.84528
0.87297
0.92683
0.88105
0.96383
0.91833
0.8995
0.90157
0.8414
0.81846
0.93111
0.88716
0.93325
0.88105
0.877
0.88105
0.8531
0.84333
0.85704
0.87498
0.90991
0.87498
0.96161
0.82604
0.82414
0.90991
0.877
0.87498
0.9977
0.87096
0.85901
0.90782
0.90157
0.94624
0.9247
0.92897
0.8995
1.0471
0.99541
0.88512
0.89125
0.83368
0.92045
0.877
0.88105
0.93111
0.90157
0.8892
0.89536
0.92045
0.82985
1.4928
0.9247
0.99083
0.93972
1.0914
1.3868
0.90365
0.87297
0.87297
0.83368
0.93111
0.87297
0.9594
0.89536
0.93756
0.90782
0.91201
0.91201
0.86298
0.95499
0.96161
0.8892
0.88308
0.8892
0.98855
0.90157
0.87297
0.86099
0.92897
0.88716
0.93541
0.88512
0.90991
1.0789
1.122
1.0864
1.3152
0.94406
0.96605
0.87902
1.0233
1.5276
1.0593
0.91411
0.9977
1.374
1.3183
3.2509
0.89743
0.92257
0.8995
0.94189
0.9528
1.0233
0.88308
0.85114
0.8356
0.89331
0.93756
0.87498
0.88308
0.89536
0.84528
0.89536
1.7539
0.88308
0.84723
0.8531
0.89743
0.84528
0.88716
0.8531
0.88308
0.877
0.90365
0.88512
0.90573
0.88716
0.87498
0.8995
0.88105
0.82224
0.94189
1.6218
1.0495
1.3243
1.5668
1.5276
0.82985
0.92683
0.89125
0.93541
0.9506
0.90573
0.8995
0.9528
0.86696
0.87297
0.87902
0.96161
0.92683
0.95719
0.88512
0.91411
0.87297
0.88308
0.94406
0.87498
0.8995
0.93756
0.86896
0.94406
0.90573
0.86896
0.87297
0.8995
0.89125
0.90991
0.86298
0.97051
0.90991
0.86099
0.90365
0.9247
0.85507
0.9247
0.98855
0.8892
0.91201
0.90157
0.89743
0.96383
0.86696
0.87096
0.8531
0.9247
0.90782
0.86497
0.86497
0.93756
0.86099
0.90157
0.93541
0.91411
0.97724
0.93541
0.9528
0.9506
1.0093
0.92897
0.92045
0.87498
0.87096
0.97949
0.84528
0.90991
0.9247
0.87498
0.90157
0.9594
0.90991
1.1246
1.0423
0.92683
0.98628
0.91622
0.95719
0.91622
0.93111
0.97275
0.90782
0.93111
0.93541
0.9247
0.91622
0.93972
0.93972
0.93111
0.89743
0.92897
0.86298
0.99312
0.91833
0.91201
0.98175
0.98175
0.90782
0.88308
0.88716
0.89125
0.83753
0.93756
0.90991
0.89125
0.96605
0.87297
0.98628
0.90991
0.99312
1.1535
0.96605
1.2162
0.86896
0.90573
0.93972
0.92045
0.9247
0.87902
0.97275
0.96828
0.89536
0.85507
0.95499
0.96383
0.96161
0.93541
0.99312
0.9594
0.93111
0.91833
0.92897
0.94406
0.98855
0.91833
0.87096
0.96828
0.88105
0.90991
0.91622
0.91201
0.93325
0.97499
0.9506
0.97275
0.86298
0.88716
0.94624
0.90573
0.92045
0.85704
0.97275
0.85901
0.89331
0.89536
0.89743
0.89536
0.8892
0.90782
0.9247
0.93111
0.92897
0.97275
0.89743
0.90573
0.90365
0.87297
1.0691
0.90991
1.094
1.3709
1.2078
2.133
1.1885
1.0351
0.94624
0.86696
2.2387
0.90573
1
0.9247
0.90365
0.93111
0.90365
0.85704
0.96383
1.028
1.1092
0.9977
0.94189
1.7824
1.3709
2.5823
0.96383
0.95719
0.91622
0.9528
0.86298
0.93325
0.94842
0.94842
0.93541
0.87096
0.85704
0.88308
0.89743
0.87297
1.0641
0.93541
0.93756
0.91411
0.88308
0.85901
0.87902
0.85507
0.8892
0.9247
0.93541
0.91833
0.93541
0.84528
0.91622
0.85507
0.8531
0.86696
0.86497
0.90573
0.90573
0.94624
0.9506
0.90365
0.85507
0.91201
0.97051
0.93111
0.85704
0.84918
0.91411
1.0116
0.92257
0.9247
0.88512
0.9594
0.90573
0.89536
1.0375
0.94842
1.0069
1.2647
1.1858
1.3996
1.0257
0.90157
0.91622
1.7022
0.86298
0.98175
0.89125
0.99541
0.92897
0.91411
0.93756
0.97275
1.0399
0.88105
0.88512
0.89536
0.91201
0.8892
0.9247
0.88105
0.94406
0.93111
0.92257
0.90573
0.88716
0.96161
0.99083
0.94842
0.90991
0.87498
0.9247
0.8531
0.8531
0.84723
0.97724
0.98401
0.89536
0.89331
0.96383
0.92257
0.87096
0.89743
0.9506
0.91411
0.92045
0.85114
0.86696
0.9528
1.0328
0.88716
0.85901
0.90782
0.98628
1.2246
0.8995
0.91201
0.91833
0.9977
0.88716
0.85507
0.85704
0.82604
0.9977
0.88716
0.93756
0.8995
0.88512
0.88105
0.88716
0.92045
0.96605
0.91833
0.92897
0.90782
0.90157
0.93756
0.84333
0.90573
0.9594
0.8892
1.4256
0.96828
1.4223
1.2853
0.8892
0.8995
0.93541
0.89536
0.85507
0.89125
0.84528
0.8147
0.8356
0.91833
0.87902
0.90782
0.90991
0.93541
0.8414
0.8892
0.92683
0.90573
0.8531
0.85901
0.87498
0.87902
0.83368
0.84723
0.90365
0.94406
0.877
0.88716
0.82035
0.84918
0.85901
0.86298
0.89536
0.97275
0.82794
0.85114
0.90365
0.91622
0.91833
0.86696
0.86696
0.86298
0.88308
1
0.83946
0.9247
0.90365
0.87498
0.86099
0.9528
0.86099
0.86497
0.877
0.91201
1.0375
0.84723
0.877
0.94189
0.90365
0.8414
0.8356
0.90782
0.90157
0.83176
0.90991
1.0965
0.82985
0.88308
0.93972
0.85704
0.88716
0.94842
0.85704
0.86497
0.89536
0.92683
0.89125
0.86696
0.87902
0.91201
0.87096
0.97949
0.8356
0.88308
0.85704
0.97051
0.86099
0.86298
1.135
1.219
0.88105
0.8531
0.84723
0.8414
0.86497
0.84333
0.94189
0.87096
0.97499
0.90573
0.90157
0.89331
0.85507
0.85901
0.87096
1.0186
0.8995
0.9977
0.90782
0.89331
0.84918
0.88512
0.92257
0.87297
0.87096
0.9594
0.93325
0.93325
0.87297
0.88512
0.88308
0.92897
0.88716
0.84918
0.92045
0.89536
0.93541
0.88716
0.90157
0.98628
0.92897
0.97051
1.2331
0.9594
0.85507
0.88105
1.4421
0.91622
0.8531
0.90573
0.91833
0.90782
0.84723
0.93325
0.93325
1.1092
0.85507
0.92897
0.86099
0.89743
0.87096
0.87902
0.8995
0.877
0.8995
0.98401
0.86896
0.88308
0.90991
0.90365
0.88308
0.91201
0.90157
0.92257
1.5031
1.1376
0.90991
1.2388
0.90782
0.88512
0.9528
0.85507
0.97499
0.85114
0.88308
1.1015
0.96828
1.2445
1.1668
1.0046
1.0715
0.9506
0.90157
1.3213
1.1668
1.2618
1.1722
0.88716
2.2699
1.1641
1.256
1.0715
0.98628
1.2445
0.88512
1.0568
0.84333
0.89125
0.82604
1.3122
0.97275
0.88308
0.97724
0.90365
0.86298
0.89536
0.88512
0.88308
0.86696
0.90365
0.88105
0.91622
0.83368
0.91622
0.86497
0.87498
0.90365
0.92683
0.99541
0.89536
1.0257
0.8414
0.84333
0.98401
0.90157
0.87096
0.89743
0.84333
1.0304
0.86696
0.86298
0.88512
0.92683
0.8531
0.85507
0.83753
0.85507
1.0023
0.91833
1.0093
0.88716
0.84723
0.94189
0.89125
0.88308
0.8414
0.89536
0.85901
0.89743
0.91622
1.0116
0.87498
0.85507
0.86696
0.89125
0.86298
0.87902
0.93541
0.90573
0.8995
0.86896
0.88512
0.85901
0.88105
0.87902
0.86099
0.89743
0.877
0.86896
0.84528
0.89331
0.92045
0.9594
0.94189
0.93111
0.84918
0.90365
0.8147
0.82794
0.85114
0.88308
0.8531
1.1066
0.8892
0.89331
0.84918
0.84333
0.92257
0.84528
0.8531
0.96161
0.877
0.97949
1.0186
0.90573
0.87498
0.86497
0.88105
0.89536
0.87498
0.91622
1.2359
0.84333
0.86497
0.94189
0.83368
0.86696
0.85901
0.82035
0.83368
1.0304
1.0139
0.88105
0.877
0.89536
0.83368
0.83368
0.99312
0.88105
0.86298
1.4622
0.83753
0.83946
0.91833
0.89536
0.81658
0.91201
0.9247
0.89536
0.91411
0.91622
0.93756
0.9594
0.85901
0.97949
0.85507
0.87096
0.96605
0.87297
0.9528
0.8356
0.88105
0.86896
0.8414
0.877
0.89125
0.99541
0.97051
0.9977
0.95719
0.8995
0.82604
0.92045
0.81846
0.86099
0.86696
0.87498
0.94842
1.2912
0.9506
1.2417
0.84918
0.85507
0.95719
0.89125
0.83753
0.93325
0.90782
0.97949
0.87902
0.8892
0.91622
0.88512
0.87297
0.90157
0.97724
0.84723
0.83176
1.2106
1.1402
0.93325
1.1535
0.99083
1.0162
0.9594
1.0328
1.0617
1.3002
1.4158
1.3183
0.88308
0.98855
1.0209
0.8995
0.9594
1.028
0.96161
0.93972
0.99541
0.86099
0.84918
0.94406
0.90365
0.88716
0.88512
0.87297
0.9594
1.0209
0.94189
0.85704
0.88512
1.0544
0.83753
0.80538
1.0914
1.3335
1.1169
1.2134
1.6293
1.0162
1.2078
1.0423
1.0691
1.0839
1.0789
1.2589
0.99541
0.93972
0.96828
0.88105
0.85114
0.9977
0.93541
0.92897
0.85507
0.8356
0.93541
1.052
0.84918
0.94189
0.84333
0.83176
0.93756
0.86696
0.90157
0.91833
0.87297
0.94406
0.92045
1.0789
1.0093
0.94842
0.90157
0.88716
0.8414
0.8531
0.90573
0.8995
0.88512
0.88512
0.86298
0.80538
0.85704
1.0069
0.91201
1.2417
0.90782
0.84723
0.89125
0.99312
0.87297
0.87498
0.86696
0.84528
0.9506
0.83176
1.0186
0.86896
0.92897
0.95719
0.89331
0.89125
0.88105
0.93325
0.94189
0.96605
0.97724
0.8892
0.8531
0.85704
0.86099
0.83176
0.92045
0.93756
0.82414
0.89743
0.94189
0.86896
0.93972
0.86696
0.89125
0.92257
0.81846
0.88105
0.97051
0.89331
1.0495
0.91833
0.90573
0.81846
0.8892
0.90991
0.89536
0.87498
0.91833
1.028
1.0789
1.0375
0.87096
0.89536
0.88716
0.90573
0.86696
0.90573
0.92897
0.97949
1.0399
0.89743
0.8356
0.91622
1.9588
1.5136
1.0093
1.9364
1.3868
1.5382
1.4962
1.6181
0.93756
0.96383
0.91622
0.99312
0.97275
0.92683
0.86696
0.8995
0.9594
1.0617
1.5849
1.0691
1.183
0.95499
1.2912
0.88308
0.90782
0.86497
0.90782
1.0304
0.97499
0.86696
0.95499
0.85114
0.97499
0.89125
1.0186
0.91833
0.8892
0.91201
0.86298
1.0617
1.1722
0.98401
1.0375
0.96828
0.88105
0.85507
0.93541
0.88716
0.89125
0.91833
0.88512
0.85901
0.8892
0.81658
0.89743
0.82604
0.94406
0.86896
0.90782
0.85114
1
0.9977
0.86099
0.89536
0.91201
0.92045
0.90573
1.0209
0.91411
1.135
0.90573
0.8995
0.90782
0.88308
0.87902
0.93325
0.88512
0.97051
0.83946
0.91411
0.96828
0.92897
0.88105
0.90573
0.85114
0.97949
0.8414
0.8892
0.86099
0.92897
0.84918
0.9506
0.94406
0.88308
0.86696
0.84723
0.83946
1.0471
1.8493
0.96605
0.98401
0.8892
0.96828
0.85507
0.86497
0.89536
0.88716
1.0093
0.96383
0.91201
0.93111
0.90157
0.93972
0.93756
0.8531
0.87297
0.94189
0.85507
0.89125
0.85704
0.9247
1.0471
1.0023
1.0715
0.92897
1.0093
0.9977
0.84723
0.86099
0.99083
0.81658
1
0.87902
0.8995
0.91622
0.96383
1.1967
1.2474
0.96605
0.87902
0.89743
0.90991
0.90991
0.89536
0.97949
0.93972
0.87297
0.93756
0.97051
0.86896
1.0471
0.93111
1.205
1.3646
0.94406
0.91411
1.0495
0.91201
1.2972
0.96161
1.0399
2.2387
1.714
0.87498
0.90573
1.0495
0.91411
0.86298
0.90157
1.5031
0.86497
0.93756
0.86298
1.2246
1.0568
0.98401
0.88105
1.2912
1.0471
1.0423
1.1482
1.194
0.9506
0.85507
1.0093
1.0233
1.0914
1.0116
1.0233
1.0914
1.0093
1.4928
1.4588
1.0257
0.87902
0.93972
0.91622
0.89125
0.877
0.88105
0.93972
0.92045
0.91411
0.9506
0.89125
0.89743
0.90157
0.86099
0.93111
0.92045
0.95719
0.88105
1.1117
1.5631
1.6406
1.2531
1.2972
2.3988
1.3521
0.93756
1.2942
1.1482
0.90991
1.5524
0.91833
0.85507
0.94624
0.98401
0.91201
0.91201
0.9594
0.9528
0.97724
1.1402
1.0789
1.1482
1.3459
1.6032
0.877
0.89743
0.88105
1.0116
0.90573
0.91201
0.86896
0.8892
0.90365
0.8995
0.93325
0.91833
0.88512
0.97724
0.90157
0.8531
0.85507
0.85704
1.1092
0.88308
0.95499
0.86896
0.99083
0.90782
0.84918
0.8414
0.91201
1.0233
0.94189
0.87297
0.94189
0.89536
0.95499
0.94624
0.97499
0.97949
1.0139
1.0889
1.0257
0.93325
1.3614
0.9977
1.5849
0.89743
0.87902
0.86896
0.96161
1.1272
0.9528
0.97499
1.1272
1.3646
0.91411
0.9247
0.89536
0.92257
0.97051
0.93325
0.91833
0.89331
0.94842
0.89536
0.91833
0.93541
1.0617
0.87498
0.92683
0.97275
0.88308
0.96161
1.0965
0.85507
0.9594
0.9528
0.92897
0.96828
0.89331
0.91201
0.91833
0.96828
0.91201
0.86497
0.90573
0.86896
0.86896
0.98175
0.89743
0.89331
0.84723
1.0233
0.9247
0.93541
0.89536
0.89743
0.96383
0.8995
0.90573
0.85114
0.94842
0.90573
0.8356
1.1376
0.90573
0.91411
0.87902
0.96828
0.84333
0.92683
0.9594
0.87297
0.9247
0.88512
0.88512
0.87498
0.87096
0.86298
0.95499
0.95719
1.0447
1.1402
0.8892
0.86497
0.89331
0.96161
0.91411
0.82794
1.0814
0.94189
0.91201
0.91833
0.94189
0.89536
0.8414
0.93325
0.89743
0.90991
1.0641
1.803
1.0864
1.2735
0.877
0.90157
1.0471
0.92897
0.86298
1.6032
1.0209
1.7824
0.87297
0.9528
0.89125
0.88716
0.84333
0.93111
0.88308
0.94189
0.92257
0.92257
0.93325
1.0814
0.9247
0.85507
0.85704
0.9247
0.9247
0.97051
0.90991
0.92257
0.90573
0.91201
0.86696
0.9594
0.88105
0.90573
0.88716
0.96383
0.94189
0.88308
0.8531
0.86497
0.96161
0.96828
0.93541
1.219
0.93541
0.97949
1.714
0.93325
0.95499
0.91833
0.94624
0.85507
1.0116
0.89125
0.93325
0.82224
0.89125
0.90991
0.91622
0.95499
0.92897
1.0186
0.93972
0.96161
1.0116
0.88716
0.91833
0.98401
0.88308
0.93972
0.88716
0.90157
0.92045
0.97949
0.97051
1.0375
0.97275
0.92045
0.92045
0.95499
1.3062
1.1376
0.89536
1.0965
0.98855
0.85507
0.87096
0.9977
1.2417
0.86696
0.95499
0.93541
1.1246
1.0641
1.2735
1.1668
1.1015
1.1298
1.8793
0.94842
1.7539
1.1588
0.88105
0.89125
0.90991
1.4689
1.7298
1.4388
0.96605
0.8995
0.85901
0.90157
0.94189
0.82224
0.88512
0.90365
0.87498
0.83946
0.88308
0.877
0.8995
1.4928
0.97949
0.96383
1.0328
0.93541
2.4774
1.0666
0.98175
1.0568
1.0617
0.9977
1.9588
1.3152
1.1803
2.8774
6.9024
13.9
13.459
2.729
1.0568
19.999
21.979
20.893
16.711
16.181
18.03
15.382
15.382
14.825
17.66
15.382
17.579
18.967
18.197
18.03
9.6828
9.8401
11.561
8.6896
13.002
12.445
9.2257
13.552
13.122
12.735
14.355
16.672
1.7989
6.8077
3.2137
16.181
14.093
18.113
18.365
18.113
0.89536
4.9659
14.894
14.454
15.596
17.989
17.701
16.331
16.482
5.8749
8.77
4.1115
2.8708
8.892
12.388
13.305
17.1
18.03
16.331
0.97499
13.677
12.794
10.715
4.5604
3.2885
10.568
11.376
1.0257
1.0399
12.134
15.346
13.74
16.032
16.558
16.749
15.066
13.397
3.6058
14.521
16.558
17.458
14.355
0.88308
1.8664
3.0832
1.4723
6.4863
5.1761
13.709
14.962
13.646
18.707
15.704
19.275
21.827
13.709
8.9743
4.7643
5.0582
1.4028
1.1885
1.0423
1.1535
0.9594
3.8815
1.374
1.714
9.3325
10.375
14.158
16.749
20.464
16.482
17.906
10.99
12.677
19.011
21.677
14.928
14.894
18.155
1.1117
0.93756
0.90573
0.96161
1.9143
1.8793
12.023
13.521
14.454
18.197
16.711
16.331
20.512
18.197
18.03
15.382
17.14
18.793
15.276
13.032
1.0641
0.94189
0.86696
1.4825
14.791
8.6497
12.972
13.335
15.668
12.823
35.318
15.996
15.631
1.3964
1.0162
4.5394
7.5858
13.996
7.0307
14.791
16.218
19.588
15.631
17.338
12.794
1.4588
0.97051
2.6485
9.9312
1.7061
2.5645
9.1833
10.304
12.56
13.677
15.959
16.293
15.631
17.498
6.8234
6.9663
12.882
10.74
9.2897
14.588
16.866
17.579
15.417
15.922
21.086
15.668
2.6002
9.1411
2.4491
1.2474
1.0839
12.303
11.402
12.794
11.561
10.789
14.689
18.578
14.894
16.904
16.982
0.88512
1.0186
1.0257
1.0423
1.099
0.93972
0.94624
0.93756
0.98855
0.92257
0.91833
0.90157
0.9977
1.5066
1.0257
2.1727
0.94406
7.2778
1.6866
1.2474
1.4158
1.4322
2.8576
1.256
2.3281
8.2414
2.8907
9.0991
13.932
8.5114
16.982
12.823
1.219
1.0023
1.7378
7.379
14.191
15.136
18.621
15.631
16.711
15.453
14.962
19.055
5.6494
1.0233
0.94624
1.0023
13.583
13.274
14.256
18.535
17.061
16.293
15.812
15.488
18.535
15.031
6.2951
1.9679
1.5346
5.445
8.2224
11.35
13.213
16.106
18.365
10.94
14.454
17.418
15.488
4.2462
15.205
16.904
8.531
14.555
15.382
16.444
18.408
13.74
13.772
2.0845
13.772
17.022
16.634
20.091
16.52
15.812
16.827
15.066
16.634
16.672
1.2853
0.97499
0.91411
0.8892
12.445
12.246
14.689
13.366
13.614
14.622
14.655
17.179
14.454
14.521
14.588
14.723
19.099
16.406
15.668
11.749
14.622
2.6424
9.3111
8.0724
15.631
16.711
16.255
16.181
15.74
5.8749
2.1928
1.1561
1.7701
3.5727
1.5596
1.4028
1.6749
10.789
15.631
15.488
14.555
14.997
14.454
16.904
20.091
15.136
1.3677
13.305
6.2661
14.689
13.804
15.631
16.406
15.031
9.977
6.5163
13.9
14.859
16.904
17.298
16.444
15.382
17.865
15.453
16.069
17.378
12.023
16.293
15.996
15.56
21.827
18.535
16.827
16.711
15.066
15.812
15.668
17.742
16.069
17.579
18.155
18.75
16.558
18.707
14.689
