16.866
19.77
22.542
20.989
15.56
23.55
15.922
19.498
16.827
8.9743
22.233
20.045
19.32
21.777
6.223
4.7098
2.5061
19.77
9.9312
17.219
13.9
7.1945
2.9309
3.9446
10.814
2.704
4.5082
6.0814
3.9084
2.8907
4.14
4.8306
3.5892
2.3659
4.121
3.4594
4.3451
2.8314
2.6669
2.7353
3.6728
10.593
24.604
7.8163
16.106
23.823
16.866
16.069
25.704
19.498
20.417
2.9717
16.181
19.724
10.093
21.478
21.777
2.2961
15.668
22.182
23.496
3.7931
15.56
4.2954
14.355
1.9409
1.7418
15.241
22.336
18.03
20.941
9.7275
23.988
20.559
14.894
4.2855
10.965
21.135
21.184
26.669
11.668
3.8282
4.6238
5.358
2.9242
3.6898
3.4674
3.3884
3.5563
20.941
26.122
24.491
11.455
24.774
3.0974
2.3442
4.8195
3.9902
4.7315
7.4989
2.5645
15.346
21.184
26.303
26.182
23.121
19.099
27.606
24.66
14.093
26.792
8.4528
2.4322
2.9854
3.2961
2.4044
23.174
22.961
20.701
22.646
21.928
22.131
14.454
15.171
24.66
22.594
3.6392
3.5481
3.0479
3.8726
1.6069
3.4754
18.707
21.135
23.878
2.5468
3.4594
22.131
21.429
18.197
17.1
26.73
19.907
4.592
2.0091
2.6977
19.588
16.866
19.099
22.803
19.815
2.7542
16.52
17.783
18.664
6.8549
22.284
21.627
27.04
4.2756
26.424
11.066
22.336
19.543
22.182
2.6915
15.101
25.41
2.355
27.733
8.8105
19.364
2.8774
14.588
2.0512
4.6026
19.187
21.478
3.1477
21.184
22.594
24.491
21.232
2.6242
2.0559
17.1
1.4962
4.0551
13.677
26.122
21.281
24.378
15.346
25.527
11.015
11.376
20.749
26.73
27.669
25.527
20.749
2.9107
4.1495
10.471
21.727
20.23
8.9536
25.119
10.093
1.9275
1.8621
2.3281
7.9068
25.41
21.33
18.072
4.6666
4.0365
3.1117
2.8445
20.417
26.853
4.9774
19.999
15.74
26.424
21.135
4.2756
7.3621
28.907
2.7669
2.3496
2.799
2.3335
2.2131
7.2611
4.2364
3.6475
2.3714
2.4774
3.3884
1.8493
7.3621
19.498
23.988
18.45
14.125
23.605
20.184
26.853
10.839
20.184
2.8445
13.305
11.298
23.335
18.45
20.845
5.6494
2.0797
3.4914
16.711
22.646
17.418
20.37
27.227
25.763
14.521
22.751
24.717
2.0184
2.6853
18.408
23.121
18.197
15.922
22.909
1.8113
27.733
4.102
21.827
8.2985
10.814
18.197
25.942
19.498
27.353
18.535
17.62
2.3933
9.8175
23.988
25.527
15.74
24.322
13.996
2.8907
2.2182
2.023
1.6144
5.1523
8.2604
1.652
3.6058
2.2439
2.2182
2.7797
2.2284
2.5468
11.117
26.607
23.496
2.8774
20.893
25.645
15.704
26.424
11.749
5.224
20.324
26.424
31.046
16.749
22.594
2.421
10.093
26.363
18.707
15.596
2.3388
1.875
2.7353
1.5849
3.3729
1.4421
1.9011
7.3282
21.135
1.9907
2.6915
2.958
2.1677
2.1281
11.298
12.359
3.7068
4.4875
36.813
19.724
25.061
15.276
27.102
2.0845
2.4434
1.8923
2.9854
12.677
3.1989
24.946
13.552
17.418
23.768
23.933
9.4189
6.9663
2.9107
3.5727
5.2723
31.189
29.107
29.444
29.648
20.701
23.714
32.137
23.014
22.439
10.304
23.605
3.3884
5.9293
4.5709
1.8408
4.529
2.3878
1.6032
2.0045
7.4131
29.04
26.363
34.995
26.242
14.928
2.1135
20.559
19.999
30.69
13.428
10.617
2.0417
8.995
27.542
9.4624
22.909
20.045
18.621
17.458
17.179
8.995
23.605
18.113
2.3067
3.3651
5.8884
2.5235
2.5293
2.2856
1.652
1.2972
2.6062
3.6392
1.5171
3.1915
2.6182
20.654
32.734
23.067
20.893
9.1622
18.967
14.997
13.243
22.856
7.1121
1.7824
24.099
15.171
5.5081
2.4322
2.8708
4.0551
3.5892
4.3053
3.281
1.6293
3.0974
7.9433
2.0893
1.4825
1.4928
11.614
10.99
23.442
21.184
18.408
13.583
25.061
15.453
24.434
25.061
2.1727
9.2257
2.6363
4.6345
3.5481
4.8753
14.997
21.577
21.232
17.701
23.714
25.351
26.669
29.648
3.2885
19.32
17.66
19.953
22.387
22.284
26.853
26.485
25.351
12.474
2.1577
2.6669
3.5156
17.258
17.579
1.3677
3.7584
3.0409
2.5704
1.7783
1.4689
1.5704
1.7298
2.1232
32.584
25.119
22.491
23.014
3.2434
4.9545
14.859
21.086
20.277
20.137
16.943
3.1842
1.8113
23.335
28.184
24.266
32.659
25.003
2.3227
2.4322
19.815
3.3884
2.8576
1.766
3.0549
2.8314
3.069
3.8905
3.3651
2.9648
2.4155
14.388
18.621
1.6069
2.0989
1.7989
2.0654
0.97051
2.2751
3.02
2.5882
10.399
3.4277
3.9355
21.038
24.099
27.164
17.378
7.4989
30.339
8.3368
20.845
21.979
22.387
20.797
22.233
17.179
19.055
8.2985
7.7804
18.75
22.336
17.258
22.961
17.865
22.284
2.2751
2.9376
19.953
14.962
24.889
18.664
22.803
6.9823
21.777
17.298
2.2439
2.0797
1.9275
2.5177
2.8576
12.218
5.1286
5.358
3.062
1.7947
1.3213
19.099
18.88
18.836
12.972
31.696
24.378
8.3753
16.827
18.197
20.37
8.531
3.155
2.3227
5.0466
2.7925
10.471
21.086
22.336
19.055
9.528
22.803
24.378
22.751
2.1979
3.7584
2.0277
17.219
21.827
3.5156
2.0277
2.6182
10.593
23.174
21.878
4.1591
25.119
27.606
3.1477
1.4454
6.0534
2.7606
10.765
1.7378
1.4723
8.892
13.152
21.281
26.669
8.7096
18.836
28.379
26.73
26.242
38.282
32.359
18.239
21.281
2.7925
3.7154
7.2444
22.131
24.946
2.8249
2.133
2.3768
2.9785
13.804
15.704
22.233
20.23
5.821
1.7418
1.4588
2.0512
12.618
16.982
17.378
24.322
23.605
28.119
14.521
20.654
2.2542
3.9628
1.9409
2.7925
18.967
24.66
8.1658
15.488
22.594
11.695
1.4158
2.9923
2.355
2.0091
1.8493
2.799
1.3964
12.942
25.293
11.482
11.22
1.4223
2.2803
2.0606
3.4356
2.6303
2.3227
2.3714
2.6363
1.8664
2.1928
6.2661
2.5527
1.1169
1.7865
1.714
1.8323
2.3659
2.3121
1.6904
2.7606
1.9409
1.7989
1.9143
2.8445
2.1627
1.9724
2.0417
1.6558
17.258
23.933
26.853
27.29
21.429
23.768
9.5499
2.8642
2.3388
3.2509
1.8113
3.3343
1.7418
2.2542
1.5311
2.1928
2.2387
1.0666
2.0512
1.6711
2.7102
2.673
1.4521
2.3281
23.014
17.498
16.827
25.003
23.55
22.803
22.387
18.45
18.793
14.191
23.388
24.66
3.342
6.5013
10.186
11.482
16.749
26.915
28.119
23.121
13.868
25.41
17.865
2.2803
2.3174
2.355
2.7102
1.8281
2.1979
2.5235
1.5311
3.7411
1.6711
3.3963
2.3823
2.8054
2.1827
2.5061
2.2751
2.4434
1.7061
2.9107
2.8576
1.9055
2.2594
2.208
1.7378
1.7539
1.7906
2.6485
3.5237
2.1627
1.7022
1.932
1.714
1.7947
1.7298
1.3677
1.7783
1.8365
2.7164
3.2434
2.355
2.2699
2.2542
2.1429
2.0277
1.3397
2.3281
2.2131
1.9953
1.6904
2.5763
1.6181
3.1696
1.7906
2.1429
1.9099
2.208
1.6749
1.9055
1.9907
2.4774
3.1477
1.7701
2.2029
2.1777
1.2618
2.5645
2.0324
1.8072
2.2542
1.3152
2.4547
1.9187
2.0137
2.6242
2.1928
2.8774
1.7824
3.0903
2.0989
2.0654
1.4256
1.4488
1.6788
1.7989
2.9242
1.7865
8.0168
15.668
35.563
16.827
21.827
27.797
11.561
15.74
30.13
23.442
29.242
23.714
18.239
21.429
2.4266
23.768
26.182
13.428
15.101
26.73
21.878
21.979
22.594
5.4954
18.155
2.1086
5.6364
2.4155
1.8621
18.197
30.13
23.335
23.823
32.063
27.164
25.119
16.331
25.003
2.7227
10.593
14.962
1.7179
1.0447
1.6943
2.0091
0.98401
1.3062
1.0544
1.4454
2.2029
1.1455
1.6634
1.5996
9.6828
1.4622
0.91833
1.1722
2.6062
2.208
1.762
1.8578
2.3335
2.1577
1.6368
1.0447
1.2618
2.0137
2.0512
2.0045
2.1086
2.2387
1.8967
1.7989
1.6255
1.7378
1.4791
1.4454
1.714
2.3121
1.556
1.9364
2.2961
1.5417
1.2677
1.3122
0.89125
1.6181
1.4588
2.1528
1.5031
1.1324
1.1995
1.4622
1.9588
1.7061
1.3122
2.0091
1.9953
2.9992
1.7298
1.9498
2.2751
1.2823
2.2182
1.5704
1.8793
2.9242
1.3122
1.8707
1.1641
1.3646
1.3521
1.3062
1.4962
1.3032
1.652
1.406
1.6943
1.3996
1.6749
1.4723
1.2823
1.2246
2.0512
1.7219
1.8621
1.9099
1.3677
1.5885
1.9231
1.2794
1.5885
1.4859
1.5631
1.4791
1.5136
2.1727
1.5171
1.2706
1.4928
1.6368
1.574
1.8239
1.3397
1.5066
1.556
1.4454
1.4859
1.7742
1.4388
1.6982
1.6069
3.6141
2.1528
2.0559
2.2233
2.1827
1.4191
1.8707
1.5776
1.3521
1.7865
1.6106
1.6943
1.3183
1.9099
1.6596
2.0417
1.3243
1.6827
1.4125
1.3305
1.9543
1.8323
1.099
1.5346
1.6144
1.6406
1.6293
1.1967
1.8707
1.3932
2.023
1.5241
1.6482
1.574
1.3804
1.4223
2.138
1.2503
1.5922
2.2029
1.5453
1.652
2.2699
1.1041
1.2162
1.2706
1.2589
2.1979
1.7701
1.4388
1.2647
1.4997
1.5031
1.556
1.3677
1.3964
1.6788
1.6904
1.205
1.4223
1.2618
1.2474
1.3183
1.3709
1.4521
1.8836
1.2882
1.4555
1.3002
1.3709
0.9247
1.122
1.6406
0.8995
1.1092
1.3366
1.4689
1.6255
0.96383
1.574
1.1041
1.2647
0.87498
1.0593
1.5136
1.4962
1.1092
0.93325
1.2331
1.0328
1.094
1.4689
1.0023
1.2445
1.4622
1.1776
0.96383
1.135
1.2882
1.0641
1.0814
1.1298
1.7783
1.2942
1.2246
1.4125
0.99312
1.2445
1.0304
1.1324
1.4588
1.3772
1.8408
1.2246
0.86298
1.0715
1.2246
1.1402
1.3709
1.5996
1.074
1.0375
1.39
1.2078
0.92897
1.349
1.5596
1.1402
0.7709
1.0116
0.97051
0.92045
1.1912
1.4689
1.0447
1.1614
0.8091
0.91201
0.89125
0.89536
1.0023
0.74645
0.92683
1.2417
2.0184
1.7579
1.1858
0.91411
1.3868
1.0139
1.0257
1.1912
1.6069
1.8408
1.4997
1.1041
1.0864
1.3335
1.2647
1.7258
1.2794
1.3397
1.4555
1.0889
1.3183
0.7379
0.64121
0.65766
0.75509
0.67764
0.66834
0.6792
0.77268
0.69343
0.75336
0.71614
0.65313
0.66834
0.70307
0.69343
0.64863
0.68865
0.70958
0.68549
0.66374
0.68234
0.67143
0.68234
0.70632
0.65464
0.65313
0.64417
0.64269
0.67764
0.68549
0.63241
0.67298
0.65313
0.66222
0.64565
0.65464
0.66527
0.65766
1.374
0.97275
1.1885
0.80724
1.135
0.87297
0.77804
0.75336
1.0495
2.7416
0.67764
0.69183
0.64121
0.68865
0.67298
0.65464
0.66834
0.66527
0.63241
0.67453
0.64714
0.65615
0.69183
0.68077
0.6368
0.66222
0.66988
0.63096
0.65766
0.69663
0.63973
0.7145
0.64121
0.65464
0.67143
0.65313
0.77983
0.73961
0.70469
0.65917
0.64565
0.71121
0.69823
0.71945
0.66988
0.68549
0.65313
0.70469
0.65917
0.71614
0.74473
0.66527
0.69502
0.71779
0.7145
0.64417
0.70307
0.66681
0.68234
0.67143
0.64417
0.72111
0.69343
0.66069
0.68549
0.69502
0.63826
0.6368
1.2531
2.0941
0.80353
0.8892
1.0186
1.1092
1.5031
1.2853
0.73451
0.67764
0.67143
0.65615
0.70469
0.70307
0.69343
0.66374
0.7145
0.65766
0.69502
0.69183
0.69823
0.80168
0.69984
0.70632
0.69984
0.67143
0.65313
0.65464
0.65615
0.69663
0.70795
0.69984
0.63241
0.71779
0.68234
0.65013
0.66527
0.66222
0.66374
0.72111
0.69183
0.69502
0.72611
0.66988
0.71285
0.69024
0.65313
0.67608
0.64269
0.65464
0.66834
0.65464
0.84333
1.2106
1.0023
2.1086
0.72444
0.63096
0.66069
0.65917
0.7145
0.69343
0.72277
0.81846
0.78886
0.72778
0.72946
1.0965
0.8995
4.9317
15.276
16.982
30.832
33.266
32.359
24.044
21.232
29.648
1.3122
1.194
1.8535
1.5382
0.88512
2.7479
2.5003
2.037
22.029
15.704
26.977
1.0495
26.546
30.269
24.044
31.623
29.854
21.135
24.717
20.606
30.409
23.014
21.33
19.588
30.13
21.777
6.6374
34.995
6.4417
19.634
22.803
25.527
5.5976
28.774
32.434
24.266
0.84918
2.704
1.1376
1.6943
29.992
20.845
18.836
28.642
7.7268
7.925
21.478
11.776
1.374
1.5704
2.3768
2.1878
10.233
1.1588
17.14
0.70469
10.328
27.353
24.66
23.121
0.81096
1.0691
6.1094
0.76384
0.70307
0.78343
1.2912
0.79983
0.77446
0.82604
0.71285
0.82414
0.71945
0.66988
1.3868
6.5163
24.604
0.86497
1.1641
0.81658
0.70958
1.0839
0.97051
2.3335
2.133
1.9953
0.99083
12.942
0.69024
0.70146
0.72946
0.76384
0.68865
0.71945
0.69502
0.83753
0.76913
0.69984
0.70146
0.69502
0.65013
0.7709
0.6223
0.69984
0.75162
0.6792
0.70146
0.64121
0.66988
0.73961
0.69343
0.72277
0.67764
0.6792
0.63826
0.69183
0.71614
0.76033
0.73114
0.70469
0.67453
0.71121
0.66374
0.65163
0.67608
0.70307
0.68865
0.70307
0.69663
0.64714
0.68077
0.74302
0.73282
0.69343
0.66681
0.70632
0.72946
0.66834
0.69343
0.72277
0.7145
0.68865
0.67453
0.63826
0.64714
0.66681
0.69984
0.66222
0.67453
0.69343
0.67298
0.64121
0.70469
0.68707
0.68077
0.73114
0.64417
0.67608
0.64269
0.64863
0.70307
0.75509
0.71285
0.65917
0.74473
0.66374
0.68234
0.68391
0.73621
0.70146
0.65313
0.69663
0.65313
0.71121
0.69343
0.68234
0.63973
0.69502
0.71121
0.70146
0.73114
0.70632
0.6792
0.67453
0.74989
0.72778
0.7656
0.67298
0.73114
0.72277
0.68077
0.73621
0.74645
0.70469
0.65464
0.68077
0.69984
0.73282
0.65766
0.72111
0.65615
0.66069
0.69823
0.68549
0.69823
0.68077
0.67143
0.64863
0.66988
0.69502
0.69823
0.67298
0.65615
0.69183
0.70958
0.77625
0.67298
0.68865
0.65163
0.72444
0.68549
0.76033
0.74302
0.65464
1.803
1.4894
0.80168
1.219
0.72611
0.70469
0.94842
2.673
0.9506
5.0699
0.86896
1.4655
1.1041
0.94842
1.2764
2.8445
8.9125
0.66527
0.66834
0.65163
0.66222
0.71945
0.66374
0.65464
0.70469
0.69502
0.67608
0.67453
0.7379
0.66681
0.72444
0.70632
0.66069
0.72611
0.7656
0.6792
0.66681
0.67764
0.72946
0.65013
0.68077
0.92045
0.65615
0.69984
0.66834
0.63533
0.71285
0.78163
0.68234
0.68234
0.80724
0.78524
0.65313
0.73961
0.71121
0.67608
0.66988
0.70795
0.70146
0.66374
0.87498
0.69663
0.7379
0.73451
0.70795
0.73114
0.65917
0.65917
0.68391
0.67764
0.73282
0.6792
0.7379
0.68234
0.66988
0.66222
0.69183
0.72946
0.64863
0.70469
0.75683
0.69024
0.66069
0.68077
0.72778
0.67608
0.78343
0.69502
0.71614
0.73282
0.70469
0.71614
0.66222
0.75683
0.64714
0.68707
0.79983
0.68391
0.63826
0.67298
0.64417
0.70146
0.73114
0.74645
0.65163
0.68391
0.68234
0.70146
0.64269
0.69024
0.68707
0.9594
1.7539
0.90365
0.67608
0.83176
1.652
0.8531
0.65163
0.66374
0.71285
0.65013
0.72946
0.72111
0.65013
0.91833
0.70958
0.63826
0.65766
0.66834
0.70469
0.66527
0.77983
1.8155
0.6792
0.69343
0.72277
0.68234
0.69183
0.74817
0.67764
0.66834
0.68234
0.84333
0.82224
0.86896
0.71614
0.97949
0.76384
0.73114
1.2735
1.4093
3.3497
2.2542
0.77268
1.2331
1.2882
1.888
1.0889
1.7742
1.4355
1.6982
0.90573
1.8323
10.568
20.37
14.158
20.893
2.466
0.74645
0.67608
0.69663
0.75683
0.70958
0.76033
0.91411
1.194
0.71945
0.78524
0.67143
0.71945
0.87297
0.92257
1.2794
0.94406
0.90365
0.7656
0.81096
1.2618
1.3868
0.92045
0.79983
0.77446
1.3521
0.93541
1.1614
1.3552
1.2912
1.766
5.8749
17.701
30.761
22.029
17.947
21.184
25.119
2.2491
15.276
23.442
17.1
25.823
21.577
3.2211
8.8308
27.416
5.236
1.7701
1.2972
1.0162
1.256
1.3183
15.668
26.303
27.164
24.21
25.823
14.322
19.543
27.227
24.889
23.988
29.785
23.605
24.099
19.011
23.496
14.028
16.069
16.634
24.66
26.546
13.964
10
29.58
1.1015
1.183
6.9343
1.0617
1.4454
1.4256
1.1246
2.4378
0.65163
0.69663
0.6368
0.72946
0.76736
0.69663
0.76736
0.72111
0.71945
0.8995
0.83946
0.82035
0.96161
1.3335
1.135
1.0093
0.6792
0.72111
0.67608
0.76384
0.65313
0.7145
0.65313
0.69984
0.64121
0.66527
0.67298
0.65313
0.6223
0.70632
0.64121
0.64863
0.65163
0.65313
0.64269
0.63533
0.67298
0.62087
0.66988
0.67764
0.68077
0.65615
0.66834
0.69663
0.68707
0.64121
0.71945
0.69663
0.7145
0.69663
0.68234
0.63387
0.69183
0.65464
0.68707
0.66988
0.64863
0.65013
0.64714
0.64121
0.6368
0.68707
0.82414
0.63533
0.63826
0.72444
0.7145
0.65313
0.71121
0.76736
0.75162
0.65313
0.67143
0.69343
0.68549
0.67608
0.67453
0.68391
0.68865
0.69024
0.65464
0.71121
0.63973
0.75858
0.70469
0.82414
0.65313
0.64565
0.66681
0.67453
0.67143
0.70469
0.62951
0.69823
0.67453
0.62373
0.66069
0.66988
0.66988
0.69183
0.68707
0.64121
0.71121
0.66374
0.69984
0.64714
0.69984
0.70632
0.65917
0.64269
0.64863
0.68234
0.70795
0.69663
0.67608
0.69984
0.73961
0.69183
0.69984
0.65313
0.70469
0.64121
0.67453
0.68234
0.70146
0.7379
1.1695
0.65163
0.65163
0.65766
0.65013
0.70469
0.6792
0.70307
0.64565
0.70958
0.64863
0.65615
0.66834
0.65163
0.66069
0.66069
0.66222
0.62087
0.66069
0.67453
0.63387
0.68077
0.69663
0.78524
1.4093
0.81658
1.3552
0.77625
1
1.1535
1.3305
1.1194
1.0568
0.9528
0.7145
0.73282
0.67143
0.66527
0.68707
0.69984
0.6792
0.7145
0.68865
0.65313
0.73451
0.65766
0.67298
0.68549
0.66988
0.69502
0.63387
0.6792
0.65313
0.68077
0.71121
0.69183
0.66222
0.63387
0.69024
0.73961
0.67453
0.66374
0.73282
0.93325
0.877
0.80538
0.73961
0.89743
0.83368
0.9506
0.82414
1.1695
0.77268
1.3243
0.75858
1.1194
1.1092
1.5922
1.5311
1.074
2.6669
0.68707
0.64269
0.6368
0.72111
0.67143
0.67143
0.66834
0.65917
0.67608
0.64714
0.66834
0.67764
0.67298
0.72277
0.68234
0.67298
0.67764
0.67764
0.67764
0.67143
0.66527
0.66681
0.63533
0.64269
0.66527
0.68707
0.70469
0.66988
0.64863
0.67143
0.68077
0.7379
0.66834
0.85507
0.67453
0.68077
0.66374
0.69663
0.69024
0.63973
0.66681
0.65313
0.64417
0.66988
0.70146
0.65615
0.66222
0.66069
0.69984
0.67608
0.65013
0.68707
0.70307
0.64565
0.67453
0.67453
0.66988
0.65313
0.64565
0.62517
0.63973
0.67298
0.65313
0.69024
0.70146
0.69343
0.63241
0.73114
0.68234
0.69502
0.66527
0.63973
0.67298
0.61944
0.64714
0.68234
0.66527
0.68234
0.68234
0.64121
0.68549
0.68077
0.64121
0.70307
0.69823
0.64269
0.68234
0.70469
0.65464
0.68549
0.70632
0.66834
0.61944
0.66527
0.7709
0.68234
0.72277
0.76736
0.65766
1.0023
0.69343
0.68077
0.65013
0.63387
0.72277
0.69502
0.67143
0.69984
0.63096
0.69343
0.71614
0.63241
0.66988
0.70146
0.65917
0.66527
0.67298
0.70469
0.64863
0.63973
0.63826
0.63533
0.70469
0.70307
0.7145
2.1429
0.86896
1.0093
0.96383
1.1143
1.4689
1.3996
1.0139
1.2912
1.7258
1.3274
1.6069
0.9594
1.6558
1.0814
1.574
1.2246
0.65313
0.68549
0.68077
0.66374
0.63387
0.77625
2.2961
1.3213
0.68234
1.4289
1.3062
1.5885
1.4454
1.2106
1.5885
1.4191
1.4555
2.3335
0.66681
0.6792
0.66374
0.65464
0.67453
0.70632
0.62951
0.63973
0.64863
0.70469
0.63533
0.67764
0.66681
0.68391
0.65917
0.66222
0.64863
0.67298
0.65163
0.63826
0.69183
0.6368
0.64121
0.67608
0.7379
0.74817
0.70632
0.92897
0.88512
0.78163
1.0641
1
1.3836
1.9055
0.71285
0.65917
0.65917
0.66681
0.66988
0.64121
0.65917
0.66069
0.6792
0.67298
0.62517
0.65917
0.61235
0.68865
2.355
0.79799
0.63973
0.67608
0.70469
0.67608
0.71614
0.65917
0.63387
0.64269
0.7709
0.69663
0.69984
0.67453
0.63387
0.96828
0.67608
0.65615
0.67143
0.7145
0.68234
0.76913
0.70307
0.72778
0.67764
0.70632
0.68549
0.65464
0.71945
0.65766
0.69343
0.67608
0.70795
0.6368
0.63096
0.75336
0.71779
0.67764
0.69343
0.7145
0.71614
0.67298
0.79983
0.69024
0.68549
0.69502
0.70307
0.67764
0.6792
0.65163
1.9454
0.68865
0.68865
0.65313
0.63241
0.64269
0.65464
0.68391
0.90157
19.999
14.125
23.605
2.9309
2.6485
1.6368
1.5885
1.7906
1.2303
1.6866
10.423
9.3756
20.184
17.458
23.014
25.586
25.003
0.90365
1.5346
2.6853
20.989
26.062
19.861
15.631
27.606
25.823
17.865
18.281
19.409
18.113
2.0701
3.9628
20.23
2.3659
3.3113
19.454
22.646
18.535
26.485
21.184
17.022
16.218
9.247
20.277
1.5812
3.2885
32.885
13.74
9.2897
0.70958
1.6634
7.9068
1.7061
29.512
16.749
18.072
24.66
23.605
19.32
16.866
14.655
20.184
19.999
12.677
24.547
21.281
24.889
1.4825
21.38
16.904
1.0093
8.4333
16.144
1.3836
18.535
14.191
33.574
20.37
28.907
24.717
22.284
5.3333
2.8184
19.543
19.275
18.664
19.815
20.184
18.323
19.454
16.52
9.0991
3.9902
1.4859
0.96161
0.97051
0.8356
0.82035
0.73114
1.1455
0.83946
0.72778
3.6644
8.77
26.915
22.856
1.406
0.70146
7.4131
0.85901
4.3551
0.81096
15.959
23.878
26.669
27.797
22.131
23.388
14.289
17.947
21.38
23.878
16.331
9.0991
1.888
0.79799
1.5849
5.6234
12.794
1.3062
10.046
1.3274
1.5922
30.761
14.962
0.69024
0.66374
0.67298
0.66834
0.66374
0.69024
0.65163
0.72444
0.66527
0.69024
0.67608
0.63096
0.68077
0.64121
0.66374
0.68707
0.69183
0.66222
0.66988
0.63826
0.65313
0.67453
0.65163
0.73961
0.77268
0.74817
0.63826
0.67143
0.65766
0.68391
0.66069
0.71779
0.66681
0.76384
0.70146
0.68707
0.67453
0.70307
1.6255
1.0399
1.3996
1.3428
1.1015
1.374
1.122
0.9528
1.1803
0.93972
0.96828
2.9444
0.64417
0.67143
0.66834
0.75683
0.63826
0.66988
0.65013
0.63387
0.66681
0.64863
0.68391
0.70469
0.64417
0.65313
0.62661
0.65163
0.72444
0.66222
0.64269
0.66834
0.63973
0.66527
0.67298
0.69502
0.65163
0.66834
0.7145
0.64417
0.64121
0.67453
0.63826
0.6792
0.6368
0.65163
0.67298
0.64714
0.72444
0.65917
0.71779
0.63533
0.64565
0.64269
0.66374
0.69502
0.66681
0.68077
0.66681
0.66681
0.68077
0.66681
0.65313
0.65464
0.69984
0.69024
0.67764
0.68077
0.66834
0.66988
0.83946
0.69984
0.69984
0.78163
1.0965
1.1858
0.75336
0.76913
1.2972
0.76208
0.83753
0.88512
2.2751
16.144
0.66222
0.66222
0.67608
0.69024
0.66069
0.66527
0.62661
0.64863
0.66681
0.65917
0.66988
0.65163
1.0864
0.65615
0.65013
0.68391
0.63826
0.65615
0.65917
0.65615
0.6792
0.66681
0.64269
0.67764
0.65766
0.63826
0.63533
0.64565
0.66527
1.183
0.69024
0.65766
0.62951
0.66988
0.64121
0.67764
0.67298
0.65313
0.71285
0.65464
0.70307
0.63973
0.63826
0.68865
0.65313
0.65615
0.66681
0.66988
0.64863
0.66834
0.65013
0.62661
0.64121
0.69024
0.67453
0.66527
0.66527
0.64863
0.66374
0.65464
0.65013
0.66069
0.66222
0.65615
0.64121
0.66374
0.66834
0.63826
0.69984
0.65464
2.9992
28.184
34.119
22.856
22.646
24.717
22.233
26.062
29.242
23.442
26.303
27.416
23.605
19.861
20.417
9.6383
17.378
32.211
20.941
16.866
23.281
15.776
16.069
40.179
24.322
1.052
10.765
1.3804
13.552
11.614
16.482
7.9799
9.8628
1.1143
1.0304
3.1696
0.70632
0.7379
12.023
35.481
4.5394
14.825
19.543
15.346
15.488
15.959
9.247
16.032
11.94
0.66988
0.69663
1.9588
1.3122
5.4828
0.65615
1.888
0.85114
3.6141
9.8401
17.022
25.061
17.219
0.91833
6.5917
21.627
27.29
15.241
21.232
21.038
20.324
18.707
12.359
8.0353
1.3459
10.52
4.2267
4.9774
7.4302
32.81
25.645
26.669
17.498
20.091
20.654
1.9187
3.8282
1.6904
12.56
0.85114
2.0893
0.83753
4.2267
2.5704
1.5346
1.1169
1.1298
1.1015
0.93111
1.0351
0.9247
1.3397
2.673
0.86497
0.7925
0.78343
1.1535
1.7061
1.2764
1.766
26.607
22.182
19.32
20.606
16.331
13.772
1.0889
14.191
19.861
17.378
16.444
25.704
20.277
21.33
21.878
17.258
17.378
26.853
32.584
29.992
22.182
4.1495
3.6308
0.9247
1.9409
37.584
15.276
19.364
20.797
13.804
21.232
17.418
28.379
2.9376
1.3964
0.65163
7.5336
13.032
21.777
5.4576
20.045
21.232
26.546
20.989
22.387
2.3988
0.83176
1.0965
1.4421
1.39
3.2434
1.1194
1.845
33.651
24.266
19.275
33.189
22.646
24.547
17.62
16.218
16.711
18.535
0.80538
4.5082
18.03
22.751
15.276
17.1
20.941
19.634
0.79433
1.3305
2.1429
10.186
0.71945
0.75336
0.74131
0.74473
0.65766
0.66681
0.66222
0.69024
0.76033
0.8995
3.0549
0.74473
1.0495
1.9498
0.88716
0.92045
1.5276
37.67
13.709
18.793
28.184
22.699
26.062
29.992
20.701
35.81
28.907
18.493
10.257
1.8072
1.7258
0.68707
0.64121
0.66222
20.23
22.803
27.606
25.235
17.865
1.7539
8.5901
4.5394
21.878
26.915
16.181
16.406
19.953
24.491
22.182
22.439
24.946
13.062
3.2509
0.81658
0.90991
12.853
2.6363
30.2
26.977
21.528
17.906
20.417
5.3703
0.69502
2.3768
17.906
27.733
23.014
24.717
22.699
24.774
16.596
17.783
2.1878
5.9566
16.482
34.435
9.3541
7.6208
0.79433
0.84333
0.69663
0.67143
0.69024
0.66681
0.89743
0.63241
0.64121
0.65766
1.1194
0.82414
0.7656
0.71285
0.70958
0.69024
0.76384
0.69823
0.87096
0.84528
0.7925
1
0.65013
0.64863
0.66681
1.5668
1.8113
0.87096
0.8995
1.1298
1.0715
1.2023
1.1695
1.2106
0.74473
0.88308
1.0495
0.91411
0.73451
0.66069
0.72611
0.66527
0.68234
0.64121
0.79433
0.68707
0.72277
0.66069
0.63533
0.70307
0.64714
0.67143
0.67764
0.65464
0.71614
0.65615
0.69984
0.64565
0.69183
0.6368
0.76208
0.70146
0.68549
0.67608
0.67453
0.70146
0.66374
0.66374
0.66222
0.62806
0.64714
0.70307
0.65013
0.66834
0.70958
0.63387
0.65313
0.66681
0.70146
0.65615
0.67764
0.66374
0.69183
0.70146
0.68549
0.70307
0.67764
0.64863
0.64565
0.66527
0.68234
0.66527
0.66069
0.67453
0.63826
0.65163
0.72946
0.64269
0.66222
0.66988
1.2359
0.65766
0.69823
0.68234
0.65313
0.65766
0.64417
0.64121
1.4256
0.66834
0.65615
23.55
18.45
26.424
25.763
42.17
31.261
12.706
16.52
20.893
27.797
25.41
25.177
23.496
13.552
1.0495
1.8281
0.66988
44.875
7.8163
18.621
25.293
26.303
15.205
21.577
24.434
19.77
31.189
19.409
22.439
23.988
24.946
17.338
18.923
32.584
19.588
22.803
17.783
13.772
10.94
1.3677
6.3973
6.4269
17.579
19.907
0.8995
0.76736
13.646
25.119
22.336
23.496
23.496
19.907
14.256
0.94406
1.8578
2.0045
12.823
39.446
44.055
19.543
22.856
1.7022
13.428
20.091
23.714
23.714
1.8155
20.559
24.21
14.962
5.3211
20.184
18.535
13.964
15.56
11.015
17.742
20.654
21.979
3.8726
13.002
0.69502
13.366
0.73451
2.0989
22.646
0.84333
2.5468
14.223
22.646
24.604
24.66
27.227
7.8163
15.066
20.559
20.091
7.8343
10.94
25.586
17.179
18.197
16.52
18.535
24.946
7.3282
8.147
15.453
22.387
24.322
25.177
30.2
25.293
17.989
1.5776
1.1912
1.6482
7.4131
12.05
29.58
17.62
23.388
16.331
18.365
1.2474
10.914
1.5885
0.64269
0.65313
12.794
1.5959
17.418
16.032
25.468
11.015
37.325
33.343
2.9376
0.82035
44.259
23.227
21.827
17.179
20.654
20.989
15.066
17.539
0.77268
21.928
15.311
18.75
20.559
26.915
19.77
24.21
27.99
17.1
17.62
25.763
23.121
28.642
17.219
17.298
28.84
13.032
15.031
5.9979
0.71121
1.5776
1.4928
0.87096
1.2912
3.3343
0.76033
4.4361
17.742
12.246
1.6293
1.5101
0.70469
1.1535
0.71121
1.1588
1.1803
0.67608
1.0399
1.0351
0.66834
0.65464
0.65313
0.70307
0.73961
0.68234
0.63387
0.68391
0.66834
0.64121
0.65313
0.69024
0.64269
0.67453
0.70307
0.70146
0.62087
0.67298
0.73961
0.71614
0.65013
0.70469
0.63533
0.72778
0.73114
0.6792
0.67764
0.65464
5.358
39.174
24.434
23.174
24.889
17.14
18.239
31.117
21.232
1.7338
9.3541
2.6062
1.7947
1.1722
0.86497
3.155
1.9409
6.6527
0.64121
10.914
15.56
23.605
21.878
18.45
22.08
18.072
1.803
11.858
23.335
31.915
7.656
1.4355
0.7656
0.8091
1.6106
0.80353
0.84333
1.4521
0.67298
0.65013
0.7379
0.78163
0.67764
0.72111
0.66374
1.4962
23.227
9.8175
15.959
21.086
21.184
22.646
27.542
22.594
15.311
16.982
0.68077
7.7983
19.011
17.14
18.535
19.861
18.75
26.363
13.366
6.2087
18.072
0.70632
18.493
18.493
0.90782
1.5241
4.9774
14.521
19.907
22.336
20.277
23.014
18.707
16.293
26.73
19.634
12.331
32.063
23.121
23.281
20.989
22.961
30.269
4.9888
31.261
16.596
18.323
17.14
31.189
27.606
25.823
7.6033
21.33
27.04
3.281
4.4259
1.4488
1.6255
2.1184
1.5101
0.93325
14.158
25.061
19.409
17.66
15.885
17.742
15.241
17.179
31.696
16.558
0.8892
1.5524
0.68707
1.5776
0.62373
9.7949
35.81
8.5114
19.679
3.0409
30.62
37.154
24.774
20.464
20.045
15.849
22.08
20.797
23.659
3.9811
0.72444
0.68549
0.77446
0.64714
0.66069
0.66834
0.69024
14.028
3.6308
20.749
20.559
8.0168
36.728
14.997
1.7701
1.2618
9.7051
11.298
23.121
26.363
18.923
21.232
16.368
13.614
16.032
24.717
14.555
18.281
2.6424
0.9247
2.421
1.1668
0.78163
0.73621
0.78163
0.88512
3.4674
0.77804
0.69823
0.67298
0.6368
0.64565
0.75683
0.68234
0.64863
0.68865
0.70146
0.65013
0.7145
0.65464
0.71121
0.66988
0.65766
0.70958
0.73114
0.64121
0.72111
0.71121
0.66069
0.65917
0.75509
1.5849
1.4521
0.94406
1.8836
1.3996
1.3397
1.4191
12.942
13.49
15.776
24.21
31.333
23.227
14.06
16.788
15.488
21.577
15.922
5.188
0.74645
0.69183
0.67143
0.6368
0.72611
0.73961
0.76208
0.70795
0.70632
0.69502
0.69343
0.71945
0.6792
0.66681
0.63096
0.66222
0.69502
0.67764
0.66222
0.62951
0.64565
0.70632
0.67453
0.66988
0.68707
0.69823
0.65013
1.9187
0.70307
23.878
21.878
22.594
27.797
28.119
20.845
1.135
10.617
21.232
33.651
17.179
28.642
23.496
19.634
17.458
0.82794
1.2706
1.4655
0.78705
0.7709
1.5241
28.184
29.242
22.751
11.535
27.04
21.38
15.031
14.488
0.72778
15.311
2.7353
8.2414
1.2706
0.83176
0.70958
0.74473
2.851
0.66069
0.66069
1.5812
38.282
5.8749
15.849
27.227
21.928
17.865
31.189
19.861
15.885
22.542
24.66
25.823
23.014
22.284
8.3946
1.052
25.351
20.654
8.7902
17.298
34.674
23.121
27.04
22.284
34.834
17.865
23.823
29.923
14.223
20.893
20.091
22.182
16.406
1.0375
1.3213
0.90573
2.8249
1.1455
13.709
2.6546
38.107
13.062
0.65313
1.1858
32.137
24.831
15.311
25.003
20.184
16.106
28.445
10.28
22.439
21.677
29.309
22.284
17.338
27.925
2.0137
1.1143
0.81658
0.7925
1.7418
2.5293
1.5524
7.5858
1.5668
22.131
17.865
21.878
19.861
15.596
17.989
21.677
0.9977
11.455
10.069
28.314
24.099
31.477
33.806
27.733
21.232
21.232
36.058
27.102
16.032
1.3243
17.1
0.7656
0.68549
27.353
24.21
25.177
21.281
5.7148
0.78705
0.67453
1.6181
4.102
2.0701
6.3387
3.1189
29.992
20.464
27.733
22.233
24.889
22.284
18.535
24.889
24.099
33.963
23.605
1.7865
23.281
21.777
19.011
31.623
21.281
20.845
10.94
3.6813
0.8414
17.179
31.046
23.933
22.542
21.086
1.0023
0.83176
3.5075
0.70632
0.69502
12.246
26.977
27.227
26.182
12.474
18.793
19.011
8.8716
15.812
24.547
25.763
17.701
19.679
26.424
11.194
2.0654
2.958
21.928
16.181
26.062
39.902
33.497
17.1
23.988
2.2751
1.2134
0.78163
0.82604
1.3274
1.4997
0.93756
5.2119
36.224
21.135
22.961
26.607
25.177
24.155
26.977
16.749
20.277
20.941
9.1201
10.666
4.14
8.0538
41.115
18.621
32.584
14.622
22.439
30.479
8.5114
20.417
8.6497
24.831
32.734
23.768
15.346
18.578
41.4
27.29
1.1858
3.8107
3.9719
36.392
21.038
30.061
1.39
25.235
38.815
33.113
8.7096
33.963
14.997
25.293
27.102
19.724
0.84723
29.107
27.542
35.318
29.992
12.647
29.376
23.823
20.941
21.281
23.605
30.761
9.0157
2.7733
4.2462
1.1561
4.529
1.1402
23.067
3.6644
9.0157
26.977
18.323
31.261
18.45
24.434
21.33
16.032
30.339
28.054
33.497
33.037
16.596
6.7764
0.90573
22.646
33.189
25.882
22.594
22.387
18.072
25.942
22.856
24.889
20.137
16.634
15.488
18.323
32.211
30.13
21.827
18.03
33.884
25.882
0.9528
3.2734
18.664
30.269
21.878
1.9724
0.8414
11.967
28.054
26.182
28.119
10.046
0.96161
8.9125
12.882
27.542
20.512
29.309
33.651
1.8664
2.5763
1.3335
0.7656
0.99083
0.96383
4.0644
1.4256
1.1641
1.052
1.0914
34.435
25.177
22.699
30.761
14.125
25.061
23.496
24.21
22.491
26.122
26.792
20.606
2.5586
22.439
33.497
18.281
26.485
25.468
31.769
34.914
34.277
40.832
34.754
18.113
19.364
33.806
38.107
25.882
35.975
38.815
36.644
23.605
3.8459
1.5205
25.351
42.56
29.242
30.69
44.361
27.416
7.5858
25.942
1.7701
0.69502
0.79616
34.119
32.81
37.239
43.551
35.727
31.405
29.923
31.623
37.325
1.4894
1.8707
9.4842
39.719
26.669
35.481
13.152
23.388
23.823
42.954
36.644
29.242
18.793
25.704
11.35
43.351
51.642
32.434
16.406
24.378
11.695
27.861
33.497
32.885
26.363
39.537
33.037
6.0814
38.371
28.249
21.281
15.346
11.588
22.909
22.909
35.892
6.0674
2.8973
21.429
26.669
26.915
5.2845
42.855
1.0046
34.119
33.574
25.351
21.979
17.906
23.174
29.242
6.6374
23.768
40.458
41.305
40.458
34.995
46.666
37.497
32.137
34.198
32.509
39.902
36.644
21.827
25.177
38.815
41.687
42.267
47.863
36.983
44.875
41.976
46.238
50.35
52
32.137
41.976
37.154
45.814
44.566
36.813
38.994
37.497
34.041
36.308
32.961
29.854
34.356
43.251
38.905
41.591
48.753
32.885
40.738
45.604
29.242
32.211
46.026
27.733
45.394
36.813
35.4
35.237
39.902
47.643
40.644
38.194
41.783
33.189
29.923
38.371
40.272
14.555
34.277
42.364
