58.884
29.107
22.594
36.559
0.84918
1.2162
0.92257
0.89536
0.77625
0.86497
0.94406
1.7989
2.8708
1.4588
1.4093
5.188
8.1846
2.2336
2.0091
1.5346
0.89743
0.9247
1.0568
1.194
0.83946
3.2285
1.2162
3.3497
1.4191
0.83176
1.0864
0.877
1.3305
1.5704
0.86497
0.91411
0.79616
0.85507
1.4322
2.0137
0.78886
0.92897
1.3062
1.6218
1.5417
1.2078
9.1622
13.646
10.023
15.488
6.9984
1.1614
5.9429
11.885
8.8716
8.2224
9.2045
3.2434
3.1696
0.93541
2.355
6.3826
3.6813
7.7983
2.6242
2.1827
1.6558
4.0087
11.995
0.96605
1.3152
9.3325
17.219
15.171
5.4702
10.965
4.14
2.2961
0.82985
0.83176
0.91411
0.89125
0.8892
0.8091
5.1761
1.2764
1.1169
1.7258
1.1695
1.2706
1.0814
1.2912
1.1066
2.6915
0.92257
2.023
0.87902
0.81846
0.89743
0.94842
0.9506
1.1169
0.85704
3.3037
1.3614
1.6866
1.0139
0.7925
6.4121
7.3114
1.7061
0.84918
1.1015
2.6002
1.4655
1.1885
0.8414
2.3659
2.704
7.0307
13.002
11.803
10.116
9.594
11.508
8.9743
2.0606
11.535
9.9083
1.1117
2.541
2.6669
0.86696
6.1518
4.3152
1.8493
1.0375
1.6218
8.0538
4.0738
4.592
20.417
9.7949
10.765
12.503
7.4989
3.3497
1.7865
7.3451
8.414
11.912
1.4588
1.4962
1.7579
1.7701
5.5335
1.4191
0.98401
0.99312
1.0116
2.0797
2.8708
0.86696
0.7656
0.94189
0.83753
0.86896
0.88716
4.9204
8.3753
1.406
2.0091
2.6977
0.93111
12.853
14.622
10.233
12.503
8.0353
6.5766
2.3335
1.9364
1.1376
2.1429
3.9084
1.1561
0.97051
0.97499
1.4689
2.5645
2.355
7.2778
14.622
11.912
10.889
8.147
1.1482
8.2794
9.1833
12.56
10.423
1.6406
1.0116
1.0093
1.8535
1.5453
1.2531
1.2303
0.8531
0.87498
3.4277
3.2137
10.069
18.155
11.015
9.4189
3.0832
1.2618
6.8077
8.3176
16.144
10.471
9.0365
13.002
0.8995
1.1588
1.2474
1.3335
3.3343
1.5596
6.8707
11.535
8.4528
1.7742
1.0328
1.0023
0.83368
0.90573
0.86099
0.91201
1.0544
0.89331
0.9506
0.78524
0.97499
1.4757
2.1928
3.8815
5.224
1
0.9977
1.8197
0.86497
2.4831
1.4421
2.0797
0.82794
0.76208
1.0544
1.0186
0.87902
0.96383
1.4555
1.0257
1.2445
0.94189
1.094
2.7861
9.7949
8.6298
10.789
11.588
9.2257
9.2897
7.1121
11.641
1.8793
2.5119
0.88512
3.6644
1.6106
2.3121
2.1777
2.0893
2.2803
1.0304
1.0471
1.1749
0.77983
5.821
8.147
15.382
11.83
8.4918
8.9331
1.4125
2.851
2.2233
6.7143
5.6494
6.0534
7.8163
2.3714
1.4757
1.1246
1.39
8.1096
7.3114
10.423
8.2985
6.368
9.1622
6.3826
8.1283
7.2611
7.8343
6.0256
1.4256
1.4454
0.98628
1.1246
1.0715
1.2942
1.4158
1.5488
1.135
1.7298
5.224
1.1066
0.82604
1.8493
6.0117
9.8855
8.2414
8.531
8.3368
8.8105
1.932
1.9055
2.3496
4.2855
1.0617
1.3213
1.1995
3.8548
9.0782
11.298
9.0365
12.417
7.1285
9.3541
0.93325
0.90573
0.96828
0.82414
1.8493
3.1842
4.6132
2.4889
1.9364
2.037
1.3062
1.9815
0.79799
0.84723
1.1588
1.0328
1.0666
0.88105
0.92897
1.1066
1.1429
1.2589
1.8239
0.91622
1.2445
3.7844
7.0146
6.6834
8.356
9.0782
10.814
0.9977
0.89125
0.90991
1.2735
1.5488
0.79983
1.71
5.236
3.9902
2.1878
1.8197
2.8708
1.7338
1.0186
0.96161
0.86497
0.98628
1.0069
1.1614
1.9953
2.6303
1.1402
1.7865
1.4825
1.4928
1.1143
2.9717
1.8621
3.9174
1.0447
0.76208
0.78343
0.93756
0.89125
0.85704
1.766
2.0845
1.8072
0.83176
0.82035
1.2972
1.2417
1
1.256
5.4075
3.8194
6.8549
9.3541
8.1846
8.5114
17.179
9.2257
9.0991
10.52
7.4473
2.3714
1.0814
0.90991
0.89536
0.87498
0.98401
0.96605
1.1455
0.97275
1.4322
4.6238
10.093
9.247
11.885
4.9317
2.9242
0.82985
1.1429
5.6105
4.5709
16.982
7.9983
7.5858
11.246
8.9743
11.614
1.1376
1.6749
1.0839
1.9011
6.9984
10.423
7.3621
4.6238
8.4918
8.7498
9.5719
1.074
0.81846
1.3305
0.88105
3.4198
9.3972
9.1411
9.4624
13.122
12.417
9.8401
12.218
9.528
1.122
0.82985
1.0304
0.7709
0.8414
0.79799
1.7539
1.2246
3.7239
3.6813
1.183
1.0889
0.89743
2.851
1.3614
5.236
3.6392
1.0889
0.9506
1.2882
1.0691
1.0691
3.5237
5.9704
8.7902
0.9528
8.3368
8.2985
8.6298
8.4918
9.4189
2.4044
8.2985
10.069
6.7453
6.5766
7.379
1.4093
3.8905
1.1776
1.3002
0.8995
0.97724
0.7925
0.73961
0.84528
0.80538
0.84528
0.75683
0.74817
0.90782
0.8147
0.78705
2.355
0.81283
1.4962
1.2023
0.78163
1.5276
0.92257
2.2233
1.4962
3.6141
2.1928
1.8155
2.958
1.5417
1.0471
0.78705
1.6032
1.0139
1.652
0.79616
1.0162
0.84723
1.6106
1.0399
1.2388
1.0666
1.2023
1.4223
0.81283
0.81846
0.79068
0.7709
0.77625
1.6749
1.2023
0.78163
0.82985
0.8356
0.84333
0.84528
1.099
0.80353
0.94624
1.0162
1.3335
11.143
12.942
13.152
13.49
18.45
13.062
8.2414
1.1376
10.209
10.495
12.05
9.528
10.471
1.1117
6.4863
10.99
8.414
9.3756
9.4624
18.535
1.219
1.4256
1.5596
1.3122
0.83368
0.88716
0.75162
1.194
1.9187
4.1591
0.79799
0.78524
0.82985
0.89331
0.91411
0.7925
1.4093
7.3282
0.96161
1.1588
1.0399
0.98175
1.6711
0.7656
0.97499
0.88512
0.97275
0.77983
1.5346
0.85901
0.93756
1.1402
1.0209
0.82794
0.99312
1.0023
1.1641
1.2445
0.84723
1.094
0.83753
0.73451
0.80724
0.93756
0.72111
0.82604
0.87498
0.8414
1.5205
1.6106
1.1641
1.1858
1.4555
1.028
0.7925
0.92045
0.72778
1.4158
1.5276
1.0889
1.4454
0.877
0.80168
0.86497
0.81096
1.0789
1.4689
0.99312
1.1695
0.91411
1.1776
1.1015
1.1641
0.82985
1.0641
1.1912
1.1803
1.4757
0.94189
0.83946
1.2794
0.86896
1.3614
1.1246
0.75858
1.0889
1.2331
1.4454
0.90573
0.93756
0.80353
0.76736
0.72778
0.74989
0.89125
0.78524
0.99312
0.85114
0.88308
0.8356
0.88308
0.82985
0.86497
0.71945
0.80168
1.0617
0.91201
0.93972
0.98401
0.74645
0.9528
0.69343
0.76208
0.73961
0.97275
0.83946
0.80724
0.84723
0.94842
0.97724
1.0789
1.0046
1.0889
0.9594
0.87902
0.82604
0.81096
0.8147
0.76208
1.1376
0.92897
1.2445
0.93756
0.78886
0.81283
0.77446
0.80538
0.77446
0.76913
0.76208
0.84528
0.78343
0.80538
0.79983
0.93541
0.7709
0.76736
0.75509
0.74645
0.71779
0.73282
0.75162
0.86298
0.82414
0.82414
0.73621
0.68549
0.73114
0.74817
0.71779
0.77625
0.81658
0.88105
0.76208
0.76208
0.81846
0.71614
0.71121
0.75683
0.73621
0.89536
0.93541
0.8147
0.73282
0.73114
0.87096
0.74131
0.73282
0.70958
0.95719
1.0889
0.75858
0.79616
0.78163
1.5488
0.86696
0.8356
0.93541
2.799
1.0864
0.75162
0.73621
0.71121
0.82414
0.74473
0.72111
0.79799
0.69984
0.92897
1.0209
0.75509
0.81283
0.71779
0.80353
0.72611
0.7145
0.71779
0.99312
0.77625
0.78524
0.68077
0.71945
0.79068
0.74473
0.77983
0.7145
0.89743
0.91622
2.8184
1.5382
0.9977
0.76736
0.70632
0.72111
0.72277
0.71285
0.76208
0.68391
0.70146
1.2677
0.74302
0.74817
0.75683
0.84918
0.73961
0.79433
0.71614
0.72277
0.72111
1.0471
0.74302
0.68549
0.72444
0.69183
0.71121
1.0715
0.71945
0.70469
0.75858
0.89743
0.75509
1.1508
1.3932
1.9543
2.4322
0.87297
0.69663
0.72277
0.77268
0.86298
0.71285
0.7709
0.69024
0.94189
0.68234
0.68549
0.73621
0.68077
1.0789
0.6792
0.68865
0.72111
0.78343
1.0914
0.68865
0.66527
0.86497
0.69663
0.73621
0.76736
0.72778
0.97724
0.84333
0.77625
0.7656
0.75336
0.73114
0.74131
0.72946
0.69823
0.86497
0.71614
0.75509
0.8091
0.70469
0.69502
0.72277
0.68707
0.74302
0.92257
0.92897
0.71285
0.73114
0.66681
0.86896
0.72277
0.69183
0.69663
0.7656
1.0965
1.6672
0.7145
0.93756
0.78705
0.71945
0.73451
1.3183
0.68391
0.9247
0.8892
0.76033
0.70469
0.73451
0.80538
0.73961
0.73282
0.76384
0.75162
0.86497
0.74645
0.73451
0.7145
0.7145
0.70632
0.70632
0.74302
0.73114
0.72111
0.79068
0.75683
0.69984
0.73282
0.84918
0.77268
0.82035
0.69984
0.75509
0.80353
0.72277
0.72778
0.72444
0.71121
0.77983
0.75336
0.74817
0.7656
1.0351
0.74989
0.74131
0.74817
0.70469
0.68549
0.76208
0.81846
0.98855
0.94406
0.99083
1.2417
0.70795
0.68549
1.4488
1.1482
2.8379
0.82224
0.82035
0.78343
0.7709
0.7925
0.73114
0.71945
1.0351
0.94406
0.89125
0.9506
1.1169
1.1041
0.77804
1.9634
0.77804
0.89743
1.1561
0.93972
0.94624
1.1885
0.87297
0.79799
0.7656
0.74131
1.2134
0.877
0.90157
0.83176
1.1402
0.95499
0.91411
0.85704
1.099
0.92045
0.94406
1.0495
1.0399
0.90157
0.97275
1.2246
1.2218
0.94406
1.1614
0.72444
0.82224
1.0965
0.89125
0.83176
1.9724
1.3335
0.78163
0.78343
0.77625
0.84528
0.76913
0.85704
0.81096
0.82794
0.89331
0.76208
0.76033
0.76913
0.7709
1.094
0.87498
0.72277
0.86896
0.79616
0.93541
1.2331
1.0139
0.96383
1.4689
0.90365
0.81096
0.72778
0.76736
1.1376
0.86298
0.80724
0.79616
0.78343
0.85901
0.8531
0.74989
0.83176
0.76033
0.82035
0.73451
0.86099
0.86696
0.80538
0.90157
0.86497
0.89743
0.84528
0.91411
0.85507
0.90365
0.87096
0.77804
0.76913
1.2445
0.75858
0.79433
0.82224
0.79616
0.77446
0.76913
0.74131
1.5136
0.90157
0.87498
0.86696
0.88512
0.80724
0.78163
0.88105
1.2359
1.0375
0.98401
0.8091
0.82414
0.74989
0.71614
0.7379
1.0257
0.85704
0.97051
0.94189
0.88716
0.82794
0.72778
0.73451
0.80724
0.74473
0.77804
0.75162
0.94624
1.1376
0.73282
0.77625
0.76384
0.87902
1.1246
0.82985
0.98175
1.0666
0.75683
0.90573
0.88308
0.83946
0.80538
0.92045
0.82985
1.0691
1.1561
1.2474
0.7925
0.81846
0.74817
0.76208
0.72611
0.74645
0.80724
0.77446
0.82035
0.77446
0.75858
0.77804
0.93325
0.74473
0.75162
0.76736
0.76033
0.84918
0.71614
0.86696
0.78886
0.90365
0.877
0.8091
0.73282
0.7656
0.76384
0.74645
0.79068
1.2106
0.77268
1.135
1.2303
1.2942
0.76913
0.89536
0.84333
0.78524
0.78343
0.76913
1.0139
1.3836
1.2677
1.2589
1.3552
0.83176
0.75336
0.69663
0.93325
0.75683
1.6106
1.3335
0.72946
0.74645
0.97499
1.0139
0.8356
0.83176
0.78524
0.75683
0.74817
0.79068
0.72946
0.97275
1.5171
1.6106
1.0691
0.77983
0.93111
1.652
1.1803
1.0471
0.89331
1.0814
1.052
0.78705
1.0351
0.98401
1.3335
1.0139
1.2677
0.98175
0.91622
1.5205
0.97051
0.86896
1.0233
1.1066
0.82224
0.8147
0.76913
0.86497
1.3996
1.1858
1.3032
1.2417
1.094
1.1324
0.80168
0.77446
0.79068
0.77804
0.77983
0.7925
0.83368
0.91411
0.82794
0.7925
1.4454
0.86896
0.86099
1.0715
0.80538
0.9247
0.88716
1.2303
1.1641
0.77804
0.79799
1.1803
0.74817
0.80168
0.79433
0.72444
0.7656
0.8147
0.75509
2.6607
0.78163
0.75683
0.72444
0.75858
0.79616
0.7656
0.73451
0.77446
0.72444
0.99083
0.97949
1.1508
3.9174
1.875
2.2646
2.4322
6.8234
7.0958
0.96605
2.1878
0.83368
3.0832
0.7709
0.77268
1.7338
1.4622
0.94624
2.3605
1.3709
0.94406
0.80353
4.2658
7.925
8.4723
9.4624
8.356
8.5704
8.9536
9.594
0.89331
0.85704
0.82604
0.81096
1.7061
0.94189
1.3122
4.4566
4.4668
1.5812
1.0544
1.2162
2.8576
1.0116
1.0423
1.0116
1.5276
0.79068
0.81658
0.97949
1.0839
0.86298
0.9594
0.86696
1.0116
1.3183
1.0471
1.028
1.028
0.97724
0.78886
0.81096
0.79616
0.89536
0.877
1.0093
1.0209
1.9011
1.1117
4.3053
4.217
1.8707
2.133
1.5417
1.1967
3.2961
0.75162
0.73114
0.71779
0.73114
0.70146
0.74989
0.7709
0.98175
0.78343
1.1246
0.97724
1.0765
1.074
1.1561
0.73961
1.0209
7.0632
6.3387
1.4256
0.78343
0.79616
0.82035
0.83368
0.83176
1.4894
0.97724
0.72444
1.8578
2.7416
0.72277
0.71779
0.70146
0.79433
0.71945
0.7379
0.86497
0.82794
0.8147
0.70795
0.76736
0.77446
0.71121
0.70146
0.69502
0.78524
1.2794
0.73451
0.74645
0.78705
0.78524
0.70632
0.71121
0.8414
0.73961
0.78343
0.7709
0.69823
0.76384
0.85901
0.76913
0.90157
0.69502
1.9999
0.86896
0.86099
1.1455
1.3335
0.77625
0.72444
1.135
1.1272
2.1878
1.7458
0.76033
0.8995
0.8147
0.90573
0.71945
0.7656
0.75858
0.71945
0.77804
2.3442
1.194
1.5596
0.83753
0.81846
0.76384
0.76384
0.72444
0.76736
0.84528
0.85901
0.76033
0.71945
0.79068
0.75858
1.0304
1.2972
0.83946
0.91833
0.89743
0.73282
0.7709
0.8147
0.87096
0.69024
0.92257
0.80168
0.77983
0.73621
0.80353
0.71779
0.73621
0.71779
0.7709
0.70469
0.72611
0.72277
0.71779
0.77804
0.84528
0.76033
0.80168
0.71614
0.72946
0.72778
0.82414
0.70958
0.77625
1.1561
0.73114
0.74302
0.72111
0.76913
0.75858
0.74131
0.79799
0.76384
0.80724
0.7709
0.71779
0.71121
0.82604
0.72277
0.79433
0.76913
0.76736
0.75162
0.72778
0.85114
1.0617
0.94624
1.0568
0.80724
0.79983
0.88512
1.3552
0.85114
0.92897
0.877
1.1614
1.3964
0.77804
0.91411
0.73451
0.76736
0.74645
1.052
0.79068
0.7145
0.82794
0.73961
0.73282
0.75683
0.77983
1.2218
0.96383
0.82985
0.81846
1.0139
2.8973
2.0559
1.9634
0.90991
0.86896
1.3932
1.0209
0.96828
0.96605
0.8414
0.77446
0.76033
1.2474
1.6218
1.2218
0.89743
0.93972
1.3152
1.5885
0.74989
0.86298
0.85507
0.8356
0.82985
0.8147
0.76384
0.80724
0.85507
0.81096
0.81658
1.2503
0.85507
1.5241
1.1749
2.0324
0.7925
1.5631
2.2909
1.6331
1.074
6.3533
10.257
10.351
1.6982
1.0069
5.1286
12.218
11.402
8.356
5.2481
7.925
6.3241
9.8855
10.447
11.722
1.4355
1.1803
6.2373
7.1945
9.3541
9.5499
7.5162
0.85114
0.88716
0.86497
1.3614
1.122
1.9861
2.5704
1.0046
1.1588
2.9648
3.0061
5.1404
1.6218
0.78524
0.8147
0.74817
0.81096
0.82224
1.3677
1.3428
1.1508
1.028
0.88716
0.82035
0.93325
0.93756
1.1143
1.052
1.1194
0.89125
0.8091
1.6711
1.2706
0.88105
0.82985
1.3521
1.2246
0.93541
1.2474
0.76913
0.94842
1.0568
0.73961
0.70146
0.73451
0.9528
0.91622
3.3189
1.5996
0.98628
0.99312
1.1561
1.2134
1.0471
1.3804
1.099
0.91411
0.83368
0.76033
0.89331
0.87096
1.8836
0.93756
0.88716
0.86099
0.83753
0.7925
0.82414
1.0641
0.79433
0.9977
0.9506
0.86099
0.98628
0.78343
0.76208
0.72444
0.72946
0.80168
0.70146
0.70958
0.76033
0.74131
0.72611
0.75162
1.4555
0.99083
1.2303
3.5727
0.79433
0.7709
0.75336
0.9247
1.2359
0.8356
0.68865
0.71285
0.74645
0.81283
0.73282
0.74473
0.70307
0.73114
0.75336
0.73451
0.75162
0.73282
0.73451
0.72111
0.73282
0.74817
0.72111
0.7379
0.88308
0.70632
0.86298
0.74302
0.74989
0.75858
0.81096
0.83753
0.74989
0.7379
1.0544
0.82414
0.81283
0.78163
0.8531
0.70469
0.76384
0.72611
0.74817
0.89743
0.77625
0.72778
1.1272
0.70146
0.79068
0.71779
0.71779
0.66988
0.90157
0.88512
0.82224
0.82794
0.96161
0.91833
1.1995
1.0471
1.5382
1.0544
0.94189
1.0023
1.0328
0.92897
1.1246
1.052
1.3868
0.89743
0.96161
0.77268
0.93972
0.77983
0.77446
0.7709
0.74989
0.76913
0.71285
0.7379
0.7656
0.8091
0.78343
0.75683
0.71121
0.71779
0.91411
0.90782
0.76208
1.374
0.83176
1.1324
1.0351
0.78163
0.69663
0.81658
0.72444
0.76384
0.68865
1.2303
0.98401
0.88716
1.1535
1.183
1.3772
0.83368
1.0233
0.68549
0.69823
0.71779
1.3646
0.75509
0.72946
0.69823
0.75336
0.69823
0.70307
0.74302
0.85114
1.0209
0.95499
1.7298
1.5101
1.5596
1.1535
0.82794
0.94189
0.74645
0.74131
0.79433
0.70632
0.70795
0.70632
0.69343
0.73114
0.70795
0.76208
0.78705
0.74131
0.71285
0.73114
0.73282
0.68234
0.73621
0.73451
0.76208
0.94189
0.82794
0.70307
0.75162
0.86696
0.82035
0.82604
0.75858
0.81283
0.9247
1.2794
0.74817
0.79799
0.71121
0.73621
0.73621
0.69183
0.71285
1.094
0.78163
0.7379
0.8531
2.3933
6.0814
2.7542
6.7453
7.3621
10.116
18.75
9.7275
11.22
8.5704
6.7453
8.4528
1.6181
1.1298
0.91833
1.4454
2.2699
2.0464
4.6132
9.0782
6.4714
0.9247
1.1995
1.1967
1.4093
1.9011
0.87096
0.75162
0.77625
0.74817
0.78705
0.72778
0.82035
3.767
4.8753
5.3703
3.9537
3.2211
4.5604
0.86298
0.85114
0.93541
0.877
1.2106
1.0715
1.3646
2.1281
1.4093
0.8414
0.80168
0.87096
1.0789
1.2764
1.0139
1.4256
1.3583
0.8147
1.5812
1.0889
1.5524
1.0046
1.977
1.0765
0.72277
0.96383
1.0544
0.92045
1.0789
1.1143
1.1455
0.98175
1.1695
0.96605
1.4289
0.98401
0.83368
1.0093
0.93541
0.85901
0.84528
0.79983
0.80353
0.92897
0.89125
0.93541
0.88105
0.93756
0.99541
1.0069
0.96605
1.2531
1.0641
1.7742
1.074
0.90365
0.82035
0.76208
0.79616
1.1298
0.96605
0.82224
0.83176
0.75683
0.81846
0.73451
0.82604
0.80538
0.74473
0.90991
0.83368
0.77625
0.72444
0.76033
0.75162
0.75336
0.74131
0.77983
0.76736
0.74131
0.70795
0.9528
0.75509
0.78163
0.79068
0.81096
0.93756
0.91201
0.84528
0.87297
0.93972
0.76208
0.76208
0.82224
0.71945
0.70632
0.87297
0.72778
0.70469
0.82224
0.79068
0.90991
0.75683
0.75162
0.83368
0.82604
1.0351
0.84528
0.75509
0.70632
0.77983
0.73114
0.75683
0.77446
0.69823
0.76913
0.75683
0.73621
0.71614
0.7379
0.76033
0.78886
0.70632
0.74473
0.72611
0.79616
0.70632
0.68391
0.72946
0.74302
0.70632
0.72611
0.74131
0.69183
0.80168
0.72946
0.72778
0.71614
0.71779
0.70632
0.71614
0.70307
0.77983
0.77268
0.98175
0.7925
0.72611
0.73451
0.72611
0.7656
0.74473
0.8091
0.71121
0.71779
0.75683
0.69343
0.74645
0.76384
0.76913
0.77268
0.70146
0.74302
0.76208
0.77804
0.90991
0.87902
0.72277
0.7656
0.77268
0.76913
0.72778
0.75162
0.74131
0.89331
0.69984
0.78163
0.74131
0.72277
0.7709
0.7709
0.76384
0.77804
0.74473
1.2677
1.875
1.1749
0.72444
0.73451
0.77268
0.71121
0.8091
0.97724
1.4289
0.73282
0.71945
0.69984
0.69343
0.79799
0.75683
0.70958
0.72444
0.69502
0.73114
0.76913
0.74131
0.73451
0.74131
0.75858
0.72611
1.0471
1.0593
0.80538
0.75509
0.71285
0.70795
0.71614
0.76384
0.79616
1.1641
0.76208
0.7709
0.71614
0.78524
0.73282
1.0116
0.72611
0.69984
0.69343
1.1858
0.76736
0.72277
0.74131
0.78343
0.86896
1.0162
1.4322
1.0069
0.75162
0.81846
0.76913
0.73114
0.75162
0.73114
0.73114
0.75162
0.76913
0.86497
0.7656
0.74302
0.74989
0.78163
0.77268
0.71614
0.69502
0.71121
0.97499
0.72444
0.79433
0.76033
0.77268
0.73114
0.78524
0.72444
0.72277
0.74645
1.4588
0.85114
0.78524
0.75336
0.76033
0.72778
0.70632
0.74989
0.71779
0.79983
1.0186
0.77446
0.79799
0.76033
0.78163
0.74817
0.74817
0.77446
0.98855
1.0765
0.72444
0.74817
0.72611
0.73114
0.72946
0.70146
0.71945
0.7656
0.72444
0.76736
0.72946
0.78163
1.1272
0.82794
0.90782
0.98855
1.766
1.4223
0.90573
1.9055
1.6788
0.8892
0.84333
0.85507
0.83176
1.4588
1.0209
1.1092
1.135
0.99083
0.96605
1.3932
1.256
0.83753
0.76736
0.79433
1.4322
0.94406
1.5996
1.0666
0.82035
0.9506
0.93756
0.72946
0.99312
1.0889
0.86298
1.0765
0.90991
0.90365
0.99083
0.86099
0.7925
1.2794
0.82035
0.94842
0.92683
0.76033
0.72946
0.77446
0.77804
0.79068
0.82794
0.80353
0.96161
0.75683
0.8531
0.99083
0.89743
0.85507
0.86298
0.80538
0.82604
1.0765
0.87297
1.0839
1.4223
0.99541
1.0257
0.83176
0.83368
0.82224
0.77804
1.9724
1.8707
1.875
1.1803
0.74473
0.8147
0.81096
0.91833
1.0375
1.2106
1.0889
1.3709
0.87297
0.82985
0.71121
0.93541
0.70632
0.76208
0.8531
1.2303
1.7179
1.0023
1.3213
1.3428
0.86696
2.3496
1.6032
1.6293
2.2909
1.9815
2.138
2.4774
1.0666
0.78524
0.7656
0.8414
0.92257
0.8147
0.78343
0.82224
0.83176
0.92257
0.8356
0.82414
0.89536
0.76033
0.86099
0.91201
1.099
0.82604
0.75162
0.87498
0.87297
0.88105
0.7656
0.9247
0.82224
0.80724
0.7925
0.77625
0.83946
0.90573
0.7925
0.73621
0.81846
0.78343
0.7656
0.77625
0.85704
0.79799
0.83176
0.83368
0.79616
0.78524
0.88308
0.83753
0.75683
0.94406
0.95499
0.9977
1.0233
1.0666
0.86298
1.0544
1.2134
1.0641
0.71285
0.72778
0.75336
0.86298
0.85507
1.1885
0.79799
0.80353
0.79068
0.72778
0.79983
0.70469
0.7709
0.7709
0.74131
0.77446
0.93541
1.4521
1.4454
0.81846
1.0209
0.88308
0.76384
0.74645
0.78163
0.73282
0.99083
2.0045
0.79433
0.82985
0.78886
0.82035
0.81658
0.71779
0.7709
0.79068
0.98401
0.82035
0.8531
0.88512
0.78343
0.79616
0.8414
0.78343
0.92257
1.3366
0.80353
0.79983
0.75509
1.2589
0.92683
0.92257
0.90157
0.8356
0.84918
0.82224
1.0116
0.75858
0.7709
0.86497
0.74989
0.75858
1.2274
0.77983
0.74645
0.76208
0.87096
0.76208
0.79068
0.79068
0.82794
0.85114
0.92257
0.72611
1.2647
0.96161
0.73621
0.76208
0.97499
0.94624
0.94624
0.92683
1.3183
1.0423
0.86896
1.0765
0.90365
0.86298
0.87297
0.8892
1.0839
1.0666
0.98175
0.94406
0.73621
0.82035
0.76913
0.81846
0.91622
0.94842
0.7379
0.7379
0.7656
0.81658
0.73451
0.85507
0.75683
0.9247
1.8408
2.0845
1.1272
1.028
1.5241
0.79433
0.70958
0.74645
0.81283
0.85901
0.96605
0.76736
0.79616
0.7709
0.7379
0.7656
0.7709
0.77804
0.82035
0.80353
0.80538
0.71121
0.79433
1.406
0.89743
1.3804
0.85901
0.92897
0.87096
0.93111
3.8459
0.82035
0.79433
0.78163
0.76384
0.74131
0.7656
0.80353
0.80353
0.77446
0.75509
0.75858
0.76033
0.79799
0.80168
0.77446
0.82604
0.83176
0.73621
0.75162
0.75683
0.80168
0.74989
0.82414
1.0715
1.374
0.98175
0.78524
0.83753
0.70795
0.8356
0.94406
0.85704
0.77804
0.94624
0.89331
1.194
0.82604
0.73451
0.74473
0.77804
0.77625
0.73114
0.82035
0.92897
0.99312
0.7925
0.77268
0.77804
0.98175
0.74302
0.94406
0.9506
0.89536
0.94189
0.98401
1.3868
0.90365
1.1614
1.4689
1.0889
1.2764
0.98628
1.0544
1.028
1.194
0.97051
1.7378
0.73451
0.94189
0.78705
0.85114
0.78343
0.877
0.83176
0.77983
0.74989
0.74645
0.79983
0.82985
0.7709
0.71614
0.86099
0.77446
0.74989
0.80724
0.76208
0.81846
0.9594
0.98628
1.074
0.79616
0.93111
0.81096
0.88308
1.2735
1.9011
0.74302
0.78343
0.8356
0.71614
0.78705
0.95499
0.96605
0.87902
1.9231
7.8705
9.9312
11.668
9.247
13.243
7.8886
1.4256
0.8995
0.98401
0.86298
0.85704
0.9506
1.2618
1.9679
9.7949
1.3583
0.72778
0.89331
0.93111
0.80538
1.099
1.0789
0.77625
0.72444
0.75162
0.7656
0.71285
0.72611
0.74131
0.69502
1.0186
0.82035
1.2735
0.92045
1.0328
0.78705
0.76208
0.80538
0.73282
0.74989
0.72778
0.79068
0.79983
0.94624
0.71121
0.74817
0.71614
0.70307
0.69984
0.76208
0.7379
0.80724
0.70146
0.75858
0.71945
0.70632
0.72946
0.75858
1.2589
2.3768
1.3152
0.80353
0.96605
0.89125
0.89536
0.93756
0.81096
0.84918
0.87902
0.82985
0.86298
1.0568
1.0186
0.80724
1.1402
0.87297
0.76736
0.72444
0.73621
0.72778
0.70632
0.75858
0.93111
0.69343
0.73621
0.77446
0.77268
0.74645
0.70632
0.71614
0.7379
0.72277
0.72111
0.69502
0.73282
0.71945
0.88512
0.73451
0.77804
0.92045
0.71614
0.71121
0.68391
0.71779
0.68391
0.70632
0.71779
0.83753
0.91411
0.70469
0.68707
0.68234
0.69502
0.68391
0.69663
0.72946
0.72277
0.74645
0.72444
1.1695
0.91622
0.93972
0.9247
0.87902
0.89743
0.9247
1.028
1.205
0.83368
0.85114
0.84918
0.74989
0.74473
0.70632
0.8414
0.74645
0.80353
0.80538
0.8531
0.76208
1.3428
1.4355
0.88512
0.99312
0.98175
0.91411
1.2503
0.74473
0.73282
0.76736
0.81846
0.74302
0.75336
0.71614
0.72611
0.75858
0.90365
0.9977
0.68865
0.71614
0.71945
0.70795
0.77446
0.70146
0.70795
0.79433
0.7379
0.74645
0.69984
0.75683
0.74817
0.74817
0.75509
0.86497
0.74645
0.75858
0.93756
0.82794
1.7338
1.1641
0.81846
0.94189
0.85704
0.76913
0.88512
0.83176
0.82414
0.78524
0.79068
0.83368
0.73961
0.74302
0.76736
0.85507
1.0093
0.72111
0.75683
0.70795
0.67453
0.77983
0.68865
0.80353
0.69984
0.82604
0.74131
0.70958
0.71121
1.094
1.0257
0.78886
1.0046
0.9977
0.81658
0.94624
0.76208
0.70632
0.77983
0.73621
0.72111
0.67143
0.70469
0.71614
0.80724
0.74817
1.9364
0.79799
2.2387
0.97724
0.71614
1.2417
0.89331
0.88308
0.9506
0.84333
0.71121
0.73114
0.70958
0.73282
0.7145
0.71285
0.75858
0.77446
0.73114
0.8892
0.72946
0.74817
0.76913
0.73282
0.7925
0.83176
0.76033
0.78163
0.79433
0.77804
0.80538
0.90365
0.87902
0.92045
0.70958
0.74989
0.71121
0.74645
0.74817
0.76913
0.68865
0.72946
0.71945
0.68707
0.70307
0.99541
0.73282
0.73114
0.70632
0.69343
0.71614
0.70795
0.71945
0.77268
0.71614
0.70958
0.77625
0.70795
0.71779
0.70146
0.71945
0.74131
0.69502
0.85704
0.75509
0.74645
0.67764
0.74302
1.0666
1.0093
0.89743
1.3804
0.91201
0.81283
0.81096
0.75336
0.74131
0.72111
0.79799
0.78163
0.73451
0.80353
0.8147
0.7709
0.72277
0.78705
1.1482
1.0023
1.0257
1.1561
0.83368
0.74473
0.72946
0.75683
0.69823
0.69183
0.70146
0.75162
0.69663
0.93972
0.8892
0.75683
0.72277
0.75683
0.75509
0.71779
0.74645
0.7145
0.96161
0.877
0.68234
0.75336
0.77625
0.71779
0.70632
0.69823
0.68391
0.70632
0.81096
0.73621
0.70795
1.3397
2.1577
0.96383
0.82224
1.0568
0.97499
1.0023
1.0209
1.0046
1.0399
3.8994
10.447
13.122
10.139
9.4189
14.289
11.22
9.4189
4.3551
7.8524
8.8308
9.9083
12.794
10.304
9.594
7.5162
4.0458
7.709
9.528
8.4528
1.8281
1.3583
1.2882
1.2589
5.1168
2.0893
0.89536
2.1135
3.7325
15.959
7.4473
10.233
10.889
13.996
9.3756
8.4333
11.508
5.5335
8.4918
3.8637
1.7418
2.1577
1.1912
1.5812
1.9187
3.8459
3.8548
3.5975
7.656
7.3451
8.6298
14.289
11.041
6.6988
10.093
4.0365
2.0324
1.6558
0.87902
1.6558
4.4668
6.1802
11.588
17.418
8.1283
3.9174
7.0307
15.382
10.233
9.6828
4.1783
3.5975
3.7068
6.3241
14.825
10.593
10.093
9.7275
7.5683
9.4189
8.5704
7.0146
11.967
3.2584
1.875
0.8356
0.9977
1.3428
0.96161
1.1535
1.1858
1.0023
1.0617
1.4028
0.84723
0.79983
0.8531
0.9594
0.84918
0.91833
2.0091
7.1779
5.236
0.89536
1.2972
2.6363
1.4859
1.4723
1.6788
9.506
11.885
9.5719
16.866
2.3988
4.7315
1.0375
0.86298
0.92257
1.0209
1.7298
2.7164
1.888
0.94842
0.78886
0.8147
1.1588
1.6672
1.5453
0.82035
0.74131
0.9594
0.82794
0.77983
0.73961
0.74473
0.8147
0.82794
1.3183
0.75683
0.77446
0.81846
0.75336
0.84918
0.8091
0.78705
0.91411
0.82794
0.74989
0.79983
0.7656
0.82224
0.85901
0.79068
0.70632
0.71945
1.2618
0.81658
0.75509
0.80168
0.76736
0.72778
0.76208
0.82794
0.75858
0.82414
0.76384
0.7145
0.77804
0.76736
0.78163
0.73282
0.83176
0.74131
0.76913
0.7925
0.76913
0.75683
0.76208
1.2106
0.77983
0.86099
0.80538
0.8356
0.84723
0.78705
0.87297
0.83368
0.79983
0.91622
0.82414
0.83176
0.89743
0.91201
0.76913
0.97051
0.82224
0.82604
0.8147
0.82414
0.76208
0.8531
0.85114
0.87902
0.80538
0.86298
1.1324
0.89743
0.82985
0.73114
0.86896
0.79983
0.79068
0.82414
0.78886
0.74473
0.76913
0.77268
0.72946
0.72111
0.7656
0.82035
0.79799
0.75858
0.72946
0.74645
0.72111
0.7925
0.75858
0.81658
1.5276
1.1402
0.90573
0.84918
0.94189
0.90991
0.98628
1.2246
1.0328
1.0375
1.1194
1.052
2.9309
1.2274
1.0914
1.1749
1.0715
1.1912
1.4757
1.8967
3.2211
0.76033
0.74473
0.75162
5.7677
7.2277
7.656
8.995
13.521
4.529
0.96161
1.2106
1.2445
1.0351
1.2503
1.2972
1.0023
1.6982
2.5468
1.4289
0.82224
0.85114
0.93756
0.72778
1.2589
9.9541
11.803
9.9083
1.5704
1.6672
1.0093
2.6424
3.1189
1.1858
0.85114
1.205
1.6218
1.135
0.86099
1.0116
1.2023
1.766
1
1.1092
1.3366
1.1912
0.88512
0.98628
0.77625
0.75509
1.3243
0.71285
0.72111
0.7709
0.74131
0.76384
0.74131
0.72277
0.72444
0.72946
0.68865
0.71614
0.72611
0.69502
0.71945
0.72611
1.3183
0.86298
1.1272
0.83946
0.9506
0.90157
1.0046
0.77983
0.79616
0.71285
0.72111
0.69024
0.69663
0.73961
0.70795
0.68234
0.70632
0.72277
1.3614
1.0914
1
0.85901
0.89331
0.90782
0.80353
0.73451
0.71285
0.79433
0.75509
0.75336
0.70958
0.73961
0.75509
0.78343
0.73282
0.72277
0.76736
0.77983
0.78163
0.73621
0.77268
0.72778
0.72277
0.7379
0.71945
0.78343
0.72277
0.7656
0.72277
0.77983
0.72111
0.72946
0.70795
0.71285
0.75683
0.86896
0.72277
0.77983
0.74131
0.75858
0.73114
0.72778
0.70958
0.82224
0.85901
0.69823
0.83368
0.99312
0.96605
1.1885
1.2417
1.0399
0.82604
1.6406
1.4962
1.0093
1.4894
2.2542
0.84333
1.1995
2.8576
3.6813
4.6881
7.1285
8.6099
8.5507
9.2257
9.7051
10.375
8.531
8.0168
7.9068
6.3096
3.1915
6.4417
16.558
7.4473
6.5313
2.9923
5.1642
1.977
2.1928
0.82035
0.74645
0.75336
0.79433
0.79616
2.2594
1.0965
0.73961
4.7424
1.1858
1.7061
0.72444
0.8414
0.98628
1.4962
5.5081
3.9264
6.6069
7.2277
11.885
7.0469
8.0724
5.1168
0.97275
1.1092
2.2182
4.6989
1.2445
1.3552
2.4266
0.9247
0.8892
0.77268
0.78163
0.75336
0.80353
0.72277
0.82414
1.1117
1.5453
1.3397
1.2882
0.75858
0.82035
0.75509
0.84528
0.84333
0.78886
0.77268
0.7656
0.82794
0.76208
0.95499
0.77625
0.84918
0.84333
0.75509
0.74302
0.78524
0.81283
1.5311
0.77625
0.82604
1.3243
2.1928
1.2162
0.80353
0.91201
0.72611
0.7925
0.79616
0.76033
0.80353
0.80724
0.8091
0.78343
0.79983
0.82414
0.8147
0.81658
0.78163
0.92897
0.75162
0.83946
0.8147
0.90365
0.81846
0.73114
0.8356
0.79799
0.7709
0.88105
0.74473
0.81283
0.96383
0.86298
0.8147
0.76208
0.80168
0.77804
0.74131
0.78886
0.78343
0.78705
0.84723
0.69823
0.73451
0.77446
0.91833
0.79068
0.79983
0.82414
0.78343
0.97499
0.79616
0.80724
0.74989
0.78524
0.74645
0.84918
0.87096
0.78524
0.8356
0.76208
0.8892
0.7709
0.79799
0.80168
0.78705
0.73961
0.93972
0.86099
0.7925
0.86298
0.81658
0.77625
0.8091
0.80724
0.80724
0.82224
0.80724
0.85114
0.75336
0.8356
0.73621
0.77625
0.81096
0.79799
0.85507
0.7925
0.8356
0.88105
0.82035
0.83368
0.77446
0.80538
0.8531
0.77804
0.8892
0.82604
1.1508
1.1803
0.9594
1.094
0.86896
0.81846
0.86497
0.75336
0.75336
0.81658
0.86497
0.78705
0.74989
0.79616
0.68234
0.83368
0.81283
0.81846
0.80538
0.80168
0.74817
0.8414
0.76913
0.7709
0.92257
1.5417
0.74989
1.3932
0.77983
1.1455
0.82604
0.75683
0.71614
0.72444
0.81096
0.77625
0.76384
0.92897
1.1429
0.75683
0.76208
0.78886
0.75858
0.77268
0.76033
0.82224
0.99541
0.88105
0.76913
0.72946
0.74302
0.7925
0.8356
0.79799
0.75509
0.82985
1.0544
0.82604
0.77446
0.7925
0.75336
0.74473
0.75683
0.76033
0.77983
0.80724
0.83176
0.87297
0.74817
0.87902
0.74131
0.92897
0.80538
1.0765
0.75509
0.75336
0.80353
0.8147
0.80724
0.79433
0.86896
0.77446
0.83946
0.74645
0.74817
0.77804
0.75162
0.8091
0.74989
0.82035
0.85901
1.0375
0.79983
0.7709
0.877
0.82985
0.75683
0.75509
0.7709
0.79433
0.79616
0.89331
0.74302
1.0162
3.0339
6.3826
7.4989
5.9979
6.6222
13.996
9.4406
8.8716
1.2162
1.5066
3.1117
0.78163
0.84528
0.77446
0.77446
0.85704
0.93325
0.7709
0.7709
0.75336
0.90365
0.78343
0.76913
0.77446
0.80538
0.82604
0.82985
0.77804
0.80538
0.72111
0.81846
0.82794
0.78705
0.88512
0.90157
0.86298
0.7656
0.84918
0.74989
0.77625
0.73961
0.9247
0.82985
0.8995
0.85901
1.5885
0.90573
0.90782
0.78524
0.89743
0.74645
0.81096
0.89125
0.84528
0.77268
0.81096
0.93972
0.78705
0.81846
0.78524
0.81096
0.75162
0.76913
0.86099
0.90782
0.76033
0.86099
0.77625
0.877
0.80168
0.74131
0.80538
0.87096
0.83753
0.75336
0.83368
1.0423
0.7709
0.71945
0.81283
0.79068
0.81283
0.83176
0.81846
0.7656
0.76384
0.82794
0.76736
0.8147
0.81283
0.77446
0.92897
0.80168
0.81096
0.8531
0.82414
0.7709
0.74817
0.87297
0.99312
0.76913
0.82035
1.3032
0.77625
0.76033
0.79068
0.77983
0.8414
0.74989
0.86497
1.0093
0.73961
0.78163
0.74302
0.78524
0.89331
0.76384
0.77983
0.71285
0.73282
0.87498
0.8995
0.82035
0.77446
0.74302
0.78163
0.78163
0.74989
0.82985
0.82985
0.78343
0.77625
0.74817
0.72611
0.88512
0.87096
0.75858
1.0257
0.80724
0.77625
0.78163
0.76384
0.7656
0.86497
0.88716
0.7709
0.72277
0.75509
0.7656
0.75683
0.81096
0.79433
0.74817
0.72778
0.74817
0.71945
0.92257
1.5668
0.72778
0.8414
0.74473
0.79799
0.82794
0.82414
0.78524
3.2885
1.0471
0.87297
0.82224
1.3932
0.93325
0.86497
1.1749
1.074
1.3366
16.444
10.965
10.046
9.7949
12.618
1.1858
0.88105
2.0893
3.6141
1.3772
0.82985
0.78886
0.88308
0.97724
1.5922
5.3211
0.82414
0.83946
1.0593
0.83946
0.877
0.83753
0.77625
1.1641
0.89536
1.1508
1.0351
1.2162
1.0375
1.0233
0.81283
0.78524
0.90782
1.0423
0.91201
0.90991
1.2134
0.84723
1.5704
5.728
1.5922
4.0738
12.56
9.528
10.889
13.428
11.455
12.56
9.7949
6.0117
8.3176
7.8705
7.925
9.7051
4.6238
4.4978
0.96828
1.0093
0.93111
0.79433
1.0375
7.709
0.97275
0.88716
1.0814
1.5704
1.2531
0.93111
0.82985
0.79983
0.877
0.8147
0.87297
0.82604
0.84918
0.82035
0.85704
0.86298
1.1455
0.92045
0.9528
0.82604
0.97949
1.2274
1
0.86298
1.135
1.7022
1.1588
1.8113
1.1482
1.3305
1.0186
1.1429
1.1749
0.97949
0.93111
1.1272
1.1143
0.91622
0.9594
0.91622
1.0544
0.92683
0.90991
0.90573
0.85704
0.72444
0.86896
1.1376
0.69183
0.73451
0.78886
0.72778
0.72277
0.7379
0.71779
0.8356
0.76208
0.75509
0.69663
0.70469
0.70795
0.71779
0.70795
0.69343
0.70795
0.75858
0.74817
0.79068
0.7379
0.73114
0.83176
0.89331
0.85507
0.84333
0.84723
0.81283
0.74817
0.80538
0.84333
0.81658
0.78163
0.80168
0.82035
1.5849
0.77268
0.75858
0.72778
0.78163
0.74302
0.76913
0.72444
0.78163
0.92897
1.0965
0.72277
0.69984
0.71285
0.73961
0.76208
0.72778
0.76033
0.7656
0.82035
0.74473
0.72611
0.72946
0.67608
0.70307
0.67453
0.69984
0.74817
0.9506
0.69663
0.71779
0.71779
0.7145
1.5996
2.3335
7.4302
9.3111
0.95719
0.82414
0.76033
0.80724
1.4223
1.9143
1.8365
4.2756
5.1761
7.0958
15.276
10.233
11.429
5.8345
10.328
8.414
14.06
28.51
6.1235
2.3227
6.6988
10.375
6.166
1.0447
8.5901
0.83176
1.0375
1.0914
1.6368
2.1627
3.6392
0.75858
0.83176
1.1967
2.8445
0.77983
0.72778
0.79799
0.85704
0.77625
0.73451
0.75162
0.80538
0.88308
0.75336
0.86099
1.2359
0.80724
0.7145
0.75683
0.70632
1.652
0.79616
0.74817
0.83368
0.73961
0.8356
0.97499
0.75858
1.1912
0.71779
0.69663
0.78163
0.76208
0.75858
0.76913
0.77983
0.73282
0.7145
0.70632
0.7925
0.70307
0.74989
0.75509
0.72778
0.72778
0.70795
0.71779
0.71121
0.68865
0.77446
0.76033
0.71285
0.71285
0.76913
0.72111
0.70307
0.80538
0.76913
0.73114
0.71285
0.75858
0.75858
0.7709
0.70795
0.75336
0.73114
0.7925
0.74131
0.75336
0.7656
0.76736
0.77983
0.85507
1.0889
0.81846
0.70632
0.78524
0.74817
0.7925
0.77446
0.8892
0.76384
0.82985
0.72444
0.74473
0.79983
0.70632
0.75336
0.74473
0.7379
0.7379
0.80724
0.77625
0.74131
0.7925
0.72111
0.7379
0.73961
0.75858
0.77268
0.87297
0.80538
0.73961
0.76913
0.81846
0.75683
0.80353
0.72946
0.76033
0.76384
0.80168
0.73451
0.74473
0.77625
0.80168
0.73114
0.83368
0.80168
0.77268
0.76033
0.84723
0.78705
0.75336
0.79983
0.82035
0.73451
0.80724
0.86497
0.75683
0.77804
0.75162
0.81096
0.68865
