0.82224
0.82985
1.7298
2.2961
2.8184
2.2542
4.0272
2.355
2.8708
2.4491
2.2856
3.4594
1.8664
2.7861
3.155
2.5942
2.355
8.8512
7.1614
3.062
2.3335
2.9309
2.5061
2.208
2.4547
2.5351
2.6303
2.4434
2.4434
2.4434
2.4434
2.4434
2.4434
2.4434
2.4434
5.0582
5.6754
9.6383
5.358
11.194
5.5847
6.7764
8.3176
13.002
11.912
1.122
0.98628
3.3574
7.4302
12.162
12.274
7.2444
1.194
0.82414
0.76384
1.6218
0.84723
1.0814
1.4723
6.8707
10.789
11.508
7.9068
10.641
12.56
1.4191
1.0666
2.8642
0.93972
0.91411
2.0606
1.875
1.3709
1.3002
7.0469
0.9977
0.73621
1.0093
1.8793
0.77446
0.91622
0.74473
1.1015
1.3274
1.5417
0.9247
1.1194
1.2794
1.0023
1.349
1.2218
1.2474
1.183
0.78886
1.2972
1.3646
1.0423
1.183
1.3397
1.4223
2.904
2.6303
0.82035
0.83368
1.7906
1.0617
1.4125
0.85901
1.845
0.90157
0.82035
22.233
6.0256
20.417
17.701
17.783
15.996
13.459
1.1776
0.90573
7.2611
25.586
53.456
12.274
1.6904
5.5208
10.94
8.9125
10.814
13.397
9.7051
11.092
10.965
9.7051
11.272
12.56
13.366
3.7757
0.83946
4.4978
1.5417
1.7579
0.88512
1.194
0.87096
1.5417
0.99312
1.5346
0.81658
0.88308
0.89125
1.1535
12.794
12.618
12.589
10.304
11.324
0.82224
1.1169
1.0069
1.2823
3.3729
0.96383
0.79068
2.3335
0.8147
0.78705
1.3614
11.912
9.977
0.71285
1.9679
11.246
11.83
9.3756
2.8314
2.1478
1.3002
1.0889
1.1885
1.4555
0.77804
0.97051
3.6813
7.5683
9.7275
0.79616
0.93325
0.77446
1.6406
0.80538
0.79799
2.2491
0.9247
0.9594
0.85507
1.5812
0.9247
0.98175
0.76736
0.8414
0.89331
1.7865
6.3826
11.83
13.583
11.858
13.772
9.4406
0.87297
3.013
0.81096
1.0593
0.81658
1.3583
1.2303
1.4723
0.70795
0.91411
0.73621
1.349
3.1915
0.73451
0.81096
0.82414
0.82794
1.2647
0.97275
2.3174
0.73114
0.70958
0.78705
0.72111
1.4289
1.2331
1.1376
1.2589
1.094
1.1722
1.1092
1.3772
1.4622
1.0304
1.4622
1.0351
1.1194
0.97724
1.094
1.1298
1.6331
1.39
0.89743
1.556
1.6711
0.75683
0.97724
0.93756
1.2531
0.80538
1.0328
0.89125
0.84333
1.3709
0.91622
1.1967
1.0965
0.93111
1.0375
0.73451
0.70795
2.6607
2.0091
0.75683
0.87096
0.82985
0.68549
0.93111
0.8892
1.0495
1.9454
0.67298
0.77268
0.71614
0.75509
0.66988
0.72444
0.69502
0.8995
0.69663
0.75509
0.76033
0.66222
0.96605
0.73961
0.69183
0.69502
0.68549
0.66834
0.75683
1.1066
0.70632
0.69823
0.98175
1.3243
1.4588
0.83753
0.77446
1
1.2942
0.73114
0.86298
0.86099
1.4223
1.7742
0.91833
0.82604
0.80724
1.0839
1.0568
0.87096
1.6788
0.73451
8.531
7.9983
3.6392
1.8113
3.7844
0.94189
1.1967
0.877
0.8892
1.2218
8.2414
6.8707
8.7096
2.6669
0.8356
7.1945
0.82985
0.8147
0.96605
0.98855
1.7298
0.68707
2.884
8.6099
0.75858
1.8155
1.714
0.83753
0.76033
1.1803
1.1376
1.1535
2.6546
1.5205
1.4689
0.70795
0.71779
0.7379
1.652
0.72778
1.7338
2.3605
1.4355
0.86298
1.4158
0.79068
0.77446
0.74131
0.82985
1.4289
0.73451
0.69823
0.69024
1.1194
2.2961
2.0654
0.96605
2.3988
1.7906
0.72111
0.67143
0.79616
0.74645
1.4355
3.3497
3.5481
1.0839
1.1482
1.1298
1.1749
1.1194
1.1298
2.3121
3.1046
0.74645
0.74817
0.73621
1.5812
0.68865
0.70146
0.79799
0.68234
0.69343
0.66527
0.69823
0.70307
0.67298
0.68865
0.69343
0.70958
0.66527
0.68865
0.70958
0.72111
0.74473
0.75162
0.76384
1.3868
0.88105
0.83946
1.7061
1.0209
1.3274
1.6032
1.1885
0.8356
0.89331
0.75858
0.85704
1.2794
2.2131
0.74131
0.77625
0.67453
0.78524
0.76913
0.8892
3.5075
4.7206
5.7544
8.1846
4.9431
8.0724
2.0893
0.80168
1.1858
2.4044
0.70795
0.87902
1.3002
0.79616
0.73114
0.67143
0.73451
1.2023
3.1333
1.2735
0.97499
1.1324
1.5136
1.2162
1.0965
1.0162
1.0471
1.2134
1.0399
1.4521
0.94189
2.7733
1.2303
2.0654
2.0091
0.94842
1.0471
1.0116
2.2803
0.78343
0.72611
0.89125
0.87902
0.9594
0.88105
1.1041
1.5171
0.69823
0.71779
3.5645
3.1046
1.3092
0.73451
0.78343
0.877
1.0864
1.0093
2.0749
1.2106
0.67608
0.67608
0.7379
0.74131
0.75509
0.69183
0.69183
0.65615
0.76033
0.74645
0.71285
0.79799
0.74302
0.76384
0.70632
0.75336
1.6866
1.574
1.6943
1.3646
0.90991
0.81096
0.73282
1.1117
1.4125
0.68865
0.70469
0.75858
0.72946
0.77983
0.69343
0.68865
0.69663
0.70146
0.72111
0.70958
0.7145
2.6303
1.4859
0.83753
0.70469
0.70795
0.72611
0.70795
0.72778
0.70632
0.76384
0.91622
0.73621
0.73114
1.074
0.70795
0.8147
1.3428
1.1272
0.7145
0.92045
0.69502
0.69502
0.76208
0.79983
0.75336
0.76033
0.72111
1.9543
0.72277
0.86696
0.68549
0.69663
0.73282
0.67453
0.66069
0.66988
0.74817
0.73451
0.73451
0.72611
0.69183
0.73282
0.76736
0.67764
0.66681
1.2764
0.73282
0.8995
0.75162
1.1272
1.7783
1.0093
0.91411
0.88716
1.1535
1.2912
1.4191
4.6774
1.4622
0.9977
0.77625
0.80353
1.5031
1.5668
0.69823
0.75509
0.80168
0.68234
0.69823
0.68391
0.68865
0.76033
0.73114
0.74131
0.80168
0.69183
0.70958
0.71945
0.74645
0.68391
0.72277
0.78163
0.71614
0.83946
0.69343
1.2445
0.8091
0.77625
0.73961
0.69183
1.4555
1.052
0.83368
0.80168
0.75336
0.7145
0.68549
0.70307
0.74645
0.69183
0.69343
0.66374
0.66681
0.72111
0.76033
0.98401
0.99541
0.9506
1.5276
0.77268
0.75509
0.73282
0.68549
0.70307
0.70795
0.71614
0.68549
0.72111
0.73961
0.74473
0.76208
0.75162
0.69823
0.71779
0.72111
0.70632
0.69343
0.70958
0.72111
0.73621
0.69663
0.76736
0.76033
0.90991
0.87096
0.75858
0.80168
0.90157
0.75162
0.77625
0.74131
0.81283
0.7925
0.71779
0.76208
0.86696
0.69984
0.94842
0.73282
0.87096
0.78524
1.2388
1.1803
0.69663
0.80724
0.68077
0.74131
0.82794
0.87096
0.74302
0.78886
0.7379
0.76384
0.71779
0.83176
0.72277
0.73961
0.73621
0.82035
0.7379
0.72778
0.70958
0.78343
0.73961
0.78524
0.8356
1.1143
0.95499
0.70795
0.81846
0.68549
0.74302
0.73282
0.71779
0.74131
0.87096
0.71779
0.91411
0.84723
0.7379
0.73114
0.74645
0.84723
0.81846
1.9099
1.4894
1.1455
1.0447
1.0914
0.71779
0.74645
0.77804
1.1143
0.9506
0.85507
0.95719
0.85901
1.9099
0.90157
0.67764
0.6792
0.72946
0.72111
0.78705
3.9537
1.8967
0.7925
4.2954
5.224
6.3826
1.0889
2.2284
1.8072
1.0471
2.2909
1.5066
0.77983
1.1614
2.0845
1.3335
0.90157
0.86896
1.4655
1.7906
0.70958
0.80538
0.69502
1.7258
1.4388
4.0458
1.4388
1.3677
4.7534
6.8234
8.6298
5.0816
1
1.0864
0.72611
0.77983
0.71945
0.70146
1.1402
0.70632
0.71779
5.8479
6.5766
1.0257
1.1588
1.1858
1.1455
1.2589
0.98855
1.2503
1.0375
1.0375
1.0399
1.0839
1.1117
1.0914
1.1535
1.074
0.79799
0.81846
1.71
1.2303
3.5645
2.7797
0.73961
1.0765
1.2246
2.5823
2.355
3.5156
0.80168
1.714
0.72111
3.7844
2.1232
1.2882
1.6749
0.75858
0.75162
1.135
1.714
0.76033
2.8119
1.5276
1.3646
2.0324
0.75858
0.78524
0.8531
1.5812
0.94842
0.78163
0.72444
0.87096
0.75509
0.77625
1.5205
1.1272
0.79433
0.9594
0.70469
0.69183
0.70307
0.74302
1.2303
1.6982
1.0691
0.8414
1.766
1.1041
1.0447
1.1482
1.8621
1.2972
1.2853
0.78524
1.7338
2.0512
1.3305
0.77983
0.73114
0.72611
0.75336
0.72778
0.69502
0.8414
0.78886
0.77804
0.87096
0.98855
3.8371
3.4594
0.7379
0.71614
0.7145
0.68865
0.73114
0.70632
0.72111
0.71614
0.72111
0.71614
0.69984
0.68549
0.68391
0.74645
0.76736
0.70469
0.74131
0.72778
0.7145
0.8147
0.68549
0.68865
0.72946
0.69663
0.72946
0.71779
0.69502
0.75683
0.72444
0.73451
0.70307
0.68391
0.75336
1.0641
0.86896
0.81096
0.74645
0.8091
0.82985
1.4158
1.2388
1.1588
1.0789
1.4421
0.68549
0.67143
0.72277
0.7145
0.70146
0.69663
0.67298
0.72611
0.69502
0.76384
0.71945
1.0765
0.75509
0.81658
1.5488
0.80538
0.69024
0.7709
0.77804
1.1324
1.9679
0.82414
0.79616
0.78524
0.78705
0.89536
1.0023
1
1.3583
1.028
1.0162
1.0814
1.0914
1.6749
1.135
1.1143
1.7906
0.78886
0.76208
0.97499
1.6144
0.80538
0.75336
0.69823
0.71945
0.73114
0.78163
0.97724
1.094
1.8621
2.1577
1.0495
0.70146
0.70307
0.70146
0.71121
0.77446
0.69502
0.71779
0.69663
0.69183
0.69343
0.74817
0.69823
0.73451
0.71285
0.84528
0.67608
0.76913
0.84723
0.71614
0.81096
0.72778
1.4655
0.71285
0.69343
0.72111
0.79068
0.7379
0.69663
0.73114
0.72946
0.72111
0.66988
0.66834
0.69502
0.75162
0.68391
0.66374
0.74302
0.75683
0.66681
0.75683
0.66988
0.74817
0.69823
0.72946
1.2942
1.0023
0.72444
1.1803
0.77446
0.88105
0.76033
0.92257
1.1858
1.3243
0.72277
0.7379
0.68549
0.72611
0.66069
0.74817
0.9594
1.0593
0.75336
0.68234
1.1776
0.93111
0.81658
0.83946
0.76208
0.89536
0.69663
0.74302
0.78886
0.67143
1.3092
0.86298
0.88512
0.81283
0.76913
0.70307
0.71614
0.81846
0.7379
1.5959
0.76736
1.4355
0.67764
0.72277
0.79983
0.72611
0.71945
0.71285
0.7145
0.97724
0.82604
0.77804
0.79616
0.72611
0.77804
0.73451
0.80538
0.77268
0.77625
0.70307
0.75858
0.73282
0.71285
0.7656
0.72111
0.74473
0.8147
0.7145
0.71945
0.75858
0.72778
0.8356
0.83946
1.1324
1.1376
0.68234
0.72111
0.75858
0.68391
0.72277
0.72778
0.66681
0.93972
0.78343
0.87498
0.78343
1.052
0.70958
0.877
0.77446
0.75509
0.71779
0.69502
0.99541
0.70307
0.67143
0.74989
0.77268
0.70146
0.90782
0.7379
1.0641
0.69823
0.69984
0.80538
0.69823
0.79616
0.7925
0.73961
0.76208
0.9506
0.71121
0.72778
0.74302
0.77804
0.79616
0.82414
0.71779
0.86896
0.71614
0.72946
0.7709
0.73282
0.75336
0.71779
0.98175
0.7925
0.72444
0.76384
0.90782
0.7709
0.70958
0.73621
0.71285
0.69823
1.028
0.71779
0.81658
0.75509
0.75683
0.79068
0.69823
0.74473
0.70632
0.74302
0.78524
0.74989
0.71121
0.68391
0.67764
0.75336
0.78163
0.72277
0.73961
0.70307
0.75336
0.69183
0.86896
0.79983
0.73961
0.76913
0.82604
0.74817
0.8414
0.73621
0.78705
0.77804
0.97949
0.8892
0.71945
1.1272
0.69823
0.72946
0.70632
0.70146
0.68865
0.70469
0.77625
0.74817
0.81658
0.90782
0.77268
0.72444
0.70795
0.73114
0.74817
0.68865
1.0814
1.135
0.75336
0.78524
0.80168
0.75683
0.96161
0.72277
0.68865
0.71945
0.68865
0.76736
0.84333
0.73282
0.70795
0.69663
1.135
0.96828
1.0447
0.79616
1.1402
1.2078
1.4093
1.6672
1.6144
0.93756
0.74817
0.90573
1.4421
1.0304
0.86298
0.89536
1.9634
1.8535
0.71945
0.69183
0.71285
0.68707
2.5823
2.5351
1.7298
0.77446
2.0417
4.1305
1.2942
6.8234
6.3096
7.8524
10.593
7.1614
6.3241
1.932
1.2706
0.93541
0.78886
0.90157
8.7096
2.5763
4.0551
6.9183
0.85901
0.82035
10.046
9.2897
7.9616
8.147
13.428
1.652
0.72946
0.69823
0.80168
5.5463
4.5814
3.5237
0.70146
0.78705
0.77625
0.78524
0.86099
0.95499
0.90573
0.8414
0.92683
0.82035
0.78524
0.92045
0.86099
0.91201
1.2474
0.64714
1.2677
0.85114
2.5645
2.6607
1.1298
1.8836
1.9815
2.7102
2.3659
0.74131
2.5527
5.0466
2.7102
2.0184
1.0328
0.70795
0.98628
0.73961
0.68707
0.74645
1.3709
0.74302
0.73451
3.4674
3.5481
0.87498
1.5488
2.2491
1.6711
1.6406
2.133
1.0765
1.1668
2.6977
1.5812
0.79616
1.5922
0.77983
0.71945
2.2029
1.5136
0.74302
0.8892
0.79799
0.85507
1.0889
1.0666
1.3996
1.556
0.9247
0.76033
1.094
1.8281
1.6596
0.76033
0.72611
0.73282
0.67453
0.68549
1.0304
1.7906
1.7579
1.7298
0.86497
0.97499
1.0765
1.0399
1.2134
1.6634
0.71121
0.75858
0.75336
0.70632
0.77625
0.87902
0.75336
0.76736
0.72611
1.5453
2.2909
2.133
0.98628
1.3122
1.6444
0.71121
0.69984
0.70632
0.70958
0.72111
0.80168
0.71121
0.74131
0.71614
0.75162
0.76033
0.72111
0.73621
0.71285
0.76384
0.70958
0.70632
0.68391
0.69502
0.68707
0.70146
0.76384
0.71285
0.72611
0.71285
0.68865
0.74817
0.71614
0.75336
0.74817
0.70469
0.69024
0.69024
0.68707
0.74645
0.71779
0.99312
0.67143
0.72778
0.69663
0.67764
0.74473
0.68077
0.68234
0.68707
0.74645
0.70307
0.69823
0.68865
0.75336
0.73451
0.70307
1.256
1.5776
0.70146
1.1169
0.87902
0.69984
1.052
1.7824
0.9247
0.9506
1.3213
1.7418
1.6255
1.3868
0.91411
1.2942
2.1777
2.2961
2.2439
0.75162
0.77804
3.3574
4.9317
3.4119
2.1038
3.9264
0.78705
2.6485
6.3241
0.7709
0.77983
0.91411
0.7709
0.76736
0.75509
1.0965
0.75509
0.82604
0.82035
0.70795
0.65917
1.803
0.87902
2.7925
0.70146
0.71121
0.71945
0.68865
0.68707
0.70469
0.70795
0.71121
0.67143
0.68865
0.71945
0.70632
0.72277
0.74473
0.71285
0.68707
0.71121
0.67608
0.70307
0.70958
0.70146
0.74645
0.72111
0.72778
0.72611
0.70307
0.73451
0.74989
0.78886
0.8091
0.7656
0.81846
0.75509
0.82794
1.2078
0.74817
0.7656
0.69502
0.7379
0.91411
0.69502
0.83176
0.79433
0.73114
0.77983
0.67764
0.72111
0.76384
0.69984
0.72277
0.67764
0.74473
0.68234
0.72778
0.77983
0.81658
0.71285
0.70469
0.71285
0.71779
0.67298
0.68865
0.68865
0.71614
0.69984
0.69984
0.70795
0.69183
0.70146
0.80538
0.74473
0.69183
0.72778
0.70632
1.6181
0.68865
0.7145
0.97051
0.70307
0.70469
0.69984
1.0046
0.69663
0.76736
0.71945
0.75509
0.69984
0.9977
0.70469
0.82035
0.92897
0.89331
0.68865
0.7709
0.8414
0.89743
0.72444
0.71285
0.85704
0.7709
0.67764
0.74989
0.82985
0.69183
0.69343
0.7379
0.70469
0.81096
0.93541
0.69343
0.73961
0.76208
0.70307
0.77446
0.96605
0.71285
0.88308
0.71121
0.74645
0.91622
0.71614
0.70146
0.83368
0.71614
0.90573
1.0304
0.68549
0.66527
0.68234
0.68549
0.67764
0.70958
0.70307
0.71614
0.68865
0.67453
0.89743
0.68077
0.72444
0.78886
0.69024
0.68707
0.79068
0.66988
0.8414
0.78705
0.69183
0.70958
0.74817
0.78343
0.68865
0.87498
0.80538
1.1092
0.70146
0.72778
0.75162
0.8356
0.74645
0.67453
0.85507
0.81096
0.69024
0.66069
0.69984
0.8414
1.1015
0.68865
0.93756
1.3836
1.0139
0.75336
1.4093
0.89125
0.80538
0.82604
0.74473
1.3366
2.884
1.1482
1.3152
0.70958
0.70146
0.67143
0.69343
0.67453
0.69984
0.69024
0.70795
0.70795
0.75683
0.67608
0.72444
0.70632
0.65313
0.72444
1.0839
1.3152
1.0593
1.1614
0.90157
1.5171
1.1995
1.6788
0.69343
0.83753
0.84333
0.93325
0.97724
0.94189
0.87297
0.87096
0.73961
0.85704
1.2942
1.1722
0.72111
0.71121
0.75683
0.65313
0.6792
0.9506
1.074
0.66834
0.71285
0.70469
0.67453
0.69343
0.66527
0.75162
0.69984
0.73961
0.74131
0.8356
1.0162
0.93972
1.0023
0.70469
0.70795
0.71779
0.69984
0.72111
0.74473
0.70307
0.73282
0.6792
0.70632
0.94624
0.97499
0.69823
0.80168
0.93972
1.0046
0.74302
0.74131
0.68707
0.71285
0.73451
0.76384
0.70307
0.7145
0.73451
0.85507
1.0209
1.4289
1.2589
0.71121
0.69823
0.66374
1.0889
1.2647
1.1117
1.5311
1.2417
1.3335
1.39
1.3964
0.68234
0.68865
0.66834
0.69024
0.97051
0.92897
0.75509
0.93111
0.83368
0.75162
1.4521
1.4791
0.69502
0.79983
0.68391
0.68391
0.73621
0.72111
0.73282
0.71779
0.70795
0.6792
0.68077
0.69024
0.67608
0.6792
0.73451
0.73114
0.69183
0.70307
0.72611
0.77804
0.69502
0.67608
0.67608
0.67608
0.69663
0.69024
0.68077
0.69183
0.68549
0.68865
0.71121
0.85114
2.3659
1.3804
1
0.88105
1.1858
1.2303
1.1535
1.0691
1.1376
1.3213
1.845
0.90157
0.84918
0.91201
0.9247
1.0304
1.3305
0.68549
0.74131
0.76913
0.75858
0.8356
0.7379
0.81096
0.7379
0.70795
0.69502
0.71945
0.70795
0.79616
0.71779
0.75683
0.69823
0.70958
0.69024
0.68707
0.67143
0.66374
0.65766
0.69823
0.68234
0.68234
0.70632
0.74131
0.74645
0.69823
0.76913
0.78524
0.70307
0.71285
0.81658
1.1858
0.72611
0.68707
0.68234
0.70469
0.94624
0.73451
0.67764
0.74302
0.70469
0.71285
0.7925
0.71779
0.73282
0.68234
0.71121
0.77983
1.3092
1.1015
0.90782
1.5136
1.5668
0.67453
0.68234
0.76208
0.73282
0.69663
0.73114
0.70632
0.69024
0.72611
0.69823
0.72946
0.6792
0.69823
0.81846
0.75509
0.75858
0.72111
0.75336
0.69502
0.75162
0.84528
0.92683
0.71945
1.2794
0.70958
0.71121
0.74817
0.71614
0.73451
0.71945
0.74645
0.68391
0.7656
0.70632
0.7379
0.73961
0.68707
0.70795
0.69823
0.76208
0.70146
0.70469
0.69183
0.71779
0.72611
0.70469
0.72946
0.71614
0.70958
0.72277
0.69502
0.71121
0.73451
0.74302
0.67608
0.72778
1.977
1.5101
1.1508
1.6672
0.73282
0.75162
0.82985
1.4622
1.9275
0.99083
0.72778
0.87096
1.4158
1.1041
1.4962
1.7298
1.932
0.64269
1.2882
1.0162
0.82224
0.71945
0.93756
1.3677
1.5205
0.70958
0.70632
0.69343
0.77983
0.70469
1.6672
1.5776
1.5704
0.72778
0.72946
0.68549
0.69502
0.66527
0.69024
1.5031
1.3092
1.0162
0.97724
0.68549
0.68077
0.86696
0.71945
0.69823
0.69183
1.052
0.99541
1.2331
1.0965
0.70632
0.66988
0.71121
0.69984
0.6792
0.73282
1.0375
1.1376
0.67453
0.66834
0.66222
0.65464
0.82035
1.1482
1.0209
1.3122
1.3428
0.72111
0.76033
0.69823
0.71121
0.71121
0.74131
0.68077
0.69984
0.70307
0.66374
0.67608
0.69183
0.66681
0.69343
0.70958
0.69343
0.66069
0.68077
0.69024
0.69823
0.72111
0.76913
0.6792
0.72277
0.68865
0.69343
0.66374
0.69502
0.67453
0.68865
0.68234
0.6792
0.72444
0.66834
0.66681
0.67764
0.87096
0.66374
0.66527
0.66834
0.65013
0.65313
0.69024
0.67764
0.67608
0.67298
0.66222
0.65013
0.65464
0.73451
0.66222
0.73621
0.66681
0.69823
0.67764
0.6792
0.68391
0.66374
0.68549
0.68234
0.66681
0.69502
0.68234
0.68234
0.67764
0.66988
0.66527
0.67143
0.67298
0.69823
0.65917
0.66527
0.69663
0.68865
0.71121
0.67298
0.67143
0.75336
0.67453
0.69663
0.67764
0.68077
0.70146
0.64565
0.67298
0.72444
0.75683
0.66681
0.72946
0.70469
0.68077
0.67298
0.72277
0.66069
0.69502
0.70632
0.74473
0.69984
0.69823
0.71779
0.68077
0.74302
0.69343
0.76384
0.70632
0.68865
0.72111
0.72611
0.72778
0.74473
0.69024
0.70795
0.69502
0.67764
0.69024
0.69183
0.69984
0.72277
0.72778
0.70632
0.68391
0.70469
0.69183
0.71121
0.69823
0.6792
0.65313
0.66222
0.69024
0.66527
0.6792
0.68549
0.7379
0.69502
0.6792
0.73961
0.74473
0.68707
0.71285
0.65766
0.67453
0.68549
0.69183
0.69823
0.71945
0.68865
0.71945
0.68234
0.71614
0.66834
0.71779
0.69823
0.69984
0.7145
0.73451
0.72778
0.68234
0.71779
0.72111
0.71614
0.73114
0.69502
0.71285
0.68391
0.72611
0.70146
0.76384
0.72778
0.67608
0.7145
0.74645
0.70795
0.71779
0.74131
0.83753
1.2417
1.3183
1.5596
1.2388
0.90365
0.93111
0.97949
0.97051
1.1561
0.93111
0.93111
0.81283
0.76033
0.85114
1.3428
0.68234
0.70469
0.67608
0.72111
0.69502
0.71614
0.66834
0.68234
0.70795
0.73114
0.7145
0.70469
0.68707
0.90782
0.82604
0.72611
0.75683
0.69663
0.69823
0.69823
0.67298
0.69343
0.72111
0.70632
0.68391
0.73282
0.67143
0.65464
0.68707
0.65464
0.69343
0.64714
0.69502
0.66527
0.66374
0.68865
0.69024
0.68865
0.6792
0.68707
0.66988
0.65766
0.71121
0.68234
0.65917
0.69183
0.66527
0.6792
0.70795
0.66681
0.70632
0.72611
0.71121
0.68865
0.69183
0.68077
0.68549
0.70795
0.69823
0.71285
0.68549
0.70307
0.6792
0.67453
0.69183
0.68549
0.70146
0.65917
0.69984
0.70795
0.69984
0.71945
0.73621
0.71285
0.76208
0.70958
0.76913
0.92045
0.69663
0.90365
0.7379
0.68865
0.69502
0.70958
0.6792
0.72778
0.68077
0.70307
0.74302
0.72444
0.68234
0.66988
0.67764
0.72111
0.68707
0.67453
0.66681
0.70469
0.6792
0.68549
0.67764
0.67608
0.68549
0.69984
0.71614
0.67143
0.66222
1.1117
0.75162
0.71945
0.72111
0.76208
0.85507
0.73451
0.76736
0.78705
0.7709
0.78524
0.75858
0.8091
0.70307
1.3213
0.80168
0.72277
0.67143
0.70795
0.70632
0.70146
0.72946
0.67608
0.69984
0.68707
0.70958
0.71121
1.574
1.0765
0.90365
0.69663
0.67608
0.76208
0.67143
0.73114
0.69343
0.82035
0.70307
0.78705
0.68549
0.65464
0.75162
0.82414
0.70146
0.69343
0.78163
1.1246
0.80538
0.69823
0.69024
0.66069
0.72111
0.82224
0.67453
0.71285
0.69183
0.70469
0.69183
0.74473
0.66988
0.72444
0.91201
0.65313
0.68549
1.0257
0.77983
0.71285
0.66527
0.67608
0.67453
0.69183
1.0691
1.4454
0.98401
1.028
0.7145
0.70469
0.69984
0.66681
0.63387
0.74989
0.65313
0.65766
0.79616
1.0328
3.2063
1.0765
1.0069
1.0715
0.92257
0.94842
0.82224
1.2134
0.99083
1
1.1803
1.2853
1.2445
1.1885
1.1455
0.86896
1.6943
0.94624
1.4388
1.3964
1.1588
1.1194
1.0023
0.93756
0.94842
1.2274
0.84918
0.70146
0.90782
0.75683
0.79068
0.85507
0.71779
0.7925
0.72444
1.0495
1.4421
1.6943
2.5003
2.0701
0.67608
0.71121
0.69823
0.72111
1.3366
0.7709
0.70146
0.98175
0.99083
0.79983
0.69343
0.68234
0.70632
0.74302
0.75509
0.69024
0.77983
0.68077
0.68707
1.1376
0.72444
1.0093
0.71121
0.76384
0.79983
0.6792
0.81283
0.68549
0.72277
0.70469
0.69024
0.71945
0.71285
0.78524
0.93111
0.74473
0.75509
0.70795
0.66988
0.72611
0.82985
0.73451
0.78705
1.052
0.70307
0.83753
0.65464
0.68865
0.75336
0.67764
0.70795
0.70307
0.65766
0.88105
0.70795
0.72111
0.69984
0.71779
0.69663
0.68865
0.68549
0.67764
0.69024
0.70958
0.84333
0.69183
0.68234
0.92045
0.78163
0.72946
0.7709
0.69183
0.88716
0.79983
0.69984
0.93325
0.67453
0.66222
0.68391
0.72946
0.68234
0.71779
0.69343
0.7379
0.69823
0.70632
0.71614
0.69024
0.73451
0.73961
0.72611
0.65917
0.68549
0.67453
0.77804
0.70146
0.74817
0.70958
0.7709
0.90991
0.6792
0.69502
0.73282
0.72444
0.7379
0.70469
0.70632
0.6792
0.72611
0.97949
0.69823
0.70307
0.72111
0.66988
0.70632
0.68549
0.65917
0.65615
0.66374
0.72778
0.68077
0.69502
0.70795
0.72111
0.71121
0.69823
0.97724
1.2388
0.86099
1.1298
1.1455
1.9231
1.2474
0.75162
0.89743
0.75683
0.68865
0.74645
0.74989
0.69984
0.72444
0.74473
0.72946
0.72611
0.67608
0.74989
0.70795
0.69663
0.69663
0.71779
0.67764
0.68707
0.66988
0.74302
0.73961
1.7989
4.1976
2.8642
0.78163
2.0324
3.4041
5.2602
3.062
1.8793
0.78886
0.76208
0.73114
6.3973
3.0974
6.1094
1.556
0.96383
0.81096
0.78886
1.3804
1.1535
1.1858
1.0864
0.79433
1.5101
0.70958
0.72611
0.69024
0.70146
1.2445
1.1015
0.98855
1.1272
1.219
1.0257
0.99541
1.8707
0.73114
0.69343
0.73282
0.72277
0.73451
4.8753
3.9902
0.68865
0.69663
6.5163
2.673
0.81846
9.7949
5.4576
9.528
1.977
1.0186
1.0666
0.96828
7.0469
13.397
6.1802
8.6497
5.6754
6.792
1.074
0.83946
2.5003
0.78705
0.8091
0.9977
6.0674
6.9984
7.5509
3.4041
1.2794
1.4622
4.4566
8.5901
7.3961
0.7709
0.79068
0.78886
0.83753
0.79616
0.79799
0.79983
0.70632
0.68391
1.5704
1.0495
1.7579
0.78705
0.74131
0.76913
0.7379
0.79068
0.75858
0.71779
0.74131
0.77446
0.78163
0.72778
0.70469
5.3088
22.646
5.9156
9.5499
9.7724
1.3932
0.71121
0.68707
0.67453
0.68077
0.70795
0.68707
0.68234
0.72277
0.68707
0.71945
0.72946
0.6792
0.73621
0.75683
0.71285
0.80538
0.73114
0.70795
0.69984
1.2503
0.88512
0.73282
0.75336
1.5922
1.4223
0.93541
0.8147
0.72111
1.2589
0.69663
0.66681
0.71614
1.6255
2.2803
1.3092
0.83176
0.79433
0.82414
0.82414
1.3772
1.8155
1.1508
0.71285
0.7145
0.70469
0.67453
0.73451
1.4322
0.66681
0.69343
0.66988
0.7145
0.71614
0.6792
0.74473
0.65464
0.68865
0.71121
0.70632
0.77625
0.70632
0.74473
0.74302
0.70307
0.71779
0.69984
0.73621
0.70307
0.70795
0.71121
0.69343
0.71614
0.6792
0.69183
0.66374
0.67298
0.66834
0.66069
0.66374
0.73114
0.72778
0.68077
0.75162
1.1455
1.3552
1.4723
1.374
1.888
0.67143
0.72611
0.75336
0.69024
0.70146
0.69663
0.70146
0.69183
0.68707
0.69183
0.71945
0.7145
0.70146
0.69823
0.72946
0.72111
0.71779
0.70958
0.71121
0.71285
0.72946
0.72444
0.71614
0.70469
0.71945
0.69024
0.68865
0.70795
0.67764
0.71779
0.67143
0.69183
0.71285
0.70795
0.64417
0.71285
0.67143
0.68077
0.68077
0.67143
0.70958
0.69024
0.68077
0.68865
0.68865
0.67298
0.67608
0.69823
0.69823
0.67608
0.69663
0.6792
0.79068
0.70307
0.82414
0.74817
0.67298
0.66834
0.70146
0.69343
0.77983
0.67143
0.69823
0.70307
0.70146
0.70958
0.68391
0.68865
0.68077
0.69984
0.68549
0.67298
0.73621
0.7379
0.72444
0.74131
0.70469
0.66988
0.70632
0.74473
0.71779
0.70146
0.70307
0.72611
0.67298
0.71285
0.66222
0.66527
1.0423
0.98175
0.84723
0.90782
1.2972
0.85901
0.87902
0.92683
0.94624
1.2531
0.88105
1.0233
0.91411
1.2531
1.6181
1.4655
1.2106
1.0069
0.97275
1.0328
1.1272
0.9594
1.1169
1.0186
1
1.1041
1.0666
1.1614
0.83753
1
2.0417
0.69183
1.1194
0.87096
0.91201
0.79799
1.0691
1.1995
1.2823
1.1588
0.97724
1.7418
0.75683
0.6792
0.69663
0.71285
0.81846
0.66834
0.67143
0.76913
0.7709
0.70958
0.76384
0.71945
0.74817
0.79983
0.70307
0.74131
0.70632
0.73961
0.69343
0.71779
0.72444
0.71614
0.70146
0.71121
0.68234
0.70307
0.66834
0.70795
0.72778
0.67608
0.67608
0.68077
0.71121
0.70469
0.66527
0.72444
0.74989
0.78163
0.77804
0.65766
1.9679
1.556
0.81846
0.7709
0.74645
0.92257
0.69024
0.88308
0.70469
0.66834
0.81658
0.68707
0.68234
0.70146
0.68077
0.91201
0.8414
0.88105
1.0666
0.69984
0.877
0.66069
0.74817
0.69823
0.69502
1.0116
0.82794
0.79616
0.8414
0.69502
0.91201
0.66374
0.84918
0.84723
1.0423
1.9679
1.2794
1.0447
0.91833
1.0257
1.0789
0.68707
0.69823
0.72611
0.68391
0.72277
0.67453
0.74645
0.72611
0.68549
0.68707
0.72111
0.69343
0.72111
0.67764
0.68707
0.70307
0.71779
1.8621
2.5527
0.96605
0.78886
0.83946
0.76736
0.71614
0.76208
0.77804
0.78343
0.8892
1.4256
1.052
0.74989
0.70958
0.66681
0.69024
0.71285
0.68707
0.67764
0.69343
0.94406
0.83946
1.0351
1.3459
0.65766
0.88308
0.7925
0.70469
0.64417
0.7145
1.2912
1.4791
0.76208
0.73451
0.79068
0.77268
0.73451
0.74473
0.80168
0.82224
0.80353
0.87096
0.75162
1.0914
1.4223
0.71614
0.72611
0.66069
0.7145
0.98628
2.4889
0.67298
0.70307
0.70958
1.6943
1.0093
0.79616
0.76384
1.6255
0.71779
0.66374
0.68391
0.71945
0.65313
0.68234
1.1324
2.6915
1.7783
0.79433
0.85507
1.1482
1.4488
0.85114
0.82794
0.81283
0.93325
1.1169
1.5066
1.4825
2.7227
1.3996
1.6943
1.3521
0.93111
0.85704
2.0417
1.1455
1.556
0.69024
0.72778
0.70632
0.7379
0.66988
0.69343
0.69024
0.65615
0.66374
0.67608
0.67298
0.70632
0.67453
0.69343
0.68234
0.66988
0.69663
0.68707
0.71285
0.65917
0.65766
0.73451
0.71945
0.70469
0.69183
0.67143
0.68707
0.69343
0.68077
0.66988
0.70795
0.69984
0.69502
0.67453
0.69663
0.76384
0.72277
0.72444
0.72277
0.69343
0.6792
0.69343
0.67764
0.69183
0.67298
0.68234
0.74131
0.72111
0.88308
0.84333
0.9506
2.9512
1.845
11.455
6.1376
9.7275
7.0958
2.7164
1.3305
4.5186
8.9125
6.5013
5.4702
7.6913
9.3111
6.6681
5.3703
3.3343
0.73961
6.3533
10.139
5.8479
3.3963
1.9543
0.70146
2.8314
8.1096
10.814
9.5719
10.965
11.588
9.4189
8.0538
0.79616
7.4645
0.94406
1.0789
0.82794
0.92897
1.3868
1.3243
2.9107
1.9055
0.77625
0.89331
0.93325
1.5205
0.97051
1.8408
1.3428
1.6904
4.592
3.3729
4.5604
7.4302
7.4645
10.447
7.6208
9.2257
9.3756
8.356
11.614
6.8077
8.7096
7.5509
0.8995
0.78886
0.7709
0.74302
1.219
0.73114
1.714
2.7797
0.79983
2.0417
0.76736
0.68865
0.79616
0.7379
1.0641
1.4289
1.2912
0.93325
1.194
1.2359
1.0889
1.028
0.92897
0.87902
1.2274
2.3335
0.74302
0.70795
0.74817
0.74817
0.69502
0.72111
0.73114
0.71285
0.70307
0.73114
0.9506
0.70146
0.73451
0.70795
0.69663
0.74473
1.8323
0.77983
0.72778
0.77625
0.70958
0.69024
0.73282
0.80724
0.71285
0.68549
3.9902
7.7804
9.8855
11.092
10.914
8.2985
6.8077
10.471
13.74
14.093
12.05
12.023
0.83753
7.6033
13.614
11.35
11.83
13.583
12.331
2.904
9.0157
13.428
25.468
12.05
10.914
18.836
11.429
11.94
12.853
14.355
14.028
24.322
14.997
19.099
14.322
0.90991
1.0209
1.8967
6.5917
22.439
12.853
12.706
11.482
30.62
12.05
12.677
9.3541
29.648
13.868
15.74
12.531
8.7297
10.889
13.428
2.5177
3.3651
15.382
10.399
9.8175
4.4055
7.8163
12.078
0.96161
1.2531
9.3325
11.246
9.2683
12.134
11.912
10.116
15.382
14.256
26.73
7.7983
8.2985
8.6896
2.3174
10.186
13.062
15.922
18.155
12.218
17.219
12.823
10.351
11.776
14.256
41.687
12.677
9.4624
13.274
11.858
15.668
14.454
12.246
11.858
11.995
10.046
1.7338
2.851
1.0641
2.7797
1.2274
0.91833
3.6058
10.814
11.749
10.789
11.912
12.218
12.677
11.402
10.399
7.9983
9.977
11.246
12.218
11.695
9.0157
0.78163
16.368
14.421
11.35
11.429
3.8194
1.3002
2.9992
24.946
13.335
18.923
13.335
15.346
17.579
14.997
12.078
10.544
4.5186
1.6293
7.1945
12.218
9.9083
9.3541
11.803
8.995
11.246
16.982
14.655
10.399
6.5313
12.359
9.7275
4.4361
11.722
3.5481
14.588
15.031
6.9984
9.0365
11.885
11.885
9.528
27.669
11.35
10.257
19.409
9.1622
6.6834
9.4624
7.5683
11.376
14.689
12.503
11.429
11.535
18.197
9.4624
9.3325
11.246
8.892
12.303
10.162
0.8356
1.1376
0.97724
0.85507
1.2912
0.83753
0.99312
1.0257
0.98401
0.96161
5.9293
9.977
12.162
11.967
11.668
0.68707
1.2531
1.2388
1.1169
0.97499
1.2162
1.2331
1.1143
5.2966
9.528
15.596
15.311
13.274
10.99
19.543
8.9125
0.82414
17.061
4.6881
1.4256
9.4189
5.9841
12.882
9.6383
11.041
9.6161
11.508
10.593
24.547
16.788
10.423
11.298
8.7297
9.7724
4.4875
6.6374
17.179
19.143
11.041
14.454
9.8628
6.9823
9.0991
6.6988
8.356
15.205
17.022
0.77268
1.9055
12.303
12.589
11.015
12.677
13.677
8.7297
20.417
12.417
7.6736
7.1614
10.186
13.49
10.814
11.298
11.015
12.56
3.9264
12.078
9.9083
1.2445
6.8234
18.281
9.6161
1.4894
1.762
1
1.0093
1.1169
1.4928
1.0495
1.0691
0.96605
0.9977
1.6596
1.9011
0.67298
0.73451
0.68077
0.70795
0.74989
0.82604
1.0209
0.93325
0.78163
0.76913
0.94842
0.86896
1.0375
1.875
0.81096
0.79433
9.4842
10.304
10.544
12.106
14.555
10.495
17.14
8.7096
12.531
7.8524
12.823
6.0256
12.023
14.859
10.375
12.882
12.647
10
11.194
12.735
12.618
27.102
2.8708
1.1429
4.9091
11.143
12.589
2.7227
1.2677
3.7584
8.1096
5.902
0.71121
0.71945
0.73282
14.454
15.031
8.5114
9.7051
13.709
11.376
10
12.531
7.4473
7.8163
3.2885
7.709
14.588
17.258
17.906
9.4406
10.617
9.594
13.152
13.274
11.298
0.83368
4.1783
5.2966
10.233
11.324
10.304
0.81846
3.3189
8.8105
3.6813
26.363
16.672
0.7709
0.78886
0.83946
0.8414
0.80353
1.2503
11.169
12.853
0.71614
0.71779
0.73961
0.75858
0.73282
0.70307
1.7539
1.0304
0.76033
0.72277
0.72277
0.80353
0.76033
0.74131
0.70469
0.78343
0.68391
0.71121
0.75162
0.72111
0.81096
0.77446
1.0617
0.90573
1.0914
0.69984
0.75683
0.91622
0.80538
0.7379
1.2882
0.9247
2.8445
1.71
3.7931
1.0568
0.68391
0.75683
0.7656
0.71945
1.5596
0.71285
0.72277
7.0795
8.5901
9.7275
9.0573
8.2794
18.365
15.417
12.531
46.881
13.366
11.749
6.4417
9.4842
1.0304
1.3459
1.6181
1.5205
6.4863
1.1429
0.69183
6.4565
11.169
14.158
9.4189
9.7275
1.0568
6.2087
9.9083
13.243
10
11.508
10.447
7.3961
8.1846
11.668
11.803
9.7499
10.186
10.046
13.552
10.28
8.0538
12.794
10.914
8.892
11.641
0.81658
4.1495
4.0551
0.78886
0.74131
0.70469
0.80724
0.74473
7.7625
2.3388
1.2417
7.8163
12.274
15.922
8.0168
11.94
12.445
10.593
5.4325
0.89331
0.71779
0.71945
0.73282
2.3988
5.0816
1.8197
1.194
1.1117
1.0375
1.3152
1.3183
1.5066
8.1096
13.092
10.162
18.836
9.3111
12.531
11.995
12.218
12.162
12.618
8.8716
0.75683
0.7709
0.80168
0.83176
0.8531
1.3152
2.9444
3.6141
0.73282
7.9799
9.8628
10.162
0.72444
0.73451
0.81846
0.70958
13.583
14.488
9.0573
12.531
10.74
29.04
12.853
13.122
8.77
15.56
9.8628
13.002
15.101
6.7608
5.0466
0.71285
1.1695
2.2803
4.2267
0.69984
12.764
8.9331
5.5463
11.94
12.474
8.4333
12.445
13.804
1.1117
9.506
8.3753
9.5499
6.1235
15.56
14.894
13.804
10.641
3.9174
2.8445
4.7424
1.1858
4.1591
5.2723
11.749
17.539
5.2481
5.3211
7.9433
0.71614
8.4723
16.672
11.298
11.776
12.531
11.94
12.706
11.885
7.7804
0.82794
0.82035
0.84528
0.84333
0.81658
0.75683
3.9174
3.0832
1.8967
10.52
7.0146
13.243
9.8628
14.355
10.257
14.689
6.8391
13.804
3.8726
2.2029
4.2658
0.83946
1.3614
3.3806
1.2106
1.205
1.5205
6.1235
0.69343
3.54
9.4189
11.83
11.695
22.542
7.8524
14.588
11.402
10.864
11.35
15.668
17.061
14.928
10.375
10
16.331
10.74
9.5719
12.445
14.825
13.646
0.75336
4.2658
13.932
11.885
12.218
13.092
10.839
12.162
8.8308
10.715
14.757
20.23
11.482
12.106
13.521
12.05
1.0593
4.217
10.94
13.552
11.324
12.218
11.298
13.274
1.2503
1.2677
6.7608
11.324
0.7145
1.1143
7.9433
8.77
1.0715
1.3677
14.488
16.52
15.922
14.223
10.304
7.7268
12.56
19.454
14.894
10.209
14.791
14.028
7.656
12.853
14.997
12.972
10.233
11.402
12.417
12.853
15.136
12.531
7.7804
12.794
14.791
14.791
13.996
10.641
10.069
2.1135
9.2257
18.03
13.002
13.366
13.614
17.498
14.388
4.3652
6.6681
4.592
20.091
12.764
12.853
16.331
11.508
14.689
9.1201
20.37
16.672
14.488
14.093
3.4119
0.82985
3.0761
11.885
3.0479
1.2246
5.1642
13.183
14.256
9.506
9.7724
3.7757
9.0365
0.8091
0.97499
0.82035
0.71285
0.8091
1.7061
6.6988
13.646
8.6696
12.246
12.618
9.6605
12.417
13.646
12.023
14.757
12.56
11.858
5.8076
13.459
0.73282
12.942
14.555
15.136
11.22
10.023
14.06
11.402
3.5237
2.2751
0.73114
6.1802
17.418
0.68234
11.695
12.735
11.535
15.136
13.366
12.503
13.397
15.776
7.8886
0.97724
0.9247
1.1561
1.2764
1.2359
1.0641
1.205
1.1614
1.2589
1.3677
2.9717
14.488
15.74
17.378
18.323
21.979
14.723
28.184
6.1518
16.331
14.894
12.853
11.041
32.509
11.695
11.429
14.521
23.605
11.668
9.6605
18.578
11.429
0.82604
0.86696
2.7925
16.827
9.6605
14.791
16.482
19.498
5.781
17.906
14.125
19.724
16.255
17.061
13.305
13.868
15.241
8.0538
13.836
1.1376
0.69984
0.71285
0.74817
0.82794
0.77446
0.67298
0.92683
0.82414
1.1482
11.94
18.923
0.69024
0.74473
12.445
6.6681
10.257
13.677
2.7416
1.714
2.2284
2.4044
0.72946
0.92683
0.76033
0.97051
1.7865
1.1041
0.8892
1.1298
1.406
1.0666
0.93111
1.0864
1.5885
1.052
1.3274
2.4717
0.68549
0.66834
0.77983
0.74131
0.71614
0.9506
0.75162
1.5849
0.8531
1.0257
0.7379
0.71779
0.86696
1.3366
1.7579
0.8995
0.90573
2.4946
1.8072
1.0139
0.69502
0.76913
0.74989
0.74817
0.76736
0.6792
