1.1376
0.7709
1.7458
0.73961
0.79068
0.91833
0.80538
0.79799
0.73282
0.76033
1.0257
0.97499
0.82224
0.88716
4.0832
4.6774
2.3442
1.1535
0.93325
1.1092
1.0328
0.90157
0.96828
1.0046
1.8923
1.4655
0.95499
0.6368
0.74989
1.1482
0.74989
0.79799
0.90991
0.8995
1.205
1.1641
1.3305
1.1324
1.3152
1.2882
1.6069
2.1928
0.86298
1.3709
3.155
2.0654
1.3646
2.2029
1.2246
2.2699
2.2699
2.2699
2.2699
2.2699
2.2699
2.2699
2.2699
2.2699
2.2699
2.2699
2.2699
5.105
1.6218
1.1967
0.98175
0.93541
0.88105
0.92897
0.89331
2.4434
1.6406
1.2359
1.0965
1.4723
1.2246
1.0257
1.0209
1
0.9247
1.052
1.2764
1.2078
7.5509
13.521
6.1944
5.6234
4.7098
5.559
0.95499
1.3964
0.69823
0.74645
0.77625
1.8621
1.0447
1.0186
0.8531
0.74817
0.82224
0.77983
0.68865
0.74302
0.73961
0.77804
0.69823
0.74302
0.73451
0.73621
1.0139
0.90157
1.5524
0.76736
0.79068
0.73451
0.8091
0.77983
0.86099
0.72778
1.3772
2.9785
3.2885
0.74645
0.75336
0.75162
1.2078
0.73451
1.0965
1.1588
0.94842
0.78524
1.9953
1.766
0.91833
0.92257
1.5311
1.1912
0.90573
1.5885
0.92257
0.98175
4.8753
0.91833
1.3428
1.1508
0.8414
1.1117
8.3946
8.1846
0.65313
0.78343
0.71779
0.7709
0.78343
2.1777
13.152
9.7724
9.2897
2.3933
5.1523
1.183
3.0479
0.69343
0.68549
0.72946
0.74473
0.69343
0.71779
0.76913
0.70469
0.8995
0.79616
0.73621
0.68865
0.74817
0.91622
1.1117
2.799
0.84333
0.77446
0.89536
0.72946
0.82794
0.81658
0.87902
0.78524
0.97724
0.70632
0.69502
4.6881
1.0375
1.1858
0.89536
11.94
9.9312
1.3521
0.94842
1.1066
1.0233
0.90573
1.2106
1.5922
1.5959
1.0789
1.1885
1.374
1.2972
1.0765
1.1143
1.0023
3.2359
1.0093
1.4028
1.4825
1.1995
1.4689
1.2023
1.5382
2.5763
1.6444
1.2218
4.7098
12.331
18.072
9.5499
0.91833
0.82224
0.95499
1.2531
1.7539
1.2531
0.76208
0.70469
0.86099
0.69343
0.7925
4.102
0.73282
0.81096
0.67143
0.76208
1.0328
9.1833
1.8707
0.98401
1.4555
14.488
17.338
12.589
17.378
21.429
14.757
11.35
11.695
15.849
10.666
8.7297
16.069
13.122
11.272
0.93325
2.6424
9.1411
12.05
9.6605
9.4842
12.274
7.3621
7.709
14.322
12.417
12.218
8.995
1.1092
0.81658
3.7325
0.8356
0.99312
0.94406
0.81096
0.81658
0.84723
0.88105
0.81658
1.4289
1.122
3.1915
0.88512
1.0233
1.0328
0.96161
1.122
0.8414
0.8892
0.83946
0.71945
1.0789
1.2503
0.90991
1.0304
1.0186
1.0304
1.3583
1.3521
0.93325
1
0.97275
0.93325
0.98628
1.4689
5.4828
0.69823
1.183
1.7458
0.77268
0.72611
0.77625
3.8371
1.7701
0.69502
0.70632
0.65766
0.68391
8.5901
12.853
15.776
20.417
12.972
16.444
11.482
12.942
12.162
8.995
19.634
17.742
13.122
15.996
0.95499
2.0701
0.76033
1.6181
0.72444
1.6331
7.8886
16.904
16.634
14.655
15.849
13.183
11.561
7.0469
16.672
9.977
11.402
10.965
11.22
13.772
11.272
8.6696
3.8637
0.72778
0.89536
1.6218
1.6144
2.2961
3.1405
0.87096
0.70469
0.74989
0.72277
0.71285
0.72611
0.74302
0.78343
0.8147
0.70632
0.7379
1.3032
10.568
17.458
14.757
14.223
11.35
10.116
13.335
15.031
15.959
15.885
0.93541
1.0209
1.0375
0.92683
0.83176
1.2882
0.98175
0.76736
2.7102
0.83176
0.77446
13.932
18.408
6.6069
5.105
13.002
12.794
11.83
18.493
17.701
15.241
10.666
11.776
8.7096
12.503
1.8578
1.219
1.0666
1.1749
1.3804
1.5382
12.794
13.397
12.677
12.417
7.7625
1.9364
21.281
0.77625
0.78524
0.7145
0.66834
1.0544
0.85901
0.87902
0.73961
0.72611
0.67608
0.67453
0.69343
0.70795
0.71614
4.5394
0.69343
0.66988
13.9
13.335
13.964
11.588
15.171
13.305
12.794
11.588
20.184
1.2503
1.2388
0.71779
0.73114
0.70632
0.96828
0.86696
0.7925
1.0568
0.75683
2.4322
0.67453
1.4125
0.8995
1.074
1.6444
2.1677
1.0023
1.094
1.3428
1.1376
1.1588
1.2589
1.074
1.3804
2.4266
1.8072
2.0137
0.69024
4.3652
25.704
12.19
12.445
17.418
15.346
15.704
18.197
1.3646
7.1121
1.9143
0.85114
15.56
18.072
18.535
15.382
16.293
16.827
13.614
12.677
18.967
15.346
11.776
13.459
10.814
11.722
12.331
14.289
17.418
1.4158
1.5668
0.78886
14.158
23.067
14.125
13.428
14.093
20.797
20.989
6.3973
2.1038
1.6293
3.3266
2.0091
1.0023
1.0471
1.8535
6.8391
0.77446
0.68707
0.82035
0.79983
0.85704
0.8147
0.68234
2.9923
0.78343
0.79799
0.77983
0.79983
0.73621
0.69183
5.2723
17.022
21.528
14.825
16.482
18.535
15.417
14.488
16.943
13.335
13.213
0.8531
0.76208
1.1695
9.6828
17.66
14.488
13.062
15.171
13.9
16.181
12.19
15.311
8.9125
21.528
25.704
12.912
12.162
16.904
17.418
11.246
14.454
16.634
13.122
14.322
15.776
16.406
13.213
9.3972
12.134
14.191
1.374
2.0654
0.92257
0.79433
0.74302
1.1092
0.98855
0.84723
0.72611
0.96383
0.76736
4.5604
11.35
13.552
11.561
14.322
12.05
19.231
18.45
13.552
16.293
17.865
14.158
15.101
12.823
16.711
10.914
3.7239
1.4289
2.5586
8.995
15.205
13.122
12.303
12.023
15.922
12.331
15.346
8.9536
13.964
1.2106
0.89331
0.92045
7.7268
0.7656
0.69663
1.803
1.8323
0.92045
1.135
1.714
0.85507
1.2794
1.1668
0.96828
1.194
1.1641
1.9099
1.2388
1.205
1.4388
1.5031
3.3266
0.66374
12.647
17.906
16.634
21.577
26.546
11.885
14.689
23.067
18.836
18.323
13.709
15.136
13.183
9.8855
13.677
15.849
12.106
14.622
12.445
0.7656
0.86696
1.0162
0.82414
0.89743
1.5704
0.73621
0.87096
1.1858
1.0233
2.5586
1.2359
0.94406
0.90782
0.69343
0.86696
0.77804
0.69183
1.1117
0.78163
0.68234
0.73114
0.70795
0.69343
0.7709
0.67298
0.77804
1.5276
0.72946
0.70469
0.75683
0.70958
0.8531
1.7378
0.64269
0.72111
1.8408
0.68865
0.67298
3.7068
2.2961
0.65464
0.67143
0.65013
1.766
1.3804
0.69823
0.71121
0.64269
0.70307
0.73621
0.62373
0.72277
0.80538
0.83946
0.85507
0.71121
0.68865
0.67608
0.73961
0.99541
1.0162
0.72778
0.68865
1.652
10.046
8.0353
0.71285
0.91411
0.69502
0.69183
0.69984
0.74645
0.74131
0.74645
0.71121
0.6792
0.71285
1.5311
1.4488
0.66834
14.791
16.943
18.072
20.464
16.032
15.74
12.589
17.219
20.559
14.791
13.274
11.015
16.827
12.303
1.8793
1.0814
0.73282
1.5311
1.5812
2.8907
1.8197
0.92683
2.8576
10.74
16.255
12.618
16.672
14.689
13.49
13.213
12.942
11.749
11.298
12.589
12.445
13.092
11.967
11.83
1.9679
0.86896
1.2106
3.281
1.219
1.256
0.97724
1.652
2.2233
1.0666
1.0814
1.5631
1.1272
1.7989
0.72444
0.78163
0.68391
0.73114
0.77446
0.92897
1.5382
1.4355
1.8197
0.75336
0.90157
0.9528
2.2699
0.69183
0.71614
0.69024
0.66527
0.70146
0.66069
0.74302
0.63826
0.97051
2.7416
1.3646
0.66988
1.094
0.69024
0.68549
1.4825
2.0277
0.68077
4.0365
0.68234
0.69502
0.72778
0.76033
0.67608
0.72611
0.67764
0.64565
0.7925
0.65163
0.75858
0.67143
3.581
0.64269
0.68865
0.63241
0.70146
0.65013
0.71121
0.68234
2.704
1.7498
1.0069
1.4421
0.94842
1.8281
1.4158
1.028
1.1912
1.4289
1.2078
1.3213
1.1803
1.1803
1.1117
2.3988
0.67453
0.71945
1.9275
0.82604
0.67298
10.257
17.783
9.2897
0.64269
0.74131
0.65163
0.73451
0.6792
0.70795
0.67764
0.66527
0.67453
0.66834
0.85114
0.64417
0.76208
0.69024
0.72277
0.68549
0.63241
0.65013
0.68707
0.81658
0.67453
0.91833
0.75683
0.78343
0.73114
0.71285
0.70795
0.71614
0.79433
2.0893
0.76208
0.64863
0.70958
0.72277
0.63973
0.7709
0.63387
2.3388
0.64121
0.68077
0.67608
0.68391
0.69663
0.64863
0.66374
0.71779
0.70958
0.74131
0.68077
0.64863
0.70307
0.70146
0.68077
0.67143
0.64565
0.71285
0.83946
0.74302
0.70146
0.71121
0.64863
0.67298
0.75336
0.65013
0.65313
0.69024
0.65313
0.93756
0.70146
0.65013
0.71614
0.66527
0.70795
0.6792
0.65163
0.66681
0.70146
0.84723
0.65464
0.65313
0.7379
0.78705
0.70146
0.74645
0.67143
0.74645
0.67608
0.70632
0.66222
0.69024
0.77983
0.72277
0.66222
0.65464
0.68234
0.82035
0.64121
0.74989
0.70469
0.62951
0.65464
0.66527
1.8621
0.69024
0.71614
0.66527
0.6792
0.68077
0.61235
0.67298
0.79983
0.63973
0.66374
0.66069
0.63826
0.66069
0.69183
0.73621
0.64863
0.64863
0.66374
0.66222
0.63387
1.5631
3.9811
11.015
0.85507
0.67298
1.205
0.69663
0.83176
1.2764
0.84918
0.67608
0.65917
0.70146
0.66374
0.62373
0.64121
0.64565
0.65013
0.61802
0.70795
0.64714
0.65615
0.71614
0.64714
0.66222
0.6792
0.66222
0.65163
0.62661
0.64714
0.77268
0.71285
0.74645
0.67298
0.75858
1.1912
0.66069
0.70795
0.70958
0.71945
1.2445
0.64121
0.78524
0.66527
2.7102
0.66988
0.64565
0.64269
0.69024
0.65917
0.66988
0.65615
0.63973
0.65766
0.68707
0.67143
0.63973
0.65163
0.66374
0.6792
0.68391
0.68234
0.67298
0.69502
0.69343
0.65163
0.72111
1.3996
1.4322
0.97949
1.2106
1.4655
1.3996
0.66988
0.68077
0.65766
0.63826
0.65615
0.67453
0.63973
0.97275
0.66834
0.64714
0.67608
1.183
0.72277
0.65917
0.7145
0.66222
0.65766
0.63973
1.1194
1.7865
1.3092
0.68549
1.8578
1.2823
0.74989
0.68707
1.6634
1.0023
1.6827
1.0864
0.71779
0.72946
0.80168
0.78886
0.88716
2.0184
0.66069
0.66527
0.68234
0.64565
0.67764
0.65163
0.65766
0.69024
0.65464
0.6368
0.72111
0.64565
0.65615
0.70469
0.62951
0.69024
0.64417
0.70146
0.79983
1.2677
1.6711
0.66834
0.65313
0.64565
0.64714
0.68707
0.98628
0.66527
0.69663
0.66374
0.65013
0.78705
0.66222
0.64863
0.64269
0.63973
0.63387
1.8197
0.74131
0.73451
0.69183
0.67764
0.65163
0.62517
0.65013
0.65917
0.70632
0.90157
0.70958
0.66069
0.64714
0.65615
0.64863
0.68234
0.65917
0.65013
0.64565
0.83368
0.75858
0.66834
0.75683
0.70146
0.67143
0.77446
0.69663
1.0544
1.8535
0.70469
0.65313
0.68391
0.65163
0.66988
0.65163
0.68234
0.65163
0.64863
6.2806
0.96383
1.2735
0.78524
0.82794
0.78705
0.86696
0.93972
1.3122
1.3709
1.074
1.3002
1.9011
0.9528
1.0568
3.4995
0.69343
0.73621
0.66222
0.65464
0.67143
0.6792
0.68549
0.70795
0.66527
0.69502
0.64417
0.64565
0.64863
0.69823
0.6792
0.71121
0.66222
0.67453
0.69823
0.65013
0.66681
0.72277
0.63826
0.63973
0.6368
0.64269
0.66834
0.65917
0.69823
0.67298
0.63533
0.64417
0.66527
0.66988
0.65163
0.70469
0.67143
0.68234
0.64417
0.66527
0.70795
0.74131
0.67143
0.67608
0.65615
0.69502
0.65615
0.62661
0.68077
0.72111
0.69343
0.69024
0.71285
0.65917
0.65766
0.69343
0.68391
0.69984
0.68391
0.70146
0.68707
0.70307
0.65013
0.75162
0.68865
0.68234
0.64121
0.65013
0.62951
0.65917
0.66069
0.67764
0.64714
0.67608
0.63387
0.65766
0.65464
0.62661
0.66069
0.68865
0.65313
0.65917
0.69663
0.7145
0.67143
0.64565
0.70795
0.85704
0.63973
0.69502
0.65917
0.65163
0.65917
0.68234
0.77625
0.68077
0.65917
0.64714
0.67608
0.66069
0.67453
0.66834
0.6368
0.67608
0.68707
0.66834
0.64565
0.66834
0.66069
0.64417
0.65766
0.64121
0.67764
1.3804
1.6788
0.81846
2.8249
1.7298
0.7379
0.74817
0.74645
0.78524
0.66069
0.67143
0.71779
0.64121
0.65313
0.74645
0.68077
0.79983
0.64417
0.68707
0.73451
0.69823
0.66834
0.65163
2.3659
0.69024
0.69823
2.6792
0.65615
0.80724
0.73621
1.7579
2.1827
3.6475
2.3281
1.5488
0.64565
0.66681
0.65464
0.86696
0.68234
0.66988
0.65464
0.68077
0.71285
0.67143
0.82035
0.65917
0.62373
0.69984
0.68549
0.68391
0.66834
0.70146
0.68391
0.67298
0.65917
0.63533
0.63241
0.66681
0.64565
0.63096
0.69984
0.7656
0.70307
0.67764
0.72778
0.65615
0.72111
0.71614
1.7458
1.4421
1.4588
1.9275
0.66988
0.73114
0.66069
0.69984
0.67453
0.6792
0.65615
0.66527
0.67608
0.74473
0.67764
0.6792
0.70632
0.72444
0.68391
0.66374
0.69183
0.68707
0.64863
0.65464
0.65313
0.70307
0.68391
0.67764
0.65464
0.64121
0.66681
0.69502
0.66069
0.69024
0.68391
0.6368
0.68707
0.65766
0.65766
0.65013
0.66222
0.6368
0.66988
0.72444
0.74645
0.61518
0.66069
0.64714
0.67298
0.63387
0.64121
0.6792
0.62951
0.81658
0.69024
0.78163
0.70307
0.67298
0.63533
0.61802
0.68077
0.70632
0.7145
0.72444
0.6792
0.67608
0.65464
0.68234
0.64863
0.68077
0.65766
0.72946
0.74473
0.67608
0.68549
0.65464
0.65464
0.61944
0.69663
0.67608
0.66834
0.66834
0.71779
0.9528
0.66222
0.66527
0.66374
0.66527
0.6792
0.63533
0.62373
0.68077
0.66222
0.67453
0.66681
0.69024
0.65464
0.65917
0.69024
0.69183
0.65917
0.65313
0.68549
0.63387
0.66069
0.63096
0.67764
0.68391
0.65766
0.64863
0.66681
0.68707
0.67143
0.66834
0.65917
0.63826
0.6368
0.68391
0.63096
0.63826
0.66527
0.64121
0.65163
0.64269
0.66374
0.6792
0.63973
0.70958
0.68549
0.70795
0.66374
0.65917
0.63826
0.68077
0.67764
0.68865
0.64269
0.67143
0.66527
0.67143
0.65615
0.67298
0.72111
0.68234
0.64863
0.66681
0.65766
0.66222
0.65013
0.65917
0.65013
0.65313
0.72611
0.65917
0.67298
0.66681
0.65464
0.65615
0.67453
0.66834
0.75162
0.66527
0.63241
0.877
1.5668
3.8019
0.70307
0.69343
0.75683
0.70632
0.70469
0.70958
0.70632
0.63533
0.89331
1.6866
0.66681
0.76208
0.62517
0.69024
0.67764
0.68865
0.64863
0.72611
0.68391
0.66834
0.68077
0.69024
0.64565
0.68549
0.65013
0.64565
0.65163
0.67453
0.66681
0.74473
0.65766
0.68391
0.62517
0.64121
0.6368
0.66834
38.815
16.827
17.865
17.298
15.812
1.4723
1.1641
1.6106
5.236
11.668
0.70795
0.69502
0.6792
0.64863
0.66222
0.65163
0.65013
0.71945
1.3996
1.875
2.2029
1.1117
0.97724
0.7709
1.5241
0.72946
0.69502
2.1086
1.4962
0.70469
0.67453
0.66681
0.93111
1.3274
7.7804
10.139
18.072
20.606
11.588
27.479
14.622
15.74
17.418
23.121
17.701
29.785
23.768
16.749
15.776
15.311
1.2647
0.69502
0.72111
1.7378
1.4791
1.5171
1.7061
1.8535
4.8417
0.98855
1.1561
1.0304
1.0233
1.4256
1.205
1.2134
1.1885
1.1041
1.0839
1.0495
1.2823
1.349
1.9679
1.7378
3.281
2.0989
0.66681
0.64863
1.6482
0.63533
0.63533
0.69024
0.64269
1.406
0.62087
0.68549
0.65163
0.66681
0.67143
0.6368
0.68391
0.66527
0.70146
0.72778
0.65163
0.65464
0.68391
0.68077
0.83946
0.73282
0.7379
1.2677
1.7258
0.65163
0.66988
0.66222
0.64121
3.9628
0.70632
0.6792
0.69024
1.8578
0.66834
3.3884
12.388
14.322
0.8414
0.77446
1.4997
11.995
18.967
0.65163
0.6223
0.65615
4.2756
14.093
14.588
13.062
15.453
14.488
18.707
17.701
18.493
20.845
18.03
12.735
22.542
17.824
11.588
14.191
12.853
2.6977
1.3152
0.66069
1.4125
3.1842
1.3459
1.8155
1.8281
0.65313
0.69502
1.5668
13.772
19.143
11.912
14.256
13.996
13.583
15.524
13.677
11.776
12.56
11.455
10.186
17.62
17.022
19.543
14.997
20.417
8.2794
11.776
1.4488
1.5849
0.69502
1.5996
0.90991
2.7669
1.6181
7.9068
17.498
18.75
15.776
9.7499
11.35
18.493
13.002
26.122
19.454
18.365
17.539
14.894
12.19
16.904
12.106
1.1561
0.81096
0.76208
0.89743
1.5488
2.6062
1.71
0.69024
1.7865
0.69502
0.66069
0.72111
1.205
1.888
1.875
0.68549
0.66374
2.7797
0.77268
0.77983
1.3062
0.65766
0.94189
0.66834
0.69984
0.68391
0.65464
0.70307
0.6792
0.65766
0.66374
0.67453
0.67764
3.3037
0.81846
0.76736
0.71121
0.81096
0.7656
0.74817
1.7579
0.81096
0.69823
0.66222
0.74473
0.66988
0.65766
0.73621
0.66069
0.70958
0.69984
0.65163
0.71779
0.66988
0.72111
0.63241
2.8774
0.75336
0.67143
0.65615
0.70958
0.65013
0.72611
0.72444
0.70795
0.69984
0.68707
0.71779
0.70307
0.66681
0.64121
0.7379
0.63387
0.65163
0.68391
0.65163
0.65313
0.69343
0.65313
0.65464
0.70795
0.64863
0.69984
0.69024
0.6368
0.65615
0.67453
0.64269
0.65615
0.66222
0.65766
0.65163
0.70469
0.66222
0.69984
0.68234
0.65615
0.63973
0.65917
0.6792
1.0375
0.89536
1.094
1.406
0.86298
3.3574
1.2359
1.2303
1.5311
1.2331
2.4491
1.0375
0.8531
1.0965
1.2647
1.2942
1.0544
1.4588
1.5241
0.9506
0.91833
0.92257
0.68707
0.70469
0.69183
0.72611
2.0464
0.68077
0.68865
0.65013
0.66681
0.69024
0.65464
0.69024
0.69024
0.65917
0.65313
0.72277
0.69663
0.95499
0.67608
0.83368
0.71779
0.79616
0.72611
2.023
0.69823
1.4555
1.9364
3.3037
0.74989
0.69502
0.71285
0.72111
0.63387
0.66069
0.72111
0.65615
0.75858
3.6813
0.66681
0.70469
0.67298
0.65464
0.71285
0.68391
0.71285
0.72946
0.72444
0.75858
0.65917
0.66834
0.65313
0.68077
0.70469
0.69183
0.68707
0.63973
0.64565
0.69502
0.7379
0.67764
0.6792
0.64417
0.6166
0.71779
0.69502
0.68234
0.69024
0.67764
0.70146
0.66527
0.68549
0.63096
0.67453
0.65163
0.65917
0.64863
0.69343
0.66988
0.69502
0.67764
0.66681
0.65917
0.66681
0.66834
1.135
0.68234
0.70958
0.69984
0.69024
0.6792
0.70958
0.68707
0.67453
0.66834
0.68234
0.72444
0.65615
1.9953
3.4514
0.69183
0.7709
0.69183
0.69024
0.65766
0.77268
0.73282
1.4125
0.91201
0.7145
0.66374
0.79983
3.2359
0.70307
0.66069
0.67143
0.67453
0.66527
0.70958
0.73114
0.68865
0.60674
0.6792
0.69024
0.69183
0.67764
0.66374
0.62951
0.63826
0.66834
0.68865
0.66527
0.67143
0.69183
0.66222
0.69502
0.65013
0.65615
0.64565
0.66374
0.69343
0.62661
0.74645
10.399
1.7906
0.63533
0.68234
0.64863
0.65013
0.63973
0.69823
0.66834
0.6223
0.65917
0.65464
0.65615
0.64714
0.63826
0.62951
0.68549
0.84918
0.64269
0.68391
0.65766
0.65313
0.67453
0.61094
0.63826
0.6368
0.62661
0.66222
0.66222
0.66069
0.63387
0.64863
0.62373
0.63533
0.68077
0.64121
0.70146
0.65013
0.64565
0.70469
0.71779
0.65464
0.68234
0.64863
0.69823
0.65615
0.68391
0.66374
0.63533
0.64121
0.69183
0.69823
0.70307
0.66988
0.66988
0.6368
0.67143
0.64714
0.6166
0.73451
0.63973
0.69984
0.65615
0.63826
0.71285
0.61802
0.62661
0.66222
0.6368
0.67298
0.65013
0.93325
1.0666
1.7539
6.1235
0.98855
7.2611
1.0914
1.4223
0.69663
0.63973
3.5892
1.5631
0.99083
1.183
0.72111
0.73621
0.68077
0.72277
0.64714
0.81846
0.71779
0.96161
0.74302
0.79616
0.71121
1.5596
0.67143
0.69343
1.7824
0.67143
0.64714
0.70632
0.71945
0.70958
0.65917
0.65313
0.69024
0.65013
0.68391
0.69183
0.71121
0.66527
0.73961
0.67143
0.65163
0.64121
0.69663
0.67453
0.65163
0.71614
0.68391
0.68707
0.68391
0.69343
0.70307
0.68391
0.68234
0.70307
0.65013
0.65766
0.6792
0.67143
0.75509
0.70795
0.64269
0.66069
0.64121
0.68707
0.65013
0.70146
0.75858
0.68077
0.63096
0.71614
0.70146
0.6368
0.67143
0.65917
0.69183
0.67764
0.68234
0.70469
0.66069
0.68391
0.65464
0.71614
0.66222
0.68865
0.64863
0.65615
0.67143
0.67453
0.65917
0.67764
0.77804
0.77625
0.80724
0.79068
0.74302
0.66988
0.76033
1.1776
3.0761
0.66988
0.66527
0.68077
0.66988
0.69502
0.69343
0.71285
0.6792
0.65464
0.63973
0.69984
0.69343
1.0447
0.89125
1.6181
1.9143
1.7498
0.67453
2.2909
0.68707
0.67298
0.65313
0.66069
0.66988
0.65313
0.63973
0.69663
0.71614
0.66374
0.61518
0.6792
0.67764
0.68391
0.70632
0.64565
0.69343
0.65766
0.68234
0.72277
0.62517
0.71779
0.72444
0.67143
0.67298
0.72111
0.67298
0.70958
0.68707
0.66988
0.65615
0.66069
0.66374
0.67298
0.68077
0.65013
0.71121
0.64121
0.66988
0.67298
0.69183
0.7145
0.65013
0.67764
0.70307
0.65766
0.68391
0.69823
0.66222
0.64121
0.6368
0.66069
0.66834
0.69663
0.71121
0.65464
0.72946
0.6792
0.68077
0.67453
0.70469
0.65917
0.63096
0.69663
0.65313
0.71285
0.72611
0.71614
0.67764
0.68549
0.70146
0.66988
0.70146
0.71614
0.65917
0.67298
0.87498
1.5241
2.9376
0.6792
1.0186
4.3551
0.99312
0.9528
2.4155
1.8923
2.7733
0.66988
0.68707
0.66681
0.70632
0.71285
0.65464
0.70632
0.66988
0.64863
0.65917
0.68707
0.64417
0.65313
0.70307
0.73451
0.66222
0.63241
0.65163
0.65917
1.8664
0.63973
0.64714
0.67608
0.65163
0.71614
0.70469
0.65163
0.62951
0.7379
0.65464
0.66988
0.65464
0.66527
0.66527
0.68234
0.65766
11.722
21.677
23.605
18.707
0.66988
2.8119
5.445
11.066
27.416
0.66069
0.65013
0.71614
0.93541
1.1429
1.1402
1.8923
0.98628
0.66988
1.2388
6.6681
1.4421
1.1967
0.7925
0.92045
1.1194
1.0304
0.72946
0.79983
2.1086
0.66374
0.61518
0.66681
0.65464
0.66681
1.0328
0.73114
0.68865
0.67608
0.67143
0.69502
0.68865
0.6368
0.68707
0.66374
1.3183
1.3459
0.62661
0.6368
0.68077
0.68234
0.63533
0.73282
0.74302
0.67764
0.63096
0.67453
0.70958
0.67143
0.71614
0.68865
0.67608
0.7379
0.68234
0.68549
0.63387
0.64269
0.69663
0.65917
0.69502
0.66527
0.72946
0.67298
0.71614
1.1298
0.62373
0.70632
0.7145
0.66222
0.70146
0.70958
0.68549
0.68234
0.73961
0.66988
0.69502
0.66374
0.67143
0.6792
0.70307
0.65766
0.7145
0.66527
0.67608
1.1324
0.6792
0.72111
0.77446
1.4256
0.79068
0.71779
0.75683
0.83368
1.1272
0.85507
1.349
0.75683
0.69183
3.3729
13.677
15.171
16.032
16.52
0.64863
0.75858
3.6308
4.8529
13.122
23.227
19.861
1.3092
2.1281
3.0269
5.9566
3.1189
3.2659
3.2734
11.066
13.646
20.893
15.959
14.488
15.488
16.032
17.701
15.171
14.689
20.184
19.634
13.062
16.788
23.174
12.474
17.14
0.8414
0.74989
0.80724
2.7925
0.92045
1.4223
1.2853
1.5812
1.875
1.4962
8.3368
1.8707
2.4044
13.677
17.62
13.002
14.454
19.454
20.893
14.757
15.922
18.664
15.74
14.125
13.614
17.14
10.889
22.029
15.849
12.618
9.1622
0.88105
1.6558
3.3963
2.1979
2.6002
8.1096
8.8308
15.311
15.704
4.102
0.67764
1.1695
0.79433
0.99312
0.94624
1.3428
1.3709
1.7179
1.9011
1.2106
1.3709
1.9275
7.8163
10.069
1.0593
1.8621
1.0351
1.4555
1.0447
1.205
1.4454
1.4588
0.70632
2.6669
12.677
14.588
19.364
17.498
20.941
12.417
13.062
13.964
20.37
19.364
14.588
8.7096
1.1614
3.5563
15.101
18.45
19.275
12.134
3.02
1.9679
14.256
13.677
10.351
11.641
27.227
13.274
12.972
10.814
16.406
0.69663
0.63973
0.87498
1.0069
1.3092
3.5075
2.958
2.2856
2.4774
8.8716
13.804
18.578
17.458
11.695
22.542
22.387
21.184
13.964
21.135
19.454
18.03
12.331
20.512
13.964
13.646
15.171
1.0666
0.64121
2.2594
1.8197
2.0137
1.4028
1.2162
0.80724
0.9247
0.77804
1.1561
0.7709
0.7925
0.74817
3.2584
0.71285
1.0046
10.94
8.1846
6.4121
0.67143
0.71614
1.6293
14.256
12.853
13.552
12.106
15.56
10.139
27.797
0.70958
0.64121
1.0046
0.65013
1.0495
1.5596
14.894
1.7022
1.4825
0.78343
1.0914
1.7579
2.1478
1.2359
2.3768
0.88105
0.76208
1.0351
2.1677
0.68077
0.96605
0.64417
0.64863
0.68077
0.64417
0.73451
0.67608
0.69024
0.66222
0.7379
0.69663
0.65615
0.63973
0.71285
0.67608
0.72444
0.65464
0.85704
0.73451
0.68077
0.70632
0.69183
0.73282
0.64863
0.64714
0.66069
0.68549
0.65163
0.85704
0.65766
0.84723
0.71779
2.1232
0.85704
2.4099
0.68391
13.002
16.866
34.198
32.734
25.468
21.528
15.453
18.923
26.546
19.011
19.543
16.368
20.137
16.788
24.831
0.70795
1.6144
9.3111
5.3827
1.4223
2.0464
0.9528
0.89331
1.5205
5.7016
16.827
14.488
0.72111
1.4454
4.3053
1.0328
2.3714
0.87096
0.96828
0.91833
1.0617
1.4289
1.4158
1.1535
1.6827
0.83946
1.0399
1.4421
1.2303
1.0691
1.2764
1.0423
2.5763
0.93972
1.3772
1.1376
1.5136
2.7479
19.724
0.67143
0.68234
0.71779
0.66527
0.66681
0.65917
0.74131
0.69823
2.8774
7.9433
16.788
17.1
28.054
23.227
14.555
20.749
19.011
25.061
15.849
12.246
1.1482
1.7022
1.1143
1.9815
3.9994
9.3111
17.1
19.999
23.227
21.928
15.276
13.772
17.865
6.8707
0.67143
0.67298
0.69024
2.0654
3.013
1.1143
7.379
11.535
3.7757
0.69663
0.68391
0.71121
0.65917
0.85901
6.7608
13.772
12.589
17.66
12.764
17.742
1.4322
0.85901
0.67764
1.6827
1.0889
2.5823
0.91201
1.5488
1.0691
4.4259
0.65917
0.65013
0.68234
0.62087
0.68077
0.63826
0.67453
0.72277
0.65163
0.68391
0.72444
0.70632
0.65013
0.72946
0.63533
0.65313
0.77625
0.68234
0.70632
1.1885
0.79616
0.7656
1.8281
1.4962
0.94406
6.1235
10.257
19.011
21.928
27.04
25.351
17.66
15.776
17.701
16.558
18.113
9.977
0.90573
1.3152
6.5013
13.366
13.397
15.596
11.298
13.614
22.594
15.205
0.64714
0.89743
1.7865
4.4463
0.65313
0.67143
1.099
0.67143
0.68077
0.64863
0.6792
7.3114
16.069
17.824
17.1
16.904
21.528
15.776
9.977
2.3768
0.82035
0.74302
0.89743
5.5208
5.42
1.1803
4.256
0.70632
0.66834
1.6596
0.86497
0.94406
1.5241
1.6749
1.1885
3.6728
15.56
8.9331
1.074
18.578
24.491
14.928
14.588
0.92683
0.6792
7.1285
14.859
15.276
14.388
17.824
11.482
0.64565
1.6032
0.68391
1.6144
1.3709
0.97499
1.1749
3.281
1.3213
1.652
0.72778
0.70469
0.86497
1.2331
0.87297
3.4119
16.106
23.768
16.293
16.293
21.086
16.943
7.2946
0.70632
0.63973
1.2331
0.70146
4.8529
12.764
8.8716
0.89125
2.3174
15.101
12.417
17.539
19.543
14.191
18.155
14.928
18.365
25.882
17.179
15.596
12.388
0.69984
2.3388
2.9376
13.183
19.953
11.776
16.482
17.14
18.88
13.122
15.205
1.0789
0.66527
0.66222
2.1528
10.94
1.6904
5.4325
16.218
14.454
14.859
15.276
17.14
15.241
13.932
22.961
30.061
18.75
1.6368
15.704
1.4388
0.67608
0.79068
0.94189
0.83753
2.5177
1.0593
2.1627
6.223
0.70632
0.71285
0.76208
0.74302
0.71285
0.68865
0.74302
0.70958
0.75509
1.094
1.6032
0.70469
2.5942
8.3368
1.2134
1.1455
1.1246
1.9011
0.95719
0.88308
1.1912
1.4093
1.2882
1.2735
1.4191
0.84723
0.92683
1.0257
1.3583
1.1272
1.6596
1.219
1.6331
2.037
1.3459
0.75683
3.0974
0.66988
0.65163
0.71945
0.71121
0.68077
0.64714
0.66834
0.64565
0.65464
0.64121
0.66527
0.66069
0.69984
0.65013
0.67453
0.67143
0.66681
0.75683
0.64863
0.68391
0.62951
0.69663
0.70958
0.78524
0.70795
0.72611
0.8091
0.68234
0.80168
1.406
1.4997
0.70146
0.63533
1.3428
0.68234
2.0845
0.63533
0.67453
0.69024
0.67608
21.135
25.468
28.054
13.062
21.878
20.091
14.962
25.823
6.0814
0.66069
2.8445
0.78524
3.4277
12.589
1.4757
0.94842
1.0423
2.1627
0.65013
0.6368
1.9999
13.335
28.576
25.061
17.338
19.454
14.289
9.8855
19.77
27.227
13.709
14.158
21.281
19.143
20.559
14.125
21.528
13.213
15.885
26.73
23.823
16.144
12.445
9.4189
20.464
11.324
2.729
0.67298
0.72611
0.89125
1.9187
2.6485
8.6696
22.909
27.227
24.099
18.155
15.996
11.508
17.742
12.794
16.406
19.454
20.654
22.909
17.1
13.836
24.774
1.256
1.4791
1.6866
0.67143
0.73114
1.1015
1.3614
1.8535
1.3062
17.865
22.542
17.061
18.923
18.535
15.812
20.324
16.032
13.583
14.191
14.223
15.171
21.038
19.815
15.849
16.52
16.866
16.904
14.421
23.281
23.878
17.539
28.445
18.281
18.45
20.512
13.964
17.742
20.606
1.9454
2.5061
0.87498
0.98175
1.0666
1.1885
1.4488
1.4962
2.2131
1.3213
1.9588
17.539
18.493
1.0233
1.0399
1.1194
1.3552
1.4322
2.2284
0.65615
0.68549
0.68549
0.69502
0.71945
0.62806
0.68865
0.67298
0.65163
0.72611
1.1272
0.79616
0.81846
0.77625
0.70307
0.94406
1.6069
0.65013
0.67453
0.73282
0.90365
0.68707
19.099
20.941
21.928
17.498
23.988
17.906
20.701
22.233
24.831
14.928
16.406
19.543
16.444
17.701
16.711
21.429
17.258
20.797
15.031
10.257
1.6293
2.3823
2.3442
0.89125
0.68234
1.3032
10.447
23.988
15.596
25.177
15.346
20.559
16.866
17.742
20.184
19.498
16.181
20.941
17.1
16.069
23.988
21.928
18.923
12.677
13.709
10.495
15.668
1.6032
4.1115
13.49
20.23
23.014
33.266
18.323
15.74
16.331
17.418
16.52
23.823
13.836
16.596
22.856
2.1281
1.1912
3.6141
6.5766
0.92683
4.1783
0.66988
2.8774
20.277
13.062
27.606
17.539
33.266
29.376
29.648
17.906
19.231
18.493
24.322
22.803
18.88
20.184
13.583
23.227
15.922
19.634
20.464
17.179
24.604
20.749
16.255
14.488
17.219
12.106
12.56
12.882
0.69183
0.67453
0.64121
5.0933
11.776
1.4488
5.781
17.179
18.578
0.64714
11.858
14.997
12.531
14.093
24.717
16.444
18.281
18.707
17.579
0.62661
0.84528
3.5318
5.6364
0.75858
0.66834
0.70146
1.0375
4.3954
7.5858
0.6368
0.63826
1.9679
1.3397
20.845
14.859
16.069
22.439
19.32
21.928
14.355
28.84
10.94
28.054
21.38
24.946
15.74
13.932
12.677
14.421
14.223
1.3804
0.69183
12.942
13.868
18.197
11.429
13.836
26.607
13.583
16.558
22.491
1.8197
1.5488
0.91622
1.3428
1.3964
2.4044
4.2462
2.5003
0.80724
0.89125
0.9977
1.71
1.0328
1.074
0.74645
10.99
20.512
25.003
20.277
29.04
14.997
25.351
23.714
27.102
29.376
27.479
15.382
15.668
24.547
23.014
26.062
16.672
19.409
19.679
20.893
13.213
2.799
2.6792
1.7298
1.094
1.2531
0.76384
0.71945
0.76033
1.556
15.066
11.246
21.478
12.023
12.942
23.388
27.29
19.724
27.164
27.102
24.434
16.711
17.824
12.474
15.922
0.76913
1.4355
4.8641
1.1117
3.9628
13.521
19.275
15.959
24.322
15.136
18.75
28.576
16.634
17.947
23.121
14.622
19.953
21.577
21.086
15.74
14.962
16.444
1.714
4.3853
3.9264
1.9861
15.453
18.45
30.061
16.293
18.535
13.366
21.827
15.74
19.364
25.177
28.249
21.528
18.664
15.922
19.231
18.197
16.558
1.8578
13.677
26.002
26.242
13.49
17.378
18.967
12.794
0.76913
0.63387
1.094
2.6669
0.64565
4.3652
16.788
19.231
25.119
20.989
18.578
22.491
19.231
19.011
18.967
19.815
21.979
18.923
18.113
13.709
5.6364
2.4831
1.5631
1.0889
0.91411
1.1298
1.1614
7.4131
0.67298
2.2131
9.506
20.989
23.227
21.528
15.74
18.239
23.174
28.445
19.724
22.646
19.953
20.184
24.946
20.464
27.542
22.284
18.836
22.336
19.77
12.618
22.284
16.106
16.943
10.814
0.68865
1.0186
15.136
31.55
20.464
19.231
19.364
20.606
16.218
16.069
18.707
15.922
11.803
2.6182
1.6368
2.1184
0.93541
0.97275
0.84918
1.2647
1.7783
3.2211
21.528
24.099
25.177
16.788
14.588
18.923
23.174
12.218
15.205
1.9275
0.75509
0.73282
1.4125
0.67143
0.66527
0.74131
0.77983
0.72444
0.76208
7.145
2.3335
2.904
7.7983
19.861
11.668
17.179
14.322
7.0632
1.5171
3.3497
25.351
18.707
24.889
22.233
18.967
20.417
25.468
25.527
28.642
21.184
26.853
22.336
19.953
17.298
18.239
21.086
15.241
19.861
2.8445
1.9724
2.2699
1.9907
1.574
1.2882
2.5061
2.208
13.274
25.823
18.967
15.959
17.378
16.218
28.907
18.281
27.606
19.409
26.424
29.04
27.416
17.579
15.346
13.152
26.303
25.882
19.011
17.947
25.882
19.143
14.223
17.579
19.953
17.022
14.322
22.131
24.717
21.727
5.42
2.2284
21.33
21.38
22.182
24.946
16.106
22.336
14.962
23.659
18.408
15.849
17.989
1.7219
0.97499
0.8356
0.95719
0.7925
1.2445
3.2734
1.0839
1.0889
2.3014
1.6711
0.7709
0.85704
1.0209
1.0116
1.1246
1.3002
3.0269
1.2106
35.975
23.768
28.642
16.672
15.74
23.281
20.989
20.417
19.011
16.032
23.714
17.539
20.464
17.498
17.947
13.122
27.164
28.576
33.037
32.734
25.119
29.854
31.333
24.66
29.107
14.06
16.943
21.577
16.444
20.184
21.528
21.727
20.606
20.091
21.979
29.444
19.454
18.365
21.429
20.749
19.861
16.827
23.067
17.1
11.324
0.65615
2.5823
20.464
16.982
12.303
14.125
26.363
0.79433
1.5922
1.888
19.409
20.606
18.923
16.711
16.218
23.227
15.631
24.717
23.988
17.378
19.679
20.654
19.454
27.99
19.409
22.594
18.365
24.491
22.699
15.849
13.397
3.3343
1.4256
5.5719
2.355
1.3836
2.0045
4.9888
1.762
1.6982
23.768
22.961
13.583
23.121
19.588
28.119
15.311
19.187
24.547
28.907
14.06
33.574
28.774
21.878
19.543
28.973
33.884
19.953
26.002
29.785
16.596
13.804
18.578
19.454
23.823
15.417
28.445
21.33
18.45
20.989
1.2445
1.052
1.0617
2.0797
2.884
6.0256
3.5563
2.8054
2.4378
16.218
16.293
22.751
23.227
23.227
15.668
24.774
28.379
26.73
24.434
25.119
23.605
15.205
21.777
24.378
15.885
19.861
35.318
14.791
17.219
27.164
24.378
24.547
18.88
2.9512
0.69343
0.96161
2.037
1.1272
3.2211
2.6853
0.74645
0.82414
1.1117
0.79983
8.3368
27.164
24.21
18.535
22.131
19.275
15.066
16.255
19.099
23.281
25.293
14.825
15.101
19.724
19.679
32.734
16.558
1.5453
2.138
10.116
23.067
14.454
29.174
19.364
30.061
25.527
25.061
18.281
26.853
24.717
19.099
12.618
20.512
15.346
17.62
22.491
20.701
13.964
21.827
15.776
16.866
23.496
27.925
34.356
18.836
23.933
16.368
15.382
7.145
14.894
11.967
3.4435
5.4325
17.62
28.907
15.031
20.277
20.277
25.645
23.55
19.907
23.442
17.62
16.368
20.845
2.8314
2.2284
12.106
36.392
29.04
14.158
15.668
15.031
18.75
19.011
21.677
15.56
14.028
13.122
2.2439
3.069
20.749
19.588
9.3541
0.73451
1.7022
1.0093
1.9588
1.556
1.094
6.4565
14.757
15.56
21.429
29.58
22.594
26.669
19.999
33.189
13.032
9.977
26.607
17.66
14.859
17.498
17.498
20.606
21.38
18.408
15.776
20.845
18.45
25.586
25.942
20.654
27.99
30.269
13.646
19.143
25.823
1.2942
1.0328
0.86298
1.5524
8.7096
11.776
23.335
28.249
18.113
18.923
12.942
29.58
21.627
34.834
19.364
18.793
22.909
31.046
17.66
26.546
3.8637
6.4714
1.0233
0.95499
1.1272
0.90157
13.772
24.491
27.29
12.56
17.219
20.559
25.235
27.416
29.785
26.424
14.723
21.827
5.3088
0.69502
1.6558
1.0715
1.7258
5.42
18.621
15.382
17.458
19.999
18.535
14.655
28.973
20.512
19.907
18.75
28.184
25.41
32.509
1.1143
0.86298
0.78163
0.72778
2.0797
0.71121
0.82224
0.96161
7.9983
22.182
20.045
15.704
23.335
26.977
26.424
13.49
19.634
14.093
16.827
15.776
15.668
23.988
21.232
5.8614
7.0307
0.94624
17.258
19.011
21.281
27.29
23.281
26.977
22.961
20.091
22.803
25.645
8.147
23.227
2.7861
0.99541
1.4521
1.094
20.464
21.184
22.594
18.621
