2.8907
1.766
7.145
2.3714
7.5336
7.4302
3.4435
3.1477
2.9512
3.7154
4.0832
5.0119
2.1878
5.9841
1.9364
2.9648
3.8994
2.5351
2.2699
2.9785
2.9512
2.5942
2.8249
2.7479
2.4155
3.1117
3.2961
2.8445
2.6607
2.7925
3.2359
11.641
4.7643
4.3551
6.0814
4.2756
2.2233
2.8379
2.9242
6.3241
2.7542
2.3281
2.1928
3.9355
2.8314
2.2909
2.3659
1.7418
1.9815
1.6904
1.7906
3.2285
3.4674
3.2584
2.3335
4.3251
1.762
1.3152
3.4674
1.4689
1.9231
1.8707
1.3335
1.9953
1.6255
2.6002
3.3963
1.7418
1.4928
2.8314
1.7701
1.8197
2.958
19.187
1.8836
1.6069
1.7783
1.9231
1.6711
2.8708
5.3703
1.5417
23.067
5.9429
2.0324
1.9275
3.2359
17.179
2.138
1.4723
1.9275
1.7418
1.5812
1.4125
1.4256
1.5922
1.7865
2.1429
1.6866
1.8197
1.3002
1.4355
1.6293
2.6669
10.593
1.7298
1.5668
2.2284
15.031
16.255
17.989
1.3677
1.7061
2.2542
21.878
1.9099
3.3574
1.7022
1.9634
1.9364
8.5901
16.52
1.7179
1.1535
1.4655
1.2794
1.3366
1.5996
1.8493
1.5311
12.05
2.037
2.0324
1.9099
1.9143
1.9815
2.2803
1.6982
2.1086
16.943
1.3868
1.5276
12.882
1.7579
8.7498
1.9634
1.8155
2.0654
1.374
1.9815
1.6943
11.803
17.579
3.3497
1.3428
2.2233
4.9659
14.723
10.116
1.6943
1.714
1.6293
1.652
1.2503
1.7783
14.894
1.3836
1.2078
1.2589
1.3397
1.1194
1.2078
1.3459
1.1092
9.0782
1.5171
1.4093
1.3614
1.256
1.2303
1.3646
1.5241
1.4191
1.9409
1.762
1.2503
1.5417
1.2882
1.3032
1.4421
9.1833
6.4863
12.942
1.5346
1.3274
1.4997
1.3804
1.6749
1.3677
1.4997
1.5417
1.6711
1.5524
1.3709
1.2445
3.6224
9.0573
1.3305
0.94842
1.6749
1.1803
1.3521
1.2417
1.3152
5.6885
11.376
10.162
1.052
1.3583
1.2078
1.2647
1.0593
1.652
1.4093
1.4322
1.349
2.6242
1.2388
6.3826
10.617
7.6736
1.2246
2.1777
0.9528
0.8531
0.85114
0.91201
0.81658
0.86497
1.0593
0.85114
0.83946
1.8239
6.4121
8.995
1.0069
7.7268
6.4121
0.79616
1.0399
9.2897
2.4547
0.87498
0.85704
0.99083
0.89743
0.9247
0.91411
1.0351
1.3243
1.4289
0.91833
2.5061
8.356
6.6069
0.86298
1.1092
0.86896
0.87096
0.8414
0.8995
1.1614
1.099
1.1535
1.1482
1
0.85901
1.3366
1.3274
1.256
1.0423
1.2853
1.2942
0.9977
2.3442
0.96828
3.0339
0.89743
0.91622
0.8995
0.83176
1.1967
0.98628
1.0495
0.97949
0.94624
0.9594
0.88308
0.88716
0.92045
0.92683
0.91622
0.877
1.0889
1.074
1.4191
1.3804
1.074
1.3002
0.86497
0.90991
1.1376
1.1695
1.052
1.1455
1.1508
1.1668
1.9231
4.0738
8.5704
6.4417
6.7298
4.5604
3.9902
2.2751
4.2756
5.5719
6.6069
5.035
4.3652
3.5563
3.2063
5.0816
4.4771
3.2734
0.88105
0.89743
4.0832
3.5156
3.9811
2.7102
0.84723
1.1995
2.0277
0.93541
2.4155
5.2481
1.3213
0.87902
2.3659
4.7534
4.5814
1.4521
4.4668
2.7797
3.6898
5.2723
1.1194
3.6224
3.5892
3.4674
3.6728
1.5885
0.98401
3.5156
3.7325
3.5237
4.1783
3.9264
4.4361
4.14
2.6792
4.0087
3.2211
2.7542
0.89125
0.83176
0.91622
0.9247
0.89331
0.94189
2.7925
0.88105
1.8408
2.729
0.8995
1.766
1.4555
1.1749
1.3397
1.0328
0.94624
0.87902
3.281
3.7844
3.1842
2.4774
2.2594
2.1135
3.2211
2.6122
0.88716
0.88512
0.83176
0.90782
0.80538
1.7378
1.0568
1.0351
1.714
0.80168
0.82414
2.2491
2.2233
3.1117
0.97275
1.652
2.8249
1.5996
0.84918
1.2589
0.98628
0.877
1.2882
8.5704
4.8978
0.8892
0.91622
0.92683
0.83946
0.85704
0.91622
0.90157
0.96383
0.90573
0.9247
0.89331
0.84333
0.87498
0.85114
0.86896
0.88308
0.93111
0.94624
0.97724
0.87498
0.88512
0.88308
0.86298
0.84528
0.86497
1.0023
0.88716
0.82985
0.88716
1.1614
1.0351
1.5996
0.87096
0.9528
0.87498
0.9506
1.2417
0.93541
1.2618
2.9107
0.92257
1.0423
0.91833
1.9454
0.91411
0.88716
1.0789
1.4355
1.5704
1.4791
1.194
1.1272
1.2274
1.2942
1.3583
1.2794
2.5119
0.88308
1.028
0.90573
0.90573
0.8892
0.87096
0.8892
0.85901
0.93111
4.3752
3.7844
0.93541
0.91622
0.86099
1.0423
0.94406
0.7925
0.93972
0.9247
0.88105
0.9528
0.89536
0.93541
0.83368
1.3183
1.2246
1.2246
1.2246
0.93325
0.94842
0.91833
0.90573
5.42
3.6308
3.6058
4.0551
3.9902
6.5013
1.2882
0.93756
2.0749
1.0765
1.5241
3.3963
1.7179
0.82985
0.88105
0.85704
1.0328
1.3646
0.95499
1.0715
2.3281
2.0324
1.4791
1.0023
1.4894
0.90365
0.9977
1.1298
2.729
0.86896
0.93972
0.93541
0.82604
0.9247
0.93111
0.92683
0.94842
0.91411
0.86696
0.91201
0.96828
0.9247
0.85901
0.82035
0.90365
0.97051
0.90782
0.87096
0.87297
0.86298
0.87902
0.84723
0.86099
0.85704
0.86099
1.0617
0.94406
1.2677
0.86298
0.9247
0.93111
0.89536
2.2856
1.4622
2.208
0.88512
0.99083
0.81283
0.84333
1.219
1.4655
3.4914
2.8249
1.1535
0.96605
3.7325
3.7757
2.8576
3.4995
0.99083
1.6672
0.91201
0.90782
0.89743
0.96605
0.89331
1.028
1.3583
2.037
1.135
2.8249
1.6749
0.99083
0.88716
0.92257
2.7102
1.7298
0.98628
0.97724
0.87297
1.052
1
1.0116
0.93972
0.92045
0.78705
0.87902
0.90365
0.97051
0.96605
1.39
1.0814
0.90157
1.0257
1.0641
1.3996
1.9409
3.8548
2.1827
1.3804
6.0954
3.5727
0.88512
1.0617
0.89125
0.86298
0.91201
0.88105
0.91201
0.82224
0.96383
0.8892
0.82604
1.3646
0.91201
0.85114
0.90157
0.98401
0.87902
1.0375
0.85114
0.89125
0.9528
0.98855
0.877
0.86099
0.86896
0.88512
0.86497
0.89536
0.86497
0.84918
0.9594
0.94189
0.87297
0.9528
0.94189
0.86696
0.95499
0.93325
0.93111
0.89536
0.8892
0.87297
0.877
0.91201
0.85507
0.83753
0.85114
0.93756
0.877
0.88308
1.028
0.89331
0.92045
0.93756
0.91201
0.92045
0.90157
0.89743
0.87902
0.85901
0.92897
0.86497
0.8892
0.87096
0.86896
0.87902
0.88716
0.88105
0.88512
0.93325
0.8091
0.88716
0.92257
0.88512
0.89536
0.90157
0.97724
0.92257
0.92257
0.92683
0.85507
0.87297
0.9506
0.92897
0.92257
1.0447
0.93972
0.98628
1.0351
0.90991
0.93541
0.89536
0.81846
0.90365
1.0162
0.98175
0.95719
0.84918
0.96605
1.3152
0.91833
1.183
2.0559
1.0447
0.8356
0.85704
0.92257
0.84723
0.8356
0.95499
0.85704
2.6424
0.94624
1.3709
0.99312
0.93756
0.93541
0.83176
0.85507
0.84528
1.2445
1.1092
1.3002
0.91833
2.0512
1.8365
1.1508
0.94624
0.8531
1.1668
0.8995
1.135
1.2218
0.91411
2.7353
1.3122
0.84918
0.90157
0.81096
0.83753
0.97051
1.2359
3.2063
5.2966
4.5499
1.1298
0.80353
0.85704
0.88308
0.91411
0.91201
0.8892
0.88105
0.93756
0.90157
0.93325
1.5205
0.97499
0.96605
1.4555
1.0209
0.82794
0.87902
0.96828
1.0641
1.7418
3.5481
4.3954
4.0926
4.9659
3.8282
0.85704
0.87498
4.0179
3.7844
1.2647
3.0061
7.2111
4.102
1.9231
1.2912
0.93756
1.0839
0.93756
0.92683
0.89331
1.0186
2.023
1.2647
0.84918
1.028
0.99541
0.99083
0.9247
1.7298
0.9528
0.88105
0.82604
0.89743
0.89331
0.90573
0.97949
1.0233
0.86298
1.6106
2.8184
1.5812
0.94624
1.977
1.0423
1.0765
1.0447
0.85507
0.84723
1.0023
0.877
0.90365
0.85507
1.0328
1.0046
0.90365
0.94624
0.86099
0.90573
0.87297
0.91833
0.94842
0.94624
0.86696
0.96383
1
0.83176
0.97949
0.90573
0.91201
0.93972
0.93325
0.85901
0.94406
0.97949
0.93972
0.94842
0.88105
1.0375
0.91201
1.0069
0.99312
0.92257
0.97949
0.88105
0.9247
0.87096
0.8995
0.90991
0.88512
0.86298
0.8356
0.86896
0.90782
0.95719
0.96605
0.92897
0.93972
0.8995
1.0257
0.83946
1
0.93972
0.88105
0.83368
0.92045
1.052
0.97949
0.84723
0.97949
1.2589
0.97499
0.94406
0.91411
1.9861
1.1641
1.0046
0.8892
0.8892
0.9506
0.83176
0.87902
0.90991
1.2882
1.0765
1.0257
2.8184
3.4594
1.099
0.93111
0.84333
0.94189
0.91622
1.1776
1.0023
1.205
2.1928
0.85507
0.88716
0.88105
0.93111
0.82224
0.90365
0.88512
0.92045
0.94406
0.83946
0.96828
1.0375
0.89125
0.90365
0.93325
0.87297
2.0464
0.95719
0.83946
1.0257
1.0593
0.91201
0.88308
0.92257
0.92897
0.94406
1.0162
0.90782
0.88716
0.91833
0.92683
0.93325
0.86896
0.90157
0.85901
0.87096
0.85704
0.86696
0.88716
0.88105
0.8356
0.89743
0.87096
0.85901
0.92683
0.92897
0.84918
0.90991
0.82794
0.92257
0.90365
0.82224
0.85704
0.82604
1.0715
0.92683
0.92683
0.98855
0.877
0.87902
0.88105
0.89331
0.92045
0.87297
0.87498
0.88105
0.90782
0.8995
0.93972
0.89125
0.96828
0.82604
0.83753
0.91622
0.83946
0.87902
0.8531
0.8892
1.099
0.85114
0.91622
0.91833
0.93756
0.83368
0.86696
0.90782
0.9594
1.7701
0.86298
0.8091
1
0.94189
0.83368
0.87902
0.84333
1.0965
1.2735
1.1324
0.96828
0.84918
0.88512
2.023
1.6293
0.94842
0.94189
0.91201
0.92683
1.1041
0.94624
1.3646
1.1641
1.0715
0.98628
1.1194
1.0423
1.4588
1.5922
1.1641
1.3183
1.0046
0.8892
0.88716
0.93325
0.86298
0.877
1.9409
1.1995
2.3014
1.2274
0.9594
1.0069
0.92257
0.99312
1.052
0.93541
0.87096
0.92257
0.99083
0.99083
0.9528
0.91411
1.7865
0.93111
0.8995
1.0544
0.96161
0.88512
0.87297
0.88716
0.96828
1.0046
1.0544
0.9528
0.91622
0.8995
0.93325
1.0814
0.87902
0.97275
0.92897
0.99083
0.87498
0.8892
1.0641
1.0093
1.0544
0.84528
0.93972
0.86497
0.88716
1.1015
0.85507
0.89125
0.8995
0.90573
0.90782
0.90365
1.0257
0.90573
0.85114
0.98175
0.88512
0.90573
0.93541
0.9247
0.88716
0.9528
0.82794
0.91201
0.84528
0.80353
0.86896
1.1535
0.94624
0.88308
0.91833
0.86099
0.81846
0.8531
0.95719
0.93325
0.92045
0.88512
0.88105
1.0162
0.93972
1.0162
1.0186
0.87498
0.87297
0.9247
0.92045
0.98175
0.9528
0.92257
0.90782
0.90782
1.0495
0.93325
0.86298
0.90782
0.85114
1.2882
0.88512
0.91622
1.0162
0.92045
1.0233
0.88716
0.87297
0.93972
0.88716
0.9594
1.8408
1.4355
1.0328
0.85507
0.87096
0.89331
0.90157
0.92257
0.8531
1.0715
0.9247
0.93111
0.88716
0.92045
0.97724
0.8147
0.85114
0.92683
0.90991
0.91411
0.8995
0.94842
0.88308
0.86896
0.90573
0.91201
0.99541
0.82794
1.0116
2.884
1.194
0.90157
1.3366
1.1194
0.95499
0.8892
0.90782
0.96828
1.1482
1.1272
1.5631
1.5885
1.1402
1.2303
1.6788
1.5704
1.1722
1.7906
1.8072
1.2912
1.3092
1.3366
1.0864
1.4723
1.0839
1.1066
0.96828
1.0544
1.2023
1.2417
1.5488
1.5959
1.6293
0.93325
1.0617
0.8892
0.85704
0.84528
0.89125
0.8995
0.88512
0.82794
1.2445
1.0666
1.1402
1.5171
0.83946
1.9907
0.98401
0.98628
0.90365
0.90365
0.99312
0.90365
0.89743
0.88512
1.0399
0.89331
0.8356
0.86896
0.86896
0.89743
0.81283
0.88105
0.93325
0.88716
1.2274
1.052
0.88308
0.91622
0.93325
0.92897
0.90991
1.0375
0.90573
0.88105
0.89536
1.135
0.85704
0.9247
0.9528
0.84333
1.3836
1.0162
1.3646
1.1561
1.0375
1.2023
1.1668
1.1117
0.95719
1.8365
0.90782
0.95719
0.88512
2.1627
0.82224
0.89125
0.81658
0.83753
0.8531
0.85704
1.3305
1.1912
0.93756
0.92897
0.87498
0.89331
0.87297
0.8356
0.87902
0.84918
0.92683
1.4454
0.87902
0.89743
0.84333
0.86696
0.86896
0.92257
0.88512
0.82604
0.91201
1.1194
0.82794
0.79799
0.88716
1.1143
0.93111
0.94406
1.1508
0.89331
0.86099
0.87902
0.9977
0.88308
0.91622
1.0641
0.97949
0.90365
0.877
0.83946
0.87096
0.86896
0.86497
0.87297
0.90157
0.90157
0.84333
0.8995
0.87902
0.92683
0.85114
1.0375
0.87498
0.85507
0.94624
0.93325
0.93972
0.82414
0.96161
0.90573
0.9247
0.90157
0.86497
0.8531
0.92257
0.87498
0.86298
0.96828
0.83946
0.9247
0.9528
0.82414
1.099
0.84333
0.82985
0.8414
0.85901
0.86696
0.8531
1.0715
0.81283
0.93541
0.95499
1.0023
0.96161
1.0069
0.90782
0.93756
0.99083
0.84723
0.81283
0.89536
0.97275
0.8892
0.89125
0.85507
0.89125
0.91622
0.85114
0.83753
0.93111
0.81096
0.88308
0.82414
0.92683
1.183
0.9977
0.99312
0.93111
0.85704
0.93541
0.8414
0.98175
1.1455
0.83946
0.85704
0.91833
1.0544
1.0209
0.84333
0.89331
0.97949
1.2794
0.86696
0.84528
0.88308
0.85114
0.83946
0.82414
1.4158
0.90365
0.81658
1.0375
1.0593
0.83753
0.82224
0.84723
1.0186
0.94624
0.87096
0.82794
0.81846
0.8531
1.1776
1.1508
1.1695
1.1143
1.8923
0.99083
0.92897
0.86497
1.4322
1.6711
0.97499
2.4434
2.4774
0.87096
0.92257
0.86298
0.94406
0.86896
0.91833
1.4997
0.92683
0.82035
0.97499
0.9594
0.84528
1.1885
1.1272
1.3002
1.1722
0.99541
1.803
1.0666
0.87297
0.90573
0.86497
0.83946
0.8414
0.9247
0.85507
0.85704
1.5524
1.135
0.85507
1.1402
0.9247
1.6749
0.86298
0.92897
0.90365
0.85704
2.7227
0.8892
1.0889
0.82224
0.9528
0.84918
0.87297
0.87902
1.2246
0.87902
0.82985
0.8892
0.90365
0.90157
0.91411
0.8531
0.87096
0.91833
0.89536
0.92897
0.877
1.2912
0.99083
0.95499
0.91411
1.0304
0.88512
0.85704
1.7298
0.97499
1.1641
1.2647
0.83946
1.0617
0.98175
1.2162
0.93756
0.90991
0.877
0.877
1.9275
1.1885
1.0617
1.074
1.2246
1.2417
0.89125
0.9247
1.0233
0.93325
3.4834
1.0375
1.0139
0.97499
0.98855
0.92045
1.977
0.95719
1.1561
0.8147
0.89536
0.83753
0.91833
0.94189
0.87902
0.8356
0.94189
1.0889
0.95719
0.86298
0.93972
0.86696
0.97051
0.85901
0.88308
0.88716
0.90782
0.9506
2.3335
1.094
0.96828
0.92045
0.91622
1.4488
1.2882
0.91622
0.8892
0.95719
1.0069
0.89331
0.89743
1.3305
1.0351
3.3343
1.5241
0.90157
1.0641
1.5631
1.0116
1.0568
0.92257
0.85114
1.0447
0.96383
0.86099
0.84723
0.95719
0.94189
0.8892
0.92683
0.97275
2.1777
1.0495
1.0116
0.92897
2.4774
3.4514
3.7411
6.9823
3.4198
5.9293
1.0471
1.0691
0.98401
2.3714
1.1668
0.92045
0.91833
0.90157
1.2794
1.2853
0.86896
0.96383
0.91833
1.0399
1.5885
0.92045
0.93972
0.89125
0.91201
0.88308
1.0162
0.98855
0.91201
0.9506
0.8892
0.89125
1.0789
2.4378
1.0139
0.98855
1.0257
1.1858
1.028
1.4028
0.97949
1.0375
1.3677
1.4689
2.1086
0.90365
0.91833
1.0023
1.8113
0.94406
0.89743
0.87096
0.9594
0.8995
0.91201
0.98401
0.93111
1.3868
1.3614
3.4834
3.6898
2.8576
0.81846
0.9506
0.97499
0.90991
1.0046
0.93541
0.93756
0.86896
0.96605
0.87096
1.0046
1.4622
0.99541
1.5524
0.89125
0.91411
1.0139
1.028
1.2589
0.88716
1.0186
1.39
1.0304
1.3868
2.2029
3.1117
3.4995
1.2503
4.2658
3.7584
3.3189
1.5668
1.052
1.2162
0.93972
0.85114
0.92683
0.91622
0.83753
0.9247
0.877
1.1246
0.86298
0.8414
0.92045
1.2023
1.0351
0.97724
0.91833
1.1535
0.85901
0.92257
0.93325
1.4093
1.3274
1.0691
1.1641
1.1143
0.93111
0.84528
0.87096
0.98401
1.074
0.9528
1
1.0023
0.9528
0.9528
0.97499
0.90365
1.1749
1.0375
0.93972
0.91833
1.0593
1.0116
0.88512
1.0765
0.93541
0.88105
1.0139
0.97724
0.92257
0.89743
0.99083
1.0965
1.074
0.97051
0.90157
1.1324
0.9247
1.0046
0.92257
1.1066
1.0304
0.91201
0.83753
1.0139
0.84723
0.97051
1.0691
1.1429
1.0495
1.0423
1.0023
0.98175
0.97949
0.90157
0.93325
1.0471
0.89536
0.8892
0.94624
1.6788
0.83368
0.88308
0.85114
2.3174
0.86497
1.0765
1.1535
1.7258
1.766
1.6827
0.9594
0.92257
0.90782
0.91622
1.3996
2.7164
3.0409
3.3113
3.8548
0.96383
0.88308
3.767
3.1261
2.1827
0.89743
0.88512
1.1376
3.3189
3.4674
3.342
2.7416
0.8531
1.0789
0.87498
1.7061
2.4099
0.86896
0.93325
1.3366
2.3768
1.0116
0.89536
0.86099
0.88105
0.93325
1.1803
1.6749
1.3804
0.84528
2.8576
3.0549
3.2885
3.342
1.71
1.875
1.2218
1.1015
1.8155
0.94189
1.0233
2.2387
1.0471
1.1092
2.1038
1.3243
2.6853
6.7453
3.3884
1.5136
0.93541
1.8072
2.5823
0.99083
1.0328
0.98628
0.82604
0.96161
0.91411
0.90573
0.8995
1.0889
3.2509
3.0903
2.7925
1.1535
1.1535
0.98175
0.91411
0.93325
0.89331
1
1.052
0.8531
0.86896
0.83368
1.0351
0.93111
0.87902
1.875
2.4099
1.3366
1.5136
1.1885
1.3804
1.2618
1.1668
1.5031
1.5136
2.0797
0.99541
1.2589
1.1858
0.88512
0.88308
0.84723
0.89536
0.87498
0.84723
0.86497
1.0495
0.94189
1.0593
1.0351
0.86099
0.877
0.85507
1
0.87902
0.84528
0.88105
0.90365
0.94189
1.0162
0.89331
0.93111
0.88716
0.89331
0.86696
0.82985
0.91201
0.90365
0.82035
0.90157
0.82224
0.94406
0.81846
0.87902
0.85507
0.91201
0.84918
0.86497
0.82414
0.90991
0.9977
0.85114
1.135
0.97051
0.93756
0.9506
0.98628
0.85901
0.89536
1.7418
1.4093
0.86696
0.94842
0.82794
1.2078
0.85901
1.3521
2.037
2.023
0.93111
0.94842
0.84918
0.98855
0.85704
1.0691
1.0351
3.1117
2.6669
3.9994
3.2285
0.93541
0.85704
1.5812
1.4622
1.4488
0.85704
0.97724
0.93325
2.7164
2.6122
2.1038
2.9309
3.0903
1.5241
2.4491
2.884
3.1189
0.97275
2.4547
2.037
2.9992
1.4825
3.4198
2.0464
0.93972
0.94189
0.91622
1.0209
0.88105
0.83176
0.87096
0.84528
0.88512
0.84723
0.91411
0.85901
0.82414
0.86298
1.2303
1.4622
2.8054
2.9444
3.4754
2.729
3.8905
5.3703
3.5727
3.3963
4.9317
0.99312
0.87902
0.94624
2.7227
2.5351
1.7219
2.4099
1.7906
0.86696
0.94406
1.1429
1.7989
5.8479
0.92897
0.9506
0.90991
1.0641
2.3988
1.0093
1.0641
0.98628
0.93756
0.88308
1.0715
0.94842
1
0.90573
1.0328
0.90991
0.9506
0.90157
0.85901
1.1614
1.0093
1.2912
2.3496
0.82794
0.88308
0.93756
0.94842
0.85507
0.877
0.93541
0.91622
0.9977
0.99083
0.98175
0.94406
0.83753
0.86696
0.85704
0.90365
0.90157
0.93972
0.877
0.84528
0.86497
0.90991
0.86099
0.93972
0.90573
0.8995
1.0093
0.85114
0.91201
0.877
0.92045
0.85704
0.89125
0.87902
0.93541
0.84333
0.92257
0.92683
0.95719
0.85901
0.89125
0.89536
0.93325
1.0965
0.97275
1.0046
0.88308
0.90157
0.92683
0.89125
0.93541
0.8892
0.87498
1.0304
0.93972
1.0257
0.91411
1.0568
1.0046
1.2589
1.1995
0.87902
1.3996
1.3677
0.92897
0.90573
0.84918
0.85114
0.92897
0.877
0.96605
0.95719
0.99083
0.86696
1.0889
0.92897
1.6406
1.2417
0.92257
0.88105
1.5704
1.2912
0.82224
0.88716
0.86298
1.9454
1.2735
0.87297
0.89536
0.82035
1.0399
0.87498
0.88512
0.9594
0.94406
0.91411
0.87498
0.87498
1.1298
0.83753
0.86099
0.87498
0.85507
0.94406
0.8531
2.5235
2.5235
2.8249
2.2336
2.884
3.7154
2.4889
3.4914
2.8379
2.5763
1.2735
0.85114
0.84528
0.94189
0.94406
0.88308
1.8072
2.3335
2.9512
3.4914
2.6792
3.069
2.2439
2.7733
1.4125
0.8892
1.762
2.9376
3.3189
2.0045
1.1324
0.99312
1.349
1.4028
1.6596
1.7906
0.86099
1.0162
1.256
1.1508
0.92897
1.8408
0.84723
0.84918
0.92897
0.88308
0.98401
0.9506
2.3281
3.0409
3.281
0.90157
0.84528
1.2134
2.6182
0.88512
2.4155
2.1086
2.355
3.02
3.5156
2.3988
3.1261
3.2285
1.4289
0.90782
2.1727
2.0464
2.5882
1.2359
1.1776
1.9724
0.88716
1.4093
1.8578
1.1482
1.1169
0.94406
1.0186
0.89536
1.052
1.0257
1.0023
0.8892
1
1.0593
0.88105
1.0023
0.9506
0.87902
0.89536
2.0893
1.9634
1.0814
0.95499
1.0593
0.93756
1.052
1.0814
1.2023
0.94406
1.5171
1.5922
0.97275
0.90573
0.90157
0.83753
0.96605
1.0544
0.97275
0.8995
0.9528
0.98628
0.87902
0.93541
0.82414
0.92897
0.8995
0.91411
0.85704
0.87498
0.89125
1.1455
0.88105
0.95719
0.8414
0.96605
0.85507
0.877
1.0162
0.8531
0.95499
1.0139
0.8531
0.91411
0.91833
0.89536
0.90365
0.96605
0.84333
0.95499
0.93111
0.97949
0.98401
0.86497
0.89331
0.84918
0.9594
0.88512
0.87902
0.89125
0.9506
0.97724
0.93756
1.3772
0.89331
1.0495
0.98628
0.93756
0.9528
0.877
0.93972
0.86497
1.3552
1.2388
0.80168
0.86099
0.92897
0.91411
0.84333
0.86099
0.96383
0.88105
0.95499
0.82604
0.90157
0.85704
0.87096
0.85901
0.8531
1
0.9247
0.91411
0.9594
0.9247
0.86696
0.92897
0.97275
1.0093
1.0209
0.87096
0.87297
1.2735
0.90782
0.85704
0.98401
2.1086
0.93111
0.98628
0.87902
0.96828
0.9528
0.94842
1.074
1.9011
0.98628
0.92897
1.0839
0.90573
0.89125
0.88512
0.84918
0.9528
0.91833
0.85114
0.90157
0.93541
0.90782
0.83176
0.80168
0.90365
0.8356
0.83368
1.875
0.86298
0.87498
1.0765
0.95499
0.85507
1.6982
1.1015
0.90573
1.0328
1.0544
1.0814
0.99541
1.0351
1.4093
1.1912
0.9528
1.0351
0.82224
1.1535
0.97275
0.91833
1.0715
0.90573
0.83753
0.97724
1.1143
0.96828
0.93111
0.99083
0.86298
0.93756
0.95719
0.81283
0.91411
0.90782
0.96605
0.90573
0.93756
0.95719
0.8147
0.90782
0.98855
0.87498
0.88308
0.82035
0.84918
1.0116
0.85901
0.877
0.90782
0.97275
0.81846
0.93325
0.90573
0.86298
0.92683
0.89743
0.98855
0.89536
0.92257
0.85507
0.85507
0.86696
0.93972
0.91411
0.87297
0.88716
0.8531
0.97275
0.84528
0.84918
0.94842
0.88512
0.89743
0.9247
0.90782
0.87498
0.8531
0.8892
0.93541
0.93325
0.87498
0.87498
1.5346
1.4355
1.7824
1.3305
0.86696
1.2445
0.92683
1.1298
0.91201
0.94406
0.8995
0.84333
1.3677
0.86497
0.87297
0.89743
0.82985
0.93111
0.86896
0.8414
0.88105
0.85704
0.95719
1.3677
1.0351
0.85114
0.98855
1.1668
1.0864
0.90573
0.9594
1.0139
0.86896
0.85507
0.84333
0.85114
0.93756
0.83176
0.8356
1.4093
0.93756
0.9528
1.3677
0.94406
0.85507
0.85901
1.1194
0.89536
0.91201
0.89743
0.88308
0.98628
1.1429
1.7579
1.6255
1.0186
0.92897
0.99083
1.0864
1.2445
0.91411
0.92257
0.87902
0.81846
0.84723
0.85704
1.2882
1.3964
0.92045
0.88716
0.91411
0.93111
0.88308
0.88716
0.87498
0.91411
0.87096
0.8892
1.0304
0.80168
0.92897
0.88105
0.89536
0.91622
0.88105
0.94406
0.9528
0.86896
0.90991
1.0351
1.1117
0.97051
0.90573
0.9506
0.81658
0.94842
1.0209
0.85704
0.83368
0.90573
0.84528
0.88105
0.98175
0.88512
1.0471
0.8356
0.96383
0.87902
0.86696
0.8147
0.97949
0.92683
0.8531
0.8531
0.88105
0.87096
0.81846
0.91622
0.91411
0.93325
0.82414
0.92045
0.89743
0.97499
0.89743
0.91411
0.94406
0.93325
0.87498
0.90365
0.9528
0.877
0.84723
0.90365
0.9247
0.96161
0.90782
0.8995
0.9528
0.95499
0.89536
0.86497
0.92683
0.88512
0.92897
0.87498
0.91833
0.93541
0.92045
0.8414
0.94624
0.87297
0.91622
1.0447
1.3552
0.97275
1.0139
0.94406
0.8892
0.88308
1
1.3062
0.91622
0.87498
1.0186
0.87297
0.82414
1.803
1.803
0.86896
0.93111
0.93541
0.86896
0.84528
0.8892
0.8995
0.88308
3.4834
3.1769
2.9785
3.6644
3.1769
2.2387
3.8726
5.1523
4.9888
5.1523
3.7068
3.8459
4.3853
3.4514
2.5293
1.2134
0.96161
1.0023
0.8892
1.8072
3.5892
3.8815
2.8973
2.3281
0.91201
1.0423
0.91622
1.0617
0.92045
0.9247
0.89743
1.5241
3.767
2.8379
2.7102
2.4434
1.8535
1.0691
0.95719
0.94624
1.574
1.0814
1.2677
1.5885
1.1776
1.0471
3.7411
3.6898
3.0549
2.7606
3.6224
2.2856
1.9907
1.3213
0.9247
1.2388
1.2618
1.0641
1.3836
1.4655
1.3646
0.9247
0.95719
0.97499
1.1402
0.92683
2.8708
2.3281
1.6634
2.0559
1.6069
0.92683
0.94406
1.1324
0.99541
1.0471
1.0544
1.6368
1.7061
2.466
2.7797
1.3274
2.3335
4.0365
3.155
2.3121
1.4689
0.91622
0.85114
0.90782
0.87498
0.99541
0.94842
0.92683
1.0233
0.90991
1.0568
0.9594
0.89536
0.91622
0.84333
0.92257
0.94624
0.89743
1.0544
0.93325
1.7701
4.0738
3.3037
1.0375
0.88716
1.4322
0.86099
0.98855
0.90782
0.97499
0.9977
0.90365
0.92045
0.86896
0.94189
0.90157
1.4555
0.96828
0.95499
1.0139
0.84528
0.94624
0.92045
0.97051
1.1668
0.87297
0.86696
1.2735
1.0375
0.97724
0.97949
0.97724
0.89743
0.9506
0.84333
0.88105
0.88716
0.88512
0.89743
0.86099
0.89536
0.90991
0.9528
0.96161
0.97949
0.83753
1.0641
1.1722
1.0351
1.1722
0.9528
1.0691
0.85114
0.87498
0.99541
1.4859
1.4859
1.2589
1.1092
1.4521
1.219
1.0069
1.2246
1.094
1.1041
1.1885
1.3002
1.1117
1.4355
0.85114
0.85507
0.90991
0.97499
0.877
0.96828
0.94406
0.88716
0.91622
0.82985
0.94406
1.0375
0.92045
0.9247
0.9528
0.87096
0.90573
0.90782
0.86896
0.82604
0.877
0.88105
0.87297
0.92683
0.91833
0.89331
0.90365
0.87096
0.877
0.8356
0.92045
0.87096
0.93972
0.9247
0.97949
0.9247
0.82414
0.94406
0.88105
0.89331
0.88308
0.95499
1.1246
1.0186
0.96828
0.90991
0.99312
0.91833
0.96383
0.88105
0.90991
0.91201
0.90365
0.82794
0.98175
0.90365
0.86896
0.86896
0.8414
0.94624
0.84723
0.91411
0.89536
0.86896
0.87297
2.2961
1.1858
0.87902
0.97949
0.99541
0.83946
0.82224
0.86099
0.81096
0.94624
0.92257
0.8356
0.97724
0.84528
0.88308
0.87096
0.86298
0.86298
0.86099
0.84333
0.86298
0.81283
0.94624
0.877
0.89743
0.87902
0.85114
0.97949
0.94406
0.86497
0.87297
0.96828
0.86696
0.86696
0.85114
0.87498
0.9506
0.84333
0.93972
1.0789
0.89125
0.8995
0.89536
1.0351
1.2764
1.099
1.0617
0.97949
1.0691
1.3836
1.0666
1.0914
0.9977
0.95499
1.0864
1.1561
1.1668
1.2162
1.194
1.2417
1.2078
1.0351
1.0889
1.0447
1.1092
1.5382
1.1169
1.1041
1.028
0.92045
0.9506
1.0715
1.3152
0.91411
0.92045
0.86099
1.2882
0.94842
0.89536
0.94406
0.96383
1.0162
1.6331
0.86497
1.9055
1.0423
1.0641
0.90782
1.0209
0.85507
1.1117
0.91201
0.96605
0.95719
0.90991
0.89743
0.877
0.82414
0.93111
0.9528
0.97051
0.93541
0.83368
0.8356
0.87297
0.86497
0.87297
0.93541
0.88105
0.86298
0.9528
0.91833
1.6596
0.84723
0.85114
0.8356
0.93972
0.80538
0.90782
0.86896
1.5382
0.8892
0.91201
0.9594
0.877
1.0965
0.90365
0.8892
0.86099
0.98628
0.97275
0.93111
0.84918
0.89536
0.84333
0.877
0.88308
0.84528
0.85507
0.82224
0.86896
0.82985
0.87297
1.2647
1.1041
0.9977
0.97051
0.91411
0.92045
0.9594
0.9594
0.98855
0.96605
0.9594
1.0375
0.97499
0.98628
0.8995
0.8995
0.95719
0.90573
0.91622
0.98628
0.97275
0.9247
0.92897
1.2706
1.074
1.0046
1.3868
2.4322
3.581
1.0328
1.0093
1.099
1.0304
1.1117
1.2735
1.2503
1.1561
1.0641
1.2677
1.6672
2.0749
2.4099
1.0691
1.3459
0.9594
0.96605
1.1588
0.97499
3.8371
3.581
1.3366
1.0641
0.90157
0.87498
0.8147
1.0069
0.96828
0.92045
0.88105
1.0423
0.93111
0.8414
0.88716
1.0447
0.96828
1.1455
0.90365
0.95499
2.1184
3.3884
5.188
5.0816
1.6866
1.5631
0.85507
1.0186
0.8995
0.92683
2.9242
2.8642
1.5668
1.8621
3.54
3.342
0.94624
0.84723
1.0304
0.87096
1.1246
1.0375
1.0641
0.91833
0.91833
1.0375
0.9247
0.93111
0.90157
0.98175
0.87096
0.91622
2.1478
0.81846
0.81658
0.90157
0.85901
0.87902
0.96161
0.99083
0.94406
1.0257
0.83946
0.87498
1.0789
0.87297
0.82224
0.80353
0.82604
0.8892
0.86099
0.83368
0.84918
1.0116
0.89743
0.93111
0.98628
0.90573
0.85507
1.0423
0.91833
1.0864
2.4604
1.1143
1.1117
0.90991
1.028
0.97051
0.84528
0.88105
1.5205
0.85114
1.0351
0.91833
0.80168
0.98855
0.88716
1.2647
1.0568
1.0093
0.93756
0.89331
0.84528
0.8414
0.97724
0.88512
0.8995
1.0139
0.8531
1.194
0.89125
0.96383
0.89536
0.86696
0.87096
1.2942
0.82224
0.91411
0.87297
1.3964
1.0304
1.0641
1.1066
0.86099
1.1041
2.0893
3.0549
3.1769
1.4555
0.9247
0.87096
0.8892
1.845
0.83753
0.88105
0.86896
0.97275
0.84528
0.86298
0.93541
2.7733
1.9634
0.87096
0.9247
0.90991
1.7742
1.2134
2.6792
3.6308
6.5615
2.2336
1.8072
0.96828
0.96161
0.87498
0.8531
0.8531
0.89125
0.86497
0.8892
0.9506
0.9528
0.86896
0.89536
0.84723
0.93325
0.85704
0.90157
0.90365
0.86696
0.92897
1.0023
0.94624
0.86497
0.85507
0.91411
0.877
0.94406
0.9594
0.84918
0.87096
0.93541
0.96383
0.89743
0.96828
0.97051
0.8892
0.97499
0.85901
0.93756
0.93325
0.8892
0.93541
0.97949
1.0023
0.89125
0.89743
0.93541
0.84333
0.87498
1.0666
0.96161
1.2942
0.94842
0.89743
0.98628
1.0046
1.1535
1.1561
1
1.2246
1.2274
1.3459
0.877
0.92897
0.90782
0.90573
0.99312
0.92897
0.89536
0.83753
0.90365
1.0162
0.9528
1.0069
0.98175
1.0375
1.0023
0.9528
1.0617
1.122
1.0641
1
1.2218
1.0116
0.8995
1.1194
1.0814
1.1015
0.90991
0.89125
0.98628
0.97499
0.97724
0.98628
0.96605
1.1143
0.85507
0.89125
0.99541
2.2182
2.2029
2.7542
1.6368
0.90573
0.96161
1.0814
1.652
0.98175
0.83176
0.86099
0.8531
0.88105
0.85507
0.90365
0.86896
0.89125
0.88308
3.2137
2.4604
2.6062
3.1623
2.5003
1.8239
2.9107
0.9594
0.82035
1.2853
2.4717
1.9634
3.7497
3.1405
3.5481
1.2618
1.0666
0.99083
0.81283
2.7797
1.9498
2.0184
2.3121
0.86696
0.87297
2.5061
1.3002
2.2182
1.9055
1.0641
0.88716
1.0965
0.91411
0.94189
0.91201
0.877
0.97051
0.91622
1.028
1.2078
0.93541
0.84918
0.84333
2.4434
3.3189
1.0839
1.9231
2.6977
3.3884
1.0839
0.84528
1.5241
2.6242
2.3714
2.7669
2.3714
3.281
3.2063
1.194
0.93541
1.1885
1.0447
1.3213
1.1722
1.4894
3.155
2.1135
1.0471
1.0715
0.92257
1.0257
0.85901
0.8892
0.91201
0.84528
0.85507
0.87902
0.91201
0.82794
1.0593
0.92045
0.90573
0.88105
1.0186
0.93541
0.8995
0.89536
0.8892
0.86497
0.90782
0.88716
2.1528
1.6904
1.1641
1.0864
1.2589
1.0914
0.93541
0.97724
1.1117
1.0839
0.9594
2.0277
1.1561
1.1298
0.88308
0.8414
1.4757
1.1695
0.83946
1.0789
0.85704
0.83946
0.81658
0.85704
1.1561
0.87096
0.85114
0.94189
0.83946
1.0023
0.91411
1.8535
3.2734
2.3014
1.6866
0.99083
1.0116
1.0209
0.84333
0.93111
0.88716
1.3062
0.93111
1.0765
1.6634
1.2388
1.0139
1.0839
2.3174
2.6546
3.3343
2.3335
0.91201
2.6242
2.7479
2.9648
2.5351
2.7479
4.1879
2.421
2.8642
2.3823
3.2211
1.1143
0.95719
1.9454
1.1272
1.4894
1.349
0.97051
1.9187
2.6062
1.094
0.95499
1.0715
1.4125
1.9143
1.2764
0.90365
1.9999
1.9953
1.2942
1.9409
2.3281
2.729
2.1184
0.98401
0.98175
1.0617
1.0447
0.8531
0.90782
1.1803
1.9588
1.3868
1.1561
2.4889
1.9999
2.6062
1.6032
1.5668
2.6182
1.9454
0.88105
0.86497
0.91201
0.93972
0.88512
0.92257
0.85901
1.2359
2.9717
2.4044
1.8365
0.97051
1.0186
0.88308
0.92683
1.1246
1.4322
1.8365
1.6943
1.0641
0.95499
0.98855
1.2618
0.91622
0.92257
0.91411
1.3677
1.4588
2.1677
0.86696
0.89743
0.90991
0.90573
1.0116
0.86497
0.87902
0.91411
0.85507
0.92683
0.90782
0.88716
0.8995
1.0209
0.86896
1.0423
1.2474
0.99541
1.6331
0.96605
1.2589
1.0789
0.98855
1.3032
1.6558
1.2274
1.1858
1.3459
0.93756
0.89743
0.83368
0.88716
0.87902
0.90365
0.82414
1.0093
0.88105
0.88105
0.88308
0.87902
0.97275
0.90991
0.93111
0.94406
0.90991
0.88105
0.90782
0.84918
0.95719
0.86099
0.98855
0.87902
0.9528
0.86298
1.3335
0.89536
0.87902
1.8621
2.3988
2.9444
0.89743
0.93756
0.8414
1.4191
0.88716
0.90991
1.0715
1.762
3.4514
5.3456
2.7861
5.3333
3.1333
3.1696
1.1912
0.877
0.97724
1.5776
3.1623
1.3122
1.3213
2.6669
2.4434
2.2131
2.466
1.7742
0.9506
1.1041
2.0559
3.2137
2.6182
0.98855
1.0233
2.0184
2.5882
2.6853
2.4266
0.8892
1.0447
0.94189
0.92257
1.0093
0.89743
0.9506
1.6368
1.8578
2.3878
0.8995
0.86896
0.90573
0.94624
0.94624
2.0941
3.3651
1.9143
2.2182
1.1143
0.8995
0.84723
0.90365
0.98175
0.8892
0.86298
1.4125
2.0184
1.6558
0.94842
0.89743
0.86298
0.92257
0.85114
1.0447
0.99083
0.99541
0.95719
0.9594
0.99541
1.094
1.0666
1.0023
1.1776
2.5586
3.4995
7.8886
2.2646
0.88716
2.4491
0.97275
1.205
1.2503
0.90365
1.8408
0.89125
0.98175
1.8197
2.5763
1.4555
1.0023
1.4521
0.87297
1.028
1.0914
0.92897
1.3243
0.90573
1.3428
1.5276
1.5453
1.8072
2.2751
2.1777
0.96828
2.0184
3.4995
1.0471
1.6711
0.84528
1.1015
0.88308
2.0701
2.3878
1.0139
0.91411
0.94624
0.86497
0.86696
0.93111
0.89536
0.8414
0.8995
0.8356
1.1429
1.8578
1.556
1.0139
0.90782
0.99083
1.2764
0.86497
0.87498
0.9977
1.135
0.88716
0.90157
0.86696
1.256
0.91411
1.1376
3.0974
1.1117
1.7061
1.7989
0.90782
0.85507
0.99312
0.8995
1.0116
0.97275
1.0093
1.0447
0.92897
1.0914
0.96383
0.877
1.0209
0.87096
0.93541
0.99541
0.96161
0.877
0.91622
1.5922
0.93111
0.93756
1.0544
0.96161
1.0162
0.85507
0.8892
0.93541
0.96605
0.86696
1.2303
2.1827
2.0417
1.2023
1.0839
1.0471
0.98401
1.3428
2.3388
1.4791
3.2885
2.7797
2.6122
1.4859
2.0749
3.767
0.8414
1.1967
1.094
0.96605
1.256
1.6866
0.93756
0.83753
0.91833
1.0351
0.89331
1.028
0.96828
0.86099
0.93541
0.89331
0.98401
0.87096
0.8995
0.89743
0.95719
0.88105
0.92897
0.89743
0.87297
0.91201
1.0568
0.86696
0.90782
0.877
0.99541
0.85114
0.86298
0.83946
0.9977
0.89536
1.0399
1.4289
0.94624
0.96605
0.94842
0.90991
0.88512
0.84918
0.97499
0.82985
0.86696
0.877
0.8892
0.83176
0.89331
0.96828
1.0116
0.88512
0.98855
0.84723
0.9506
0.89125
0.91833
0.98855
0.96605
0.90782
0.87096
0.86497
0.84723
0.94842
1.3836
1.4588
0.88308
1.1912
0.92897
1.074
0.88308
0.94406
0.94406
0.83946
0.98175
1.8365
0.92683
0.90365
0.95499
0.87297
0.92683
0.92683
0.98401
0.87498
0.89536
2.4099
1.7947
1.6943
0.8531
0.93541
1.5704
1.6904
1.3183
0.98401
0.88716
2.4491
1.9634
2.7102
2.5586
2.9376
2.884
2.5586
2.6607
2.1577
1.0328
0.92257
0.98855
1.6144
0.97275
0.86696
0.97051
1.0186
1.1482
1.0965
0.90157
1.1169
1.0304
1.1858
1.1402
0.93756
1.6866
1.3183
0.87297
1.4928
2.0324
3.4119
3.7757
1.1169
0.86696
0.86099
0.88512
0.91622
0.91201
1.2677
1.3183
2.4831
1.406
0.9528
0.93325
1.5417
1.7539
1.6368
1.9861
2.1086
1.5205
2.2182
1.5668
1.3213
1.4093
1.7824
1.256
1.3002
1.1298
1.9953
1.6406
0.84723
0.92897
0.96383
0.86099
0.84333
1.0093
0.87902
2.1281
2.7606
0.96828
0.94842
0.91833
2.3014
2.8642
4.3853
2.6424
1.028
1.2794
3.1189
4.8865
1.2647
1.1641
0.91622
0.94624
1.3583
0.92897
0.877
0.94624
0.86099
0.94624
0.9528
1.0233
1.1668
0.94624
1.3366
1.0889
2.9309
0.97499
2.7606
1.574
1.2618
0.8892
0.89331
0.88716
0.98401
0.88308
0.83753
0.91201
0.84723
0.99312
0.84723
1.0765
0.93111
0.85507
1.0046
0.94189
0.86896
0.97949
0.90991
0.97499
0.91411
1.1298
0.96383
0.96383
8.2794
1.7742
1.3062
0.99083
1.0209
1.8197
0.90157
0.9977
0.8531
1.1402
2.6546
4.0551
4.4771
3.02
1.0544
0.85114
0.90991
0.8414
0.96161
1.3868
1.6672
1.5704
2.3281
1.7947
1.1561
1.2359
1.5959
1.574
1.122
2.4491
3.9628
3.069
0.98175
0.88716
1.4588
1.1272
0.97051
0.85704
1.6982
0.94842
1.0814
2.0277
2.9174
4.3351
1.074
1.1912
0.89125
0.96828
1.0233
0.94624
0.92683
0.90782
0.90991
0.98175
0.84528
0.90573
0.82224
0.91833
0.86696
0.87096
0.8892
0.96161
0.90573
0.91833
0.90157
0.85507
0.85114
0.877
0.87498
0.9247
0.90573
0.92683
0.90573
0.96605
0.92897
0.877
0.93541
1.028
1.1169
0.9594
0.92257
0.94406
0.9247
0.9528
0.90157
0.89331
0.96161
0.91833
0.90157
0.86896
0.92257
0.96605
0.93541
0.86298
0.91201
