2.1627
6.4565
12.303
11.508
18.03
1.1455
2.0464
3.6644
9.3541
12.56
60.395
1.4997
0.89125
1.2331
1.1535
2.3227
1.1143
1.2589
1.1482
1.1066
1.1066
8.8105
16.293
13.243
15.596
8.2794
0.87297
9.6161
16.444
15.849
13.772
15.849
2.4889
1.1455
1.2445
1.0544
0.96828
10.447
15.631
18.88
1.1194
1.0471
8.147
2.1038
1.6181
1.3804
1.2706
1.9143
1.0399
1.4421
1.3614
1.2078
1.2417
1.3122
0.8091
9.7499
14.223
15.382
1.7989
9.8175
0.91411
1.2853
1.3459
1.0328
1.1885
2.0797
0.94842
0.85114
1.3335
1.6596
1.3552
1.3964
0.97949
1.3183
1.3521
1.2647
1.3305
1.2912
1.1015
1.6788
1.0914
1.5136
1.8072
0.99541
0.84333
3.2659
1.8113
0.8414
0.8995
0.82604
0.90782
2.4491
0.79799
0.96161
0.85704
15.031
9.6828
1.556
1.0399
1.2162
1.1995
1.1614
0.83176
0.86896
0.76384
0.98855
1.1995
1.3335
1.2677
1.0814
1.3122
0.79799
0.9977
0.86696
1.4894
0.89125
4.1305
1.1967
0.78163
1.1749
1.0209
0.89536
0.75336
0.84723
0.7656
4.4668
12.677
5.7544
1.099
1.7701
3.6224
1.5031
1.4256
1.1722
1.6904
2.6002
5.9566
15.205
21.38
0.91833
1.0965
0.77804
2.5235
0.82414
14.223
16.634
8.5507
14.028
18.836
18.578
0.89536
0.98401
2.1777
1.9907
0.79616
1.074
1.2023
0.99312
1.2246
1.4723
1.2359
2.0137
1.3032
1.0544
1.0116
1.2942
1.3397
1.1092
1.074
1.2972
1.4488
0.9977
0.78705
0.86696
1.0593
2.8774
5.9704
13.964
16.943
9.7275
15.596
16.982
0.97949
0.77804
5.3456
7.4473
6.2661
1.1508
16.368
26.853
19.454
16.788
14.289
19.498
18.239
18.408
22.387
1.6181
9.594
22.542
17.258
17.338
21.38
1.7701
10.233
17.783
13.335
0.83176
1.0233
0.81658
0.80168
6.4269
15.668
19.543
25.586
16.032
17.1
20.324
19.409
1.2023
1.099
0.91622
0.8414
1.3092
4.8865
1.3002
1.2162
1.183
1.4859
0.74302
0.80168
0.77446
2.8314
1.0495
1.2417
1.3213
1.2162
1.406
1.888
1
1.4388
1.1482
1.2677
1.1749
1.8408
0.99541
1.4689
1.2912
0.98175
1.3152
1.3243
1.3397
0.80353
0.83753
1
1.6444
1.5101
1.3243
1.4521
1.5346
1.0641
1.4488
1.1117
1.0839
14.223
13.772
13.366
18.197
10
16.827
19.498
14.588
19.409
0.77446
11.324
15.56
24.946
17.179
3.281
0.94189
9.5719
1.6596
1.4655
1.6596
3.0339
1.1041
1.4894
6.3387
3.2285
5.9293
14.825
1.3646
1.4322
1.0864
1.8621
1.0593
0.73621
0.93325
0.75858
2.0091
5.2
16.218
23.933
1.2882
2.0091
16.558
16.218
18.535
0.99541
0.79799
12.162
8.77
18.793
20.464
10.914
0.92897
2.2909
9.7051
19.32
17.62
1.9099
0.94406
3.9902
15.311
18.707
21.135
22.387
14.859
20.23
17.498
1.2764
5.3333
18.072
21.281
13.49
14.825
13.521
0.83946
11.402
0.84723
12.735
10.093
1.4191
3.4435
1.4388
2.7353
1.5996
1.2388
1
1.0257
1.0046
1.4191
1.5776
1.2303
1.2912
1.0375
1.0914
0.68549
0.7379
0.69343
1.0889
0.76208
0.72277
0.90573
0.80724
0.81096
0.74989
1.3002
0.81658
1.1455
1.7783
0.68865
0.72778
1.4622
1
0.86099
1.0691
1.0162
0.76913
0.82414
1.0328
0.71945
0.98401
0.97724
0.72611
0.68077
0.64417
0.70632
0.68077
0.70469
0.70958
0.69502
0.70146
0.91201
0.70146
0.71945
0.70958
0.66988
0.8356
0.67764
0.68865
0.68707
0.70632
0.877
0.71614
0.66834
0.65163
0.66374
0.69663
0.70632
0.66527
0.74473
0.70469
0.81658
0.84723
0.69663
0.69024
0.69663
0.75509
0.70795
0.69984
0.68391
0.84918
0.92897
0.68391
0.71285
0.68077
0.74645
0.67143
0.68391
0.70632
0.77804
0.71779
0.70958
0.72611
0.69183
0.77446
0.73114
0.69823
0.66374
0.66681
0.69183
0.69984
0.71614
0.7145
0.70307
0.73961
0.68391
0.74473
0.72611
0.73282
0.72946
0.79799
0.95719
0.85901
0.82985
0.81658
0.74131
0.91622
2.5823
1.3152
1.0186
1.4256
1.0209
0.76736
0.77268
1.4488
1.256
1.2823
0.86298
1.5488
1.7258
1.7179
1.1885
1.1429
1.3646
1.3868
1.1561
1.8239
1.2274
1.2106
1.028
1.3428
1.7989
0.72778
0.78343
0.67608
0.72111
0.77625
0.84723
0.76384
2.1429
0.7379
0.76736
0.72277
0.7379
0.85704
1.6943
0.95499
0.78886
1.0765
0.86298
0.85507
0.92257
0.77625
0.8414
0.78343
0.90365
0.88308
0.73961
0.79616
0.85704
0.83946
0.83946
0.71614
0.73961
0.89331
0.65917
0.73621
0.70146
0.72277
0.71285
0.73114
0.72111
0.72111
0.76208
0.76736
0.97724
0.9977
0.73282
0.83368
0.74817
0.73451
0.85114
0.82414
0.80353
0.73961
0.71779
0.77804
0.86696
0.88716
0.85507
1.5849
0.97949
1.3122
1.0765
0.99312
1.0471
2.0277
0.7656
0.9528
0.76033
0.8892
0.72611
0.72611
0.68865
0.72444
0.73282
0.76913
0.88105
0.76913
0.75162
0.72778
0.69823
0.76736
0.8147
0.82794
0.79616
0.85901
0.79983
0.90573
1.1143
0.75858
0.71121
0.70795
0.78524
0.69823
0.76033
0.72611
1.1614
1.219
1.2078
1.5922
0.76736
0.73621
0.79616
0.69663
0.6792
0.69183
0.76384
0.90573
0.65464
0.73961
0.77804
0.73961
0.71614
0.7925
0.71121
0.75509
0.8414
0.78524
0.73961
0.71285
0.68707
0.72277
0.72778
0.74302
0.72111
0.68391
0.74473
0.77983
0.8147
0.92045
0.69024
0.76736
0.76033
0.80724
0.72946
0.74989
0.77983
0.70958
0.69984
0.70795
0.69663
0.66988
0.74131
0.73451
0.73114
0.78163
0.78163
0.83753
0.70146
0.71779
0.70958
0.70958
0.72946
0.72111
0.79616
0.84918
0.73621
0.71945
0.73282
0.9506
0.76736
0.80168
0.74645
0.74989
0.78343
0.76208
0.94624
0.76208
0.71779
0.72277
0.76208
0.84528
0.73961
0.83176
0.72611
0.8414
0.91411
0.72444
0.79433
0.70632
1.0304
0.75683
0.75162
0.77983
0.73282
0.87902
0.91201
0.65917
0.72946
0.75336
0.78524
0.79616
0.76208
0.75683
0.89743
0.84918
0.75336
0.77268
0.78343
1.1561
1.574
0.8091
0.73114
0.79433
0.7145
0.78163
0.79068
0.75336
0.72444
0.74302
0.70307
0.7379
0.81283
0.78705
0.75162
0.81283
0.80724
0.72444
0.75336
0.66834
0.69502
0.73451
0.71945
0.76384
0.70795
0.69984
0.81283
0.70146
0.69984
0.84528
0.68391
0.99312
0.74989
0.77625
0.72111
0.74302
0.74473
0.68707
0.71945
0.70958
0.80538
0.75509
0.73114
0.75336
0.69663
0.76208
0.83176
0.67764
0.8531
0.68234
0.76384
0.80353
0.77446
0.72946
0.79799
0.80538
0.70469
0.81096
0.77446
0.79068
0.7656
0.72111
0.90365
0.72444
0.75509
0.74302
0.79433
1.0139
0.68707
0.67298
0.83368
0.82224
0.76033
0.69343
0.75858
0.74817
0.74817
0.71285
0.69502
0.72111
0.72111
0.70958
1.0617
0.71121
0.67143
0.76033
0.83753
0.78163
1.0257
0.70307
0.73621
0.73621
0.91622
0.82414
0.78886
0.94406
0.85114
0.81658
0.69663
1.1169
1.1041
1.1722
0.70958
0.73451
0.68707
0.84723
1.1041
0.78524
0.83753
1.0399
1.0162
1.3032
0.90157
1.1169
0.91201
1.2417
0.76384
0.77268
0.82794
1.0839
1.2503
1.052
1.0328
1.5524
0.75162
0.76736
0.74645
0.73961
0.71614
0.72111
0.70146
0.73621
0.74131
0.72611
0.86298
0.84528
0.70146
0.69663
0.8414
0.72277
0.67608
0.69343
0.77446
0.74131
0.81658
0.82604
0.80538
0.67764
0.71285
0.77446
0.72946
0.72444
0.69502
0.69984
0.75683
0.74645
0.72111
0.72277
0.70632
0.73621
0.77983
0.73961
0.6792
0.71285
0.85704
0.95499
0.77625
0.73114
0.73451
0.7925
0.79616
0.76736
0.72611
0.76384
0.79068
0.79799
0.7656
0.70146
0.74473
0.71285
0.83753
0.75683
0.73114
0.71121
0.71121
0.75162
0.70958
0.68391
0.67298
1.2274
0.74989
1.0593
0.74131
0.8356
0.74989
0.97724
0.73961
0.73282
0.80168
0.71121
0.75336
0.75858
0.71779
0.75683
0.68865
1
0.84918
0.7379
0.82224
0.73282
0.8091
0.69823
0.71121
0.93756
0.74989
0.85114
0.69663
0.74473
0.78163
0.80538
0.74817
0.69343
0.73451
0.72111
0.69024
0.70146
0.69984
0.73451
0.72444
0.85507
0.74989
0.75336
0.73961
0.72611
0.76736
0.70795
0.74131
0.73621
0.73114
0.72277
0.73282
0.72277
1.1508
0.74989
0.70632
0.7656
0.69823
0.69823
0.78524
0.7656
0.71285
0.72778
0.71945
0.72277
0.95499
0.80353
0.72946
0.78343
0.66681
0.72444
0.70469
0.76033
0.73451
0.7379
0.89331
1.205
0.71945
0.71945
0.70469
0.70958
0.77268
0.71285
0.72946
0.75509
0.9977
0.71945
0.74645
0.86298
0.72778
1.1776
0.80353
0.71285
0.80724
0.74473
0.78163
0.72946
0.81846
0.94842
0.77625
0.75162
0.68391
0.72946
0.72946
0.79799
0.82035
0.70958
1.0568
0.70958
0.70307
0.73282
1.0447
0.69823
0.86099
1.2417
0.74645
0.72444
0.69984
0.69183
0.71614
0.72946
1.135
0.76913
1.1272
0.87297
0.9528
1.3614
2.9785
1.3772
1.2794
1.2677
1.2331
1.803
1.2246
1.135
0.80538
1.2218
3.6058
0.74645
0.77983
0.74645
0.82985
0.71779
1.0666
1.5101
0.72946
0.68391
0.69343
1.0209
0.71285
0.70469
0.67143
0.72611
0.70469
0.74473
0.71779
0.72111
0.69343
0.73282
0.68077
0.68865
0.71121
0.78163
0.69663
0.69663
0.68707
0.70146
0.7145
0.74131
0.70469
0.74645
0.7145
0.80168
0.79983
0.67298
0.68865
0.69343
0.71121
0.70307
0.72946
0.69663
1.2647
0.70146
0.66222
0.73282
0.68707
0.67764
0.68077
0.68234
0.70795
0.74645
0.74989
0.94189
0.73114
0.70307
0.69343
0.76033
0.71121
0.7145
0.72611
0.78163
0.72611
0.70307
0.74302
0.65313
0.69183
0.70632
0.69024
0.69984
0.72111
0.68077
0.72611
0.76736
0.69502
0.70958
0.66374
0.69502
0.94842
0.70146
0.86896
1.1535
0.76384
0.75509
0.82224
0.67764
0.69024
0.78524
0.66988
0.66988
0.66374
0.68234
0.74302
0.69343
0.66834
0.68077
0.8356
0.66069
0.66988
0.8356
0.79799
0.77268
1.1858
1.4791
0.81846
0.72444
0.66069
0.73621
0.70795
0.6792
0.72778
0.68707
0.69024
0.74989
0.66374
0.67453
0.68391
0.74302
0.69183
0.71945
0.93972
0.68865
0.68549
0.68391
0.97499
1.0257
1.2331
1.0023
0.85507
0.87096
0.97949
1.3062
0.84528
0.93541
1.0765
1.6827
1.4859
2.0137
0.91622
1.1749
1.2078
0.74131
0.73114
0.70307
0.72444
0.69183
0.77804
0.68077
0.70146
0.73451
0.69502
0.73961
0.72946
0.71779
0.8147
0.74817
0.73621
0.7145
0.69502
0.75336
0.71614
0.76736
0.70146
0.72444
0.68865
0.72611
0.75336
0.77983
0.73114
0.7656
0.79799
0.68707
0.81846
0.77446
0.82604
0.84918
0.73961
0.78343
0.71285
1.0715
0.77446
0.70469
0.85114
0.96828
0.70146
0.72946
0.80538
0.92257
0.76736
0.78524
0.81658
0.81658
0.7656
0.75336
0.77625
0.87498
0.72277
0.71779
0.81846
0.90573
0.71779
0.74131
0.71945
0.75683
0.7656
0.7145
0.73114
0.79068
0.90157
0.72778
0.76033
0.74817
0.91833
0.78705
0.81283
0.86497
0.79799
0.93111
1.219
1.2503
1.052
1.5959
0.70632
0.76736
0.73114
0.71614
0.69663
0.73621
0.82224
0.74131
0.74817
0.67608
0.81096
0.72611
0.69502
0.72111
0.80724
0.73114
0.69663
0.7709
0.69823
0.76384
0.80168
0.68391
0.73282
0.68077
0.70632
0.72111
0.77446
0.69663
0.77625
0.71614
0.77983
0.71614
0.76208
0.69502
0.67298
0.72946
0.71614
0.72277
0.8531
0.72111
0.69502
0.81846
0.71945
0.73114
0.77268
0.69502
0.71285
1.3243
0.72611
1.4158
0.70469
0.94842
0.72778
0.89536
0.73621
0.68234
0.7709
0.6792
0.74131
0.86497
0.73621
0.98401
0.75858
0.75858
0.76384
0.86896
0.90991
0.68549
0.68707
0.74645
0.73621
0.6792
0.96828
0.66681
0.84918
0.9594
0.70146
0.86696
0.71121
0.8356
0.91411
1.2853
1.4256
1.4322
0.7709
1.0447
1.1092
0.92897
1.0423
0.92683
0.93756
1.1749
1.5382
0.70632
0.6792
0.77804
0.86298
0.87096
0.76913
1.6596
1.1455
1.4355
2.4491
0.7145
0.68707
0.77446
0.70795
0.73114
1.0399
0.99083
0.87297
0.97724
1.2794
0.99083
1.074
1.5205
1.2445
1.2912
0.99312
0.70958
0.69663
0.70469
1.5241
0.87902
0.74473
0.74302
0.73961
3.5075
9.0573
0.7145
0.7656
0.70469
0.71779
0.76208
0.69502
0.71614
0.68549
0.86099
0.66222
0.79433
0.74131
0.70146
0.68707
0.67143
0.89331
0.6792
0.78886
0.69984
0.76736
0.72111
1.0864
0.70146
0.68391
0.78886
0.72444
0.74989
0.73961
0.66988
0.79983
0.77804
0.70795
0.67143
0.69502
0.98175
0.93972
2.1135
1.3305
0.73621
0.77983
1.4388
1.9999
2.7669
0.69823
0.71945
0.70795
0.71779
0.77804
6.9183
0.70307
0.73114
0.67608
0.75336
0.71614
0.71614
0.73621
0.7145
0.69502
0.8147
0.70632
0.88512
0.72611
0.70795
0.69663
0.72778
0.72111
0.69502
0.70307
1.0471
3.1842
0.76033
0.70307
0.76736
0.70632
0.69183
6.0814
0.80538
0.74989
0.70146
0.72277
0.77446
0.84723
0.7656
0.80353
0.69024
0.71945
0.79983
0.72778
0.79433
0.70958
0.87096
0.75683
0.71121
0.80538
0.72444
0.71121
0.76913
0.70146
0.77804
0.76384
1.0351
0.82604
0.82224
0.90991
0.90365
1.0914
0.77268
1.4962
3.4514
0.70632
0.66222
0.72946
0.68865
0.71779
0.71779
0.68865
0.71614
0.72946
0.68077
0.73621
0.69984
0.93325
0.80353
0.74473
0.72444
0.74302
0.73451
0.72111
0.67143
0.91622
0.73451
0.7709
0.71121
0.71945
0.70958
1.3305
0.96161
1.2023
0.96605
2.3659
1.1324
0.94624
0.85114
1.0046
0.77625
0.72111
1.1885
2.7416
0.70307
1.0209
1.1588
1.1298
5.1404
0.70307
0.73451
0.69663
0.75683
0.75683
0.70307
0.70469
0.71945
0.73621
0.69183
0.68707
0.78886
0.71285
0.71285
0.74645
0.69984
0.66681
0.73114
0.76384
0.73961
0.7379
0.66834
0.72111
0.72611
0.81846
0.69823
0.74131
0.72611
0.68549
0.73451
1.0495
0.7145
0.69502
0.73451
0.77804
0.70469
0.88716
0.70307
0.73451
0.70469
0.75858
0.74473
0.76913
0.69663
0.76384
0.73621
0.78705
0.75336
0.7145
0.72611
0.68234
0.75858
0.76736
0.72111
0.70958
0.92045
0.7709
0.79068
0.72444
0.75162
0.77446
0.73282
0.66988
0.71945
0.73961
0.71285
0.7925
0.68707
0.69502
0.77983
0.67453
0.73282
0.75336
0.74302
0.79068
0.75162
0.75162
0.69823
0.75162
1.0423
0.90157
0.74817
0.80538
0.72611
1.1194
1.3366
0.83368
0.97724
0.75162
0.74473
0.8995
1.183
0.88716
1.1169
1.219
1.2218
1.1722
1.3397
1.2218
1.3213
0.88308
1.4191
1.2942
1.1668
1.1246
1.5136
1.1722
1.1885
1.0423
1.0471
1.1885
1.3646
0.77625
1.4962
1.4421
0.79433
0.70958
0.7145
0.70632
0.71779
0.72444
0.77625
0.78163
0.98175
1.7022
1.0351
1.8493
0.71121
0.7145
0.69823
0.71121
0.79983
0.71121
0.73282
0.82604
0.6792
0.6792
0.79068
0.65766
0.76033
0.72946
0.72778
0.79616
0.71945
0.78886
0.73451
0.73961
0.82224
0.66834
0.73451
0.71779
0.96605
1.1092
0.70795
0.77625
0.7379
0.67298
0.71121
0.73451
0.69024
0.77268
0.70632
0.76736
0.69183
0.75509
0.79983
0.7925
0.82224
0.7379
0.74817
0.69183
0.72778
0.69024
0.77268
0.73282
0.72277
0.72611
0.81658
0.68707
0.70958
0.73282
0.7656
0.76208
0.72277
0.84918
1.0139
1.0641
1.0093
0.74817
0.85901
1.3583
0.80168
0.70469
0.83176
0.78886
0.72946
0.75683
0.75336
0.69502
0.70469
0.75162
0.71614
0.76913
0.74473
0.80538
0.78343
0.64863
0.70958
0.82794
0.6792
0.74131
0.877
0.75509
0.75336
1.2162
0.69024
0.68865
0.72946
0.76208
0.73961
0.69663
0.76208
0.77804
0.7656
0.71779
0.74131
0.75162
0.78343
0.68391
0.71614
0.73114
0.75858
0.84918
0.84333
0.97949
1.0233
1.0304
1.0233
0.78163
0.69984
0.89125
1.1912
0.76384
0.67143
0.71121
0.72277
0.72778
0.86497
0.70307
1.0209
0.79799
1.0789
1.6255
0.76208
0.74302
0.85507
0.74131
0.71121
0.85114
0.75858
0.68865
0.87096
0.70795
0.70307
0.81846
0.83368
0.78886
0.69663
0.72444
0.7925
0.76033
0.78886
0.81283
0.73621
0.75162
0.70958
0.79983
0.94624
0.79799
0.74131
0.7925
1.0328
0.76384
2.2646
0.94842
1.1858
1.1588
1.1722
0.99541
2.0797
0.72111
0.73451
1.977
0.67608
0.69663
0.69984
0.73961
0.70632
0.73282
0.7656
0.7145
0.71285
0.85114
0.70146
0.67764
0.70146
0.75683
0.72277
0.71945
0.72946
0.78886
0.68077
0.73451
0.70795
0.70795
0.76384
0.74989
0.75858
0.84918
0.72277
0.8356
0.72444
0.72778
0.71614
0.68234
0.72277
0.72444
0.70146
0.75509
0.72277
0.89331
0.76384
0.71945
0.65163
0.77983
0.7379
0.69502
0.67608
0.72611
0.80724
0.66222
0.7145
0.69984
0.71779
0.70469
0.70307
0.69183
0.73451
0.73114
0.67764
0.72946
0.77268
0.74131
0.65615
0.69024
0.73451
0.72611
0.69663
0.72611
0.66681
0.83753
0.83753
0.72111
0.70469
0.80538
1.2445
0.67764
0.69663
0.67608
0.72946
0.76384
0.69343
0.71121
0.69343
0.69024
0.69663
0.74473
0.7379
0.66527
0.78524
0.70146
0.73961
0.79433
0.77625
0.69183
0.7656
0.72778
0.73282
1.1324
0.7656
0.97051
0.85704
0.81658
0.78343
2.0091
0.72111
0.7145
0.72444
0.78524
0.72946
0.70469
0.69183
0.71121
0.69984
0.69502
0.81658
0.69663
0.72611
0.8147
0.82035
0.74989
0.74989
0.69502
0.74131
0.7925
0.76384
0.70146
0.72444
0.73621
0.70795
0.74645
0.76736
0.75683
0.70469
0.76384
0.72277
0.67764
0.82604
0.71779
0.68077
0.79068
0.72946
0.85901
0.82414
0.73114
0.75858
0.78343
0.69984
0.75509
0.73961
0.94624
0.73282
0.86696
0.94189
0.76208
0.78705
0.84918
0.89331
1.1143
0.71945
0.71285
0.81658
0.84723
1.0139
0.70307
0.68077
0.70632
0.75509
0.8892
0.79799
0.77625
0.68077
0.71945
0.74302
0.69024
0.73114
0.82985
0.70632
0.84918
0.76208
0.65766
0.70632
0.67764
0.73114
0.70795
0.73282
0.82604
0.69663
0.8531
0.91201
0.70469
0.72444
0.73282
1.1482
0.73621
1.3092
1.3152
0.79616
0.82794
0.9506
2.3933
0.90365
0.74645
0.8147
0.77268
1.2589
1.4928
1.803
0.85704
0.69502
0.72611
0.77625
0.7709
0.78163
0.74473
0.78343
0.76913
0.73451
0.70958
0.75336
0.7925
0.7925
0.72611
0.82985
0.73114
0.69984
0.86099
0.74645
0.75336
0.74473
0.73282
0.78163
0.74131
0.78524
0.80168
0.94189
0.72778
0.77446
0.78705
0.76208
0.77446
0.7709
0.76384
1.052
0.68549
1.099
1.2942
0.72946
0.76033
0.74989
0.71285
0.82224
0.71121
0.74131
0.75683
0.70958
0.75683
0.72778
0.70469
0.85114
0.6792
0.77268
0.8531
0.7709
0.78705
0.78524
0.77983
0.74817
0.75858
0.73961
0.70307
0.75683
0.85704
0.7145
0.71285
0.8414
0.74817
0.75336
0.72946
0.79983
0.74989
0.76208
0.78524
0.76736
0.79616
0.77268
0.78705
0.82414
0.67453
0.7709
0.8147
0.70958
0.74645
1.0116
0.8995
1.5205
0.7379
0.7145
0.73961
0.77804
0.79433
0.78343
0.77983
0.73282
0.7925
0.69663
1.5241
1.0399
0.91622
1.3274
0.74817
0.7925
1.0116
0.75509
2.2699
1.7701
0.75162
0.73282
0.76913
1.0914
0.93541
1.4223
1.2303
0.74817
1.0914
1.1169
1.2794
0.96828
0.69024
0.7145
0.69024
0.68391
0.69502
0.70795
0.70795
0.70469
0.69663
0.77625
0.69823
0.75683
0.69502
0.7709
0.77446
0.72277
0.68549
0.93756
0.70958
0.71285
0.77268
0.67608
0.73451
0.74989
0.73114
0.73114
0.74302
1.0328
0.75509
0.67143
0.75509
0.68865
0.74989
0.71121
0.72778
0.72611
0.69343
0.91833
0.83946
0.73282
0.72111
0.65917
0.76033
0.70469
0.74645
0.70632
0.71121
0.75336
0.76736
0.69502
0.69024
0.73961
0.67298
1.0593
0.71945
0.82794
0.85704
0.98401
1.2303
0.74473
0.70469
0.67764
0.74473
0.71945
0.71285
0.65766
0.71779
0.83368
0.69183
0.75683
0.70469
0.78705
0.70469
0.6792
0.66069
0.7145
0.70469
0.7709
0.81846
0.71121
0.72277
0.73621
0.74989
0.7145
0.76384
0.7145
0.91411
0.75683
0.73282
0.73961
0.75336
0.68865
0.68234
0.80538
0.70958
0.93972
0.75336
0.97949
0.85114
0.74989
0.77983
0.76384
0.79799
0.74989
0.70307
1.1482
1.5241
1.0186
1.5101
0.79983
0.80538
0.66834
0.71945
0.84918
0.72611
0.76384
0.87297
0.72778
0.75336
0.76033
0.73282
0.71285
0.72778
0.72444
0.79616
0.85507
0.76736
0.71614
0.82414
0.78343
0.68707
0.74989
0.67764
0.72611
0.72277
0.71945
0.69183
0.72778
0.7656
0.7145
0.69984
0.70469
0.7145
0.8531
0.74131
0.70632
0.71779
0.76208
0.76736
0.76384
0.74817
0.72277
0.73961
0.78343
0.71285
0.89125
0.70795
0.73282
0.74473
0.78343
0.69984
0.75683
0.72611
0.73282
1.0715
0.82414
1.1995
0.65163
0.67453
0.74131
1.0116
0.72277
0.70307
0.72946
0.81283
0.75509
0.69823
0.73282
0.67143
0.70795
0.74989
0.75509
0.70632
0.70795
0.80168
0.78163
0.76208
0.74131
0.69663
0.81283
0.72611
0.74645
0.77446
0.69343
0.69663
1.0914
0.75858
0.74302
0.77268
0.71285
0.76384
0.79433
0.75336
0.90782
0.77983
0.80724
0.72946
0.73282
0.76736
0.69823
0.71614
0.69343
1.1015
0.77268
0.98628
0.99312
0.86696
0.79616
0.76736
0.76033
0.75509
0.75336
0.74817
0.74473
0.8531
0.74645
0.73451
0.71121
0.69984
0.70632
0.7656
0.74131
0.66374
0.71779
1.4521
2.2182
0.8995
0.90991
0.82604
1.0617
1.0257
1.1092
1.2503
1.094
1.135
0.81658
1.0666
0.82414
0.77804
0.84528
1.0328
1.3243
1.3366
1.2331
1.3804
1.4962
0.90157
1.2445
1.3646
0.75683
0.79616
0.69502
1.0304
0.72111
0.69663
0.71614
0.7709
0.79433
0.74989
0.88512
0.82604
0.7656
0.82985
1.3677
0.74131
1.2531
0.87902
1.9099
0.71121
0.86497
0.7145
0.84723
1.6218
0.76033
0.73282
0.7656
0.81096
0.7379
0.78524
0.77446
0.74817
0.78705
0.79616
0.74131
0.77983
0.73114
0.82035
0.71121
0.69663
0.80353
0.72611
0.74131
0.83368
0.82414
0.77625
0.74131
0.82035
0.89536
0.86896
1.094
0.82985
0.8892
1.0257
0.91833
0.79616
0.82224
0.81283
0.76384
0.73282
0.83368
0.78163
0.74645
0.74131
0.77625
0.80538
0.77268
0.73621
0.74817
0.76208
1.0495
1.6558
2.799
1.2218
0.72611
0.83368
0.76913
0.79068
0.72444
0.82794
0.8356
0.72111
0.74473
0.70632
0.74131
0.73961
0.78705
0.72611
0.7925
0.73114
0.7656
0.74989
0.7925
0.88308
0.72444
0.78886
0.80724
0.69663
0.73961
0.77625
0.76913
0.80724
0.76736
0.74473
0.86497
0.75858
0.68077
0.77804
0.76033
0.71779
0.72611
0.88105
0.79068
0.70958
0.80538
0.74645
0.84528
0.74302
0.95499
0.82985
0.72778
0.76208
0.75858
0.80724
0.77983
0.75162
0.77625
0.72444
0.79799
0.78705
0.76033
0.80724
0.76736
0.82985
0.77268
0.83753
1.0233
2.1232
0.86696
0.69343
0.78524
0.68391
0.79068
0.7925
0.78524
0.87498
0.76208
0.78886
0.88308
0.72444
0.83753
0.8091
0.74645
0.7145
0.85704
0.88308
0.74302
0.74302
0.77983
0.70795
0.75858
0.77804
0.76736
0.77804
0.93541
0.81096
0.82414
0.7145
0.8892
0.7145
0.85507
0.73282
0.72778
0.78163
0.74473
0.76736
0.76208
0.80353
0.68391
0.76913
0.82604
0.74302
1.0233
0.96383
0.98628
0.8091
0.80724
1.4256
1.1561
0.73114
0.76033
0.80353
0.81096
0.71945
0.76033
0.69984
0.75509
0.75858
0.79068
0.69823
0.75336
0.77804
0.71614
0.75162
0.80353
0.74645
0.71614
0.79799
0.74131
1.1482
1.762
0.79616
0.72277
0.76384
0.83368
0.70632
0.73282
0.8356
0.72946
0.75858
0.76384
0.72946
0.70795
0.78163
0.82985
0.8531
0.70632
0.7145
0.76384
0.72611
0.71945
0.73282
0.93972
0.77983
0.78705
0.71945
0.72444
0.73282
0.8531
0.81096
1.3366
1.3152
1.7906
3.4995
0.72277
0.78705
0.75683
0.68865
0.79616
0.77625
0.70958
0.73114
0.79068
0.73451
0.70469
0.72111
0.74989
0.79616
0.73961
0.69343
0.74131
0.87297
0.77446
0.67764
0.72611
0.89125
0.77804
0.75858
0.82985
0.78705
0.75683
0.69823
0.93541
0.7145
0.70469
0.80724
0.68234
0.74473
0.73114
0.71779
0.76208
0.76208
1.0691
0.75336
0.76208
0.75858
0.87096
0.69024
0.71121
0.85704
0.86298
0.71779
0.87902
1.1482
1.122
1.8323
0.83176
0.81658
0.75858
0.83368
1.7742
0.75162
0.8356
0.76736
0.78343
0.78524
0.82794
0.71779
0.71614
0.73114
0.7379
0.70307
0.71779
0.69502
0.77625
0.84528
0.8414
0.78524
0.78524
0.82604
0.67453
0.74817
0.78163
0.76033
0.8892
0.69663
0.7379
0.79433
0.72778
0.78886
0.93541
0.74645
0.75336
0.72946
0.76033
0.85704
0.74302
0.70469
0.78163
0.7379
0.71285
0.75162
0.71285
0.76033
0.75162
0.82794
0.70469
0.74302
0.75683
0.74989
0.76384
0.80538
1.2823
0.82224
0.7709
1.0666
1.1066
0.92683
0.91411
1.4388
1.0593
1.0864
1.0544
1.1912
1.1482
1.3366
1.2735
0.75858
0.68077
0.80724
1.0093
0.82604
0.82224
0.69343
0.74817
0.79433
0.81658
0.68391
0.70795
0.77446
0.8356
0.7656
0.77983
0.7925
0.72444
0.76033
0.7379
0.86099
0.8091
0.79799
0.77983
0.73282
0.78163
0.75162
0.77625
0.82985
0.7925
0.72444
0.73282
0.80168
0.78524
0.7925
0.76208
0.73451
0.80538
0.70795
0.82794
0.80724
0.81846
0.73282
0.80538
0.85114
0.81283
0.74645
0.70146
0.72277
0.78524
0.74131
0.76384
0.73282
0.7379
0.73114
0.8356
0.78886
0.78705
0.72946
0.7379
0.84528
0.80724
0.92045
0.83753
0.76208
0.87096
0.75162
0.78343
0.76913
0.72277
0.77268
0.79068
0.86896
0.71945
0.77804
0.8091
0.79068
0.85901
0.73621
0.74302
0.8531
0.70469
0.73282
0.8091
0.877
0.82035
0.74817
0.7145
0.77804
0.80353
0.70958
0.75509
0.76913
0.80724
0.82794
0.75162
0.76736
0.75858
0.78705
0.78343
0.88716
0.80168
0.75162
0.82985
0.82035
0.72444
0.8147
0.73282
0.78343
0.8356
0.69343
0.84528
0.71285
0.83176
0.72277
0.75162
0.86497
0.72444
0.82794
0.94406
0.76208
0.77446
0.84918
1.2735
0.78163
1.2331
1.7742
0.71945
0.73282
0.7145
0.70146
0.77625
0.75858
0.72778
0.72778
0.70795
0.68391
0.81658
0.72778
0.74645
0.80353
0.95719
0.79433
0.76033
0.76913
0.83176
0.76208
0.77268
0.74645
0.76913
0.78705
0.72111
0.78705
0.86696
0.73961
0.7709
0.6792
0.74989
0.82604
0.73961
0.95719
0.74473
0.76736
0.78163
0.78886
0.73621
0.7925
0.75509
0.78705
0.88105
0.87498
0.78705
0.81658
0.76736
0.74645
0.93541
0.76384
0.80538
0.81283
0.81846
0.81846
0.7656
0.76033
0.78343
0.76384
0.77983
0.72277
0.69663
0.73961
0.78886
0.70307
0.73961
0.77268
0.77268
0.73961
0.72111
0.74302
0.70469
0.74473
0.72277
0.71285
0.75509
0.74989
0.72611
0.77804
0.69343
0.75858
0.72111
0.83176
0.77983
0.74817
0.84528
0.75858
0.73961
0.79983
0.74817
0.76736
0.78163
0.83368
0.83946
0.78524
0.79433
0.90782
0.83753
0.74645
0.76384
1.6218
2.0701
0.76033
2.0512
0.84723
4.4566
16.634
4.8978
11.614
18.88
15.346
15.922
14.962
19.187
14.028
9.8175
16.032
9.0157
1.1722
5.9156
20.893
18.836
15.101
17.258
18.707
0.74989
2.0045
19.32
19.815
15.524
18.03
17.62
22.233
20.989
20.845
17.701
20.512
0.79068
10.789
18.923
26.977
20.989
25.942
17.458
22.909
16.144
20.417
17.378
23.878
14.757
20.277
21.135
17.458
20.559
20.277
22.856
11.092
24.099
19.275
21.878
19.011
14.488
16.827
17.906
12.331
26.792
1.9231
12.589
19.907
18.155
24.266
21.577
16.788
20.606
19.543
19.187
15.101
0.93325
19.634
17.947
16.069
6.5163
15.241
18.155
13.032
17.458
16.943
18.793
0.84333
8.2414
14.488
15.812
17.906
18.793
10.839
15.346
14.454
19.999
25.235
15.417
20.23
20.184
17.1
16.596
18.365
2.2909
9.7275
10.94
23.878
18.365
19.32
12.794
16.482
16.634
18.535
17.539
16.943
14.322
5.0699
15.488
15.704
20.417
17.906
22.646
16.788
16.255
8.1658
17.865
18.323
17.62
15.56
17.579
0.76033
7.0958
12.474
19.454
17.378
22.336
20.654
17.701
7.5509
14.289
28.973
20.184
21.184
16.904
20.137
33.806
22.856
4.5709
13.062
15.776
16.711
7.7804
10.209
0.76208
0.75858
0.96383
0.77446
0.72946
4.3954
15.311
14.555
11.776
16.866
19.275
29.04
22.131
16.144
14.158
22.029
14.421
15.488
13.868
21.979
23.988
25.061
20.654
13.772
23.768
22.284
19.409
20.654
14.421
17.458
6.3533
16.444
13.868
15.596
9.0573
25.468
16.255
20.989
13.804
14.689
15.524
12.56
5.3951
7.6913
15.066
8.9536
10.233
13.335
19.953
13.062
16.788
1.4125
1.3583
12.078
18.408
17.498
26.182
18.75
19.634
18.75
16.368
19.011
16.406
18.45
14.322
10.593
12.618
15.56
18.072
13.002
14.723
12.474
16.106
24.099
7.3282
14.125
20.845
9.3972
20.137
13.614
19.055
16.596
14.223
4.4875
14.521
18.836
14.859
11.169
21.777
11.885
15.241
13.49
14.689
21.281
13.243
11.041
9.8175
10.52
15.56
14.191
12.56
18.323
10.471
7.5336
1.0495
4.8978
14.125
14.289
15.704
14.191
9.3756
13.772
7.0307
0.96828
1.2246
0.75509
1.0304
0.89536
0.66834
0.73114
0.85507
1.0617
5.3333
1.1298
1.4928
1.4093
1.0666
1.122
1.2942
1.4622
1.9011
0.73961
10.046
13.49
17.947
13.868
18.197
13.243
13.335
27.542
11.272
13.459
15.56
2.729
17.701
9.247
13.002
9.1622
21.979
21.478
20.23
14.555
18.281
13.646
13.804
16.255
12.359
0.77804
9.7499
11.83
16.069
32.885
21.677
18.578
15.922
15.631
15.922
17.418
16.368
18.923
18.113
18.707
19.861
33.037
16.368
18.365
13.552
13.032
10.544
10.116
14.289
12.794
15.631
9.3972
15.311
10.814
2.8445
0.83368
0.79433
0.72444
1.8535
19.907
24.099
20.941
15.596
13.583
12.794
14.689
18.239
13.964
7.3114
12.882
14.791
19.953
24.831
24.547
3.6728
6.3241
9.5719
12.134
17.179
12.735
21.038
14.223
22.961
13.964
9.3325
14.322
19.454
10
18.239
14.997
18.408
14.723
15.382
14.093
12.474
18.493
13.428
15.922
12.05
15.066
2.9854
11.298
15.382
23.335
1.2972
5.2966
12.882
14.521
18.578
11.117
14.689
18.113
3.2285
3.8282
9.2683
11.092
0.75683
14.322
16.866
14.093
14.06
6.3826
11.429
9.594
11.749
12.388
21.038
13.646
13.583
0.87297
0.83753
1.3836
0.76913
8.7902
12.474
11.482
24.774
8.2794
15.101
15.241
18.923
14.757
9.9083
15.704
14.555
15.241
12.503
14.06
13.152
24.604
15.417
20.559
19.724
11.803
15.668
14.06
14.488
20.989
14.06
15.596
19.231
15.382
13.243
10.162
5.188
11.967
14.06
8.8512
6.3533
3.9174
5.0582
14.223
13.459
13.964
2.4547
9.2683
10.139
12.331
16.069
11.169
13.152
10.593
12.359
12.078
18.45
11.246
8.1658
14.256
11.535
1.71
1.2942
1.3614
1.1324
10.99
0.89536
1.1535
1.2677
1.6032
1.1776
1.2589
1.4388
1.4555
8.531
11.561
17.219
17.989
5.9429
12.19
13.459
14.825
0.99541
1.5066
2.8907
12.735
2.1184
7.1121
0.69502
0.75336
0.74302
4.4566
0.7925
0.82035
0.75683
0.74989
0.7145
0.93111
0.8531
1.0093
0.78163
0.74817
0.79983
0.68549
0.74473
0.76384
0.65615
0.68391
0.74302
0.80724
0.71121
0.72946
1.2882
0.68549
0.70632
0.72111
0.70469
0.73114
0.78524
0.69343
0.69984
0.74817
0.73114
0.71945
0.73282
0.70795
0.78524
0.75336
0.70795
0.75336
0.70795
0.77625
0.71285
0.74302
0.66222
0.72778
0.77625
0.7145
0.70469
0.74645
0.69663
1.0666
0.71614
0.75336
0.70795
0.70632
0.73451
0.75858
0.72444
0.75336
0.7145
0.69502
0.7145
0.70307
0.7656
0.75336
0.72946
0.73451
0.77804
0.76033
0.73621
0.74473
0.91622
0.73961
0.96605
0.8414
0.75162
0.91201
0.72277
0.85901
1
0.93325
0.70632
0.77268
0.68234
0.70795
0.70469
0.67143
1.2359
0.77625
1.0328
0.92683
1.0209
1.4928
3.4594
0.71121
0.68549
0.71285
0.66222
0.80538
1.3335
0.91622
1.4791
1.1092
1.0765
1.0568
2.0417
2.0845
0.98175
1.1169
1.6672
1.1561
1.3062
1.0568
1.1298
0.88308
1.3183
1.0568
0.97949
1.4421
0.70958
0.72946
0.79616
0.70632
0.70469
0.70632
1.1376
0.73282
0.70632
0.73961
0.98175
0.68865
0.75336
0.69663
0.73114
0.70632
0.66988
0.69823
0.75336
0.8091
0.70307
0.71121
0.71121
0.69024
0.71121
0.70795
0.72778
0.94624
0.77446
0.89743
0.74817
0.71614
0.75162
0.75858
0.73961
0.71614
0.72611
0.75336
0.78163
0.77804
0.73282
0.75509
0.76208
0.74989
0.69823
0.72444
0.75336
0.68865
0.70795
0.80724
0.77268
0.70958
0.7925
0.69663
0.73114
0.68234
0.7145
0.68077
0.72778
0.71121
0.67453
0.70632
0.75509
0.69663
0.75858
0.72611
0.71285
0.83368
0.70958
0.76913
0.67453
0.73114
0.77268
0.76384
0.70307
0.76384
0.70795
0.71614
0.74131
0.76208
0.73621
0.78705
0.68549
0.73961
0.76208
0.71945
0.73114
0.74645
0.7656
0.71614
0.85507
0.75162
0.7145
0.74131
0.70146
0.68865
0.68865
0.70795
0.78163
0.70795
0.71945
0.79799
0.73621
0.77446
0.68865
0.70469
0.7656
0.72611
0.73282
0.72778
0.78524
0.78163
0.76736
0.68234
0.69984
0.66988
0.66374
0.7656
0.73114
0.70632
0.7656
0.69183
0.74817
0.72778
0.99312
1.1298
1.0046
1.1535
0.93972
2.2387
5.1761
9.1622
15.101
20.37
13.709
16.672
0.72946
0.79068
1.8967
1.1776
0.86696
0.96161
1.3459
1.219
1.3366
1.2882
1.0889
3.7239
0.6792
0.90157
0.80538
1.0023
7.5162
3.6308
14.158
20.045
10.023
17.418
23.878
20.37
15.596
21.677
20.701
17.219
18.664
19.77
24.491
14.723
11.376
13.092
9.977
15.311
17.1
17.298
15.136
21.038
14.723
15.631
15.276
6.4269
7.4473
12.56
20.045
7.8524
17.742
13.274
13.804
19.231
16.293
16.181
11.588
1.7579
1.4825
1.0069
0.82985
1.1092
0.88512
1.5812
0.86896
0.80168
1.5066
0.7379
0.72111
0.72277
0.73282
2.1281
5.1286
8.2414
14.028
11.885
24.266
18.072
22.646
16.596
13.836
19.679
13.122
16.482
7.3114
18.664
13.032
6.7143
9.5499
15.136
15.631
15.74
12.764
13.274
15.101
1.9543
1.8621
5.4576
15.524
13.709
11.885
20.654
20.137
16.293
17.824
17.061
13.932
12.331
26.977
13.274
12.474
10.116
7.9068
7.5858
8.77
0.76913
0.74302
0.71121
0.78524
0.74473
0.75162
0.83753
1.7989
1.39
0.78343
1.6144
1.0889
1.0715
1.0889
1.1092
17.906
17.179
12.445
19.724
21.979
12.972
17.947
21.627
20.091
19.679
16.788
17.298
14.655
11.066
13.964
17.539
11.695
1.4158
9.7499
0.92683
2.7669
4.2855
3.3189
8.9743
0.82035
0.76208
0.95499
0.76913
1.39
1.122
0.88716
2.6792
0.7145
0.7145
0.72778
0.75683
0.72611
0.7925
1.0471
1.1194
0.80168
0.79983
0.78343
4.9317
5.0933
2.884
0.68391
0.70146
0.80168
4.0551
15.171
18.578
15.241
12.972
10.423
23.442
14.158
11.482
13.552
10.641
10.74
1.0046
6.8234
9.2045
0.75162
0.75858
0.74473
0.77446
0.65766
0.75162
0.90573
0.71614
0.73451
0.75858
0.75683
0.67764
16.331
12.794
13.868
10.162
2.3281
13.964
13.428
13.062
14.723
16.032
14.289
17.783
14.488
16.558
14.158
14.322
0.69343
1.4454
7.2611
16.106
16.406
13.74
11.885
10.617
11.455
10.399
13.366
14.859
14.256
7.4989
2.2542
6.1094
8.9743
3.2211
8.4333
0.75509
0.77804
2.2029
10.447
19.099
18.75
9.7724
13.614
13.964
15.241
19.231
26.546
19.055
13.583
1.977
5.0234
15.704
30.2
14.289
19.999
16.749
24.491
20.989
7.8343
7.2444
24.155
15.136
15.776
15.812
13.274
13.397
10.99
1.0544
0.93972
0.8147
0.85704
1.2531
14.928
4.2658
6.2373
10.399
12.853
12.303
19.953
13.183
15.171
14.388
22.909
8.4333
4.1495
12.331
13.032
10.399
22.594
17.66
14.421
18.707
14.421
0.68707
6.7608
4.5186
1.3996
1.1117
22.646
14.388
16.52
19.364
18.578
12.359
14.223
6.4417
23.442
11.35
14.791
21.577
17.179
18.197
24.266
16.144
14.555
18.836
0.94624
13.002
16.069
18.408
23.605
14.223
19.099
18.03
14.125
15.346
11.94
10.328
11.429
7.2611
15.031
13.868
14.223
1.5101
5.7016
13.305
20.512
9.6828
12.162
16.52
20.23
13.274
16.368
19.32
5.781
7.7268
11.722
18.664
14.158
13.614
13.243
17.824
9.4189
17.66
12.023
17.179
18.323
14.158
19.32
20.324
10.789
13.032
12.19
17.865
11.695
11.668
10.715
19.099
14.06
