4.2073
12.303
4.2855
4.1879
4.6132
1.4622
2.4434
1.1272
1.9011
6.2373
5.4954
8.6099
5.3211
5.5335
7.2611
5.9704
5.2723
4.9545
7.1285
5.821
4.217
4.6238
5.5208
4.8753
5.6754
4.4259
4.8865
5.7412
2.7606
3.767
4.6559
4.3752
5.9841
4.3251
4.8195
5.2
4.3351
4.5709
4.4259
5.6364
4.0458
2.3496
2.8973
4.8529
4.9317
4.0458
4.6666
4.7534
3.2285
4.0179
5.224
4.1687
4.5709
3.9628
9.2045
5.3703
5.2
5.5335
4.8978
5.0466
5.9841
6.1094
4.0644
3.4277
4.1976
6.5464
5.5847
2.7164
6.8077
4.7098
8.5114
5.2119
6.2661
4.4055
7.1285
5.3951
6.1518
5.728
6.0814
4.7753
5.7943
3.8548
2.1878
3.2063
4.0551
4.8641
4.7643
4.6666
5.7148
3.4914
9.9541
7.4302
6.4863
1.9099
4.3853
4.7315
4.6989
6.3096
5.0933
5.4075
6.9343
5.224
4.8753
5.2481
6.2951
3.6475
4.9317
6.3241
6.166
5.0699
4.8641
17.418
29.717
21.677
6.6681
6.1518
5.7016
5.4702
5.7412
1.8155
9.3972
14.421
10.023
8.9743
6.4417
7.7446
2.0941
5.2602
1.9409
5.728
6.9343
4.4771
8.0538
5.0466
4.7534
5.0119
5.3088
4.5814
5.3951
5.1642
5.6754
5.8614
5.2
5.6754
5.4325
4.4875
4.217
5.0933
5.821
0.87297
3.0903
7.3282
7.2111
5.0234
8.1846
3.1405
1.6293
5.0933
6.1518
5.8076
4.8753
5.0234
6.3826
5.4325
4.3551
6.1518
6.223
5.9293
6.3241
4.5604
4.6238
4.3251
5.5081
5.728
3.581
5.5976
4.7206
4.3351
5.7016
6.3533
5.2
2.2751
4.7424
4.6452
6.0534
4.6666
5.6754
4.1305
6.5615
4.7753
3.6308
1.2589
4.9545
6.368
4.8529
4.6989
4.3251
3.5645
8.5114
5.3703
6.4269
5.2723
4.7643
4.6452
4.6132
4.3152
5.781
3.5318
4.9204
3.5237
3.8637
4.9659
4.9317
6.5615
4.0365
5.1761
4.5709
7.6736
4.3551
5.559
3.7844
1.0864
0.95719
4.4771
10.375
6.4269
5.105
5.9156
5.2119
6.6374
6.1944
5.9429
4.3853
6.5163
6.0954
1.9231
2.133
5.3703
5.0003
5.0699
6.3241
5.8345
5.7148
5.9293
1.9498
5.9566
6.7298
4.3752
6.1376
5.4576
7.4473
7.2778
4.8753
3.8459
6.3826
4.3551
5.2602
6.2087
3.9994
5.6364
4.5604
1.2417
2.541
1.194
0.90573
1.0304
3.767
9.0157
8.0353
6.9183
5.559
6.2517
4.7315
5.728
4.8529
5.3211
5.9156
4.8195
5.3703
4.1115
5.1761
4.2267
6.223
7.0307
8.995
6.3096
4.9659
5.4075
5.5976
6.0395
1.0914
1.6904
5.2723
11.508
5.7016
3.6813
5.2966
5.902
6.0674
4.7424
6.0534
5.3211
6.3973
6.1518
7.8705
4.4259
5.5463
5.5463
0.76736
5.1168
4.9204
5.0582
4.14
5.1404
5.8614
4.592
5.5847
6.6222
5.5463
5.9156
3.8371
4.2267
5.42
7.1779
5.1761
4.7973
4.8529
6.2087
5.358
0.99083
2.1478
4.2658
5.7544
6.1518
7.2444
6.0534
9.3541
3.6898
1.3428
2.6546
4.9431
7.6384
5.9704
6.3826
5.2
6.368
5.035
5.0933
1.0914
2.4044
7.5858
8.9743
5.9429
5.1286
6.3533
7.5162
6.8391
8.531
5.4325
8.5507
4.8195
7.8524
8.8512
6.3533
6.0534
5.2
2.4266
7.1285
8.5901
5.9293
5.2602
6.6527
5.7677
9.506
4.6666
7.8524
5.0234
4.9317
5.4828
6.0674
8.2794
3.9719
5.4828
6.5917
6.3533
3.1405
4.9545
5.42
5.9841
6.368
6.0954
6.0117
5.4576
5.42
7.0958
5.105
4.8306
5.7148
4.5604
5.105
5.445
6.5313
4.2954
5.821
7.0632
5.0699
8.7096
6.5163
6.0954
3.2659
5.0933
6.5917
5.0699
5.1404
4.529
7.379
1.2162
1.0495
1.1015
5.8749
4.4463
10.186
5.5847
5.2481
6.6988
4.8753
6.4565
5.1761
3.6308
5.7677
6.3241
7.3621
5.8076
5.8345
4.6774
6.368
5.9704
6.1376
4.8529
6.2661
4.6559
1.5704
4.4771
4.4259
6.2373
3.9902
4.7753
4.8417
6.0534
6.2087
6.1376
5.0119
1.1066
0.80168
1.4521
2.7606
7.9983
3.6308
1.2823
2.8249
7.4473
6.8391
5.3951
4.8306
5.7148
4.2364
5.5719
4.9204
6.6374
5.358
14.421
7.6913
6.3973
10.471
7.2444
6.7453
6.2087
6.9024
7.4473
10.28
7.7625
5.9979
5.2
5.6494
7.0795
6.8391
5.6364
4.1976
8.3946
8.2985
4.6345
5.9841
5.2723
5.0466
5.42
4.8641
4.5394
5.6754
5.3211
6.5766
1.7179
1.1143
1.3552
8.9743
8.8308
6.3387
5.0933
5.188
5.8479
5.236
4.1687
4.9774
5.1404
1.2162
5.0816
5.7412
6.0395
5.1642
0.97949
1.3964
1.5276
3.8637
5.7943
6.7298
5.559
6.8077
5.5463
5.5208
6.7608
6.1376
1.7783
1.7947
4.9204
7.0307
4.4978
5.9566
5.8884
7.145
5.9979
4.7315
3.8019
8.0538
7.7446
5.5335
7.8705
4.6559
5.821
7.0146
6.8549
3.9446
5.781
5.8076
5.6624
4.4875
7.7268
5.4828
4.1591
4.4361
7.4473
6.0534
5.9704
5.6234
5.42
2.0701
2.9376
7.1779
6.2373
5.2119
6.6222
5.2
5.9429
6.9024
7.3961
4.6026
5.3088
5.1523
5.035
5.781
5.5719
6.2517
4.5394
3.3651
4.9091
0.88105
0.85507
0.877
0.86696
2.2856
4.529
4.9774
4.5814
7.8886
4.2658
4.9545
6.3973
4.8753
5.7148
5.236
4.5082
0.94624
1.0568
1.1722
4.6132
4.6026
5.3211
5.7148
4.5394
7.656
5.8884
3.9719
6.9502
6.3973
5.358
7.4473
5.236
5.3951
4.3351
4.4771
5.559
4.1115
6.166
5.2723
7.2778
4.7315
5.1761
5.7677
5.6105
5.4702
6.4417
5.8749
3.6224
1.2078
4.4875
5.1286
3.3651
1.4588
1.1194
4.0551
6.6222
4.9545
6.6988
5.3827
5.236
5.559
4.9545
5.5847
4.1783
5.0466
8.0168
4.6774
4.6026
5.2
8.7096
5.2602
5.5081
6.4269
4.7424
7.0469
5.3333
4.9317
5.1404
4.9774
5.0234
5.2602
7.2444
3.2211
1.0304
0.79983
1.052
0.97051
0.71614
0.70632
1.0789
0.84333
1.1324
0.93325
0.92897
3.3884
5.5335
1.6218
2.0417
3.6559
5.6234
4.8417
7.6736
5.781
7.8524
5.0234
5.1404
5.8884
4.4259
4.9774
4.9545
7.8163
6.0534
4.4566
5.7544
6.7608
5.8749
2.1627
4.529
4.9431
8.5507
7.709
1.7418
5.1523
5.236
3.6141
4.7863
5.2602
5.3827
5.3088
4.9888
6.7608
4.9888
5.5208
4.8753
6.368
1.8281
0.83946
0.84528
0.76736
0.93541
0.86696
2.2594
1.9634
6.4565
1.1803
1.4388
0.98175
1.0209
1.1588
1.2106
1.0304
1.0965
0.75162
0.74817
0.7379
1.0186
0.69823
0.72444
0.73621
0.79068
0.73451
0.73961
0.72111
0.72611
0.85507
0.74645
0.69024
0.91201
0.70146
0.72277
0.8091
0.99541
0.72611
1.3183
0.91201
0.88105
1.4928
0.75683
0.68077
0.70469
0.74645
0.73961
0.74645
0.71779
0.6792
0.67453
0.71945
0.67764
0.65917
0.67453
0.76033
0.81096
0.71779
0.78524
0.74131
0.76033
0.76384
0.68865
1.1588
1.1246
0.72946
0.68549
0.72611
0.70307
0.64565
0.78705
0.71121
0.70307
0.7379
0.73451
0.71945
0.69823
0.76033
0.71121
0.68077
0.68707
0.70795
0.74817
0.70958
0.70958
0.63533
0.74131
0.75336
0.67608
0.71121
0.71945
0.82414
0.65313
0.7379
0.67143
0.70146
0.72277
0.65917
0.72444
0.64565
0.69823
0.6792
0.80538
0.81096
0.67764
0.71779
0.71614
0.64863
0.7709
0.68077
0.69984
0.72277
0.73282
0.70307
0.68549
0.73451
0.8356
0.7145
0.73451
0.75336
0.90782
0.71285
0.70146
0.69183
0.66834
0.69183
0.69823
0.69024
0.71945
0.87096
0.67764
0.71121
0.66374
0.69663
0.73114
0.70958
0.75336
0.79983
0.68077
0.70795
0.78886
0.66834
0.72444
0.71779
0.66988
0.67143
0.74131
0.69984
0.76913
0.68077
0.73621
0.70632
0.67764
0.72444
0.71614
0.69502
0.75683
0.71285
0.72946
0.76208
0.76208
0.72778
0.73961
0.74645
0.68077
0.70632
0.71779
0.75858
0.76736
0.72111
0.72778
0.69343
0.68707
0.77268
0.71614
0.75509
0.73621
0.71285
0.69984
0.72611
0.70469
0.72277
0.73451
0.69024
0.71614
0.7379
0.68234
0.68549
0.70958
0.67453
0.76208
0.71121
0.68234
0.71779
0.79983
0.73961
0.69343
0.67143
0.68391
0.73621
0.7145
0.70307
0.67143
0.75336
0.73451
0.75509
0.67298
0.68234
0.71614
0.70958
0.70795
0.7709
0.71285
0.81283
0.73451
0.71779
0.70146
0.71285
0.74473
0.76033
0.72946
0.93972
1.1967
1.0789
1.3092
0.67298
0.68549
0.74989
0.71945
0.64863
0.71121
0.70958
0.69984
0.71121
0.76033
0.71614
0.69502
0.70469
0.69663
0.74645
0.70146
0.66527
0.9247
0.86298
0.80538
0.8995
1.0399
1.1194
1.0139
0.80538
0.69183
0.67453
0.66834
0.66222
0.64417
0.67298
0.68234
0.65464
0.64269
0.72111
0.67764
0.68077
0.84333
0.62373
0.65013
0.70469
0.71614
0.67608
0.68391
0.67143
0.67143
0.64121
0.65313
0.71285
0.63826
0.68865
0.68549
0.65615
0.62661
0.68234
0.68391
0.70146
0.65917
0.68865
0.65464
0.65766
0.68865
0.66069
0.69343
0.65766
0.69343
0.7379
0.67143
0.67764
0.65615
0.67608
0.68865
0.64565
0.66374
0.64714
0.68549
0.7709
0.64714
0.66681
0.67453
0.74645
0.66681
0.73961
0.66527
0.70795
0.69183
0.69502
0.66222
0.68391
0.66527
0.64863
0.69502
0.65013
0.70146
0.69502
0.71614
0.69024
0.68549
0.64565
0.65464
0.70146
0.68234
0.7925
0.94624
0.71285
0.77446
0.76384
0.8147
0.70632
0.69823
0.68707
0.64863
0.69024
0.6792
0.66374
0.66527
0.69024
0.69984
0.79799
0.72111
0.65766
0.7709
0.71121
0.69663
0.68707
0.68391
0.67608
0.69823
0.70795
0.68549
0.68707
0.66069
0.70795
0.68077
0.73621
0.67608
0.7379
0.70146
0.67143
0.73114
0.68234
0.68077
0.67453
0.70632
0.66069
0.65615
0.68549
0.65013
0.70958
0.65013
0.68391
0.6792
0.69663
0.76913
0.6792
0.66069
0.73621
0.67143
0.69183
0.67608
0.6792
0.74131
0.72111
0.71285
0.71285
0.67143
0.66834
0.72277
0.69024
0.68077
0.69024
0.72111
0.69024
0.74131
0.69024
0.67453
0.69024
0.66069
0.67143
0.65163
0.69343
0.69183
0.67298
0.6792
0.66681
0.71121
0.64714
0.73451
0.66527
0.6792
0.69343
0.71285
0.69183
0.70795
0.71779
0.71285
0.67298
0.67453
0.74131
0.69823
0.75162
0.68391
0.78524
0.69663
0.73621
0.91833
1.2388
0.64121
0.64565
0.63533
0.65917
0.66681
0.81283
0.69984
0.90365
0.68865
0.64269
0.68865
0.65313
0.68549
0.68234
0.68549
0.66834
0.65013
0.67764
0.67298
0.70469
0.68707
0.69663
0.89331
0.69663
0.65313
0.68549
0.70958
0.73451
0.66527
0.68234
0.69984
0.65013
0.69024
0.71945
0.65464
0.66222
0.65313
0.66988
0.65313
0.68077
0.66222
0.67453
0.6368
0.67608
0.68077
0.64417
0.63241
0.64565
0.71945
0.65766
0.6223
0.64269
0.66834
0.67453
0.66374
0.66681
0.64121
0.66069
0.76384
0.64565
0.65615
0.67143
0.64863
0.65464
0.67764
0.65917
0.72611
0.67298
0.65013
0.68391
0.67453
0.65313
0.67453
0.65013
0.6792
0.65163
0.67608
0.65615
0.65013
0.62661
0.64417
0.65917
0.68234
0.72778
0.73282
0.68707
0.8091
0.67764
0.68234
0.67143
0.64121
0.72946
0.69823
0.84723
0.7709
0.7656
0.82985
0.72111
0.8995
0.67298
0.70469
0.69024
0.71121
0.86896
1.3092
0.77446
0.8356
0.8892
0.96605
0.9977
1.0351
0.86298
0.68391
0.66527
0.71945
0.69183
0.67608
0.67453
0.65615
0.71614
0.69343
0.70307
0.66988
0.65013
0.65766
0.62951
0.66681
0.64121
0.66681
0.64565
0.65615
0.69343
0.62951
0.67608
0.66681
0.66834
0.67764
0.66681
0.71614
0.65313
0.66834
0.65464
0.68549
0.66222
0.65013
0.64565
0.66069
0.6368
0.6792
0.80353
0.66069
0.63826
0.66069
0.65163
0.65464
0.83753
0.66988
0.66988
0.65464
0.68391
0.70958
0.69984
0.65163
0.69823
0.68391
0.68391
0.67608
0.67298
0.68865
0.68391
0.69502
0.68077
0.65766
0.73621
0.67764
0.66834
0.69502
0.64565
0.63973
0.65163
0.66069
0.67453
0.66988
0.68707
0.67453
0.67764
0.66527
0.63241
0.67453
0.66222
0.66222
0.64714
0.73961
0.67608
0.69502
0.73961
0.66374
0.70307
0.70146
0.6223
0.6792
0.66069
0.65464
0.64863
0.67453
0.68234
0.66069
0.66988
0.66069
0.66681
0.69024
0.66069
0.70795
0.72277
0.68865
0.64863
0.66069
0.74302
0.6792
0.66069
0.73114
0.63973
0.68391
0.71285
0.66069
0.66222
0.64714
0.69024
0.66681
0.68391
0.69663
0.70307
0.68077
0.66988
0.70469
0.66374
0.67143
0.69183
0.70146
0.66527
0.70307
0.64863
0.65013
0.68234
0.64417
0.6792
0.64565
0.67298
0.73961
0.72611
0.6792
0.69024
0.66988
0.73621
0.74131
0.88308
0.69183
1.3274
1.0789
0.66988
0.66834
0.62951
0.66222
0.68549
0.64269
0.8414
1.0257
0.99083
1.1143
0.86099
0.7656
0.64863
0.69823
0.68391
0.68234
0.7379
0.70307
0.69024
0.69663
0.67608
0.65163
0.64269
0.68865
0.69663
0.65766
0.68549
0.64714
0.65313
0.66527
0.72277
0.68865
0.7145
0.67143
0.68549
0.63387
0.69343
0.62373
0.72111
0.64714
0.65917
0.63973
0.67608
0.66069
0.83753
0.64417
0.65313
0.64863
0.6792
0.79433
0.65013
0.66834
0.65163
0.65013
0.64121
0.69663
0.71614
0.70307
0.71285
0.91833
0.9506
0.94842
1.0139
0.85901
0.64417
0.66222
0.67764
0.63387
0.65163
1.0814
0.96828
1.0233
0.97051
0.97724
1.0641
1.2218
1.3002
1.1749
1.1402
1.0715
2.1429
1.2735
1.8967
0.77268
0.877
0.74817
0.79616
1.0447
0.8147
2.9444
6.8077
8.6497
5.7677
3.1261
1.219
0.73114
0.74645
0.75162
0.68865
0.67764
1.0093
2.2336
1.3552
0.90782
1.3614
0.87297
1.0568
4.5814
3.6728
4.8641
4.1879
6.5917
6.3241
7.5509
6.0256
5.4075
5.3703
4.6452
5.3827
1.0715
0.79983
1.0715
1.7906
2.8708
0.87498
1.3335
1.1858
1.6218
1.3335
0.68865
0.69984
0.66374
0.78705
0.73451
0.76033
0.74131
0.70469
1.6982
0.68077
0.69343
0.65313
0.67453
0.66681
0.63973
0.8892
0.85901
0.87297
0.79799
0.75683
1.0691
0.73621
0.73451
0.68391
0.69663
0.65464
0.71614
0.65163
2.1086
0.72946
0.66988
0.69024
0.7145
0.65917
0.82985
0.80538
0.65163
0.72778
0.65766
0.73451
0.72277
0.70632
0.66069
0.68707
0.78343
0.72444
0.71779
0.71614
0.66681
0.66681
0.68865
0.71779
0.66374
0.66069
0.66527
0.7379
0.66988
0.70146
0.66681
0.67764
0.67608
0.69502
0.70958
0.72946
0.66834
0.66222
0.69343
0.67453
0.74473
0.67608
0.65917
0.6792
0.6792
0.67608
0.69183
0.71945
0.69183
0.66834
0.70958
0.66374
0.69183
0.69663
0.69502
0.69663
0.70307
0.66988
0.73282
0.64714
0.64863
0.71121
0.70795
0.65163
0.67764
0.69183
0.66681
0.68865
0.69984
0.70146
0.68707
0.69343
0.68707
0.66069
0.73282
0.65766
0.70632
0.66834
0.67764
0.67143
0.65313
0.68707
0.72611
0.82224
0.72111
0.67143
0.68549
0.65464
0.66834
0.68234
0.81658
0.73621
0.74131
0.87297
0.69823
0.66834
0.70469
0.71285
0.73282
0.89536
0.71285
0.66988
0.69663
0.67298
0.70146
0.7145
0.70632
0.66069
0.66069
0.74645
1.0641
0.66681
0.68865
0.74645
0.67453
0.65917
0.71614
0.6792
0.69823
0.78343
0.88105
0.93325
1.0209
0.65766
0.69024
0.71779
0.66374
0.68234
0.83176
0.68549
0.76736
0.66527
0.67298
0.66834
0.67143
0.67608
0.68707
0.6792
0.68391
0.65313
0.68391
0.66222
0.73621
0.68865
0.7656
0.64565
0.66527
0.71945
0.69823
0.65917
0.66681
0.66069
0.67764
0.7379
0.68077
0.82794
0.66834
0.71121
0.66527
0.70632
0.69183
0.65313
0.72277
0.71121
0.71285
0.73621
0.67143
0.69823
0.64565
0.73451
0.70307
0.69343
0.69823
0.68707
0.7145
0.68391
0.69024
0.72444
0.69502
0.66681
0.66069
0.71945
0.66374
0.64121
0.69024
0.67298
0.66069
0.69024
0.70146
0.70469
0.64863
0.73451
0.66069
0.66374
0.67608
0.72778
0.71945
0.69183
0.66222
0.67143
0.68077
0.66374
0.66222
0.66374
0.64121
0.83946
0.70146
0.70307
0.69663
0.78886
0.7145
0.65013
0.6792
0.67143
0.7145
0.69663
0.68865
0.66374
0.69502
0.66222
0.69343
0.67143
0.67453
0.70307
0.67608
0.66681
0.65313
0.68549
0.69024
0.76736
0.69823
0.71614
0.68391
0.68391
0.69024
0.66527
0.6792
0.68234
0.7145
0.67764
0.66527
0.68549
0.69024
0.64565
0.65917
0.71121
0.69823
0.74645
0.69502
0.70146
0.66834
0.66374
0.65615
0.63387
0.65917
0.66222
0.82035
0.70469
0.76913
0.7145
0.75162
0.93756
1.0186
0.67143
0.73282
0.74817
1.4757
0.77983
0.71285
0.70795
0.69663
0.72277
0.66681
1.0186
1.2274
0.85704
0.90365
1.1455
0.98628
0.74131
0.69343
0.67453
0.75336
0.77268
0.66988
0.69663
0.68391
0.73621
0.6792
0.69984
0.67608
0.67764
0.68707
0.77983
0.67764
0.67143
0.71614
0.72111
0.73282
0.69024
0.70632
0.7145
0.66834
0.70146
0.73114
0.65163
0.69343
0.70146
0.65917
0.68391
0.65917
0.7379
0.75858
0.65464
0.71614
0.6792
0.69024
0.67298
0.66374
0.66222
0.72778
0.70469
0.71614
0.73114
0.70632
0.70632
0.74302
0.71285
0.69663
0.72444
0.81096
0.66069
0.68549
0.71945
0.72778
0.70469
0.70795
0.68234
0.67608
0.71779
0.65917
0.71285
0.70146
0.69183
0.7145
0.76736
0.69343
0.72277
0.71945
0.69502
0.69024
0.71614
0.68391
0.6792
0.74989
0.66222
0.69984
0.71614
0.68077
0.69984
0.69343
0.72778
0.81846
0.7709
0.76384
0.70307
0.9506
0.70469
0.88308
0.94189
1.0093
0.75162
0.98401
1.4256
0.64417
0.68391
0.80724
0.67143
0.71779
0.69502
0.67453
0.69502
0.7379
0.71285
0.76384
0.72444
0.69343
0.68707
0.68077
0.75683
0.66681
0.68707
0.72111
0.65615
0.71285
0.84333
0.71614
0.65766
0.71285
0.66527
0.70307
0.72277
0.94406
0.8356
0.71121
0.68549
0.69663
0.68077
0.6792
0.66222
0.66988
0.64269
0.69663
0.69663
0.66222
0.65615
0.68865
0.63826
0.63826
0.64269
0.66988
0.74131
0.68077
0.65917
0.67298
0.65464
0.71614
0.71779
0.81846
0.78886
0.96383
0.99083
0.92045
1.1614
0.86896
0.94624
2.0045
1.1588
0.69823
0.7656
0.70632
0.66681
0.8147
0.69663
0.72611
0.67608
0.69984
0.71121
0.69343
0.69663
0.70307
0.74131
0.65766
0.67608
0.64417
0.65917
0.67764
0.68077
0.71945
0.67608
0.65464
0.72277
0.65464
0.67764
0.70146
0.70958
0.68549
0.70795
0.75858
0.71285
0.6792
0.67764
0.75336
0.71121
0.66069
0.65766
0.76913
0.66834
0.69343
0.66374
0.71121
0.71779
0.70632
0.69663
0.71779
0.6792
0.73282
0.71945
0.69343
0.68865
0.71614
0.67608
0.7145
0.66069
0.69502
0.71121
0.65313
0.68549
0.65917
0.67143
0.68707
0.71945
0.66988
0.72111
0.7379
0.70795
0.82794
0.7145
0.70469
0.66834
0.65615
0.66988
0.67764
0.71945
0.66374
0.67143
0.79983
0.65917
0.67453
0.66834
0.72946
0.71779
0.66527
0.71121
0.71614
0.69502
0.62373
0.81283
0.69024
0.67298
0.64863
0.67453
0.70307
0.7145
0.65464
0.72111
0.66374
0.70632
0.6792
0.67764
0.68549
0.7145
0.73451
0.7656
0.67453
0.70795
0.68707
0.68234
0.67453
0.69502
0.70307
0.76208
0.66988
0.65013
0.69984
0.65163
0.67608
0.71285
0.65464
0.70307
0.72111
0.69183
0.67298
0.67143
0.67298
0.63973
0.67298
0.68234
0.67764
0.70469
0.6792
0.67143
0.72611
0.69663
0.68549
0.67143
0.67453
0.69663
0.73114
0.63387
0.67298
0.66069
0.69343
0.70469
0.67608
0.67453
0.67143
0.7145
0.69823
0.65163
0.66988
0.72277
0.72277
0.68865
0.72111
0.68234
0.66834
0.71945
0.67608
0.70146
0.71779
0.68234
0.69024
0.70795
0.76384
0.89331
0.98175
0.8356
0.69823
0.90782
0.91833
1.2274
2.6002
0.83946
0.99541
0.84723
0.93325
0.68707
0.74473
0.71285
0.6792
0.66988
0.75683
0.69984
0.69183
0.72778
0.73621
0.66374
0.66222
0.6792
0.66374
0.69183
0.66374
0.71779
0.67298
0.73451
0.74131
0.68549
0.68077
0.68391
0.71285
0.64863
0.76384
0.68549
0.70795
0.72444
0.62951
0.68549
1.2246
0.66988
0.7145
0.72778
0.70795
0.67143
0.74817
0.76736
0.77983
0.78705
0.90365
1.0593
0.70307
1.0375
0.98628
1.4322
0.76736
1.0617
0.9594
0.72611
0.73621
0.73114
0.79616
0.72778
2.3659
1.7418
0.94842
1.1695
1.0069
0.93541
0.79799
0.97949
1.0765
1.2735
1.0399
0.9977
0.99541
1.7579
1.762
0.74302
0.7709
0.69024
0.66527
0.69024
0.74817
0.67453
0.73961
0.80353
0.70307
0.65163
0.69183
0.71285
0.7145
0.79983
0.65766
0.68865
0.65615
0.6792
0.69024
0.68549
0.68707
0.70146
0.72111
0.69663
0.64863
0.69024
0.68549
0.69823
0.74131
0.65464
0.64714
0.73114
0.74473
0.67298
0.68549
0.66988
0.66374
0.68549
0.68549
0.65917
0.70632
0.69823
0.67764
0.66222
0.71779
0.69183
0.71945
0.67608
0.71121
0.71945
0.71779
0.71945
0.75683
0.75683
0.70307
0.74131
0.65615
0.69502
0.67298
0.69984
0.6792
0.66988
0.68707
0.67298
0.68707
0.65615
0.69343
0.65163
0.71945
0.69183
0.66222
0.70795
0.70469
0.74817
0.69183
0.68234
0.65917
0.68549
0.67143
0.70632
0.68391
0.67143
0.80168
0.74131
0.66988
0.7379
0.66834
0.74302
0.69663
0.69823
0.67143
0.69183
0.67143
0.6792
0.69984
0.80538
0.82985
0.67608
0.70146
0.69183
0.67143
0.69663
0.84528
0.66681
0.68234
0.66069
0.68707
0.70307
0.70146
0.69984
0.65464
0.68549
0.70795
0.69984
0.73282
0.69024
0.6792
0.66834
0.69823
0.70795
0.68077
0.66527
0.67764
0.67453
0.69343
0.79068
0.70795
0.68077
0.68865
0.67143
0.72111
0.76736
0.70307
0.71285
0.69823
0.68391
0.68391
0.67608
0.70307
0.70307
0.71285
0.65917
0.75858
0.72444
0.72444
0.65163
0.68549
0.69823
0.71945
0.66069
0.69823
0.70958
0.70307
0.74302
0.75509
0.7379
0.66681
0.68391
0.7379
0.73451
0.66527
0.71614
0.65766
0.73451
0.65917
0.73451
0.67298
0.71779
0.75683
0.68077
0.66988
0.70307
0.73961
0.72444
0.70795
0.68549
0.66681
0.74131
0.65615
0.70469
0.71285
0.66834
0.67298
0.67453
0.68234
0.70307
0.72611
0.68865
0.7145
0.69343
0.7145
0.68707
0.70307
0.68865
0.69183
0.66374
0.69183
0.75162
0.69823
0.72111
0.70307
0.68077
0.66222
0.69183
0.65917
0.69663
0.83368
0.64714
0.68234
0.70146
0.70632
0.67453
0.75336
0.67298
0.67453
0.90365
0.98855
1.1912
0.70307
0.70469
0.75509
0.68707
0.68077
0.66069
0.67453
0.78163
0.70469
0.70469
0.71945
0.72946
0.69024
0.75336
0.72778
0.68707
0.67143
0.73114
0.67298
0.80168
0.69663
0.75336
1.2023
1.3772
0.72111
0.90573
1.1246
0.90157
1.0257
1.0399
0.86298
1.1143
0.8995
1.0495
1.0839
0.97949
2.3014
0.80168
0.69663
0.69343
0.76384
0.64417
0.68234
0.86497
0.67608
0.96828
0.97051
0.89536
0.92897
0.86896
1.2274
0.75336
0.81658
1.1298
0.94406
0.66527
0.77804
0.67764
0.73114
0.74131
0.69343
0.73621
0.73282
0.69984
0.72946
0.69183
0.65615
0.71614
0.68234
0.68077
0.74473
0.7379
0.65766
0.68707
0.69024
0.68077
0.68707
0.69823
0.65917
0.6792
0.66988
0.65766
0.66834
0.65766
0.66374
0.70795
0.67143
0.69823
0.66374
0.72611
0.69183
0.68077
0.67608
0.67298
0.69502
0.69984
0.69024
0.73282
0.66374
0.65615
0.77625
0.69183
0.70307
0.69024
0.70146
0.75858
0.67453
0.70146
0.71285
0.68077
0.66527
0.77446
0.7145
0.72277
0.7379
0.71945
0.70307
0.72444
0.70958
0.74817
0.68391
0.86696
0.69183
0.72611
0.69823
0.74645
0.73961
0.67764
0.70307
0.72277
0.76736
0.6792
0.74473
0.66834
0.7145
0.68865
0.65464
0.70795
0.71614
0.69502
0.74131
0.65917
0.69984
0.67143
0.65013
0.69663
0.74473
0.91622
0.70146
0.72277
0.65313
0.66374
0.66681
0.71121
0.67608
0.63387
0.69024
0.72277
0.64863
0.70307
0.71285
0.64863
0.70632
0.74817
0.69343
0.68391
0.66069
0.70146
0.6792
0.65313
0.69663
0.67764
0.66988
0.70146
0.69823
0.73451
0.67143
0.67453
0.68549
0.85114
0.69183
0.69984
0.69502
0.73282
0.70795
0.66834
0.84723
0.73282
0.77268
0.85704
0.67608
0.71945
0.75683
0.70958
0.86896
0.85507
0.77625
1.349
1.1561
1.0116
1.122
1.0257
0.82035
0.94842
0.79799
0.92045
1.0023
1.0765
1.205
1.2589
1.1508
1.1376
1.1858
1.1803
1.0839
1.0914
0.9506
0.70632
0.67764
0.68391
0.72277
0.71121
0.66222
0.66222
0.69663
0.69823
0.73961
0.71285
0.67453
0.70632
0.66988
0.66222
0.67453
0.64269
0.72611
0.69984
0.70632
0.69024
0.68865
0.68707
0.69024
0.68391
0.72946
0.6792
0.67453
0.66681
0.72611
0.69343
0.67143
0.77268
0.7145
0.66374
0.70307
0.72111
0.70958
0.69024
0.7145
0.74989
0.71285
0.69343
0.67453
0.67608
0.68549
0.69183
0.68865
0.68234
0.69024
0.71614
0.68077
0.71614
0.68549
0.69502
0.66681
0.67298
0.69823
0.70632
0.68865
0.74645
0.69183
0.65766
0.66834
0.6792
0.69502
0.66069
0.71285
0.66834
0.7709
0.69502
0.67298
0.69343
0.67143
0.69984
0.65766
0.7145
0.72277
0.74473
0.69343
0.71779
0.70795
0.67608
0.73114
0.70958
0.70307
0.70958
0.70307
0.69823
0.70632
0.78524
0.70307
0.70146
0.76736
0.66527
0.67764
0.71945
0.72277
0.71945
0.72277
0.68549
0.70958
0.69823
0.69343
0.70146
0.70146
0.70146
0.67298
0.68077
0.7145
0.69183
0.67143
0.64863
0.67764
0.68549
0.80538
0.68077
0.74989
0.67143
0.72778
0.69984
0.66988
0.75683
0.70795
0.71779
0.76384
0.71779
0.69502
0.67608
0.66374
0.67453
0.75162
0.81096
0.69984
0.75336
0.75683
0.69984
0.73114
0.69663
0.67298
0.71779
0.68865
0.6792
0.6792
0.72946
0.71945
0.72444
0.67608
0.71285
0.68549
0.75683
0.76736
0.70146
0.7379
0.69663
0.69823
0.69984
0.63241
0.68865
1.0375
1.0186
0.82604
0.88105
0.79799
1.2618
0.71779
0.70307
0.73114
0.71779
0.72611
0.81283
0.71285
0.66527
0.69823
0.67608
0.67453
0.7656
0.67143
0.71121
0.68077
0.76384
0.73282
1.0162
0.70469
0.68707
0.69502
0.74473
0.72946
0.79983
0.71945
0.74473
0.70146
0.66222
0.74131
0.71614
0.70307
0.70795
0.67764
0.73282
0.71945
0.66069
0.70307
0.7709
0.6792
0.75162
0.71945
0.76384
0.73961
0.6792
0.72611
0.76736
0.72946
1.135
1.0139
0.8995
0.74817
0.7925
0.69024
0.93325
0.67608
0.69183
0.70958
0.68391
0.71779
0.74131
0.73621
0.66527
0.77625
0.75858
0.72277
0.68549
0.65766
0.69502
0.69343
0.7656
0.66681
0.70632
0.68077
0.70307
0.81096
0.72946
0.72277
0.7379
0.69663
0.77804
0.81846
1.0304
0.75858
0.72277
0.74989
0.69183
0.82604
0.81658
0.70469
0.66222
0.67453
0.68549
0.66527
0.68707
0.94624
0.68865
0.98401
1.1246
0.74989
0.7656
0.82985
0.71945
0.80724
0.87297
0.68077
0.70146
0.70469
0.66527
0.68865
0.74817
0.70469
0.68865
0.71285
0.74473
0.69984
1.1749
0.69663
0.69502
0.66681
0.65917
0.72277
0.74989
0.65766
0.69663
0.7145
0.71121
0.64121
0.65615
0.65163
0.73451
0.71121
0.71285
0.66222
0.70146
0.68865
0.66069
0.65615
0.63533
0.70307
0.63826
0.6792
0.71945
0.69663
0.70469
0.72778
0.81096
0.66681
0.68234
0.66527
0.66834
0.64863
0.71121
0.72277
0.70958
0.65013
0.66527
0.70146
0.65766
0.70146
0.69502
0.69024
0.7379
0.72277
0.67764
0.69183
0.65013
0.67453
0.71779
0.71614
0.67608
0.73621
0.66834
0.74131
0.70146
0.70469
0.73451
0.68865
0.71779
0.70469
0.67453
0.76384
0.65464
0.71614
0.69024
0.67608
0.67453
0.69984
0.72778
0.67764
0.7145
0.68391
0.69984
0.69663
0.6792
0.67453
0.76208
0.73114
0.64269
0.70469
0.72778
0.67608
0.67298
0.70958
0.70795
0.68077
0.69024
0.70632
0.71945
0.6792
0.6792
0.66222
0.65013
0.68865
0.68391
0.72778
0.7145
0.74302
0.69663
0.69183
0.67764
0.69663
0.67143
0.69183
0.67453
0.70958
0.71285
0.73114
0.69024
0.72946
0.66374
0.72611
0.71121
0.65163
0.71945
0.66069
0.67453
0.72444
0.73621
0.67143
0.78343
0.64714
0.69502
0.68707
0.68549
0.69024
0.76736
0.72778
0.70632
0.70632
0.6792
0.66681
0.71285
0.68391
0.73282
0.76913
0.7656
0.76913
0.79616
0.74302
0.74302
1.0069
0.85704
1.135
0.9594
0.72946
0.69663
0.73114
0.79068
0.69024
0.69343
0.70307
0.66527
0.74645
1.9231
1.3183
0.90157
1.0046
0.94624
0.90782
1.2735
0.92897
1.2647
0.65464
0.77268
0.75858
0.67764
1.0209
0.71779
0.68077
0.71285
0.74473
0.69502
0.66527
0.70146
0.69343
0.73621
0.74302
0.70469
0.72444
0.7656
0.70632
0.76208
0.66374
0.7379
0.69343
0.67143
0.71945
0.70795
0.71285
0.72111
0.67764
0.7379
0.73961
0.7709
0.70146
0.70469
0.68077
0.70795
0.69984
0.68077
0.66834
0.7145
0.71121
0.72946
0.70632
0.72444
0.79799
0.75162
0.76913
0.68077
0.75336
0.69183
0.70958
0.6792
0.68865
0.68707
0.74302
0.66834
0.71285
0.75509
0.69343
0.68549
0.69183
0.69823
0.70632
0.69343
0.70958
0.70146
0.71779
0.67764
0.67143
0.70146
0.69502
0.70307
0.66834
0.68077
0.67764
0.64863
0.69502
0.66374
0.6792
0.71945
0.66374
0.71614
0.70307
0.7379
0.68865
0.69984
0.66222
0.70958
0.66527
0.68391
0.66988
0.72111
0.71285
0.67298
0.71614
0.69663
0.69343
0.66069
0.65013
0.68549
0.66988
0.71285
0.74989
0.67298
0.70632
0.67298
0.73114
0.69502
0.68707
0.72778
0.69663
0.71779
0.7379
0.70307
0.73621
0.74989
0.66681
0.67764
0.73114
0.66527
0.76736
0.74817
0.74989
0.69024
0.75336
0.70469
0.71945
0.69984
0.77625
0.68549
0.68077
0.70469
0.71285
0.71285
0.72444
0.70469
0.69183
0.72946
0.6792
0.73451
0.76736
0.68391
0.69984
0.67764
0.68077
0.73282
0.69183
0.69343
0.66527
0.64714
0.93111
0.66374
0.69024
0.64121
0.69823
0.75162
0.70795
0.72444
0.70307
0.77268
0.67143
0.69663
0.72277
0.65313
0.6792
0.65917
0.72277
0.72778
0.84918
0.70632
0.73451
0.69663
0.68234
0.70958
0.69343
0.6792
0.70146
0.72946
0.69183
0.7145
0.73451
0.68865
0.74989
0.70795
0.72444
0.71614
0.74645
0.69823
0.67453
0.70307
0.64269
0.69024
0.73282
0.69984
0.7145
0.73114
0.66069
0.72946
0.69183
0.74131
0.66681
0.66988
0.66834
0.6792
0.73451
0.68234
0.7379
0.71121
0.76736
0.78705
1.0814
0.87297
0.72946
0.66222
1.074
1.1508
0.75509
0.99312
1.0209
1.0046
0.69183
0.69502
0.73282
0.66834
0.67453
0.74645
0.71121
0.68707
0.68234
0.77446
0.75162
0.71945
0.68707
0.64863
0.69502
0.68549
0.71285
0.73451
0.72611
0.71779
0.98855
0.72611
0.7656
0.88105
0.80724
0.81096
1.1169
1.1561
0.81096
0.7379
1.1272
0.92897
0.70632
0.71121
0.75336
0.71945
0.84723
0.96383
0.7145
0.73961
0.66681
0.68234
0.67143
0.73621
0.70469
0.7145
0.68865
0.70307
0.67764
0.70632
0.7656
0.73451
0.68391
0.69183
0.76208
0.67143
0.71614
0.71614
0.69823
0.74645
0.69984
0.67608
0.69024
0.7656
0.68549
0.75858
0.67608
0.68234
0.74473
0.73282
0.7145
0.73114
0.69663
0.73621
0.71945
0.69823
0.73621
0.69823
0.68234
0.71945
0.69024
0.71945
0.74131
0.74817
0.68707
0.73282
0.69343
0.7145
0.69823
0.70632
0.69984
0.70632
0.73451
0.70958
0.69343
0.71285
0.69984
0.70469
0.70307
0.69502
0.69024
0.69823
0.68549
0.71285
0.66069
0.71945
0.68707
0.66988
0.69024
0.68391
0.71614
0.71285
0.72946
0.68549
0.64863
0.70307
0.68077
0.69823
0.67143
0.73114
0.69823
0.98401
0.78343
0.75683
0.79068
0.86497
0.77804
0.87498
0.79616
0.83753
0.79068
0.93325
1.2388
0.74645
0.66527
0.68707
0.74989
0.68707
0.75162
0.77268
0.75336
0.72946
0.7145
0.69823
0.67764
0.71779
0.75162
0.70146
0.68549
0.6792
0.70146
0.70469
0.79983
0.6792
0.70632
0.67764
0.69984
0.69343
0.68077
0.68707
0.70958
0.68549
0.76033
0.70469
0.67298
0.66834
0.72778
0.72111
0.70307
0.71945
0.71121
0.68234
0.70146
0.65163
0.72444
0.68077
0.68391
0.72277
0.68707
0.68391
0.6792
0.68234
0.65464
0.70795
0.71779
0.71779
0.76208
0.77804
0.73961
0.76736
0.70307
0.68391
0.71779
0.69984
0.71121
0.69183
0.72778
0.68234
0.68707
0.74989
0.72111
0.86099
0.86298
1.0568
0.90365
0.93325
0.89331
0.85901
1.3996
1.0233
0.9594
1.0814
1.1246
0.99083
1.4158
0.88716
0.77804
0.68865
0.72444
0.6792
0.69343
0.67143
0.66834
0.65464
0.67143
0.73961
0.67298
0.67608
0.66834
0.69024
0.70469
0.68391
1.5346
0.69984
0.66681
0.74473
0.6792
0.67764
0.68865
0.67453
0.70795
0.66222
0.69343
0.68707
0.87096
0.66222
0.69024
0.72946
0.66527
0.71285
0.7379
0.69343
0.73961
0.70307
0.67298
0.68549
0.71614
0.69024
0.67298
0.72778
0.66374
0.66527
0.69663
0.72277
0.70307
0.70146
0.68707
0.71121
0.70632
0.72946
0.75858
0.66222
0.70632
0.69984
0.76033
0.70958
0.70795
0.66069
0.69984
0.68865
0.7145
0.74645
0.70632
0.69984
0.70307
0.72611
0.80724
0.71614
0.67298
0.67608
0.72444
0.68077
0.69183
0.69343
0.67764
0.65917
0.72277
0.66681
0.67764
0.7925
0.77625
0.67143
0.66834
0.76736
0.66222
0.68707
0.68549
0.69502
0.7145
0.68077
0.66988
0.70146
0.74131
0.71945
0.72611
0.71614
0.72946
0.74131
0.68865
0.93756
1.3804
0.71121
0.67298
0.66069
0.66222
0.70469
0.72111
0.66527
0.67298
0.69984
0.67764
0.68391
0.70469
0.70795
0.69024
0.66222
0.70795
0.70795
0.71285
0.68707
0.66834
0.65013
0.70469
0.72778
0.70795
0.66834
0.67608
0.70795
0.64565
0.68865
0.67143
0.67608
0.65917
0.72111
0.70632
0.66374
0.73282
0.67298
0.74302
0.70307
0.74645
0.76913
0.77625
0.85704
1.1695
1.2162
0.71121
0.68549
0.68234
0.68549
0.81096
0.75858
0.75336
0.69183
0.86298
0.71614
0.70632
0.67764
0.69984
0.72111
0.66222
0.70958
0.66374
0.67764
0.69343
0.7145
0.69183
0.72444
0.69502
0.73282
0.74473
0.69502
0.74131
0.64269
0.71285
0.65313
0.74473
0.73114
0.69663
0.68707
0.79433
0.72277
0.71121
0.67143
0.7379
0.74817
0.7379
0.72111
0.74645
0.7709
0.83176
1.1776
1.0046
0.99083
0.71614
0.70469
0.72778
0.72611
0.8356
1.028
1.7338
0.99541
1.1429
1.0375
1.1995
1.194
1.3677
0.92257
0.91411
0.94842
1.1668
0.94189
0.69663
0.68549
0.65313
0.72444
1.4388
0.98628
0.68077
0.77446
0.72444
0.68234
0.79616
0.68077
0.72277
0.78886
0.71121
0.71614
0.7145
0.70146
0.68707
0.71121
0.72946
0.72611
0.68391
0.6792
0.71945
0.69183
0.70795
0.67608
0.78163
0.70307
0.65313
0.7709
0.73961
0.65766
0.84918
0.69343
0.74473
0.72946
0.82985
0.87297
0.70795
0.79616
0.85507
0.8147
0.92045
0.76384
1.2882
0.68391
0.68234
0.69984
0.8414
0.80724
0.66988
0.67143
0.66834
0.71779
0.65917
0.71285
0.69024
0.66681
0.68234
0.66527
0.70958
0.65615
0.67764
0.66527
0.69343
0.72277
0.70307
0.86896
0.6792
0.73451
0.68707
0.89536
0.77268
0.68707
0.91411
0.75336
0.82604
0.73621
1.256
1.3583
1.5704
0.68549
0.68391
0.72611
0.71779
0.69183
0.71121
0.83368
0.65313
0.69823
0.76384
0.69502
0.72444
0.68391
0.75509
0.72778
0.68865
0.67764
0.65917
0.69663
0.71121
0.66069
0.66222
0.66988
0.71285
0.72277
0.67453
0.6792
0.71121
0.68865
0.70307
0.72111
0.75858
0.9594
1.052
0.82604
0.74989
0.69502
0.68391
0.66988
0.65615
0.7145
0.66069
0.65464
0.74645
0.68391
0.67764
0.72444
0.71285
0.73621
0.68865
0.69823
0.75858
0.68077
0.69663
0.71945
0.69024
0.76208
0.67764
0.70958
0.8356
0.72444
0.65917
0.77983
0.68077
0.69343
0.67764
0.71285
0.64565
0.72277
0.65013
0.69663
0.69502
0.68391
0.6792
0.70958
0.86298
0.72444
0.7709
1.1015
0.8356
0.70958
1.1749
0.66222
0.65766
0.73114
0.71285
0.62661
0.83946
0.71121
0.7379
0.71779
0.69984
0.69984
0.6792
0.74131
0.70632
0.71614
0.66988
0.74302
0.72778
0.72611
0.64714
0.68391
0.73621
0.67764
0.69502
0.70469
0.65766
0.69823
0.69343
0.68549
0.69183
0.71779
0.75509
0.68865
0.66527
0.74302
0.66834
0.69984
0.68865
0.70307
0.69183
0.66988
0.68077
0.69663
0.64565
0.69183
0.71779
0.69502
0.70958
0.71614
0.81846
0.78343
0.86696
0.79616
0.91201
0.82794
0.96161
0.79068
0.92045
1.1722
2.0417
0.86896
0.9977
1.0209
0.96828
1.1272
1.1429
1.0447
1.0423
1.0495
0.74645
0.97499
1.1117
1.1561
0.90573
0.85704
1.4355
1.8113
0.77625
0.70958
0.77983
0.72111
0.74473
0.80724
1.1041
1.4158
0.76033
1.3772
0.76033
0.76384
0.71614
0.71614
0.71945
0.71945
0.68865
0.70632
0.73451
0.72111
0.72611
0.76913
0.69502
0.65163
0.72778
0.70469
0.64863
0.68391
0.66527
0.70958
0.70632
0.72611
0.76384
0.73114
0.68077
0.66222
0.67453
0.6792
0.65615
0.75336
0.66069
0.70958
0.70958
0.70146
0.66374
0.65917
0.72111
0.73961
0.68234
2.3014
4.3551
5.728
2.1281
3.7497
0.93972
2.5235
1.5311
0.71121
0.74817
1.0375
0.77804
0.74989
0.79068
0.71285
0.71945
0.76033
0.72946
0.79433
0.78163
0.75683
0.72277
0.69984
0.77446
0.72277
0.71121
0.6792
0.71614
0.7145
0.71779
0.74473
0.70632
0.81846
0.76384
0.73961
0.71779
1.1482
0.74473
0.74989
0.76384
1.1272
0.73114
0.73621
0.78343
0.81658
0.74645
0.76384
0.83176
0.80724
0.81096
0.73451
0.7709
0.72946
0.79433
0.74645
0.69823
0.74302
0.70795
0.74645
