3.4198
0.90782
0.95719
7.8705
11.194
0.82794
0.8356
0.82604
11.324
14.791
23.55
13.274
14.757
18.793
8.6099
0.94842
1.9099
1.3122
10.304
2.6182
7.2611
12.274
12.823
11.722
5.224
2.4099
0.9247
1.028
1.0375
0.9594
0.85507
5.1642
1.4125
1.2445
2.4547
1.0715
1.1776
6.6681
7.9799
16.331
14.757
0.9247
0.8356
1.4028
0.82794
19.143
17.14
16.827
1.8155
1.5382
0.94842
15.596
14.488
2.0893
1.1749
0.9506
0.90991
0.72778
0.82985
0.94842
0.69663
0.89331
0.84918
0.83753
0.97949
1.2218
0.9528
0.89536
0.98175
0.75336
1.5276
0.8892
0.82224
0.8531
1.8239
0.99083
1.8967
0.87096
1.5066
4.0738
16.069
11.455
15.101
22.131
9.4842
1.3428
12.56
15.171
1.1912
1.0568
1.0139
0.92897
0.87297
0.81283
0.85507
13.583
14.223
16.711
14.791
11.066
2.1577
4.0458
12.823
15.885
13.183
1.7865
0.83176
3.9174
1.406
1.0471
1.6982
1.0544
0.76384
0.77625
0.80353
0.82224
0.8356
1.7865
0.84918
0.82794
0.80538
2.2909
0.87297
1.7022
1.0423
2.6607
1.6444
1.094
0.98855
0.82794
2.6485
6.9343
0.89536
1.1641
5.5081
11.722
22.336
16.749
16.52
15.74
21.478
1.2134
0.99312
2.0184
1.5959
11.749
1.1614
17.62
18.923
17.14
20.893
2.421
0.92045
1.0304
3.2137
0.77446
15.56
17.258
16.069
16.982
14.928
17.701
14.06
17.498
13.274
13.213
1.0023
2.2751
1.0186
2.3121
1.0328
0.9247
0.84333
13.804
15.171
14.322
17.742
1.4555
1.2331
1.0641
2.2751
1.1508
0.72277
1.2023
5.9566
12.05
0.85507
0.78705
1.7458
0.83176
0.93541
0.97275
0.93111
1.1668
1.1722
1.1066
1.1803
0.86298
0.85507
1.3646
1.0423
1.0568
1.3183
1.6293
2.2491
2.2029
20.797
15.74
19.011
17.579
14.689
15.136
12.303
14.928
0.85507
1.099
1.5136
1.6255
12.882
13.709
16.331
18.707
10.375
9.1411
13.677
16.749
15.031
15.276
1.4894
0.92045
1.1776
1.2912
5.5335
14.289
16.368
19.187
15.596
10.765
13.459
0.93541
8.2604
16.255
3.6308
1.6406
3.8107
2.4491
21.627
21.33
15.417
15.74
15.241
1.2853
1.2417
1.6904
2.2131
1.2647
1.1015
18.323
21.627
21.281
13.305
14.555
4.1687
1.5488
0.82604
9.1411
0.97499
2.8054
1.5101
1.4928
1.7906
5.4828
1.3646
2.0137
1.1614
1.4289
0.97275
1.2162
2.0137
1.2359
1.8621
1.9275
0.82794
0.82985
3.2961
5.6885
1.1695
1.0046
1.4655
0.74645
1.1246
1.1561
2.3496
1.9679
16.866
18.493
21.038
19.724
20.512
21.429
15.885
1.8967
5.8345
2.1979
1.0328
10.765
16.788
2.3988
1.3305
5.7148
18.88
18.113
18.365
17.298
16.181
7.379
14.093
1.2078
0.82035
1.5382
1.4791
0.7709
14.421
19.77
22.182
12.023
14.06
19.231
14.256
1.6904
0.94624
0.81096
3.2584
3.0269
1.4894
1.1376
1.5704
13.996
12.388
1.888
26.792
15.885
21.827
25.177
1.7865
2.6977
0.91201
1.8535
14.997
2.7925
1.1695
0.8892
0.7656
0.9594
1.7022
8.531
0.74989
0.87902
0.76736
0.89125
0.77983
1.2735
2.4831
1.2023
2.4717
0.8091
0.99541
1.0617
0.84723
1.0447
0.72778
8.0538
15.311
24.491
17.458
15.631
16.711
23.174
20.749
13.335
7.3961
1.406
18.793
18.621
25.942
17.701
20.324
27.164
24.155
22.594
21.577
3.5075
1.1967
1.71
0.90991
0.8091
0.93325
2.7797
12.388
1.0046
0.97949
1.3614
1.0765
0.92045
1.0257
1.183
1.6482
2.1727
1.7498
4.2073
0.72946
0.78705
0.83176
1.6904
1.7947
0.7656
0.79983
1.1041
0.88716
0.86497
0.7656
0.83368
2.0277
3.2211
8.3753
2.3121
1.803
1.2445
1.3092
1.3996
3.0269
0.78705
0.72946
0.8531
0.85507
0.97499
1.4622
1.1722
1.3062
1.3032
1.0544
1.0471
0.8995
0.91201
1.8621
0.83946
0.84333
0.72778
0.7379
0.73621
0.88716
0.75336
0.8091
0.76384
0.7656
0.73621
0.79433
0.80538
0.86497
0.81283
0.77625
0.74131
0.81283
0.71779
0.76208
0.82794
0.89536
0.73282
0.86696
0.85114
1.0814
0.86298
0.84723
0.82414
0.76208
0.82794
0.81283
0.82794
1.1749
0.7925
0.76208
0.73451
0.75683
0.74473
0.76384
0.72277
0.7925
0.8356
0.71614
0.877
0.8091
0.76208
0.69024
0.7656
0.75858
0.8356
0.88308
0.89125
0.84333
1.3183
1.3614
1.3709
1.5488
1.1455
1.1246
1.4028
1.3032
1.349
1.8967
1.2417
1.71
2.3768
1.2303
1.3183
3.6983
1.0304
1.875
0.75683
3.6559
0.69823
0.84333
0.7925
0.74645
0.77446
0.78343
0.82035
0.80353
0.75336
0.75858
0.73621
0.75162
0.79616
0.73451
0.75683
0.7379
0.78163
0.77625
0.80724
0.7379
0.76913
0.73621
0.72444
0.71121
0.72444
0.73282
0.69823
0.68865
0.75336
0.67453
0.76033
0.82985
0.7709
0.69823
0.71285
0.72277
0.80724
0.74302
0.82794
0.68234
0.77446
0.71614
0.7379
0.78163
0.78705
0.74989
0.76736
0.69343
0.7379
0.80353
0.74473
0.7656
0.77268
0.73451
0.83176
0.89331
0.80168
0.78343
0.75858
0.75509
0.78163
0.75509
0.74817
0.70146
0.76913
0.80168
0.74817
0.92897
0.79068
0.76384
0.74817
0.8531
0.8147
0.74131
0.78163
0.80724
0.78524
0.71945
0.79068
0.75509
0.77804
0.78705
0.74817
0.76913
0.84528
0.75509
0.81658
0.75509
0.82414
0.74645
0.73282
0.75858
0.82985
0.74302
0.77804
0.82794
0.77625
0.74989
0.75509
0.75162
0.77804
0.86298
0.78886
0.73451
0.74131
0.7656
0.74989
0.81283
0.71121
0.8147
0.78163
0.75336
0.73621
0.81283
0.73451
0.82414
0.79068
0.80538
0.70146
0.7145
0.72611
0.74473
0.72444
0.80538
0.8091
0.75162
0.72946
0.77804
0.77268
0.73621
1.1885
0.83946
1.9634
1.4928
1.0593
0.86099
1.0814
0.68865
0.71779
0.78705
0.75509
0.70632
0.77446
0.74645
0.75683
0.68234
0.70307
0.69823
0.85704
0.70469
0.76913
0.74645
0.70307
0.71945
0.73961
0.68707
0.67453
0.68391
0.72778
0.81096
0.76913
0.72946
0.72277
0.73451
0.70958
0.78163
0.71121
0.69502
0.72778
0.73451
0.76384
0.69663
0.75336
0.76033
1.6444
0.74989
0.72444
0.69343
0.71945
0.72277
0.69823
0.74645
0.67298
0.70146
0.78524
0.82794
0.72277
0.65917
0.76033
0.93756
1.5311
1.6293
0.76208
0.94842
0.95719
0.75683
0.86497
1.1429
0.77268
0.8531
0.96161
1.0691
0.75162
0.84333
0.7379
0.72946
0.70795
0.72444
0.72778
0.84723
0.96605
0.72611
0.72946
0.71121
0.73961
0.7709
0.77983
0.79433
0.7145
0.88105
0.75336
0.80724
0.75336
0.72444
0.68549
0.75336
0.73961
0.73621
0.72778
0.77446
0.85704
0.70469
0.76913
0.72611
0.73961
0.75683
0.72277
0.69823
0.70307
0.81096
0.82794
0.70146
0.77268
0.76384
0.74645
0.72611
0.76033
0.72277
0.78343
0.78524
0.80353
0.80724
0.80353
0.74131
0.7656
0.76913
0.81096
0.74817
0.77446
0.88716
0.73114
0.74473
0.71614
0.70146
0.74302
0.76736
0.67764
0.8091
0.70146
0.69502
0.74817
0.71121
0.69343
0.71121
0.74989
0.72611
0.6792
0.68549
0.76913
0.75509
0.72111
0.73961
0.70632
0.79799
0.70958
0.73114
0.74645
0.73282
0.76384
0.79433
0.84918
0.76384
0.78163
0.76033
0.76384
0.70146
0.74645
0.70795
0.73621
0.82985
0.69183
0.74989
0.79068
0.69502
0.74131
0.82035
0.71121
0.68865
1.3552
1.3213
0.92897
1.2023
0.71945
0.70146
1.2218
2.5468
0.72778
0.96828
0.75858
0.7709
0.79616
0.7709
0.71614
0.74645
0.72444
0.74817
0.80353
0.79799
0.69984
1.6106
1.2417
1.9409
2.0324
0.90573
1.0765
1.0593
1.1749
3.54
0.98855
2.4434
1.5276
3.0409
0.7925
0.85704
0.76384
1.0641
0.73961
0.94842
0.75162
0.86099
0.97949
0.84528
2.1727
1.0328
1.1015
1.5959
7.5162
1.7865
1.6672
11.83
2.3768
1.4355
0.79799
1.8621
0.8147
0.91833
0.75162
0.77625
0.84918
1.0233
3.1842
0.79068
15.241
24.322
22.594
26.122
19.187
20.045
19.454
21.135
1.6368
3.7239
0.86099
2.2646
1.0399
5.8884
1.4488
19.543
18.03
0.72111
0.7656
1.1803
1.6069
7.2611
15.849
16.144
17.824
18.45
20.512
18.535
17.498
21.827
18.621
16.558
21.429
21.878
22.131
16.106
18.578
14.521
16.444
21.979
19.498
23.014
17.258
2.8708
18.621
15.346
22.233
27.29
19.679
22.961
23.823
16.482
22.646
18.113
22.646
22.803
1.3366
0.91201
0.8147
0.94406
0.89125
1.099
1.122
1.5311
4.8195
0.88308
0.76913
1.122
0.79983
0.84918
3.6898
0.91201
0.73451
0.77268
0.79068
1.0765
1.3772
1.183
0.86298
1.3552
1.0839
0.74473
0.96605
0.84918
0.76208
0.93111
0.75336
0.81283
0.74645
0.76913
0.78705
0.85507
0.85507
0.78343
0.78705
1.1749
1.0666
0.7656
1.6406
0.96161
0.8147
0.94624
0.8091
0.81658
0.90573
1.1803
0.84528
0.75858
0.7656
0.74302
0.80353
0.76736
0.86099
0.77983
0.80724
0.8414
0.76208
0.89331
0.77268
0.77446
0.77804
0.82604
0.70795
0.77804
0.72778
0.73961
0.76208
0.78163
0.78524
0.70469
0.83368
0.80353
0.84918
0.76208
0.72611
0.8531
0.84723
0.88308
0.79799
0.78343
0.73961
0.8414
0.7709
0.88716
0.73114
0.76913
0.83368
0.90365
0.71945
0.87498
0.77268
0.89743
1.6749
0.79616
0.74989
0.79068
0.78343
0.82035
0.77446
0.70958
0.75336
0.73621
0.93325
0.74473
0.76208
0.86696
0.85901
0.8147
0.81096
0.80353
0.81846
0.82985
0.8414
0.98401
0.7709
0.75162
0.73621
0.77268
0.80168
0.77446
0.80724
0.82985
0.81283
0.877
0.71945
0.75858
0.71614
0.84723
0.75162
0.72611
0.76033
0.77625
0.89331
0.78524
0.79068
0.92045
0.82604
0.85114
0.83946
0.80724
0.79616
1.4928
1.8323
0.76033
0.8091
0.8414
0.8356
0.82985
0.91201
0.8414
0.80168
0.77268
1.3092
0.87902
1.052
0.80724
1.0641
1.0304
1.2078
1.3677
1.028
1.1614
1.3964
1.4791
2.2491
2.0893
0.72946
0.8892
0.80724
0.81846
0.80353
0.86298
0.75683
0.76033
0.8892
0.7656
0.877
0.75162
0.84528
0.74989
0.89125
0.78343
0.76384
0.77804
0.82414
0.73451
0.86696
0.77625
0.80168
0.76736
0.76384
0.74989
0.74989
0.74473
0.77804
0.76208
0.80724
0.79983
0.82414
0.78705
0.99541
0.75683
0.81096
0.85507
0.76913
0.70958
0.83946
0.80538
0.82035
0.7656
0.7656
0.73621
0.75509
0.7656
0.81283
0.72946
0.78343
0.80353
0.78524
0.77446
0.77983
0.79068
0.75162
0.78343
0.79433
0.75509
0.79616
0.81096
0.8414
0.8531
0.78163
0.77625
0.87096
0.70307
0.70958
0.75509
0.79799
0.72111
0.82224
0.7925
0.75162
0.69984
0.78705
0.71945
0.76208
0.75858
0.81658
0.77446
0.72277
0.8091
0.82035
0.84333
0.80168
0.72444
0.76208
0.75509
0.82224
0.7709
0.75858
0.7709
0.87297
0.77446
0.7656
0.77625
0.75858
0.7379
0.80168
0.75162
0.75162
0.78343
0.74817
0.76033
0.7709
0.73621
0.78163
0.75162
0.73114
0.80538
0.68865
0.71945
0.77625
0.80168
0.79433
0.7379
0.7656
0.78343
0.71121
0.75509
0.77804
0.72778
0.73451
0.71779
1.1272
0.92683
0.89125
0.80168
0.90782
1.0139
0.68549
0.83368
0.72778
0.99312
0.84723
0.76384
0.75336
0.92683
0.83368
0.73114
0.82414
0.86497
0.81096
0.72611
0.76913
0.83368
0.77983
0.78524
0.74302
0.74645
0.82035
0.75858
0.84918
0.83946
0.72111
0.73451
0.7656
0.96605
0.77268
0.7925
0.76736
0.77983
0.82604
0.7709
0.81283
0.81096
0.78343
0.74473
0.78343
0.74645
0.71121
0.7709
0.69984
0.78524
0.81283
0.72946
0.81283
0.79433
0.77983
0.74989
0.71945
0.74817
0.70632
0.8414
0.75336
0.8892
0.9594
0.73961
0.85704
0.70469
0.83176
0.81846
0.76736
1.0093
0.7656
0.81846
0.8414
0.78343
0.7379
0.70958
0.74473
0.72946
0.80724
1.099
0.92897
0.85507
0.7925
0.9506
0.75683
0.79799
1.0593
1.6255
1.6596
0.97275
0.88716
0.77804
0.76208
0.73621
0.80353
0.88512
0.79616
0.77625
0.81096
0.8995
0.76208
0.70958
0.69663
0.70307
0.79799
0.77268
0.77625
0.77446
1.0889
0.81283
0.83368
0.76033
0.82224
0.80353
0.78886
0.77804
0.74302
0.75858
0.76208
0.75683
0.78705
0.74817
0.80168
0.76736
0.71614
0.78343
0.74989
0.70795
0.78886
0.79983
0.73621
0.71614
0.72444
0.91833
0.74473
0.70469
0.76913
0.73451
0.74473
0.9594
3.0061
1.374
0.82985
0.85507
0.84333
0.7379
0.73961
1.3583
1.1722
2.4946
0.73451
0.79068
0.87902
2.1928
0.80353
1.3677
1.0233
2.2856
2.1528
0.73621
0.80724
0.7656
0.76384
0.7656
0.75858
0.69984
0.85704
0.81096
0.71779
0.76208
0.71945
0.83176
0.89743
0.7925
1.0233
0.86497
0.83176
0.88716
2.5235
1.8408
0.8147
0.81846
0.77625
0.8356
0.71614
0.82794
0.8892
1.0093
0.99312
1.0544
1.074
1.1194
0.75858
0.79068
0.80538
0.80353
0.76033
0.76736
0.77983
0.76736
0.83176
0.71945
0.76736
0.78524
0.8091
0.72111
0.81846
0.90157
0.76384
0.83753
0.76033
0.79616
0.77804
0.74989
0.81283
0.75509
0.82035
0.78343
0.85507
0.79983
0.92683
0.82985
0.8147
0.88512
0.7656
0.77804
0.74131
0.72277
1.1695
0.92045
0.88105
1.0069
1.3677
1.1776
1.4289
1.0495
2.0417
0.72611
0.75509
0.87096
1.5959
0.76208
0.85114
1.052
0.72946
0.75858
0.78343
0.7379
0.877
0.71779
0.77804
0.67143
0.80724
0.73282
0.77446
0.7656
0.84918
0.78705
0.76736
1.4928
0.8091
0.78163
0.74473
0.84918
0.67453
0.78163
0.74817
0.71945
0.82604
0.91201
0.7656
0.78886
0.82414
0.75683
0.74302
0.80538
0.74131
0.78886
0.77446
0.78343
1.1169
0.86696
1.2246
1.803
1.1561
0.74645
0.75162
0.75683
0.87096
0.89536
0.81658
0.72778
0.85114
0.7709
0.7379
0.84528
0.76033
0.75509
0.73451
0.77983
0.82224
0.94624
0.7379
0.82224
2.0701
0.81658
0.71779
0.83176
0.92257
0.77804
0.82604
0.71779
0.75162
0.75162
0.80538
0.74989
0.72946
0.81658
0.81846
0.84918
0.75683
0.72778
0.75858
0.78886
0.7379
0.77268
0.74989
0.81283
0.75509
0.81096
0.77804
0.74645
0.72277
0.84333
0.78886
0.72611
0.85507
0.78705
1.0162
0.78524
0.73282
0.74989
0.88308
0.82794
0.84333
0.75162
0.77625
0.7379
0.80353
0.76913
0.8147
0.77804
0.71779
0.77804
0.82035
0.76913
0.74817
0.72946
0.77446
0.73282
0.73114
0.80538
0.75162
0.78524
0.8091
0.85704
0.86896
0.79799
0.69183
0.82224
0.82224
0.68707
0.7656
0.66527
0.75162
0.92045
0.73451
0.74817
0.77983
0.70307
0.77983
0.78524
0.70958
0.79616
0.78705
0.7656
0.70469
0.79433
0.74645
0.75336
0.84918
0.72611
0.77804
0.87902
0.77983
0.76033
0.72111
0.7145
0.77268
0.74302
0.71779
0.75162
0.82604
0.76033
0.7709
0.7709
0.76033
0.86497
0.7709
0.877
0.73621
0.74817
0.73961
0.76384
0.70795
0.77804
0.82604
1.0233
2.421
0.96161
0.78343
0.71779
0.73621
0.69343
0.75683
0.79983
0.75858
0.79616
0.80168
0.71614
0.76913
0.74989
0.79616
0.71285
0.74989
0.71614
0.84528
0.82224
0.7656
0.7709
0.86497
0.85901
0.72778
0.70469
0.7709
0.92257
1.0233
0.72277
0.77625
0.80538
0.80168
0.72946
0.70469
0.70146
0.94189
1.0069
0.81846
0.88308
0.77446
0.75683
0.74131
1.406
1.1722
1.0116
1
0.94189
0.89536
0.81658
2.5351
0.77268
0.72611
0.70632
0.73621
0.81846
0.7656
0.71945
0.74473
0.76736
0.78163
0.77446
0.69984
0.74473
0.7709
0.78163
0.76736
0.85507
0.8147
0.69984
0.76384
0.74817
0.73451
0.84918
0.77804
0.8091
0.9247
0.8091
0.80724
1.6904
0.78343
0.80168
0.78524
0.84333
0.69823
1.1995
0.93325
1.2218
1.205
1.5171
1.4997
0.81658
0.76913
0.74645
0.71121
0.92045
0.74645
0.7925
0.80353
1.0568
1.3092
0.93325
0.95719
0.76384
1.4191
3.2434
2.8907
0.87096
0.80168
0.72444
0.76913
0.78886
0.92683
0.73282
1.4191
0.88308
0.81283
0.98175
0.98401
1.1455
1.2162
0.87096
1.1535
1.1858
1.2912
0.95719
0.76384
0.91201
1.0023
1.6827
1.1858
1.6293
1.0617
2.2233
2.0464
1.7022
0.73451
0.78524
0.79983
0.78524
0.91833
0.78705
0.82794
0.9247
0.74645
0.877
0.8147
0.7709
0.75683
0.75683
0.73961
0.78705
0.74131
0.77446
0.81283
0.79433
0.80353
0.74817
0.75162
0.69984
0.76208
0.69663
0.76736
0.80538
0.87096
0.73451
0.75858
0.75509
0.75336
0.72111
1.3428
0.95499
1.3243
1.052
2.958
1.2445
1.3243
1.194
1.2023
0.97949
1.0257
2.1086
0.73282
0.74817
0.82794
0.75509
0.80724
0.86896
0.82794
0.86696
0.7709
0.73961
0.79799
0.80168
0.76736
0.78705
0.97051
0.71945
0.71779
0.77268
0.82794
0.69823
0.8147
0.76913
0.80353
0.7656
0.74131
0.82604
1.0544
1.5996
0.8147
0.86298
0.79068
0.73451
0.81658
0.7379
0.85901
0.72778
0.73451
0.76913
0.75858
0.74473
0.81658
0.81283
0.81096
0.81096
0.72946
0.77268
0.85114
0.76033
2.466
2.6002
1.1272
0.9594
1.1429
0.85114
1.1722
1.2417
1.219
1.2331
1.803
0.8531
0.82035
1.0069
0.73282
0.8091
0.70307
0.84333
0.78163
0.89536
0.8531
0.73961
0.79068
0.7656
1.1803
1.0814
0.93756
1.888
2.1478
0.96161
0.74473
0.82224
0.79616
0.97724
0.68234
0.75162
0.73114
0.79433
0.82035
0.82414
0.74817
0.84528
0.75336
0.73114
0.69984
0.78886
0.77268
0.72277
0.8147
0.73961
0.69663
0.71614
0.76736
0.75858
0.71779
0.78705
0.76736
0.92257
0.73961
0.76208
0.74645
0.76384
0.71121
0.7379
0.78886
0.72277
0.80168
0.81096
0.68234
0.8356
0.75683
0.76913
0.92683
0.92897
1.0186
0.96828
1.094
0.94189
1.1803
1.2474
0.90573
1.3677
1.0328
1.052
1.2853
1.1015
1.3122
1.4388
0.7379
0.78163
0.74645
1.2246
0.79616
0.77983
0.74645
0.82035
0.72277
0.74131
0.74302
0.77446
0.84333
0.83946
0.7925
0.99312
0.7656
0.80168
0.82035
0.73451
0.86298
0.66527
0.77983
0.69823
0.97275
0.72946
0.76736
0.93541
0.74645
0.71614
0.79616
0.80538
0.78886
0.76736
0.78343
0.85704
0.72611
0.76033
0.71121
0.78343
0.74302
0.80724
0.76384
0.83368
0.78163
0.70469
0.72444
0.877
0.75336
0.76208
0.8995
0.73961
0.86497
0.78524
0.80168
0.70307
0.76384
0.78705
0.7925
0.77983
0.7379
0.77983
0.77804
0.70958
0.71121
0.93541
0.77983
0.76033
0.88512
0.73451
0.82604
0.71614
1.256
1.8664
0.8892
0.74302
0.99312
0.8147
1.0423
0.89536
0.96161
1.6218
1.4555
0.83368
0.74817
0.68077
0.74817
0.79799
0.70146
0.76913
0.69183
0.8414
0.81846
0.85901
0.73621
0.73114
0.79616
0.78343
0.70146
0.80724
0.80353
0.76736
0.7656
0.97949
0.73451
0.74473
0.81283
0.79068
0.8531
0.71945
0.80168
0.76033
0.8531
0.7709
0.73114
0.72611
0.83368
0.76736
0.74989
0.75858
0.7379
1.0375
0.7656
0.70307
0.73282
0.68865
0.78524
0.71614
0.69663
0.80353
0.78343
0.72946
0.73114
0.70469
0.7925
0.82604
0.80538
0.72778
0.74131
0.85114
0.76384
0.74302
0.76033
0.74131
0.7379
0.74473
0.69984
0.76736
0.79799
0.7656
0.73114
0.87498
1.0304
0.76736
0.74473
0.86896
0.92683
0.88105
0.76208
0.82604
1.1015
0.70632
0.97051
0.75336
0.74302
0.78343
0.73451
0.80538
0.79616
0.76208
1.5241
1.2618
0.83946
0.93756
1.6558
0.80538
0.74302
2.2646
0.78343
0.78886
0.76384
0.86099
0.83176
0.72778
0.75336
0.7925
0.77268
0.82224
1.7179
3.2509
1.6943
0.8892
0.96161
0.84528
0.8147
0.87498
0.71285
0.72444
0.71614
0.8356
0.82985
0.78705
0.74817
0.80538
0.79433
0.82414
0.85114
0.79616
0.80168
0.76384
0.71945
0.76384
0.75858
0.79433
0.76736
0.76736
0.76208
0.7656
1.0162
0.7379
0.80538
0.76736
0.78886
0.93541
0.89743
1.6069
0.89536
1.0864
0.98855
1.2882
1.0375
0.86696
1.6558
1.2218
0.92045
1.3646
1.074
0.8356
3.2137
0.70958
0.85507
1.0023
0.76736
0.73451
0.71285
1.1298
0.71945
0.75336
0.77268
0.73961
0.72277
0.79616
0.79983
0.73961
0.8091
0.74989
0.74131
0.69024
0.73114
0.7145
0.72946
0.76208
0.69183
0.77625
0.74473
0.73961
0.80724
0.74645
0.73961
0.75858
1.0023
0.76033
0.82985
0.74989
0.78524
0.73621
0.71614
0.75683
0.75509
0.83946
0.86696
0.71945
0.73114
0.72778
0.76208
0.76736
0.73451
0.74817
0.73451
0.77804
0.82414
0.78343
0.85114
0.73451
0.75336
0.8147
0.83368
0.80353
0.72946
0.72946
0.81096
0.8414
0.73621
0.7379
0.74302
0.69502
0.8147
0.82224
0.7709
0.8892
0.68707
0.74473
0.77983
0.73621
0.88716
0.877
0.77804
0.77268
0.83368
0.79983
0.78163
0.76736
0.79068
0.9506
0.75162
0.77983
0.78163
0.88716
0.71779
0.79433
0.7656
0.77446
0.77268
0.70958
0.80724
0.84333
0.90157
0.75162
0.7379
0.8147
0.86497
0.80353
0.80353
0.77268
0.72946
0.72277
0.74131
0.80724
0.72946
0.95719
0.74302
0.80168
0.76736
0.78343
0.77983
0.77446
0.77804
0.9528
0.79616
0.75336
0.91833
0.75683
0.81096
0.83946
0.76208
0.89536
0.69502
0.75858
0.8147
0.79433
0.8091
0.86896
0.78163
0.89125
0.78163
0.79799
0.80724
0.877
0.76736
0.74645
0.93541
0.74989
0.74473
0.73961
0.88716
0.97499
0.94189
0.75858
0.98401
0.81658
0.74645
0.80168
0.99541
0.81283
0.77804
0.78343
1.1324
2.5119
0.68077
0.79799
1.0116
0.87297
0.78705
0.76736
0.72946
0.72444
0.96828
1.1749
1.1912
1.4223
1.3552
0.81096
0.92045
4.217
1.0375
0.90157
1.5704
0.77268
0.72111
0.73451
0.79433
0.77268
0.80724
0.92257
0.86696
0.82985
0.78886
0.76033
0.97724
0.98855
0.8091
0.80538
0.99541
1.0666
0.87902
1.4825
0.90782
0.90365
0.87096
1.1194
0.86497
0.73114
1.4962
0.81658
1.3552
1.3964
0.85704
0.78705
0.7925
0.79433
0.88105
0.88308
8.5704
12.303
25.293
19.999
29.444
23.442
29.107
24.66
16.331
22.387
27.925
27.733
22.751
31.117
33.037
30.903
32.734
28.314
17.579
17.458
22.131
22.233
24.378
22.233
31.623
22.909
22.646
21.038
23.933
26.977
27.04
24.044
22.751
0.76913
1.0423
20.941
21.727
3.6308
1.7824
2.2284
0.97499
24.099
30.62
26.73
24.946
14.223
12.246
25.41
28.379
23.988
17.62
25.645
15.066
10.093
20.893
29.242
24.491
25.586
27.04
21.528
29.444
18.113
16.444
4.7424
15.101
21.038
25.704
20.37
23.227
12.764
16.406
15.74
20.23
22.08
17.418
17.62
11.995
17.378
27.227
9.1622
9.9541
0.82035
28.973
32.063
29.992
20.464
22.182
19.231
14.997
11.066
12.764
14.521
11.455
10.162
19.275
22.751
13.836
15.668
19.861
22.803
19.953
22.751
22.961
24.547
24.717
27.353
22.699
21.429
18.75
20.324
21.928
19.275
19.907
18.836
14.555
23.388
4.6132
22.909
12.023
1.803
1.1143
1.3932
2.5235
1.8072
1.2972
0.91411
0.78524
0.8892
1.6181
17.824
24.889
18.535
13.74
17.418
1.0839
0.89743
0.8995
1.0116
14.962
2.8576
1.4689
0.69183
0.70469
0.76736
1.0617
1.2445
1.1858
1.4191
0.70146
0.73451
1.6904
0.877
2.1281
0.73451
0.76033
1.1482
0.78343
0.72946
0.68865
0.76736
0.74131
0.77625
0.71779
0.7656
0.77268
0.73621
0.84918
0.7925
0.71285
0.73961
1.4488
0.94406
0.74645
0.75336
0.8414
0.73961
0.71121
0.75683
0.72444
0.79433
0.82794
0.75683
0.8091
0.75509
0.77983
0.69183
0.82985
0.74817
0.74989
0.7709
0.73961
0.79433
0.80353
0.77804
0.84918
0.72111
0.73282
0.69823
0.76913
0.73961
0.80168
0.71285
0.72277
0.77446
0.7145
0.7145
0.76208
0.7925
0.73114
0.75683
0.82224
0.74817
0.80168
0.78705
0.71779
0.79983
0.69823
0.76384
0.73282
0.69502
0.78524
0.71285
0.76736
0.76033
0.70632
0.75162
0.74473
0.74817
0.69502
0.8147
0.70307
0.78524
0.72946
0.95719
0.76913
0.72611
0.69984
0.72111
0.7656
0.75336
0.74302
0.70307
0.6792
0.8091
0.6792
0.69663
0.77625
0.72277
0.73282
0.69024
0.72946
0.68707
0.71779
0.75509
0.73961
0.72778
0.69343
0.72611
0.71614
0.77804
0.70307
0.70795
0.76913
0.78163
1.052
1.2647
0.83368
1.0839
0.82985
0.87902
0.84918
1.6368
1.3305
1.0209
0.72444
0.70632
0.73961
0.71779
0.75162
0.77446
0.70958
0.74645
0.877
0.69823
0.73621
0.71614
0.77268
0.71945
0.75336
0.73114
0.64714
0.81846
0.85704
0.86696
0.96161
1.0814
1.122
0.99541
1.0471
3.5481
1.3836
1.3032
1.2274
1.1376
0.9594
0.69663
0.7709
0.9247
1.6788
0.74302
0.8531
0.82035
0.75509
1.349
1.0568
1.3772
2.7479
0.75336
0.80168
0.7379
0.75858
0.78524
0.68549
0.77268
0.75162
0.72444
0.69343
0.7925
0.69502
0.70469
0.7379
0.83753
0.72778
0.70469
0.71945
0.78886
0.79799
0.79433
0.83946
0.81283
0.74302
0.79799
0.80353
0.78524
0.70146
0.78705
0.73451
0.6792
0.77625
0.72111
0.72277
0.69343
0.7709
0.67453
0.72111
0.77268
0.74302
0.80353
0.77804
0.74302
0.75336
0.76033
0.69984
1.0399
1.2162
0.8892
1.2078
1.8621
0.71779
0.79068
0.73114
0.7145
0.93972
0.72778
0.77446
0.73282
0.74473
0.71614
0.72277
0.76384
0.74989
0.72444
0.70632
0.70307
0.74817
0.71121
0.70958
0.73961
0.72946
0.72778
1.1803
1.9679
0.8147
0.80168
0.79983
0.73621
0.72778
0.79433
2.0654
0.68707
0.80724
0.77804
0.72444
0.74817
0.7145
2.5468
1.1482
0.80353
0.74645
0.9247
0.91833
0.9977
0.92257
3.3651
1.4757
2.5003
0.73451
0.7145
0.72444
0.69343
0.74989
0.86099
0.79068
0.78163
0.78886
0.77804
0.74989
0.79799
0.71779
0.79983
0.7709
1.0864
1.1668
1.0304
5.5719
1.0162
6.4565
2.4155
0.75858
0.74131
0.81658
0.82794
0.84528
0.81846
0.80168
0.79068
0.76736
0.84918
0.75162
0.83753
0.74989
0.70307
0.81658
0.79799
0.7656
0.72778
0.73621
0.73282
0.73282
0.85507
0.84723
0.7925
0.88308
0.8147
0.92045
0.82794
0.80168
0.7379
0.7925
0.82794
0.78163
1.5205
1.2474
1.3964
0.77268
2.5882
22.029
23.823
23.823
20.324
28.119
29.107
26.002
14.757
23.121
31.915
21.827
18.493
22.029
23.335
24.322
19.543
30.2
25.177
26.792
25.41
26.303
28.445
26.669
18.707
20.417
28.445
19.861
24.547
27.29
30.061
13.366
22.029
23.823
24.322
8.8716
24.099
2.1478
17.62
25.527
21.827
23.121
27.102
19.999
26.062
26.546
29.58
19.634
12.503
15.56
29.58
19.055
24.66
23.227
8.892
14.555
29.854
21.928
24.21
21.086
23.988
22.491
11.614
15.776
15.136
19.724
22.594
19.055
16.672
11.561
14.791
17.061
17.783
9.3111
11.35
6.5163
14.622
28.576
15.776
23.442
13.213
17.498
16.982
17.824
12.972
16.672
20.989
0.93972
1.2218
0.90365
1.1117
1.1588
0.90157
1.0304
0.82414
0.82035
0.78163
1.074
1.7701
1.6368
6.9984
10.914
17.701
16.982
19.724
23.496
20.137
12.823
18.923
17.1
12.853
23.933
13.996
22.491
19.187
25.704
26.242
28.379
27.416
12.05
25.823
21.232
21.232
24.378
13.709
23.281
18.281
18.072
5.1523
20.606
21.878
18.707
22.387
16.943
33.343
27.416
18.664
16.293
14.223
29.648
20.277
20.893
25.177
15.488
17.298
7.2778
4.6345
16.866
25.003
19.815
11.092
19.724
19.143
13.002
22.699
6.6527
0.94624
0.84723
1.4488
2.4266
1.7498
0.9528
2.3442
7.2611
2.2029
1.1015
0.74817
0.78343
1.1885
0.72946
0.73621
0.7145
0.70632
0.69502
0.94624
0.72277
1.5524
0.85114
1.0471
1.0351
1.1455
1.1967
1.2388
1.2823
1.0593
1.6982
0.8147
0.86099
0.88308
0.78343
2.0654
0.75683
0.70469
0.79616
0.72277
0.79799
0.94624
0.75509
1.1588
1.1695
1.0186
0.80168
0.93972
2.5645
0.81658
3.281
1.977
0.78705
0.7656
0.7379
0.78886
0.78524
0.74302
0.72111
0.86497
0.80168
0.75509
0.87297
0.7656
0.77446
0.75509
0.7656
0.78524
0.7379
0.93111
0.80724
0.77625
0.78705
0.83946
0.76913
0.77446
0.70469
0.82035
0.79799
0.77625
0.79799
0.86497
0.78524
0.8414
0.75162
0.79799
0.87297
0.78163
0.80538
0.88716
0.79799
0.8147
0.74817
0.8147
0.77983
0.75858
0.80168
0.78343
0.87297
0.8531
0.79433
0.81096
0.84333
0.77983
0.80724
0.85507
0.8531
0.82224
0.8995
0.8995
0.85704
0.76384
0.88308
0.8356
0.8091
0.84918
0.82604
0.7656
0.92045
0.89331
0.8091
0.78524
0.90782
0.82604
0.86099
0.76736
0.93325
0.77446
0.82794
0.83368
0.83176
0.87096
0.78524
0.7145
0.86099
0.82794
0.86099
0.8091
0.77804
0.74817
0.74473
0.73961
0.97499
0.80353
0.80538
0.77625
0.83176
0.76913
0.75858
0.81283
0.80538
0.84333
0.86298
0.89125
0.8091
0.87902
0.90991
0.90573
0.91622
0.8091
0.86696
0.76913
0.97949
0.78705
0.80168
0.73451
0.86896
0.7925
0.83753
0.7656
0.7379
0.8356
0.82035
0.79616
0.78886
0.86099
0.88105
0.7656
0.88105
0.72277
0.92683
0.83176
0.92897
0.8147
0.91201
0.82604
0.89743
0.83176
0.93111
0.81658
0.79983
0.89536
0.90157
0.80538
0.78343
0.88512
0.8091
0.88308
0.84918
0.8531
0.93972
0.90365
0.91833
1.0304
0.8356
0.96605
0.97949
0.82794
1.4256
0.79799
0.80724
1.888
0.83368
0.8091
0.84333
0.7709
0.74645
0.98628
0.81846
0.81846
0.74131
1.0233
1.0544
0.8147
0.85507
0.90365
0.78886
0.90157
1.0765
1.6331
0.90365
0.86099
0.86298
0.77625
1.0889
1.0715
1.5596
3.7068
0.86099
0.78886
0.78524
0.79068
0.7656
0.7656
0.80538
0.88716
0.90991
0.75509
0.87902
0.76736
0.84333
0.82604
0.95499
0.96605
1.3804
1.9953
4.4361
16.406
22.131
17.539
23.659
22.284
20.654
22.131
21.33
25.586
23.121
31.696
26.792
14.488
4.3351
16.672
25.942
21.878
20.184
24.889
17.62
23.878
25.645
22.646
16.218
18.664
18.197
20.989
22.803
22.491
13.614
25.468
29.854
21.677
23.014
22.182
19.275
18.45
20.464
9.7275
18.323
1.4521
0.99083
0.86696
0.99541
1.0328
3.2961
1.9634
1.8967
0.92897
1.3521
1.7498
4.1976
9.2683
0.83176
0.77804
4.2073
20.464
28.708
20.749
13.583
11.324
21.577
22.08
21.038
16.218
16.904
21.727
15.631
18.239
21.577
20.845
12.274
20.749
15.849
15.276
16.827
12.503
12.023
13.49
21.577
21.33
19.454
15.56
1.7824
1.8239
8.8308
16.711
17.258
10.328
1.1561
1.1066
1.3183
1.0839
1.3772
0.92683
1.9999
0.84528
0.76913
0.81283
0.85114
1.0864
1.0304
1.5382
0.8531
0.76736
0.90782
0.92897
0.84333
0.98855
1.2331
1.0471
1.766
0.78163
0.94189
0.74645
0.90365
0.9594
0.76384
0.73621
0.79983
0.83176
0.75509
0.78163
0.91833
0.96605
0.7925
0.68234
0.77983
0.73114
0.73282
0.75162
0.70146
0.71945
0.84918
0.74989
0.76033
0.74131
0.83946
0.71945
0.79616
0.75683
0.72277
0.79799
0.7925
0.93756
0.79433
0.7925
1.0257
0.74302
0.70307
0.83176
0.75509
0.7379
0.85507
0.7656
0.92683
1.1402
1.3836
0.69343
0.86099
0.73961
0.72444
0.73621
0.75162
0.83176
0.76736
0.74989
0.74645
0.85114
0.7379
0.74645
0.76033
0.81096
0.82414
0.8414
0.75336
0.77804
0.74131
0.76736
0.74989
0.83368
0.81096
0.78886
0.79068
0.70146
0.75858
0.77983
0.72946
0.76913
0.75858
0.8414
0.79433
0.8147
0.76208
0.77268
0.85114
0.77446
0.82985
0.74989
0.77268
0.79068
0.73282
0.73621
0.75858
0.83368
0.8091
0.7656
0.86298
0.72611
0.82035
0.77804
0.7379
0.76913
0.81096
0.96383
0.70307
0.72778
0.97499
1.3335
1.1588
1.5959
5.4702
7.8705
0.78524
3.2885
0.877
0.80724
2.3659
19.999
22.594
22.542
19.861
22.751
19.055
21.777
21.38
16.255
18.535
15.668
19.055
15.812
22.803
23.714
16.904
3.8459
22.751
20.797
15.56
12.912
27.227
19.143
13.092
24.717
19.907
27.227
25.061
16.069
16.904
20.845
23.55
19.634
22.803
24.266
21.677
14.388
13.397
11.194
18.113
18.793
22.439
1.1376
16.482
1.3868
0.9528
1.8493
1.0351
1.3614
2.3281
1.0568
0.97724
1.122
1.3709
1.6032
1.2764
3.6308
1.0423
1.2246
1.4488
2.6062
0.7925
2.8642
0.78705
0.71614
2.3227
22.803
19.543
19.498
0.76033
0.81846
0.99312
1.39
6.1094
0.86298
1.6368
20.893
15.488
43.853
15.776
1.0257
0.9594
1.1117
1.2023
3.1623
1.7179
0.84528
0.84333
0.77625
1.3996
0.84918
1.1588
4.6238
9.0573
14.791
1.2503
1.6634
1.3428
1.2942
10.495
23.659
20.654
29.107
25.645
19.187
25.119
11.722
21.627
23.388
21.928
21.038
16.482
24.044
19.231
11.614
1.7179
1.39
1.5241
2.8907
1.7219
0.68549
0.69502
0.77983
0.7379
0.85704
0.84723
0.82985
0.83368
0.89125
2.9309
7.709
0.76913
0.77804
29.107
29.174
35.237
33.497
20.37
18.072
24.717
20.277
12.106
15.488
23.442
14.757
26.242
17.338
29.309
22.856
26.122
25.061
17.219
19.011
19.724
24.434
6.4565
23.605
29.512
24.266
25.942
19.679
15.453
17.338
11.092
15.596
19.634
3.4119
1.1858
1.2331
4.1783
10.139
20.893
23.335
20.137
27.861
24.547
25.061
8.5114
0.76208
2.208
7.1945
12.647
19.187
21.33
19.999
20.512
16.444
17.742
23.227
21.928
19.32
14.655
16.596
14.521
28.184
1.3521
9.3111
11.35
20.37
24.604
25.942
32.137
24.547
21.928
29.923
23.442
13.964
22.08
11.508
15.922
21.878
12.882
16.293
6.1094
1.0257
0.89536
0.96605
0.87297
1.219
1.4588
1.183
1.0304
10.447
17.947
19.055
15.812
13.552
22.699
33.037
19.055
13.428
29.512
20.512
11.117
13.646
0.94842
0.84333
0.8531
1.028
1.5136
1.0568
1.5524
0.79983
1.8323
0.78163
3.1405
1.6293
3.4674
5.7544
15.56
13.552
27.227
24.434
18.323
32.509
21.627
15.066
23.933
23.55
22.284
13.032
22.491
15.996
21.627
28.576
15.311
18.113
17.62
14.757
23.605
16.406
14.488
13.002
16.368
26.73
15.346
18.535
14.256
17.418
14.997
20.654
3.7068
0.88308
1.1695
1.0593
2.1677
0.9977
1.7824
1.0046
0.86497
1.0593
1.3804
13.646
13.552
14.158
13.9
22.803
15.066
16.982
16.904
18.493
24.155
19.498
0.76913
19.011
18.493
23.442
23.067
20.701
15.453
15.812
15.241
21.429
15.812
6.3241
18.707
23.442
19.099
22.233
20.417
23.442
28.907
1.6482
14.825
24.774
21.232
18.793
15.453
20.464
20.989
18.88
23.121
14.223
20.749
23.227
18.923
19.011
18.75
19.999
28.314
24.099
23.067
13.122
16.749
18.967
19.187
22.909
17.865
22.594
14.555
4.8529
1.2388
14.223
26.182
25.468
21.184
22.08
25.645
20.137
19.907
19.409
21.038
15.205
13.459
0.8892
0.8091
0.88105
0.76384
0.9594
0.80353
0.90157
0.82794
0.83176
0.877
0.81283
0.77804
0.75336
0.74302
0.81096
0.8356
0.86896
0.79983
0.85114
1.9187
23.659
24.21
21.135
21.627
25.351
19.543
21.281
31.989
20.989
29.854
19.634
13.552
23.823
24.604
25.061
5.4325
14.859
17.783
32.584
18.967
29.376
24.604
25.235
24.378
27.29
28.379
9.6605
25.468
25.235
19.231
15.668
28.708
19.77
22.439
19.011
22.029
21.478
24.604
13.868
23.878
18.664
10.186
9.594
19.953
25.645
14.223
23.659
11.912
22.856
20.893
26.242
15.74
5.2602
1.3335
20.324
16.331
31.189
17.865
18.323
19.011
15.171
23.714
13.213
11.246
21.232
24.946
12.677
20.37
22.699
19.634
13.243
19.999
24.378
13.836
18.88
18.88
20.324
14.125
26.607
29.58
24.946
2.3605
22.909
16.711
14.421
28.642
25.704
26.607
3.5075
24.66
21.928
14.859
12.274
21.184
23.659
24.099
19.498
26.73
13.335
15.241
21.627
9.7275
16.711
24.491
29.04
22.751
1.1455
1.2331
1.9543
1.2618
1.2218
2.4547
1.6406
24.266
18.75
14.894
14.655
17.783
26.73
22.961
21.429
33.574
18.197
1.6293
24.099
25.351
22.594
22.029
28.119
26.182
24.717
16.032
20.559
21.281
21.086
20.045
26.977
18.75
29.648
32.285
16.181
12.56
10.864
14.622
4.7973
11.246
23.605
18.072
25.586
28.774
30.13
26.853
30.832
18.707
21.677
23.174
28.445
19.143
27.606
32.285
18.197
22.803
24.774
4.9774
17.1
24.547
22.491
22.909
20.045
29.242
26.363
31.261
32.659
28.907
27.29
18.967
19.32
24.547
1.8365
3.1915
24.378
27.353
16.866
23.933
21.184
18.113
19.543
21.878
25.586
