1.4791
3.0903
1.1858
1.3274
6.8391
12.05
14.655
13.49
10.304
13.183
2.7353
8.0168
1.1695
1.0593
1.1246
13.996
11.402
9.1622
10.74
11.995
11.535
10.423
11.749
12.647
0.77625
1.4723
8.5507
16.106
9.6605
6.1376
7.9616
6.2951
11.143
11.429
6.9343
10.52
12.972
8.8105
11.912
10.423
10.914
9.2045
11.246
10.351
10.162
10.423
10
15.885
12.794
8.0353
5.2845
5.236
2.9923
2.0893
9.6605
12.303
10.023
10.116
8.2035
8.6099
12.445
13.552
10.617
9.0991
8.1846
6.5163
6.368
2.541
2.3335
2.5293
17.579
13.552
10.99
8.9743
13.772
15.136
13.614
10.889
10.864
7.925
11.169
9.8628
14.825
10.399
6.2661
13.646
10.839
11.967
10.568
13.932
9.7275
17.865
10.328
6.8865
2.3768
13.428
12.274
15.776
17.865
11.722
13.397
8.1283
11.066
8.091
11.194
11.967
9.6383
8.7297
9.528
10.814
3.1696
4.7753
6.0395
6.7298
7.7268
7.6208
12.19
12.706
11.668
17.458
9.2683
10.99
12.106
5.9156
5.3333
4.4668
12.647
11.429
10.691
10.399
14.962
16.368
12.078
7.6033
10.186
12.56
8.4333
9.3325
13.428
13.9
11.722
8.531
16.144
14.191
14.588
11.169
7.6384
7.3282
6.5615
1.2023
9.0573
15.776
11.066
9.3972
12.106
9.7949
11.94
14.125
2.5119
11.324
14.191
10.162
14.421
14.158
20.989
1.6672
1.9011
1.3032
8.8308
8.5704
10.568
12.19
19.543
10.544
13.772
12.503
14.322
7.4473
15.311
3.6813
8.0168
0.87096
1.0328
0.80353
0.8531
1.0814
7.5858
7.3114
1.0447
1.205
8.8512
17.947
11.482
0.82414
1.1092
1.2794
1.0046
1.0544
18.113
12.246
11.776
14.555
11.143
17.539
10.495
11.324
11.995
14.521
13.804
12.246
7.2111
3.4754
8.6497
1.2303
1.1995
1.2647
0.97724
0.88308
0.91833
0.94189
7.379
10.617
14.521
12.445
13.996
11.858
21.677
14.622
8.356
12.912
13.366
8.2794
16.827
12.531
10.139
0.79068
0.87498
0.93756
1.5812
7.7268
6.2517
0.91411
2.8973
10.74
8.091
7.9433
1.4521
10.399
1.4791
1.0046
0.82414
1.556
1.803
2.4044
0.90365
0.79983
0.85901
0.93972
0.77268
0.9506
0.98175
0.8531
0.82224
2.9923
1.1092
1.2735
1.4488
1.1324
1.1402
1.0375
0.87498
1.5241
1.374
1.71
1.8578
0.88512
1.5922
0.78163
0.91833
0.81283
0.82035
0.87297
0.89331
0.82224
0.86696
0.83368
0.76033
0.79433
0.80724
0.84528
0.89536
0.99312
0.77983
0.88308
0.79068
0.81658
0.80168
0.72611
0.79616
0.79433
0.82794
0.83176
1.2677
0.84723
0.81283
1.256
0.8356
0.79983
0.89125
0.8531
0.8356
0.98175
0.81658
0.82985
0.82794
0.7709
0.77625
0.89331
0.91622
0.93111
0.85704
1.0257
1.028
0.84333
2.1038
0.88716
0.87902
0.76033
0.93756
0.84333
0.97949
0.91833
0.8147
0.93756
0.8531
0.79983
0.90991
1.0765
1.122
1.5031
1.1561
3.0269
1.052
1.2078
1.0568
2.1086
0.81096
0.84333
0.91622
0.93111
0.91201
2.6122
0.79799
0.79068
0.8356
0.85507
1.0046
1.2218
1.4355
0.77804
0.80353
0.79983
1.1246
1.0765
1.1803
1.219
1.0447
1.9409
0.7709
0.83176
0.84333
0.9506
0.8414
0.80724
0.80724
0.97275
0.92257
0.78705
0.84918
0.8091
0.87096
0.83176
1.0914
0.877
0.77625
0.83176
0.81283
0.81658
0.86896
0.87297
0.82224
0.82414
0.92683
0.89331
0.93325
0.88716
0.82604
0.81283
0.87902
0.79616
0.82794
0.85704
0.90573
0.93756
0.75683
0.8356
0.7925
0.97949
0.80353
0.90157
0.82985
0.8414
0.93756
0.82035
0.86497
0.80724
0.83753
0.89536
0.84333
0.88512
0.82794
0.82414
0.88308
0.90365
0.8356
0.81658
0.80538
0.81846
0.76208
0.84918
1.0093
0.83176
0.72111
0.74473
0.81096
0.82794
0.75858
0.86497
0.92257
0.80724
0.88105
0.86298
0.74473
0.78705
0.76736
0.87096
0.84333
0.84723
0.89536
0.86696
0.83946
0.90157
1.135
0.97724
0.87902
1.0447
0.91201
0.79068
0.7656
0.83753
0.75509
0.82224
0.79799
0.75683
1.0209
0.84918
0.80353
0.87297
0.78343
0.8414
0.83753
0.83368
0.75683
0.87902
0.75336
0.84918
0.85114
0.8531
0.82035
0.83753
0.87498
0.92045
1.122
0.97275
0.84723
0.97724
0.97724
1.0814
0.90991
1.5922
2.6977
0.70146
0.75162
0.9528
0.84333
0.77983
0.87498
0.80724
0.8356
0.72444
0.79433
0.82985
0.91201
0.75162
0.80168
0.85704
0.86497
0.76033
0.81283
0.81283
0.89536
0.80538
0.8531
0.79799
0.83176
0.7379
0.77446
0.8147
1.1885
0.8147
0.74302
0.72444
0.75509
1.1561
0.73114
0.92257
0.75683
0.7656
0.7379
0.98401
1.3062
0.86497
1.7906
1.0304
1.099
0.74473
0.77446
0.77446
0.77804
0.73114
0.71614
0.78524
0.73621
0.90782
0.80724
0.74817
0.73282
0.73961
0.70795
0.75336
0.77983
0.70958
0.73621
0.81846
0.80168
0.81846
0.73961
0.74131
0.76736
0.83176
0.79433
0.82604
0.75858
0.81846
0.76033
0.8356
0.79068
0.84918
0.86896
0.80538
0.82414
0.86099
0.81283
0.86696
0.93111
0.75509
0.73621
0.73961
0.75858
0.92045
0.74817
0.76208
0.80353
0.74989
0.72611
0.73451
0.78886
0.79983
0.75683
0.9528
0.75509
0.73621
0.85114
0.73961
0.7379
0.78343
0.80353
0.77983
0.72111
0.71614
0.76033
0.7656
0.79983
0.76913
0.78524
0.74989
0.74989
0.69343
0.80538
0.74989
0.74817
0.86099
0.74989
0.70958
0.76208
1.1041
0.7709
0.77446
0.74131
0.88512
0.77804
0.73961
0.85114
1.3772
1.9815
0.85114
0.9594
1.2303
0.94189
1.7022
0.8892
0.89743
0.82985
0.82035
0.73451
0.78163
0.72946
0.73961
0.8091
0.77983
0.92257
0.7656
0.75683
0.73114
0.80168
0.78163
0.73621
1.0814
1.4757
1
1.3366
1.1015
0.98175
1.1967
1.0789
0.95719
0.99541
0.77804
0.77625
0.97051
1.0116
0.78524
0.77446
0.75162
0.76913
0.73961
0.79068
0.79433
0.76913
1.0715
0.83176
0.75336
0.73451
0.74131
0.81283
0.76384
0.8356
0.78705
0.80168
0.80168
0.8147
0.78705
0.75858
0.80168
0.81846
0.81096
0.74302
0.86099
0.77268
0.75509
0.79068
0.73961
0.8091
0.8147
0.74645
0.7379
0.72277
1.0814
0.81096
0.79799
0.7145
0.79616
0.77446
0.80724
0.69823
0.72444
0.82794
0.78886
0.7379
0.80353
0.86099
0.7656
0.70632
0.71121
0.82035
0.82414
0.77446
0.74817
0.7379
0.7709
0.66374
0.70307
0.76736
0.74989
0.80724
0.71945
0.78524
0.71285
0.75683
1.2589
0.9594
0.99312
1.3122
1.5382
1.2106
0.83946
0.85114
0.81283
0.77268
0.91411
0.98401
1.0814
0.88716
0.86896
0.84528
2.1677
0.99083
0.96161
1.5996
0.84918
0.90991
0.8531
2.9923
0.72778
0.7925
0.79983
0.74302
0.79983
0.74989
0.73961
0.81846
0.7709
0.75509
0.82414
0.74645
0.75336
0.78705
0.74131
0.71614
0.74473
0.76208
0.9977
0.74989
0.77983
0.95719
0.98628
0.77268
0.97949
1.3583
0.76033
1.1455
0.78163
0.77804
0.7656
0.75162
0.73961
0.76384
0.86696
0.74817
1.0069
0.77268
0.75858
0.82604
0.7709
0.73961
0.71614
0.81283
0.82035
0.78524
0.74817
0.77804
0.79616
0.70958
0.74817
1.1668
0.74989
0.80724
0.79068
0.85507
0.72611
0.75509
0.74645
0.7656
0.76913
0.71614
0.74989
0.82224
0.78705
0.78163
0.75336
1.1482
2.5119
1.135
1.2417
1.1722
1.2359
1.3152
1.406
1.094
1.1776
0.91201
1.0715
0.76384
0.86298
0.73621
0.74817
0.8414
0.76913
0.85114
0.83946
0.83176
0.8531
0.79616
0.85901
0.82414
0.75509
0.80168
0.69823
0.68707
0.77625
0.76384
0.8091
0.69984
0.91201
0.85507
0.80724
0.83946
0.85114
0.77446
0.78524
0.83368
0.77268
0.81846
0.74131
0.93972
0.84723
0.75162
0.74645
0.85704
0.91201
0.80353
0.7656
0.74817
0.76736
0.73114
0.80168
0.75162
0.76208
0.7925
0.92683
0.75683
0.75858
0.92897
0.71285
0.77268
0.74989
0.82035
0.78886
0.78163
0.77983
0.77268
0.69823
0.77446
0.79433
0.75683
0.7925
1.0495
0.78524
0.81658
0.7709
0.78524
0.77983
0.8414
0.7709
0.77804
0.82794
0.88308
0.74131
0.95719
0.73961
0.89125
0.80538
0.81096
0.79616
0.87902
0.75858
0.7925
0.79068
0.79068
0.75162
0.77804
0.77625
0.77625
0.80538
0.83753
0.75509
0.80724
0.73621
0.8147
0.77625
0.7656
0.73961
0.78343
0.85901
0.81658
0.86298
0.79433
0.75162
0.79983
0.7925
0.82035
0.91411
0.74989
0.80724
0.93972
0.7656
0.74989
0.83368
0.79433
0.94189
0.74645
0.76736
0.73961
0.7925
0.78705
0.97949
0.77804
0.87297
0.76208
0.72111
0.77804
0.7925
0.79799
0.82035
0.73621
0.90782
0.78343
0.77268
0.75683
0.877
0.78886
0.77983
0.75336
0.77625
0.7709
0.77268
0.86099
0.8414
0.76736
0.8531
0.77804
1.3366
0.76913
0.77983
0.70307
0.75162
0.8147
0.72946
0.80353
0.8531
1.3677
0.83946
1.6558
0.83176
0.87902
1.5488
4.1305
1.5996
0.84723
0.7145
0.77625
0.90573
1.0568
1.2706
1.1376
0.82035
0.82035
0.7379
0.92257
2.5763
1.1588
1.3092
0.78163
0.79433
0.69502
0.76736
0.75858
0.82035
0.73961
0.72778
0.74989
0.79799
0.79983
0.75683
0.76208
0.85507
0.8147
0.82414
0.88716
0.86298
0.80724
0.7656
0.71285
0.98628
0.9528
0.74817
0.75162
0.75509
0.78163
0.75858
0.78705
0.76384
0.87096
0.80168
0.74473
0.82035
0.7709
0.80538
0.93541
0.78163
0.82604
0.84918
0.86896
0.71285
0.81658
0.85114
0.85901
0.82035
0.76384
0.8091
0.79433
0.83176
0.96161
0.84333
0.79068
0.73621
0.72611
0.79433
0.77983
0.80538
0.77268
0.80353
0.75336
0.72946
0.72946
0.75162
0.77983
0.74131
0.81096
0.82035
0.72444
0.78524
1.074
0.71121
0.9594
0.90365
0.71614
0.72946
0.78524
0.79068
0.77268
0.73114
0.80538
1.0471
0.7379
0.75336
0.79068
0.7145
0.79068
0.8091
0.80724
0.7379
0.7379
0.78886
0.70958
0.73282
0.83176
0.82414
0.82035
0.76736
0.94842
0.78524
0.74473
0.8147
0.89125
0.80353
0.78163
0.79068
0.80724
0.88512
0.68865
0.79799
0.877
0.7656
0.83753
0.72277
0.7145
0.79799
0.75162
0.81846
0.81096
0.7656
0.76033
0.76913
0.74131
0.79799
0.7656
0.77804
0.72946
0.75509
0.79616
0.75162
0.73282
0.81283
0.73961
0.73451
0.98628
0.76208
0.73961
1.0691
0.78343
0.7709
1.099
1.0864
0.91201
1.0304
1.0209
1.5066
1.2647
1.5812
1.1455
1.2972
1.122
1.3709
0.85114
0.90991
1.094
0.75509
0.78163
1.0351
1.9454
0.877
1.1776
0.90782
0.79433
0.9594
1.3677
1.0399
0.77446
0.79983
0.85114
0.75683
0.80724
0.82224
0.80353
0.80538
0.7656
0.77804
0.79068
0.92683
0.75858
0.70795
0.81658
0.82414
0.75509
0.7925
0.75509
0.7656
0.74989
0.8147
0.7379
0.78163
0.82414
0.7925
0.73621
0.82035
0.78343
0.83176
0.8356
0.84723
0.79433
0.7656
0.80538
0.77804
0.81658
0.75509
0.85114
0.88716
0.96161
0.82035
0.78524
0.75162
0.87902
0.877
0.75858
0.87902
0.78705
0.78705
0.84528
1.1912
0.73282
0.77268
0.73961
0.73961
0.8147
1.0069
0.81283
0.83946
0.80168
0.80724
0.85704
0.74131
0.76033
0.86298
0.88512
0.87096
0.91201
0.79433
0.77983
0.76913
0.80168
0.79616
0.77983
0.84723
0.83368
0.81846
0.80538
0.78343
0.75683
0.90991
0.82794
0.82985
0.82414
0.85507
0.81096
0.73451
0.90157
0.85704
0.83176
0.82604
0.79068
0.93972
0.78886
0.87297
0.82224
0.84918
0.79068
0.8356
0.87498
0.75336
1.0447
0.86896
0.71121
0.77804
0.96383
0.81658
0.7379
0.78524
0.84723
0.80538
0.82794
0.83176
0.78886
0.75336
0.73114
1.5276
0.96161
1.0162
0.85901
0.89536
1.1194
1.8281
0.96605
1.7906
4.9091
3.2961
0.96605
1.2218
1.3183
1.4825
2.0137
0.78886
0.8147
0.94189
0.84528
0.88308
0.95719
0.82794
1.135
0.81283
0.78886
0.7379
0.87297
0.85901
0.86497
0.79433
0.80353
0.81283
0.87498
0.79433
0.81846
0.83176
0.84918
0.75858
0.81096
0.88105
0.78886
0.79983
0.88716
0.85704
0.74302
0.77625
0.89125
0.76033
0.83946
0.7709
0.83176
0.83946
0.80724
0.85704
0.87096
0.81283
0.88308
0.8892
0.88512
0.74473
0.85114
0.86696
0.73114
0.90365
0.83176
0.86696
0.84918
0.82224
0.73114
0.83176
0.76913
0.77268
0.76736
0.79068
0.78163
0.85114
0.81096
0.97275
0.76913
0.81658
0.87297
0.8091
0.84333
0.86497
0.74302
0.78524
0.80538
0.91622
0.93756
0.94189
0.78886
0.86099
0.73282
0.72611
0.7656
0.86896
0.79799
0.82604
0.7925
0.79433
0.84333
0.82604
0.75858
0.80724
0.78524
0.82794
0.82985
0.73282
0.82035
0.80724
0.8091
0.79433
0.82224
0.79068
0.78886
0.89536
0.85507
0.88308
0.84723
0.81096
0.79983
0.85507
0.88716
0.82224
0.79068
0.76208
0.80538
0.81846
0.74645
0.82224
0.83753
0.75336
0.8356
0.87096
0.91201
1.3397
1.0864
0.90573
0.79433
0.92897
1.219
0.94406
2.2491
0.75336
0.7709
1.0046
0.71121
0.74473
1.028
0.78705
0.80353
0.78163
0.81096
0.79616
0.76913
0.72111
0.73621
0.76033
0.77983
0.72611
0.85901
0.79068
0.77268
0.70307
0.75162
0.90573
0.79983
0.77983
0.78886
0.78886
0.85114
0.86497
0.79983
0.73114
0.85114
0.80168
0.78886
0.75336
0.8892
0.92897
0.78343
0.83753
0.79068
0.8147
0.80168
0.74989
0.7709
0.84918
0.80353
0.82414
0.81846
0.74302
0.79068
0.86298
0.75858
0.82604
0.78163
0.86696
0.83176
0.82604
0.77625
0.8892
0.76913
0.8356
0.81283
0.81846
0.84528
0.76913
1.0209
0.88308
0.90991
0.83753
0.8414
0.72778
0.74473
0.82035
0.83753
0.74645
0.85704
0.79983
0.87498
0.7709
0.88308
0.86099
1.0399
0.88512
0.9977
0.92257
0.86896
1.7498
0.84723
1.7298
1.1967
0.93756
2.5586
1.3932
1.1482
0.79433
0.84918
1.1695
0.76913
0.8147
0.87096
0.79799
0.76033
0.76913
0.78705
0.86696
0.85114
0.79433
0.75509
0.73451
0.86696
0.88716
0.75858
0.87498
0.8091
0.74645
0.79068
0.79799
1.0641
0.88512
0.7379
0.7656
0.79616
0.84528
0.80538
0.80538
0.79983
0.82794
0.69663
0.85114
0.71285
0.77268
0.84723
0.80724
0.74989
0.76384
0.84333
0.79616
0.81846
0.81658
0.75683
0.85704
0.84528
0.80538
0.89743
0.79983
0.75509
0.78343
0.7925
0.83176
0.96383
0.75683
0.82604
0.91833
0.76384
1.0965
0.80168
0.77446
0.78343
0.77625
0.73282
0.82414
0.84333
1.028
0.75683
0.79616
0.71945
0.73114
0.81096
0.7925
0.8091
0.85114
0.7925
0.76736
0.74645
0.83946
0.80538
0.77268
0.72778
0.74817
0.75509
0.8414
0.74302
0.78705
0.96605
0.7145
0.75858
0.76913
0.73621
0.88105
0.77804
0.82604
0.7379
0.76208
0.74473
0.72277
0.75858
0.77983
0.7656
0.76208
0.82985
0.7709
0.78524
0.79983
0.9594
1.1169
1.0139
1.0351
1.4488
1.0351
0.94624
1.7458
0.88512
0.75336
0.75683
1.0351
0.83753
0.84918
0.72444
0.77983
0.80168
0.87902
0.8892
0.75162
0.75509
0.77804
0.81283
0.75509
0.79068
0.73961
0.86099
0.75509
0.77804
0.73621
0.78524
0.85507
0.81846
0.79799
0.87498
0.79799
0.83753
0.78163
0.85114
1.122
1.6144
0.89125
1.1117
2.4547
0.8531
0.84723
0.73621
0.82035
0.8147
0.83368
0.83176
0.91411
0.97724
0.86497
0.76913
0.76033
0.82794
0.79616
0.74473
0.8356
0.88716
1.194
1.0328
1.1722
1.3932
1.7298
1.3032
1.2735
0.96605
1.3646
1.2388
0.92897
1.2445
0.87297
0.76208
0.8356
1.3243
0.78705
0.82604
0.8091
1.1508
0.97499
0.87902
1.6032
2.1727
0.80168
0.71121
0.78524
0.77983
0.72946
0.71779
0.77268
0.82414
0.72277
0.75162
0.74131
0.74131
0.73282
0.82794
0.8147
0.78343
0.84723
0.78524
0.74131
0.84918
1.1588
0.83946
0.82414
0.77983
0.80538
0.77268
0.72778
0.71614
0.72444
0.80353
0.9247
0.76208
0.7709
0.82035
0.74645
0.77625
0.75683
0.76208
0.79616
0.77268
0.77268
0.74817
0.74473
0.76736
0.78343
0.74131
0.81846
0.75336
0.77804
0.75336
0.85114
0.7656
0.72444
0.79433
0.75858
0.76208
0.77804
0.70632
0.71945
0.8892
0.70307
0.71614
0.74131
0.79433
0.68707
0.83368
0.79068
0.86896
0.93756
0.81283
0.76033
0.72444
0.75683
1.0965
0.76208
0.72444
0.75162
0.70958
0.77983
0.78524
0.70469
0.82414
0.70958
0.74473
0.76913
0.77446
0.70307
0.73961
0.75336
0.73621
0.86896
0.78343
0.75336
0.80353
0.71779
0.73451
0.71614
0.86896
0.95719
0.74645
0.72778
1.0304
0.86099
0.71285
0.78343
0.76033
0.74131
0.82224
0.73282
0.73282
1.1803
0.86497
1.0471
0.97051
0.78343
1.7458
1.2647
2.0559
2.5882
1.0641
0.93541
1.1429
1.2331
1.9454
0.81283
0.82035
1.1776
0.7925
0.81846
0.74473
0.65766
0.74473
0.78343
0.72111
0.70146
0.72444
0.8147
0.80168
0.75858
0.7656
0.80538
0.72778
0.71945
0.76208
0.75683
0.78163
0.77983
0.83368
0.79799
0.73621
1.2503
0.85507
1.4028
1
1.5241
1.0765
0.74817
0.73961
0.73282
0.85704
0.76208
0.78343
0.78705
1.2445
0.79433
0.76736
0.74302
0.7656
0.81096
0.73621
0.74131
0.86497
0.88308
0.86696
0.81658
0.82414
1.1722
1.8621
1.4859
0.77268
0.78886
0.82794
0.71614
0.7709
0.78163
0.78705
0.70632
0.75509
0.74473
0.74989
0.84918
0.85901
0.70632
0.82224
1.1015
0.74473
1.1041
0.78343
0.71614
0.74131
0.73282
0.75509
0.77446
0.80724
0.71285
0.7656
0.78524
0.78886
0.78886
0.73621
0.69183
0.73451
0.74645
0.7709
0.90782
0.79983
0.75336
0.70795
0.74645
0.73114
0.72778
0.71945
0.74989
1.0814
0.79433
0.74645
0.76208
0.77268
0.82985
0.71779
0.77983
0.76033
0.76208
0.7656
0.79983
0.78163
0.70469
0.77625
0.77804
0.77983
0.79433
0.77983
0.8147
0.8356
0.74989
0.75509
0.82794
0.85901
0.8091
0.7656
0.86298
0.79983
0.71945
0.80538
0.8091
0.74989
0.78705
0.7709
0.68865
0.74645
0.76208
0.75683
0.80168
1.1858
0.7709
0.8147
0.76736
0.74645
0.8147
0.73451
0.74473
0.76913
0.75162
0.76208
0.75336
0.74989
0.74645
0.74645
0.74302
0.72111
0.73961
0.76913
0.75336
0.84918
0.89743
0.78343
0.7709
0.79068
0.76033
0.77804
0.70958
0.76208
0.95499
0.86298
1.1066
1.2134
1.8281
1.0093
0.84528
0.78524
0.8414
0.75509
0.81096
0.79983
0.82985
0.78343
0.7379
0.97499
0.7656
0.77446
0.75509
0.75336
0.74645
0.72111
0.74817
1.4555
0.98175
0.79983
1.1272
0.77983
0.75509
0.82985
0.86298
0.75858
0.82224
0.86099
0.90573
0.94624
0.85704
0.79068
0.88308
0.93972
0.86298
0.8147
0.8892
0.77446
0.78524
0.84528
0.86099
0.82794
0.79799
0.88105
0.79433
0.85704
0.877
0.93972
0.83946
0.82414
0.92045
1.1429
1.3552
0.8892
0.83753
0.81283
0.83368
0.85704
0.85114
0.80724
0.75336
0.89743
0.76208
0.77625
0.80353
0.73621
0.74302
0.78524
0.99083
0.78524
0.72778
0.86298
0.7656
0.84918
0.82985
1.0046
0.80724
0.87902
0.94189
0.77625
0.75683
0.80168
0.8147
0.78886
0.83753
0.75858
0.74473
0.85901
0.79068
0.76736
0.74817
0.75858
0.79983
1.0351
0.78343
0.90782
0.85901
0.77625
0.8356
0.80353
0.83946
0.79799
0.76736
0.83753
0.82035
0.72111
0.74473
0.79433
0.76208
0.96161
0.86099
0.85507
0.81096
0.82794
0.93972
0.75683
0.74817
0.75336
0.78163
0.7709
0.75858
0.85114
0.8892
0.70146
0.79616
0.74817
0.83368
0.8892
0.79799
1.0789
1.0209
0.77446
0.77625
1.2445
0.98175
1.0423
2.6062
1.4555
0.99083
1.0617
1.4355
1.2023
0.9247
1.1535
1.0375
0.93756
1.0839
2.1086
1.7179
1.0023
0.85114
0.85507
0.77268
0.87498
0.97949
0.84333
0.98175
0.79068
0.84528
0.87297
0.86497
0.73282
0.90782
0.8356
0.88105
0.83946
0.84723
0.79068
0.91201
0.82414
0.79799
0.77804
0.79616
0.8147
0.8356
0.8892
0.94842
1.0351
0.8356
0.85901
0.9594
0.82985
0.89331
0.78163
0.78705
0.7925
0.89536
0.97499
0.90991
0.87498
0.90157
0.91411
0.81096
0.76913
0.88716
0.99312
0.82604
0.8091
0.86696
1.0593
0.93756
0.94189
0.92683
0.88512
0.86099
0.90573
0.87498
0.88105
0.90365
0.85901
0.83368
0.90365
0.89536
0.80353
0.8091
0.99083
0.7379
0.96828
0.90157
0.83176
0.78343
0.8531
0.88716
0.8414
0.86896
0.83368
0.84723
0.82985
0.9594
0.86099
0.88512
1.1885
0.89331
1.1508
1.5596
0.877
0.85704
1.1066
0.84723
0.82035
0.80168
2.4434
0.77446
0.82794
1.099
1.183
0.77804
0.78163
0.82794
0.8531
0.81658
0.89743
0.80168
0.8531
0.8356
1.349
5.2481
2.6546
1.1194
1.5596
1.3677
1.2735
1.2359
2.8774
0.82604
0.8995
0.86298
0.8147
0.85507
0.86896
0.8414
0.9247
0.93541
0.90157
0.82604
0.87096
0.89331
0.84723
0.93972
0.81846
0.81096
0.79983
0.86696
0.88512
0.88105
0.98175
0.83946
0.8531
0.98175
0.83176
0.92897
0.89125
1.0209
1.0023
0.91622
1.0839
0.93756
1.2706
1.8967
0.9528
0.72778
0.93325
0.93756
0.78705
0.8147
0.86099
0.88105
0.88308
0.78163
0.82985
0.80168
0.79433
0.88105
0.93756
0.86896
0.77268
0.98175
0.76384
0.80353
0.85507
0.8147
1.2388
0.96828
0.78886
0.85114
0.75162
0.90365
0.74473
0.8356
0.81658
0.82414
0.86497
0.76913
0.80168
0.85507
0.79068
0.8892
0.8091
0.91622
0.81658
0.89536
0.89125
0.78886
0.8147
0.94842
0.81283
0.86497
0.83753
0.8091
0.72778
0.73451
0.88105
0.80724
0.77983
0.90365
0.72611
0.7925
0.86099
0.8356
1.0495
0.81283
1.0568
0.79799
0.90991
0.7925
0.88105
0.82985
0.77983
0.79068
0.78343
0.79068
0.79799
0.82224
0.76384
0.75336
0.84528
0.75336
0.9594
0.96828
0.81096
0.8091
0.85901
0.75509
0.78163
0.89331
0.83176
0.92683
0.8892
0.84723
0.9506
0.96828
0.87498
0.95499
0.87297
0.82985
0.93756
0.82414
0.82414
0.84333
0.96161
0.84723
0.79799
0.8091
0.74131
0.89331
0.92257
2.0606
0.87297
0.82224
0.82224
0.94189
0.81846
0.82604
0.93111
0.75336
0.90157
0.87902
0.93756
0.94842
0.82224
0.79616
0.79799
0.83176
0.86298
0.82035
0.8892
1.2331
0.9506
0.85114
0.85901
0.75858
0.8091
0.8091
0.78163
0.80724
0.89743
0.86896
0.82985
0.7656
0.82414
0.82035
0.80168
0.7925
0.77804
0.95499
0.74989
0.75509
0.99083
0.74645
0.88105
0.88308
0.73451
0.86497
0.8147
0.79799
0.84528
0.94406
0.86099
0.77446
0.81846
1.1092
0.7656
0.88512
0.77804
0.82224
0.97949
0.89536
0.85901
1.9187
1.0471
1.5241
0.94189
1.2474
0.98401
0.8995
1.3366
0.74645
0.82224
0.72778
0.83176
0.7379
0.82985
0.75683
0.72111
0.82985
1.3804
1.0447
1.1143
1.0139
1.5205
1.5382
1.7378
0.80168
0.89125
0.73114
0.8147
0.74817
0.79799
0.88308
0.77983
0.76736
0.93111
0.82035
0.85114
0.81096
0.78705
0.90365
0.79433
0.87096
0.82414
0.77625
0.76208
0.79616
0.74131
0.8414
0.91411
0.80353
0.82794
0.78886
0.80538
0.75336
0.82224
0.75858
1.0375
0.84918
0.74989
0.82224
0.80538
0.79983
0.79799
0.78163
0.84528
0.74131
0.74473
0.97051
0.78886
0.77983
0.79799
0.82224
0.76033
0.85901
0.88308
0.77446
0.71614
0.79799
0.83753
0.78886
0.84333
0.74473
0.7925
0.88512
0.79068
0.81658
0.83176
0.80168
0.72444
0.7656
0.7656
0.79616
1.1561
0.8091
0.75162
1.2303
0.93325
0.76913
0.75336
0.96605
0.89331
0.8892
0.78163
0.8356
0.83753
0.83946
0.92897
0.90782
0.87096
0.86497
1.0889
1.4962
1.4588
0.77804
0.77268
1.3002
0.877
1.0186
1.0186
1.1482
1.0375
0.90573
1.0093
1.2972
1.052
2.1627
2.4604
2.6424
1.9498
0.85704
0.79983
0.83176
0.73114
0.77804
0.85704
0.76384
0.8414
0.84528
0.90991
0.80724
0.77446
0.83176
0.83176
0.77983
0.78886
0.85507
0.80168
0.77983
0.75509
0.76736
0.85901
0.90991
0.77625
0.77983
0.86099
0.82414
0.88716
0.82604
0.87902
0.86497
0.85704
0.81096
0.79068
0.75336
0.80353
0.71779
0.78886
0.82794
0.90157
0.81846
0.82414
1.9543
1.0471
1.0593
1.3552
1.3305
1.219
1.1015
1.0965
1.0889
1.845
1.4223
0.8531
0.8531
1.7418
0.94189
0.87902
0.85704
0.85507
0.94624
0.80353
0.90573
0.74645
0.78886
0.85901
0.73961
0.8091
0.7925
0.77268
0.9528
0.75162
0.79433
0.83176
0.79799
0.82035
0.7656
0.72277
1.1803
0.73621
0.85901
0.82985
0.82035
0.76736
0.7656
0.73621
0.93541
0.77983
0.83946
0.75509
0.79433
0.77983
0.73451
0.93972
0.79983
0.81283
0.81283
0.8147
0.9977
0.8892
0.93325
0.94189
0.82414
0.8147
0.8091
1.0839
0.77446
1.135
1.4791
1.7701
0.79433
0.94406
0.85704
1.349
0.8356
0.83753
0.82604
0.80353
0.76913
0.77625
0.84918
0.80724
0.85901
1.0568
1.652
2.2439
0.83368
0.87498
0.88308
0.76736
0.76033
0.84333
0.80538
0.91622
0.82224
0.77446
0.92045
0.72946
0.82035
0.79983
0.8892
0.78705
0.77625
0.85704
0.83946
0.77804
0.8414
0.82604
0.77625
0.78886
0.77446
0.74131
0.70469
0.78343
0.86696
0.79799
0.81658
0.80168
0.7379
0.82414
0.75336
0.74817
0.82414
0.83946
0.8147
0.7925
0.80168
0.74989
1.3964
0.85114
0.7709
0.73282
0.74473
0.83176
0.84333
0.79799
0.76913
0.7709
1.0568
0.77268
0.82224
0.84333
0.80724
0.76033
0.76033
0.82985
0.82035
0.80353
0.80538
0.88105
1.1324
0.81846
0.76736
0.77268
0.93541
0.78343
0.74989
0.76736
0.73451
0.7145
0.77625
1.099
1.0789
0.88105
0.88512
0.89331
1.0375
0.92683
0.8995
1.194
1.2912
1.3459
2.9717
2.0749
1.3335
0.73621
0.70958
0.84528
0.73282
0.85507
0.77625
0.74989
0.73451
0.75683
0.70307
0.82985
0.76913
0.80538
0.74131
0.70146
0.84918
0.76736
0.79616
0.79433
0.76384
0.8091
0.7709
0.84333
0.83753
0.83368
1.3305
1.1885
3.0409
0.92897
1.5276
1.0641
0.98628
0.97275
1.3122
1.2246
1.6634
0.8091
1.0139
0.85704
1.7338
0.79068
0.8995
0.74817
2.2803
1.0839
0.9977
0.99312
0.97499
1.1858
1.1041
0.98401
1.1695
0.90573
1.2359
0.75162
0.73961
0.84528
1.1668
0.77625
0.72611
0.82035
0.75162
1.1455
2.0606
1.1482
0.75336
0.8091
0.73961
0.79068
1.0046
0.76913
0.91622
0.69343
0.90365
0.79068
0.7379
0.82035
0.80353
0.83176
0.74473
0.81096
0.73114
0.82985
0.76384
0.79983
0.76384
0.83368
0.78886
0.77446
0.85507
0.9247
0.80353
0.85901
0.76033
0.83946
0.77804
0.90365
0.76384
0.82414
0.78163
0.80168
0.72778
0.73451
0.78524
0.76033
0.82035
0.74989
0.76384
0.75509
0.72444
1.4454
0.72946
1.0023
0.72778
1.2823
1.4388
1.3836
1.6032
0.7925
0.79799
0.76913
0.8091
0.78343
0.86497
0.76384
0.7925
0.80353
0.81096
0.76033
0.7709
1.5596
0.67298
0.83176
0.75162
0.7925
0.80538
0.74645
0.74131
0.8356
0.88308
0.89536
0.90157
0.77446
0.89536
0.82414
0.93325
1.3428
1.3459
1.5205
0.91411
0.78524
0.79068
0.86497
0.86896
1.1749
0.77446
0.79799
0.87902
0.81283
0.79799
0.81846
1.4093
0.77804
0.87297
0.80724
0.8531
0.77804
1.0765
0.79799
0.76736
0.83946
0.76913
1.0257
0.74645
0.7709
0.79799
0.7379
0.70632
0.72946
0.75336
0.82035
0.8531
0.80538
0.73282
0.77446
0.70958
0.81846
0.82604
0.89743
0.79433
0.84333
0.74817
0.78163
0.8892
1.1749
0.8531
0.74131
0.81283
0.73961
0.69823
0.8892
0.72946
1.0186
0.75683
0.77446
1.1858
0.80168
0.85704
1.028
0.84333
0.76913
1.7378
0.93972
1.4997
2.138
0.77446
0.73114
0.74473
0.76208
0.81846
0.78886
0.79433
0.76913
0.77983
0.80724
0.7925
0.76736
1.0617
0.74989
0.72611
0.73451
0.88308
0.82985
0.74817
1.2078
1.2764
3.1333
0.9594
0.877
1.4158
1.1776
1.052
1.0162
1.4622
1.0839
1.0495
1.2106
1.1402
2.8249
1.4488
5.7016
1.3709
0.74989
0.74817
0.7379
0.76033
0.76033
0.78163
0.81096
0.71779
1.7458
0.88308
0.78524
0.82035
0.78705
0.78886
0.82035
0.82604
0.95499
2.133
1.5959
0.97275
0.73451
0.73961
0.68234
1.3772
0.75162
0.70632
0.77625
0.75683
0.877
0.84918
0.89743
0.78524
0.82985
0.76736
0.78524
0.82604
0.80538
0.76033
0.75162
1.2274
0.88105
0.98855
1.0186
0.93111
0.8995
0.85704
0.8356
2.0989
1.2106
1.1272
1.256
1.5066
0.7925
0.81658
0.72611
0.75858
0.77804
0.86099
0.80538
0.76384
0.77268
0.73451
0.82414
0.84333
0.75509
0.82794
0.81658
0.73621
0.73961
0.8147
0.88308
0.8147
0.7379
0.76384
0.77446
0.7925
0.74473
0.82985
0.82794
0.8414
0.81096
0.73282
0.72611
0.74989
0.77446
0.77268
0.80353
0.81283
0.73961
0.75336
0.77804
0.85114
0.79433
0.81283
0.81096
0.76736
0.83176
0.8356
0.73621
0.74989
0.79433
0.76913
0.81096
0.79068
0.86497
0.80538
1.0257
0.80538
0.73961
0.78163
0.76736
0.80353
0.93325
0.73961
0.81846
0.74989
0.71779
0.8147
0.75162
0.74473
0.73282
0.74817
0.82035
0.73961
0.77446
0.70632
0.73282
0.77268
0.78705
0.7379
0.71945
0.75336
0.79616
0.79068
0.81846
0.74817
0.78705
0.7656
0.72277
0.74817
0.7709
0.73961
0.71285
0.74131
0.71121
0.72277
0.75509
0.72611
0.76384
0.77804
0.83368
0.77625
0.9247
0.75509
0.90157
0.9247
0.86696
0.90573
0.89743
0.84723
0.91622
0.88105
1.1455
1.7947
0.88512
1.5171
1.5996
0.83753
0.85704
0.79799
0.79616
0.78163
0.75858
0.74645
0.86696
0.92045
0.75162
0.73282
1.4555
0.82604
0.78343
0.71614
0.78163
0.76208
0.74817
0.78886
0.8995
0.77446
0.79799
0.81658
0.78524
0.87096
0.83946
0.7925
0.74302
0.78886
0.76736
0.76033
1.0093
0.75336
0.82604
0.78524
0.73961
0.82035
0.73961
0.70307
0.73961
0.72778
0.69823
0.70958
0.77625
1.1117
1.2618
0.94406
0.96828
3.6813
1.7783
0.98855
2.1677
2.6182
1.0304
1.1695
0.84723
0.88105
0.82604
1.1561
0.8356
0.89125
0.8147
0.93756
0.94406
0.84723
0.94189
0.80538
0.89743
0.87297
0.83753
0.89125
0.74473
0.80724
0.78886
0.91201
1.1092
0.80724
0.87297
1.3274
1.256
1.1194
0.93756
0.81096
1.0399
1.5171
0.82985
0.77268
0.90157
0.90782
0.85704
1.0789
0.85507
0.90991
0.79983
0.877
0.88105
0.91411
1.0046
0.75336
0.89536
0.90157
0.8531
0.97051
0.91622
0.93756
0.79983
0.90991
0.72277
0.99312
1.9953
1.4757
0.79799
0.97499
0.77804
0.72778
0.86099
0.77446
0.82224
0.87498
1.4894
0.94189
0.77625
0.87902
0.90365
0.79068
0.76736
0.85901
0.97051
0.86696
0.93111
0.82035
0.76384
0.76208
0.88308
0.8892
0.83946
0.92683
0.99312
0.83946
0.90365
0.9506
0.877
0.8356
1.0304
0.82414
0.81283
0.75336
0.79433
0.82414
0.88716
0.83946
0.78524
0.8356
0.92257
0.82604
0.79983
0.92045
0.83368
0.84528
0.86896
0.82794
0.89331
0.9506
1.3868
0.86696
0.92683
0.88308
0.88308
0.91833
0.84528
0.90573
0.97275
0.86497
0.8091
0.86696
1.1668
0.8995
0.86497
0.94189
0.77804
0.80724
0.81846
0.87902
0.82985
0.75336
0.78163
0.77446
1.0139
0.87096
0.91622
0.79983
0.8356
1.0351
0.78163
0.7709
0.8414
0.84528
0.79068
0.92897
0.88308
0.81658
1.3996
1.4028
0.78886
0.93325
0.91411
0.90365
0.73961
1.0023
0.9594
1.1092
1
1.2823
1.0617
1.2942
0.99541
1.8621
1.4894
0.74302
0.83176
0.80724
0.78705
0.81096
0.87096
0.79616
0.78886
0.80538
0.72277
0.83368
0.85114
0.89125
0.73961
0.81283
0.79983
0.85901
0.7709
0.84723
0.78163
0.96383
0.80168
0.73621
1.4388
1.1429
1.4028
1.2735
3.581
3.1915
1.2589
1.1169
1.0399
1.6444
2.4774
1.556
2.5527
0.81846
0.75162
0.88105
0.8147
0.72111
0.99312
0.7709
0.75162
0.78886
0.87498
0.83368
0.87297
0.82414
0.81283
0.8531
0.90365
0.81283
0.79068
0.83946
0.74817
0.7709
0.76208
0.97949
0.85114
0.75336
0.82985
0.78343
0.79799
0.7925
0.92897
0.9506
0.93325
0.95499
0.88716
1.1169
0.96828
2.3067
3.0269
0.7925
1.0162
0.90157
1.0965
0.77625
0.8531
0.79068
0.8356
0.8531
0.77446
0.78705
0.90782
0.76913
0.94189
0.78163
0.81096
0.82414
0.8414
0.80538
0.75162
0.75162
0.88716
0.877
0.94406
0.75683
0.72946
0.82224
1.052
1.7742
0.87902
0.87297
0.82985
0.82794
0.77625
0.89743
0.86497
1.0046
1.0069
0.82985
0.99312
0.76736
0.84723
0.78524
0.87096
0.83176
0.78886
0.83753
0.84723
0.78705
0.95499
0.78524
0.86696
0.74131
0.86497
0.70632
0.79983
0.84528
0.84723
0.75336
0.77268
0.78163
0.84723
0.87902
0.77983
0.80353
0.86696
0.75858
0.86896
0.79799
0.8147
0.88105
0.89536
0.89331
0.79616
0.89536
1.2972
1.2912
0.84918
0.91622
0.90157
1
0.93111
0.90573
0.88716
0.90991
0.99083
1.205
1.3521
2.037
1.0765
0.77446
1.2647
1.7906
1.1429
1.2474
1.1455
1.3122
1.074
1.7742
0.9594
1.3183
3.3963
2.7542
2.3281
1.2134
1.0069
3.5481
0.78886
0.81846
0.7709
0.8414
0.86298
1.0889
0.79983
0.8531
0.89125
2.2131
1.2735
0.7709
0.75683
0.82414
0.78163
0.79068
0.75336
0.77625
0.76913
0.80168
0.89536
0.73621
0.76384
0.86099
0.78163
0.72778
0.77983
1.7378
1.205
1.0593
1.1803
1.2882
1.4454
1.4322
1.3002
2.6546
2.6546
0.74473
0.81096
12.05
2.2594
2.1528
0.78163
0.90157
0.8995
0.82794
0.96383
0.79983
0.86696
0.88716
0.76384
0.83176
0.7709
0.77804
0.82604
0.74817
0.83753
0.91411
0.77446
1.7378
1.6482
0.91201
0.81096
1.9907
6.3826
10.471
13.521
18.239
9.3972
7.9799
6.5917
12.246
9.8401
5.2119
2.799
4.8641
12.589
12.823
10.328
16.218
14.588
9.7949
8.4333
6.8707
19.634
13.836
14.322
11.066
19.543
6.4714
6.6681
13.122
13.9
11.246
12.05
12.942
4.256
6.8234
15.922
11.324
10.116
9.1201
12.56
16.144
11.995
12.359
3.6728
0.80353
0.74817
0.87902
0.78886
0.75683
2.9717
1.7579
3.6475
5.035
1.0046
9.4624
10.789
14.928
17.66
6.9502
4.4978
1.8155
4.6345
19.231
8.8512
0.74302
0.81096
0.8531
0.78343
1.0691
0.89536
0.8356
0.88105
1.219
0.77268
4.7973
0.81846
0.82224
0.7656
0.81846
0.77446
0.79068
0.79616
0.72611
0.79068
0.78886
0.77804
0.91833
0.82604
0.77268
0.86896
0.80724
0.76208
0.7925
0.90157
0.86099
0.71779
1.0399
0.74989
0.79433
0.70307
0.79616
0.81283
0.78705
0.72946
0.78524
0.75336
0.76736
0.77625
0.72444
0.77268
0.75162
0.9247
1.0023
0.72611
0.88512
0.82224
0.78705
0.80353
0.82414
0.78524
0.91411
0.83946
0.78524
0.79616
0.69024
0.81283
0.8147
0.78343
0.75336
0.8147
0.71945
1.0715
0.8091
0.79983
0.79616
0.72444
0.80538
0.79433
0.7709
0.74645
0.76913
0.77268
0.74302
1.2735
1.0447
1.099
1.0471
0.88512
1.1482
1.219
6.7453
1.4757
9.528
14.791
18.197
11.94
1.1015
5.5976
10.495
0.96828
0.87297
1.3583
3.0974
1.0351
1.5311
0.97724
8.1283
0.8356
2.5293
4.4566
8.147
6.166
0.83753
0.82604
6.0256
0.80353
0.85507
0.86099
0.74473
0.76033
0.98175
0.86896
0.91622
0.75683
0.82794
1
0.90573
0.8356
0.86497
0.85704
0.90365
0.87902
0.7925
0.86099
0.81283
0.93541
0.89331
0.95719
1.1912
1.0715
0.88105
1.0023
0.81096
0.83946
0.95499
3.8726
0.80353
0.80353
6.2087
16.943
19.32
15.171
1.9679
2.8119
7.6208
1.8535
1.4028
1.1912
4.0926
1.1695
1.074
1.0375
4.9204
1.1722
1.3122
1.2589
1.8155
2.5527
1.0471
1.194
1.7338
1.7947
8.0168
1.5631
2.7164
0.83176
0.81283
0.95719
0.81096
0.80724
0.76033
10.965
7.2111
8.9536
15.922
21.232
15.524
9.7724
12.647
0.76384
1.1776
12.474
10
10.641
11.376
14.962
2.7733
11.695
13.868
10.568
5.5976
0.94189
0.70469
0.76384
5.3333
11.041
11.508
3.2063
6.8707
4.8641
15.241
18.836
11.858
15.241
9.528
13.772
12.794
13.772
13.932
26.002
12.162
11.803
11.641
18.793
16.144
17.1
4.5082
2.8119
7.3961
1.7338
0.75509
3.2359
2.9107
2.7606
0.72778
5.8884
10.914
13.836
18.621
14.223
12.19
13.152
8.5507
12.589
1.4689
1.3646
0.86298
0.8356
0.78705
0.87297
0.77446
0.79799
0.78524
0.82224
2.5468
9.3111
2.1928
4.6881
0.70632
0.70307
0.72611
0.76208
4.102
0.76033
0.87498
0.82414
0.75509
0.73451
0.7379
0.87096
1.0423
1.7947
0.97499
0.84918
1.0209
5.5463
0.7709
0.77804
0.8995
0.85901
2.4322
1.7378
4.9091
1.2972
1.1402
1.6711
1.2417
4.2267
5.821
2.1727
0.96605
1.1324
9.1411
8.77
16.106
16.406
