1.1912
2.2284
2.0606
3.2734
4.0365
5.1404
1.1858
6.8391
2.5704
2.8379
10.304
13.092
11.776
1.6634
9.3756
16.943
9.594
2.1979
13.868
2.6669
10.715
13.243
1
1.7219
3.7154
13.709
11.535
12.023
1.5382
13.772
11.803
7.7983
4.0738
1.205
5.6234
21.38
11.376
9.6383
10.99
9.6605
2.8379
1.9231
11.912
10.617
2.3281
5.9293
11.194
11.561
7.7268
8.3176
13.152
12.882
10.789
2.729
1.3213
1.652
9.1201
15.849
14.223
2.4155
4.102
6.3533
9.977
10.471
9.6383
9.2683
3.9174
9.1411
9.0573
2.6122
0.9247
0.83753
3.5975
10.94
11.885
10.023
9.7051
13.521
9.9312
12.19
9.528
5.1286
0.74989
8.7297
12.388
11.015
0.96161
12.794
11.35
7.0958
6.5464
4.7863
1.8707
2.208
9.3111
10.74
0.81846
2.1677
7.2946
11.668
10.864
11.508
10.162
11.092
11.429
8.2035
9.7949
12.106
13.646
6.9663
12.474
6.7453
0.79983
1.9679
13.092
15.066
13.521
6.2806
0.97051
11.749
10.116
8.7297
7.3114
13.74
6.7608
1.7783
1.8836
8.995
10.765
10.914
1.0116
1.3677
13.964
9.7275
11.588
13.335
1.1995
0.76913
0.80538
0.7925
9.6605
11.803
7.4473
1.0568
2.0701
7.4817
8.77
11.015
11.117
9.3972
11.83
11.35
7.5336
9.6605
11.35
12.388
9.8401
0.71779
1.6866
3.8905
5.224
1.0715
1.1376
1.1885
9.1411
1.3552
10.965
12.134
12.331
12.735
11.22
8.2985
11.169
0.85901
8.0353
9.6605
5.9566
10.814
10.839
10.351
10.046
2.1727
4.592
0.93111
10.814
1.0765
6.9502
1.6293
13.836
12.05
11.143
11.722
4.0738
7.4302
11.194
11.376
14.06
12.882
10.715
1.9143
10.304
5.358
10.28
12.134
11.858
9.7051
8.2224
10.209
12.503
1.0889
1.932
8.7498
4.7534
9.2257
3.155
13.305
11.885
11.749
10.889
10.617
11.858
11.695
9.5499
8.995
3.8019
9.8401
13.428
10.691
10.52
9.247
8.0168
2.8314
0.84918
9.8401
8.6099
3.5075
8.7096
5.3827
5.9704
11.246
1.1455
3.7068
1.9275
2.3605
1.2677
11.194
13.868
9.0782
6.5464
11.668
11.749
8.531
6.4863
9.5499
1.6982
11.482
11.117
11.641
11.94
1.5031
1.7579
11.041
11.324
10.351
10.839
10.544
10.544
11.668
12.942
10.447
1.0257
3.2659
1.1995
3.4514
4.256
12.764
14.223
9.8175
11.272
8.5901
10.046
12.078
11.22
9.7275
9.6161
9.4624
13.062
1.0046
0.97949
3.062
10.233
12.331
11.092
9.8401
10.641
10.471
1.8621
5.236
8.2604
12.764
12.706
15.56
9.528
10.889
4.7643
10.641
11.324
10.789
12.162
11.324
10
1.4588
7.1285
0.97949
1.1885
2.1184
1.1641
1.1169
9.9312
12.078
11.858
10.116
10.116
9.506
1.2445
8.091
8.5901
12.56
10.765
11.402
5.4828
8.8716
9.3756
2.1232
3.7239
1.5101
3.6898
1.3032
4.3152
9.8401
14.06
11.429
11.561
10.691
10.471
1.8578
10.471
11.455
11.117
11.668
3.6141
9.5719
11.912
12.677
12.417
7.8705
2.6363
2.0045
5.6494
10.617
11.94
9.9083
11.482
11.143
7.379
1.4125
7.3621
11.749
1.5488
2.8642
3.7757
3.7239
2.8708
3.1477
0.81846
1.0641
14.555
11.508
12.078
12.359
9.2045
1.2853
9.1833
11.561
10.864
11.695
11.614
11.092
12.05
13.152
12.853
12.359
11.885
10.789
11.885
5.4828
1.1535
9.8401
8.5901
1.7179
2.3605
9.2683
11.668
9.3972
8.5704
11.272
2.5645
1.6368
2.3281
1.9187
4.7098
10.069
11.535
12.445
10.864
5.5335
10.568
11.858
12.618
12.162
4.3652
7.8343
11.722
10.28
0.90991
5.8076
10.375
9.9541
1.2078
1.1995
2.4378
3.1769
11.776
11.885
11.015
11.194
9.0573
3.6898
2.208
0.98855
9.6605
9.7724
11.376
12.134
12.445
9.2683
10.715
0.89743
0.89331
0.90782
0.877
3.581
6.0814
11.535
14.191
8.8716
9.2045
1.5276
0.87498
5.2481
0.91833
4.8641
1.7498
1.5031
1.6255
1.5885
7.0307
13.964
10.814
12.417
11.35
7.6208
14.622
2.0277
2.2131
5.8479
0.77625
12.972
11.015
13.74
10.28
10.814
10.257
1.0116
14.093
13.9
11.066
13.614
11.803
5.3456
11.967
13.9
10.399
12.589
18.239
11.455
8.892
9.7275
12.023
12.474
12.078
1.0209
1.0069
1.3213
4.9774
3.5975
0.8531
6.7143
11.298
11.749
10.116
13.305
12.359
8.4528
0.8091
0.90991
6.9183
5.8076
10.814
12.503
11.83
9.4189
12.823
13.459
12.677
9.594
9.0573
13.804
13.243
11.246
6.6222
2.2699
13.804
13.002
12.56
10.52
10.666
11.015
9.8401
9.2683
11.858
11.376
13.002
12.735
5.1404
16.032
12.388
12.05
13.583
13.032
9.3541
11.376
13.335
8.5704
11.722
0.88308
4.121
10.162
13.397
11.995
10.889
14.655
12.531
3.3113
1.2531
0.92045
0.82985
0.89743
1.8493
1.0423
16.331
16.293
12.359
11.912
12.794
11.455
11.776
12.246
11.561
11.749
13.183
12.56
14.454
13.243
10.233
10.28
5.5976
10.162
10.914
2.138
2.1979
1.8408
2.2387
1.2417
2.5061
0.8892
4.1115
0.76384
2.8445
0.82224
1.6106
1.5205
7.0632
11.858
9.3972
9.2683
9.9312
11.143
11.722
11.066
10.447
9.1833
10.914
11.722
11.858
10.162
11.455
12.531
10.617
12.162
12.134
11.995
10.209
11.749
12.331
12.56
13.836
13.213
14.454
12.853
14.388
11.092
13.002
7.4131
11.722
11.561
13.614
13.552
11.588
10.233
11.749
14.421
11.94
13.932
13.122
10.447
14.125
9.8628
10.423
12.162
13.964
11.535
12.023
16.444
10.765
12.359
12.706
11.508
9.506
0.877
5.4325
1.2023
1.3366
1.5101
1.122
1.5631
1.3002
9.3756
13.122
11.561
11.35
13.49
9.6605
12.023
11.695
12.882
11.776
12.794
0.82604
0.90365
0.7925
3.0339
13.366
13.335
11.588
10.069
10.093
11.117
12.56
10.162
14.256
12.162
14.521
1.0789
2.3067
1.183
1.1402
13.614
15.922
13.428
11.641
8.2035
12.331
15.74
12.823
12.647
11.776
2.7606
1.0471
10.765
14.06
13.122
13.335
11.455
9.6828
0.9977
9.1833
9.7051
0.98401
10.914
12.794
8.5507
5.6105
3.3574
11.912
14.289
13.002
15.205
13.868
12.303
12.647
9.0157
0.98628
0.90991
2.1878
8.2604
11.749
16.181
12.912
11.092
12.246
13.366
13.552
11.561
13.213
14.421
10.52
13.122
11.967
14.588
14.894
13.092
11.561
13.964
13.274
10.99
9.5499
8.3176
12.134
14.028
10.889
12.503
12.647
7.8343
10.666
4.6452
11.776
13.397
12.246
9.2897
8.2985
0.93111
1.39
0.86696
1.845
1.5704
4.4566
0.92897
1.6331
2.0893
12.794
15.066
14.028
14.191
12.823
13.964
14.322
10.423
8.6497
13.092
14.158
16.827
11.588
1.7458
0.88512
2.4044
7.2111
15.417
16.368
15.171
13.459
11.324
9.9541
0.98401
0.93756
1.7378
4.0926
16.255
13.152
13.305
16.749
15.066
14.825
13.9
13.152
14.289
13.646
0.97051
5.0119
0.86298
10.544
15.205
12.246
12.972
1.4454
0.90573
4.3853
11.561
15.031
12.388
8.1096
5.6105
1.0257
9.3325
3.4914
12.388
14.454
17.1
13.032
10.52
3.8905
9.4624
15.524
11.912
10.209
12.19
14.928
8.2224
11.169
10.814
12.023
13.002
4.9659
0.98401
1.0814
1.4488
0.91622
0.97949
1.5668
9.8175
13.868
12.503
12.246
12.503
13.836
15.488
10.233
12.853
16.711
11.588
10.544
1.3868
0.91411
2.8708
1.0162
2.466
3.2359
0.92045
1.9724
12.647
13.49
11.995
14.421
2.7542
0.78705
11.35
13.709
10.471
14.355
14.791
14.791
13.521
13.772
17.458
13.74
13.274
13.062
11.015
14.655
9.528
4.6559
6.223
9.0573
11.376
10.889
13.583
13.152
10.965
15.382
9.9083
12.134
12.735
15.453
16.331
13.305
10.789
12.677
11.885
13.183
11.272
9.594
13.646
12.19
11.803
10.447
14.997
12.078
9.6828
9.4406
11.22
12.531
12.972
13.552
12.05
12.388
4.5604
7.2444
12.531
10
8.6696
14.388
14.689
12.388
0.9528
0.8892
0.83753
1.1455
3.1261
0.86896
0.87297
0.80538
0.80353
0.90573
0.85901
0.89331
2.8379
1.0864
0.8147
1.8408
0.94842
3.9537
2.6669
0.88105
2.1928
0.92897
2.8314
1.1455
1.0914
11.803
14.454
12.023
13.646
15.812
13.49
13.062
15.311
13.459
11.041
12.474
1.9409
13.521
2.3121
0.79433
0.91833
3.7757
4.3752
1.0814
1.0116
1.1272
1.3709
13.428
12.677
13.836
13.49
14.454
12.388
10.544
15.74
16.827
12.474
14.454
13.583
12.882
13.062
11.94
13.996
4.3853
4.2073
5.7943
13.521
13.032
16.904
13.868
16.749
15.776
7.6384
2.2751
11.912
12.823
11.482
13.996
11.588
10.186
3.6813
0.98855
4.0926
12.274
13.74
14.421
14.825
15.382
15.812
7.8524
1.0423
6.2373
5.3951
14.093
4.8306
4.3853
14.757
10.691
12.445
11.83
12.706
10.209
9.4189
8.2604
10.447
7.9433
10.617
11.324
15.101
10.069
10.162
10.495
13.428
12.023
13.868
13.397
11.402
7.7268
12.912
13.213
13.397
9.6605
9.8175
13.183
4.6881
9.3325
10.914
9.2257
12.218
8.9125
10.691
15.171
12.078
12.19
11.803
16.106
11.967
10.568
13.868
13.335
13.74
14.06
8.9331
12.677
13.092
12.942
12.706
8.7297
10.715
12.445
9.6161
8.147
1.1194
1.4588
7.5509
3.9811
1.2162
0.7709
1.2331
1.0471
9.2257
11.967
14.555
14.588
13.964
11.695
12.134
5.4576
1.8578
5.4954
3.6559
1.4488
1.122
2.4099
1.2618
1.0093
1.3243
1.39
1.2445
1.1015
1.5031
1.2972
1.1722
1.9231
6.2951
1.1324
1.5776
1.183
1.39
1.3152
1.1803
0.98628
0.97275
0.9528
2.0184
15.346
17.989
16.634
13.932
13.772
8.356
12.647
16.181
13.183
13.552
16.293
14.454
11.041
16.444
11.641
13.335
13.996
14.289
1.2794
12.218
11.041
14.962
9.6383
18.75
13.836
7.5683
9.4624
14.06
13.804
11.83
12.106
10.864
12.589
12.023
14.191
13.583
13.062
1.0328
5.902
13.397
12.942
11.776
11.803
8.147
6.3096
9.4624
10.765
13.521
0.83946
10.069
12.942
12.218
13.74
14.928
13.9
9.4189
1.8707
7.0307
3.9719
1.932
0.87297
0.99312
0.83176
1.3614
0.98628
1.6069
1.71
0.97499
2.8642
2.3878
0.75509
0.87498
0.82035
3.3037
13.459
16.069
10
13.428
19.588
15.205
13.772
7.709
13.032
12.246
16.904
14.488
15.885
10.399
14.655
11.561
14.028
1.1429
7.5336
1.3243
4.4055
14.256
15.776
10.789
11.508
14.06
8.6696
11.402
17.66
13.9
11.668
14.928
12.618
0.97499
5.8345
6.8865
16.255
12.474
13.9
14.223
13.996
13.397
14.791
12.274
14.322
11.722
15.346
11.324
12.445
16.144
16.293
12.078
16.827
0.86896
1.8072
1.0257
0.90157
0.8091
0.83753
1.5668
1.406
2.3933
0.93541
0.99541
1.9409
2.1777
13.243
17.947
13.122
16.255
12.05
11.641
10.046
10.617
10.023
13.032
13.583
14.322
13.964
9.4406
2.9309
1.2764
1.0544
1.0839
4.8306
12.882
11.722
11.298
14.894
11.94
14.997
15.74
12.274
0.88308
11.508
13.868
16.788
12.56
14.825
11.376
11.041
9.5499
9.9541
10.069
12.05
14.825
13.397
12.19
12.162
12.677
14.588
12.134
15.031
6.9183
4.5604
14.191
10.765
7.0958
2.7797
10.691
15.101
13.996
15.56
5.0933
1.0691
0.78343
1.1041
2.8642
9.247
12.162
13.646
13.521
12.912
12.417
11.912
10.375
13.521
1.766
6.7298
13.614
11.143
13.062
14.191
12.388
2.0797
3.6224
11.117
13.772
16.634
14.028
14.825
15.417
17.579
13.836
15.311
2.0654
5.42
13.772
14.223
14.757
15.031
15.56
14.488
9.9312
2.4831
0.84333
1.4158
0.83176
0.91201
0.75858
0.83753
0.99541
0.93111
6.3387
1.5101
11.117
14.06
14.997
15.959
12.417
0.82985
1.0093
9.6828
12.445
15.922
13.9
13.804
15.488
13.868
13.213
15.453
12.942
4.3853
12.19
13.397
13.428
11.324
10.544
11.535
14.388
10.423
12.417
1.1803
2.5235
8.1283
1.5488
1.052
1.2134
1.2942
1.0641
16.255
16.749
13.836
15.066
12.303
17.022
13.213
12.735
10.666
4.7534
12.274
5.5847
14.028
13.836
14.791
19.011
14.723
15.031
15.704
13.49
13.366
15.171
12.331
8.2604
14.791
0.90573
1.0789
10.641
12.388
1.1117
7.2277
12.972
13.804
12.794
9.6828
14.028
12.078
12.972
11.143
14.588
13.614
14.388
10.069
9.0991
8.5704
1.4388
2.1086
3.7844
0.87902
4.9431
1.0641
11.614
14.894
11.614
14.028
11.749
14.06
11.803
15.241
12.647
6.8549
11.967
15.311
11.641
10.162
11.35
0.86099
1.0304
1.5524
0.78524
0.73451
0.76384
0.71945
1.6406
1.2218
0.75162
2.958
1.6293
0.76736
1.4588
0.76736
1.6444
2.5586
1.2445
3.6559
16.596
15.849
12.503
18.493
17.458
12.56
10.023
6.6988
10
11.508
15.382
14.421
13.305
14.125
9.977
9.4406
1.4791
1.0666
4.7973
0.83946
0.84333
0.9528
0.73961
0.7925
0.77625
1.4256
0.7709
0.75336
0.77983
1.6331
0.73282
0.80538
0.79799
2.6242
5.0699
1.0023
1.3996
1.3213
1.1995
1.3646
1.7418
1.5171
1.3152
1.4825
2.9923
1.0544
0.93972
1.1722
1.1246
1.1117
1.1967
1.1402
0.9247
1.1561
1.0889
0.88105
0.89536
1.0447
1.0233
0.86896
1.0162
1.0965
1.1776
0.9528
0.82794
0.82604
1.2162
1.1535
1.1749
1.2531
3.1189
1.2942
1.0765
1.4555
2.1878
0.76208
0.90365
0.77804
0.74817
0.75162
1.0889
0.90365
1.052
0.9247
1.0839
0.98175
1.1508
1.0046
0.9977
1.0351
0.95499
0.84723
0.82604
0.93325
1.0093
0.96605
0.92683
0.98628
1.1588
0.94842
1.0447
1.1561
1.6982
0.95499
1.2677
11.246
12.589
14.757
16.032
16.52
14.757
12.882
24.717
15.74
16.482
17.219
17.298
15.101
16.558
14.962
13.152
11.695
11.885
16.904
13.932
13.122
18.197
13.868
15.74
14.928
2.1727
11.324
3.155
3.4914
1.0093
10.423
12.853
1.3366
4.1305
3.8459
1.9634
2.4266
4.9091
1.9409
2.2182
2.1627
8.4723
13.274
14.093
17.418
14.125
10.375
14.191
13.583
13.243
1.5417
15.276
17.989
14.588
15.031
17.783
16.144
15.631
2.6607
12.942
12.19
12.794
12.445
11.885
16.943
12.764
15.56
8.8716
11.22
14.125
15.171
16.943
13.552
15.74
12.417
13.397
11.695
12.445
11.194
11.722
9.7275
10.74
14.191
13.092
11.429
6.3096
12.445
14.521
14.859
12.106
11.35
10.351
10.046
12.823
12.106
6.9183
10.328
10.209
9.6383
11.041
10.423
8.0724
1.1561
1.0447
1.6069
5.4325
1.5136
0.9247
1.4388
1.39
2.9444
1.5417
3.8107
0.88716
1.1455
5.0699
2.5235
1.7579
0.7379
0.77446
0.8356
0.99312
0.76384
0.81283
0.74645
0.87902
1.4454
0.96605
0.98175
1.0023
1.1169
1.3772
1.2134
1.2162
1.6827
0.66069
0.69502
0.91622
1.3213
1.3122
0.87498
1.6827
0.7145
0.74645
0.71779
0.93111
0.70307
0.78524
0.96383
0.76736
0.80168
0.78343
0.73114
0.69024
0.66834
0.70795
0.76736
0.84528
0.69502
0.70795
0.74817
0.67143
0.74131
0.70469
0.72778
0.72111
0.71614
0.96828
0.74817
0.69343
0.92257
0.85114
0.73114
0.81846
0.78886
0.86099
1.0304
1.5776
2.5527
0.94189
0.88308
0.91622
0.90573
0.8531
0.82794
1.0617
0.96828
1.932
4.5186
2.8054
0.88308
0.80168
0.8531
1.9187
0.93541
1.7258
2.6546
1.3964
0.78163
1.0544
4.3053
11.749
13.646
16.827
14.622
9.8401
6.4565
0.70795
0.8147
0.9528
0.76033
0.9247
7.1779
0.93325
2.023
1.932
0.9594
1.1429
1.5631
7.0795
12.56
13.583
10.069
15.031
11.482
14.093
10
12.972
15.066
16.558
12.942
13.305
9.1201
0.90365
0.74645
6.5013
3.7325
2.7606
3.8815
0.7709
0.87297
1.0069
0.75858
0.82794
3.0549
1.1298
0.84723
4.8865
7.6384
11.272
13.677
14.454
13.122
16.181
13.122
14.488
15.56
13.996
11.912
3.6475
13.74
15.205
14.093
16.368
16.255
16.904
16.52
14.125
10.617
14.689
13.092
15.101
13.428
1.205
0.97275
0.89743
5.3827
3.0061
1.3521
1.39
0.877
1.099
1.1641
1.2359
2.1677
1.2912
0.93325
0.79799
0.8531
0.79068
0.7379
0.92257
0.82985
0.75858
0.79799
0.85507
0.88105
1.8197
1.888
2.4044
1.7378
2.133
1.803
9.1411
1.4928
0.877
0.97499
0.81096
0.77446
0.77804
0.77268
0.74473
0.81846
0.76913
0.77268
0.78886
1.0116
0.88105
0.78343
0.73451
0.7379
0.78163
0.76208
0.76208
0.79433
0.73621
0.74302
0.72778
0.76033
0.73114
0.72611
0.74989
0.80724
0.72111
0.84333
0.86298
0.78705
0.72778
0.74131
0.72946
0.71779
0.80538
0.83368
0.7379
0.74989
0.75162
0.69663
0.70632
0.74302
0.78886
0.77446
0.84333
0.96383
0.74645
0.74645
0.77804
0.7145
0.8147
0.79068
0.74131
0.72946
0.93541
0.77268
0.77625
0.7656
0.78343
0.85507
0.79433
0.75509
3.6058
1.0233
0.78705
0.88105
1.0351
0.9528
0.8531
0.97724
1.0765
0.9528
0.97499
0.85704
0.92897
0.91201
0.81846
0.98175
0.97051
1.0471
0.92045
0.98855
0.98855
0.90782
0.89536
0.93111
0.89743
0.96828
0.86298
0.87096
1.1143
1.1641
0.87902
1.0544
0.90157
0.92683
0.85704
0.81096
0.78343
1.3183
2.4547
2.1429
0.99083
0.72946
1.3092
0.77983
0.74817
0.82604
1.888
0.75162
0.7709
0.89536
0.98855
0.97499
1.0186
0.8147
1.094
1.0715
1.4588
1.1041
1.1776
2.3067
1.0328
0.89536
1.0162
1.0304
1
1.256
1.1324
0.85507
1.0257
0.877
1.0593
0.89536
1.1508
0.98401
0.83946
0.77446
0.90991
0.8356
0.82794
1.3335
0.76736
1.4894
1.0544
1.3583
1.2647
1.0209
0.8356
0.86696
1.1668
0.7925
0.77983
0.76208
1.2764
0.75683
0.77268
0.74302
1.2853
0.82414
0.7656
0.76033
0.77268
0.88105
0.78524
0.80538
0.83176
0.76384
0.7925
0.79799
0.8091
0.84528
0.87297
0.76736
0.75162
0.76913
0.7379
0.75858
0.82414
0.69984
1.0304
0.94624
0.8414
0.84723
0.83368
0.75509
0.81096
0.79433
0.73114
0.95499
0.8414
0.73451
0.82604
0.77446
0.76913
0.76384
0.78705
0.74302
0.97724
0.79068
0.7709
0.79799
0.86696
0.76736
0.79433
0.7709
0.83753
0.86497
0.82224
1.0691
0.95719
0.74817
0.77268
0.99312
0.99312
0.98628
0.97051
0.9247
0.75858
1.6596
0.83753
1.8535
0.89331
1.1324
0.87096
0.74817
0.9528
0.82794
0.90365
1.0666
1.6144
0.85704
1.2445
1.0093
0.92257
0.84528
1.1015
1.2764
3.0269
0.79068
0.79983
0.7656
0.83753
1.3804
0.86298
0.78163
0.75509
0.78163
0.81096
0.78705
0.7379
0.74302
0.88308
0.85901
0.71945
0.75336
0.76736
0.74989
0.75683
0.77804
0.79799
0.84528
0.72111
0.73621
0.73961
0.72611
0.76208
0.77446
0.78886
0.73961
0.79799
0.79068
0.75683
0.77268
0.72946
0.74989
0.7925
0.75162
0.86896
0.79799
0.89536
0.74989
0.69823
0.79433
0.72611
0.72611
0.74989
0.84918
0.72778
0.86896
0.73282
0.76033
0.75683
0.78886
0.73961
0.7379
0.72444
0.83368
0.97499
0.81096
0.70632
0.71779
0.74817
0.82985
0.7656
0.71285
0.74302
0.77804
0.72778
0.70146
0.80168
0.73282
0.72946
0.76913
0.71779
0.75858
0.75336
0.7656
0.75336
0.87096
0.72277
0.81846
0.69663
0.74989
0.88512
0.72277
0.75336
3.281
0.77625
0.8091
0.86896
0.82794
1.1376
0.93972
1.3521
1.0375
1.074
1.406
11.749
1.6255
1.9861
1.766
2.2491
2.7227
2.3714
0.73621
0.87498
0.82035
0.8356
0.72611
1.4521
0.86298
0.85704
1.0186
0.8356
0.90991
0.77446
0.8531
0.83753
0.76913
0.79799
0.78163
0.9506
0.7379
0.85114
0.76736
0.76033
0.80168
0.71945
0.79616
0.78343
0.8892
0.8356
0.74817
0.80538
0.77268
0.80538
0.77268
0.7925
0.877
0.81283
1.0162
0.76384
0.77983
0.70146
0.76913
0.75858
0.74989
0.80724
0.82414
0.78886
0.76384
0.8147
0.77625
0.74302
0.86497
0.77983
0.75683
0.80724
0.81096
0.8356
0.92683
0.79068
0.81658
0.81658
0.79433
0.83753
0.82985
1.2388
0.83176
0.83176
0.77446
0.81283
0.82794
0.71614
0.79433
0.81846
0.77268
0.7709
0.877
0.81846
0.79068
0.75336
0.80724
0.70795
0.90573
0.86497
0.8414
1.183
0.83946
0.77983
0.81846
0.78163
0.75683
0.77804
0.77625
0.80538
0.87498
0.77804
0.78163
0.93756
0.87096
0.78343
0.77804
0.88105
1.4223
0.92683
0.80168
0.80538
1.0139
0.9528
0.8356
0.99541
0.86896
1.1015
1.2474
1.3366
2.1184
0.88105
0.78524
0.80353
0.8531
0.82985
0.76033
0.88105
0.94406
0.77804
0.9528
0.85704
0.76736
0.82224
0.8091
0.78705
0.87096
0.8091
0.90157
0.79983
0.87297
0.79799
0.79616
0.79068
0.82794
0.84723
1.1194
0.78524
0.85901
0.86497
0.92045
0.877
0.85507
0.91201
0.8531
0.88512
0.9594
0.8531
0.96828
1.1614
0.87096
0.82985
0.8531
0.81096
0.87498
0.88105
0.72277
0.7656
0.88512
0.78886
0.79983
0.86696
0.88512
0.87902
0.87297
0.82604
0.81658
0.79433
0.77268
0.76208
0.85114
0.79799
0.90573
0.74473
0.81846
0.85901
0.78886
0.72946
0.81658
0.87096
0.7925
0.75162
1.0641
0.78163
0.81846
0.8091
0.75858
0.76384
0.83368
0.82414
0.89331
4.1115
1.0116
1.1324
0.87498
0.85114
0.90782
0.86896
0.98175
1.0641
1.1092
1.0162
1.2388
1.5311
1.6255
2.1184
0.8147
0.80353
0.8147
1.8836
0.8414
0.85704
0.83753
0.73114
0.84723
0.75683
0.72277
0.74817
0.82604
0.8414
0.7709
0.74817
0.76736
0.93325
0.72277
0.74473
0.79983
0.86497
0.80168
0.84723
0.82224
0.86497
0.7709
0.81283
0.80724
0.80168
0.90365
1.1015
0.72277
0.82604
0.79983
0.81283
0.76736
0.71779
0.76736
0.82604
0.76208
0.74989
0.73451
0.78886
0.72111
0.76913
0.80353
0.87498
0.82985
0.8531
0.80724
0.7145
0.78343
0.73621
0.74645
0.74817
0.81096
0.71285
0.92897
0.82414
0.84723
0.80538
0.76913
0.86099
0.79068
0.75683
0.8091
0.89125
0.74817
0.82604
0.80353
0.84528
0.77983
0.75509
0.84723
0.79068
1.0351
0.91622
0.76208
0.81096
0.81283
0.74989
0.80353
0.80538
0.85114
0.8356
0.74645
0.87297
0.78524
0.9247
0.80168
0.7709
0.77625
0.82035
0.99312
0.81096
0.86497
0.8414
0.7656
0.79799
0.85507
0.86497
0.77268
0.85704
0.80538
0.73451
0.8995
0.81096
0.75509
0.86298
0.77983
0.74817
0.81283
0.94189
0.7379
0.81096
0.77268
0.87096
0.74645
0.70958
0.76384
0.91622
0.7709
0.8356
0.76913
0.8147
0.74989
0.82985
0.8414
0.87498
0.82794
1.0116
0.94842
0.96383
1.3964
0.93325
0.9594
0.85901
0.80168
0.96383
0.83946
0.94189
1.977
1.1561
1.0593
1.6558
1.3552
0.9977
0.84918
1.6181
0.8995
0.79433
0.8414
0.86696
0.82224
0.8356
0.80353
0.84528
0.85507
0.8414
0.83753
0.81658
0.79433
0.87096
0.84723
0.82035
0.88105
0.77625
0.82604
0.79983
0.87096
0.78705
0.8356
0.7709
0.8995
0.77804
0.88308
0.83946
0.84333
0.83176
0.82035
0.85704
0.94189
0.9594
0.85704
0.81283
0.87498
0.78343
0.8995
0.72111
0.90365
0.82035
0.82985
0.78524
0.8892
0.84723
0.77625
0.94189
0.84528
0.86497
0.93972
0.74473
0.81658
0.75509
1.0162
0.87902
0.79799
0.82794
0.89536
0.8531
0.92045
0.7925
0.86696
0.82224
0.86497
0.77625
0.75858
0.8414
0.77804
0.82224
0.85704
0.87498
0.81658
0.8531
0.92683
0.76384
0.93972
0.78705
0.79616
0.72444
0.88512
0.79799
0.80724
0.80168
0.94624
0.93756
0.91411
0.90991
0.83946
0.87902
0.97724
0.89536
0.93972
1.0495
0.8414
0.96383
0.93325
0.90782
1.2853
2.2646
1.8072
0.73114
0.75509
0.7709
0.76033
0.82604
0.74989
0.77804
0.73282
0.83946
0.7709
1.0375
0.72277
0.76384
0.81096
0.76208
0.75509
0.72946
0.74645
0.80724
1.0257
0.76736
0.71614
0.76208
0.72778
0.79799
0.75336
0.82794
0.77446
0.91833
0.7709
0.77446
0.88105
0.75683
0.76208
0.74989
0.81096
0.7925
0.79433
1.1272
0.80353
0.73282
0.79616
0.73961
0.86896
0.75336
0.72778
0.76033
0.91411
0.77268
0.76913
0.74473
0.71945
0.76736
0.74817
0.72277
0.79616
1.0765
0.96161
0.74131
0.82794
0.79433
0.79433
0.78705
0.8091
0.77625
0.8995
0.75858
0.79616
0.8892
0.91201
0.88308
0.76208
0.86099
1.0839
0.88512
1.0864
1.0162
0.91833
1.0814
1.0046
1.0691
1.0814
1.349
1.2589
3.6728
0.77268
0.76736
0.79433
0.78163
0.72946
0.81846
0.69984
0.79799
0.76208
0.82604
0.7925
0.69183
0.78886
0.75858
0.74989
0.82604
0.87297
0.82985
0.84333
0.76736
0.72946
0.70958
1.4588
0.99541
0.84333
0.91201
0.8147
0.82604
0.85704
0.8356
0.95499
0.77268
0.77804
0.84918
0.7709
0.85114
0.77625
0.72778
0.78886
0.90365
0.77983
0.80168
0.87498
0.83753
0.88105
0.76736
0.72946
0.77268
0.74989
1.4689
0.77268
0.81846
0.74989
0.94189
0.79433
0.8147
0.84918
0.90157
0.85507
0.82794
0.76033
0.8091
0.93111
0.78524
0.7656
0.86896
0.79616
1.3677
0.97499
1.1668
0.90782
1.1092
1.1169
0.74131
0.8414
0.79068
0.78705
0.81283
0.88716
0.96605
0.96605
0.80353
1.0069
1.0233
0.877
1.074
1.0814
0.99541
0.90991
0.85704
1.0666
1.1561
1.1324
1.2246
0.93541
0.84918
0.9528
1.1722
1.0839
1.1376
1.1967
3.7154
1.0423
0.80724
0.7709
0.8531
0.77983
0.75162
0.8414
1.2589
1.4655
1.074
0.83176
1.1561
1.2359
0.88308
0.83946
0.81658
0.94624
0.80538
0.82224
0.78705
0.84333
0.83368
0.7709
1.0116
0.94624
1.0544
1.1535
1.0233
1.2647
1.1169
0.81096
0.82794
0.73621
0.76736
0.86696
0.73621
0.83176
1.0351
0.74645
0.92257
0.75858
0.80538
0.81283
0.77625
0.82985
0.77804
1.1376
0.91411
0.81658
0.71779
0.86497
0.74302
0.74817
1.0093
0.81096
0.75858
0.75509
0.70958
0.9528
1.1143
1.052
0.90157
0.80538
0.82985
0.93325
0.8995
0.8356
0.77983
0.81658
0.75162
0.74645
0.75683
0.9247
1.1749
0.87902
0.99541
0.82414
0.80724
0.8091
0.76913
0.88716
0.85507
0.84918
0.82985
0.86896
0.73451
0.85114
0.75336
0.75858
0.82794
0.76913
0.91833
0.9594
0.95499
1.1194
0.85114
0.89536
0.86298
0.75509
0.71614
0.8892
0.84918
0.72277
0.9594
0.96161
0.93972
1.1143
1.1561
1.5596
0.89125
0.76033
0.91411
0.82604
0.89125
0.75683
1.762
0.86696
1.0139
0.98175
0.89536
0.95499
0.86497
0.97275
0.77446
0.86298
0.88105
0.89536
0.8892
0.86298
0.83946
0.82985
0.8414
0.77446
0.83368
0.79433
0.86896
0.91622
0.89743
0.86497
1.0399
0.85704
1.0093
2.3768
2.1528
0.80538
0.9247
1.0304
0.96828
0.7925
0.98855
0.7925
0.88308
0.94189
0.87902
0.93972
0.87096
0.99312
0.92683
0.84723
0.8995
0.80168
0.88716
0.86896
0.7379
0.70307
1.0046
1.5849
0.82414
0.76208
0.78705
0.78524
0.80538
0.75858
0.86497
0.7656
0.78886
0.74817
0.7709
0.74131
0.76913
0.76736
0.79799
0.75162
1.194
0.8147
1.1588
0.78524
1.3614
0.98175
0.9247
0.78163
0.91201
1.0864
0.93756
0.81846
0.91201
0.92897
0.98855
1.1588
0.86099
0.87297
0.8892
0.94624
0.90991
0.84918
0.82794
0.89331
0.80538
0.90365
0.93972
0.91411
0.82414
1.0116
0.94406
1.0046
1.0471
0.90157
0.97499
0.877
0.91411
0.87902
0.86497
0.97499
0.8892
0.9594
0.97499
1.0257
1.0351
0.87297
0.82414
0.87498
0.88512
0.94406
1.0447
0.94189
0.88105
0.87498
0.9528
1.0495
0.9528
2.1232
0.98175
1.0839
1.5382
8.2035
11.298
0.877
0.90157
0.78343
0.86298
0.82035
0.82035
0.96383
1.0257
0.8531
0.8147
1.1749
0.73961
0.86497
0.79068
0.77983
0.83176
0.86099
0.81283
0.84918
0.88105
1.0495
1.2388
1.0839
1.2106
0.84333
0.86497
0.8531
0.90782
0.96605
1.0765
0.97051
0.93972
0.88512
0.74302
0.80168
0.78886
1.1455
0.80168
0.75858
1.0257
0.81658
0.83753
0.88308
0.81096
0.81846
0.91201
1.0593
0.97499
0.97275
2.6424
6.6374
6.7453
0.8356
0.88105
2.1429
1.4322
3.9537
8.995
12.474
6.3241
2.6915
0.78705
1.9815
1.1588
2.4434
1.3213
1.1455
1.205
0.98401
1.3677
3.8459
5.559
0.89125
0.86298
0.80353
0.93972
0.78343
10.351
8.5114
11.455
10.889
13.032
14.962
9.5499
12.303
8.8716
4.14
6.166
2.7164
1.2445
0.93541
6.5313
7.5162
10.351
6.7608
10.328
11.402
9.8175
11.641
12.274
8.1846
6.368
4.4361
3.6308
6.4863
5.9429
1.0789
0.89331
1.1995
1.1041
1.0046
0.97499
1.0046
1.4125
1.2764
7.3114
13.243
12.912
12.972
8.1846
11.885
20.324
14.997
13.459
3.1842
2.3988
3.8548
8.2224
7.9616
12.474
12.882
12.359
7.7625
11.535
12.359
8.1283
10.186
1.349
1.1995
1.0186
0.97499
0.78163
1.8967
0.87902
0.87498
0.93756
2.8576
0.95719
1.7022
2.3933
0.9528
0.98628
0.99312
0.89125
0.97949
0.97949
1.3552
1.2823
6.9024
1.0789
1.0765
1.135
1.1614
1.2078
1.183
1.0023
1.0814
1.099
1.1041
1.0666
1.4723
1.2942
0.83946
0.74302
0.69823
0.87096
0.80168
0.76033
0.68391
0.74473
0.78343
0.88308
0.9977
0.98401
1.1143
1.0691
1.1455
0.92683
1.0257
1.0375
3.3037
1.4791
4.1783
5.5208
1.714
0.94624
0.86497
1.1668
9.0573
10.116
10.023
6.4714
8.8716
10.617
11.641
7.0958
9.0365
10.471
2.3605
8.8308
10.914
9.7051
14.997
13.002
11.614
13.964
10.593
0.84918
1.2589
2.6977
10.568
7.1285
1.7989
0.98401
1.1641
0.96383
3.5237
2.2439
2.9107
3.342
2.2909
0.82985
0.9977
1.7947
4.0365
6.5163
1.0691
1.0139
1.1995
0.84528
1.2274
1.3062
1.1561
1.652
1.2677
1.1194
1.0495
1.4454
0.74645
0.8892
0.78524
0.7656
1.374
1.1117
0.98401
1.052
0.97724
0.99312
0.99541
1.0162
1.0765
1.0257
1.1066
1.9143
0.99312
1.6144
1.1695
1.0544
4.102
1.2853
1.1614
1.1272
1.3366
1.2912
1.349
1.205
1.1376
1.6596
1.3804
1.3709
1.9364
6.9183
12.134
1.4125
6.7608
1.5668
7.6208
14.322
14.689
15.171
14.158
7.5336
4.2267
5.1404
2.7733
8.0353
1.5276
3.4834
0.96605
0.71285
0.71121
0.73961
2.466
0.91201
0.88105
0.78343
0.72111
0.8356
0.74302
0.70795
0.74817
0.78163
0.76208
0.90573
0.80538
0.86696
1.2474
0.77804
0.78705
1.183
1.4289
0.87902
1.6106
1.0233
0.98855
1.2023
1.6827
1.4521
1.0914
1.9588
1.9724
0.79433
0.77983
0.91201
0.85901
0.93541
0.78705
0.79616
0.86099
0.82224
0.78163
0.81846
0.8414
0.7925
0.86696
1.2162
0.8147
0.86497
0.7379
0.7925
0.84918
0.93325
0.76384
0.77268
1.1508
0.93972
1.6596
4.7098
5.5081
2.4434
1.4223
1.0864
1.0351
0.89536
0.86896
1.1776
1.2023
1.2972
1.2794
1.0495
0.93756
0.9528
1.2677
5.5208
13.932
0.7145
0.76384
0.82414
0.85901
0.71121
0.74989
0.71945
0.75336
0.72778
0.66988
0.97499
0.81096
0.82224
1.5205
0.73282
0.71779
0.8892
2.9107
14.191
12.474
12.972
15.56
14.028
13.366
11.482
0.79983
0.79983
0.85704
0.80353
0.77446
0.75683
1.3521
4.7643
3.2211
0.74131
0.78886
0.68865
0.78163
0.72778
0.76033
0.70307
0.72946
0.69663
1.4689
2.0749
2.1777
0.94189
0.93972
3.5975
0.96605
0.85901
3.2659
3.5075
1.4655
7.0146
12.274
16.827
13.932
14.158
12.531
9.0782
12.912
2.5293
1.2274
10.914
0.96383
0.88105
0.95719
12.677
13.932
15.631
5.8076
1.135
1.0116
3.3806
12.912
9.3541
11.041
11.117
10.233
15.382
12.706
8.8512
13.428
13.305
11.402
1.9364
2.3174
6.2517
11.117
0.91833
1.0715
3.062
0.92683
0.90573
0.77446
0.86497
0.99312
1.6218
10.351
10.116
13.49
11.324
15.101
12.589
11.482
19.32
17.219
13.032
12.853
13.152
8.3753
9.7051
6.6069
9.4842
11.015
8.9125
11.722
8.892
10.139
4.8865
2.2233
3.1989
1.5959
0.91833
0.99312
1.0423
1.0691
1.374
0.74645
1.0544
0.92257
0.93756
1.3092
1.5596
3.4119
0.89536
0.86298
0.90157
1.2764
16.596
13.521
14.859
16.144
13.183
15.417
15.346
13.122
1.1614
4.5814
1.1143
1.3964
8.8716
11.995
10.233
18.197
15.959
13.772
0.99541
0.94842
1.0965
10.889
6.4863
12.274
17.022
16.749
14.322
12.677
13.932
9.8175
11.092
12.359
13.614
2.5586
7.3282
10.399
9.9541
4.6666
0.87498
0.92683
0.78343
0.74131
0.78343
1.2882
0.86696
0.8356
2.2491
0.89536
0.9506
1.0641
0.93325
1.1858
1.1803
1.1169
3.2063
1.3552
1.5959
4.6559
9.6828
6.9823
12.388
13.772
13.397
15.241
14.555
11.324
12.677
2.6669
0.81283
1.2445
2.2961
3.1046
4.3954
0.83946
0.73282
1.9543
1.2589
1.2677
7.3114
12.823
13.002
14.223
16.596
12.359
12.56
10.351
9.0365
11.614
11.749
9.594
1.5346
6.5464
7.925
9.528
14.093
9.3972
7.7625
14.158
1.2162
0.84723
2.5177
9.3111
1.8664
3.9355
3.2211
9.0573
0.85114
0.7656
0.76384
0.89743
0.87096
1.5704
2.037
1.219
0.87297
0.82035
0.86298
0.85704
0.78886
0.85507
0.98175
4.7424
8.414
14.158
13.002
14.158
0.83946
11.535
14.125
14.06
11.376
10.023
13.836
14.028
12.942
13.646
11.722
10.52
12.677
3.3266
10.209
14.723
11.429
11.695
4.7863
10.52
4.3053
17.338
14.093
12.445
15.668
4.2954
1.1885
1.3092
2.1038
1.1776
5.3951
1.0965
0.92045
1.2912
5.5208
4.256
12.445
12.677
10.023
15.101
12.735
13.996
13.583
11.508
12.823
4.9774
0.90782
0.70958
0.7656
0.80353
0.96605
0.86696
1.875
0.93111
1.5849
0.91833
9.3541
9.3111
14.689
16.069
10.257
14.093
13.709
12.706
10.641
9.9083
13.709
13.964
9.8628
13.213
8.9743
3.6898
4.7863
12.246
10.715
10.023
11.35
2.5823
10.544
12.589
11.641
12.106
10.28
3.9719
1.1803
3.4119
2.5527
2.9785
9.6161
9.6828
6.9024
14.322
14.488
8.5704
12.647
10.304
8.5901
9.594
1.0257
1.0423
0.82985
1.8197
1.3152
7.1779
8.7902
5.7943
0.8414
0.7925
1.5959
10.789
15.136
9.9312
10.093
12.417
9.7949
8.2985
10.641
10.593
2.2336
1.0046
1.4289
5.6624
9.977
0.96828
1.9999
0.877
11.668
3.8282
9.8628
10
13.243
12.331
12.474
10.74
9.594
6.2373
10.914
8.995
12.735
1.39
6.7298
8.2604
8.7297
15.56
14.223
10.447
12.218
11.402
9.6605
8.5704
6.9183
8.6696
7.3451
1.7219
8.8308
11.912
10.889
11.885
10.351
3.4834
0.95499
0.95499
14.158
14.997
17.824
10.839
15.311
23.388
15.453
16.144
17.539
23.714
16.106
12.388
18.923
16.331
13.062
13.366
13.122
1.406
2.355
11.94
9.8175
13.428
17.298
12.764
14.322
18.707
16.558
17.418
14.791
13.335
15.417
11.324
12.764
9.8175
7.8705
15.668
19.011
15.74
16.444
12.078
13.646
13.335
13.646
11.995
13.397
10.257
13.614
11.169
14.521
12.474
14.158
12.56
12.417
9.8628
4.6666
14.791
15.311
14.588
11.066
13.428
11.402
4.6345
11.94
