2.541
0.94406
1.2882
2.0091
10.069
9.7499
16.52
7.1285
5.9841
1.0304
4.3752
1.2706
0.78705
1.2677
0.72277
0.71945
3.7757
1.0351
0.99083
2.355
4.6881
1.122
1.3366
1.2882
0.9594
1.1376
1.1535
1.1117
1.1298
12.218
16.711
0.66834
0.71121
0.69183
1.1298
0.90782
0.84528
1.0715
6.7298
8.6497
3.8107
8.3753
7.6384
10.023
2.9174
0.87096
0.91201
4.7206
7.6033
8.4723
0.93756
0.75336
1.3213
0.77446
0.85114
1.0814
7.5336
4.4668
0.75336
1.0691
1.1092
1.0351
1.4388
0.80168
7.5336
10.715
9.4842
9.7275
1.8155
0.90782
1.3366
2.2439
8.8512
9.977
9.4189
8.356
0.95499
2.7164
7.3961
13.092
10.617
9.6605
0.74817
0.74817
8.6497
6.9502
2.133
0.86896
2.6485
0.79616
0.78163
0.87096
0.72778
8.1283
10.093
10.544
8.3753
4.9204
7.145
7.9433
9.0782
3.4277
0.90157
2.5704
10.351
7.1945
6.8391
8.7297
7.7804
0.78524
6.0954
8.8105
0.74302
0.75162
0.78343
0.71945
10.375
9.0157
22.542
12.706
11.695
17.498
8.5114
6.7143
3.5975
7.9433
9.8175
0.92683
1.5276
6.5313
8.2794
6.9024
1.6866
8.5704
11.588
9.0991
9.9312
5.7943
10.139
8.7096
1.1614
0.79983
1.5276
1.3521
0.76033
0.92257
0.77983
0.79799
0.73621
0.82035
0.73961
0.79068
0.76208
2.1478
1.1143
0.77804
1.6596
2.2751
1.4791
0.98855
1.1668
0.91833
1.4093
1.6943
0.86099
1.3772
1.2794
0.94624
0.85507
0.82794
0.92897
3.02
0.7709
0.78705
0.73451
2.7227
10.375
6.4714
0.7145
0.68391
3.2285
9.6605
6.4269
6.5013
9.3111
6.2661
4.8865
1.4723
0.98175
0.74817
6.9502
7.1285
5.5976
7.7804
8.7096
9.5719
9.6161
11.402
4.7863
4.102
8.1658
0.97724
3.3574
2.6977
5.236
10
8.3176
6.5163
6.2373
8.77
0.74989
1.2882
6.8865
11.324
1.6943
4.0644
7.0632
7.2444
7.4645
1.3213
0.8414
0.83946
0.83176
1.5885
0.75683
0.85704
0.76913
0.80538
0.76033
2.0606
0.99083
0.78886
0.90157
0.72778
0.77625
0.69024
0.65464
0.71945
0.73114
1.9055
1.3366
1.2882
1.1803
0.7925
0.87297
1.1143
0.72111
0.82414
0.8147
0.7709
0.74645
0.70469
0.82414
0.79983
0.97724
0.99312
1.4588
0.88308
0.98175
1.1588
1.3062
1.3397
2.6122
7.5162
5.5976
8.1846
7.5336
6.8549
8.4333
5.6364
8.3368
5.9841
2.5527
6.6069
0.69502
6.3387
10.495
9.1622
8.892
6.0534
7.8163
7.1121
0.9594
6.1802
5.7677
0.64863
0.65766
0.85507
0.96383
0.73282
1.0233
5.9704
8.0538
8.2985
10.093
8.4723
0.73621
0.89536
0.75683
0.7379
0.7379
5.236
11.641
8.9743
8.2604
0.84528
2.1727
0.77804
0.75162
0.80168
0.75162
0.97499
0.76913
1.3092
0.85901
0.77446
0.7145
0.79068
0.74817
0.78163
0.75509
1.122
0.77983
1.4488
0.74817
0.74645
0.70469
0.77268
0.8147
0.74131
0.78705
0.81096
0.8356
0.75162
0.93111
0.72277
0.75509
2.799
5.6624
4.6881
2.9992
1.2445
0.78705
0.98401
1.4588
9.0573
8.0538
8.2985
10.814
7.8163
1.3335
0.85507
0.83368
1.9231
0.98175
0.86099
0.73282
0.74989
0.75858
0.70958
0.78163
1.1272
0.66374
1.4757
1.4928
0.67453
0.84333
1.0116
0.76033
0.78163
0.84333
0.69823
0.72611
0.90991
0.79616
0.74302
0.76913
0.97051
0.8356
0.80724
0.74131
1.0139
1.183
1.0691
0.7656
0.96605
0.79983
0.92045
1.0375
0.90365
0.68077
0.67143
0.68865
0.67764
1.3772
0.98175
1.3002
1.0495
0.90157
1.0691
1.0715
1.0186
0.90573
0.98628
1.0666
1.0186
0.93972
1.0544
0.97051
0.9506
0.97724
1.1858
1.1858
1.0889
1.0641
0.89125
1.194
1.0617
1.0864
1.0914
1.5922
1.0691
0.82985
1.0069
1.0593
1.6069
1.2218
0.98855
1.2331
1.2823
1.2134
1.1246
1.1614
1.3614
0.66834
0.72778
0.69663
0.67143
0.69823
0.71285
0.68549
0.67453
0.68865
0.69024
0.7145
0.68077
0.66681
0.7656
0.65615
0.69823
0.65313
0.74131
0.68391
0.65615
0.65766
0.68391
0.66834
0.67298
0.66988
0.67298
0.69663
0.66988
0.67143
0.7145
0.78705
0.87902
0.8147
1.074
0.8147
0.73282
0.9247
0.87297
1.0209
0.79433
0.73282
0.71285
0.68707
1.6596
0.67298
0.67764
0.71614
0.79068
0.96828
0.77983
0.91833
0.85114
0.82224
0.81658
0.66988
0.82794
0.8531
0.84918
0.82794
0.7925
0.66222
0.74817
0.65615
0.84528
0.66527
0.81096
0.95499
0.82985
0.74817
1.1995
1.2388
1.2735
1.0765
0.68077
0.7379
0.68707
0.72111
0.69823
1.2246
0.96828
1.2078
2.6485
0.65917
0.67608
0.69343
0.65464
0.70146
0.89331
0.68234
0.66834
0.66069
0.69663
0.70146
0.66988
0.66834
0.67764
0.70795
0.67298
0.68865
0.67608
0.67764
0.65313
0.66681
0.68077
0.68865
0.66834
0.70469
0.68391
0.66681
0.67608
0.68707
0.66988
0.67143
0.85507
0.80538
0.68865
0.69502
0.8414
0.89743
0.87498
0.84333
0.84528
0.8995
1.1668
0.91833
0.8414
2.3388
0.67143
0.70958
0.76384
0.68077
0.92045
0.89536
0.76384
0.79616
1.714
1.6368
0.90991
0.70146
0.69984
0.66222
1.0789
0.93756
0.83176
0.8995
1.3032
1.0864
0.91833
0.84723
0.87096
0.66374
0.70146
0.64565
0.67453
0.69024
0.65615
0.88105
0.85901
0.68707
0.74645
0.65766
0.7925
0.71614
0.71779
0.69183
0.68707
0.77446
0.84528
0.73451
0.65615
0.67453
0.69024
0.67453
0.66527
0.66069
0.69183
0.68234
0.66069
0.68707
0.81658
0.80168
0.69823
0.68077
0.66374
0.67608
0.68391
0.68549
0.78343
0.69984
0.65163
0.65917
0.65917
0.66988
0.69823
0.75683
0.82604
0.74817
0.78524
0.75683
1.5812
0.67143
0.88512
5.42
5.7943
0.65917
0.66069
0.83946
0.73451
0.69663
0.78886
0.7656
1.2942
1.0914
0.64863
0.65615
0.65917
0.64417
0.68234
0.66834
0.65464
0.67298
0.68077
0.66834
0.78163
0.88105
0.71121
0.75336
0.78343
0.77625
0.71121
0.8091
0.82985
0.94406
0.68707
0.81283
0.86696
0.74302
0.69183
0.68707
0.65766
0.65464
0.75162
0.72611
0.84723
0.67298
0.73621
0.6368
0.65615
0.65615
0.67764
0.70632
0.66988
0.65464
0.66222
0.68077
0.72444
0.66222
0.64121
0.66069
0.66069
0.66681
0.67764
0.64269
0.65766
0.66988
0.71945
0.72277
0.68549
0.70146
0.68549
0.65464
0.66988
0.65615
0.69663
0.72111
0.65917
0.74989
0.64714
0.7656
0.75336
0.66374
0.64565
0.66527
0.64565
0.67608
0.66988
0.65615
0.66222
0.66374
0.67764
0.68077
0.64565
0.6792
0.66374
0.65313
0.66069
0.68865
0.65313
0.73961
0.71285
0.66069
0.68549
0.67764
0.71614
0.66527
0.66988
0.67608
0.70307
0.65313
0.64863
0.64269
0.66222
0.80353
0.73282
0.66222
0.67608
0.65313
0.69343
0.67453
0.65917
0.66681
0.75162
0.67453
0.63973
0.80724
0.66374
0.79068
0.66222
0.66681
0.67453
0.69343
0.65766
0.66681
0.65615
0.65313
0.70958
0.69502
0.66527
0.66527
0.67298
0.67453
0.6792
0.64714
0.66834
0.68865
0.67608
0.6792
0.78343
0.83368
0.69502
0.65766
0.70795
0.69823
0.66681
0.65917
0.67764
0.66681
0.66069
0.82224
0.73961
0.67298
0.66069
0.64714
0.70795
0.65163
0.66988
0.65766
0.64565
0.6792
0.66374
0.63973
0.69663
0.66374
1.0691
0.92683
0.75336
0.81096
0.9506
1.3152
0.81096
0.67298
0.70958
0.67764
0.6792
0.66222
0.66527
0.65013
0.66374
0.68077
0.66681
0.65766
0.65766
0.68077
0.65464
0.65163
0.65313
0.64417
0.66527
0.67143
0.67453
0.76208
0.76033
0.65464
0.66527
0.65917
0.65917
0.67608
0.68234
0.68707
0.69663
0.67143
1.028
0.65917
0.72111
0.65163
0.66988
0.65313
0.64565
0.71121
0.72611
1.074
0.82224
0.89536
1.4421
0.80724
0.89536
0.8414
1.028
0.73961
0.8892
0.77983
0.86696
1.1749
1.5668
1.1117
0.92045
1.3804
1.2303
1.1995
1.1885
1.4289
1.5171
1.1614
0.67608
1.2359
0.70307
0.68707
0.76736
0.70958
0.6792
0.69502
0.69823
0.75336
0.69183
0.69823
0.80724
0.72946
0.72611
0.94624
0.79799
0.95719
0.90573
0.85114
0.88105
0.80353
0.82985
1.2417
1.2589
2.9923
1.2274
1.1776
0.89536
0.85507
1.0209
0.79068
0.96828
0.64565
0.72946
0.83176
0.66834
0.66069
0.66834
0.66222
0.64417
0.64565
0.73451
0.92045
0.65163
0.65313
0.66834
0.66374
0.64417
0.67608
0.64565
0.65766
0.66834
0.67453
0.66988
0.65917
0.65464
0.65917
0.65464
0.68707
0.66681
0.65313
0.64714
0.66374
0.66374
0.73621
0.64417
0.65766
0.65013
0.65163
0.66527
0.68391
0.67298
0.66988
0.70958
0.64863
0.66374
0.65313
0.70307
0.68391
0.68549
0.85901
0.66374
0.65313
0.66374
0.65615
0.67608
0.66527
0.64714
1.1967
0.82224
0.86497
0.73451
0.64863
0.6792
0.63241
0.65464
0.65615
0.65766
0.92045
0.8356
1.1429
0.87498
0.86099
0.89536
0.89331
0.99312
1.0116
0.87902
1.0069
0.64863
0.74645
0.68077
0.64269
0.65766
0.65464
0.66834
0.65917
0.67298
0.67298
0.65615
0.66374
0.66069
0.67298
0.64121
0.64417
0.66834
0.70469
0.76913
0.85704
0.78163
0.83368
0.76913
0.7145
0.72277
0.78886
0.88512
0.90782
0.64269
0.78886
0.74989
0.81283
0.6792
0.90365
0.67143
0.65163
0.75509
0.75162
0.71285
0.70146
0.67764
0.68234
0.68234
0.77268
0.65013
0.66222
0.68077
0.68234
0.65013
0.65615
0.70307
0.69984
0.6792
0.66069
0.68234
0.65464
0.74473
0.69343
0.82794
0.64714
0.66069
0.67298
0.65013
0.65917
0.66681
0.64863
0.87902
0.64714
0.7709
0.68077
0.66069
0.69663
0.66527
0.69502
0.64863
0.66681
0.68391
0.65464
0.65163
0.67764
0.64121
0.79616
0.67453
0.69663
0.65766
0.67143
0.75509
0.65766
0.66374
0.66069
0.66222
0.65464
0.72111
0.74645
0.67764
0.65464
0.67143
0.83946
0.66222
0.64863
0.64863
0.66222
0.66988
0.66374
0.65615
0.65013
0.66681
0.63533
0.66374
0.64565
1.0789
1.1885
0.72778
0.84528
0.9506
1.9454
2.1677
0.65313
0.65313
0.65313
0.69502
0.65464
0.65013
0.65464
0.67608
0.64417
0.65464
0.66834
0.79616
0.69024
0.70795
0.66834
0.68865
0.63387
0.66834
0.65313
0.69823
1.3996
1.1508
1.2445
0.80353
0.86696
0.77804
1.3996
1.0593
1.0789
0.87297
0.78886
1.3709
0.71779
0.66527
0.65163
0.67143
0.64863
0.67143
0.68077
0.67143
0.69663
0.65163
0.66834
0.68391
0.65615
0.68391
0.65163
0.67608
0.64565
0.68865
0.65766
0.65917
0.66988
0.69343
0.64863
0.67143
0.67143
0.67608
0.66834
0.67453
0.66988
0.66527
0.64121
0.66527
0.69024
0.65917
0.64714
0.64863
0.66222
0.66069
0.68549
0.66988
0.67143
0.67143
0.68077
0.65464
0.67608
0.68234
0.65313
0.66834
0.65464
0.65766
0.68234
0.7145
0.71285
0.74131
0.73961
1.1041
0.91201
0.76384
0.78886
0.76913
0.86298
0.8091
0.88716
0.79433
0.80168
0.7145
0.88716
0.71945
0.7709
0.65917
0.83368
0.65917
0.68865
0.66222
0.67608
0.66681
0.67608
0.67143
0.66988
0.67298
0.68391
0.66988
0.66834
0.67143
0.7925
0.67453
0.67143
0.67764
0.67764
0.7145
0.69502
0.70469
0.70958
0.66681
0.66527
0.67298
0.65464
0.68077
0.67298
0.70307
0.69343
0.65766
0.69183
0.68391
0.69183
0.68234
0.67764
0.65163
0.67143
0.69343
0.66681
0.66374
0.72277
0.65615
0.66527
0.65766
0.68391
0.67143
0.69823
0.66527
0.69024
0.67608
0.66222
0.66988
0.66988
0.67143
0.90573
0.76033
0.7379
1.1041
0.85901
0.86298
1.074
1.8155
0.77804
0.93325
0.75858
0.8995
0.99083
0.82985
1.1858
0.90157
0.75683
0.77983
2.4378
1.0471
1.1482
1.099
1.0257
1.2274
1.1041
1.8113
0.64417
0.67143
0.68865
0.68707
0.69663
0.68549
0.67453
0.76033
0.67143
0.66834
0.65313
0.69502
0.66527
0.68391
0.66222
0.68549
0.66681
0.69823
0.69823
0.65766
0.68077
0.67453
0.68707
0.86298
0.65313
0.64269
0.67298
0.66988
0.65917
0.66527
0.66834
0.67453
0.6792
0.66374
0.65917
0.69663
0.68549
0.8091
0.78705
0.86696
0.82224
0.79616
0.85704
1.3677
0.68234
0.81283
1.5346
0.68234
0.67143
0.73451
1.1455
0.73961
0.70469
0.66988
0.66527
0.86696
0.70146
1.183
9.7499
7.4473
0.88105
0.71614
0.74817
1.1912
1.2589
1.122
1.1614
4.2267
8.6099
12.735
11.015
6.8707
7.925
1.803
4.7753
5.9429
9.4624
7.3621
7.8524
8.1846
7.0307
3.6392
0.66834
1.3614
3.9902
8.4723
1.1402
1.0495
1.0116
0.90991
6.5464
7.5336
7.145
2.0941
3.9537
7.9616
7.0958
6.8707
1.3062
1.4388
0.82604
0.8147
0.89125
2.1777
2.2029
7.1121
11.194
8.892
9.4624
0.95499
2.5704
6.223
0.8091
0.74473
0.81283
4.0179
7.9433
9.1833
5.4576
5.9704
7.4817
6.2661
0.79433
5.3951
0.93325
5.6624
9.1622
10.495
8.4723
10.544
4.4978
10.28
5.6885
1.1803
7.3114
0.99541
0.84528
0.73961
0.80724
0.80353
6.5464
7.9799
11.143
4.6666
0.80724
0.72778
1.135
0.69024
0.97949
1.2823
1.5311
3.6644
6.5766
8.1658
7.0958
8.2035
0.73451
1.1041
1.052
1.0715
2.3878
1.0617
6.6222
1.1455
1.2618
0.71121
1.3614
1.2218
0.7145
0.75336
1.0889
1.6943
0.82224
1.0069
1.3274
5.781
11.272
5.9429
6.1944
9.1622
8.9536
7.2444
17.458
6.3826
8.5704
1.7783
0.85507
0.91411
0.70146
1.0715
5.6105
7.2778
10.046
10.116
11.194
7.8886
7.8705
8.7096
10.046
8.3946
11.169
9.3541
7.7268
1.3002
9.7949
7.3621
4.529
0.7379
2.9785
1.7219
4.6452
9.2257
8.77
8.2794
7.7804
6.2517
4.5186
3.1189
9.3325
7.7804
0.75336
0.87297
7.4989
7.4473
9.4406
8.5704
9.1622
7.5509
8.2604
5.2845
9.0157
8.7096
7.9983
0.78705
0.86099
0.82985
7.0469
8.6099
7.5162
9.0991
10.28
8.1283
10.423
10.351
8.2224
7.3451
6.7764
2.7479
3.2285
4.3152
3.1769
0.78163
0.96383
1.7824
2.1979
0.86099
0.76384
0.74645
0.75509
0.72277
1.0423
0.76736
0.73282
0.73114
0.70469
0.73621
0.73621
0.72611
0.79433
0.83368
0.99083
0.79616
0.76208
0.72946
3.1696
1.0544
0.86298
1.1885
1.8239
4.4259
5.7016
10.864
8.7902
10.423
11.092
7.4989
10.399
6.2661
4.5082
0.71945
0.74302
0.75509
0.74131
5.7148
0.91411
0.77625
0.73114
0.75509
0.82224
0.75858
0.77446
0.81096
0.81283
0.7145
1.1015
0.74131
0.80353
0.77268
4.4771
10.52
1.5704
2.1232
0.68707
0.72277
0.72611
0.68234
0.67608
0.68391
0.81658
0.70307
0.69502
1.094
1.0544
0.83368
1.0864
1.1376
0.95719
1.0495
1.0495
1.0765
1.1041
1.1015
0.77983
0.88105
0.92257
0.68391
0.69663
0.79799
0.7656
0.68865
0.69183
0.68234
0.71285
0.69343
0.69343
0.6792
0.69343
0.69663
0.67608
0.7145
0.66527
0.68707
0.70146
0.66222
0.68234
0.68707
0.69984
0.70958
0.69984
0.72611
0.73114
0.69823
0.70632
0.66222
0.67764
0.72277
0.69502
0.69502
0.67298
0.72111
0.68391
0.67608
0.72277
0.73114
0.68391
0.74989
0.69663
0.70146
0.70958
0.71945
0.68549
0.70795
0.72277
0.67764
0.69502
0.73451
0.7145
0.68391
0.66069
0.68234
0.67298
0.70958
0.71945
0.65615
0.70632
0.86696
0.70632
0.6792
0.67453
0.69984
0.66222
0.72778
0.69024
0.68391
0.69343
0.69024
0.70469
0.66374
0.69984
0.68707
0.69502
0.68391
0.68707
0.67608
0.69343
0.70469
0.65464
0.66988
0.69984
0.68077
0.67764
0.68865
0.70958
1.0023
0.8531
0.75858
0.76033
0.73282
0.68707
0.80168
0.71779
0.67453
0.74817
0.76384
0.80353
0.72111
0.8147
0.71779
0.73961
0.72277
0.74989
0.76913
0.93541
1.2823
1.0641
0.70146
0.68391
0.70795
0.70632
0.69823
0.69984
0.69823
0.72444
0.67298
0.71779
0.71285
0.69183
0.68549
0.68234
0.70307
0.72611
0.66374
0.68391
0.68865
0.67298
0.68549
0.68077
0.65013
0.67298
0.65766
0.67608
0.67608
0.67764
0.66681
0.71121
0.67608
0.66069
0.70146
0.68865
0.68549
0.66988
0.69663
0.69502
0.69663
0.67298
0.69343
0.67608
0.67453
0.69502
0.66374
0.90573
0.68391
0.66222
0.68391
0.67143
0.68549
0.65615
0.70632
0.66527
0.68549
0.6792
0.69183
0.68391
0.65313
0.65163
0.66222
0.68234
0.68549
0.70632
0.67143
0.67608
0.65615
0.6792
0.68865
0.67764
0.66527
0.70469
0.69343
0.68707
0.68707
0.69984
0.67143
0.66988
0.65766
0.69663
0.70958
0.67143
0.67453
0.68707
0.72611
0.70307
0.66834
0.66222
0.72277
0.66834
0.68549
0.67764
0.65013
0.69984
0.6792
0.76033
0.72778
0.69663
0.67143
0.69663
0.72778
0.67764
0.71779
0.66527
0.70632
0.67143
0.68549
0.66988
0.67143
0.66374
0.68234
0.67764
0.69984
0.69823
0.66374
0.70469
0.70307
0.71614
0.6792
0.69183
0.69663
0.81658
0.65917
0.63973
0.66834
0.66681
0.68707
0.70307
0.72111
0.70469
0.66069
0.6792
0.65013
0.66374
0.66988
0.71285
0.69823
0.7145
0.72611
0.65766
0.69183
0.70146
0.68234
0.65163
0.65313
0.69024
0.66222
0.68234
0.66527
0.65013
0.66834
0.68865
0.79983
0.65464
0.66527
0.67298
0.67764
0.67608
0.68234
0.68865
0.66988
0.65766
0.66222
0.70795
0.79068
1.0641
0.74817
0.70307
1.2078
0.65313
0.67608
0.67608
0.66527
0.65615
0.67453
0.67608
0.70632
0.67453
0.66681
0.70469
0.68391
0.6792
0.6792
0.70795
0.68391
0.71779
0.68234
0.69663
0.67608
0.68549
0.70469
0.69823
0.69502
0.66374
0.69984
0.66834
0.66527
0.68865
0.67764
0.66834
0.69663
0.67764
0.71614
0.79068
0.69502
0.68234
0.70469
0.68865
0.67298
0.69024
0.69343
0.70469
0.68707
0.66069
0.69183
0.68549
0.68707
0.68234
0.67298
0.66988
0.67453
0.67608
0.72444
0.68234
0.72111
0.66374
0.68549
0.70469
0.71285
0.70469
0.67764
0.73114
0.71285
0.70958
0.69663
0.8531
0.84333
0.79433
0.92257
0.84723
0.877
0.86099
0.88105
1.0666
1.0839
0.82985
1.0093
0.97724
1.0351
0.88105
0.93325
0.94406
1.1695
1.1041
1.1092
0.91833
0.6792
0.67764
0.7656
0.71945
0.71285
0.68077
0.69183
0.68234
0.71779
0.70469
0.69183
0.72611
0.68707
0.72946
0.70632
0.70146
0.68707
0.67764
0.70469
0.66834
0.70469
0.68234
0.67608
0.65917
0.71121
0.68234
0.69502
0.67298
0.72946
0.66681
0.72277
0.83753
0.73114
0.78705
0.8147
0.79616
0.80538
0.77446
0.78886
0.96161
0.76384
0.7379
0.98401
1.0965
0.66527
0.69183
0.75336
0.70307
0.68077
0.71945
0.69663
0.69984
0.6792
0.69823
0.68707
0.68077
0.69343
0.98628
0.70795
0.66834
0.64714
0.66988
0.65313
0.68549
0.66374
0.69183
0.68549
0.69984
0.68234
0.68234
0.69024
0.69343
0.69663
0.67608
0.67764
0.68234
0.69183
0.67764
0.70469
0.68865
0.68077
0.68234
0.72444
0.70469
0.70146
0.69343
0.69502
0.68234
0.72111
0.66374
0.69343
0.68077
0.69024
0.69343
0.69502
0.70632
0.67143
0.78886
0.69823
0.68707
0.69183
0.69984
0.70958
0.71614
0.69502
0.69502
0.75162
0.69183
0.70795
0.67298
0.71945
0.67764
0.71121
0.70146
0.67298
0.70307
0.68391
0.67764
0.71945
0.72277
0.69823
0.70632
0.71779
0.70307
0.71285
0.67143
0.68391
0.72444
0.77625
0.69663
0.69343
0.69502
0.72111
0.68865
0.67453
0.69663
0.66527
0.6792
0.71945
0.65917
0.69984
0.71285
0.68234
0.66527
0.66988
0.70146
0.67764
0.72946
0.69024
0.67608
0.66374
0.69024
0.71779
0.67608
0.67298
0.69984
0.68077
0.7145
0.70146
0.66527
0.68234
0.70307
0.68077
0.68707
0.65464
0.66681
0.68865
0.68391
0.67608
0.69024
0.68549
0.68391
0.68707
0.68549
0.71285
0.67298
0.67143
0.66834
0.70469
0.65615
0.66222
0.66222
0.67143
0.67453
0.64121
0.67298
0.69663
0.6792
0.67453
0.67608
0.67143
0.66988
0.65013
0.73451
0.68077
0.68707
0.72778
0.71121
0.84333
0.92257
0.81096
0.96383
1.2218
1.4322
0.66988
0.69502
0.69502
0.66988
0.67143
0.66374
0.69183
0.70795
0.66222
0.69343
0.69502
0.67608
0.68549
0.69663
0.67143
0.66988
0.65163
0.69502
0.68077
0.69823
0.66681
0.67608
0.66681
0.67453
0.9506
0.77804
0.7925
1.0471
0.97499
1.1535
0.7145
0.65163
0.67143
0.68549
1.0789
0.79799
0.69984
0.74131
0.69024
0.73451
0.66374
0.74817
0.7145
0.7709
0.72946
0.76033
0.80168
0.71945
0.71285
0.69663
0.98401
0.71121
0.70146
0.70469
0.70146
0.67764
0.68865
0.70795
0.70795
0.67143
0.67764
0.70307
0.69663
0.69823
0.68391
0.67608
0.78886
0.68234
0.65917
0.66374
0.66527
0.66222
0.69502
0.77804
0.66834
0.6792
0.68234
0.68707
0.66681
0.67764
0.66988
0.67143
0.66527
0.66681
0.66527
0.68234
0.66222
0.70469
0.67298
0.73451
0.67298
0.67453
0.68549
0.67298
0.6792
0.68391
0.69343
0.69984
0.73961
0.69984
0.69502
0.69984
0.69823
0.70469
0.65766
0.66681
0.74473
0.69183
0.71121
0.70146
0.66834
0.78886
0.67764
0.6792
0.69823
0.69663
0.67608
0.76736
0.67453
0.71945
0.68549
0.70307
0.71779
0.69183
0.69502
0.70795
0.73961
0.70307
0.67453
0.67298
0.73621
0.69183
0.66834
0.68234
0.72444
0.69343
0.68865
0.6792
0.68865
0.69984
0.70958
0.67764
0.67608
0.72778
0.7379
0.69984
0.69984
0.67608
0.69984
0.68549
0.78886
0.68391
0.67298
0.70469
0.66374
0.68549
0.70632
0.66988
0.68391
0.74473
0.69343
0.69343
0.69823
0.97724
0.7379
0.68865
0.7145
0.6792
0.66069
0.69024
0.96383
0.78524
0.87297
1.0093
0.85507
0.81846
1.0162
1.3366
2.1677
0.79983
0.99541
0.75336
0.71121
0.66988
0.77983
0.83176
0.84333
0.80353
0.69183
1.2912
1.3677
0.71945
0.69343
0.68865
0.68865
0.69183
0.65464
0.66222
0.66069
0.69502
0.66527
0.68865
0.67608
0.72444
0.7925
0.68707
0.65917
0.68865
0.70307
0.67143
0.69024
0.67143
0.69823
0.68707
0.66374
0.70795
0.66527
0.66834
0.68707
0.67608
0.68549
0.77983
0.66988
0.66681
0.89331
0.72277
0.66834
0.67143
0.66834
0.69343
0.66681
0.6792
0.70632
0.66374
0.66834
0.70469
0.69183
0.71945
0.69663
0.67608
0.66527
0.85114
0.66069
0.66222
0.66222
0.66988
0.66222
0.66681
0.69343
0.65163
0.69502
0.65615
0.88308
2.2909
0.6792
1.0023
0.83753
0.90365
1.3804
0.67298
0.84918
0.65917
0.7145
0.67608
0.7925
0.77268
4.3251
1.2331
4.6666
0.80168
0.70469
0.70307
0.67608
0.69502
0.67143
0.67608
0.68077
0.67608
0.64269
0.67764
0.70958
0.66834
0.67298
0.72111
0.67764
0.67298
0.66834
0.64863
0.65313
1.2853
1.3092
1.3583
3.6475
6.6222
10.544
6.6834
0.69984
0.67453
0.71285
1.1641
0.76208
0.66222
1.0328
0.96383
1.5922
1.3305
1.0544
10.593
8.4723
8.3753
7.3282
7.3621
8.531
12.078
8.8716
6.5464
6.3387
13.709
8.0724
1.1614
1.1776
0.83368
0.76913
0.76736
0.87096
0.76208
0.77446
0.73621
0.76208
0.77446
0.97051
1.3459
4.4361
4.0832
6.6681
17.061
8.2604
0.68077
0.69823
0.96161
0.89743
0.94189
1.5066
0.93325
0.8995
0.99083
1.3932
0.96383
1.2474
0.83368
1.4689
6.7608
7.2778
6.8077
8.1658
9.3325
6.9343
9.0573
18.281
0.72611
0.75858
6.0674
0.91201
0.77804
6.8391
10.839
6.8707
1.574
9.1622
0.75509
5.2602
13.213
7.3961
10.52
1.052
6.1802
6.1094
2.9512
7.7268
9.0782
11.376
9.4624
10.814
5.3088
0.88308
2.704
0.74989
0.77268
0.80724
0.74302
1.0495
0.72611
0.69183
0.73114
0.71121
0.71779
4.8753
12.417
7.5162
6.1802
9.3325
6.6069
10.233
7.3961
9.9083
10.375
4.0087
6.6222
13.183
10.965
0.81846
1.7378
0.83368
2.6002
1.1429
10.023
11.668
7.3961
12.764
10.351
1.2359
1.0399
1.6672
5.7943
10.186
9.9541
5.5847
0.7656
0.73621
0.7656
0.78343
0.79616
0.77268
0.73114
0.76913
0.70795
0.73621
0.70632
0.74817
0.71285
0.7379
0.72946
0.74302
1.0351
0.82794
0.74131
2.9854
10.544
11.614
8.5901
15.276
8.4918
9.4624
9.2257
9.6605
7.656
5.9566
11.143
11.041
8.0724
5.781
8.6298
8.4333
3.062
9.594
10.94
10.351
9.7499
10.375
11.22
8.7902
13.243
9.6828
8.5114
5.9156
8.9536
9.247
10.209
8.2414
0.80353
0.98628
2.904
3.4594
10.495
0.92257
0.77804
0.78163
0.74473
0.79983
0.80353
0.78343
0.79616
1.2531
2.0559
0.66681
0.69024
12.56
7.9799
12.134
8.9536
7.9983
3.4119
9.7051
0.82794
8.6099
9.4842
7.5162
1.3804
3.8548
4.0365
0.74817
1.7824
7.0632
3.4834
6.3387
7.4817
10.99
15.849
7.5509
10.839
7.9616
0.98855
3.2063
5.6105
8.5507
9.8175
6.8077
8.8308
8.3176
5.9979
8.2794
7.7446
4.5814
4.4463
11.324
8.892
9.4842
8.8308
8.8512
8.995
10.889
0.86497
0.75509
0.83368
1.3459
0.76384
0.77268
0.71945
4.7534
0.74645
0.72946
0.77804
0.7379
0.7656
0.73961
0.82414
0.79799
0.77268
0.77625
7.5683
7.8524
13.183
2.7669
6.7453
8.0353
9.8401
11.066
11.041
7.5162
5.6105
7.1945
9.7051
9.247
7.5509
8.6497
10.093
10.99
0.81846
1.1535
1.0304
1.183
1.9231
1.6711
0.78163
0.76736
1.0544
0.94842
0.74302
0.90573
1
0.80353
2.3014
7.3621
6.8865
9.9083
0.90157
0.88308
0.8414
0.82604
0.72277
0.93756
0.8414
0.69343
0.74817
0.74645
0.7709
0.78343
0.80168
2.5645
9.7275
7.0632
9.7499
9.594
9.8628
10.257
11.402
7.2778
7.1121
8.0353
7.0958
0.90365
7.1614
7.2946
7.6033
8.6497
7.9983
5.6364
10.399
12.134
10.186
9.6383
11.22
15.922
1.0593
0.82414
7.9799
7.5509
5.6885
12.388
11.117
11.143
8.5704
13.677
8.6298
10.399
9.8175
9.4406
7.6208
14.689
7.2946
6.8707
8.3946
0.79983
0.76913
1.2388
0.78886
5.4325
11.94
8.4723
7.3621
7.7983
7.0958
9.3756
16.827
6.0395
6.2087
11.35
5.728
7.8163
8.9743
10.471
7.7446
14.521
7.2444
10.94
8.8105
11.912
8.9331
9.9083
11.912
7.6384
0.82604
1.714
0.82035
1.3552
7.7983
7.7983
1.0789
0.77446
0.76736
2.0606
1.8239
0.98175
1.5171
2.6002
0.75683
1
4.1879
9.2257
11.402
8.6896
9.6383
6.9502
1.0023
4.3853
0.74989
0.91622
2.5823
10.423
4.5709
1.3709
0.91833
1.6144
1.1749
1.0593
9.5719
6.6069
9.9541
9.2683
10
8.5704
9.977
4.8641
16.711
10.765
19.011
10.447
5.4325
0.76384
0.86696
6.4269
10.715
11.041
8.0168
8.7297
7.2277
11.298
8.3946
0.73114
0.75336
3.2584
9.8855
10.304
8.5114
6.6222
9.6383
9.7275
9.3972
10
0.87096
2.8119
11.194
7.8343
11.272
17.298
13.243
10.304
15.276
12.912
10.233
9.8855
10.864
13.002
8.531
9.1411
2.023
11.041
5.821
8.7498
9.528
8.8716
11.695
14.588
10.209
9.4189
14.06
0.70146
1.7947
7.6736
11.246
9.7275
10.023
9.3325
9.0365
7.4473
10.257
19.187
1.1614
4.1783
1.3002
0.72946
0.86099
1.1967
0.78343
0.88716
0.7709
0.81096
0.70307
0.79433
1.2882
0.69183
0.66834
0.71121
0.72277
0.77268
0.85901
0.69502
0.72611
0.74989
0.72611
0.81658
0.73282
0.7145
0.71121
0.77804
0.73451
1.0093
0.877
0.877
1.1776
2.5882
4.4668
8.5507
10.715
6.5013
9.8855
10.116
15.453
2.0941
1.183
1.977
2.9923
1.1749
1.0304
1.0328
1.1376
1.2823
1.0839
1.0471
1.0209
0.98628
1.1169
1.0765
1.5488
1.3836
1.1272
1.094
1.0209
1.0209
1.1117
0.90365
1.0641
1.5453
0.69024
0.68391
0.70795
0.69343
0.68549
0.68234
0.69823
0.94189
0.6792
0.68077
0.65615
0.67453
0.65766
0.70632
0.89125
0.97275
0.89331
1.1117
0.86696
1.0839
2.1528
0.66834
0.66834
0.69024
0.68391
0.69823
0.70795
0.72611
0.71121
0.69183
0.65917
0.6792
0.68549
0.7709
0.72946
0.72611
0.76736
0.73961
0.80538
0.75683
0.83176
0.80538
0.73451
0.78524
0.72778
0.78705
0.75858
1.0914
0.76913
0.84333
0.71779
0.87096
0.75858
0.81658
0.74817
0.76384
0.72277
0.8414
0.73961
0.74131
0.73114
1.9999
0.70146
0.66681
0.78886
0.67143
0.6792
0.69343
0.7145
0.67764
0.6792
0.73621
0.71614
0.69984
0.68234
0.69823
0.65766
0.69024
0.67764
0.69984
0.66988
0.67608
0.69183
0.65917
0.64863
0.67453
0.69984
0.65313
0.66834
0.68865
0.66374
0.66069
0.69663
0.65766
0.67298
0.80353
0.69823
0.67453
0.71121
0.70632
0.67453
0.69343
0.69502
0.71121
0.6792
0.69984
0.68549
0.69663
0.64269
0.73961
0.65464
0.68234
0.69823
0.72611
0.71121
0.69823
0.68549
0.71285
0.69823
0.67608
0.69343
0.70469
0.68077
0.70632
0.70307
0.68549
0.70307
0.66834
0.66069
0.70795
0.65313
0.69183
0.67453
0.69663
0.69343
0.68707
0.6792
0.65917
0.65766
0.68707
0.70958
0.69183
0.65013
0.67764
0.69183
0.87902
0.79433
0.66527
0.67608
0.67764
0.67143
0.64714
0.67764
0.68077
0.67608
0.68865
0.63826
0.68391
0.66527
0.65013
0.69984
0.66374
0.68391
0.65615
0.68865
0.66988
0.66988
0.66527
0.68234
0.68549
0.65013
0.69663
0.67764
0.72946
0.68865
0.75162
0.70146
0.68865
0.69183
0.69663
0.67298
0.7145
0.67608
0.69502
0.69823
0.66834
0.69183
0.70632
0.65766
0.67298
0.68234
0.69984
0.70146
0.6792
0.81846
0.65615
0.66988
0.66988
0.67608
1.1429
0.7709
0.69823
0.85114
0.82794
0.81096
1.1614
0.84723
0.88716
0.69024
0.69024
0.65013
0.80168
0.75683
0.93756
0.93325
1.1776
0.69183
0.68865
0.69183
0.68707
0.68234
0.67453
0.67453
0.67298
0.66834
0.66527
0.70469
0.65917
0.67764
0.70469
0.67764
0.67608
0.66834
0.67764
0.69343
0.67298
0.67143
0.69183
0.70307
0.68391
0.67453
0.69823
0.66988
0.66069
0.69343
0.69183
0.69183
0.70958
0.67298
0.68549
0.79799
0.68549
0.69823
0.68077
0.66527
0.67608
0.66988
0.67764
0.6792
0.67143
0.66834
0.66069
0.66069
0.69343
0.65766
0.66834
0.66681
0.67298
0.65917
0.65766
0.68234
0.66988
0.66374
0.66834
0.67298
0.68077
0.67764
0.66834
0.66527
0.65313
0.67608
0.66222
0.66834
0.64714
0.66222
0.67764
0.65766
0.66527
0.69984
0.67298
0.64863
0.69502
0.66834
0.68234
0.67608
0.68077
0.67764
0.68234
0.67298
0.68234
0.66681
0.68234
0.69183
0.66374
0.67143
0.66834
0.66222
0.65464
0.67608
0.68234
0.67764
0.69024
0.96161
0.69183
0.68865
0.71779
0.67608
0.7145
0.71285
0.70146
0.66374
0.70469
0.68234
0.66222
0.70146
0.70632
0.68707
0.66374
0.69343
0.69502
0.68707
0.6792
0.66834
0.71779
0.69502
0.67608
0.69823
0.68234
0.66069
0.67608
0.68549
0.68077
0.69984
0.66988
0.7379
0.68549
0.66834
0.65766
0.67453
0.66834
0.66069
0.66222
0.68391
0.69183
0.67764
0.68077
0.67608
0.65313
0.64121
0.66222
0.67608
0.68865
0.69984
0.68865
0.73621
0.67298
0.67298
0.71779
0.69823
0.65464
0.6792
0.66527
0.70146
0.66222
0.66374
0.69663
0.66681
0.66527
0.66069
0.68391
0.69663
0.67453
0.69183
0.66681
0.66527
0.68707
0.67764
0.67143
0.70632
0.69343
0.68707
0.67143
0.65917
0.67453
0.67143
0.68077
0.68865
0.68865
0.67453
0.67143
0.69984
0.68077
0.69343
0.72946
1.1402
5.236
7.6208
5.9566
0.71779
1.028
0.89331
2.1577
7.5509
5.902
1.1298
1.1912
1.4488
0.76913
1.183
0.82604
2.6062
7.656
8.4723
8.6497
5.2
0.70632
0.69663
0.69823
0.70469
0.69502
0.66069
0.71945
0.6792
0.69663
0.88716
0.78886
1.0471
0.78524
0.82224
0.91411
0.9528
0.86099
1.0116
1.183
0.96161
1.5241
0.8892
1.803
5.6754
6.1376
7.925
0.88105
2.3388
10.617
7.4131
6.2951
4.8529
5.8479
1.0889
13.521
5.0466
12.331
8.7297
7.5683
7.1121
2.138
5.1761
1.0691
0.79433
4.6774
14.355
6.1944
8.531
2.0989
4.4566
6.9823
2.2594
1.1668
0.76736
0.73114
0.76384
1.2531
0.78886
5.6234
19.724
9.4624
9.4624
10.139
6.0954
7.6736
10.233
11.015
3.2434
0.81283
9.7499
8.3176
8.2604
11.614
9.3325
8.9536
8.9536
5.9979
2.799
9.7949
13.002
7.925
9.7275
6.9502
6.1518
12.942
7.4302
14.256
7.2778
9.247
9.506
9.4624
10.023
9.0991
8.356
1.4791
0.72946
8.2985
9.247
10.593
8.6298
15.136
14.454
6.9823
4.8978
19.055
15.704
6.9183
4.9545
5.3703
0.80353
0.76033
0.81283
1.7701
14.421
9.9541
9.3541
17.906
10.666
10.257
8.4333
11.298
10.399
9.3756
13.428
8.3176
11.885
6.7453
1.1092
2.6122
1.1668
0.80168
2.0417
2.0045
1.8323
1.094
14.655
21.727
1.6711
1.9907
8.414
8.0724
8.531
3.7325
3.1623
5.2119
6.3973
14.689
12.023
15.704
12.05
9.2897
10.139
7.9799
3.9719
0.8147
0.74645
0.76913
1.4791
3.1189
7.7446
10
8.6696
8.8308
8.1283
11.561
5.1761
8.5507
9.0782
10.28
10.046
9.506
10.965
10.069
9.4189
16.181
9.7499
6.5313
6.5766
8.8716
1.7742
3.9811
0.7925
0.86497
0.88512
0.85901
0.79983
0.81096
0.73114
0.74645
10.304
6.7608
8.147
9.6383
5.3211
8.9536
10.046
8.3368
10.046
15.849
10.162
12.882
11.561
10.864
5.0582
12.823
7.6208
8.7498
8.9331
10.116
9.2683
11.508
29.785
6.9663
2.5119
0.83368
3.6728
0.9247
1.2882
1.4125
4.9431
1.0423
7.7625
1.3002
1.0233
1.766
0.69663
0.69823
0.66222
1.1066
0.72277
1.1169
0.71285
0.71945
0.80353
0.75509
0.7656
0.7379
0.75336
1.0447
0.8995
0.80168
0.7709
1.1092
1.0423
0.93756
0.68549
0.67298
0.69984
0.68549
0.69823
0.66069
2.5823
1.0914
1.0715
1.1455
1.256
1.2503
1.0839
1.0568
1.3305
1.3709
0.83176
1.0093
1.2823
1.1749
0.98855
1.0641
1.194
1.0965
2.6853
0.73961
0.66988
0.64417
0.66681
0.68865
0.68865
0.64714
0.67453
0.65766
0.6792
0.65163
0.66834
0.70469
0.73114
0.68865
0.68077
0.68549
0.71945
0.7145
0.67143
0.69663
0.66374
0.72444
0.67608
0.71121
0.68707
0.67298
0.70795
0.69183
0.69183
0.68549
0.66374
0.65313
0.69502
0.68707
0.69343
0.64417
0.66988
0.67143
0.70469
0.68549
3.3729
1.4928
0.68234
0.68549
0.64863
0.67143
0.65464
0.65917
0.66527
0.66222
0.65313
0.65013
0.68234
0.65163
0.65766
0.69663
0.66834
0.66222
0.67608
0.70632
0.65766
0.65615
0.70307
0.70146
0.68549
0.70795
0.72778
0.67298
0.66681
0.70795
0.70469
0.67143
0.69663
0.68549
0.69984
0.66527
0.68865
0.65464
0.67608
0.66988
0.6792
0.69823
0.6792
0.67764
0.70146
0.68391
0.68707
0.67608
0.68077
0.70795
0.66527
0.66527
0.66681
0.63973
0.65013
0.70795
0.7145
0.69343
0.66834
0.66681
0.67608
1.0209
1.2677
0.99541
1.122
0.90157
0.9594
0.91622
1.0914
1.3122
1.0765
3.3343
15.031
15.996
10.351
10.617
11.967
10.375
5.358
0.77446
7.8524
13.152
7.4989
12.677
10.666
1.9011
10.593
15.704
10.99
11.298
1.0162
6.0534
8.3753
16.444
15.453
9.7275
17.701
12.503
1.2445
1.4322
0.78343
0.89743
1.4421
6.9024
11.324
17.539
12.218
9.0991
6.9024
17.742
11.376
12.388
14.322
1.2023
1.714
12.359
13.428
10.839
9.528
6.2661
16.943
13.932
10.691
14.06
8.3753
1.6596
3.2509
0.83753
7.5336
16.749
11.402
9.8401
8.9743
8.3946
10.666
7.9616
10.162
8.8512
16.218
14.689
7.1779
10.423
23.605
13.932
9.7275
18.197
0.99541
0.89331
1.2735
12.942
13.032
10.593
17.418
13.243
10.375
11.749
13.49
8.5507
8.8716
9.4842
17.298
10.74
12.134
0.92897
2.8708
0.79433
0.87096
0.7709
0.74645
0.7145
1.4655
0.74989
0.73282
0.72444
5.1761
10.328
8.9743
9.594
8.9331
7.0958
1.3274
6.8865
13.552
15.996
10.471
11.169
8.9331
5.236
7.5683
16.982
8.5507
9.3325
11.066
13.122
12.647
12.246
12.162
9.9541
13.583
3.1477
4.2954
0.87297
4.3053
15.922
12.706
18.793
14.791
19.364
9.6828
4.2267
4.0551
13.9
9.2045
10.965
13.996
8.1096
9.4406
16.982
12.106
12.388
8.091
2.9854
0.76033
1.0375
2.3067
17.865
12.417
9.5499
8.4528
10.023
8.5901
11.749
13.032
11.722
15.922
12.474
1.7061
1.6032
1.5241
7.2946
12.474
3.3729
0.8091
0.70958
1.0162
0.84723
0.82794
0.77268
0.95719
1.0351
0.76208
0.90991
0.98401
1.9679
7.4131
14.859
8.8105
12.474
12.853
14.355
9.0782
13.213
1.3213
16.904
8.3368
13.9
1.1588
1.4223
1.6032
2.729
2.6853
15.311
16.255
19.498
9.247
10.304
11.376
14.928
8.4528
42.462
16.032
12.106
11.94
9.3325
12.134
10.864
19.679
16.144
12.106
10.765
13.335
10.765
9.3756
8.2794
15.101
12.078
14.421
16.032
17.701
15.631
16.711
10.99
11.169
11.117
10.617
14.028
11.885
0.73114
0.85901
0.74645
1.0471
0.72946
0.7925
1.4355
13.459
11.967
15.031
14.825
9.1622
12.078
12.56
9.7949
17.258
11.776
11.588
12.589
16.558
15.241
17.66
11.298
7.9983
15.417
12.56
11.376
10.568
9.7724
17.338
16.982
22.029
15.524
12.331
9.1622
15.101
20.324
19.187
2.0701
1.4791
11.066
13.646
8.2794
7.7268
11.298
9.8401
14.125
17.418
13.552
13.614
18.365
13.274
12.445
10.864
17.66
11.015
10.94
9.9083
1.0162
0.77983
9.2045
16.943
29.376
8.5704
10.839
8.2035
15.101
10.715
17.14
11.246
9.8855
0.76736
0.80538
2.6363
0.77268
0.72778
0.70307
1.7824
14.622
13.521
8.9125
10.641
18.793
4.1687
2.5468
1.6032
1.8967
12.445
11.298
15.668
17.865
19.231
10.52
10.864
15.959
11.967
23.442
2.8445
16.218
12.794
