2.0417
8.6696
5.7148
3.3729
27.733
57.81
1.6943
5.236
1.3428
2.208
0.88716
1.0691
0.9594
1.3459
1.3366
1.3366
1.3366
1.3366
1.3366
1.3366
1.3366
1.3366
1.3366
8.3176
11.169
6.0256
7.8705
0.69502
0.73451
1.574
0.72444
1.0186
8.6696
13.335
0.84333
0.77625
0.7656
1.3428
0.88105
12.359
1.5631
0.73114
0.79433
4.6345
2.0701
1.1588
5.035
2.2233
1.3868
0.9506
0.86696
0.94842
0.78524
0.93111
0.74473
0.73961
0.68077
0.80168
0.70469
0.78163
1.1143
0.86099
0.97724
3.0409
5.6364
4.6345
1.3002
1.71
3.0549
1.0789
19.275
7.9799
0.81658
0.71614
1.4388
6.2373
4.0365
1.3996
0.93972
1.2474
0.99083
0.98401
1.4322
3.4594
1.6749
0.75162
1.5488
0.72277
0.71285
0.74473
0.70632
0.74302
0.69502
0.70795
0.75336
0.8995
0.73961
2.1281
0.93325
2.8907
12.078
1.1143
9.6383
1.7338
3.3497
1.6368
3.3963
2.0137
15.704
8.2985
3.0409
0.91201
0.79433
2.8249
0.74131
0.70146
0.68707
0.70307
0.73114
0.71779
0.73282
1.8323
0.67453
0.66834
1.39
0.77446
0.67453
0.71285
1.9999
8.7297
0.74302
0.80538
1.9187
0.69663
0.70469
0.71285
0.72277
3.2961
0.67453
0.78163
0.75336
2.4604
0.69823
12.246
0.71121
1.7824
1.2618
14.488
12.162
19.815
12.823
0.71614
0.77804
3.4119
11.967
2.9992
2.037
13.677
1.3002
1.9679
0.94624
0.69183
0.74473
0.69823
0.74645
0.88716
0.94842
0.71121
0.67143
0.75162
0.82794
2.2284
0.78163
22.439
7.2778
1.1588
8.6896
1.0399
1.1376
1.1117
1.0304
0.93972
0.78886
0.89743
7.9616
0.92045
17.824
13.335
15.524
0.96605
5.4075
16.181
1.3152
8.2604
13.183
0.8995
10.423
16.482
10.375
0.83368
1.194
1.7824
22.699
21.135
1.0568
0.78163
5.8884
12.106
0.90157
0.87498
19.498
10.568
12.246
1.5346
7.4645
10.209
0.92257
1.1194
0.68391
0.73114
0.74473
0.65615
0.68865
1.1776
7.656
0.75336
9.6828
0.74302
0.78163
2.0606
13.868
8.3753
21.232
17.579
0.77804
0.78705
1.0814
0.73282
0.71121
0.67764
0.73114
0.68391
0.67608
0.66527
0.68077
0.88512
0.69663
19.953
16.904
1.6218
0.88512
0.98855
16.634
15.922
14.757
11.588
9.4842
6.2661
1.0889
1.9953
5.3951
1.0666
0.99541
25.882
19.143
10.889
22.803
28.184
0.91201
3.6898
12.531
0.77983
1.0351
0.72444
0.82414
0.79616
0.77983
0.72946
0.67608
0.72111
7.7446
0.73451
13.032
22.856
2.7416
16.52
20.091
12.503
21.232
5.559
11.015
0.79983
0.77804
0.73114
24.434
23.227
5.9979
1.4689
1.1066
24.946
22.336
17.783
2.3659
1.3459
2.5942
16.069
18.03
17.865
19.634
17.418
9.0157
1.0093
0.84333
0.89743
7.4473
2.4266
13.804
24.434
24.21
1.6406
0.98175
0.77446
12.853
32.137
25.468
17.298
1.1614
0.86099
8.3753
0.75858
0.73114
1.0304
1.1535
0.90782
19.364
21.429
14.962
1.0447
0.99083
8.5704
25.645
23.014
5.4954
21.086
17.219
1.219
0.91833
3.7584
1.0789
1.1272
1.0351
15.74
21.33
13.9
21.086
18.493
26.242
0.95499
14.388
20.512
17.258
0.97499
12.05
17.061
0.90365
0.9594
15.996
17.298
1.2303
3.3037
32.509
22.029
19.143
0.98401
3.0903
1.219
9.0782
14.388
12.735
15.56
12.134
19.815
11.508
0.74817
1.4093
0.91201
0.8414
1.1169
0.86298
0.72277
25.061
22.699
25.293
16.255
19.999
21.429
1.099
1.3335
0.82604
25.586
29.785
20.654
25.823
1.5631
15.101
29.444
21.38
0.89743
19.454
11.402
5.1404
22.336
25.645
25.41
18.239
1.3032
1.194
1.0257
1.0447
7.8163
29.648
31.405
24.434
17.783
30.339
20.324
0.83368
11.776
18.072
30.479
30.903
18.155
25.882
5.2481
5.2
19.231
13.9
11.169
17.458
31.55
30.974
22.439
25.823
29.242
25.763
26.73
0.877
0.92897
14.488
30.479
27.99
1.5241
1.3213
2.4099
18.197
29.648
1.6181
1.2359
0.96161
22.284
27.542
33.651
18.75
9.0157
1.9861
0.87902
0.99312
1.0093
1.1885
1.0471
1.3152
8.5901
24.099
29.04
27.29
33.574
1.1194
2.6669
17.14
23.605
26.363
29.512
25.527
20.749
21.878
13.868
13.583
1.094
0.92045
7.145
0.90991
1.2764
1.2078
6.2087
1.028
1.5959
23.823
22.439
27.861
18.621
27.164
15.346
1.39
0.86896
0.78886
3.3963
16.444
1.3397
0.68234
0.67608
0.98175
0.97949
0.85114
2.6002
0.98855
1.6144
26.182
18.75
17.539
0.74645
9.9312
5.559
0.96828
1.5136
4.2462
3.1477
1.0765
1.9815
0.84333
0.99083
14.655
31.769
15.241
26.607
26.669
27.733
27.416
26.062
25.586
33.574
27.102
22.131
13.397
1.5885
19.543
12.618
13.335
28.445
16.558
21.086
19.364
17.298
15.812
0.72611
27.29
24.322
23.121
24.946
3.9537
1.0544
1.0257
0.77625
6.2087
20.845
16.331
35.237
10.715
27.542
19.907
23.933
8.7297
20.464
21.281
2.7164
1.4962
2.421
20.091
34.754
19.861
24.717
13.002
0.78886
0.7709
0.94624
13.552
26.424
17.061
1.766
3.1477
17.061
27.227
7.4473
21.928
26.73
1.0093
18.967
18.664
30.339
31.189
19.32
26.242
25.351
36.983
22.491
26.669
17.783
0.64863
1.3521
29.785
22.336
22.439
8.9536
24.547
13.996
18.072
7.1945
15.417
24.099
25.882
27.861
13.9
10.375
10.889
8.0168
12.474
6.2951
4.6238
16.711
12.445
21.528
11.885
3.54
0.99541
5.188
12.735
27.353
25.003
5.1523
0.66527
0.83368
10.304
8.6497
0.83176
0.82035
0.71614
0.68549
18.923
0.96605
0.80168
0.72946
0.77268
0.8531
0.9247
0.90782
1.2162
1.1995
1.4289
1.3932
10.965
22.646
34.514
22.961
29.107
25.763
14.622
8.5704
22.029
23.55
10.116
15.596
25.119
30.69
21.33
1.1858
1.9143
23.714
22.029
12.589
24.266
34.198
25.882
22.284
27.102
20.606
1.2162
16.672
21.38
22.856
16.144
16.711
17.906
21.281
1.0789
1.6596
2.1827
1.6943
13.646
17.179
22.131
15.241
0.98175
8.6298
17.378
11.482
1.1695
3.3963
3.2137
1.5382
0.79799
0.76384
10.839
20.606
24.547
15.346
3.4041
9.3541
0.8995
1.1169
1.0069
1.074
4.4566
27.04
23.823
15.56
24.099
24.831
18.365
19.055
2.7733
25.882
23.768
20.797
26.242
20.845
24.547
23.281
20.184
24.946
26.424
1.2503
1.0691
0.84918
0.76913
0.77983
0.84333
15.704
14.555
1.0765
1.1535
10.471
23.388
18.621
3.3651
3.5156
7.7983
0.92045
0.80538
1.0715
0.7709
0.83368
0.92257
0.9247
1.1092
1.1402
1.1561
1.1194
1.2359
1.1967
1.2972
1.4028
0.99083
2.8642
0.94624
1.0375
1.2078
0.95719
1.0257
0.84918
1.9498
3.342
3.062
15.311
28.379
28.51
22.909
14.588
17.258
24.604
26.546
34.754
26.424
13.677
15.488
29.648
24.946
11.776
12.445
30.761
17.579
22.131
18.793
19.634
15.959
6.2087
0.91622
2.4604
8.77
14.322
19.953
8.77
2.7669
3.6392
0.81283
1.0209
1.1455
0.98628
1.6032
1.2162
11.194
28.119
22.284
0.81096
0.88105
0.98175
0.80538
0.90991
0.8892
1.0023
1
1.2134
0.89331
0.98628
0.92683
0.85901
0.97724
7.4473
23.823
23.442
21.627
12.417
18.836
18.664
0.7925
21.827
29.58
25.586
17.1
22.131
14.825
16.144
9.3756
17.783
17.061
17.989
19.143
1.1402
0.86298
0.76913
0.84528
2.1777
0.82224
2.0512
0.82985
0.80353
19.588
28.054
22.961
7.5683
0.78705
0.78343
0.71614
0.71779
0.66834
0.85901
0.73621
0.67143
0.82224
6.9663
11.508
27.164
15.066
24.889
26.182
26.915
4.0272
30.549
25.177
2.2336
1.2853
0.74473
2.7102
0.95499
0.98855
1.2531
1.4488
15.311
15.453
25.351
27.542
29.648
23.335
10.94
9.0573
27.102
25.468
16.866
8.4528
11.995
11.092
17.1
28.184
32.81
16.032
4.8641
0.7925
0.72277
0.86497
12.445
19.011
22.751
34.834
24.717
21.232
22.182
20.091
14.125
21.38
0.91833
13.152
1.6444
1.3996
0.70958
0.80538
0.76208
0.84918
0.78163
0.79068
4.4875
19.231
23.714
18.664
18.281
16.255
18.493
30.62
21.281
14.521
1.0093
2.0606
1.5346
0.94842
13.709
6.6374
0.95499
1.0641
0.66681
0.92257
0.8147
0.73282
0.69183
0.66069
0.70795
0.64714
0.65464
0.79068
0.65313
0.65917
0.66681
0.81283
2.5882
0.66988
0.6792
0.83368
0.74645
1.0209
0.7656
0.88716
0.91201
8.7096
7.709
1.4928
0.82414
0.80538
0.93972
0.79433
0.86497
0.76913
6.9984
0.97724
0.86696
3.2211
3.3113
0.87297
1.0617
1.0069
1.0864
2.0512
0.69663
0.65766
1.6406
1.1429
1.099
1.3032
1.3397
1.3772
1.1194
1.2078
1.1803
1.5704
1.1092
0.74473
0.66527
0.74473
0.7379
0.73282
0.7379
0.69823
0.70146
0.72778
0.91411
0.66222
0.71614
0.75162
0.65615
0.69502
0.72111
0.68865
0.70958
0.76033
0.69823
0.73114
0.67298
0.72111
0.67298
0.64714
0.74473
0.6792
0.72611
0.67608
0.70307
0.68549
0.67608
0.65163
0.67453
0.69183
0.74473
0.72946
0.75509
0.70958
0.73114
0.74645
0.69984
0.77268
0.73961
0.69984
0.68549
0.69663
0.77446
0.72111
0.7379
0.67298
0.70146
0.70795
0.69663
0.77983
0.70795
0.70795
0.67764
0.76208
0.71285
0.74473
0.75509
0.72778
0.67453
0.70958
0.72611
1.1535
0.73621
0.74473
0.72111
0.8091
0.83753
1.0351
0.78705
1.2823
0.75509
0.84333
0.92683
0.76384
0.7145
0.72611
1.0304
0.70958
2.4946
0.82794
0.80168
1.1041
0.79433
1.4093
1.2023
1.0471
1.3002
0.9247
0.9594
0.93541
4.0272
1.4488
1.0839
2.7542
0.7925
0.69183
0.73282
0.74131
0.86099
0.66834
0.64121
0.73451
0.68077
0.67453
0.68077
0.69343
0.65013
0.65766
0.68707
0.68077
0.71285
0.68077
0.68234
0.66374
0.65766
0.67143
0.70958
0.63826
0.69024
0.71945
0.71285
0.67453
0.69663
0.66988
0.66222
0.68707
0.67453
0.69984
0.68707
0.65615
0.93972
0.85507
0.71614
0.79433
0.83368
0.88308
0.82794
0.74817
0.67298
0.74817
0.71121
0.93325
0.7145
4.1879
7.2277
3.4995
0.79799
0.79068
0.8147
0.74473
0.87498
0.95719
0.89125
0.90991
0.85507
0.77446
0.87498
0.85901
1.3243
1.3583
0.94624
0.89331
4.6238
0.89743
0.8892
9.247
4.3152
1.0814
0.98855
13.366
2.7353
0.68865
0.68077
0.78705
0.72946
0.66681
0.69663
0.69024
0.65313
0.71614
0.69343
1.1402
0.67764
0.72946
0.74817
0.67143
0.71945
0.74302
0.71614
0.69183
0.65313
0.82604
0.77625
0.71945
0.71779
0.74817
0.72444
1.3305
1.7418
0.80538
1.0914
1.1803
3.0832
0.75336
0.77804
0.93972
0.96605
0.877
0.84723
0.88308
0.88716
0.80353
0.88512
0.80724
1.0257
0.86696
0.82985
0.89331
0.90991
0.73282
0.81658
0.84723
0.81096
0.8414
0.90782
0.82794
0.9594
0.76033
0.81283
0.83176
0.89536
0.80538
0.94406
0.95719
0.90157
0.77446
0.92897
0.8892
0.76913
0.83176
0.8356
0.80353
0.93756
0.83946
0.77625
0.87498
0.79068
0.80353
0.90157
0.91201
0.94406
0.75683
0.79068
0.87096
0.97499
1.0351
0.81658
0.98175
0.80538
0.93972
0.79616
0.84333
0.77268
0.77983
0.90782
0.78705
0.89536
0.9506
0.77983
1.0093
0.82035
0.92897
0.8356
0.84333
0.84333
0.8147
0.9247
0.86298
0.77983
0.83753
0.83368
0.94189
0.83946
0.69823
0.8091
0.77983
0.92257
0.81846
0.79983
0.78343
0.78524
0.78163
0.86497
0.84333
0.82224
0.82794
0.7925
0.92257
0.86497
0.73451
0.83753
0.88512
0.93756
0.97051
0.93541
0.83753
0.8892
0.84528
0.76033
0.83753
0.91833
0.79983
0.86497
0.79433
0.87498
0.90365
0.9528
0.85704
0.85114
0.82794
0.92683
0.83946
0.72611
1.7022
2.0893
1.8967
0.70307
0.70146
0.72946
0.74989
0.72946
0.74989
0.71285
0.73621
0.68865
0.74817
0.69823
0.69183
0.66988
0.72444
0.72111
0.78163
0.73621
0.65917
0.69663
0.73621
0.77983
0.72111
0.76033
0.73961
0.72778
0.72111
0.69502
0.73451
0.75509
0.73282
0.79983
0.65464
0.78524
0.65013
0.73114
0.71121
0.74817
0.73282
0.70632
0.76033
0.70632
0.78524
0.72277
0.82414
0.75336
0.72611
0.76033
0.75858
0.73961
0.77268
0.81658
0.66988
0.78524
0.71121
0.72111
0.7379
0.87096
0.72277
0.68549
0.76033
0.69663
0.72444
0.73282
0.98628
0.68234
0.8531
0.72277
0.71614
0.7145
0.70958
0.72611
0.69663
0.71779
0.66834
0.70795
0.72111
0.69502
0.76033
0.73621
0.72611
0.6792
0.74473
0.63826
0.67764
0.67298
0.69823
0.68234
0.70307
0.72946
0.69663
0.64565
0.69984
0.73451
0.67764
0.68707
0.72277
0.64565
0.66527
0.73282
0.72444
0.68391
0.65615
0.68077
0.68077
0.73114
0.68234
0.69663
0.67453
0.7379
0.70469
0.69984
0.66988
0.65013
0.65313
0.71285
0.7145
0.65313
0.6792
0.67453
0.69663
0.69183
0.69823
0.70958
0.7145
0.68077
0.71779
0.70146
0.70146
0.74473
0.65464
0.75336
0.70307
0.74645
0.68865
0.67764
0.83176
0.78886
0.69183
0.86099
2.1627
1.4191
0.88716
0.8531
0.83368
0.8091
1.5101
0.63533
0.63533
0.63533
0.70958
0.68707
0.67608
0.6792
0.63533
0.65917
0.67764
0.66834
0.69024
0.66527
0.69024
0.68391
0.83946
0.69024
0.75858
0.86896
0.66681
0.77804
0.84333
0.71285
0.71614
0.77983
0.71945
0.75858
0.70307
0.8414
0.84528
0.68234
0.70632
0.69183
0.67453
0.66988
0.68707
0.76913
0.80538
0.6792
0.68865
0.67298
1.1455
2.9242
0.84333
0.7925
1.2503
0.81283
0.91411
1.0789
1.0023
0.96605
0.85901
0.89743
1.0328
0.85114
0.93756
0.85704
1.0765
0.88308
0.92045
1.0814
1.122
1.1092
2.5235
0.91622
0.70795
0.84723
0.82224
0.79616
0.77268
0.79983
1.0864
1.9953
0.90157
0.75336
0.81658
0.74817
0.98628
0.82414
0.78705
0.80538
0.79616
0.76736
0.65615
0.72444
0.7379
0.81658
0.74645
0.72611
0.76384
0.73282
0.72444
0.70146
0.65163
0.72111
0.71614
0.7145
0.71285
0.70795
0.74989
0.71779
0.70958
0.73282
0.68865
0.70958
0.7145
0.76033
0.85704
0.71779
0.67453
0.68077
0.71614
0.71614
0.67143
0.74817
0.70632
0.76033
0.68391
0.68707
0.76208
0.877
0.75858
0.70469
0.69183
0.74473
0.71614
0.78524
0.8147
0.71121
0.69984
0.68077
0.7925
0.7379
0.78163
0.67298
0.78343
0.6792
0.66988
0.72444
0.70632
0.67298
0.66681
0.68391
0.65615
0.69663
0.67143
0.76208
0.69663
0.70632
0.66222
0.73621
0.72277
0.7379
0.67453
0.67453
0.69183
0.66374
0.77268
0.7709
0.85114
0.75336
0.72444
0.70146
0.75858
0.80724
0.81096
0.68077
0.74989
0.76208
0.69502
0.73451
0.83368
0.76208
0.72946
0.69343
0.75858
0.67453
0.68707
0.68077
0.68707
0.66988
0.76384
0.71779
0.7709
0.70632
0.68707
0.7145
0.79799
0.74817
0.67298
0.73114
0.74131
0.68865
0.72946
0.68077
0.72277
0.70469
0.70795
0.68549
0.73451
0.68549
0.73621
0.74989
0.70795
0.78524
0.71121
0.79799
0.66222
0.74473
0.71285
0.68707
0.69502
0.67298
0.78524
0.74302
0.73282
0.74817
0.71285
0.75509
0.6792
0.82794
0.86099
0.69823
0.75162
0.78705
0.82985
0.66527
0.77625
0.72277
1.4388
0.78524
0.76384
0.87902
0.77446
0.79616
1.0257
0.87297
0.82224
0.80538
1.5031
0.79068
0.74131
0.71121
0.68707
0.70146
0.70469
0.74645
0.70307
0.66988
0.69823
0.72611
0.75683
0.68391
0.69343
0.8356
0.70795
0.73621
0.66834
0.76913
0.78343
0.69823
0.73282
0.73621
0.74131
0.66988
0.72946
0.7656
0.7656
0.73282
0.72277
0.80353
0.68391
0.77268
0.72111
0.67764
0.82604
0.7145
0.66222
0.71285
0.70795
0.69984
0.72444
0.7379
0.7379
0.7709
0.73961
0.70958
0.76384
0.66988
0.72611
0.75683
0.74645
0.73621
0.72444
0.75336
0.87297
0.73282
0.74817
0.73282
0.75858
0.76913
0.80724
0.72946
0.69823
0.71121
0.78705
0.72277
0.7709
0.77983
0.73114
0.74131
0.70146
0.74989
0.73961
0.75509
0.76384
0.69024
0.69343
0.71121
0.70795
0.71779
0.74131
0.72946
0.74989
0.72444
0.75683
0.72946
0.67143
0.72277
0.86099
0.73282
0.66374
0.74817
0.80353
0.72778
0.70795
0.75683
0.83368
0.68549
0.76913
0.89536
0.75336
0.8091
0.74302
0.75683
0.74302
0.73621
0.77268
0.70632
0.75336
0.8147
0.76913
0.69823
0.78343
0.72946
0.69024
0.82604
0.71779
0.67608
0.78705
0.72611
0.65917
0.68391
0.75162
0.69502
0.72277
0.75509
0.68391
0.70469
0.74989
0.71945
0.72611
0.72277
0.79068
0.81846
0.77625
0.74989
0.89743
0.79433
0.77625
0.86099
1.0046
0.85901
0.877
0.76913
0.82224
0.88716
0.90573
2.0091
3.7068
0.70958
0.64714
0.78886
0.68549
0.69343
0.70632
0.78343
0.70146
0.68234
0.66069
0.68234
0.67143
1.0399
0.78705
0.90782
1.2853
0.88105
1.0304
1.2331
1.1614
1.6368
0.9594
0.81096
0.94624
1.406
1.3243
1.1912
1
1.2912
0.95719
0.81658
0.9594
1.2972
1.3964
1.0666
1.0351
1.574
1.2445
2.2803
0.65013
0.65917
0.73114
0.70307
0.71121
0.65313
0.69343
0.67453
0.6792
0.74817
0.78705
0.85114
0.90991
0.75858
0.82604
0.99541
0.79433
0.89536
2.3067
0.75336
0.70795
0.68077
1.0162
0.72946
0.73282
0.74817
0.74473
0.72778
0.66222
0.69183
0.65464
2.1281
1.4791
0.7379
0.87498
0.82985
2.3988
0.69024
0.81658
0.68707
0.74473
0.68234
0.71614
0.68865
0.7709
0.70632
0.80168
0.76736
0.75858
0.68707
0.72444
0.68707
0.74131
0.72611
0.67143
0.68391
0.66681
0.66069
0.69502
0.69343
0.70469
0.96383
0.69823
0.66988
0.68391
0.67608
0.69024
0.69984
0.67453
0.66527
0.74989
0.68391
0.67608
0.70146
0.71779
0.77804
0.74817
0.75683
0.65917
0.66988
0.75162
0.70469
0.71779
0.78705
0.66988
0.69663
0.74302
0.75509
0.76208
0.75336
0.72444
0.71779
0.69502
0.69343
0.67143
0.68707
0.75336
0.68077
0.71945
0.68077
0.71285
0.86497
0.69343
0.69663
0.75162
0.69343
0.71121
0.70469
0.69024
0.74473
0.69823
0.71121
0.75509
0.70146
0.69663
0.69663
0.66069
0.74302
0.72946
0.77446
0.70146
0.70146
0.66069
0.70469
0.72778
0.7145
0.72111
0.68391
0.71285
0.67608
0.72277
0.66988
0.75683
0.68077
0.75509
0.66681
0.69823
0.68865
0.70632
0.73282
0.71614
0.69024
0.72778
0.67608
0.73621
0.66988
0.68077
0.71121
0.67764
0.65163
0.73621
0.70632
0.69984
0.79433
0.62951
0.67143
0.70469
0.67453
0.75336
0.75509
0.69183
0.68707
0.66681
0.68391
0.65313
0.68077
0.67143
0.67453
0.69984
0.73114
0.74473
0.67608
0.73621
0.65917
0.69024
0.70958
0.70795
0.72946
0.71121
0.70632
0.71121
0.68865
0.7379
0.69183
0.71945
0.67608
0.70307
0.66834
0.70469
0.70632
0.72778
0.81658
0.72946
0.69823
0.71121
0.72277
0.70146
0.7379
0.71285
0.69502
0.68549
0.74131
0.76736
0.65615
0.66681
0.70795
0.69183
0.69502
0.69823
0.72111
0.71614
0.76033
0.71945
0.82414
0.67764
0.70146
0.87498
0.64417
0.69183
0.70632
0.77446
0.7656
0.70307
0.70632
0.70146
0.73282
0.74645
0.72778
0.75162
0.70469
0.69663
0.77804
0.8356
0.71614
0.76033
0.74473
0.77983
0.69183
0.72444
0.7709
0.67143
0.76913
0.7145
0.70632
0.66374
0.8147
0.71945
0.79799
0.67453
0.70146
0.70632
0.73114
0.7145
0.7145
1.2078
0.71945
0.92683
0.84333
0.83753
1.0257
0.76384
0.78886
1.0023
0.7925
1.1885
0.82414
0.83753
0.70307
0.72611
1.6331
2.2491
0.74473
0.71614
0.71945
0.7709
0.72611
0.70307
0.70469
0.71614
0.82794
0.71285
0.7709
0.72946
0.67608
0.68234
0.78886
0.76208
1.8923
1.888
1.0495
0.85114
1.7061
0.94624
1.5101
1.7418
0.73114
0.81283
0.63973
0.65013
0.64417
0.69984
0.68707
0.62517
0.70958
0.84333
0.71285
0.74817
0.83946
0.91411
0.81658
0.87902
1.028
2.1478
0.76913
0.68865
0.73114
0.70958
0.71614
0.78705
0.68391
0.68391
0.68077
0.71614
0.73961
0.70146
0.72778
0.79068
0.66681
0.67143
0.66069
0.72611
0.75509
0.64863
0.71779
0.72946
0.71121
0.72946
0.73282
0.68234
0.71614
0.7656
0.73451
0.69502
0.66527
0.71614
0.73114
0.66527
0.69663
0.69343
0.69984
0.68707
0.81283
0.68234
0.81096
0.69823
0.72611
0.73621
0.68391
0.68077
0.77983
0.7145
0.69663
0.67143
0.66222
0.69343
0.68865
0.71945
0.71121
0.74989
0.7925
0.66681
0.78343
0.70469
0.71945
0.70146
0.79433
0.69502
0.71285
0.7925
0.70469
0.68707
0.68391
0.72778
0.69502
0.69024
0.72277
0.66834
0.72277
0.71285
0.70795
0.69183
0.7145
0.73451
0.66222
0.69984
0.72611
0.72611
0.72444
0.73451
0.69183
0.68391
0.67764
0.7379
0.7709
0.68549
0.69823
0.70307
0.69663
0.69663
0.65464
0.70469
0.73282
0.72111
0.71779
0.69343
0.72778
0.70469
0.68391
0.63973
0.66681
0.68077
0.67143
0.67608
0.77804
0.65013
0.67453
0.68234
0.66988
0.70958
0.69984
0.74645
0.72946
0.65013
0.69343
0.67298
0.67608
0.69663
0.67298
0.74473
0.72444
0.66069
0.73961
0.65163
0.66834
0.69984
0.69984
0.68865
0.69183
0.68707
0.70307
0.68234
0.66834
0.74645
0.66374
0.71121
0.64863
0.70632
0.69502
0.68077
0.69823
0.7709
0.64863
0.70307
0.82224
0.70958
0.75336
0.66527
0.70469
0.72778
0.64121
0.67608
0.70795
0.73114
0.67764
0.70469
0.67453
0.72277
0.69663
0.67298
0.69024
0.69823
0.62951
0.75509
0.65464
0.79068
0.71285
0.67143
0.75683
0.69183
0.66222
0.68077
0.67453
0.71614
0.70146
0.74645
0.73621
0.69183
0.71121
0.66527
0.70795
0.66681
0.69823
0.69984
0.70469
0.76736
0.75162
0.72946
0.78163
0.68077
0.71614
0.72444
0.69984
0.8356
0.8995
0.75336
1.652
0.80724
0.78886
0.76736
0.79068
0.77268
0.7379
0.93111
1.0139
1.2474
1.4191
0.90991
0.99541
0.85704
2.3442
1.4894
3.2961
2.2542
0.73114
0.69183
0.70307
0.7656
0.87096
0.66834
0.7145
0.68549
0.71614
0.73282
0.79616
0.67298
0.73451
0.74302
0.79983
0.72111
0.69823
0.71285
0.67608
0.65313
0.6792
0.68077
0.67298
0.6792
0.72277
0.76913
0.69984
0.69823
0.64417
0.65917
0.72778
0.75683
0.72444
0.76033
0.72111
0.65313
0.70632
0.67764
0.72611
0.72611
0.70146
0.71614
0.72111
0.68077
0.66374
0.73114
0.72946
0.75509
0.6792
0.70469
0.70958
0.70469
0.69502
0.71779
0.69984
0.72444
0.7379
0.70469
0.7145
0.64863
0.71779
0.72277
0.72444
0.7709
0.70795
0.69663
0.69502
0.72111
0.68549
0.73114
0.66527
0.67298
0.66834
0.67453
0.73114
0.69183
0.78705
0.66527
0.73451
0.69984
0.66988
0.72611
0.74302
0.71285
0.6792
0.8414
0.75162
0.76384
0.62373
0.73282
0.65917
0.64863
0.79616
0.64269
0.66681
0.62806
0.64269
0.64863
0.64121
0.67608
0.65615
0.65464
0.66527
0.64863
0.65163
0.65313
0.95499
0.76913
1.6749
1.9999
0.83368
1.0471
0.81283
1.2331
0.97275
1.7378
1.3459
1.183
1.2474
0.8091
1.1535
1.4125
0.66834
0.66222
0.63973
0.67298
0.62951
0.66834
0.65766
0.69663
0.72946
0.7145
0.69823
0.67608
0.73451
0.67608
0.72444
0.66988
0.67608
0.66681
0.70958
0.65766
0.7145
0.74131
0.68077
0.73282
0.7925
0.76208
0.78886
0.74302
0.81283
0.77446
0.75509
0.73114
0.89331
0.81096
0.72946
0.82224
1.0666
0.6792
1.074
1.0023
1.0544
0.70469
0.69343
0.65313
0.65163
0.66222
0.66069
1.1995
1.3868
1.9861
0.88716
1.6368
0.7145
0.71779
0.69024
0.69984
0.73961
0.72611
0.69024
0.70795
0.67298
0.67764
0.69183
0.68549
0.70958
0.67453
0.68865
0.88512
0.83176
0.72946
0.73114
0.68865
0.75336
0.71614
0.74989
0.73621
0.76736
0.7379
0.69183
0.65464
0.72444
0.70146
0.74473
0.68234
0.72444
0.73114
0.74817
0.68549
0.69663
0.70795
0.69663
0.68707
0.72444
0.76384
0.71285
0.70958
0.75509
0.69024
0.75509
0.72277
0.70146
0.70632
0.72611
0.67764
0.72778
0.66374
0.74302
0.73961
0.71614
0.7656
0.73621
0.77268
0.79433
0.90157
0.79983
0.63973
0.67453
0.85901
0.76736
0.66527
0.66988
0.68865
0.69823
0.70307
0.74473
0.71121
0.73961
0.68865
0.74473
0.7145
0.76384
0.68391
0.75336
0.64565
0.71779
0.68707
0.72778
0.74473
0.69984
0.67453
0.79983
0.6792
0.78163
0.76033
0.6792
0.77625
0.72111
0.68549
0.66988
0.75336
0.70958
0.68234
0.70795
0.72111
0.71121
0.77625
0.7145
0.71614
0.68865
0.74645
0.71945
0.72611
0.79433
0.72277
0.67764
0.73114
0.71779
0.72111
0.71614
0.67608
0.72611
1.0069
0.7379
0.94624
0.73621
0.85114
1.6749
0.83368
0.76913
0.83368
0.72778
1.1967
0.74473
0.78524
2.9174
1.845
0.74645
0.7709
0.71779
0.71614
0.71945
0.76913
0.71285
0.75509
0.69343
0.77268
0.75509
0.68865
0.75162
0.72444
0.72277
0.69024
0.70146
0.72946
0.68707
0.80353
0.7145
0.73451
0.73451
0.69183
0.72778
0.68707
0.69024
0.73451
0.74302
0.76208
0.82985
0.74645
0.80168
0.70307
0.75336
0.7709
0.7925
0.91411
0.8091
0.74817
0.99083
0.75858
0.74131
0.70795
0.72946
0.76208
0.81846
0.7656
0.76384
3.581
1.0351
0.71614
0.66681
0.66527
0.74473
0.79433
0.74817
0.68234
0.78705
0.72277
0.75858
0.81096
0.73114
0.72444
0.72277
0.71285
0.81658
0.73451
0.80353
0.67608
0.79616
0.74473
0.74302
0.8147
0.71285
0.67298
0.69183
0.78886
0.8356
0.67298
0.73961
0.65013
0.73961
0.71614
0.7709
0.67143
0.70146
0.70469
0.65615
0.68549
0.7379
0.64269
0.66527
0.7925
0.75683
0.82035
0.87096
1.0328
0.91201
0.72946
0.87902
0.77804
1.3122
0.7145
0.82224
1.2618
2.7925
0.85901
0.84723
1.122
0.85901
1.6482
1.3002
4.0365
10.375
8.9125
13.646
11.482
1.2078
1.3459
2.8379
0.99312
13.062
19.815
10.52
2.2542
12.706
0.75336
7.8524
9.506
17.378
13.74
23.823
20.37
17.947
14.757
24.434
17.258
19.724
1.7498
0.96161
14.791
13.062
25.41
11.912
3.4119
1.8197
1.1749
1.0495
3.155
1.028
1.2359
1.0691
0.76033
1.1535
1.0814
1.0889
0.80538
1.1376
1.3183
0.7925
0.84528
1.0495
1.845
5.4325
10.495
0.877
3.5237
0.9977
1.1298
0.81846
0.66222
0.76033
0.70632
0.78886
1.6827
0.68391
0.69024
0.7379
0.74473
0.66374
0.74473
0.7145
0.73451
0.7145
0.68707
0.70307
0.77804
0.71121
0.74817
0.72111
0.69024
0.73961
0.75509
0.7379
0.72778
0.71285
0.79799
0.75162
0.74473
0.78524
0.84333
0.75858
0.75683
0.74645
0.70469
0.81846
0.68707
0.69984
0.72111
0.81096
0.68707
0.69343
0.70632
0.68234
0.70632
0.70146
0.72778
0.82414
0.70307
0.78163
0.70795
0.74473
0.75683
0.70795
0.76384
0.70795
0.72111
0.72111
0.77804
0.73114
0.73621
0.67764
0.79433
0.76913
0.71945
0.73282
0.71779
0.76384
0.77268
0.7925
0.68234
0.69823
0.6792
0.68549
0.72611
0.71779
0.71614
0.69823
0.69024
0.68707
0.68234
0.67764
0.69343
0.7145
0.72611
0.70146
0.69984
0.65163
0.92257
0.74817
0.67608
0.69343
0.7379
0.68549
0.71945
0.77446
0.72277
0.71285
0.68234
0.67143
0.72277
0.70469
0.66681
0.70469
0.66681
0.6792
0.72277
0.7379
0.69663
0.69183
0.70795
0.68077
0.69502
0.70146
0.68865
0.67764
0.68549
0.69024
0.73961
0.65917
0.68077
0.66527
0.70469
0.69343
0.65013
0.70469
0.66527
0.66527
0.6792
0.68865
0.67298
0.67453
0.68234
0.69663
0.70795
0.68077
0.67298
0.68549
0.68707
0.66834
0.68865
0.78524
0.74989
0.70307
0.67764
0.68391
0.67764
0.69024
1.0641
0.73621
0.70632
1.0447
3.7239
8.6896
1.1967
23.496
15.849
12.677
23.878
18.239
31.769
15.488
15.241
33.189
25.468
13.213
18.239
8.8512
2.3388
2.0893
1.0765
5.0699
22.131
19.099
24.774
12.706
14.689
15.885
13.092
16.255
19.187
2.2803
26.977
25.177
18.535
28.249
15.453
24.434
21.677
25.527
26.915
13.335
13.032
16.866
25.119
20.37
14.723
26.853
0.93111
2.8973
1.766
8.6696
21.478
20.23
32.885
25.061
9.5719
1.219
0.76384
9.6605
16.069
23.768
29.717
15.631
17.498
20.37
32.659
37.584
25.119
35.727
22.699
33.574
21.232
14.388
20.37
16.444
1.0328
0.79983
1.2359
8.2224
7.3621
18.03
16.482
19.861
23.55
23.933
3.54
5.3827
1.1066
1.3152
17.539
31.696
19.543
25.177
51.404
29.717
13.366
16.866
22.803
23.768
5.5463
12.078
22.491
12.274
20.893
25.468
20.417
11.858
21.878
15.205
1.349
0.82985
0.79616
0.76208
0.76384
0.76384
0.80353
1.4859
0.80168
0.64121
31.261
24.491
23.605
24.322
15.241
13.397
26.062
29.854
18.621
19.815
11.298
11.298
32.659
23.714
12.942
11.117
13.996
38.726
1.219
0.78524
4.3551
20.941
19.32
17.947
26.424
25.351
35.81
28.314
16.943
10.839
18.323
16.749
14.191
20.845
16.069
11.22
17.989
22.336
22.542
21.429
24.946
14.06
10.471
11.561
10
4.4259
0.7709
2.4547
5.8614
9.7949
28.907
16.181
25.527
13.868
14.388
13.183
12.706
12.735
8.5114
1.3521
5.188
2.8708
16.634
10.162
20.512
0.97051
11.695
21.281
19.143
14.125
14.997
12.417
7.3961
13.428
12.764
4.0644
0.88105
0.74817
0.73451
0.75683
1.9409
1.2106
1.6596
0.94406
0.9528
5.035
15.066
9.8175
23.988
19.364
19.187
17.742
10.715
4.2462
1.9724
1.5812
1.0093
1.3677
7.5683
18.323
15.382
27.669
25.704
21.429
9.5719
21.827
12.162
12.735
22.594
12.417
15.776
19.454
17.258
29.992
19.409
24.889
17.66
4.9545
1.9679
1.6218
12.331
13.74
11.455
14.06
15.996
12.246
23.605
20.464
10.023
2.1878
4.7753
13.243
10.375
17.989
20.512
9.977
6.166
6.9502
17.498
15.776
21.777
12.19
13.583
13.836
18.072
20.606
11.066
11.776
16.749
18.967
15.136
15.922
13.335
26.424
23.227
21.429
11.588
11.858
23.388
22.909
13.213
16.982
1.8281
11.143
16.52
13.964
17.947
15.276
9.7499
30.269
22.08
16.482
7.8343
22.803
15.382
22.594
9.5499
13.122
0.76208
0.73961
0.74473
0.8091
0.74131
0.74817
0.73114
0.87096
1.2388
0.74989
0.68077
15.596
15.066
25.645
17.906
23.933
10.568
1.6749
1.1749
1.205
1.5996
0.97949
3.3884
7.5162
11.272
22.284
15.136
30.269
24.774
14.028
29.58
15.776
11.776
22.029
25.645
10.914
19.815
13.964
12.05
8.8716
17.338
22.594
15.205
10.139
17.458
13.552
17.783
21.777
15.346
2.7416
8.7297
12.023
16.904
14.962
17.66
15.311
6.2951
10.116
12.388
13.062
26.363
19.231
20.512
25.41
9.506
8.0168
13.122
1.8281
0.79068
0.74989
0.73282
3.9084
0.87902
1.9907
14.421
14.689
19.953
19.543
11.35
1.2274
3.9902
14.093
4.3551
14.289
15.812
15.776
15.596
23.067
16.788
10.209
11.94
10.257
22.542
16.106
12.05
11.561
18.323
20.941
19.055
12.218
18.03
18.281
9.8628
24.044
9.7051
10.399
10.162
24.099
20.654
16.749
22.646
11.967
0.9977
1.0864
4.7315
17.742
14.223
14.655
10.351
19.861
16.406
13.677
10.52
11.482
16.482
10.74
20.137
14.06
19.588
17.579
0.89743
2.5882
0.97499
1.1169
0.77983
1.7906
0.77446
0.90573
0.73451
0.7656
0.74817
0.71614
1.3804
1.0765
3.9811
0.9247
1.0617
0.99312
1.028
1.3002
10.495
17.219
12.331
13.932
23.605
23.878
10.139
20.797
21.979
26.669
15.812
9.8175
20.797
0.93325
9.6605
14.223
15.776
16.406
14.723
16.982
20.137
21.979
23.121
18.239
12.823
11.376
14.191
6.1376
11.508
16.827
16.106
16.596
15.596
18.88
12.942
15.031
8.2414
12.853
9.594
14.028
17.947
17.947
12.531
1.3092
2.6062
1.6293
2.0941
0.82604
1.7989
1.0839
1.2531
14.454
18.239
22.08
10.864
13.932
16.52
14.028
24.266
23.442
15.346
20.701
24.044
14.06
10.162
5.9429
9.4624
0.95719
1.1614
6.4565
15.704
12.474
18.197
15.241
23.768
18.793
16.904
12.735
16.032
10.351
9.9312
1.5205
1.8408
0.96605
1.135
2.2594
6.1235
2.5942
0.85901
0.87096
2.4604
4.6026
19.011
18.836
13.032
15.171
14.859
23.388
23.014
5.5976
1.5453
2.2909
2.208
2.4717
1.7219
1.0351
1.0328
1.4997
1.3366
1.4488
2.5061
1.3152
1.4191
1.1614
1.845
16.634
28.054
15.205
25.586
27.164
23.496
16.672
16.144
24.831
9.1411
13.032
13.614
7.1614
9.5499
12.764
21.478
18.281
21.086
18.072
15.346
15.668
13.459
16.406
11.912
11.588
19.011
21.38
14.421
10.544
16.711
16.904
17.14
13.213
11.324
16.711
18.45
18.88
20.893
15.488
13.677
20.845
1.6181
0.75336
3.1189
0.74645
6.1094
27.29
17.947
14.689
14.555
32.137
21.038
22.542
24.322
15.776
18.621
11.117
9.9541
27.04
16.788
15.346
9.506
12.823
1.028
10.94
2.7861
11.535
9.4842
18.493
14.322
12.647
16.106
8.5114
1.1695
9.5499
11.092
16.788
23.823
14.454
19.999
16.106
14.521
19.454
13.397
10.94
15.488
22.491
27.606
21.677
21.528
21.677
0.76736
2.1038
4.6989
9.3541
1.6866
4.2756
24.378
18.793
18.75
15.241
15.631
18.493
24.717
12.503
1.1041
1.0139
13.092
13.646
20.845
14.355
30.269
1.0023
1.0889
2.5645
8.1283
13.709
15.241
21.086
21.281
25.645
25.468
22.439
11.885
11.376
19.454
13.428
17.418
17.258
17.378
15.205
1.183
0.82794
0.74989
0.76736
1.6827
0.94189
11.885
24.044
10.965
22.284
18.664
13.9
16.368
10.351
17.14
16.482
25.763
21.777
11.722
14.355
13.213
17.742
17.989
17.824
11.324
10.715
0.99083
0.77804
2.8054
0.96828
0.88308
25.235
11.695
16.596
23.823
16.144
9.247
8.3946
9.506
1.4223
1.3996
16.904
13.49
24.21
13.646
13.996
15.136
9.594
23.659
19.454
15.704
29.785
18.707
16.444
17.579
15.241
23.335
10.691
12.246
24.21
10.99
1.3521
12.794
15.849
15.136
26.853
14.622
24.099
23.496
19.409
16.106
12.677
17.219
13.305
20.091
11.455
0.76033
0.72444
0.76736
0.75858
0.84723
0.8091
0.79799
0.97275
0.75162
0.75162
0.77268
10.715
15.311
13.428
15.922
23.067
15.205
34.277
17.906
24.044
20.417
16.904
19.275
15.74
13.964
20.989
26.363
22.909
10.328
20.845
12.445
16.943
15.812
17.906
16.255
7.0307
3.9537
18.621
15.668
20.137
20.137
15.524
13.243
9.7499
23.988
16.749
18.836
12.942
15.74
27.164
19.231
19.32
14.421
22.491
25.823
22.646
19.364
7.7804
11.776
16.106
30.269
18.923
30.974
20.045
29.854
25.119
19.634
23.933
21.135
21.281
32.734
19.099
21.135
24.155
28.445
13.74
21.827
22.491
11.066
1.0965
6.4863
16.672
19.634
32.659
19.77
25.177
20.137
14.093
5.3333
24.66
25.942
17.14
0.98628
4.8753
13.677
15.776
24.21
16.982
29.174
15.171
25.177
22.699
17.061
20.137
10.471
18.836
34.435
19.409
21.627
32.509
29.04
20.845
33.497
18.155
18.113
16.331
25.119
17.14
24.491
23.014
17.458
10.715
22.233
15.996
28.379
16.218
17.498
22.646
28.379
23.933
0.99541
3.6728
16.368
11.912
23.823
26.182
21.528
23.823
22.909
15.417
14.289
18.03
21.38
21.086
8.7297
0.74989
0.69984
18.707
27.925
15.668
15.453
15.996
24.547
23.496
24.21
15.959
24.717
26.977
12.764
26.424
22.439
31.117
21.727
19.498
11.402
14.521
11.995
19.907
19.187
17.338
1.7458
19.143
27.29
30.269
16.255
13.397
18.967
19.32
20.277
18.493
19.231
14.928
16.181
20.989
19.275
24.946
12.023
23.227
16.749
14.655
23.55
3.3266
18.408
15.959
27.542
22.646
18.45
1.0447
0.7925
12.246
21.38
26.363
16.866
5.8076
20.37
17.989
15.959
1.2417
23.988
17.539
21.827
23.823
17.579
22.491
22.439
26.424
35.81
12.972
28.907
23.174
17.579
21.577
22.284
9.7724
17.701
21.038
20.654
24.889
28.119
25.468
20.701
31.696
22.961
27.102
15.56
26.363
26.122
23.335
19.543
26.424
19.275
27.925
7.7983
11.298
2.958
7.5336
15.031
27.606
34.119
13.032
34.914
29.992
17.022
22.182
19.77
12.106
35.892
34.356
56.105
33.497
27.606
31.117
36.475
32.211
47.973
