41.4
11.143
10.375
1.4622
3.2509
3.0479
1.6368
2.1528
0.90365
5.7677
9.7051
2.5177
3.5563
1.6331
2.0701
1.3583
1.074
1.0069
5.5976
1.3583
1.0328
0.82794
0.73621
1.4791
0.7925
0.74131
0.76384
6.3533
9.0991
8.892
8.2414
1.1967
0.9506
2.2387
4.14
1.0641
0.84528
1.0765
1.1695
1.0351
1.4256
1.0593
1.1588
5.3703
0.99312
1.1169
1.4388
1.0864
1.1092
1.9953
3.2885
6.8549
5.6494
0.97051
0.74989
3.3884
3.155
1.1803
1.4655
0.82794
0.9247
0.79068
0.72778
0.73451
0.7925
0.77625
7.4989
10.765
10.715
2.2182
0.93111
0.87096
1.4158
1.3397
6.5163
6.3826
6.5917
7.8705
6.3096
5.5719
5.9979
3.4277
6.0674
2.6303
1.0351
2.133
4.8529
5.2
6.0814
7.2277
3.5075
3.2885
5.4576
4.2658
1.0765
0.75509
0.88105
0.81283
0.82604
0.77446
0.91201
0.84333
0.93111
3.6058
1.3032
1.1066
2.1777
6.2373
4.2462
4.1687
0.9506
1.2589
1.7298
2.9785
5.4702
4.0832
1.0593
0.79616
1.028
2.7669
0.74989
1.2706
1.2735
1.3709
2.5942
2.355
0.70958
0.70469
0.75336
0.8892
0.85704
0.79799
2.7542
3.4674
3.6813
4.0458
4.102
4.3152
2.3335
0.74817
0.74989
0.73961
0.75683
1.4555
2.1528
1.2823
1.6032
6.8707
4.5186
9.2045
3.8815
0.9594
0.83753
0.7925
0.80724
0.78524
1.8072
1.6749
1.3032
1.1695
1.194
1.2912
1.1912
1.2359
1.2445
0.87902
0.89331
1.1092
1.3243
1.4928
1.3932
1.5241
0.71614
0.97499
0.7656
0.91833
0.80168
0.74989
0.78343
1.3583
1.2589
1.5596
0.8091
0.70146
0.73621
0.88105
0.8414
0.93972
0.7656
1.0691
0.8995
0.9594
1.1015
0.92257
0.88308
0.92683
0.89743
0.79433
0.93111
1.1015
1.1695
0.98628
0.8531
1.0789
0.99083
0.75336
0.88105
1.0568
0.80724
0.77268
0.84918
0.89743
0.93325
0.88512
0.86896
0.89536
2.5177
0.93972
0.92683
1.2912
1.3305
0.73282
0.76208
0.91622
0.93972
0.74131
0.79616
0.8995
0.78163
0.69984
0.8414
0.76033
0.70795
0.72778
0.7709
0.78343
0.71945
0.72444
0.77268
0.71945
0.7925
0.81283
0.79799
1
0.97949
0.89743
0.79983
0.82794
0.83753
0.79068
0.70632
0.73282
0.70146
0.75336
0.76736
1.4791
0.72946
0.76384
0.74817
1.3032
0.85901
0.71945
0.73451
0.71121
0.70307
0.67298
0.71945
0.71779
0.70469
0.73621
0.72277
0.72277
0.70795
0.69984
0.70307
0.73282
0.71121
0.69823
0.7925
0.81658
0.76913
0.72111
0.73282
0.72611
0.78163
0.72946
0.70307
0.86099
0.79616
0.75683
0.76384
0.71121
0.73961
0.70632
0.69024
0.77446
0.71945
0.72778
0.71945
0.7145
0.72444
0.71121
0.67143
0.73282
0.73621
0.65917
0.70469
0.71614
0.70307
0.68865
0.69024
0.75336
0.70146
0.67453
0.69823
0.68549
0.71285
0.68549
0.98175
0.74989
0.97724
1.2134
0.91411
0.80168
1.0789
1.2023
1.135
1.3305
1.0186
0.8414
0.85901
0.80168
0.77804
0.66527
0.69343
0.74473
0.98855
0.73961
0.7379
0.74817
0.73114
0.70469
0.74817
0.7145
0.68707
0.85901
0.72444
0.67298
0.70469
0.69823
0.74817
0.7145
0.81096
0.71614
0.70795
0.69024
0.69343
0.79983
0.66988
0.72611
0.81658
0.69343
0.67143
0.75858
0.74989
0.70469
0.70146
0.77983
0.72611
0.69663
0.73282
0.72946
0.71945
0.68865
0.76033
0.71121
0.77983
0.76384
0.66988
0.73621
0.85704
0.68549
0.70469
0.71285
0.72444
0.71121
0.73282
0.7145
0.71614
0.73621
0.77268
0.69663
0.67143
0.76033
0.71945
0.74989
0.69343
0.95719
0.79433
0.72611
0.69343
0.74989
0.71779
0.70146
0.75336
0.72444
0.73282
0.70469
0.74989
0.68865
0.74302
0.77268
0.76208
0.78524
1.0304
0.69343
0.74645
0.72444
0.78343
0.79616
1.0423
0.80538
0.76208
0.88105
1.0617
0.75509
0.67453
0.94189
0.96383
0.76384
0.66527
0.66988
0.69823
0.72444
0.78163
0.77268
0.71285
0.71285
0.70469
0.73621
0.68077
0.68077
0.73621
1.1912
0.7709
0.90991
0.7925
0.68077
0.7709
0.87297
0.74473
0.73621
0.73961
0.70795
0.81658
0.70795
0.68391
0.75336
0.77268
0.72778
0.74645
0.80538
1.1246
0.82035
0.70146
0.77625
1.0375
0.87498
1.0186
0.83176
0.97051
0.73451
0.78163
0.72778
0.69024
0.76913
3.0339
1.3152
0.77446
0.7925
0.74473
0.68549
0.73961
0.75162
0.75509
0.82035
0.74989
0.7709
0.74131
0.75683
0.80168
0.76208
0.68391
0.75509
0.67764
0.72111
0.75858
0.7145
0.69183
0.74645
0.70146
0.67298
0.70307
0.66527
0.70795
0.70469
0.73451
0.68865
0.80538
0.67764
0.66527
0.74473
0.68707
0.66988
0.75509
0.68549
0.75683
0.72111
0.74645
0.76208
0.71121
0.79068
0.71614
0.76384
0.69984
0.73114
0.76384
0.73451
0.67298
0.72778
0.71121
1.2331
1.0233
0.69823
0.70469
0.74131
0.92897
0.91833
0.80353
0.70146
0.73961
0.71779
0.71121
0.72444
0.81658
0.70307
0.7145
0.70146
0.72778
0.70469
0.71945
0.74131
0.9528
0.79983
0.78524
0.74473
0.98628
1.1117
0.69663
0.69183
0.81283
0.82414
0.75683
0.7925
0.70469
0.92683
1
0.77804
0.69663
0.69024
0.65615
0.90365
0.73114
0.68234
0.76033
1.1092
0.67143
0.69663
0.72611
0.70958
0.72946
0.72277
0.67764
0.70469
0.77983
0.67143
0.69663
0.70632
0.70307
0.77983
0.74131
0.72111
0.73114
0.75336
0.68549
0.74817
0.73451
0.72277
0.67764
0.72611
0.69024
0.71779
0.72277
0.68391
0.68234
0.86099
0.70632
0.66681
0.7656
0.75162
0.74473
0.82794
0.69343
0.8995
1.5996
0.67143
0.74645
0.79068
0.75509
0.87902
1.1015
0.67453
0.66681
0.75336
0.6792
0.72277
0.82794
0.84723
1.0691
0.74131
0.86497
0.92257
0.80168
2.4889
1.6482
0.74302
0.70795
0.79433
0.877
0.72946
0.94624
0.80168
1.3932
0.81096
0.73451
0.80168
0.77983
0.76208
1.7701
1.0116
1.1912
0.98175
0.82985
1.0351
0.72277
0.74302
0.80538
0.75162
1.0023
1.2359
0.77446
1.122
0.877
1.406
0.69984
0.69823
0.69823
0.67764
0.78524
0.72111
0.71945
0.72277
0.72946
0.69823
0.74473
1.0351
0.89125
1.0093
0.71779
0.99312
0.94624
0.85507
1.0593
1.3274
1.4723
0.65766
1.0351
0.85901
0.69502
0.70146
0.87902
0.87498
1.0914
1.2106
1.1588
3.6058
2.8119
0.71121
0.72778
0.66527
0.67453
0.65615
0.6792
0.69663
0.68234
0.68234
0.69984
0.66988
0.68549
0.72778
0.67298
0.70307
0.69502
0.67608
0.70632
0.68077
0.67143
0.65766
0.6792
0.69823
0.70146
0.72946
0.79616
0.73114
0.81096
0.73282
0.73961
0.70469
0.87498
0.69183
0.76033
0.8091
0.75162
0.69024
0.76384
0.73621
0.70632
0.83176
0.69663
0.67764
0.81096
0.86099
0.71614
0.68391
0.67608
0.69823
0.67608
0.66527
0.69823
0.70958
0.68549
0.67764
0.73114
0.67143
0.84528
1.3032
1.9143
0.82414
0.75162
1.219
0.82604
0.75858
0.89125
0.99312
0.94842
0.70469
1.4928
0.70632
0.77804
0.92045
0.81846
1.5311
2.3605
0.70795
0.72277
0.72946
0.70146
0.69502
0.68391
0.69663
0.69502
0.74302
0.68234
0.69984
0.71285
0.70958
0.76208
0.72946
0.6792
0.69502
0.69823
0.67453
0.72946
0.70632
0.74989
0.71614
0.67764
0.72277
0.71614
0.75162
0.81658
0.87297
0.77625
0.80538
1.0965
1.406
0.94406
0.77268
1.3366
0.78886
0.8531
0.98401
0.88716
2.0184
1.1749
1.1066
1.2942
1.0328
1.5668
0.72277
0.69663
0.68865
0.68707
0.70958
0.73621
0.70795
0.74989
0.72611
1.0399
1.2677
1.8155
0.68391
0.68549
0.72778
0.69663
0.68707
0.73282
0.69984
0.69663
0.71614
0.71614
0.84918
0.71121
0.69183
0.79616
0.78524
0.69663
0.76208
0.71945
0.7379
0.70307
0.79983
0.76033
0.80538
0.69343
0.79433
0.75858
0.75336
0.71945
0.70146
0.68077
0.69343
0.70632
0.71285
1.5959
1.0162
1.1429
1.9999
0.69183
0.94189
0.69984
0.7709
0.65917
0.69343
0.76033
0.67453
0.69663
0.82985
0.66222
0.69183
0.72277
0.91411
0.95499
0.68865
0.7379
0.91833
0.70469
0.97051
0.81846
0.77983
0.86497
0.8892
0.7709
0.89743
0.68077
0.82604
0.97499
0.82414
0.73451
0.92683
0.77804
1.0351
0.76033
1.0069
0.83176
0.85901
1
0.82794
0.90573
0.75858
0.71121
0.80353
0.97724
2.0137
1.3964
0.78886
0.69663
0.65766
0.66681
0.69343
0.71945
0.7656
0.68707
0.68077
0.73114
0.7145
0.73282
0.66681
1.1695
0.82985
0.70469
1.0789
0.82035
0.82224
0.86896
0.93972
1.1143
0.86896
0.89743
1.1298
1.4488
0.71285
1.3335
0.90157
0.8995
0.70146
0.83753
0.76384
0.90157
1.3614
2.1184
1.7498
0.68391
0.72444
0.68234
0.74131
0.70469
0.8091
0.74302
0.75509
0.72611
0.71285
0.73114
0.72611
0.75162
0.69502
0.70146
0.71779
0.72778
0.73621
0.71614
0.75162
0.71779
0.68549
0.72778
0.72444
0.73114
0.77446
0.75858
0.8356
0.71285
0.70469
0.71285
0.74473
0.79068
0.68707
0.67608
0.76913
0.75683
0.65313
0.69024
0.77804
0.76033
0.69183
0.8531
0.69183
0.73621
0.7656
0.68865
0.69823
0.69823
0.7379
0.6792
0.72611
0.71285
0.76033
0.71121
0.73961
0.69183
0.79983
0.72611
0.74817
0.72111
0.73282
0.70795
0.68391
0.72444
0.72444
0.70146
0.74645
0.69024
0.71779
0.72611
0.68865
0.69663
0.76736
0.67608
0.69502
0.70795
0.73451
0.69823
0.71121
0.70146
0.67143
0.71779
0.70307
0.71945
0.69024
0.74989
0.67608
0.69823
0.89125
0.72444
0.68077
0.67764
0.72611
0.7145
0.70307
0.95499
1.122
0.65013
0.85901
0.70307
0.69502
0.7656
0.6792
0.70795
0.69823
0.68707
0.77983
0.87096
0.76913
0.78705
0.68865
0.76033
0.68549
0.75336
0.72444
0.69663
0.72778
0.71779
0.66374
0.74817
0.67298
0.65917
0.7145
0.79799
0.81283
0.74645
0.7656
0.71614
0.7379
0.72111
0.70307
0.93111
0.68865
0.84333
0.91411
0.74645
0.91622
1.4223
0.73621
0.75683
0.77446
1.6293
0.9594
0.70146
0.65917
0.71779
0.69984
0.73621
0.69343
0.76384
0.72444
0.71779
0.68391
0.69343
0.72277
0.69984
0.67453
0.71945
0.69183
0.71945
0.70632
0.70795
0.72277
0.75336
0.73114
0.69502
0.7709
0.76913
0.69984
1.099
0.90991
0.81283
0.70632
0.70632
0.73282
0.70469
0.73282
0.68865
0.71945
0.69823
0.7379
0.75162
0.74302
0.92683
0.94406
0.93541
0.86896
0.73961
1.0162
0.72946
0.78163
0.71945
1.4028
1.3305
0.71614
0.70795
0.84723
0.85507
1.0691
1.1508
0.80353
0.83176
0.83368
0.80168
0.7656
0.86497
0.8531
0.89125
0.88105
0.87096
1.0568
1.714
0.75683
0.7709
0.8995
0.70958
0.85704
1.1376
3.8107
0.83753
0.68391
0.71285
0.7145
0.70146
0.72277
0.72111
0.68077
0.66834
0.74989
0.67298
0.7145
0.7379
0.78343
0.70795
0.81283
1.4689
0.81096
0.9506
1.0423
1.028
0.7379
0.78343
0.86298
2.2542
0.69343
0.69984
0.69024
0.71121
0.70307
0.69343
0.70469
0.67298
0.71779
0.71779
0.72111
0.69823
0.7379
0.74817
0.78343
1.074
1.1194
1.122
0.74131
0.73282
1.2677
1.3092
2.6546
0.76033
1.0495
0.71945
0.76208
0.66988
0.72444
0.91201
0.83946
0.96383
0.73621
0.79433
1.1668
3.1261
1.6331
0.66834
0.75683
2.8576
3.1189
1.4191
0.71121
0.71614
0.67764
0.72277
0.70307
0.67764
0.70146
0.68234
0.76208
0.73282
0.71945
0.69343
0.69984
0.70795
0.69183
0.69502
0.69502
0.75509
0.75858
0.72611
0.66222
0.72444
0.73451
0.7379
0.67298
0.75162
0.70469
0.70958
0.67764
0.91411
1.0423
1.5631
1.0162
1.0093
1.7378
1.0641
2.1038
2.037
2.0893
2.1577
2.0277
1.7989
1.8664
2.1827
2.5351
0.73282
0.78343
0.69183
0.66681
0.72778
2.9309
2.6303
0.70795
0.72444
0.68234
0.70632
0.71614
0.66527
0.68077
0.68234
0.70146
0.85114
0.79433
1.1668
0.877
0.89125
0.8995
0.96383
1.0864
0.75858
1.7989
1.7539
1.2972
0.74989
0.69823
0.71285
0.68865
0.7145
0.70632
0.71779
0.72444
0.71285
0.75683
0.76913
0.72778
0.70469
0.70795
0.70958
0.68077
0.73961
0.6792
0.66374
0.72111
0.72111
0.68549
0.69823
0.71121
0.74817
0.72111
0.68391
0.73621
0.77268
0.73282
3.5075
0.81096
0.70958
0.73621
0.75162
0.77446
0.72111
0.75858
0.74302
0.71121
0.75858
0.75683
0.70146
0.69183
0.97724
1.122
0.92257
0.74302
0.93756
0.85901
1.1858
0.72277
0.71779
0.71285
0.7145
0.83176
1.0139
1.5631
1.0889
1.2942
0.80353
0.69183
0.68391
0.67143
0.68865
0.68077
0.72111
0.69984
0.90573
1.0351
0.99541
0.86896
0.93111
0.69502
0.96605
1.8155
1.8197
1.1858
1.6982
0.68865
0.69024
0.67453
0.72778
0.71614
0.7145
0.75336
0.72946
0.70958
0.68077
0.70795
0.6792
0.68077
0.72444
0.67453
0.72444
0.73451
0.70307
0.71945
0.69343
0.75509
1.1298
1.5849
0.87297
0.71945
1.256
3.8994
5.6754
3.9902
5.8749
5.3951
1.6904
0.7145
3.5156
4.8529
6.7453
6.5163
6.1802
4.4361
0.69502
0.70632
0.76033
0.90782
1.2106
0.7925
0.74645
0.81846
0.76913
0.78705
0.84723
0.88512
1.5776
5.5719
6.2087
7.5509
4.0458
6.4565
0.88512
0.74131
0.76384
0.7709
0.81846
0.74302
0.78705
0.76913
0.85901
0.90365
0.90573
0.73961
0.76913
0.71121
0.77268
0.73282
0.72778
0.76384
0.7709
0.81658
0.82604
0.76913
0.75683
0.75509
0.74302
0.79433
0.74989
0.76736
0.73621
0.7145
0.73451
0.71121
0.69183
0.70307
0.74131
0.7145
0.81658
0.85901
0.90157
1.0495
1.0139
1.1092
0.97051
0.94624
0.85114
3.767
0.73282
0.72611
0.70307
0.67453
0.67453
0.79616
1.2417
0.85507
2.6915
1.5241
0.83946
0.82794
0.99541
0.73451
0.88308
0.72277
0.72277
0.75858
0.78163
0.92683
1.0471
0.88716
0.85901
0.85704
0.98628
1.0617
1.1376
1.094
0.95719
1.0139
1.0233
1.0328
0.90365
0.94624
0.94406
1.0568
0.97499
1.2445
1.1508
0.90365
1.762
1.4655
1.0069
0.76913
1.4894
0.75162
0.72277
1.0233
0.73621
0.71614
0.74131
0.70632
0.82794
0.75162
0.72778
0.7145
0.7709
0.69823
0.72277
0.66222
0.71121
0.71285
0.81283
0.69343
0.77268
0.72611
0.73961
0.66527
0.72778
0.6792
0.74645
0.71614
0.7145
0.68077
0.75336
0.7709
0.75509
0.69024
0.68549
0.79068
0.73451
0.72444
0.69823
0.79068
0.68549
0.78524
0.71285
0.75336
0.73961
0.75336
0.70146
0.72611
0.73114
0.69823
0.76033
0.85507
0.70795
0.82985
0.82224
0.73282
0.90157
0.68865
0.69984
0.7709
1.183
0.82414
0.74302
0.67453
0.72111
0.66527
0.69343
1.0139
0.72611
0.81096
0.82604
0.84528
0.77268
0.87297
0.99083
0.68865
0.69984
0.97275
1.2417
0.78705
0.83176
0.91833
1.028
1.0069
0.81096
0.70146
0.77625
0.78343
0.72444
1.4125
0.87297
0.79983
0.83946
1.0186
0.76208
0.74131
0.72111
0.72111
1.2503
0.9528
0.88512
0.71121
0.77268
0.75683
0.83753
0.92045
0.69984
0.92897
0.75683
0.76033
0.68865
0.6792
0.71945
0.70469
0.7145
1.1117
1.1912
1.0399
0.91833
0.73114
0.83753
0.71779
1.1803
0.75858
0.87902
1.0889
0.7925
0.82794
0.68391
0.68234
1.0666
0.97499
0.6792
0.71945
0.66681
0.66222
0.81658
1
0.88512
0.93325
0.78163
0.76736
0.80353
1.0715
1.3032
1.0139
1.1169
0.71945
0.92257
0.93325
0.70958
0.83368
0.78524
0.77804
1.1858
1.0257
0.82604
0.74131
1.0023
0.95719
0.75509
0.70307
0.69343
0.82985
0.72111
0.69984
0.77804
0.8091
0.98175
0.92045
0.79983
0.65917
0.7656
0.7379
0.72444
0.73114
0.71945
0.76384
0.71121
0.7379
0.74817
0.74989
0.77983
0.8531
0.72277
1.194
0.97724
1.0304
0.82035
0.74645
0.70958
0.68707
0.70307
0.70469
0.7379
0.70307
0.69183
0.71121
1.4588
1.1429
1.028
0.67143
0.92897
0.71614
0.87902
4.6666
0.71285
0.75336
0.73114
0.7379
0.69984
0.7145
0.68865
0.71121
0.72111
0.68865
0.71285
0.71945
0.69502
0.7145
0.74645
0.67143
0.71779
0.69343
0.67143
0.69024
0.72611
0.69663
0.72277
0.70632
0.67764
0.71614
0.69183
0.69183
0.68865
0.79068
0.69343
0.71121
0.73114
0.69663
0.75509
0.64714
0.71614
0.71779
0.97051
0.78705
0.72611
0.76208
0.70795
0.82224
0.75162
1.6943
1.0328
0.74645
1.0139
0.72111
0.7709
0.80168
0.8531
0.86298
0.74473
0.81846
0.79433
0.82985
0.77268
0.81096
0.7925
0.8091
0.77625
0.87498
0.81283
0.94189
0.87297
1.9275
1.4191
1.0399
1.2589
1.2134
0.73621
0.66681
0.90782
0.74645
0.74989
0.70469
0.78163
0.74989
0.94406
0.78524
0.83368
0.91201
0.92045
0.9528
1.1066
0.8995
1.0447
0.98175
1.0814
0.67764
0.99541
1.0544
0.79983
1.2823
0.76736
0.70146
0.82985
0.70632
0.67453
1.0641
0.75509
0.70795
0.82985
0.80724
0.73621
0.77804
0.74645
0.84528
0.9528
0.97051
1.0046
0.75683
0.75683
0.74473
0.93756
0.71779
0.78343
0.74473
0.70307
0.8995
0.69024
0.73114
0.73451
0.69024
0.82414
0.72444
0.86497
0.84333
0.79433
0.68234
0.6792
0.71945
0.73961
0.88512
0.66222
0.68549
0.79616
0.71285
0.67298
0.67764
0.66834
0.66681
0.69663
0.67453
0.73451
0.70795
0.68549
0.67608
0.66374
0.68077
0.70958
0.69502
0.68865
0.68391
0.78886
0.72111
0.65013
0.71614
0.70795
0.67764
0.67764
0.70632
0.68077
0.69183
0.69823
0.70307
0.68707
0.69823
0.67608
0.69343
0.69984
0.68549
0.67608
0.67608
0.74989
0.70958
0.7656
0.81846
0.89331
0.70632
0.66834
0.70469
0.70307
0.70632
0.72111
1.0351
0.70632
0.71945
0.70795
0.72946
3.2734
0.71945
0.7656
0.80724
0.80168
0.74817
0.83946
1.1092
0.76384
0.71779
0.69343
0.68234
3.9446
1.1298
0.7656
0.69502
0.89331
0.68077
0.74473
0.68865
0.73621
0.76913
0.69823
0.74473
0.74645
0.73282
0.69823
0.68077
1.2912
0.85114
0.75336
1.1402
1.0209
0.78705
0.71285
0.71285
0.78163
0.67143
0.74473
0.71121
0.66681
0.74131
0.68391
0.70958
0.74473
0.68234
0.72611
0.67143
0.70632
0.68865
0.72277
0.68234
0.69343
0.74131
0.73621
0.69663
0.74302
0.90365
0.70146
0.87297
0.70795
0.73961
0.72277
0.68549
0.78524
0.7145
0.68077
0.66374
0.68707
0.67143
0.66374
0.72111
0.68549
0.69343
0.67453
0.71285
0.66988
0.73114
0.72946
0.74817
0.71945
0.70469
0.70146
0.72611
0.72946
0.78524
0.76033
0.70146
0.7145
0.69502
0.70307
0.72111
0.70307
1.1803
0.83946
1.0593
0.73621
1.9679
2.8314
1.9953
0.93325
1.0495
0.82985
1.0814
1.0139
1.0351
1.0375
0.69183
0.71779
1.1194
2.3768
1.0304
0.69984
0.92045
0.71614
0.78163
0.70307
0.82414
0.75162
0.84723
1.0889
0.88308
0.71614
0.67143
0.73114
0.71285
0.7379
0.76033
0.70795
0.79068
0.69984
0.68234
0.86099
0.93111
0.877
0.80168
0.91201
0.75509
0.70958
0.73114
0.71121
5.5335
0.86099
0.76208
0.7379
0.76384
0.74131
0.69502
0.68391
0.92257
1.2589
1
1.0864
1.2531
0.74989
0.7145
0.71614
0.75162
0.77625
1.0715
0.93756
0.98855
1.0447
0.80724
0.72444
0.68391
0.98175
0.81846
1.1376
0.88716
1.3243
0.7379
0.8995
0.69823
0.70469
0.68391
0.78524
0.78524
0.9977
0.69823
0.69343
0.82604
1.0093
0.91411
0.81846
0.72444
0.71285
0.72946
0.75162
0.76208
0.77268
0.79616
0.78705
0.92257
0.76033
0.92683
0.75162
0.76208
0.74473
1.3552
1.4962
0.96828
0.96383
0.68077
1
1.028
1.0666
0.82794
0.81096
0.70469
0.72111
0.71614
0.82604
0.7656
0.82604
1.374
0.93325
1.0839
0.71779
0.74645
1.1508
0.8147
0.81096
0.72111
0.69024
0.79616
0.69502
0.88512
1.074
0.68549
0.70307
0.66527
0.69024
0.68077
0.81846
0.90991
0.78524
0.76033
0.73961
0.79799
0.7379
0.66069
0.7145
0.76208
0.82604
0.72946
0.73114
0.73114
1.0715
0.76913
0.72946
0.99541
0.69984
0.7656
0.78705
0.74989
0.82035
0.81283
0.73451
0.68077
0.72778
0.67143
0.67608
0.74645
0.70307
0.71121
0.68707
0.68391
0.70469
0.71285
0.73451
1.5346
0.69183
1.0544
0.71779
0.7145
0.96161
0.71285
0.89125
0.7656
0.95719
0.78886
0.72778
1.1066
0.73621
1
0.93972
0.70469
0.71285
0.70307
0.69183
0.70958
0.80724
0.72111
0.7145
0.8147
0.70958
0.75162
0.73451
0.70632
0.68391
0.69984
0.65615
0.70632
0.71121
0.66069
0.68549
0.74302
0.68707
0.68391
0.68391
0.69984
0.68549
0.71945
0.72277
0.69502
0.68707
0.7379
0.69823
0.71779
0.70469
0.70146
0.70795
0.72277
0.72611
0.78705
0.70958
0.70307
0.75509
0.70469
0.69183
0.68234
0.70795
0.68391
0.6792
1.0399
1.0965
0.74817
0.72444
0.66681
1.1143
0.99312
0.72778
0.68865
0.71614
0.78886
0.74473
0.7709
0.87096
0.71614
0.80168
0.73451
0.80724
1.2023
1.0209
0.72778
0.69823
0.69984
0.78886
0.69343
0.69183
0.71945
0.83176
0.74131
0.80538
0.72611
0.76913
0.78705
0.79068
0.69343
0.7709
0.74645
0.77268
0.71945
0.79068
0.89536
0.9977
0.72946
0.8892
0.99083
0.75509
0.75509
0.72277
0.91411
3.4198
1.5417
1.6982
1.3152
0.70146
0.68391
0.71121
0.74817
0.69183
0.66527
0.98175
1.556
1.4191
0.78524
0.80168
0.73282
0.71285
0.68707
0.84723
0.85114
1.4093
0.93325
1.9634
1.052
1.0839
1.3002
0.71945
1.4322
2.0989
1.5241
3.6475
5.445
6.2087
2.704
1.7061
3.4435
4.2364
4.4566
4.7643
5.6624
6.7453
4.7643
3.1696
2.9648
5.1168
0.73282
0.9594
1.052
1.0641
0.91622
1.2735
1.2972
1.0914
0.72778
0.69984
2.1086
2.9512
0.70307
0.8531
0.8995
0.96383
0.81658
1.3521
0.81658
0.85704
0.91201
1.2647
1.1995
2.7606
2.5527
0.9506
0.84723
0.95499
0.86099
0.92897
1.0328
1.2134
1.2417
1.6218
1.3152
0.74131
0.9506
1.1588
0.83176
1.0691
2.2961
3.1623
2.6242
2.9309
1.5596
2.7102
2.0184
7.4302
0.79068
0.80538
0.76384
0.77268
1.1272
0.7656
0.73451
0.73114
0.75858
0.72946
0.82985
0.72611
0.80538
0.75162
0.70795
0.72946
0.76384
2.2803
2.9309
0.79433
3.581
5.7677
4.8529
2.6182
0.70632
0.74131
0.82414
4.6559
5.5976
6.368
0.77446
0.85901
0.86099
0.8091
0.7379
0.71614
0.96161
0.94624
0.66681
0.74302
0.75683
0.82224
0.80353
0.93111
0.80168
0.81658
0.70958
0.75858
0.7379
1.1272
0.82604
0.89125
0.9528
0.72946
0.74302
2.2131
2.7227
0.70958
0.66374
0.69823
0.73282
0.68391
0.69663
0.69823
1.0257
1.4859
1.5996
1.1776
1.4158
0.71121
0.85704
0.83753
0.81658
1.1066
0.86896
1.0162
0.81283
0.72778
0.77268
3.0061
2.9854
4.2658
5.3456
2.3823
0.84723
4.9888
5.0816
5.3456
5.4325
3.1117
5.4075
6.1802
7.656
6.4714
5.224
0.70469
0.80353
0.77804
0.82414
0.72111
0.75858
0.7925
0.71285
0.77804
0.74645
0.78163
0.74817
0.79983
0.75162
0.75509
0.74131
0.70469
0.69823
0.71945
0.78705
0.75162
0.72611
0.70146
0.70795
0.87902
0.89331
0.83946
0.79068
0.75162
0.81658
0.82035
1.0839
0.94406
0.73961
0.70146
0.71779
0.7656
0.7379
0.94189
0.96161
1.6788
3.4277
0.65313
0.69183
0.67608
0.67764
0.67298
0.70146
0.70307
0.72111
0.67764
0.65013
0.69183
0.65464
0.6792
0.65766
0.67453
0.68391
0.69502
0.69183
0.71779
0.70146
0.74645
0.69024
0.75336
0.79799
0.79799
0.75336
0.7379
0.69183
0.69024
0.75509
0.71121
0.74645
0.68549
0.70307
0.66527
0.69183
0.72611
0.7379
0.64714
0.67143
0.68549
0.65766
0.67764
0.65313
0.74131
1.5101
0.91411
0.92683
0.76208
0.69663
0.76913
0.89125
0.87902
0.83753
1.0351
0.98401
1.3092
1.219
0.72111
1.3459
1.977
3.5645
5.1286
5.4702
7.9068
4.4055
2.466
2.9242
12.589
7.0958
6.4714
5.2481
2.3933
5.035
3.6728
3.6475
2.6303
3.3574
0.67453
3.069
0.88105
0.98175
0.69343
0.86896
0.87096
0.75162
0.85507
0.78705
0.70958
0.89125
0.82604
1.0257
0.79068
0.88716
0.78343
0.7656
0.78343
0.83368
0.87498
0.82224
0.79983
0.96161
1.9588
0.82224
0.81846
0.83176
0.85507
0.70958
0.80353
0.73621
1.0423
1.1117
1.0447
1.0617
0.94189
0.68549
0.76913
0.7145
0.88716
1.6904
1.556
0.76033
0.68549
0.69663
0.70146
1.1194
1.2735
0.72111
0.87297
0.76384
1.3032
1.6482
1.2735
0.6792
0.67608
0.68391
0.68234
0.7379
0.66681
0.72611
0.72277
0.78524
0.66681
0.72946
0.98628
0.81283
1.0046
0.88308
1.0233
1.2078
1.0375
0.97724
0.97275
0.98175
1.0691
1.0023
1.2764
2.0184
1.7579
1.9861
1.574
0.72778
1.0839
1.9953
0.69823
0.69502
0.72778
0.69502
0.71614
1.1885
0.92045
0.66988
1.0023
0.96383
0.67764
0.7145
0.74989
1.1695
1.0691
0.90782
0.80353
0.90782
0.88105
0.72611
0.77983
0.8147
0.70795
0.75162
0.8356
0.77804
0.82794
0.73961
0.75336
0.75509
0.7379
0.76736
0.83368
0.7925
0.67453
0.69823
0.68549
0.70469
0.6792
1.5959
1.1695
0.68391
0.68865
0.96383
0.92683
0.92257
0.82794
0.73282
0.69343
0.7925
0.99541
0.99312
0.94842
0.76033
0.73282
0.70632
0.73114
0.74645
0.71285
0.89331
0.72946
0.74645
1.2735
1.0814
1.6672
0.7379
0.70307
0.67764
0.7145
1.1749
0.7656
0.72778
0.78705
0.78163
0.76384
0.84333
1.122
0.76033
0.74131
0.78524
0.72611
0.77804
0.68234
0.74131
0.82414
0.82985
0.71779
0.84918
0.8091
0.78524
0.70795
0.82414
0.77446
0.72111
0.66681
0.77268
0.74131
0.72111
0.70632
0.68549
0.74131
0.71614
0.67143
0.68391
0.74131
0.73451
0.71779
0.76384
0.70632
0.76208
0.69024
0.89743
0.71779
0.70958
0.90991
1.6943
1.0093
1.5996
1.0328
1.3583
0.77983
0.75683
0.75162
1.0209
1.0568
0.83368
1.0568
0.70469
0.82035
0.72444
0.7379
1.2162
0.77446
1.0839
1.1066
0.99083
1.028
0.79068
1.9953
1.7061
0.68865
0.69984
0.91201
0.70958
0.98401
0.8091
0.82985
1.0186
1.6943
3.4119
3.2359
3.5727
4.4157
4.2073
2.3067
1.5453
3.1623
1.3335
3.6475
2.6669
4.9204
3.6813
3.0761
3.7068
0.83176
0.78886
0.69502
1.1588
3.02
0.93541
4.1591
3.0061
2.9923
2.3496
3.3113
3.3497
2.138
4.7643
2.0277
4.3152
3.8815
3.7757
1.5066
0.71285
0.65464
0.67143
0.73114
1.6827
1.7498
2.3281
3.2584
2.0464
1.5031
0.71614
2.1577
2.2233
3.069
0.66834
0.68707
1
1.4555
2.1878
0.69823
0.71614
0.71121
0.67298
0.71945
0.69502
0.74473
0.73961
1.0139
1.2764
0.72611
0.9528
1.219
2.7102
1.5311
1.1695
2.1281
1.0495
1.5031
4.0087
0.73282
0.70146
0.70958
4.0179
0.89331
2.9854
1.2647
3.013
2.3014
2.3933
3.0761
1.6943
1.6144
0.71121
0.71285
0.67453
1.135
0.82414
0.68391
0.72946
0.72111
0.69823
0.70958
0.69663
0.69502
0.72111
0.64863
0.66988
0.71121
0.66527
0.7379
0.66527
0.67453
0.75162
0.66834
0.70795
0.68707
0.65766
0.76208
0.71121
0.70146
0.68077
0.66988
3.2659
1.194
0.94624
1.0304
0.75162
0.73961
1.9861
1.5668
2.2961
0.85901
0.81096
0.78886
0.79068
0.84723
0.89743
1.8281
0.74131
0.877
1.1858
1.183
1.0304
1.0257
0.97051
1.1588
1.5171
2.9107
3.1189
4.0272
3.5563
4.6452
3.1842
2.3281
2.6062
3.4435
1.3122
2.421
2.6002
3.4754
3.1405
3.6559
4.0179
3.069
3.1261
2.6303
0.99083
1.0233
1.5417
1.714
1.5311
1.5959
1.5488
1.4962
0.96161
0.82414
0.82035
0.7656
1.5776
0.71779
0.69663
0.73961
0.71779
0.75162
0.74473
0.70795
0.74989
0.77983
0.72611
0.79983
0.86497
0.76208
1.0069
0.72444
0.7925
0.70307
0.77268
0.76208
0.82035
0.71614
0.82414
0.74131
0.73282
0.75336
0.94189
0.74645
0.79433
0.75336
0.79799
0.71285
0.84918
0.68234
0.72611
0.75162
0.79983
0.72611
0.83753
0.75858
0.82604
0.77983
0.7379
0.84723
0.77625
1.1298
0.75162
0.72778
0.74131
0.72444
0.7656
0.86298
0.77446
0.76384
0.72277
0.79983
0.73114
0.77625
0.70469
0.8147
0.76208
0.78343
0.80724
0.90157
0.69823
0.70146
1.0162
0.69823
0.88105
0.75509
0.88308
0.79433
0.81846
0.75858
0.73621
0.78705
0.77804
0.8147
0.69663
0.70795
0.70469
0.73961
0.70146
0.7145
0.69663
0.92045
0.69823
0.75509
0.70307
0.67298
0.70146
0.72111
0.66834
0.71285
0.71121
0.73961
0.69343
0.72946
0.69183
0.72611
0.69823
0.71614
0.73451
0.75509
0.70469
0.71285
0.69502
0.70146
0.69984
0.69823
0.68549
0.69183
0.68707
0.69183
0.75683
0.72778
0.69024
0.68865
0.7379
0.75162
0.75162
0.7145
0.73114
0.72611
0.71285
1.0789
0.69984
0.71121
0.70307
0.72611
0.76913
0.70632
0.69663
0.70307
0.70958
0.68077
0.72778
0.78705
0.77983
0.70958
0.76913
0.72946
0.71285
0.70146
0.75683
0.72277
0.75162
0.69183
0.71285
0.73114
0.66834
0.88716
0.75683
0.74131
0.74473
0.70958
0.68865
0.75162
0.71779
0.71614
0.70632
0.71779
0.70795
0.74645
0.68549
0.70146
0.68865
0.69343
0.64863
0.67608
0.68549
0.92045
0.7709
0.73282
0.74817
0.96383
1.1588
3.6644
3.1769
4.121
5.781
3.54
3.9537
6.1802
2.3174
0.84918
2.7861
2.9444
7.5858
6.6222
4.7098
5.6885
1.1668
1.4158
1.0328
0.81283
1.1776
1.0666
1.1535
1.2218
2.0989
1.3836
1.0209
0.76208
0.83946
0.79983
0.82794
0.81096
1.0139
1.028
0.75683
1.256
1.1967
1.1776
1.2589
0.86896
3.2285
0.86099
0.86099
0.84333
0.93325
0.98628
0.99312
1.1376
1.0351
0.92897
2.0417
1.7701
1.6711
1.6032
1.3397
3.5645
5.9704
7.6384
6.7608
9.3541
7.9433
9.2045
9.2897
8.356
8.1096
5.6885
7.9616
5.3703
3.8107
1.977
8.5704
4.1591
3.7068
4.2658
1.0399
1.2388
1.5996
1.3397
0.69502
2.6062
5.4075
4.5394
4.3251
2.3988
1.1169
1.0257
1.2134
0.70307
0.73282
0.68707
0.72946
0.75683
0.75509
0.86696
1.4355
2.0845
1.71
5.0119
2.9512
0.66374
2.4717
3.2961
2.7164
4.1879
0.76208
0.76913
0.84723
1.0069
0.80168
1.5136
2.6122
2.2961
4.7206
3.9994
4.256
1.2589
0.79433
0.7656
0.91411
0.70146
0.70795
0.94406
0.72611
0.71945
0.7709
0.88716
0.75336
0.74817
0.69663
0.75336
1.2972
1.0568
0.9506
0.7709
0.92683
0.91201
1.1614
0.8414
2.3174
2.3227
2.5293
4.6881
3.5075
3.6983
4.4566
5.3211
5.6105
6.223
5.1286
3.9084
5.0234
3.2961
1.3552
3.155
4.3152
5.0933
5.2845
8.2414
4.6989
2.2961
0.76736
0.76384
0.95499
0.90991
0.8356
0.76736
0.76736
0.69183
0.67764
0.7656
0.80353
0.90157
0.78705
0.89331
2.1038
1.0617
0.72778
0.74473
0.74302
0.93325
1.183
1.0544
2.7542
0.96828
1.1912
0.9506
0.90573
1.0423
0.79433
0.75336
0.79616
0.8091
0.73961
0.74989
0.82224
0.68077
0.84528
0.83368
0.80538
0.78163
0.83368
0.9247
0.77804
0.76736
1.2531
0.92045
0.72778
0.88716
0.71121
0.79068
0.73114
0.91411
0.93972
0.77268
1.1535
0.79983
0.72778
0.77268
0.73282
0.84528
1.0839
0.79799
0.76033
0.71945
0.72111
0.68549
0.67608
0.71779
1.0093
1.2303
0.77983
0.75858
1.1695
0.80353
0.87297
0.72444
0.69663
0.65766
0.72277
0.74989
1.0304
0.68234
0.72444
0.82604
0.89125
0.72444
0.9506
0.97949
0.77625
1.1298
0.90365
1.2106
0.72111
0.76736
0.94189
1.4256
1.5596
0.77804
0.90782
0.75509
0.97499
1.1668
1.0328
0.91411
0.99312
0.97499
1.0593
1.0375
0.97949
1.1508
1.1272
0.89536
1.0233
0.92897
1.1092
0.96383
0.81658
0.82414
1.8365
1.4256
1.9953
1.3397
1.3243
1.5631
1.7947
1.4894
1.7458
2.037
1.219
1.5205
1.3213
1.5849
1.3552
1.8408
1.4521
2.0845
1.3213
1.0568
0.88716
0.9528
0.81658
0.70307
0.73114
0.74302
4.217
2.8973
4.7534
5.0816
7.2277
6.1944
6.7608
6.4121
3.5645
6.6527
6.7764
7.7625
11.324
6.5163
6.1235
5.5463
7.7983
6.7608
6.166
6.4121
5.0933
5.5081
2.5119
1.9409
2.5351
4.0644
7.4473
5.1168
7.3451
5.2119
1.1194
0.88308
0.71614
0.84723
0.87498
0.85704
0.91411
0.91411
1.39
1.888
1.3335
2.6303
0.88716
1.1482
1.0593
1.0351
1.1885
0.97724
0.8356
0.90157
0.96605
0.8091
0.78524
0.82035
0.8356
1.6106
0.91201
0.91201
0.8091
0.81283
1.052
1.0544
0.74131
3.1117
2.6792
6.5464
5.0119
0.79983
0.84918
2.0277
2.2542
2.0512
4.8753
5.3088
5.358
2.9992
3.0549
6.6374
6.6988
5.0003
5.224
5.781
2.1627
2.9174
3.6308
8.9125
3.7844
5.7412
0.70307
0.74302
0.74131
3.7584
5.2966
4.2855
1.5171
2.9923
3.1261
2.5645
9.4842
4.5499
4.8084
1.556
0.75509
0.79433
0.78705
0.87902
1.1169
0.75336
0.85114
0.77446
0.81846
0.84918
4.0458
3.1989
2.5645
4.4566
5.4954
3.8815
4.6132
4.4668
5.2845
5.1761
0.66834
4.7863
6.6527
8.2604
5.6494
7.2611
5.902
7.6208
6.792
4.2073
1.0839
1.0691
0.82035
0.8892
1.0069
1.6331
1.5812
0.8356
1.028
0.96161
0.76736
2.5119
5.6885
7.0795
8.1658
9.6828
7.7804
5.3333
6.223
5.1051
5.7148
4.8195
6.0117
2.7479
0.80353
1.0399
2.3388
6.5013
7.1121
7.145
5.1404
5.42
6.7453
7.5162
7.6208
7.1614
6.7143
7.4989
7.8705
7.2611
9.5719
6.9984
1.1722
1.2331
1.0046
1.6943
2.2284
2.1478
1.5959
2.4266
5.4576
1.1376
0.68077
0.80538
3.3963
5.559
5.9156
1.8707
2.2594
1.2359
0.66374
0.70307
2.7227
0.78705
2.2336
7.6384
6.0674
3.9719
0.72611
0.70958
0.86896
0.8995
0.7656
0.79799
0.7925
0.77983
0.74645
0.80724
0.80538
0.83946
1.4997
0.9247
0.91833
0.81283
0.84333
0.81846
1.3274
0.81283
0.79983
0.69823
0.75858
0.77804
2.023
1.135
1.2823
0.82224
0.75509
0.78524
0.93111
0.96605
1.0914
1.1402
0.98401
0.90157
1.0544
1.0351
1.2078
0.8356
1.0641
0.97499
1.1588
0.87902
1.1455
0.89331
0.97949
1.5849
5.224
2.5003
3.062
10.544
5.6234
5.9156
8.8308
5.6364
6.5313
3.013
7.1121
4.7863
5.1523
6.166
7.8343
6.9024
6.2517
4.1305
0.87498
0.76384
0.85114
0.90991
1.7298
3.013
6.3096
6.6222
6.1094
4.6026
4.1687
3.3343
4.6559
4.8306
2.1232
3.8194
1.9543
2.8379
2.5351
3.8905
2.6002
6.6069
8.2604
0.93972
0.85114
0.98401
0.7925
1.0257
0.85114
0.96828
5.8076
7.3282
0.74302
0.8091
0.83753
3.7757
4.8529
5.9293
5.1523
5.9979
5.2966
0.94624
1.5382
1.2618
1.5205
3.4995
3.7497
5.0816
4.2267
5.1404
5.6754
6.1376
6.1944
7.4645
1.2531
2.4774
4.2855
1.7865
1.8197
1.2972
1.0233
6.792
0.74989
0.87297
0.71121
0.8414
0.80724
0.76033
0.7709
0.82224
0.7656
2.6182
0.74989
0.86099
4.8978
8.5114
6.8234
6.3241
7.6208
5.7016
3.6898
6.3387
4.3351
5.3333
6.0534
3.5975
4.2855
6.5766
5.3211
3.1046
2.5942
4.2364
6.4269
3.0974
5.781
5.035
8.8716
6.9024
1.0864
0.88105
1.1194
1.0447
0.90782
0.97949
1.0814
1.0304
1.1722
0.97499
0.89125
0.81658
0.82985
0.83176
0.8091
0.83176
0.88716
0.80353
1.0351
1.1885
1.6482
1.9588
1.8578
1.9099
6.0117
7.3282
9.0573
3.3343
2.9174
6.8077
5.1761
5.2
3.3884
2.9992
6.1376
8.2794
6.6988
4.3152
4.9545
7.4302
5.3703
6.6527
5.4325
12.303
1.3213
0.9594
0.90573
0.91411
1.349
0.99541
1.5453
0.80538
2.5351
6.9502
5.2966
5.6105
6.7608
7.2946
4.8084
0.81658
0.88716
0.68077
1.1535
8.531
8.6099
7.6913
6.4863
5.5081
8.414
7.2946
3.54
6.6374
5.7412
3.5727
5.2723
5.559
7.0469
4.9431
5.236
1.0839
0.84528
0.82604
0.74131
0.78524
0.94189
0.82414
0.8091
1.2823
1.2078
2.541
1.1695
1.1117
1.0116
0.72277
1.3428
1.6331
4.0738
7.7625
0.93756
1.099
0.82604
1.0399
5.5719
12.359
6.0534
4.8306
5.3703
4.6881
6.6222
6.8234
9.0157
7.9983
2.4946
0.82985
2.884
6.4714
4.8084
5.5847
5.5976
6.6222
1.0641
0.98855
0.8414
0.9594
0.75509
0.80353
0.73621
3.0061
7.4645
1.183
1.7865
9.0991
8.5114
7.8163
3.9537
0.72611
0.69823
0.69024
0.70146
0.73961
0.69984
0.7656
0.69823
1.0544
0.83946
0.80353
0.81658
0.71945
0.73961
0.8147
0.90157
1.2823
0.75336
1.556
1.2972
0.86896
0.83368
0.77804
0.77625
0.77625
0.75336
0.86497
0.84528
0.79068
0.77268
0.82224
1.1885
0.68077
0.69183
0.90157
0.71945
0.87096
0.82604
1.0814
1.3772
1.1402
1.2531
1.1402
1.0162
1.0186
1.0914
1.0593
1.094
0.87297
1.2706
1.7539
1.1117
2.3714
0.75162
0.96605
0.75683
0.74473
1.8578
1.9588
4.5394
6.9183
3.0269
0.9594
5.7943
6.8549
6.3826
1.1776
1.0399
6.3533
9.247
9.0573
8.8512
11.695
3.0269
2.4378
0.82414
0.72778
0.85507
3.7584
9.0991
9.0573
6.4863
1.2106
3.1842
11.041
6.2373
6.9343
6.6222
9.3541
0.7925
8.0724
8.531
8.4528
7.379
16.788
4.2462
0.76208
0.8091
1.2445
1.1066
1.1722
1.194
0.96605
4.7863
6.4121
8.2414
