6.7143
1.183
1.4622
3.069
1.4622
1.1041
1.1169
1.762
1.6788
1.845
1.8281
1.7298
2.2751
0.97949
1.8535
1.2417
0.93756
1.5776
1.3397
0.99083
0.93972
0.82794
1.3305
1.1194
0.72946
7.7983
2.799
1.4158
0.98175
0.78163
1.1143
1.2706
1.0889
1.2647
1.2218
2.8314
0.87096
1.6482
9.3111
1.3646
1.4158
0.93541
0.88105
0.88308
4.0832
1.052
0.82794
1.5311
2.1086
0.87297
1.0715
1.4825
1.6444
0.90782
1.205
1.0257
1.1722
2.0417
1.0789
0.84333
0.81283
0.69502
0.79799
0.79616
0.8531
1.2764
0.75683
0.74473
0.73961
0.68077
2.0989
1.2972
1.5922
1.3677
1.2274
1.1455
0.78163
0.69663
0.81283
0.66374
0.69663
0.65917
0.7709
0.64417
0.68865
0.71779
0.70958
0.67143
0.71285
0.68234
0.69984
0.75858
0.66222
0.64269
0.72946
0.67453
0.70632
0.68077
0.66834
0.66069
0.76033
0.66834
0.65766
0.79799
0.67453
0.65766
0.6792
0.6223
0.67453
0.70958
0.66222
0.77268
0.70307
1.4521
2.3121
2.1232
0.63241
1.9634
2.5942
4.217
5.2481
0.7379
0.72946
0.8414
1.0162
0.89743
1.0965
1.3868
1.1995
1.3002
1.0914
1.4028
1.0304
1.205
1.1246
1.5205
1.8408
1.7701
1.875
1.7179
3.6898
0.84528
1.1429
0.64269
0.86298
1.7022
0.89331
0.70632
0.81283
0.9977
0.83368
0.73621
0.9594
0.71779
0.66527
0.75858
0.77804
0.9594
0.67453
0.6792
1.0423
0.70958
1
0.73621
0.70795
1.3521
0.63387
0.68865
1.0023
1.5596
1.1272
1.4928
0.78163
0.7145
0.74302
0.76208
1.0162
2.8184
3.4435
2.1038
4.3954
2.0749
1.652
0.8356
0.79616
0.76033
0.88512
0.75683
0.77268
0.71945
1.3709
0.74817
0.65464
0.88308
0.72611
0.91411
1.4689
2.9717
0.70632
0.78163
0.70307
0.64269
0.87498
0.65917
0.77804
0.70795
0.71285
0.74473
0.74473
0.92257
0.7379
0.8995
1.0069
0.62806
0.71614
0.75858
0.87297
0.77446
0.78343
0.77625
1.0375
0.75858
0.77625
0.66681
0.95719
0.70958
2.2909
0.96828
2.6853
7.7625
0.80353
0.70795
0.70307
0.7925
0.67608
0.66374
0.82794
0.89331
0.72111
0.82414
0.65464
0.65464
1.2735
1.9634
4.0644
2.4266
2.5003
3.2509
7.7446
0.86497
0.69502
0.70632
0.75858
0.67298
0.69502
0.66681
0.7379
0.69183
0.72778
0.69343
1.3521
0.72444
0.69502
0.70307
0.85507
0.8531
0.81096
3.2434
2.3014
0.9247
0.65013
0.6792
0.66681
0.69024
0.69183
0.74131
0.66527
0.69343
2.851
2.4604
1.5417
2.2387
1.5276
0.75336
0.65464
0.70469
0.60674
0.68391
0.64121
0.72444
0.69663
0.67764
0.65313
2.1038
0.75162
0.78886
1.6106
0.79068
1.0069
2.2594
1.6069
2.4717
11.041
0.90573
2.7353
5.3456
1.0715
0.74989
0.71945
0.79068
0.74131
0.68707
0.81846
0.72778
0.74302
0.71945
0.66374
0.82604
0.65013
0.65464
0.70307
0.66988
0.7145
0.96605
1.0495
2.2233
7.3451
2.0417
0.80538
0.69024
0.72778
0.66988
0.73961
0.67608
0.65615
0.76384
0.65013
2.2439
1.4388
1.9907
3.1696
2.5823
5.42
2.4434
1.374
1.9907
1.5812
1.9724
1.4355
2.1281
2.2439
4.1305
0.85114
1.1912
1.2246
1.0423
0.79068
0.93541
2.8973
2.1928
0.92045
0.67298
0.76736
0.89331
1.0495
0.67608
0.68391
0.71285
0.70469
0.68391
0.68234
1.5849
1.8281
2.7606
3.6644
3.9264
2.6853
2.3768
1.0641
1.4962
1.4655
4.5709
8.7498
0.98855
0.69024
0.72778
0.79433
3.069
0.69024
1.0544
0.9594
2.851
1.3836
0.77446
0.79799
0.69984
1.7022
0.80353
0.72778
0.7709
0.69183
0.66374
0.77625
2.1281
16.711
2.0893
5.4702
1.3459
1.3274
1.2942
2.5177
3.6058
2.0277
1.4622
2.5763
0.83176
0.73282
0.79616
0.71285
0.66222
0.6792
0.69343
0.67298
0.71779
0.88716
0.84333
0.71945
0.68077
0.70795
0.63826
0.7145
0.72444
0.70632
1.0023
0.84918
0.86497
0.61802
0.59704
2.3121
11.117
1.4859
0.96383
0.8091
1.1117
0.81846
0.68391
0.71614
0.69663
0.80538
0.67453
0.77268
0.70146
0.72946
0.74473
0.70469
1.1614
1.1588
2.1135
1.4191
1.4256
1.4859
2.9785
0.74645
1.6827
3.8282
3.6224
1.5849
2.4378
0.81283
0.70307
0.75509
0.92045
0.81283
1.2647
0.82604
0.76913
1.1482
1.0139
1.0375
0.93541
1.2023
1.0328
0.91833
0.92897
0.66681
0.68234
1.3335
1.4289
0.72778
0.73282
0.79616
0.74989
0.64121
0.79799
0.79799
2.8774
3.1477
1.1508
1.7701
3.6475
3.0479
3.9628
5.9979
1.8664
1.1298
0.94624
1.0139
2.6792
1.4825
2.9648
0.75162
1.977
0.95719
0.81658
0.76208
0.74302
1.219
0.71121
0.89536
0.70632
0.69183
0.71121
3.581
0.73961
0.71779
0.69984
1.3772
0.64269
0.74131
0.72778
0.59979
0.74473
0.71285
2.2336
0.91411
3.3113
1.4757
4.8641
6.4269
1.39
2.1281
1.6368
0.81658
0.77446
0.66834
0.79433
0.77446
0.71121
0.72946
0.78343
0.71121
0.69984
0.82604
0.70795
1.194
0.90157
0.74302
0.72778
0.77268
0.79799
0.75683
1.4355
1.4588
2.023
2.4434
2.6303
2.2646
1.7498
2.7479
5.8076
2.4434
5.821
1.1912
0.82985
0.66527
1.1429
0.78163
0.63826
0.66374
0.71285
0.88105
0.74989
0.71779
0.85901
0.85114
0.63826
0.69024
0.65615
0.73621
0.82604
0.70632
0.69984
0.65163
0.73621
0.61802
0.94842
1.0233
0.73451
0.62087
0.71779
0.66834
0.64269
0.74131
0.74989
1.3062
1.6749
3.4041
1.9099
1.3459
2.0417
3.6475
2.3227
7.8886
2.6424
2.9854
1.5996
9.9083
1.9861
1.2274
1.7783
6.9502
5.559
1.6218
1.3062
0.76736
0.92257
1.5996
5.3951
0.69502
0.7145
0.8147
4.2267
2.7733
1.3397
2.5119
0.69502
0.67453
0.73621
0.66374
0.70469
0.70958
0.73451
0.71614
0.70795
0.68234
0.68077
0.66069
0.65013
0.67608
0.72778
1.3213
1.2853
0.72277
0.68549
0.79799
0.70469
0.63533
0.73961
1.1561
2.208
2.7353
3.8994
2.4155
4.2756
3.0549
2.1135
2.5468
2.729
3.6898
7.6384
1.803
1.9953
1.8197
1.3183
1.9099
3.3343
1.6181
1.5668
0.80538
0.69343
0.97949
0.70632
0.64269
0.90782
0.72444
0.74302
1.6144
0.98175
1.1143
0.67764
1.0116
0.77268
0.73114
0.64714
1.1722
0.67298
0.67764
0.70632
0.70469
0.8892
1.4289
1.6218
2.9242
3.1405
1.9454
0.62661
0.73114
0.68865
0.64714
0.71121
0.7709
0.71121
0.66527
0.65313
0.62806
0.66834
0.69502
2.5177
1.8365
2.1979
1.8493
3.069
3.7154
1.6181
2.1429
3.8637
1.374
1.5066
2.7733
1.5066
2.5003
2.7925
3.9719
1.5812
2.1478
2.9854
2.6977
4.0551
4.4055
0.93541
0.82414
1.8793
1.6368
2.9854
1.5596
0.8091
0.81096
0.69183
0.64121
0.72778
0.90782
2.5645
4.4361
1.7989
3.7497
11.588
5.035
2.421
6.1944
0.74473
1.0715
1.8155
1.0139
0.73621
0.72277
0.76913
0.86696
0.73451
0.95499
0.80724
1.099
0.72444
0.93325
0.70146
1.0375
1.2274
0.68391
1.0023
0.77804
0.97275
0.69343
0.877
0.87498
1.4256
0.96161
0.83753
0.77625
0.8892
0.80168
1.3521
1.9099
1.9275
2.5942
1.8836
1.5101
2.9923
4.6345
1.1455
3.6559
5.6885
1.6904
2.5235
0.67764
1.2823
0.9247
0.88716
0.71121
0.71285
0.72946
0.84528
0.8892
0.66988
0.65464
0.68391
0.65766
0.82794
2.0701
0.97724
0.70469
0.73282
0.62087
0.65313
0.8995
0.71614
0.68234
0.76033
0.67298
0.69502
0.71285
0.71945
0.81846
0.63387
0.67764
0.76208
0.75336
2.0417
0.73961
0.71945
0.71121
0.80538
0.8531
0.71945
0.73621
0.72444
0.76913
0.88308
0.69502
0.76736
1.1858
1.2882
1.7701
1.2912
1.0351
3.155
1.8323
0.73451
0.87902
0.73451
1.3552
0.73451
1.3062
1.8113
2.8379
1.8493
0.74989
0.83753
0.69663
0.68707
0.79068
0.70469
0.7145
0.71779
0.6792
0.69502
0.66834
1.9187
0.60674
0.62087
0.62806
2.5293
2.1777
1.4125
4.14
7.3451
1.4689
0.79068
0.65464
0.77268
0.67608
0.85507
0.71779
0.65917
0.69663
0.70146
0.82414
0.62951
0.68865
0.9528
1.4723
0.75858
0.85704
0.6368
0.72111
0.68077
0.70958
0.85704
0.8892
0.68391
0.98855
0.9247
1.2882
0.72778
0.75858
0.69343
0.7145
0.73961
0.83753
0.93972
0.73282
1.2882
0.88716
0.85901
0.77268
0.69502
1.3062
0.80168
0.73282
0.68391
0.8356
0.74473
0.69024
1.1776
0.66374
2.8379
1.3062
3.0479
2.5882
12.503
5.0933
2.0137
2.0559
3.9537
1.8621
1.2162
1.4825
1.0641
0.64714
0.94406
0.82794
1.028
0.69343
0.74131
1.6943
0.7656
0.73961
1.1995
1.3062
0.92897
1.2972
0.81658
0.90573
0.71945
0.79433
0.94406
0.72946
0.70632
0.92683
0.97275
0.78343
0.7379
1.1376
1.8493
1.2882
0.90365
0.80724
1.2647
0.69502
1.4859
1.71
1.5631
7.2946
3.1623
2.673
1.5101
2.9107
3.9628
11.092
1.8836
1.0209
1.1298
0.90365
0.89536
1.2531
0.75683
0.87096
1.3152
0.66988
0.6792
1.0162
0.66681
0.91833
0.76384
0.72946
1.0046
0.70632
0.72778
0.7145
1.1376
0.94189
0.66527
0.69823
0.69343
0.79799
0.8091
0.76033
0.71945
1.7022
0.78163
1.4723
0.91833
0.68077
0.66374
0.72111
0.70795
0.74645
0.81846
0.77983
0.78163
0.66988
1.9815
0.67298
0.70632
0.69984
0.92257
0.69343
0.83368
0.62517
0.72946
0.71614
0.82035
0.79433
1.349
2.0184
1.1535
0.79616
0.71285
0.7656
1.6749
1.6558
5.5208
1.0914
1.0046
0.86497
0.85901
2.4099
2.8576
4.8306
1.4028
3.0479
2.7479
4.6989
0.87096
0.83176
0.68077
0.73621
1.1324
0.73282
0.69024
0.7145
0.66527
0.67764
0.69502
0.65163
0.72946
0.73621
0.75162
0.68549
1.9999
0.76384
0.87297
1.219
1.6749
4.2658
2.1577
1.7824
0.94624
1.5417
8.2414
2.4717
16.634
18.707
8.3368
3.1477
1.1588
1.1482
0.95719
1.205
0.75509
0.70146
0.93972
0.64714
1.6106
0.87096
0.75858
0.72277
0.74645
0.80353
0.81846
1.5171
1.7338
2.1086
1.3614
1.9724
1.8664
2.6669
5.2845
1.3397
0.71285
0.73961
0.79433
1.5704
1.3964
3.6058
2.7925
3.4356
1.1588
3.1769
2.9376
2.4717
4.102
10.046
1.0093
0.85901
0.87902
1.3122
0.94406
1.0046
0.66988
0.8531
0.88105
1.3459
0.89125
0.64565
0.86896
1.5776
0.97275
0.79433
0.80168
0.76384
1.0617
1.5812
1.2303
9.0573
2.466
4.1591
1.8664
1.8072
5.2723
2.1577
3.581
1.3274
0.99312
1.1015
1.122
1.2023
0.80353
1.6144
0.73114
0.67764
0.83368
0.68707
0.79983
0.74645
0.75858
1.5885
0.93756
0.70307
0.72778
0.85704
1.8493
0.82794
0.84723
0.67764
0.73451
0.82224
0.75336
0.76384
0.7709
0.81096
0.72111
0.70958
0.78163
2.0797
0.8147
1.1749
1.0666
0.68549
0.73961
0.70469
0.68707
0.73451
0.65917
0.72778
1.6032
0.72946
0.88308
0.77983
0.84333
0.77446
0.7379
0.74989
0.64121
0.68865
0.91622
0.68865
0.79433
0.75336
0.72946
0.72611
0.75509
0.79616
0.70307
1.6181
1.3366
1.2078
3.1769
2.6853
1.2972
1.4158
3.1117
1.0864
1.1561
1.4028
1.5488
6.3826
4.3351
5.902
6.1235
1.9999
1.4997
3.6058
1.5812
1.6144
2.0137
1.4355
1.5812
1.3836
1.7579
0.66527
0.74645
1.0914
1.0046
0.72778
0.74645
0.76384
0.7145
0.6368
0.68549
0.69343
0.67764
0.72111
0.72444
0.75858
1.9543
0.87498
1.0765
0.82794
0.73114
0.77625
0.73282
0.69024
0.69024
0.68549
0.77804
0.6223
0.68549
0.7925
0.74645
0.75336
1.4421
2.3768
0.86696
1.6943
0.86497
1.3932
1.0789
1.3552
0.74817
0.71779
0.66374
0.88308
0.67298
0.72778
0.72111
0.71779
0.8356
0.7145
0.86497
0.64121
1.219
1.8155
1.6827
1.2445
1.1803
0.89331
1.0069
1.1995
0.69663
0.72611
0.93325
0.84528
0.66834
0.70632
0.68391
0.64714
0.70146
0.81658
0.73282
0.77268
0.68865
0.83753
0.69183
1.2531
1.2388
0.63387
1.762
2.7925
0.94624
2.2803
1.2972
2.1627
0.91201
0.85114
0.95719
1.0889
0.79068
0.84333
1.0093
0.7925
0.68077
0.78886
0.92045
0.8356
0.67453
1.0423
1.0593
1.1194
0.73114
0.75162
0.76208
0.70632
1.0399
0.82414
0.78163
0.8356
1.0715
0.92897
0.86896
0.8091
0.91201
0.70146
1.0423
0.75162
0.76033
0.97724
1.6032
3.0761
2.7606
1.932
0.91201
2.2387
3.0339
3.8637
3.9811
7.4302
1.4588
5.0933
4.7643
1.9588
1.1092
0.84333
1.1776
0.7656
1.6032
0.79068
0.81283
0.83368
0.69183
0.74302
0.77625
0.76913
1.0069
1.9275
4.1495
7.0958
2.3878
2.7227
1.2388
1.2647
0.82794
0.75162
0.83176
0.65615
0.82985
0.76736
0.69183
0.67764
0.71121
0.69343
0.82224
0.68707
0.77804
0.81846
0.71945
1.1749
0.73961
0.76033
0.70958
0.66374
0.8995
0.80353
0.72611
0.72444
0.7656
0.75336
0.97949
1.5311
0.68707
0.76736
0.64121
0.72444
4.9659
0.96383
0.78343
0.66527
0.73621
0.79983
0.73114
0.73621
0.6792
0.71779
0.76736
0.63241
0.66681
0.68707
0.98855
0.65163
1.6672
3.7068
3.0974
2.5763
3.02
4.3551
3.1046
1.6558
1.9143
1.2218
1.3213
1.556
2.421
2.1135
2.6853
1.2274
1.9011
1.3397
1.3032
2.3227
4.0365
0.76384
0.7925
0.9247
0.93111
0.82794
0.70795
0.72946
1.0162
0.67453
0.77446
0.72277
0.88716
0.85507
1.0116
1.1858
1.074
2.1979
0.83946
0.9594
0.6792
0.75683
0.70795
0.73621
0.8091
0.70307
1.0023
0.66988
0.73961
0.74473
0.70469
1.556
0.92683
0.99083
0.82794
0.88512
0.83176
0.67298
0.70307
0.70469
0.69663
0.93541
0.69984
0.66222
0.73451
0.67764
0.65313
0.71945
1.3521
0.66834
0.64565
0.70632
0.72444
0.71614
0.79433
2.3014
1.6406
8.0353
0.7925
2.2961
1.4689
0.68391
0.71945
0.92045
1.0304
1.8836
0.9506
1.0447
0.88308
0.8414
0.6792
0.90782
0.74645
1.0839
0.86896
0.73961
0.71779
0.85901
0.97724
1.0139
0.95499
1.194
1.349
0.68549
1.3804
1.256
1.5668
0.95719
0.74473
0.70632
0.68549
0.73282
0.88105
0.69343
1.7989
0.64863
0.68865
0.69343
0.72444
0.69024
0.63096
0.71285
1.4223
2.0091
0.88512
0.68391
0.7709
1.1588
1.2735
0.78163
0.8091
0.81658
0.69024
0.76033
0.74131
0.69663
0.70795
0.66069
0.91411
1.5885
0.75858
0.74645
0.70307
0.79983
1.028
0.71285
0.72778
1.135
0.83946
0.87096
0.83753
0.75683
2.7164
1.2764
0.87902
0.73961
0.62373
0.70632
0.76913
0.71121
0.71779
0.67143
0.96161
1.3804
2.8774
0.74473
0.71614
0.76736
0.73282
0.66988
1.1749
0.70958
0.70469
1.5276
0.80168
0.74989
1.1641
0.67298
0.7925
0.7925
0.78343
0.65615
0.73282
1.094
0.74302
0.92257
1.6827
4.4566
4.4055
1.3772
2.7102
9.5499
7.6736
2.1086
1.8239
2.958
1.4928
0.80168
0.71779
1.5382
0.70146
0.83176
0.75509
0.89125
1.0139
0.85901
0.68549
0.78886
0.69823
0.80724
0.89125
2.2961
0.81283
0.75858
0.72277
0.75336
1.0495
0.92683
0.70795
0.82985
1.0889
0.73114
0.69502
0.80538
0.84528
2.023
1.074
0.60674
1.3868
0.90365
2.9376
1.9588
2.133
3.1696
11.508
1.0209
1.2474
4.2462
5.7677
6.2373
1.6558
4.2954
7.9799
10.99
2.9854
3.767
7.379
1.574
0.8147
1.0423
0.74131
1.0209
1.0471
0.877
0.79433
0.68234
0.68391
0.88105
2.1184
0.89536
0.85507
0.82035
0.67608
0.76208
1.2388
2.1528
1.9055
1.4894
1.5488
4.0551
5.821
3.7584
3.2211
9.7949
12.853
2.1086
11.041
6.9984
1.2794
1.0914
1.0641
0.86896
1.0715
0.80353
0.88512
0.87498
2.037
3.4674
0.83176
0.68865
0.70146
0.8091
1.3868
0.76384
0.66988
0.74473
0.83368
0.68391
0.79068
0.75509
1.2331
0.97051
0.71779
0.69183
0.85704
0.69024
0.69984
0.70958
0.74645
0.70307
0.64565
0.66988
0.71614
1.1298
1.8578
0.75509
0.6792
0.73451
0.66988
0.76208
0.63096
0.62661
0.62087
0.90573
1.205
0.70632
1.3243
1.3366
0.95499
4.1495
1.8535
1.5596
3.4119
1.7179
0.88308
0.69984
0.70146
0.84528
0.71121
0.78343
0.73621
0.71121
0.77625
0.74473
0.69984
1.2134
0.67764
0.94842
0.66834
0.86896
0.70469
0.68865
0.73114
1.2331
0.77268
0.75858
0.66681
2.9854
1.2882
2.1677
0.61944
1.0139
1.074
1.2677
1.556
2.9717
3.3963
6.0256
7.709
4.5394
7.0632
0.73114
0.69663
1.3646
1.875
6.3826
1.7458
0.73282
0.72778
0.73621
0.68234
0.7145
0.66988
0.70307
0.81096
0.71779
0.67298
1.3183
0.8091
0.82414
0.74645
0.76384
0.79068
0.93756
0.72946
0.70958
0.75509
0.71121
0.81846
0.90991
0.73451
0.8414
0.73451
0.877
0.76033
0.83946
0.877
0.86099
0.98175
0.76208
0.80538
1.3032
0.79983
0.74817
0.74131
0.8147
0.90365
0.87096
0.80538
0.8414
0.76913
0.85704
1.8113
2.5177
1.0568
1.0233
0.78886
2.466
0.91201
0.76033
0.76033
1.349
1.074
0.90365
0.89331
0.71945
0.72611
0.7145
0.71945
0.69823
0.70146
0.65615
0.73621
0.69663
0.69502
1.4555
0.69984
2.138
4.8529
4.5604
7.4989
1.7498
0.877
1.9953
0.66374
2.799
2.0893
0.72778
0.74989
0.66069
0.65313
0.72946
0.69663
1.803
0.76913
0.74645
0.63387
0.85114
0.79433
0.82985
0.65766
0.82604
0.68707
0.67608
1.0965
1.2359
1.7498
2.1577
4.3551
2.6303
6.6834
2.2131
1.3583
1.1641
1.2647
4.9317
2.4831
6.223
1.7378
8.3368
5.7544
2.0512
3.9994
1.0328
0.72778
1.4388
0.83368
0.82985
0.7379
0.79983
0.84723
0.76736
0.81658
2.5882
0.80538
0.66069
0.71779
1.0864
2.6424
3.0061
1.0471
1.0641
0.70795
0.67453
0.71614
0.69663
1.1508
0.67608
0.67143
0.8356
0.8531
0.65464
1.2359
1.4723
2.8184
1.1402
0.65766
0.66222
0.69343
0.76384
0.69823
0.95499
0.65313
0.77983
0.77446
0.69343
0.65013
0.70632
1.1535
1.6596
1.2912
1.2972
2.2336
5.1761
0.64863
2.8379
4.3954
5.0466
9.8401
4.7424
3.3343
3.8459
2.9376
13.213
1.4555
1.4757
0.77446
0.89743
0.72111
0.69024
0.95499
0.73961
0.96161
0.71121
0.70146
0.6368
0.70958
1.2972
1.0495
0.67453
0.72277
0.65917
0.76913
0.65464
0.69823
0.90157
0.77804
0.8892
0.67298
1.3677
1.1803
1.0593
0.66527
0.98628
0.77804
0.65163
0.72946
0.93111
0.6792
0.76913
0.89743
0.96605
1.1885
0.8531
1.4757
2.3823
1.1803
0.98855
0.69502
0.67608
0.67764
0.97949
0.79616
0.64863
0.77983
0.76208
0.67608
0.89536
0.75336
0.97499
1.0447
0.90157
0.67298
0.68234
0.85704
0.84918
1.0069
0.69984
0.88308
0.89536
0.68391
0.88716
0.67608
0.65615
1.0715
1.5885
0.72946
0.70469
0.81846
0.69502
1.4622
0.85114
0.78343
0.66681
0.73621
0.90782
0.87297
1.3614
5.0003
1.2794
2.7164
1.6181
1.1588
1.4723
2.9785
5.7412
0.98628
2.5177
0.9594
3.4356
12.912
10
3.6058
17.66
12.618
2.8973
2.5293
1.4256
6.2661
18.88
3.1189
14.158
19.364
14.757
17.1
19.815
2.3335
4.5394
1.0495
1.8621
1.0965
1.1482
1.1482
0.98855
0.86298
0.88308
0.81096
1.3062
1.374
1.3964
0.67764
0.94624
1.374
0.82035
0.72778
0.6792
0.97499
0.81846
1.3152
0.90365
1.2706
1.3213
0.85901
0.8147
1.4256
7.4817
0.72778
3.2584
20.277
7.709
15.311
4.6559
2.9923
1.0116
0.8531
0.93972
0.90365
0.90573
1.0162
0.74302
0.72277
0.92257
0.74131
1.0914
0.65766
1.0593
0.65917
0.76384
0.70958
0.8147
0.70795
1.1194
0.78163
0.68707
1.3583
0.86298
1.074
0.71285
0.7145
0.74473
0.79068
1.0116
0.74817
0.72946
0.70146
0.81846
0.74817
1.0093
1.556
3.0409
0.66222
0.74131
1.0641
0.74131
1.71
1.1695
2.0749
1.1912
0.9977
1.4521
1.9275
1.5171
1.0139
0.88308
0.66834
0.70632
0.7379
0.8091
0.72277
1.1482
0.99541
2.2856
1.1614
0.80168
0.76913
0.86099
0.71945
1.0233
1.1455
0.87096
0.73114
0.82985
0.73961
0.79433
0.78886
0.7145
0.98401
1.6788
1.0257
0.93541
0.71285
0.72277
0.78886
0.65766
1.0593
0.88512
0.82414
1.2677
0.78705
0.71779
0.87902
0.77625
0.72778
0.78163
0.72111
0.67764
0.8995
1.1324
0.78524
0.75683
0.88716
0.74302
0.74473
1.5849
2.6182
1.0186
0.90782
0.85901
0.84528
0.92683
1.2474
1.5812
0.88716
0.91622
1.4125
1.5524
7.3621
1.4388
1.3062
4.4055
4.5186
12.134
6.792
1.6293
2.2182
3.2659
4.0738
2.1086
3.1915
11.588
12.912
2.2284
1.4997
2.7797
2.8184
2.3988
1.2647
5.7412
1.4421
0.8091
0.97051
1.875
1.219
0.85507
0.71945
0.76913
0.8091
0.68077
0.76384
0.82224
0.77983
0.66681
0.78705
0.72444
0.82414
0.75683
0.89125
0.70307
0.68077
0.76208
0.7379
1.2764
0.67608
0.77446
0.73114
0.68077
0.79433
0.94842
0.80538
0.96605
0.86099
0.78524
0.69502
0.72611
1.0965
0.84528
0.9247
0.83368
0.74989
0.8356
0.70146
1.1402
3.2961
1.3335
1.4997
2.7227
3.3266
0.66988
1.4962
1.1641
2.9992
3.7325
3.4754
3.4995
4.3954
2.8249
2.0654
2.7669
3.9537
4.1687
2.3335
7.5858
3.8371
2.8249
4.6989
1.5031
3.013
1.6558
0.85114
0.90365
0.79983
0.76384
0.76033
0.77446
0.80538
1.0544
0.79616
0.72277
0.73961
0.8414
0.7656
0.83368
0.93756
0.8356
0.92897
1.2589
1.3397
0.98401
0.88308
0.80168
1.052
1.3521
1.3459
0.70469
0.71779
0.84333
0.69984
0.7379
0.81096
0.65615
0.75683
0.71614
0.63241
0.70146
0.67764
0.65615
0.66834
0.66374
0.70958
0.73114
1.5488
0.67608
0.61944
0.64565
0.73621
0.69343
0.71945
0.65766
0.91833
0.65615
0.66222
0.62951
0.70958
0.68707
0.84333
0.99083
1.8535
0.76033
0.65163
0.73282
0.65313
0.65313
0.67143
0.83368
0.73961
0.69024
0.96161
0.73114
0.68391
0.62373
0.65615
2.1184
1.6634
2.2803
2.355
1.6982
0.74131
0.83176
0.79433
0.8356
0.78524
0.8147
0.74302
0.76033
0.97949
0.75858
0.72611
0.76033
0.72611
0.72778
0.99083
0.79068
1.205
1.1668
0.73451
0.68865
0.88308
0.74131
0.99541
0.88512
1.0544
1.074
0.7145
0.84723
0.71121
1.194
2.6182
1.9231
2.0417
2.8774
0.65013
0.59429
0.7925
1.3397
2.2029
3.8905
2.5823
4.9545
3.1477
3.6728
4.6238
1.7701
2.1184
2.904
6.4417
1.1722
1.0257
0.8995
0.7379
0.66222
0.75858
0.79068
0.72111
0.74989
0.87297
0.85114
0.73451
0.72778
0.83176
0.78524
1.2853
0.74989
0.78886
0.72444
0.88512
0.73961
0.73451
0.92257
0.8091
0.71285
0.75509
0.70795
0.77804
1.074
0.90782
1.4158
0.81658
0.77983
0.82985
1.1455
0.93541
0.79983
0.78163
0.8356
1.9364
0.84528
1.0864
1.135
1.2531
0.90782
1.0864
2.0184
1.0351
1.7258
0.83753
0.63826
1.6106
0.90573
0.68234
0.77625
0.70307
0.79433
0.72946
0.7925
0.74645
1.0789
0.79799
0.877
0.87498
0.80538
0.93325
0.99541
0.83946
0.90782
1.2618
2.1135
1.1246
0.9594
1.7179
1.3964
1.2503
1.8323
1.5031
0.97499
1.4223
1.3677
1.3677
1.0399
0.80538
0.70795
1.205
0.75858
0.93972
0.77446
0.79433
0.69663
0.86696
0.78343
0.64121
0.8091
1.1194
0.74473
0.86896
0.69663
0.67298
0.98175
1.1041
0.93756
0.89125
0.68549
1.2474
1.977
5.7677
2.4889
1.3709
1.4997
1.6943
1.074
0.75509
0.70632
0.71614
0.67298
0.81846
0.64269
0.85114
1.3552
0.76033
0.78705
0.66681
0.62087
1.3932
0.76384
0.74473
0.79068
0.67143
0.75683
1.7579
0.71779
0.69183
0.71121
0.67143
0.74302
1.2274
0.65464
0.81283
0.7145
0.84918
0.91833
0.73114
0.8091
1.1376
0.67453
0.73451
0.70632
0.69183
1.1143
1.122
0.91833
0.65163
0.74817
1.028
1.0617
1.6106
0.6368
1.8707
2.0893
1.0093
4.6026
1.762
2.8379
1.875
2.904
2.5586
0.88105
0.66988
0.70795
0.9594
0.96605
0.79616
0.68077
1.2647
2.037
1.1614
1.556
1.1695
1.4825
1.2246
3.1842
0.88105
0.65615
0.79068
0.74817
0.7145
0.73621
1.0069
0.73282
0.69183
0.98401
1.0914
1.0715
1.9498
3.4995
1.0304
0.65013
1.2218
0.69024
0.82224
0.80724
0.73961
0.68549
0.6792
0.69343
1.5171
1.6181
0.87096
1.5849
0.60256
3.4198
1.2218
1.977
3.0832
1.7498
5.105
1.6218
1.5959
8.1283
4.0738
4.0272
2.6485
4.7098
15.346
1.6788
1.4454
1.4825
0.84918
0.75336
0.72111
0.8892
0.82414
0.65464
0.74817
0.86298
0.8091
0.72946
0.73114
0.70795
0.66834
0.6792
0.74131
0.75336
1.0617
0.97275
1.0889
0.86298
1.0765
1.0093
0.85704
0.75336
0.73451
2.0606
1.205
0.74817
0.81283
0.83176
0.8356
1.4454
0.78705
1.0093
0.73621
1.0789
0.82224
1.2794
0.92257
0.76384
0.7709
0.71121
0.8356
0.82224
0.82794
0.72111
0.88105
1.1169
0.74989
0.93756
1.8239
1.5453
3.9719
1.888
1.8408
3.5075
9.6383
18.03
17.258
12.56
0.76736
3.0269
2.1135
4.4978
16.106
3.3651
2.8184
1.2078
1.3804
5.7677
14.928
1.3868
1.1143
0.81096
1.1272
0.8995
0.72444
0.99312
0.97499
0.86896
0.89125
0.96605
0.82604
1.099
1.7022
0.74473
2.2491
1.0069
0.81096
0.74131
0.67453
0.79983
0.76913
1.0139
0.70469
0.81846
0.72611
0.82414
0.8147
0.85901
0.71614
0.81658
1.0116
1.9143
1.6255
2.5293
1.2246
1.8967
1.5101
2.1878
1.6827
3.1989
6.0256
3.6898
6.4714
8.2985
10.864
8.5901
4.9431
17.219
2.6792
1.2474
1.6144
1.7458
0.73282
0.68077
0.81846
0.70469
0.83368
0.65917
0.82985
0.72611
0.78163
0.66681
0.90157
0.69984
0.65766
0.74473
0.80538
0.73961
0.64863
0.66527
0.62806
0.66834
4.0272
1.8967
0.74817
0.74817
0.94842
0.89743
0.75162
0.77625
0.76208
1.0257
0.87096
0.70958
0.82604
0.86696
0.92683
0.88105
0.75336
0.62951
0.81658
0.8531
0.79983
1.2134
0.73114
0.72111
0.81846
0.81846
0.72946
0.74817
1.0447
0.66834
0.83176
1.5311
1.9588
0.81658
0.73282
0.74989
0.76208
1.762
0.88308
0.82794
0.94189
1.7824
1.3677
1.4355
5.6624
3.5237
6.7764
2.3014
4.0926
9.3325
17.701
24.155
25.293
30.479
24.491
20.324
17.298
19.543
20.606
19.143
14.191
14.928
8.1283
2.7102
2.6363
3.6141
0.83176
1.2882
1.2359
1.3122
0.97275
0.85114
0.7379
0.72611
0.72946
2.8708
1.7258
0.86896
0.9528
0.85901
1.205
1.0233
1.2589
0.90573
1.1194
1.0023
0.97275
1.1722
0.97051
0.94842
1.4488
2.7669
2.1979
4.4361
2.8445
1.3521
0.77983
0.90991
0.7709
1.1117
1.8408
0.75683
0.89743
1.0304
0.80168
0.70958
0.97724
0.7145
0.76736
2.1086
1.803
8.6497
0.79068
5.035
7.9068
14.555
17.824
21.627
21.827
17.906
5.6754
6.4269
10.544
13.646
11.83
10.399
13.213
17.906
15.205
4.1976
6.792
1.0666
1.6255
1.3772
1.1402
0.74473
0.74645
0.82604
1.0162
0.75858
0.78343
0.71945
0.73451
0.95719
0.82794
0.64863
1.6032
1.556
2.8642
1.7179
2.6853
1.1376
0.95499
0.93541
6.7608
1.1967
0.69984
0.75858
0.77268
0.80538
0.70469
0.75162
0.85901
0.78343
0.64863
0.70795
1.3772
0.67608
0.78163
1.5101
1.2417
0.83946
0.78705
0.72277
0.64269
0.92683
0.68391
0.69024
0.78343
0.75336
0.71614
0.95499
1.9543
0.90365
0.85114
0.96828
0.7925
0.83946
0.80538
0.70307
0.64714
0.80724
0.7379
0.73451
1.4421
0.70958
9.4842
6.9984
12.503
14.655
17.338
16.106
19.634
19.055
17.701
17.061
16.482
15.704
18.197
14.928
12.445
9.2257
2.0606
13.122
13.062
3.1117
3.0479
2.4322
1.5849
0.9977
1.0568
1.205
1.3243
0.91411
1.0233
0.89125
1.2078
1.5276
1.845
1.7989
1.2677
3.1261
2.2284
1.1614
1.0139
0.94624
1.0423
0.85114
0.74473
0.78343
0.68865
0.82985
0.92683
0.98855
0.78343
0.7709
0.77983
1.3002
1.4791
1.0715
1.406
0.89536
0.99312
0.88716
1.6331
0.85114
1.0069
4.9774
1.4256
1.3677
0.96383
0.877
0.82985
1.0139
1.122
0.82985
1.1749
0.91411
0.8531
0.78886
0.79799
0.90782
1.1169
0.85507
1.5136
1.0965
1.3032
0.93972
2.7861
3.2063
4.1495
2.3605
2.3496
5.5847
15.812
15.453
23.768
17.378
19.907
17.061
15.136
16.749
17.989
20.512
22.909
5.6885
6.0814
15.382
13.032
6.6834
1.6106
1.2706
1.4997
1.0375
1.1429
1.2445
0.79433
1.0351
1.0399
0.78343
1.4622
1.6444
0.81658
0.89331
1.3122
1.5631
1.8155
4.4771
5.0003
8.3176
0.93972
1.1117
0.68549
1.0814
1.0093
0.86696
0.96383
0.71285
0.87297
0.89331
0.72277
1.0889
0.76033
0.94189
1.888
0.72946
1.028
7.2611
3.6813
0.72611
1.0304
1.1722
0.76736
0.7925
0.92045
0.74817
0.86896
1.2023
0.92257
2.8119
0.8091
1.1749
1.0399
1.3213
0.69823
1.7783
1.2912
1.1298
0.7145
0.80724
0.77625
0.7709
2.4322
1.6218
1.1298
2.2961
3.767
7.6208
5.4576
8.414
10.069
19.231
18.197
18.239
23.442
16.749
18.113
19.454
17.061
21.038
20.045
14.191
9.1201
17.947
3.3266
2.2856
1.1776
2.0091
1.5066
0.89125
0.72611
0.86099
1.1641
0.69984
0.76736
1.3614
1.3428
0.76913
0.93756
0.7709
1.4289
1.0351
0.86298
0.87096
1.028
0.6792
1.888
0.74817
0.73621
0.64269
11.641
2.799
4.0832
7.5858
1.8967
3.3963
9.9083
15.74
18.836
10.617
5.4075
18.155
9.7275
1.4289
3.7757
4.1687
14.588
17.258
4.8417
4.9431
4.3752
9.7499
2.8642
6.5013
3.4834
3.3729
4.3752
1.6558
1.7539
0.76033
0.9247
4.0926
1.028
0.90573
1.3996
1.0116
1.0139
1.1143
0.69502
1.0889
0.74817
0.66988
0.74131
0.70146
0.74302
0.70146
0.70795
0.7925
1.1885
0.85507
0.90991
1.4093
0.99541
0.8091
0.79068
0.70632
0.74131
0.8091
0.78163
0.84333
0.75336
0.75683
0.82035
0.75509
0.82985
0.79799
0.69343
0.77983
0.97051
0.79068
1.256
0.76736
1.7179
0.81846
0.66527
0.79433
2.1184
1.3932
3.5481
8.1846
1.1695
2.4547
0.66681
1.7947
2.2439
8.4528
2.3496
6.8077
15.704
16.749
18.621
18.923
18.072
8.9125
3.3963
1.8707
1.1995
1.5849
1.1066
0.90991
1.0139
1.0495
0.82224
0.98628
0.84723
1.9409
1.0568
0.8892
1.2106
1.0304
0.98401
1.5596
4.0738
11.749
1.2331
1.1429
1.0765
1.0965
1.4757
0.86099
0.89125
0.7925
1.1194
0.86298
0.66988
0.877
0.73621
0.77446
0.81658
0.83368
1.0691
0.67764
0.72778
0.78705
1.0069
0.72277
0.69502
0.70146
0.78163
0.81096
0.75509
1.4256
0.8147
1.1376
0.9247
0.89743
0.71121
0.90157
0.72946
0.68707
1.5812
0.80538
2.4774
3.9264
12.134
22.029
18.03
21.086
18.03
21.281
3.6898
2.2751
1.3062
7.925
19.679
4.0365
5.2602
3.4356
2.3496
1.9231
3.013
8.091
5.6754
6.2951
21.827
6.792
20.797
25.003
24.604
18.707
14.928
14.028
19.907
2.2751
3.767
3.3113
4.0926
4.3652
1.5453
1.2134
1.7219
1.0399
0.75858
0.93756
1.0375
0.94406
0.75162
1.2677
1.0447
0.877
1.5417
2.0749
1.3583
1.3397
15.596
8.0724
15.74
16.255
8.1283
21.478
23.988
26.485
22.439
11.912
8.6497
3.3729
3.9537
10.641
9.7949
23.988
25.119
26.424
25.527
26.303
21.478
20.989
21.281
23.55
24.831
23.281
24.774
26.792
18.75
10.52
1.0069
3.2359
17.539
8.1658
21.38
22.856
21.33
16.368
9.3972
19.543
25.41
20.37
22.08
19.861
1.0765
1.6218
1.4555
4.2658
7.1945
1.4454
4.9091
1.9679
3.1623
2.3442
10.209
7.4989
4.5709
27.606
26.002
23.442
23.335
19.32
4.2855
1.1143
1.3583
2.2491
5.8749
3.0269
4.1687
3.9355
3.0339
5.0466
3.1046
10.328
16.331
2.2803
0.76033
0.73114
0.69024
0.94406
0.74131
0.72946
0.70307
0.69663
0.67298
0.72778
1.4928
0.65917
0.68707
0.88105
0.68549
0.72111
0.67764
0.72611
0.64121
0.77804
0.66834
1.3243
0.80724
1.0093
0.96161
0.84723
0.76384
2.0091
0.62517
0.85507
1.5417
1.4928
0.82604
0.74473
0.79983
0.70307
0.74302
0.84333
1.3183
3.9902
1.5136
0.79616
0.77983
0.68077
0.81096
0.75336
0.70307
0.97051
1.099
0.8147
0.69343
0.82604
0.67298
0.8531
0.85704
0.70469
0.80353
0.81846
0.94189
1.652
2.037
1.1324
1.8155
1.4355
0.69663
1.8967
2.1135
5.0816
8.6099
1.1066
0.74302
0.73961
0.73282
0.79068
0.69183
0.72611
0.8531
0.90365
0.7709
0.90782
0.75683
0.66988
0.91622
0.88512
0.86696
1.3868
2.9242
0.71285
0.91201
0.71614
0.76913
0.68549
0.75162
0.86896
0.75858
0.73114
1.2764
0.81658
0.9594
0.82035
0.71945
0.65766
0.90365
0.72111
0.66527
0.71285
0.81846
0.79068
0.67298
1.0789
1.183
0.70307
0.88308
0.82794
0.87096
0.73621
0.76736
0.86099
0.72946
0.8414
1.9861
0.7709
0.69663
0.92683
0.72778
1.0023
0.72444
1.0447
0.77268
0.88308
1.0399
1.2078
0.69024
0.82224
0.8147
0.68234
0.7656
1.3397
0.90991
0.69823
0.86298
0.80538
1.6596
0.9594
0.88308
0.91411
0.98175
0.72277
0.64417
0.80724
0.80353
1.1722
2.1429
0.93972
0.94624
0.94624
2.355
2.4378
2.4044
1.4093
1.1169
0.74645
1.7906
1.2942
4.4771
1.4093
1.9815
4.2954
9.7724
17.742
15.704
17.824
1.8793
1.8197
8.1096
1.6596
0.97724
1.2388
1.135
1.1967
0.86896
0.89331
0.88308
1.1194
0.87096
0.93541
0.85507
0.74302
0.75509
0.74645
0.81846
0.70146
1.0447
0.74645
0.74473
1.0593
0.89536
0.78705
0.81658
1.6866
0.87498
0.71285
0.85114
0.91411
1.6106
1.0691
0.79983
0.84333
0.70146
0.75683
0.80724
0.68391
0.80353
0.69984
0.80168
1.0233
1.6406
3.5563
4.9888
2.1281
1.4289
1.5171
1.0328
10.139
1.1614
0.87498
1.1885
0.91833
2.7353
1.6634
5.3456
7.1945
5.9566
20.091
23.121
23.174
23.988
16.255
4.256
11.194
3.6141
7.0469
8.4528
1.0814
0.97275
1.1722
1.0715
0.95719
0.87096
0.94842
1.0023
0.71945
1.052
0.74302
0.94406
0.69502
0.94842
0.97949
2.3067
1.2853
0.68707
0.67453
0.99083
0.93972
1.6827
0.66527
0.73114
0.96828
1.9275
1.3002
0.99541
1.7179
1.7824
1.8967
2.5645
2.3496
3.7931
12.246
25.823
25.177
28.907
25.177
21.478
21.38
18.664
17.783
7.2277
9.9083
17.338
16.482
9.7724
1.6634
3.6644
13.709
1.0093
1.205
1.1912
1.1455
0.77268
0.90782
0.80353
0.76208
0.76208
1.4256
1.4158
1.0765
0.79068
3.8194
12.023
2.037
3.7584
3.4198
4.4259
3.7411
1.9187
0.74473
1.4125
1.0116
1.2078
0.84723
0.71614
0.70146
1.2647
2.3659
1.3646
0.73961
1.1376
5.5463
1.2106
0.75683
1.3032
1.0351
0.78163
0.74645
1.1668
2.6242
1.1092
4.9431
2.5177
4.4771
16.293
22.336
11.749
13.646
25.41
24.717
26.062
23.768
25.586
17.783
20.941
19.999
18.836
3.8019
2.1184
4.9091
0.93972
0.98401
0.89743
1.2023
1.0864
0.71779
1.762
0.73621
0.74131
1.0617
0.83176
0.7379
0.82794
0.6792
1.2417
1.2388
1.0423
2.8249
6.5313
20.845
26.122
13.646
7.7983
8.1846
1.5812
0.85901
1.3932
0.79983
0.93325
1.8072
1.2735
0.98175
1.7418
0.79799
0.9506
0.75683
1.3996
0.75162
0.86099
0.65766
0.69823
0.72444
0.76913
0.74302
0.7925
1.845
0.72946
0.66374
0.62373
0.74473
2.6182
1.4928
1.1776
0.87498
0.78163
0.72778
1.028
1.1995
1.4928
1.4093
1.8793
1.6144
2.4434
2.3442
1.8493
4.7534
1.3062
0.78524
0.73961
0.81658
0.65615
0.86298
0.8995
1.2882
0.79068
0.69343
0.98401
1.4622
0.78343
2.7542
7.709
16.293
22.542
17.947
20.37
20.184
14.791
5.0816
2.5586
1.3002
1.2647
0.66069
3.3963
2.541
7.709
1.932
0.76033
1.0965
0.80538
1.9724
0.95499
0.69343
0.7709
0.71285
0.75509
0.70632
2.1184
0.68391
0.75162
0.72946
0.67298
1.4791
0.98175
1.3964
1.1092
2.5527
2.5061
7.709
2.6303
2.5468
7.5162
22.029
24.21
21.528
20.045
21.979
17.783
13.062
1.4488
3.7497
11.015
1.6444
2.1677
1.2246
1.3996
1.9679
2.0606
1.135
1.4825
1.9275
0.94842
0.81096
3.1696
1.7865
0.85507
0.86896
0.74989
0.81283
1.5812
0.61944
1.4825
9.8855
7.0632
9.9541
19.143
2.3227
2.6977
1.0046
2.7925
3.0549
2.1979
1.2677
4.4361
0.94189
0.83753
0.89536
0.84918
0.75509
0.80168
0.70795
0.78886
0.81283
0.76913
0.7656
1.2023
1.0568
0.74645
0.69183
0.75858
0.8147
2.5527
1.1066
1.2853
3.5075
2.023
1.5524
0.66988
1.0186
7.6208
13.868
8.5507
10.257
9.528
14.256
24.099
25.468
23.388
26.607
22.233
16.943
23.227
19.32
22.594
19.861
18.621
18.793
3.342
1.7783
1.4588
0.93325
0.8414
0.93972
0.75858
1.1668
0.78524
0.65615
0.9247
0.76736
0.79616
1.052
0.69343
0.73451
0.67453
0.82224
1.0691
3.4277
1.845
1.5031
0.79799
1.3646
1.5276
2.5586
7.5683
12.972
22.751
21.281
21.528
12.677
10.666
25.351
25.177
18.155
16.711
17.378
2.5763
6.2806
2.3227
1.074
1.135
1.5959
1.4555
0.92257
2.7733
1.2218
1.3996
1.6218
0.86099
0.83753
0.84723
1.1169
1.1776
