2.5942
0.97724
0.82794
0.85901
0.8147
1.1169
0.98175
0.98175
68.234
68.234
68.234
68.234
68.234
68.234
68.234
68.234
68.234
68.234
68.234
68.234
68.234
68.234
68.234
68.234
68.234
68.234
68.234
68.234
68.234
68.234
68.234
68.234
68.234
68.234
68.234
68.234
68.234
68.234
68.234
68.234
68.234
68.234
68.234
68.234
68.234
68.234
68.234
68.234
68.234
68.234
68.234
68.234
2.7479
12.023
1.1535
1.2246
5.8345
15.171
15.276
5.6754
2.2387
1.2134
1.0814
3.2734
2.2803
2.1928
2.0749
2.3067
2.2336
1.762
4.8753
6.1235
3.0339
2.2439
4.9774
0.87902
2.3014
3.5075
4.3652
7.3282
2.2594
1.0544
2.3335
1.2647
7.2778
1.3032
1.2912
1.1912
1.6144
2.7164
0.92897
0.75858
1.6749
1.1376
2.0464
1.5596
9.7949
13.002
7.379
8.1658
14.791
1.9099
2.2961
1.2589
1.2942
1.7219
2.1777
0.93541
3.2659
1.0889
1.0889
1.6368
3.4119
0.97949
1.1668
1.0023
1.0568
0.97724
1.9011
1.9454
3.8459
3.7068
0.8892
5.3951
16.52
13.709
12.531
9.7275
8.995
5.1642
13.677
11.668
2.5061
2.9174
1.8113
1.5488
0.8995
1.8967
1.4093
4.4259
1.3032
2.8054
3.5318
3.342
1.1402
2.5119
2.3174
3.7584
2.4774
1.8365
2.1086
1.4388
3.7757
11.35
1.8707
1.3521
1.1402
1.4488
1.3709
2.4491
1.4622
1.5205
1.1272
0.91833
1.0069
1.9999
2.9107
5.9979
1.8621
1.2735
3.4594
2.8314
2.1281
3.1477
1.4859
2.4044
1.3521
2.1038
1.4125
2.2336
1.1995
1.7947
1.4223
3.6475
1.8578
3.8726
4.0644
7.9068
4.3251
2.4044
3.767
8.892
10.839
1.5596
0.90782
0.8531
0.79068
0.93541
0.79068
0.96383
1.094
1.256
1.932
1.3614
1.2134
2.8445
1.0568
4.6345
1.9588
2.8054
2.7669
1.1402
2.6546
3.0339
2.0893
3.9446
3.3037
6.3533
0.97724
2.9174
1.219
2.4099
1.4588
2.0893
1.2331
1.4757
1.7824
3.3266
3.8371
2.6977
2.4155
3.4674
2.958
1.9364
3.3497
2.1777
2.6363
2.7353
5.8614
1.3772
4.6559
5.1168
0.9247
1.9634
2.3067
3.5892
1.5996
0.82794
0.81096
0.75336
0.78524
0.90365
0.97949
0.82414
0.80168
0.81658
0.77804
0.86298
0.8091
0.7379
1.9679
1.3459
3.1623
2.133
2.0845
2.3335
2.3659
4.2462
3.7584
3.7497
1.6904
3.1623
3.0061
1.4894
1.4454
1.3868
3.2885
3.4119
3.4041
2.9923
5.9841
0.94406
1.3964
0.90991
0.87498
0.72444
0.78163
0.85507
0.91201
0.87902
0.82035
0.9528
0.86896
0.80724
1.4388
1.2503
1.1429
0.95499
1.0023
1.2735
0.99083
1.1117
1.0864
1.6181
1.1967
1.1588
1.4125
1.6634
0.8531
0.7925
0.8091
0.78886
0.80168
0.93325
0.88308
0.76384
0.77268
0.82794
1.1508
0.80168
0.80168
3.2285
7.9983
4.9774
2.541
5.9293
2.1429
2.2961
6.2806
3.4356
10
4.6559
2.3442
2.9242
3.4435
1.2647
0.90365
2.5351
3.6644
3.342
4.14
7.925
6.9663
1.0864
0.7709
0.78886
0.77983
0.86298
1.052
0.85704
0.90782
1.3677
1.9187
1.556
2.138
3.3497
5.9841
4.6026
2.1928
1.6788
3.4119
11.83
1.1482
0.73114
0.90157
0.91201
0.90991
1.8967
3.5727
1.9364
2.9242
4.1879
3.2285
5.781
1.5668
3.3963
1.9364
6.4269
2.3014
1.7579
3.0479
3.8194
0.97275
1.8793
0.90782
0.78163
0.8531
2.7227
0.75162
1.71
2.3014
3.7931
2.0417
4.0551
2.5293
2.8576
4.3853
5.3951
4.4157
2.1429
2.2961
2.1478
8.1096
2.1281
3.2285
1.8664
2.133
3.9628
4.8865
1.3213
3.013
0.90991
0.877
2.1928
2.4774
1.977
5.0816
8.531
1.9011
6.0395
0.9247
0.89536
0.8091
0.6792
0.79433
0.91411
0.77804
1.0162
0.77804
0.87096
0.80538
0.87498
1.2823
0.78163
0.70795
0.79799
0.79799
1.0209
0.95499
0.82604
0.81846
0.96161
0.82985
0.73114
0.8147
0.80168
0.7656
0.92897
0.75509
0.77625
0.83946
0.7379
3.6058
1.574
4.6345
1.4454
1.6144
1.2706
1.0471
1.2023
1.8072
1.9454
2.9512
5.0003
2.6669
5.821
1.5031
2.5586
2.7353
4.4566
3.0832
2.8642
0.9594
0.80538
0.80168
0.88105
0.7925
0.71614
0.82414
0.90991
0.877
1.2106
0.90782
0.88716
0.877
0.71121
3.7497
1.6069
3.8726
5.5081
2.0941
2.9854
6.223
1.4421
1.8664
3.6813
3.069
3.4594
4.7098
4.9204
2.8576
3.6058
5.3456
3.767
13.521
3.9355
5.0582
1.5205
0.86298
1.1041
0.91201
1.0209
0.84528
0.85704
0.8091
0.84528
1.1041
2.2131
3.3651
1.3183
2.3014
2.2029
6.9183
2.3659
1.0046
1.074
4.5186
4.5394
3.0269
11.668
1.7338
4.3954
7.0469
3.1696
1.6144
3.4277
18.793
2.4434
4.1879
4.5394
3.2584
2.8907
2.9992
3.1696
2.4889
4.3752
2.8054
1.1169
0.8995
0.89743
0.89331
0.85507
4.3053
0.8531
1.1803
1.0046
0.77268
0.89536
0.75509
0.81658
0.8414
0.76913
0.76033
4.9774
3.7325
5.0119
6.1802
5.1404
16.255
1.0617
2.7353
3.8905
18.408
8.6099
4.1976
3.1477
19.143
5.8749
13.032
1.0399
1.1482
3.2509
1.9543
1.4093
1.3772
0.83368
3.4198
1.2078
2.037
1.6827
1.5136
1.2706
1.0715
0.79433
4.6666
6.0117
2.0893
0.79433
0.89125
0.83176
0.81096
0.80724
0.74817
0.74131
0.86298
0.81658
0.99312
0.87096
1.7947
0.79799
0.93541
0.877
0.74989
1.6293
2.3823
1.7498
1.1455
1.3092
1.4555
3.9446
3.5645
1.4322
5.5719
2.0701
5.4828
0.90991
0.91411
0.76913
0.97499
1.2274
0.79616
1.845
0.91201
0.91411
1.205
0.82035
0.85114
0.96605
0.86099
0.83176
0.84723
2.2751
1.6904
0.77625
0.76736
0.79616
0.85114
2.6792
2.3714
2.138
1.2445
3.0339
3.8548
1.6218
1.8621
2.3067
2.023
2.1627
4.6559
5.1168
2.3878
4.4259
4.1115
1.6255
1.6255
2.4378
1.5488
4.3451
1.9634
2.0137
0.83176
0.78886
1.2417
0.88512
1.1376
0.8414
1.0495
1.0304
0.72444
0.8995
3.2509
2.466
1.3397
1.6406
3.3189
1.2735
0.79983
0.88716
0.74817
0.85704
0.76384
0.83946
0.73961
0.85507
0.89331
1.9364
2.1429
0.81096
1.574
1.0814
2.3878
1.7179
3.5481
2.7606
4.8641
5.6624
7.3282
3.9628
1.406
2.851
1.4093
1.6827
1.1066
3.1405
2.2439
0.85704
0.88308
0.81283
0.80353
0.84918
1.122
2.1577
0.79983
0.84723
3.3343
6.0395
2.8314
0.77983
0.877
3.9084
8.2794
4.4875
6.2517
3.7068
1.8323
1.4757
1.6482
0.96383
0.89331
1.9953
5.2845
2.0184
0.75162
0.85704
0.88716
0.80538
0.83368
0.877
0.88512
0.80353
0.8147
1.2589
0.75162
0.78524
0.83753
0.94842
1.0257
0.80538
2.2182
4.2756
3.8994
2.5942
5.4954
7.0632
3.6141
0.79983
16.596
21.827
21.429
13.804
7.3114
19.724
5.2845
3.3729
6.7608
16.904
1.9543
1.0617
1.2794
5.0003
2.1281
3.0761
2.9512
2.1777
1.7378
2.4889
4.8195
4.5499
2.799
1.8323
2.3605
2.8708
2.704
1.9454
4.6026
3.5975
1.5959
0.86696
1.0023
0.82794
0.87297
0.80168
0.79068
0.80168
0.8147
0.8147
0.82985
1.0666
0.8091
0.73451
0.86896
0.78343
3.7757
0.80353
0.73621
0.76913
0.94624
2.1281
2.6062
1.7539
3.9355
2.2029
1.6181
7.145
1.7824
2.1281
4.8529
7.0146
1.9055
4.7206
9.8175
9.2683
14.488
2.0941
2.3714
2.0654
1.9861
2.729
3.1477
7.3114
4.4361
1.2246
0.91622
1.135
0.9528
1.0423
2.3605
0.77446
0.74473
0.97724
1.4093
0.97499
0.69823
0.8892
0.75509
0.80353
0.83946
1.0765
2.3335
0.74645
1.0423
2.4889
3.4754
6.0814
3.0409
3.4198
4.7424
2.1627
2.6363
4.5394
2.133
4.0179
4.2855
2.3335
4.2954
0.9506
1.1376
0.77446
0.79799
0.93756
1.2589
0.8995
2.3174
0.75858
0.79433
0.76208
0.8147
0.86497
0.78524
0.79983
0.78886
1.2388
1.1749
0.77625
1.0069
0.87096
0.91201
1.0715
0.8995
0.96383
1.0447
1.6558
0.74817
0.75683
0.81283
6.4714
2.2336
2.3605
5.1404
1.1912
4.3451
1.1298
1.1588
2.3388
2.7164
1.2445
3.0832
6.2951
2.6182
2.6002
3.5481
3.0832
4.3251
6.3973
1.6293
1.8113
1.2618
3.9174
4.8195
1.2023
0.90157
0.87096
0.73282
1.074
1.1749
1.349
2.7606
0.74645
0.92683
0.89331
0.7925
0.81283
2.4044
0.9594
0.86298
0.83368
2.7542
1.0447
1.5488
1.1668
3.9902
3.0479
3.4674
3.4594
3.581
3.7757
2.3388
2.5003
5.7148
1.7742
2.3014
4.2073
3.6141
1.7338
1.5704
1.5631
2.4547
4.3954
0.72611
1.1967
1.1722
1.0257
0.86298
0.877
0.78705
0.74302
0.78524
1.2023
3.281
0.72277
1.8493
5.9429
3.4914
2.5942
2.6242
2.3174
9.1411
6.792
3.4594
2.2751
1.1535
0.97051
0.8995
0.77268
1.5101
0.93972
0.80353
0.76208
0.93541
0.79068
1.194
1.1041
0.79799
0.77804
0.81846
0.90157
0.97499
0.70958
0.74302
0.73114
0.94842
1.71
3.9719
3.8459
1.6255
2.5119
4.6559
2.5061
4.9431
6.0954
0.95499
2.3281
5.1642
2.208
1.2417
1.7539
3.1769
1.2912
2.1038
1.3092
0.80168
1.122
5.5463
3.6983
4.2364
4.7973
3.7844
6.5313
3.4995
5.8749
2.1038
3.5727
1.3335
2.9107
2.4378
3.1769
1.3366
0.77804
0.91833
0.76033
0.74645
0.73282
0.89125
0.79068
0.72778
2.1727
0.76208
0.71121
0.73114
0.81658
0.72444
0.76913
1
0.72277
0.75683
0.87902
3.9174
1.3366
1.556
1.1912
1.6444
1.762
3.155
1.7179
2.5645
3.5156
5.5463
4.5499
3.3497
3.0974
2.133
2.5823
6.5013
1.574
2.6792
2.0797
1.8281
1.6749
2.4378
1.6943
1.652
1.1092
0.84528
1.1041
0.96828
0.83753
0.78163
1.0814
0.8414
0.88308
0.75858
0.82224
0.74645
0.77625
1.2134
0.99312
0.81658
0.82985
0.84528
0.75162
0.65917
0.70958
0.77804
0.67764
2.9923
5.4702
6.8865
4.1305
2.4774
6.4714
2.6853
1.4191
4.217
5.358
4.102
2.138
2.1928
5.5463
3.2359
7.656
7.9616
2.4378
2.6122
2.904
3.7068
4.0087
13.459
1.8113
4.7973
3.9994
4.4259
4.4055
2.9242
3.8107
3.1333
1.0423
0.97051
2.0091
0.877
0.79433
0.94624
0.83368
0.73621
0.84723
0.82604
4.6881
0.97499
0.93325
1.7824
3.8282
3.6308
5.5335
4.6881
2.8119
1.4158
1.4355
0.9506
1.099
1
1.2106
1.0765
0.877
1.0399
1.0544
0.79433
0.92897
1.1967
0.87902
1.2531
1.39
1.1749
0.71121
0.87902
0.90157
1.0715
1.1272
1.1561
1.6368
1.1858
0.8147
0.82794
0.74645
0.78705
0.85507
0.78343
0.90157
0.74645
0.80353
0.82414
0.88716
0.80168
0.8356
0.70795
1.1376
0.8531
1.5453
0.73451
0.79799
0.86696
2.2751
0.81096
2.5235
1.6596
1.0765
1.8408
1.7258
1.3964
2.673
2.5061
6.4714
2.5527
4.5604
1.5311
2.1038
2.851
4.0365
4.2364
1.7179
1.0666
0.98855
1.2359
0.90991
0.78524
1.074
0.82035
0.84528
0.87498
0.76033
0.79799
0.76384
0.83946
1.9861
0.94624
0.85507
0.75336
0.88716
1.0375
1.6181
0.94624
2.3227
4.8865
1.6749
1.4454
1.2972
1.1117
1.9634
3.1261
3.2734
3.2885
6.8549
3.4041
5.7412
1.8967
2.7669
2.3605
1.9231
4.0272
2.6122
5.2119
1.0023
0.99312
0.89536
1.0914
1.0375
0.82035
0.76033
4.4875
0.90365
0.7709
0.95499
0.83176
0.71945
0.80168
3.6392
1.6482
0.68077
1
3.1189
4.5604
8.2604
5.3703
1.5849
3.6224
1.9724
2.7479
1.6144
4.1783
3.7584
2.5527
3.0269
1.803
0.77446
0.95719
1.1641
1.3804
0.83946
0.88308
0.90782
0.9977
0.82604
0.83176
1.0568
0.78343
1.6866
1.762
0.72946
2.6792
4.2954
3.2509
3.5075
2.8642
5.1761
3.767
0.9594
2.1577
13.74
3.7584
4.8529
2.1232
1.2912
1.4894
0.94406
0.83946
1.2589
0.98175
0.8414
0.75162
2.5823
2.7479
8.8716
2.2336
3.6898
6.9024
7.6384
1.0447
1.3459
1.7742
0.94624
2.3121
3.1842
4.5394
6.8865
3.4674
1.1561
0.88105
0.88308
0.85114
1.099
0.72444
0.78343
0.80168
0.78343
0.71779
0.82414
0.79799
0.69823
0.72611
0.79799
1.1641
2.2439
2.2961
3.9902
2.3933
3.3651
5.0003
0.64565
1.7579
0.82414
0.82035
0.81658
1.4093
0.92045
0.90573
0.85507
0.80724
1.71
3.6392
1.5205
2.8907
4.6774
3.6224
3.4754
4.1495
7.8163
1.4028
1.5812
1.9861
1.5488
1.256
4.5604
3.5727
2.1878
1.7258
1.9724
5.3827
2.9992
1.8621
2.673
1.2417
1.3521
0.76384
0.85901
1.3213
1.3305
0.92897
1.4791
0.92897
0.80168
0.83753
0.9247
0.79799
2.2387
0.88512
0.8356
1.5849
1.9588
1.0666
0.91201
3.5727
6.4269
3.4356
5.1642
2.3121
5.2119
3.9994
5.8076
1.0257
1.3614
0.90991
1.7258
0.81846
1.1143
0.69823
0.74645
0.71614
3.0761
1.7258
1.3366
0.80724
1.762
2.6363
3.9994
13.243
16.788
12.023
5.8884
3.7239
2.1878
3.3963
1.9953
2.673
3.1623
1.1508
2.2856
1.4859
1.0093
1.3183
1.0023
1.1272
0.96828
0.85704
0.77446
0.9594
0.88716
0.92897
1.875
0.83946
0.74131
0.66988
0.77625
3.0479
3.8726
3.7497
6.6988
2.5882
7.0146
8.4723
1.3521
7.8163
1.6218
1.183
1.7824
1.6596
1.1041
1.1641
0.96383
1.3335
1.4825
0.81096
1.4622
1.3397
2.6669
2.958
0.8091
1.4289
1.875
0.81846
0.93111
0.94406
0.9528
1.5276
4.0272
1.7824
0.86696
0.74989
1.8535
2.0989
0.83176
1.2218
0.92045
0.70146
0.85901
0.82604
0.75162
0.89125
0.7925
1.0765
0.77446
0.79068
0.78705
1.8155
5.9293
0.74817
0.8356
1.3152
1.9364
2.3442
7.9799
2.5003
4.0926
1.8239
1.1508
2.3714
3.5975
4.1976
1.4322
1.0641
2.6915
4.2073
1.7022
4.1783
2.904
0.87297
0.90365
0.87498
1.1041
1.1695
2.6242
0.80724
0.8414
0.79433
0.76384
0.877
1.183
0.85704
0.81283
0.97724
0.99312
1.0069
1.1508
0.88308
1.3552
1.0889
1.4997
4.592
4.6881
2.5586
1.4757
1.3772
2.2909
1.7701
3.9355
3.4834
4.8641
3.9719
22.182
1.8535
1.1668
1.803
0.83368
0.76033
2.037
1.1246
0.97051
2.9444
1.2823
3.7584
1.1695
0.89125
1.0257
0.75858
0.77983
0.82794
0.78705
1.8664
0.82985
0.79799
0.8147
1.0046
2.5823
2.421
2.9107
1.1246
1.7418
2.1528
4.1783
2.1928
2.3442
1.9634
1.803
5.42
5.7412
2.8314
0.93541
0.85114
0.74302
1.183
1.074
0.88105
1.0568
0.77804
0.79433
1.3583
0.86099
0.82414
0.78163
0.91201
0.83176
0.8531
1.0889
0.82985
0.89125
1.5488
1.3152
2.4044
5.4576
9.0991
17.989
20.512
20.324
8.356
5.1286
7.2946
18.75
21.038
19.498
19.543
19.77
15.453
16.904
17.022
12.359
19.32
15.524
18.239
17.906
16.406
19.454
23.933
11.641
15.205
20.184
13.122
14.521
13.428
8.7297
1.1858
3.9537
1.4622
6.0674
1.0544
1.4521
1.5488
3.6392
7.6208
19.634
13.243
2.6303
4.529
3.0903
1.6406
1.4521
0.82224
1.1588
0.90991
0.87498
1.2823
11.143
7.0795
3.342
13.9
13.243
14.06
17.418
20.464
21.528
19.953
14.825
13.804
13.868
13.366
12.359
21.727
13.183
14.322
16.032
14.962
15.031
7.9068
1.7701
1.0965
2.421
3.4356
5.1404
2.2751
2.3823
0.85901
0.93111
1.0069
0.82035
0.81096
1.6943
0.86298
0.8892
14.521
15.241
18.535
18.836
20.512
19.634
15.171
19.498
19.724
23.823
9.5719
12.162
17.179
3.0269
9.3756
14.388
18.197
23.878
17.219
17.338
20.137
14.962
9.0157
21.528
17.865
20.324
8.7096
3.4277
2.4099
0.82035
0.95499
6.5313
9.7051
6.6069
0.88512
1.3772
0.90782
1.4655
0.97724
0.85507
0.78163
1.0046
4.6666
4.217
8.8105
2.0559
1.1749
1.0544
0.87096
1.875
0.86099
5.188
3.4041
1.7458
4.3551
1.2618
1.3397
2.0797
2.8708
1.5631
6.4417
0.98628
1.0715
1.7742
1.3122
2.6424
7.8886
5.4702
8.995
3.5563
18.793
20.23
16.106
18.578
18.239
18.707
16.982
14.689
20.989
17.865
8.6298
1.9143
1.3772
1.1858
1.5453
1.2417
1.5382
1.4421
1.2677
1.3002
2.8314
2.0893
1.1402
2.2387
1.3032
1.4388
3.7239
1.2618
1.1803
0.89331
1.2735
2.2491
1.4454
1.6181
1.9907
1.0839
2.0137
1.3243
1.9907
4.8195
12.853
5.188
2.673
1.7989
4.6238
20.091
18.45
14.757
10.715
7.4302
6.4121
1.0715
0.84918
0.94406
1.0839
1.0328
1.1015
0.90782
0.877
2.5235
11.324
18.836
6.7453
10.593
13.772
6.4121
6.5013
1.349
1.2972
1.2303
0.84918
0.80724
1.5885
1.7989
0.81096
4.1879
3.3189
1.7498
4.4668
3.7757
0.84723
0.94624
0.88512
0.99083
2.6485
1.0046
2.5704
0.85114
0.86099
0.84723
0.78705
0.79983
0.78343
0.91411
1.3397
0.76208
0.79616
0.84918
1.4997
3.1696
1.1776
2.5468
1.977
1.7298
1.6596
1.8493
2.2387
1.1614
0.74989
0.90991
1.6032
1.2106
0.81846
0.77983
1.0399
0.78705
1.7022
2.1528
0.69823
0.71121
1.2445
3.3266
2.4717
3.1189
4.6774
2.5235
3.8905
1.3521
1.1066
1.4223
2.0184
9.3541
4.0551
5.1761
1.8155
6.9343
2.6915
5.821
6.3533
6.9502
1.0965
1.2023
1.4791
1.3335
0.98175
1.1298
1.6827
1.0046
0.94189
3.5892
2.7353
0.98628
0.76033
0.79068
0.90991
0.85901
0.94624
1.8493
1.0617
0.9594
1.0423
3.3189
1.1588
0.8147
0.81846
2.023
1.6634
1.7742
1.5776
1.6866
3.8815
7.2946
8.9536
5.2845
5.8479
6.2517
17.458
17.62
18.493
3.5237
4.3551
8.5901
1.2162
1.5136
1.4223
1.7418
1.4962
1.1298
0.72111
0.93541
1.3183
3.8371
3.0761
17.947
15.812
22.909
17.061
22.08
25.351
8.8308
16.255
16.444
13.335
20.137
21.038
19.275
14.962
22.387
17.458
16.904
19.32
20.606
13.152
16.672
12.794
13.152
14.223
17.66
21.38
19.634
14.028
21.135
15.453
17.66
20.512
5.0119
1.9953
1.5524
1.3002
1.7378
1.0471
1.2474
2.4604
6.8234
13.032
6.2517
10.495
3.9264
6.9024
3.4674
1.3152
2.4774
0.96383
0.83946
1.1803
10.789
6.166
2.9785
5.1523
5.2119
12.735
17.539
16.331
12.942
16.069
12.531
15.776
1.803
2.958
2.1038
2.9444
3.8194
3.3497
7.9068
1.803
1.0691
0.79983
0.7379
0.89536
0.7925
0.91411
0.79983
0.8531
0.89743
1.094
1.256
1.5205
1.4757
3.8815
2.8119
5.2119
7.6033
1.5382
0.91833
0.96383
1.0046
1.4521
0.86696
0.82414
1.6634
6.8391
3.8107
5.5976
4.5499
1.888
4.6774
8.892
13.213
9.9541
1.7701
2.421
1.0046
0.92045
0.99541
1.205
0.71779
1.4689
1.1482
0.76033
0.77625
0.74989
1.0544
0.75858
1.099
0.75336
0.69663
0.78343
0.78705
0.77268
0.79799
0.86099
0.9977
1.5205
1.1324
0.75162
0.8414
1.1143
3.8107
2.7479
1.6672
1.803
2.2182
4.256
1.6634
3.1477
4.0365
4.0272
4.7973
5.2119
3.1046
2.5882
6.8391
19.409
19.454
13.772
18.323
8.6298
3.8726
3.5975
1.1429
1.0715
1.3964
0.9977
2.1627
1.2388
1.6406
1.0351
0.89536
6.6988
3.8994
8.1283
8.5507
3.6813
11.614
2.0606
3.0903
1.9815
2.1979
3.5075
1.7539
1.4997
7.3451
6.0814
18.03
14.723
17.338
18.578
18.072
22.594
4.6989
5.0003
8.3176
4.6452
1.9143
1.5885
1.6032
0.93111
1.5066
1.2078
0.75336
1.2677
0.92897
1.0641
1.5241
1.1803
0.81283
0.73282
0.9247
2.208
0.7925
1.4757
0.74131
0.94406
2.1777
8.091
8.2604
5.6364
9.1833
6.7608
6.1376
2.5468
1.3274
1.9099
14.723
22.439
15.668
10.691
14.223
7.2946
7.0795
1.8578
1.7458
0.79616
1.0965
1.0691
1.0328
1.8578
3.5318
4.9888
1.0814
1.1912
1.2531
5.6234
6.9502
2.6182
16.827
2.2646
10.814
2.2751
2.2961
1.0139
0.83753
0.8892
0.90365
1.71
1.374
1.3032
0.87498
1.1455
2.3442
12.106
17.219
20.989
18.75
25.177
17.378
4.529
5.3088
10.74
16.749
15.812
22.233
15.241
8.2035
1.9011
4.4566
2.9376
5.224
5.559
1.2023
1.3836
7.6384
1.845
0.91833
1.194
0.83368
1.374
1.9187
10.74
3.2137
8.0168
11.614
14.655
22.699
20.184
14.689
16.144
19.099
21.627
11.588
10.789
18.578
11.246
19.143
15.276
6.7764
9.2257
6.5615
4.7753
1.1429
2.9717
1.6032
2.2284
2.9242
5.5081
10.399
18.923
23.227
17.539
17.824
22.336
24.099
22.08
6.5013
6.2373
2.2029
2.0137
3.8815
1.2303
1.0495
1.135
2.0701
1.0447
2.1528
2.704
1.3122
1.3428
2.4946
1.7378
2.421
3.1333
10.52
0.76033
5.5976
13.552
13.804
23.823
23.659
20.045
18.197
18.535
8.7297
2.5645
8.6896
9.5719
19.907
17.579
15.922
18.578
2.6607
2.7416
3.7931
0.9977
1.1614
0.90157
1.5922
1.3062
0.94624
1.4322
1.7947
1.8923
1.5066
3.0479
3.342
1.1092
0.79799
0.92257
0.87297
0.76913
0.7709
0.94406
1.5136
2.9242
6.3973
13.996
3.1915
9.2897
4.3853
2.9648
3.2509
1.3932
11.041
6.9663
3.4119
5.8884
6.166
1.5704
1.5101
4.256
0.90991
0.97275
1.4191
0.8995
0.77625
0.93541
0.79068
0.7656
0.7656
1.1641
1.4894
0.84918
2.0045
6.4417
4.3251
1.2706
6.9502
1.4894
10.889
3.9902
2.6122
1.8923
6.8077
6.1235
12.331
24.547
28.054
8.1096
21.38
22.387
18.75
11.482
8.3176
13.305
19.099
12.388
18.408
16.866
6.166
1.2882
1.9543
1.6406
3.1623
1.6749
1.2023
1.3521
1.0233
0.8531
1.5382
1.39
4.4157
2.4774
3.3651
3.6728
0.82224
1.4256
0.93756
1.3213
0.86696
2.7416
0.94189
0.95719
7.2946
13.122
14.488
2.541
4.4978
15.849
18.664
20.749
6.4417
6.6681
2.4946
1.7539
1.9815
2.4547
2.1184
6.5013
8.4528
1.0351
1.1508
1.1722
1.1508
0.93325
1.6634
0.89536
0.75683
0.99541
0.77268
0.77625
1.8793
1.5417
3.1696
4.4566
2.138
7.3451
4.8641
7.1285
8.3753
1.2023
1.4997
15.241
7.1614
14.223
9.0782
2.1577
1.1272
1.4125
3.2359
5.4576
9.6161
18.836
15.031
24.266
22.336
19.907
20.417
7.8163
6.7298
6.8077
5.9429
6.2661
2.1777
4.9545
1.0328
2.6182
0.86497
0.88105
0.9506
6.0534
4.8195
0.87297
1.2303
5.5081
3.7068
2.9242
7.4645
2.6303
4.5709
5.781
19.634
7.0146
3.7931
13.646
15.668
18.493
10.99
7.6913
1.932
8.8105
2.7797
1.205
0.83753
0.91411
1.7338
1.0864
0.81283
1.1246
0.91201
0.8356
3.069
4.9431
3.013
6.9183
2.355
5.9566
13.583
19.634
6.5313
2.0417
3.2961
2.2336
1.8836
3.1046
10.28
18.03
10.789
13.243
2.851
13.932
2.0701
2.4266
3.5727
2.8774
2.4099
3.3806
0.88105
0.94624
0.80168
0.87498
0.99312
0.9506
1.4655
1.4521
1.0544
1.2417
1.028
0.85704
0.90157
1.0617
1.4588
1.074
0.92045
3.0903
7.1779
3.6141
5.1404
0.90991
5.5976
4.9091
2.7164
2.1777
2.421
2.6424
10.568
3.8548
3.9446
4.102
5.7412
4.14
15.596
5.9293
14.555
17.579
24.322
27.733
21.777
12.331
20.37
19.364
2.958
18.836
14.421
13.335
21.232
4.529
1.4689
2.9174
3.1769
1.3521
1.256
1.2274
1.3213
0.8531
2.1281
0.99083
1.9231
1.8707
0.82414
1.3772
0.81658
0.89743
0.97724
1.2706
3.6058
1.0209
0.93541
0.97949
0.83176
2.4889
1.0351
1.2503
2.3714
0.77983
1.3709
1.1776
1.2274
1.3804
1.3646
0.83176
0.85704
0.90573
1.6558
0.877
0.77268
2.6546
1.2303
2.2182
0.91622
1.7989
0.8995
3.1117
16.406
9.9541
5.6885
6.8234
6.2517
1.7865
1.9588
7.5162
4.592
1.7906
11.885
2.2856
0.97499
1.0069
10.99
0.89125
1.0304
0.81096
0.92683
0.8995
0.86896
0.81658
0.83753
0.9977
2.4717
1.1402
1.3002
1.4223
1.4191
1.5136
1.3677
4.1687
8.147
1.9055
2.9107
4.0087
1.5346
5.781
12.794
27.416
20.989
29.58
20.701
15.812
17.579
16.482
5.4954
4.2462
5.2
4.9317
1.8664
1.4322
1.3062
1.8664
1.0162
0.97051
1.2912
1.4289
2.4717
1.0666
0.99083
1.2794
0.93541
0.81096
0.79433
1.1298
1.2972
1.6331
1.4655
2.7542
9.0157
2.3067
4.0365
6.0117
3.2734
5.0003
6.4269
7.5336
7.6033
4.0365
18.621
17.824
23.388
7.4131
18.281
22.491
24.322
13.122
18.239
19.364
27.542
7.0146
8.2035
6.2661
1.7783
1.6788
2.133
1.4521
3.9902
2.8642
1.7783
1.6558
2.3174
1.1912
2.4946
1.9588
1.4928
2.3442
0.97051
0.87096
9.1201
14.555
16.406
5.9704
3.2137
4.3652
2.0701
1.8493
10.28
0.89331
0.82794
0.86298
1.2331
0.92257
1.0965
1.3428
1.1092
1.0304
1.0233
0.8356
0.93756
1.2445
2.541
0.877
4.3551
2.2336
3.8282
11.858
11.561
8.2224
28.642
17.298
23.933
24.378
18.75
24.21
20.989
20.749
13.428
8.9536
2.2803
1.5382
2.4774
6.3387
2.3121
1.803
2.0893
1.1429
0.80168
5.0933
1.5596
2.1727
1.6106
1.2078
1.8836
1.8155
5.8884
1.3459
1.2882
1.2912
3.013
1.4388
6.0395
1.4791
6.8234
1.714
1.3397
0.81283
0.82224
0.95719
3.3266
1.205
1.3243
1.4028
5.728
10.789
4.9204
3.2063
1.2106
11.117
18.88
19.055
13.366
18.75
21.528
19.275
16.749
11.912
20.512
12.706
14.859
22.182
16.331
10.495
18.072
1.5488
6.166
2.0797
2.4774
2.421
1.8578
0.96828
0.86896
0.80724
3.7931
0.85114
7.9433
1.6255
1.2735
1.0965
1.4555
0.98175
0.97051
1.3032
1.3772
3.9446
1.7219
2.5177
1.4421
1.0304
0.9506
1.2882
4.0365
1.6672
1.2942
0.85507
0.80724
1.122
1.219
1.1194
1.5524
3.4514
0.87297
1.1117
1.1429
0.76384
0.81283
0.83753
2.9444
5.902
0.97499
1.2134
4.3752
9.1833
1.8707
7.3282
11.066
22.961
14.997
22.542
20.23
26.303
29.174
15.74
20.941
20.559
16.827
3.0761
6.166
3.2885
2.6424
2.0701
2.4717
2.1478
2.3768
1.8923
1.0162
4.8529
1.3521
0.90157
1.3183
1.3932
1.5205
1.5668
1.2794
1.5311
1.9143
1.3092
1.3996
1.0375
1.7783
2.3933
6.0395
3.7239
2.138
2.7164
5.3951
1.1402
2.3714
1.4723
2.421
3.6728
8.6497
3.9628
1.2388
1.6069
1.7418
1.7258
1.9275
3.2137
10.093
7.7983
6.3973
5.5847
17.258
14.322
16.255
9.1833
14.928
8.3753
2.4099
2.0184
3.0761
4.3053
3.4834
4.6132
7.8705
1.6827
9.4189
12.706
13.772
11.561
17.219
18.113
24.491
26.122
21.727
28.576
18.072
3.3037
3.3113
1.5668
2.1184
1.6406
1.2823
5.6364
1.3122
0.88308
2.4831
2.8907
1.2618
0.96828
1.3243
2.0137
1.5382
1.9724
1.762
1.4521
1.7865
2.8774
1.5101
1.5276
1.2246
1.4488
4.3451
1.1912
1.1402
0.81846
2.0417
1.5453
1.3428
2.0845
1.6788
1.8621
5.3456
1.574
1.1695
1.6596
1.8113
0.93541
2.3388
2.5468
0.91201
0.73451
0.9594
1.9498
1.0889
1.9815
2.6303
8.3176
2.1086
3.6898
6.0814
1.7539
1.5885
0.91201
1.3583
1.2823
1.5346
1.5488
1.5631
1.6106
1.3709
1.2503
2.5823
2.7797
6.0674
1.3366
2.3227
2.3442
1.652
2.0137
3.4594
5.1286
3.3037
5.2966
1.6982
1.8113
1.5031
1.4093
1.7298
1.3646
2.6424
2.0091
5.0119
9.1411
23.174
16.106
18.281
20.464
19.861
25.119
15.136
8.9125
5.0119
2.037
3.5727
10.495
9.1201
11.429
2.5061
4.8195
1.6331
10.715
0.96828
0.8995
1.1117
1.0257
1.0965
0.91411
1.1429
0.78343
1.3836
2.2387
5.5719
0.74473
5.5335
1.1776
0.98175
0.83753
1.6596
5.2966
7.0307
7.6208
15.776
11.041
3.3037
9.3541
1.4125
2.0512
1.1066
1.0965
1.1561
0.91411
0.97275
1.4355
1.0423
1
1.5668
0.79799
0.7925
0.77804
1.3964
4.7534
1.5031
2.8184
1.5276
15.382
14.997
25.704
6.6374
4.5709
3.6898
1.1508
2.0045
1.4791
1.2735
3.4914
1.1066
0.96383
1.1967
1.8923
1.1912
2.6363
0.8531
0.78705
1.4093
0.83368
0.82985
0.78163
0.86896
0.81283
0.78163
0.9594
1.8664
0.83176
2.0324
1.4689
1.1614
2.0606
1.5241
1.0641
1.0139
0.84918
1.1455
0.92897
1.3552
5.7148
2.0091
3.5645
3.2961
2.1577
2.466
1.2794
3.0832
1.2359
17.258
21.777
20.324
23.878
1.6106
20.277
23.121
28.576
21.827
28.907
23.121
28.973
18.365
16.943
18.967
24.378
21.086
14.757
15.488
14.689
16.106
11.885
2.1878
10.715
2.8054
1.9275
5.2
7.1614
1.8281
2.3281
3.8905
2.2029
1.7906
1.8923
1.8155
0.94842
1.122
2.8314
7.1945
1.2912
6.8391
4.4668
7.2946
1.4791
2.8708
2.3768
2.1827
3.9537
6.0117
19.953
17.378
19.231
24.099
21.184
17.947
20.324
24.322
19.409
12.735
14.158
1.4388
4.7315
1.8707
2.6853
2.9717
9.6161
1.3032
2.7733
1.2218
1.6032
1.028
0.97275
0.95719
1.6788
1.3614
1.1995
6.8234
2.2182
0.83368
1.1015
0.90573
1.2706
0.86298
1.4125
1.2853
1.1614
0.91201
1.9454
5.035
2.8445
4.5186
9.2897
2.4774
16.444
15.101
7.6384
3.342
1.7458
2.5235
2.3823
1.7539
2.4774
1.9231
21.429
21.184
21.979
19.454
23.55
22.542
22.336
17.701
26.242
18.281
19.454
24.547
22.336
18.707
19.815
8.2794
1.6943
1.8836
2.1184
3.7411
1.1695
1.0023
2.1727
1.374
3.0974
3.7411
2.8774
4.256
12.134
7.145
10.52
1.5776
5.8479
10
17.989
16.069
1.7865
27.353
25.586
17.824
21.135
27.04
19.099
24.21
15.668
26.182
22.439
21.281
13.9
18.45
8.9743
3.4119
7.5162
3.3884
1.9588
1.803
2.7797
1.4521
2.1777
1.7539
4.6559
4.5814
18.239
23.014
15.56
17.989
18.707
21.086
19.143
21.528
7.9433
4.2462
3.7325
1.2764
4.0272
3.7239
3.0409
6.7143
3.6728
2.7606
3.7325
1.0765
12.882
16.406
24.155
20.37
30.2
16.866
23.227
24.434
23.659
11.749
11.117
8.3753
10.162
10.839
17.498
19.231
15.453
17.14
24.889
22.909
27.542
16.943
1.9099
2.6669
1.2078
2.9648
8.1096
7.8524
3.1696
4.8084
1.6943
1.8113
2.1281
2.2182
3.4834
5.4325
22.646
18.03
18.836
14.158
18.323
19.999
12.19
20.654
17.258
4.8529
1.0617
2.023
1.2162
2.7606
1.3804
9.4189
14.555
10.375
15.346
5.035
3.9446
1.0423
1.0116
1.3122
1.2134
1.39
1.9953
1.0889
1.406
1.5812
1.6293
1.219
4.3251
1.8281
1.074
0.90365
1.1588
0.93756
1.1015
1.0304
0.90782
4.4463
10.328
4.0087
15.524
22.491
11.561
12.106
15.959
20.23
20.184
26.546
23.55
23.988
18.197
16.331
18.281
17.298
15.311
4.9545
5.8479
1.2023
1.0691
1.8793
8.1096
1.5885
1.9364
2.208
2.904
3.4119
13.996
13.397
26.915
27.164
25.942
22.336
28.379
24.044
27.669
29.854
19.634
19.055
26.062
5.6105
6.7453
16.634
19.187
21.827
20.184
23.988
30.62
22.594
29.58
7.5162
11.641
10.304
20.845
15.453
14.825
10.789
4.7753
3.5645
2.0512
1.3583
0.83753
0.96383
0.99083
1.2882
1.1272
10.139
5.2723
1.8664
2.4378
1.4223
1.5382
3.0761
3.6983
3.1989
1.6672
1.5311
5.3703
2.8119
3.3884
22.803
6.6222
17.219
24.434
22.387
3.1842
2.884
1.71
2.6607
3.3343
3.0479
3.5727
5.1404
9.247
13.243
3.013
1.2417
1.7378
1.5996
1.5136
1.4388
0.94842
1.6672
0.83368
1.0257
1.122
1.2647
1.0544
3.5237
0.88512
0.8414
0.86298
1.3062
0.98628
1.0617
1.0839
0.78163
0.96383
1.0641
1.4388
0.84333
1.6406
1.3335
1.0375
1.1041
2.2029
1.5849
1.2972
1.3772
1.3521
1.6218
1.2106
1.3032
1.256
1.2618
1.4223
1.205
1.4521
1.3646
1.4454
1.5922
1.3521
1.406
1.3646
1.9498
1.4962
1.194
1.39
1.7022
0.7656
1.1455
1.0447
0.76033
1.0116
1.9498
2.8314
2.5293
5.2602
3.5563
6.368
15.171
16.331
15.596
19.187
6.1944
13.002
15.812
18.197
12.972
22.284
10.789
1.9543
2.9854
1.5311
1.5346
0.75509
0.81658
0.95719
1.5101
1.8664
1.5136
0.97275
1.4256
1.1614
1.9498
0.88716
1.3836
1.094
1.1402
0.80168
0.86298
0.81096
3.9902
2.8054
1.7061
11.967
5.8749
9.4624
9.1833
3.7154
8.4528
2.8184
3.281
0.83176
1.5922
4.8865
13.49
1.5922
1.2078
0.97724
1.0544
0.8356
0.81658
1.6904
1.7458
0.86696
0.76208
0.98401
0.90573
1.2417
0.88716
1.0399
0.75858
1.0839
1.135
1.4928
1.6218
1.1749
0.72444
0.87902
1.0789
1.1066
0.90157
1.1376
1.2078
0.89743
3.5975
2.2029
7.5683
2.2439
6.792
7.145
3.9084
28.314
18.493
22.699
15.74
9.7275
12.647
5.105
15.56
20.137
23.55
28.379
20.324
24.774
21.577
19.861
24.099
29.04
4.8753
3.0409
2.2646
1.9999
7.709
3.2359
4.1976
17.865
16.634
20.417
25.119
22.284
20.277
15.776
4.1879
4.2855
1.6982
1.8836
2.8445
2.9512
1.6596
1.6672
1.1588
1.1561
1.4125
0.94842
0.87297
1.5959
0.82985
1.8707
3.9084
3.8548
1.074
1.6866
1.3996
1.2445
0.86099
0.92045
0.86099
2.4946
1.8155
0.97499
1.0965
3.3651
4.5709
0.88716
0.77804
1.2106
0.93111
0.70469
0.77446
2.5235
1.5346
2.4491
6.3241
7.7268
8.7498
2.421
3.8815
18.621
24.322
24.604
25.41
23.714
18.578
23.174
9.9541
1.7783
5.9841
15.066
18.197
14.191
20.417
12.078
17.1
17.579
25.645
27.99
20.324
33.884
26.546
17.298
21.086
19.454
6.5615
5.3703
3.5563
1.9999
1.9724
2.9648
1.3552
1.8197
1.4521
1.766
1.5453
0.76033
3.0974
4.0458
2.2909
1.5171
1.4028
1.256
5.8884
4.102
15.382
22.751
23.605
25.942
21.281
27.29
18.621
14.791
6.0256
5.3703
5.0699
2.4946
2.2284
1.3062
1.7783
3.8726
3.5645
2.1478
15.668
22.387
22.646
19.907
25.235
22.751
25.003
20.606
22.131
21.979
20.045
14.256
19.364
20.184
20.277
13.964
20.797
14.191
5.0699
1.8239
1.3183
1.6596
3.7154
1.5136
1.556
1.8239
2.6915
1.5417
0.9977
1.3002
1.6788
1.3122
1.6827
1.652
1.4928
1.2764
0.9594
0.8892
1.6444
0.93111
1.1668
1.0304
2.3878
1.0023
1.1641
2.0324
0.78163
1.6181
1.1143
2.8054
0.78524
0.85704
0.90157
2.2646
0.78886
1.2735
0.88716
0.89125
1.4322
0.9594
1.4355
1.4388
1.3032
1.8323
3.4514
3.6644
5.0119
4.8417
2.8379
1.5382
2.3988
1.9861
2.1038
12.972
3.062
2.9923
2.2284
2.6363
10.839
24.155
19.011
18.45
22.387
20.559
22.803
21.232
14.825
13.964
8.414
7.2111
5.7544
17.219
4.2855
13.397
16.181
15.849
17.701
13.836
25.527
15.382
18.281
22.131
4.3451
3.7068
3.3266
2.6669
9.594
21.928
18.793
15.74
17.179
18.75
17.338
19.953
7.7446
2.138
5.559
3.2063
3.4995
24.774
21.627
16.181
20.091
8.2794
4.7863
2.8774
10.399
12.445
2.7669
2.8774
2.3014
4.529
3.6392
1.7539
1.3836
6.6069
2.133
1.6788
1.3772
1.2078
2.3496
3.7757
17.701
26.915
18.323
25.527
24.717
2.8379
23.768
23.067
19.409
18.707
22.336
1.4859
2.6424
1.1885
6.3973
5.358
30.339
16.711
22.08
11.749
8.4528
20.137
21.528
23.55
21.979
25.645
6.7298
21.928
28.84
26.062
28.774
22.491
29.242
25.177
2.8249
3.281
20.324
18.707
18.793
21.478
15.74
24.21
18.365
5.1286
7.3451
6.3387
1.4355
3.9446
8.0538
10.544
20.277
17.338
14.825
18.578
15.346
25.645
26.607
26.915
18.197
19.275
15.74
25.41
25.41
14.488
23.55
24.378
32.063
22.856
16.904
22.08
15.136
20.606
14.191
19.588
17.022
24.322
17.338
16.866
1.7579
1.803
2.6424
6.7453
4.9431
3.3574
3.4435
2.0464
4.8865
23.496
18.493
20.654
23.388
25.823
22.387
22.646
16.218
24.378
19.724
17.378
19.543
17.824
24.831
13.122
6.6527
26.546
25.468
19.77
26.73
19.861
25.003
21.135
27.542
29.854
20.23
13.366
29.376
25.41
25.235
25.119
35.645
3.3651
20.941
15.488
25.119
28.973
7.5683
22.961
4.0926
13.932
20.749
21.577
22.909
30.2
25.293
35.4
38.282
31.117
27.04
26.062
