13.932
16.144
15.205
11.482
17.378
12.303
14.555
12.388
9.8401
10.52
11.776
6.5766
1.7022
13.677
16.634
18.155
15.136
16.788
15.524
16.711
15.031
0.96161
14.355
18.707
18.707
16.749
19.679
17.14
19.409
17.62
15.136
14.388
14.859
14.622
16.331
13.996
17.742
20.091
16.181
14.256
18.072
13.183
4.8306
12.218
17.906
17.298
14.791
5.445
20.091
15.136
20.37
22.029
14.355
11.995
15.136
18.923
10.544
16.558
8.5507
16.904
12.388
12.794
12.531
16.368
8.1096
12.882
15.74
17.14
17.906
13.964
15.74
17.179
18.239
17.824
17.498
16.106
16.482
15.959
14.521
12.218
15.668
13.836
14.355
15.56
15.066
16.032
15.996
16.069
16.368
17.742
20.941
10.069
14.859
14.588
14.454
17.989
19.543
16.106
15.922
18.535
18.03
17.539
18.578
17.179
20.512
13.583
12.823
15.996
11.912
8.356
1.7338
1.0814
0.88105
17.539
16.218
19.409
18.323
18.197
11.695
18.493
16.827
17.62
11.066
16.368
12.162
18.664
18.664
18.621
17.14
20.893
16.904
15.959
17.989
18.664
21.33
17.14
18.155
18.967
6.3387
12.942
20.559
17.338
19.815
21.429
17.579
15.417
16.181
0.92045
0.94842
1
12.794
15.885
17.1
17.219
12.589
17.418
10.666
15.382
16.711
12.503
13.002
13.459
12.445
13.002
15.346
15.996
13.868
14.622
24.604
12.618
14.388
19.364
12.853
12.474
10.814
11.482
10.789
15.812
12.445
11.117
10.715
4.3251
1.3709
4.1305
1.3868
3.5237
12.56
16.788
17.418
16.52
15.922
12.912
17.783
16.982
17.179
16.943
14.997
19.679
14.454
16.827
12.218
19.679
20.654
17.701
19.32
14.223
17.258
17.1
14.355
8.0538
4.9888
1.1117
13.932
15.031
11.94
14.322
11.246
19.454
25.003
24.378
16.406
18.621
18.155
18.493
21.878
16.331
14.555
13.092
14.723
11.858
15.885
13.243
11.995
12.735
19.231
6.7608
11.117
1.5346
1.766
0.877
14.689
15.704
12.942
14.06
13.397
11.614
12.023
12.474
11.22
1.0162
8.77
12.274
12.764
13.9
12.647
11.143
16.218
15.241
6.3826
13.213
10.423
13.305
15.205
11.94
13.677
14.928
12.56
6.1944
9.0573
10.789
12.474
11.376
18.535
15.346
12.331
9.4406
0.85507
0.77446
4.0087
9.1201
1.1066
10.257
17.539
14.962
14.997
12.162
11.324
17.14
15.346
9.8401
13.183
13.243
3.1915
11.429
12.764
15.812
14.894
12.794
14.655
11.066
15.205
17.579
13.964
15.885
10.839
10
0.87902
2.3659
4.3251
0.84723
0.84333
10.116
11.508
11.324
14.322
14.555
15.885
2.704
12.218
14.06
12.618
14.622
14.093
13.152
11.194
16.749
11.695
6.7298
11.561
14.588
13.152
13.49
15.812
14.859
13.9
1.1482
1.1749
1.0715
10.691
8.1096
13.002
15.031
12.388
10.209
10.069
7.9799
0.91622
1.3274
8.0353
13.772
17.338
18.072
15.776
18.88
19.907
19.231
18.923
16.293
14.791
14.791
14.093
11.535
13.646
10.593
8.356
12.162
17.418
11.246
12.677
17.14
12.19
14.791
14.997
13.092
11.749
1.2942
11.912
1.1169
1.2589
4.121
11.614
15.776
16.106
13.335
16.106
14.191
15.524
13.062
10.116
12.677
20.045
14.723
13.152
14.791
11.885
11.776
11.722
14.488
12.56
16.672
6.5313
14.859
14.723
11.169
12.794
9.7499
2.0606
1.1298
0.78163
1.9187
6.5766
10.328
11.858
12.331
13.804
12.078
10.965
9.9312
16.444
10.568
12.331
10.52
10.257
12.882
14.622
14.256
2.6853
11.912
14.588
10.593
10.471
10.94
12.417
13.092
15.488
10.52
1.0186
1.7022
4.9204
15.668
12.823
12.823
13.614
9.8401
11.169
12.106
7.5683
16.866
15.136
10.691
15.885
11.995
1.5276
9.7275
12.618
7.925
2.729
10.814
15.171
12.19
19.32
14.962
12.531
12.764
5.8614
10.069
12.823
14.689
11.561
2.884
1.803
0.92897
0.87297
0.77446
0.87902
1.1169
1.1482
1.0544
1.762
11.995
12.647
11.143
14.256
13.305
14.454
14.488
11.508
12.388
13.583
14.125
10.617
13.335
7.8343
11.803
16.943
11.995
14.655
18.535
10.864
15.596
18.072
13.709
12.972
1.8535
4.6452
1.0544
1.374
3.1842
0.79433
1.6672
0.81846
0.81283
1.0375
1.0162
1.3243
0.96161
0.99083
0.89331
1.0023
1.5704
0.78524
0.75509
0.93972
0.98401
0.83368
1.028
0.94189
0.89536
0.77625
0.75509
0.72444
0.88105
0.78343
0.83753
0.73451
0.75683
0.80353
0.93541
0.8356
1.1803
0.97051
0.74473
0.76208
1.0399
0.97724
0.97275
1.2503
1.3366
2.9444
1.4028
0.7925
0.84723
1.2589
1.7947
1.4825
1.6032
0.73282
0.79433
0.9506
1.0162
0.89743
0.79799
1.2647
0.83946
0.84723
1.0351
0.79068
0.78524
0.70146
0.81846
0.95499
0.80538
0.79983
0.8091
0.76913
0.86696
0.84723
0.75683
0.8995
0.85114
0.7709
0.78343
0.79799
1.219
1.5668
0.877
0.87902
0.90365
0.91622
0.88716
0.76913
0.82035
1.0046
0.79433
0.87498
0.7925
0.81658
0.80353
0.7925
1.2388
1.0328
1.1885
1.183
1.2078
0.92683
1.0093
0.74473
0.75336
0.72946
0.75683
0.78524
0.76736
0.76384
0.75336
0.78705
0.7379
0.80538
0.74817
0.79799
0.84723
0.90157
0.75858
0.74645
0.79433
0.72946
0.77983
0.78343
0.79799
0.74645
0.72611
0.76736
0.76033
0.83176
0.82794
0.90157
0.79799
0.83946
0.78343
0.78343
0.89331
0.77268
0.83753
0.76208
0.77983
0.74645
0.74302
0.7709
0.75336
0.8147
0.81283
0.81096
0.82414
0.75858
0.90573
0.7925
0.72778
0.74645
0.84528
0.74131
0.79983
0.78886
0.75683
0.85114
0.83753
0.75162
0.82794
0.79616
0.7925
0.80168
0.73282
0.75162
0.79068
0.79983
0.86298
0.71285
0.7925
0.73451
0.72946
0.83753
0.75162
0.82035
0.7656
0.81096
0.86896
0.9247
0.85901
0.9506
0.97051
0.86497
2.6546
1.135
0.99541
1.4521
1.0568
1.4894
1.2134
1.0209
0.90365
0.87902
1.1194
0.9977
1.374
1.3646
0.97499
0.8995
0.81658
0.8091
0.79799
0.74817
0.75336
0.7379
0.77625
0.71779
0.75509
0.76208
0.77268
0.70632
0.76033
0.8147
0.83946
0.84723
0.74989
0.77625
0.84918
1.2618
0.99083
1.1169
1.1092
1.0139
0.85901
0.91622
0.90991
0.76913
0.78343
0.84723
0.77268
0.8531
0.78163
0.82604
0.80724
0.84333
0.86696
0.86896
0.83176
0.87096
0.94406
0.92897
0.91411
0.89125
0.80353
0.77804
0.8091
0.8414
0.74989
0.80168
0.76384
0.7709
0.74645
1.0965
0.88716
0.81658
0.86696
0.75509
0.80353
0.77446
0.82224
0.74989
0.78886
0.77983
0.84723
0.72444
0.72277
1.3062
0.98855
1.3836
0.93756
0.97724
0.92045
1.028
1.028
1.052
1.1376
0.76384
0.91622
0.80168
0.73114
0.82414
0.71779
0.86696
0.88308
0.84528
0.8414
0.72611
0.77804
0.78705
0.78705
0.80353
1.3032
0.77268
0.77983
0.81846
0.78343
0.74302
0.76384
0.85901
0.74302
0.79068
0.83368
0.74645
0.75683
0.76736
0.79616
0.73114
0.78886
0.80538
0.77983
0.86099
0.79799
0.73282
0.7925
0.80353
0.76913
0.87096
0.76384
0.81096
1.5066
0.92683
0.92683
0.88512
0.83368
1.0914
0.77625
0.83368
0.73282
0.80724
0.79799
0.94406
0.78343
0.71945
0.82985
0.74817
0.76208
0.74302
0.76033
0.7709
0.76208
0.8414
0.71779
0.79799
0.73114
0.80538
0.73451
0.73621
0.79433
0.73961
0.8091
0.76736
0.71779
0.78524
0.9506
0.72946
0.80168
0.75683
0.8091
0.72611
0.80168
0.85704
0.84918
1.2106
0.99541
0.82224
0.71779
0.85704
0.76913
0.75858
0.79068
0.90991
0.80168
0.78163
0.83368
1.2823
1.3521
0.89331
1.1041
0.90991
1.1588
1.4689
0.79799
0.76736
0.77268
0.76384
0.77446
0.77625
0.7925
0.81658
0.8147
0.85901
0.82604
0.8147
0.89125
0.86896
0.94624
0.80168
0.82224
0.75336
0.80168
0.82604
0.79433
0.86497
0.85507
0.7656
0.8356
0.83946
0.83368
0.76913
0.74817
0.78886
0.74473
0.78343
0.76736
0.82794
0.75336
0.82035
0.92045
0.79983
0.77446
0.8147
0.74302
0.86099
0.83368
0.91833
0.72277
0.91833
0.79799
0.86099
0.86298
0.86497
0.88716
0.81846
0.8356
0.81096
0.83753
0.80538
0.8356
0.93541
0.86099
0.87297
0.75336
0.85114
0.74989
0.82035
0.73282
0.75336
0.82414
0.77983
0.79433
0.76208
0.78163
0.80353
0.9594
0.77268
0.78524
0.75162
0.81283
0.82414
0.79799
0.82604
1.1169
0.91201
0.86497
1.1614
0.83753
0.78524
0.90573
0.87498
0.91201
0.85507
0.88105
0.79799
0.86298
0.98401
0.84918
0.76033
0.86298
0.83368
0.82224
0.80168
0.78524
0.78886
0.83368
0.87297
0.84333
0.97275
1.2388
1.094
0.91833
1.2078
0.81283
0.7709
0.76208
0.97499
0.80168
0.81283
0.72778
0.79068
0.877
0.78886
0.8091
0.81096
0.77983
0.81096
0.95719
0.71779
0.72778
0.77625
0.84723
0.80168
0.81658
0.73282
0.75162
0.77983
0.80353
0.75858
0.75683
0.78343
0.8356
0.84528
0.8091
0.74645
0.73114
0.97051
0.76208
0.74645
0.79068
0.8414
0.81846
0.8892
0.81846
0.78524
0.84528
0.84528
0.77268
0.81658
0.80353
0.77983
0.75336
0.69502
0.71945
0.83753
0.77625
0.97949
0.78343
0.79983
0.7709
0.7709
0.72611
0.8356
0.73621
0.7709
0.79799
0.86099
0.79068
0.70307
0.73114
0.75509
0.80168
1.0093
0.76384
0.87297
0.7379
0.86099
0.7925
0.80538
0.79799
0.79616
0.76208
0.85507
0.81096
0.82414
0.81096
0.86298
0.7709
0.77446
0.75683
0.79799
0.80168
0.81846
0.74302
0.7925
0.80353
0.81096
0.77804
0.79799
0.75858
0.83946
0.91622
0.76033
0.78886
0.87096
0.72611
0.90365
0.78886
0.77446
0.80724
0.74817
0.79068
0.74817
0.79433
0.73621
0.78343
0.82035
0.83946
0.92257
0.82794
1.0233
0.9594
0.93756
0.92897
0.99541
1.0691
0.79799
0.79983
0.74989
0.72111
0.77983
0.7656
0.78163
0.74989
0.79433
0.80168
0.7379
0.80724
0.74989
0.76033
0.96605
1.2303
0.82224
1.1776
1.0351
0.90157
1.0423
0.94406
0.9247
0.8531
0.79433
0.85114
0.81283
0.78343
0.84528
0.81283
0.78343
0.79068
0.82985
0.75683
0.7925
0.75858
0.79983
0.70632
0.83946
0.71779
0.82794
1.2078
1.4521
1.0814
0.99312
1.0046
1.1588
1.1535
1.0447
1.1015
1.0046
2.2233
1.0495
0.77804
0.87498
1.1641
1.7258
1.1482
1.4454
1.0046
1.0116
0.96161
0.86099
0.83368
1.1749
0.74989
1.1482
1.0423
1.0691
0.75683
0.73621
0.86099
0.81283
0.83753
0.74131
0.74817
0.76913
0.76208
0.83176
0.8147
0.72778
0.82794
0.76736
0.76384
0.80168
0.77804
0.80724
0.73961
0.80353
0.76033
0.76736
0.7925
0.76736
0.79068
0.72778
0.77804
0.74817
0.79799
0.73282
0.76913
0.8091
0.96161
0.97499
0.85704
0.97949
0.83368
0.877
1.2023
0.74817
0.82224
0.78705
0.71285
0.75509
0.79799
0.77268
0.85507
0.79616
0.71779
0.7379
0.76208
0.72778
0.8091
0.73621
0.79616
0.79433
0.7709
0.7656
0.73961
0.77804
0.80538
0.77446
0.72611
0.70958
0.82985
0.78163
0.7656
1.1455
0.75509
0.73961
0.74302
0.77268
0.73282
0.77446
0.82604
0.75509
0.73282
0.72611
0.7709
0.70795
0.76033
0.7925
0.77804
0.72778
0.79616
0.8147
0.78343
0.72611
0.89331
0.76736
0.79068
0.70958
0.78163
0.80353
0.8356
0.84528
0.81846
0.7925
0.81658
0.76913
0.75683
0.88308
0.81096
0.74302
0.77268
0.84528
0.83946
0.80724
0.7709
0.72277
0.78886
0.80168
0.81283
0.77268
0.91622
0.72946
0.78886
0.80724
0.8531
0.77625
0.70958
0.73961
0.86896
0.73621
0.74817
0.81658
0.8356
0.80353
0.74817
0.81846
0.71614
0.74131
0.74989
0.9506
0.76208
0.78886
0.76384
0.8356
0.76913
0.90782
0.71614
0.85507
0.82224
0.9506
1.1508
1.1561
0.80724
0.78343
0.91622
1.0839
0.88716
0.85114
0.85114
0.99312
0.93541
0.99312
0.80353
0.74302
0.81658
0.79983
0.75336
0.77625
1.1402
0.90365
0.93972
1.074
0.87902
1.2589
0.74131
0.79983
0.82985
0.79068
0.7925
0.76736
0.78524
0.76736
0.82414
0.77446
0.78163
0.79433
0.74473
0.75858
0.77625
0.74817
0.72277
0.79433
0.83753
0.72778
0.86099
0.74645
0.74989
0.79068
0.81283
0.877
0.82985
0.81846
0.79433
0.77804
0.75509
0.74989
0.75683
0.84528
0.74131
0.79799
0.81846
0.85901
0.74817
0.79433
0.71614
0.8356
0.74645
0.78705
0.78343
0.7709
0.78705
0.8892
0.76033
0.7656
0.76736
0.77625
0.72611
0.81283
0.75683
0.8356
0.77446
0.70146
0.84918
0.79068
0.72277
0.75858
0.72111
0.73621
0.7925
0.75858
0.77268
0.72444
0.76736
0.7925
0.69984
0.86896
0.76033
0.75509
0.77983
0.70795
0.86099
0.72111
0.7656
0.81096
0.78705
0.7145
0.81658
0.76913
0.73451
0.77268
0.76384
0.72277
0.80538
0.7656
0.80724
0.82604
0.74989
0.74131
0.8147
0.82604
0.81283
0.71614
0.8531
0.76033
0.75509
0.72611
0.82224
0.73114
0.79799
0.75509
0.74131
0.80724
0.82414
0.80353
0.87297
0.80353
0.7709
0.78163
0.84723
0.82224
0.76208
0.72277
0.82224
0.8356
0.73621
0.78163
0.73621
0.78705
0.80538
0.82035
0.79799
0.78163
0.8091
0.74989
0.71779
0.78524
0.73451
0.74473
0.76033
0.72444
0.81658
0.78705
0.77268
0.79983
0.79616
0.80538
0.8356
0.83946
0.82414
0.82224
0.78886
0.75162
0.75858
0.75509
0.81846
0.9528
0.90157
1.1722
0.90157
1.0814
0.9528
0.86298
1.094
0.97724
1.1614
1.094
1.3305
1.1749
0.83753
0.88512
0.72946
0.7925
0.86099
0.90157
0.98401
1
1.0328
1.122
2.3388
1.5668
0.7379
0.79799
0.74473
0.82794
0.73621
0.91201
0.82224
0.78886
0.79983
0.82035
0.91622
0.92045
0.77804
0.74131
0.80724
0.82794
0.72277
0.86896
0.84333
0.76913
0.84723
0.81283
0.78524
0.82985
0.77983
0.8147
0.79799
0.82794
0.78886
0.87498
0.83753
0.7656
1.0839
0.78163
0.75858
0.98628
1.1482
1.2531
0.82414
0.80538
0.73621
0.81658
0.77983
0.81658
0.79068
0.85901
0.79433
0.80353
0.84723
0.8147
0.87096
0.90365
0.98175
0.97949
0.8995
0.93541
0.77446
0.86696
0.79799
0.82035
0.8091
0.90365
1.0814
0.86099
0.94189
0.89125
1.2106
0.93111
1.0069
1.2823
1.1298
0.91201
0.99541
1.2023
0.8091
0.77625
0.72778
0.7656
0.8091
0.89743
0.75509
0.89743
0.88308
0.84918
0.79068
0.78524
0.81283
0.77268
0.77446
0.79983
0.82035
0.84723
0.83753
0.78524
0.85114
0.80724
0.82604
0.84918
0.79799
0.86696
0.80724
0.74302
0.89536
0.85507
0.96605
0.87096
0.75858
0.81846
0.84723
0.75683
0.78886
0.82224
0.77446
0.77268
0.88105
0.7709
0.75858
0.80353
0.76208
0.76033
0.80353
0.79616
0.8091
0.85507
0.79433
0.73961
0.86896
0.75858
0.82224
0.90991
0.72946
0.81846
0.75858
0.86896
0.83946
0.83753
0.94842
0.80168
0.83368
2.2387
0.79799
0.77804
0.7379
0.79433
0.72946
0.85114
0.8414
0.95499
1.0233
0.97499
0.75336
0.92897
0.81658
0.84723
0.84333
0.77446
0.78163
0.74302
0.7709
0.80724
0.73282
0.82794
0.83368
0.83368
0.79616
0.82794
0.86896
0.88512
0.79433
0.77625
0.80724
0.91622
0.85507
0.91833
0.87096
0.78163
6.2087
5.8749
0.88308
3.1915
1.5488
1.2246
0.74131
0.86696
1.3932
0.82224
1.1614
0.98175
1.652
1.5488
1.5417
0.76033
0.78705
0.76384
0.76208
0.77983
0.7925
0.74473
0.7656
1.2331
0.73621
0.80724
0.77625
0.77446
0.81283
0.97051
0.76208
0.7709
0.79983
0.75683
0.76208
0.75162
0.8356
0.83368
0.78886
0.75683
0.83946
0.74131
0.77268
0.78886
0.7379
0.79983
1.3964
0.85704
0.92257
0.86497
0.94624
1.1066
1.2078
1.1967
0.76736
1.4894
0.98628
1.2972
0.78524
0.8414
1.2882
1.1749
0.7145
0.72611
0.83176
0.81658
0.88308
0.78705
0.86896
0.85114
0.80353
0.70632
0.80353
0.77268
0.82224
0.84333
0.81096
0.74302
0.75509
0.76033
0.83368
0.91411
0.86298
0.77268
1.0447
1.052
0.82985
0.82985
0.74473
1.0186
0.78163
0.75162
0.76736
0.78705
0.83176
0.71285
0.76913
0.81096
0.74473
0.82035
0.84528
0.85704
0.83368
0.79433
0.77625
0.83946
0.76384
0.79799
0.82794
0.77804
0.74989
0.76384
0.7709
0.8356
0.77625
0.88105
0.81283
0.84528
0.97275
0.78163
0.91201
0.81283
0.74473
0.78705
1.1668
0.79433
0.78343
0.81658
0.77268
0.79433
0.86696
0.82414
0.77268
0.73621
0.71614
0.74131
0.73114
0.78163
0.7379
0.75683
0.74302
0.81846
0.85901
0.76913
0.76384
0.90991
0.74989
0.71285
0.80724
0.82794
0.93541
0.78705
0.84333
0.85507
0.72778
0.79068
0.86696
0.96383
0.75858
0.74989
0.79799
0.80168
1.2023
0.80538
0.99083
0.86497
1.1535
1.0666
0.80168
0.7656
0.85507
0.77446
0.81096
0.80168
0.77268
0.83753
0.84333
0.79616
1.4256
1.1143
0.82604
0.97051
1.3552
1.2942
0.79616
0.70958
0.76033
0.78524
0.74989
0.75162
0.7656
0.80353
0.77268
0.72111
1.0666
0.93325
1.4223
0.75683
0.71285
0.80353
0.88308
1.1561
0.78343
0.8091
0.77625
0.7925
0.73621
0.77268
0.72778
1.3122
1.094
0.89536
0.8147
0.75509
0.91833
1.1376
0.7656
0.73114
0.71779
0.73451
0.74989
0.73451
0.71945
0.7379
0.77983
0.80353
0.75509
0.72277
1.0666
0.82604
0.78524
0.81846
0.76913
0.80724
0.74302
0.91622
0.76208
0.75336
0.79983
0.90157
0.87902
0.77983
0.87902
0.73961
0.83753
0.82414
0.77625
0.72277
0.72946
0.81096
0.7656
0.80538
0.75858
0.77268
0.79983
0.83753
0.7709
0.81283
0.80168
0.80353
0.79616
0.74302
0.9594
1.2764
0.74131
0.75336
0.70958
0.78163
0.74817
0.75509
0.80168
0.78705
0.74989
0.86896
0.78705
0.79068
0.76208
0.96161
0.8091
0.83946
1.5382
1.1272
0.97275
1.1324
1.1066
0.7379
0.92257
0.80538
0.75336
0.7709
0.83753
0.78343
0.74817
0.75683
0.86099
0.77625
0.76384
0.82414
0.77446
0.76208
0.79799
0.78886
0.8147
0.78163
0.81283
0.88512
0.78705
0.81096
1.4859
0.82224
0.8091
0.8356
0.8091
0.8091
0.82414
0.81846
0.90157
0.84333
0.87096
0.80724
0.8091
0.70307
0.82414
1.1561
0.84918
0.88308
0.90365
1.2445
1.5812
0.82985
0.77268
0.79433
0.79068
0.83368
0.92045
0.71945
0.73282
0.82604
0.84528
0.72778
0.77446
0.877
0.76384
0.75683
0.88512
0.74817
0.76208
0.83946
0.85114
0.89536
0.81846
0.82794
0.84918
0.78163
0.77983
0.78705
0.7925
0.81096
0.86099
0.92683
1.1194
0.73621
0.82604
1.0162
1.1858
1.1482
0.96828
1.2445
0.77625
0.80168
0.85901
0.77625
0.85704
0.73621
0.75162
0.7709
0.7709
0.82414
0.90573
0.91622
0.78524
0.81096
0.92897
2.6182
1.2735
0.96828
0.84723
0.78524
1.0209
0.94842
0.95499
0.98628
2.1727
0.77804
0.78705
0.74473
2.2751
3.3037
0.8091
0.77446
0.82604
0.83946
0.77625
0.78886
0.74989
0.79799
0.76736
0.83176
0.84333
1.3032
1.7539
1.074
0.74131
1.1588
0.8414
0.7925
0.75858
0.8147
0.73282
0.83946
0.7925
0.80724
0.95499
0.74645
0.80724
0.80724
0.77268
0.87297
0.79799
1.0814
1.3677
1.0162
0.82224
0.73282
0.73621
0.78524
0.73451
0.82035
0.80353
0.72111
0.76736
0.80353
0.78886
0.76208
0.83753
0.84333
0.83753
0.76208
1.0864
0.79983
1.122
1.0304
0.9594
1.0965
1.6866
1.0889
1.3614
1.0889
1.5346
1.7179
0.81096
0.84333
0.81658
0.76736
0.81283
0.76033
0.71945
0.76208
0.8091
0.90365
0.82794
0.75162
0.7656
0.75858
0.73114
0.76033
0.76384
0.90991
0.7379
1.0046
0.80353
0.8356
0.82604
0.80538
0.77625
0.73961
0.76736
0.8091
0.75683
0.71945
0.90573
0.74989
0.7145
0.80168
1.2331
0.98401
1.1482
0.86696
0.91622
0.77983
0.83176
0.79799
0.73282
0.74817
0.88716
0.79799
0.78705
0.72277
0.73451
0.74645
0.75858
0.76913
0.75683
0.7925
0.877
0.76208
0.77804
0.76384
0.86497
0.92045
0.74989
0.72946
0.91622
0.77446
0.7925
0.79799
0.75509
0.77625
0.79799
0.83946
0.77804
0.86298
0.80538
0.78705
0.81846
0.78886
1.2942
0.85901
0.86298
1.1402
0.81283
0.88308
0.84528
0.79983
0.73621
0.79068
0.81096
0.82794
0.72946
1.1722
0.94842
0.91411
2.9174
0.8892
0.72277
1.3213
0.81096
0.79616
0.7925
0.83946
0.95499
0.8531
0.86696
0.877
0.75683
0.76033
0.85704
0.81846
0.82224
1.028
1.4355
1.5171
0.85901
0.71945
0.80724
1.9634
2.5061
1.6331
2.2909
3.0339
1.7783
2.5468
0.88308
0.82414
0.75509
0.74989
0.78705
0.80168
0.76913
0.74817
0.99541
0.81846
0.76736
0.78163
0.81846
0.77983
0.75336
0.78886
0.78705
0.80538
0.83753
0.80353
0.76913
0.82224
0.8414
0.7925
0.81846
0.72778
0.74473
0.82035
0.81283
0.877
0.74989
0.78886
0.79616
0.75683
0.75162
0.8091
0.78705
0.76208
0.77983
0.76913
0.76208
0.76736
0.7709
0.87902
0.73961
0.74989
0.77268
0.80724
0.74131
0.74645
0.7925
0.81283
0.74131
0.76736
0.74817
0.69984
0.73961
0.73114
0.75162
0.80353
0.79799
0.76033
0.7656
0.72444
0.82414
0.79433
0.7145
0.89743
0.78343
0.75858
0.77268
0.79616
0.95499
0.83946
1.5849
0.78524
0.76913
1.0328
0.7656
1.122
0.76736
0.7656
0.75162
0.94842
1.219
0.99541
1.9907
0.9506
1.1455
0.81096
0.75162
0.82794
0.7925
0.74817
0.73282
0.69024
0.83946
0.8147
0.75858
0.85901
0.74989
0.76384
0.79068
0.78163
0.72778
0.75858
0.7145
0.86497
0.77268
0.78524
0.76384
0.72444
0.78343
0.82035
0.83176
0.7656
0.76913
0.80724
0.7379
0.78343
0.77268
0.80724
0.74302
0.72611
0.71779
0.72444
0.78343
0.81846
0.76033
0.84333
0.77804
0.82224
0.84333
0.7379
0.8147
0.75509
0.7925
0.71285
0.74302
0.90157
0.84528
1.1272
0.69183
0.71285
0.7709
0.75336
0.73621
0.95499
0.89743
0.96828
1.2618
0.80724
0.81846
0.77804
0.88308
0.74645
0.77625
0.78343
0.78705
0.79799
0.88512
0.8531
0.8356
0.88716
0.88105
1.2474
1.4093
1.3996
1.4223
1.2735
1.0471
1.0914
1.1722
1.1246
0.81283
0.80168
0.78163
0.99541
0.73114
0.84528
0.76033
0.82224
0.80168
0.7379
0.81658
0.70146
0.75162
0.79616
0.75683
0.85901
1.052
0.74473
0.76384
0.75509
0.7379
0.78524
0.73282
1.5849
2.2029
0.80353
0.74989
0.76913
0.72778
0.74131
0.82224
0.79799
0.87498
0.76913
0.73114
0.74473
0.84918
0.73114
0.76208
0.75162
0.76913
0.76736
0.82224
0.71121
0.70632
0.80353
0.79068
0.83753
0.79616
0.81658
0.81283
0.8356
0.78343
0.8356
0.79068
0.81658
0.78524
0.73961
0.76736
0.77268
0.77268
0.76736
0.76913
0.7925
0.74989
0.78524
0.85114
0.8091
0.84528
0.72611
0.85704
0.77983
0.80353
0.74131
0.76384
0.76033
0.79433
0.75336
0.83176
0.81846
0.7656
0.77625
0.76208
0.71285
0.76384
0.72611
0.79068
0.74989
0.74473
0.73451
0.8091
1.5066
0.86497
1.2023
1.3583
1.2735
1.6255
0.89331
0.75509
0.78163
0.77446
0.75162
0.86896
0.72946
0.82224
0.85901
0.80168
0.75509
0.78705
0.77625
0.82224
0.79799
0.81283
0.74302
0.76384
0.73961
0.78886
0.78705
0.78886
0.8091
0.80353
0.76384
0.80353
0.76384
0.75509
0.83176
0.75509
0.90365
0.76913
0.76913
0.75336
0.75858
0.78524
0.72611
0.80538
0.77625
0.81283
0.75509
0.8091
0.92257
0.74302
0.81283
0.79433
0.82985
0.77804
0.77983
0.92045
0.877
0.86696
0.79433
0.91201
0.877
0.87096
0.76033
1.4555
1.2303
1.1429
1.4093
0.87096
0.76736
0.7709
0.78524
0.72778
0.72778
0.80353
0.69984
0.84528
0.80724
0.76384
0.80168
0.79799
0.80724
0.74989
0.8356
0.81846
0.7656
0.76736
0.80538
0.80168
0.85901
0.85114
0.74817
0.83753
0.76913
0.74989
0.84333
1.7783
0.77446
0.71285
0.76913
1.2474
1.1722
1.7742
1.0023
1.3183
1.1614
0.85901
1.3274
1.1298
0.8091
0.78343
0.77625
0.86497
0.8356
0.71285
0.74131
0.75336
0.74302
0.86298
0.81846
0.74817
0.83368
0.79983
0.75858
0.73451
0.76033
0.80353
0.77268
0.78524
0.79983
0.75683
0.71121
0.78886
0.77983
0.78886
0.83176
0.73961
0.86696
0.78886
0.85507
0.76913
1.0162
1.4997
1.3868
0.8414
0.93325
0.79068
0.85901
1.39
1.8239
1.374
0.7925
0.76736
0.7656
0.84918
1.3274
2.2284
0.82035
0.80538
0.86099
0.79068
0.76208
0.75509
0.86497
0.88105
0.74989
0.75162
0.74645
0.87902
0.87297
0.77804
0.81283
0.7656
0.89536
0.80353
0.78886
0.78705
0.78886
0.77804
0.8147
0.71945
0.9247
0.86696
0.81658
0.87297
0.7145
0.76208
0.86896
0.71779
0.83368
0.82224
0.7379
0.79616
1.1272
1.6406
0.89125
1
0.8147
1.0046
0.877
1.4588
0.86896
0.89125
0.83753
0.7709
0.78163
0.76208
0.80353
0.877
0.75336
0.73451
0.77268
1.1482
0.97051
0.72611
0.78886
0.80353
0.85507
0.7379
0.74817
1.0691
0.88512
0.877
0.80538
0.74131
0.7925
0.87297
0.75683
0.77446
0.79616
0.82224
0.81658
0.76913
0.90157
0.82414
0.81658
0.79616
0.77804
0.74817
0.76913
0.75683
0.78705
0.76736
0.75336
0.77268
0.72277
0.73961
0.77804
0.8091
0.87498
0.70958
0.77446
0.77625
0.83368
0.7925
0.79983
1.5346
2.2961
0.88512
0.90573
1.1272
1.2162
1.3366
0.77446
1.3868
0.7709
1.1066
0.76208
0.75509
0.79983
0.93972
0.7925
0.7656
0.82414
0.89743
0.80168
0.81846
0.877
0.8147
0.78343
0.75509
0.75683
0.84528
0.77983
0.7925
0.72277
0.78163
0.78886
0.88308
0.78705
0.7925
0.74131
0.77625
0.71285
0.79068
0.74645
0.95719
0.69663
0.73282
0.8531
0.8091
0.75509
0.75683
0.78163
0.78886
0.76384
0.8091
0.76033
0.75336
0.77625
0.7709
0.71779
0.77804
0.78343
0.74645
0.84528
0.75509
0.69984
0.75683
0.77625
0.80168
0.80538
0.82604
0.79068
0.73282
0.8414
0.85507
0.84723
0.80353
0.75509
0.74645
0.83753
0.85901
0.71945
0.75683
0.78886
0.7709
0.75858
0.77625
0.80538
0.78163
0.78524
0.94624
0.94842
0.89331
0.72946
0.74817
1.1429
0.83753
0.7925
0.77804
0.71614
0.86696
0.81283
1.1967
1.3213
0.8414
0.80724
0.81096
0.75683
0.94624
0.98855
0.8531
1.1912
1.3335
0.86497
0.7656
0.82224
0.81096
0.8892
0.79616
0.74131
0.80168
0.8147
0.81846
0.7656
0.79068
0.74302
0.81846
0.7656
0.72444
0.76208
0.74131
0.81846
0.74989
0.77625
0.73961
0.76384
0.78705
0.71614
0.81658
0.78886
0.75858
0.82604
0.88308
0.8892
0.78343
0.9528
0.86696
0.82035
0.90157
0.75683
0.80168
0.77804
1.3868
0.92257
1.0889
0.92257
1.1912
1.4125
1.6904
0.8356
0.85114
0.73451
0.877
0.84528
0.8147
0.77983
0.75162
0.80724
0.7925
0.82035
0.72444
0.76033
0.76736
0.80724
0.84723
0.80538
0.83368
0.8356
0.80538
0.82794
0.81096
0.72277
0.82985
0.74645
0.81846
0.82224
0.86696
0.80724
0.75683
0.86696
0.86896
0.85114
0.78705
1.0162
0.77983
1.3996
1.1885
1.0186
1.0765
0.78163
1.2942
0.97499
0.74131
0.74473
0.8531
0.76033
0.77625
0.74473
0.82985
1.4723
1.0641
0.87902
0.77983
0.7925
0.7709
0.8356
0.877
0.82035
0.83753
0.84723
0.80724
0.78524
0.80353
0.83176
0.81846
0.89125
0.84528
2.0091
0.81283
0.77268
0.82224
0.74817
0.76736
0.78524
0.80168
0.7656
0.88512
0.78343
0.83946
0.80538
0.81846
0.71121
0.72946
0.87096
0.79068
0.877
0.85704
0.82604
0.84333
0.81283
0.76208
0.8091
0.81096
0.92257
0.8091
0.75858
0.78705
0.76033
0.79983
0.74302
0.75858
0.75162
0.76913
0.77268
0.74989
0.78163
0.71779
0.78524
0.81658
0.76736
0.74302
0.71614
0.74131
0.71945
0.74302
0.73451
0.7925
0.71121
0.76913
0.78524
0.76913
0.72611
0.7656
0.8091
0.77983
0.84918
0.7656
0.80724
0.71945
0.77446
1.4454
0.78886
0.79616
0.70146
0.78705
0.79799
0.81846
0.7925
0.79433
0.75509
0.86497
0.74645
0.8147
0.74817
0.78886
1.1194
0.98628
1.2445
2.7606
1.5066
1.0093
0.98175
0.81283
1.0617
1.5066
0.85507
0.82794
0.77983
0.73282
0.82985
0.79799
0.82414
0.8414
0.75509
0.83176
0.7656
0.82035
0.82985
0.82224
0.75162
0.7656
0.84333
0.79616
0.7656
0.75683
0.92897
0.90365
1.2134
0.8356
1.2972
1.4859
0.81283
0.79983
0.77804
0.78524
0.75858
0.80538
0.82604
0.74645
0.74645
0.73961
0.77983
1.5031
1.4655
0.99312
0.83368
2.0797
0.88105
0.9977
1.574
0.80538
0.76736
0.72778
0.75162
0.7656
0.78163
0.73961
0.78524
0.76736
0.82794
0.8091
0.77804
0.7379
0.75683
1.1041
1.0423
1.2706
0.77625
1.0328
0.80538
0.75509
0.75336
1.2972
0.76913
0.82035
0.72611
0.73961
0.74473
0.81096
0.77804
0.81846
0.75336
0.77804
0.8414
0.75683
0.80538
0.82224
0.72946
0.84333
0.81283
0.72611
0.77983
0.78343
0.8414
0.72611
0.87498
0.77446
1.1143
1.5524
0.72277
1.9364
1.2023
1.1614
0.82224
1.2417
2.7733
2.4434
1.5453
1.4158
2.6242
1.1066
2.466
0.85901
1.2706
1.9999
0.75509
0.83176
0.8356
0.79068
0.85114
0.85704
0.7709
0.7379
0.76033
0.79616
0.80538
0.79983
0.74473
0.87297
0.81846
0.75858
0.77983
0.75162
0.76208
0.9528
0.90157
0.72778
0.83368
0.88105
0.81096
0.81283
0.8356
0.79616
0.76736
0.86896
0.78886
0.81283
1.0375
1.7022
0.877
0.72611
0.76913
0.80724
0.92683
1.4555
0.94189
0.86896
0.72778
0.74989
0.88512
0.79433
0.86298
0.82604
0.75858
0.91411
0.76736
1.0965
0.82224
1.2764
4.4566
0.86896
0.80353
0.72778
0.77804
0.79068
0.74302
0.77625
0.80168
0.82985
0.71779
0.74645
0.77625
0.74131
0.74131
0.82035
0.74989
0.86696
0.85507
0.84723
0.89536
0.77625
1.0691
1.094
0.77983
0.90782
1.0257
1.1641
0.877
0.95719
0.8892
1.1066
1.2503
1.7947
1.2359
0.77804
0.7379
0.75336
0.77446
0.7709
0.72778
0.71945
0.77268
0.7656
0.76033
0.78705
0.85704
0.73961
0.78163
0.8091
0.72277
0.7656
0.80168
0.7656
0.74302
0.78524
0.80168
0.80724
0.81096
0.75162
0.78705
0.77625
0.73621
0.75162
0.73621
0.76736
0.79433
0.84528
0.81283
0.73282
0.77804
0.81846
0.73451
0.74131
0.7379
0.74131
0.77983
0.77268
0.74989
0.78163
0.79068
0.76384
0.79068
0.78705
0.82224
0.93325
0.75858
0.7925
0.79068
0.74645
0.72111
0.74302
0.7709
0.77804
0.80724
0.78524
0.8091
0.77446
0.78524
0.70795
0.75683
0.96161
1.2912
1.8836
0.75683
0.7709
0.79433
0.80168
0.7656
0.75162
0.75162
0.84333
0.86696
0.79799
0.80538
0.7925
0.70958
0.79983
0.75162
0.73621
0.75858
0.80353
0.76033
0.7709
0.74131
0.79068
0.74817
0.79616
0.70795
0.7379
0.76208
0.76384
0.7145
0.80168
0.73114
0.73114
0.91411
0.75336
0.80353
0.80724
0.73451
0.77268
0.71945
0.72611
0.88105
0.75509
0.80168
0.81658
0.7925
0.97724
0.86896
1.0093
1.5311
1.0666
0.78705
0.877
0.75858
0.78163
0.78886
0.75336
0.7656
0.7709
0.73961
0.77446
0.75509
0.79068
0.81283
2.0749
0.77804
0.87297
1.0423
1.7906
1.3335
0.79433
0.75858
0.79616
0.79616
0.84333
0.77625
0.79983
0.85114
0.78886
0.74302
0.80353
0.78343
0.80724
0.82035
0.76736
0.82224
0.82414
0.88512
1.8197
1.2823
1.219
0.9247
2.1281
2.1627
0.76384
0.79433
0.7925
0.80168
0.81283
0.74989
0.82035
0.94189
0.80353
0.86497
0.72277
0.74473
0.78705
0.7925
0.7656
0.7709
0.74131
0.76736
0.76208
0.80538
0.73961
0.80168
0.77804
0.73621
0.76384
0.76913
0.81096
0.82224
0.77446
0.81658
0.74131
0.79616
0.81096
0.81096
0.74302
0.74302
0.7709
0.82985
0.76913
0.7379
0.83946
0.75509
0.77804
0.76384
0.77625
0.80724
0.7656
0.72778
0.8147
0.80724
0.89536
0.77983
0.76384
0.78524
0.77804
0.89743
0.85507
0.77446
0.75509
0.78343
0.81846
0.79433
0.76913
0.7925
0.75683
0.80538
0.7709
0.79983
0.78343
0.76033
0.82985
0.76913
0.8356
0.7925
0.78163
0.81846
0.80538
0.83753
0.98401
0.9977
1.3397
1.1858
0.67608
0.77625
0.76913
1.0814
1.2218
1.3709
1.2417
0.93756
1.4555
1.8836
0.85507
0.87498
0.79433
0.85704
0.73621
0.76033
0.79616
0.99312
0.79433
0.9247
1.2162
0.80724
0.80353
0.75336
0.78163
0.76033
0.76208
0.8414
0.77268
0.73621
0.77625
0.75858
0.76913
0.83753
0.74131
0.78524
0.74817
0.80168
0.78163
0.77268
0.8356
1.256
0.89125
0.72111
1.1885
1.2162
1.3772
0.77804
1.2912
0.74989
0.97949
1.1912
1.5885
1.256
0.81096
0.74989
0.81283
0.84723
0.81658
0.82604
0.86497
0.82604
0.88716
0.76208
0.7925
0.77983
0.77983
0.79616
0.90365
0.7656
0.81096
0.74645
0.75858
0.7656
0.79433
0.81283
0.75509
0.71945
0.74989
0.78343
0.7709
0.74817
0.74817
0.75162
0.80724
0.78343
0.83946
0.86497
0.80724
0.74473
0.74131
0.75162
0.77804
0.94406
1.5996
0.89125
1.7219
0.86298
0.74645
0.81846
0.76913
0.74817
0.74473
0.75509
0.77625
0.85507
0.77804
0.78343
0.8147
0.73282
0.71121
0.7379
0.84333
0.87096
0.90573
0.74473
0.79616
0.7379
1.0471
0.86896
0.77625
0.73621
0.82794
0.86497
0.76208
0.79068
0.76913
1.1561
0.78163
1.5959
2.6853
1.1858
0.78343
0.77804
0.7145
0.89536
0.88512
0.78524
0.81658
0.75162
0.82035
0.79433
0.8414
0.75858
0.8147
0.84528
0.76913
0.88512
0.78163
0.78163
0.79068
0.81283
0.77804
0.78705
0.82224
0.94406
0.72277
0.77983
0.90782
0.90991
0.79068
0.86497
1.0471
1.2794
0.84528
0.92045
1.5276
1.406
0.83176
0.7709
0.85901
0.76033
0.83946
0.87096
0.80538
0.71285
1.0423
0.92045
0.86099
0.98628
0.95719
1.4421
1.0765
0.8995
0.79799
0.8356
0.72946
1.1561
0.78524
0.86696
0.7709
1.0715
1.4757
0.86696
0.80168
0.74989
1.1246
1.3062
0.82794
0.78343
0.73451
0.78343
0.74645
0.75162
0.77983
0.74817
0.86896
0.75858
0.78163
0.72444
0.80724
0.77268
0.77446
0.73282
1.3964
0.86099
0.93111
1.2531
1.122
1.1429
0.82224
1.0069
1.3366
2.2699
0.78163
0.80724
1.9907
4.2462
1.4454
0.81096
0.87902
0.71285
0.85507
0.89331
0.7145
0.86497
0.82414
0.85114
0.81283
0.80168
0.83946
0.8995
0.71614
0.75162
0.81846
0.75858
0.82035
0.8531
0.77983
0.82604
0.79068
0.91622
0.75683
0.77446
0.74131
0.82794
0.82794
0.82035
0.74473
0.81658
0.79799
0.89125
0.77983
0.79983
0.74645
0.78524
0.77804
0.78886
0.83368
0.81658
0.7709
0.81283
0.7709
0.86497
0.86696
4.1687
8.7902
7.7625
3.8548
1.4588
4.3451
7.9068
7.656
13.996
8.3176
1.4289
1.4859
6.0395
12.218
10.116
9.7724
0.88512
0.77446
6.368
8.2414
8.147
7.6033
1.7338
0.85114
10.715
9.594
1.5996
0.93756
0.78886
1.7989
6.0814
0.82414
5.6885
4.7863
1.3428
1.4622
2.4099
0.81096
0.73282
0.85507
0.75858
0.77983
0.76384
0.7656
0.8414
1.0209
1.1967
0.86099
1.0423
1.1668
1
0.78705
1.2972
0.76208
0.72778
0.73621
0.75683
0.72778
0.74302
0.7145
0.71945
0.7709
0.73961
0.70469
0.76208
0.75683
0.76736
0.72778
0.8414
0.7656
0.75509
0.78524
0.77983
0.77625
0.74302
0.75683
0.88716
0.7709
0.82224
0.81658
0.86497
0.76913
0.74645
0.74645
0.83946
0.73961
0.78524
0.77804
0.85704
0.79433
0.73961
0.78343
0.71614
0.76736
0.79616
0.79616
0.71779
0.74989
0.81283
0.74989
0.77804
0.7656
0.77625
0.75683
0.7709
0.83946
0.78343
0.73621
0.77804
0.77804
0.83946
0.81096
0.76736
0.80538
0.75162
0.7925
0.75509
0.82985
0.77625
0.77446
0.70958
0.81658
0.74989
0.82794
0.77983
0.78524
0.86099
0.72778
0.78705
0.79068
0.75858
0.81658
0.76913
0.70958
0.77268
0.7656
0.80168
0.7925
0.7379
0.86896
0.91201
0.77983
0.78343
0.89331
1.0093
0.98628
0.79616
0.90365
0.74645
0.74817
0.82224
0.77804
0.70146
0.77983
0.74473
0.7656
0.74989
0.83946
0.76033
0.86696
0.90365
0.72444
0.86099
0.80353
0.81658
0.94189
0.90365
0.82224
0.96828
0.82985
1.0471
0.89536
0.91833
0.94189
0.89125
1.256
0.88716
0.81096
0.8091
0.84918
1.0965
1.9543
0.87096
0.92897
1.256
1.762
0.9528
2.8708
1.6032
4.7424
2.3121
0.7656
0.72778
0.75858
0.71779
0.75162
0.77625
0.7656
0.78705
0.73621
0.78705
0.71614
0.74817
0.74302
1.2417
0.99541
0.94406
0.90157
1.2503
1.0617
1.3243
1.1015
0.86099
1.0375
1.2078
1.1298
1.9011
1.4791
1.1402
1.8239
0.74645
0.75509
0.75858
0.72778
0.77446
0.71945
0.74989
0.76208
0.7656
0.70146
0.75162
0.72111
0.74817
0.71285
1.0162
0.74817
0.80353
0.73961
0.77625
0.77804
0.78886
0.7379
0.82224
0.7656
0.80353
0.85901
0.7379
0.76913
0.85114
0.76208
0.8531
0.75509
0.7379
0.74989
0.84528
0.76208
0.877
0.72611
0.80168
0.76384
0.81658
0.77268
0.77268
0.78163
0.84333
0.80538
0.78163
0.94842
1.0139
6.6988
11.298
1.4093
1.1668
2.8907
0.90782
0.72611
0.80168
0.7709
0.81096
0.8531
0.7925
0.88512
0.8892
0.83176
0.79616
0.7925
0.85507
0.90157
0.89536
0.90365
1.074
0.82604
