1.1455
0.94406
1.1722
1.3183
1.0328
1.1455
1.052
23.174
13.397
7.3451
8.2414
5.1051
0.88308
8.356
1.39
0.80538
1.0233
0.83368
24.266
22.491
5.9429
9.6383
6.9024
7.7446
11.83
9.0365
1.1429
1.1776
1.6749
12.794
20.045
9.2897
52
28.907
39.811
11.995
1.3772
6.6069
4.4978
9.6383
7.0469
2.7925
1.6596
1.1066
1.3002
0.92257
1.374
1.028
1.1117
1.2134
1.1885
0.877
0.80724
0.89125
1.3213
0.95719
0.85704
1.8072
0.8892
1.0093
0.97499
5.035
7.4989
0.88105
2.5763
0.76208
8.77
12.023
10.495
1.1169
1.0257
0.90573
0.93541
5.0119
9.4189
8.9743
7.145
10.257
9.3972
1.7458
9.1833
1.1482
1.4928
2.4717
0.93972
0.85901
0.79433
0.8892
1.4588
0.99083
0.81096
2.2284
1.219
2.5942
0.89125
1.3932
4.8641
12.618
1.1885
3.2063
9.3756
9.594
0.83753
0.91833
1.028
2.5177
3.5481
9.7275
9.0782
0.81283
8.5507
9.0365
0.83753
0.81658
1.9409
0.91833
0.78343
0.92683
1.0139
0.86099
2.6122
0.78886
0.81846
0.80538
7.5509
0.97275
0.76384
7.9068
8.1658
9.9541
9.3756
9.6828
2.799
11.117
10.914
10.94
6.1518
8.9125
0.88105
0.93111
3.3651
1.205
0.88512
0.90573
0.8414
0.78705
0.80168
4.6026
1.0495
1.4962
1.7824
0.88105
1.9999
1.3709
0.82985
1.2303
1.7701
4.4668
0.94624
1.0666
1.1588
6.3096
9.977
9.3756
9.0365
8.1846
0.89536
10.617
9.9312
9.4189
11.455
6.4714
1.5849
4.5814
0.83753
1.0351
0.84333
7.0958
9.1622
9.3541
9.977
9.1201
5.0003
0.88308
0.78524
0.88105
0.86298
8.8105
9.3541
10.447
9.2683
0.9528
0.82224
0.90782
3.1477
1.6482
3.4914
11.668
0.88308
0.81096
9.0573
13.122
10.94
9.9083
9.6828
8.414
1.0069
10.399
9.506
1.5031
4.9888
7.4302
0.82985
0.87096
0.82224
0.81658
2.5061
1.6069
1.2417
1.3274
1.4223
1.3122
1.028
1.1561
1.0641
1.1246
1.4289
1.0965
1.1561
3.1623
1.0257
3.069
1.2677
1.3032
1.406
1.1015
1.9953
0.79983
0.89331
1.0666
0.97275
11.298
13.772
9.4842
10.99
8.8105
8.6696
9.1622
1.0093
1.0789
4.14
13.062
9.9312
9.3541
9.4406
6.223
1.4093
1.4158
1.5031
5.5463
4.9774
0.82035
0.78705
9.3325
8.8512
2.1038
0.84918
0.96828
1.2388
1.0839
0.81096
1.7179
0.9247
5.2602
9.6605
10.568
11.35
7.6033
3.5563
9.6605
10.186
9.528
6.8549
11.482
5.0816
8.6298
10.28
5.7677
1.0116
1.6788
7.4302
8.6497
8.356
8.3368
7.4817
8.2414
0.86896
0.90991
0.85901
1.2677
1.0593
1.0023
9.3541
1.7989
5.1404
2.6853
0.90573
0.86896
3.342
5.7148
1.1194
11.912
12.162
10.715
8.0168
1.2503
8.77
8.5507
0.93111
0.85901
0.82794
8.3368
9.4624
10.069
0.78163
0.73961
0.87498
0.8892
0.83946
0.75683
4.7098
9.0365
2.4099
1.8072
1.2303
2.1135
1.0351
1.0328
1.0666
9.6828
10.328
11.695
10.069
9.594
10.162
10.375
7.6208
0.88105
9.506
8.7498
11.22
10.023
7.1779
7.7983
12.531
8.7498
0.8147
0.81846
7.9799
8.995
9.9541
8.7498
7.379
7.0632
1.1194
2.0417
1.0544
0.89125
0.92683
0.99541
1.0304
1.1776
1.2303
1.1429
1.2823
1.3092
1.122
1.122
2.421
7.379
11.776
10.139
9.0782
8.9125
0.96383
0.90573
0.97051
0.91201
7.0307
0.85704
0.8995
0.94406
1.1995
0.85704
0.88105
0.93756
0.89331
0.86099
0.83946
0.81096
0.9506
2.0941
2.7227
2.9512
1.5488
0.97949
0.8892
1.1246
0.93756
1.7022
1.1858
1.7022
4.4055
1.2706
1.1169
3.1046
11.749
11.588
10.375
9.8175
9.2683
8.3176
8.0168
9.594
9.3972
0.78705
7.1779
9.6161
9.7949
9.0573
7.1779
0.90157
1.3614
1.3213
2.3659
5.2602
11.066
9.1201
9.9083
8.2604
0.97051
8.8105
10.023
8.7096
1.0789
1.6144
9.977
12.023
9.506
0.88308
0.8995
0.87902
0.84918
9.4624
9.8628
9.2897
9.7499
9.977
1.0257
1.3274
1.3335
1.1668
1.1722
1.1194
1.0715
0.89125
0.8147
2.0137
1.2706
1
0.88105
1.5488
0.82794
1.0789
0.90573
0.9247
0.89743
0.82604
4.0551
3.0409
1.6293
4.102
0.85901
0.91201
0.78886
0.81658
0.97051
0.90782
1.9724
3.1405
0.7379
0.71945
0.77446
11.641
11.83
10.864
8.2794
8.7902
10.139
10.965
9.6828
7.4131
8.3176
0.90365
2.4547
8.6896
2.851
1.8793
1.1912
1.6672
3.9902
2.8379
0.81096
0.9977
1.0691
1.1298
1.9634
1.1429
0.87902
3.8637
0.76736
0.76033
0.77983
0.81658
0.78524
0.77983
0.74473
1.1169
0.77625
0.78343
8.995
11.588
11.272
9.2897
9.0991
0.86099
0.82604
1.0375
0.84333
0.79799
2.851
1.1803
9.7724
10.069
10.399
8.531
10.471
0.83368
9.8401
8.9536
9.3541
10.375
9.7275
0.88105
0.80168
2.0989
2.2439
9.2257
8.6298
10.139
11.35
6.9663
11.776
10.351
4.4875
7.145
8.6896
10.069
1.6672
1.9907
11.169
8.2224
1.4555
0.8892
1.6368
1.3002
1.7824
3.5892
1.4454
2.6669
1.7906
1.099
1.0399
1.2134
0.84918
0.8892
0.86497
0.93111
0.73114
0.92257
0.89331
2.0749
0.78163
0.76913
0.69823
2.2699
0.79616
0.82035
0.7925
0.77446
0.80353
0.81658
0.74131
0.77804
0.74302
3.0549
0.79433
0.87096
0.88105
0.74817
0.75858
0.84333
0.76384
0.79616
0.82794
0.76033
0.98855
0.8892
1.5849
0.75509
1.0641
2.133
0.88716
0.74131
0.72277
0.76913
0.82985
0.81283
0.73282
0.76033
0.75509
0.77446
2.0797
0.76736
0.72946
0.77268
0.77268
0.8147
0.74817
0.77804
0.74989
0.78524
0.74989
0.70146
0.73451
0.71285
0.74473
0.82414
0.71614
0.78524
0.7145
0.75858
0.73621
0.70795
0.7709
0.82794
0.7656
0.76208
0.72277
0.70307
0.73451
0.75858
0.74473
0.77983
0.69183
0.72778
0.74989
0.73282
0.74645
0.73451
0.7145
0.7925
0.73961
0.72611
0.73451
0.78163
0.72444
0.6792
0.76736
0.7656
0.75336
0.71121
0.72277
0.74989
0.75683
0.74473
0.75858
0.75162
0.78886
0.77268
0.81658
0.78524
0.75683
0.82035
0.82224
0.73451
0.69984
0.7145
0.76384
0.77268
0.69502
0.74302
0.75509
0.74131
0.76033
0.76208
1.2882
0.79068
0.69663
0.75162
0.68549
0.71945
0.74473
0.73451
0.73451
0.74302
0.77268
0.72611
0.72946
0.73961
0.81846
0.79433
0.82035
0.76384
0.8091
1.219
0.79799
0.86497
0.90573
1.0617
0.80724
0.88512
1.9588
0.75162
0.76736
0.80538
0.94189
1.8967
0.9528
1.2647
1.2853
3.5563
1.762
1.6444
1.8836
1.4256
1.4355
1.2162
1.3243
1.556
1.1614
1.6558
2.1281
2.8379
0.91201
2.5293
1.1967
1.8707
1.4555
2.5351
1.374
1.5276
1.6218
1.0139
4.6774
0.78705
0.82604
1.6444
3.02
0.8147
0.74989
0.80168
10.116
11.324
10.093
9.977
7.7446
0.83946
0.90573
0.91201
0.90157
0.86497
4.4157
6.223
9.7724
0.90782
0.91622
0.90573
0.98628
0.96383
0.9977
1.094
1.6866
1.1885
1.2618
1.3583
0.9506
0.93325
1.5668
0.77625
1.2023
0.91201
0.74817
0.75336
0.74817
0.92897
0.85507
0.8147
0.7656
0.82985
0.9247
0.78886
0.90573
0.77983
0.81658
0.85114
0.81096
0.86896
0.78705
0.79799
0.87096
0.79616
0.81096
0.88716
0.78886
0.79433
0.82035
0.78343
0.77983
0.87902
0.81096
0.84528
0.87297
0.79983
0.8414
0.81283
0.85704
0.78163
0.77983
0.82035
0.82035
0.82035
0.83946
0.76736
0.90573
0.81283
0.79616
0.89536
0.79799
0.85704
0.97051
0.82035
0.81096
0.76913
0.83946
0.80353
0.8356
0.75162
0.75509
0.8091
0.80353
0.79983
0.80353
0.8091
0.877
0.99312
0.82224
0.98175
0.76913
0.80353
0.80538
0.93756
0.87297
0.9528
0.85114
0.94406
0.98628
1.6711
0.75162
0.8892
0.77446
0.75509
0.85114
0.78343
0.88512
1.7742
2.208
0.71285
0.7145
0.7145
0.72277
0.74989
0.76913
0.73621
0.69984
0.69984
0.68234
0.70958
0.76208
0.81096
0.77625
0.81846
0.72778
0.73451
0.77983
0.7145
0.72946
0.76033
0.73621
0.69663
0.70795
0.76033
0.85114
0.76033
0.76384
0.73282
0.78343
0.74302
0.76913
1.2445
1.4125
1.1066
1.1298
1.2647
1.6331
1.2417
1.3804
1.3213
1.4757
1.4997
1.1614
1.406
1.2134
1.0765
1.2445
1.6982
1.0965
1.9543
2.8054
1.2764
1.3152
1.4825
1.7539
1.3552
1.3552
2.0324
0.80538
0.73114
1.0641
1.5241
3.5237
0.74817
0.75858
2.9107
0.76033
0.68077
0.72444
0.78343
0.77446
0.71614
0.79616
0.74131
0.79068
0.80724
0.88308
0.84333
0.78343
1.0447
0.77625
0.78705
0.76033
0.85704
0.78163
0.72611
0.73621
0.73961
0.73282
0.72611
0.75336
0.82414
0.70469
1.0495
0.77983
0.8091
0.73451
0.75683
0.73451
0.71945
0.71945
0.80353
0.75162
0.72778
0.73114
0.72778
0.78705
0.77804
1.2706
0.75858
0.79068
0.75336
0.73282
0.72611
0.79068
0.76033
0.74131
0.7145
0.72611
1.0116
0.90991
2.0797
0.74645
0.74131
0.79068
0.77625
0.74473
0.77268
1.0186
1.074
0.72946
0.72946
0.71945
0.75858
0.73961
0.74473
0.75509
0.73451
0.74989
0.71779
0.74989
0.68391
0.72277
0.71779
0.68077
0.94406
0.69984
0.79433
0.75162
0.71285
0.73282
0.70795
0.70307
0.71614
0.68865
0.69502
0.75162
0.72111
0.69502
0.73621
0.82604
0.77268
0.74645
0.74817
0.82414
0.83368
0.7925
0.79433
0.76208
0.72611
0.77268
0.70146
0.78524
0.85901
0.78163
0.76033
0.75162
0.877
0.80538
0.76208
0.7379
0.98855
0.74473
0.93541
0.82985
0.76208
1.122
1.1324
0.77625
0.76913
0.84528
0.80353
0.72778
0.72946
0.7709
0.71285
0.76736
0.79433
0.73282
0.82794
0.6792
0.78163
0.70795
1.0471
0.76736
1.1561
0.97499
1.0257
0.7379
0.73451
1.5171
0.69984
0.80168
0.70469
0.74302
0.75509
0.75858
0.7656
0.75683
0.8091
0.74131
0.93325
0.79616
0.79799
0.70958
0.73961
0.70795
0.76384
0.69663
0.70958
0.70958
0.71121
0.73961
0.74817
0.72277
0.74817
0.80724
0.7709
0.82604
0.70632
0.72611
0.73114
0.8147
0.68865
0.76913
0.73282
0.72111
1.2218
0.73282
0.78705
0.77268
0.72277
0.82604
0.71121
0.70958
0.75858
0.74989
0.7925
0.71614
0.74473
0.74989
0.8091
0.79799
0.74131
0.80538
0.74989
0.77268
0.78705
0.75162
0.8091
0.72778
0.84333
0.78343
0.77804
0.7145
0.71779
0.72111
0.8531
0.71945
0.80538
0.67764
0.79799
0.83753
0.74989
0.73961
0.82604
0.74645
0.76208
2.3442
7.9983
1.1858
1.1041
1.5031
0.97949
1.0447
1.0495
1.0814
0.98855
1.099
1.219
1.374
2.1677
2.673
1.3521
6.2806
5.5463
1.406
0.92045
1.1967
1.3274
1.183
1.5101
1.2706
1.1092
1.3836
1.3459
1.7701
1.0471
1.3305
1.71
3.8815
0.82224
0.83176
0.89743
0.89125
0.81096
0.89743
0.82985
0.84723
0.83753
0.88512
0.76736
0.88512
0.85507
0.8995
0.88512
0.83946
0.86896
0.87096
0.83176
0.82035
0.90157
0.80724
0.83753
0.83176
0.85114
0.7656
0.79983
0.85704
0.78163
0.84918
0.82985
0.97949
0.83368
0.8531
0.82604
0.78524
0.83946
0.82224
0.82985
0.82794
0.83368
0.87902
0.85901
0.83946
0.83368
0.877
0.8356
0.84723
0.83176
0.94189
0.88105
0.79799
0.87297
0.89536
0.78163
0.79433
0.85507
0.80353
0.86896
0.79433
0.93756
0.79799
0.90365
0.93756
0.90573
0.8414
0.77446
0.86896
0.85507
0.89331
0.8892
0.88308
0.84333
0.81846
0.75858
0.82414
0.7656
0.78524
0.90782
0.84918
0.83946
0.8995
0.92897
0.8356
0.88105
0.89743
0.89536
1.6634
1.6749
1.0617
0.92257
0.75509
0.84918
0.76736
0.79616
0.84918
0.85704
1.3152
1.0139
0.94624
0.85901
0.84333
0.86896
0.82985
0.82985
0.79616
0.90991
0.81283
0.75683
0.83368
0.86696
0.88105
0.77446
0.8414
0.86497
0.87902
0.79799
0.84333
0.82414
0.84918
0.74473
0.8995
0.93111
0.97051
0.82035
0.9247
0.87096
0.81846
0.83176
0.91833
0.8414
0.84918
0.90573
0.9594
0.86298
0.81846
0.91622
0.78705
0.79799
0.93756
0.91833
0.89743
0.89331
0.86298
0.97499
0.79983
0.88308
0.77268
0.82604
0.78524
0.81096
0.877
0.81658
0.89331
0.8091
0.74989
0.92045
0.90991
0.85114
0.89331
0.88512
0.8414
0.90573
0.8356
0.84918
0.9528
0.94189
0.80538
0.80168
0.8414
0.8414
0.82985
0.86896
0.7656
0.88105
0.97499
0.86099
0.84333
0.7925
0.87297
0.81846
0.78343
0.86298
0.85901
0.94624
0.90782
0.9506
0.86896
0.79616
0.84723
0.85507
0.88308
0.78524
0.82604
0.81283
0.87096
0.90782
0.80724
0.86497
0.85114
0.87297
0.85901
0.85507
0.89536
0.89536
0.74302
0.81658
0.74989
0.90365
0.82035
0.8091
0.8531
0.877
0.86298
0.97051
0.84333
0.91833
0.78524
0.77446
0.91411
0.8356
0.877
0.85901
0.8091
0.83753
0.93972
0.82985
0.88716
0.84918
0.92683
0.85507
0.91411
0.97275
0.82794
0.93111
0.85507
0.90573
0.877
0.95719
0.85704
0.92257
0.85114
0.82985
0.94842
0.86298
0.90365
0.81096
0.87297
0.79068
0.80168
0.7656
0.77446
0.88512
0.82414
0.79983
0.85114
0.87297
0.89743
0.89125
0.84918
0.9247
1.4256
3.3343
0.89331
0.82224
0.83946
0.99541
0.92683
1.0351
0.9977
1.1066
1.0593
1.0447
1.2474
5.9156
5.1168
1.845
0.88512
14.06
13.521
12.05
11.324
1.7865
0.83176
9.594
10.544
10.593
10.023
8.2224
9.6605
10.617
12.246
10.023
9.8855
6.3096
1.1614
0.73114
9.7949
10.139
9.1833
8.414
1.39
3.8994
3.281
3.8107
6.9183
8.2035
9.9083
9.7051
8.5901
0.99541
4.1305
6.9024
10.162
0.88512
1.0691
1.2023
3.8371
0.85114
2.4547
0.94406
1.2134
1.1885
1.2023
1.1169
1.3062
1.3709
1.4454
2.1232
0.89331
1.0351
0.93325
0.8414
0.99083
0.82604
0.86099
4.8306
0.76208
0.81283
0.8414
0.86896
3.9264
0.86896
0.75683
0.90782
0.85507
0.97051
6.1802
0.8531
0.88105
0.75858
0.90991
0.86099
0.8356
0.73282
0.74817
0.78163
0.83753
0.90157
0.82985
0.84528
0.77983
0.8091
0.79068
0.81658
0.86099
0.9594
0.87498
0.77268
0.78343
1.1298
2.6853
1.2474
0.8995
0.76736
0.80168
0.78163
0.7709
0.79983
0.93756
0.78705
0.78343
0.82794
0.76033
0.75336
0.84333
0.79799
0.81658
0.81283
0.79616
0.79616
0.88716
0.79433
0.79616
0.82985
0.81096
0.877
0.71779
0.81846
0.74817
0.78524
0.78524
0.7656
0.85901
0.77804
0.74302
0.84723
1.9231
1.0544
1.5382
1.1668
1.052
1.2912
1.4723
2.1478
1.4588
1.4928
1.1967
2.2909
0.88512
8.6099
9.7949
9.0157
10.209
9.7051
8.2414
7.9983
2.0941
0.8531
0.90157
2.4322
3.1623
0.86099
0.85114
0.75683
2.3067
1.1641
0.877
1.9543
11.668
11.35
9.3972
8.4528
9.594
8.8105
9.0157
10.568
7.9433
1.3709
0.98855
1.1885
6.7764
9.0573
8.6896
8.4723
11.482
9.2257
6.7608
9.4624
8.9536
7.1285
0.75162
0.87902
0.76913
0.79983
0.85901
0.85114
1.2764
1.2618
6.8707
1.0304
0.93325
1.194
1.4289
0.99083
1.1695
0.89743
1.2589
1.1695
1.1561
2.3605
0.75683
0.85114
0.83176
0.87297
0.91622
0.85704
7.9068
5.2845
0.83368
0.76208
0.80538
0.75336
7.4302
3.4754
0.84918
0.9528
0.77268
0.82604
1.0691
1.0691
1.0864
1.1272
0.89331
1.0447
1.0162
0.90573
0.88716
1.2677
1.0233
1.1272
1.1194
1.1858
1.1614
0.98175
0.90782
0.73621
1.1535
1.0093
0.90782
0.81658
0.96383
0.8995
0.95499
0.90157
0.96828
1.0257
1.0139
1.1246
1.0139
1.0233
1.0471
1.0399
1.1143
1.1482
1.2162
1.3335
1.406
0.99541
0.85114
0.78886
0.82224
0.87297
0.82604
0.9594
0.86696
0.83176
1.1858
1.0139
1.0765
1.374
1.0495
1.028
0.8414
0.88716
0.90991
0.79616
0.98855
0.87498
0.74817
0.88512
1.1668
0.90782
0.87297
0.8892
0.79068
0.91833
0.83946
0.95499
1.2589
0.90365
0.97275
0.86298
0.93756
0.8414
0.76384
0.85114
0.77446
0.81658
0.87096
0.89536
0.86896
0.76736
0.81846
0.85704
0.86497
0.90157
0.87902
0.96161
0.8414
0.82604
0.89125
0.79799
0.7656
0.8091
0.8091
0.8414
2.3121
0.87498
0.82794
0.94624
0.85901
1.1429
0.90573
1.0965
1.3092
1.8793
0.85704
0.90573
0.81096
0.8356
0.8147
0.82794
0.74473
1.1695
0.78705
0.79616
0.74302
0.80353
0.85901
0.82414
0.78886
0.83176
0.77446
0.85507
0.78886
0.74302
0.70795
0.877
0.92045
1.2417
0.97051
1.0257
0.76913
0.81283
0.78886
0.80724
2.5942
0.89743
0.7656
0.74473
0.81283
0.80724
0.83368
0.90782
0.8147
0.74817
1.2023
1.1092
1.1066
0.88716
2.3823
0.74989
0.93111
0.88512
0.82035
0.73114
0.8531
0.8091
0.90157
1.3614
0.8091
0.88308
1.0765
3.6475
1.3397
0.77625
0.79068
0.77446
0.86497
0.80353
0.93756
0.74817
0.8414
0.79616
0.73961
0.78343
0.85114
0.79799
0.73282
0.82224
0.85114
0.78705
0.75162
2.0606
1.977
1.2218
1.1272
0.97724
1.0495
1.7824
1.2303
1.0789
5.3088
9.8855
7.0307
2.0091
11.041
12.078
4.2855
3.767
0.8995
8.2035
10.495
11.695
6.9663
11.749
9.3541
8.3368
10.399
11.169
8.9125
0.79799
1.0617
1.4028
1.1143
0.85114
0.82035
2.3933
9.9541
0.90991
5.6105
1.0046
2.9309
8.6696
10.495
9.3972
9.1833
9.2045
2.1878
8.0538
10.351
10.162
8.9536
11.194
7.8343
9.977
10
3.4995
9.0782
0.85901
9.4842
10.28
8.9331
9.2683
9.0991
6.5766
1.2162
7.5683
7.0146
9.3325
8.3753
7.8705
8.2035
10.74
8.1846
8.9331
11.967
10.023
8.091
7.1285
0.95499
0.95499
4.6345
8.8512
2.1135
15.885
18.239
12.246
6.4121
12.274
8.7297
9.1833
0.89331
0.84723
0.87902
0.85901
0.85901
0.97275
0.8091
0.8091
0.92683
0.88716
2.2182
7.2277
1.4223
7.145
4.9204
9.7724
11.482
13.122
9.977
8.3368
11.641
6.3387
8.77
6.5163
1.574
0.82224
9.0991
7.1121
7.4302
8.7297
7.7983
8.2604
10.186
7.6208
7.3961
0.8091
0.90157
0.77268
4.14
10.399
16.106
9.8401
13.152
13.583
10.789
9.7724
9.4189
7.7446
8.9743
11.092
9.8401
14.622
15.136
15.488
10.093
8.9331
1.0617
2.0749
0.89331
1.0889
11.015
4.8306
15.136
12.078
15.74
12.05
9.9083
10.046
9.7949
7.0795
2.7861
4.3451
11.912
10.495
9.0157
0.90991
2.1979
0.87096
0.85114
0.77446
0.91622
0.82985
0.8995
0.82414
0.87096
0.93756
0.76208
4.2658
0.82035
0.7709
0.76208
0.8147
0.80168
0.78705
0.73961
0.74473
0.82794
0.78886
0.84528
0.74473
1.7298
1.0069
0.87902
0.79799
0.91411
1.3459
1.0046
2.0277
0.89125
0.68707
0.74817
0.75336
0.79983
0.77804
0.77446
0.8091
0.79068
0.8147
0.70958
0.76033
0.69663
0.76208
0.70146
0.74302
0.74645
0.7145
0.71614
0.80724
0.72946
0.70469
0.73114
0.77625
0.83946
0.74817
0.72444
0.7379
0.75336
0.77983
0.75509
0.74817
0.72277
0.72778
0.7379
0.72611
0.73114
0.72778
0.74473
0.74302
0.71121
0.84528
0.69343
1.0116
0.74302
0.76384
0.72778
0.79616
0.75858
0.83368
0.74131
0.72611
0.77446
0.73621
0.75336
0.7379
0.76913
0.73621
0.75162
0.74989
0.76736
0.76913
0.78886
0.74473
0.70795
0.78163
1.0162
0.72111
0.7656
0.74817
0.71614
0.76384
0.73282
0.7656
0.75683
0.77268
0.72277
0.77983
0.74989
0.72946
0.77446
0.7709
0.68077
0.70958
0.68391
0.74645
0.66222
0.72946
0.69823
0.73451
0.72611
0.70146
0.93972
1.2134
1.1535
1.5205
6.2806
1.0257
1.1912
1.2503
0.89331
0.94406
2.6242
1.1482
4.1976
1.0162
0.89125
2.2233
5.8345
1.0839
1.1455
5.0933
6.2661
10.328
8.3176
11.35
6.2806
0.77983
3.1189
7.925
7.3451
3.767
5.8614
8.9743
6.9183
9.6161
6.7453
11.041
16.255
9.7275
9.1201
8.77
9.7275
7.8886
1.0889
1.1749
1.2735
7.4131
12.531
11.455
8.1658
15.241
9.6828
8.2414
8.7096
8.1283
7.9068
8.7902
10.568
13.366
10.641
12.531
10.304
10
8.5507
8.3946
6.1802
7.656
10.328
16.788
9.8401
10.186
15.596
13.092
8.5114
7.8163
9.7949
9.0365
8.5704
0.9594
1.0789
10.046
14.555
16.482
10.94
10.99
10.715
10.186
10.023
8.3753
10.186
12.589
11.695
10.74
1.1885
9.4842
14.791
14.962
11.041
9.0991
9.2897
8.5704
11.272
8.4333
7.0632
7.0632
1.0544
12.853
7.3114
10.069
8.7096
5.8614
8.7902
9.0573
11.194
7.8163
1.0715
0.89331
0.90157
2.4434
1.3964
12.56
15.596
14.859
13.9
11.94
8.0538
16.558
9.247
1.0789
1.2274
1.2677
1.2882
1.4488
1.932
1.0666
1.766
2.904
3.2063
6.5163
12.359
12.531
8.356
6.0534
1.7418
1.0641
1.1995
0.92897
6.9663
13.274
12.274
6.7764
8.6099
7.2444
1.374
9.7724
10.162
7.4302
6.7143
9.528
5.445
7.9616
8.5114
0.88716
1.4962
9.7499
7.6384
10.839
8.1846
7.3114
7.0795
7.6736
7.9616
7.3961
1.0069
0.97949
2.1086
8.4723
7.6736
8.414
7.9983
9.7949
6.0674
7.8705
6.8549
10.399
8.1658
8.356
6.3096
2.4946
0.80724
0.89125
0.8995
3.7497
10.864
0.91411
12.794
10.495
11.35
14.655
13.002
3.5563
1.1614
0.87096
0.92897
1.406
0.8414
12.417
16.904
10.715
13.932
10.351
10.351
8.2035
4.5394
10.162
7.3114
1.5596
2.5235
0.94842
5.8749
9.506
9.2683
6.8549
5.1523
9.6383
7.9983
5.7412
0.90365
1.0423
2.8774
7.7983
8.6696
6.8077
8.091
13.428
15.101
2.6242
0.97275
1.888
9.247
12.134
12.474
13.092
9.4842
9.2257
5.5081
0.97051
0.86099
7.379
10.568
15.488
7.4473
11.858
14.655
7.2946
8.5507
10.765
8.2224
8.8308
10.447
10.28
7.2946
2.023
7.4131
2.9242
3.9446
10.568
11.015
11.324
11.94
7.9799
7.0958
6.2373
0.94406
0.90782
0.77268
1.7022
4.8306
3.3729
5.6624
7.2444
7.7268
8.7498
1.0257
4.6026
9.1411
7.7446
8.3176
5.9156
6.7764
6.5917
9.0991
7.4645
6.2517
5.8749
3.6392
5.3211
7.8343
11.117
12.445
0.9506
11.482
12.023
8.0538
6.6834
7.5509
8.147
1.1246
0.94189
0.80168
2.2491
2.5003
4.8641
6.1518
1.6943
2.5823
0.80353
3.5563
0.76384
7.9799
1.5241
3.8371
0.80168
0.80353
0.82414
0.74989
0.75858
0.76384
0.82035
0.84918
0.8091
0.77625
0.82794
0.87096
4.0272
8.1846
9.7724
11.668
7.9433
7.2444
7.4989
8.6099
6.5464
1.3213
2.1727
0.90782
1.5812
1.9498
3.8726
2.2751
2.6546
7.3114
0.81846
0.74645
0.87902
0.87902
0.82985
0.82035
6.3387
8.7297
11.858
8.2035
9.8855
10.257
6.8707
0.93972
0.877
3.54
6.4121
3.281
3.2885
10.423
10.715
7.8886
8.6099
8.9743
7.4817
8.4333
9.506
5.5335
0.93111
1.0965
3.0549
2.4434
4.5186
4.1879
2.8314
5.9841
1.2023
8.2414
12.474
7.6208
10.715
10.447
7.4302
10.839
9.6828
10.715
8.995
0.80724
0.88716
0.90573
0.87096
0.83753
0.77446
0.80724
0.8091
0.93325
0.75509
0.78343
0.81846
0.86099
0.79433
0.79799
0.8147
0.90365
0.79433
0.82794
0.78524
0.77625
0.76913
0.76384
0.75858
0.80538
0.79799
0.71614
0.77625
0.85901
0.92257
0.9977
0.82035
0.89331
1.1858
0.8356
0.91411
0.81283
0.73451
0.80353
0.81096
0.70958
0.77804
0.71285
0.75509
0.74473
0.78163
0.7145
0.74645
0.87902
0.79616
0.90157
0.78524
0.75858
0.75858
0.73114
0.79616
0.77446
0.80724
0.89331
0.87498
0.76913
0.86696
0.77446
0.84723
0.86497
0.81846
0.76208
0.85704
0.74989
0.87096
0.73282
0.81846
0.88716
0.76208
0.7656
0.87902
0.74817
0.8091
0.83176
0.83368
0.84333
0.79983
0.78886
0.79799
0.81096
0.75162
0.88105
0.90157
1.0304
1.3709
1.0162
1.1246
0.86497
0.89743
0.83753
1.0304
1.2677
1.1482
0.85901
0.94624
0.78886
0.84918
0.78163
0.87096
0.74131
0.78705
0.84528
0.77804
0.86497
0.76208
0.7925
0.74473
0.75509
0.85704
0.82224
0.71285
0.83176
0.76736
0.91622
0.77804
0.78163
0.76033
0.95719
0.9977
0.88308
0.9594
0.92257
0.83368
0.76033
0.84918
0.79433
0.71779
0.84918
0.81283
0.73451
0.76384
0.91411
0.7709
0.92897
0.82414
0.79799
0.76384
0.79068
0.89743
0.73282
0.72946
0.84918
0.78705
0.78524
1.0495
0.8414
0.8531
0.79799
0.7925
0.83368
0.81283
1.1143
0.92897
0.8531
1.1376
0.99312
1.1722
1.5205
1.4028
0.87096
1.205
1.4158
0.8995
1.1143
0.76208
0.77625
0.75336
0.85507
0.79068
0.75162
0.75858
0.75858
0.81658
0.79983
0.76736
0.75509
0.83368
0.79433
0.84333
0.90157
0.78705
0.79799
0.80724
0.73282
0.77983
0.93972
0.80538
0.92897
0.77446
0.81283
0.83946
0.92897
0.80353
0.8091
0.76033
0.7379
0.81283
0.83368
0.79799
0.8414
0.90365
0.82985
0.80168
0.73621
0.74302
0.77804
0.84333
0.88512
0.92257
0.77268
0.87902
0.78163
0.81096
0.76913
0.90573
0.8995
0.82794
0.78705
0.78163
0.80353
0.74989
0.77625
0.76384
0.72444
0.82985
0.77625
0.85114
0.78343
0.74645
0.88716
0.93756
0.82604
0.82985
0.8531
0.78163
0.7379
0.877
0.74817
0.82224
0.77446
0.92897
0.98855
1.1858
0.74473
0.77446
1.1641
0.76208
0.8995
0.81096
0.89536
0.76736
0.85704
1.0328
0.80353
0.77446
0.8892
0.79068
0.82794
0.88105
0.77804
0.7709
0.7925
0.78524
0.75683
0.74131
0.74645
0.98628
0.80538
0.83753
0.75336
0.81283
0.78705
0.83176
0.80353
0.89331
0.75509
0.76208
1.2677
0.78705
0.80538
0.77983
0.94842
0.81658
0.90782
1.5171
1.3092
1.652
0.92045
0.95499
1.2589
0.91833
0.80168
0.9594
0.82224
0.89743
2.0559
0.81658
0.82035
0.7925
0.78524
0.92257
0.79616
0.73961
0.85704
0.85704
0.77983
0.78524
0.75858
0.83176
0.8414
0.76384
0.78705
0.75683
0.73621
0.71779
0.78705
0.72778
0.74302
0.70958
0.88716
0.92683
0.79983
0.97051
1.0304
1.2331
1.0965
1.2531
0.83946
0.74817
0.76384
0.9528
0.78524
0.74645
0.73961
0.81096
0.78163
0.82035
0.77804
0.75683
0.81846
1.0864
1.3614
1.0304
1.028
1.1482
1.028
0.85704
1.0914
1.3646
1.3964
1.0765
1.3552
1.1117
0.97275
2.023
2.5177
2.9923
0.7656
0.79799
0.70795
0.75336
0.76736
0.98175
2.037
2.3388
0.75683
0.73451
0.77983
4.1783
1.2706
2.5061
2.4155
3.9537
5.2119
6.6681
11.967
9.7275
7.7446
4.1305
9.8855
7.2778
5.9979
2.5235
4.7863
4.3853
3.8371
5.1051
6.4121
0.82414
0.8147
0.78886
0.88716
3.6475
3.8371
2.466
0.86298
0.9528
0.90365
5.1523
0.83368
5.7148
7.0307
4.1879
3.2137
3.0061
5.9293
0.91201
0.89125
0.90365
2.9717
0.83753
0.82035
0.8147
0.77446
0.81283
6.8077
5.2481
8.2414
10.789
10.666
9.3972
7.3621
4.1783
5.4576
2.2029
1.2106
1.0471
1.374
1.0839
4.6559
0.74645
2.6002
0.78886
1.0423
5.4576
0.76384
0.81658
6.6527
7.145
11.194
9.4842
6.0395
3.6475
5.1168
9.7275
9.247
25.704
1.0116
0.98628
1.1482
4.0087
12.764
9.594
11.429
10
8.2985
2.2856
10.186
7.2444
11.169
9.2683
11.885
10.765
8.0724
4.2855
1.5524
1.3709
1.4521
0.8531
7.5336
6.1802
1.3183
1.0715
4.8529
10.186
0.75336
0.75683
4.0551
9.7949
13.614
10
9.3972
9.4189
8.77
1.1749
5.821
11.324
11.588
8.4918
9.7051
1.2078
1.0023
8.5704
2.5003
3.3963
2.8119
0.99083
0.74302
11.912
9.8175
7.8886
11.695
5.3456
0.94842
4.6666
10.593
6.4565
8.0353
10.914
4.3853
1.4894
10.593
12.19
8.5704
9.3972
1.0544
0.93325
1.0666
0.98175
0.88716
1.6482
3.6983
5.3333
1.5205
4.8641
1.2882
0.93541
2.4889
0.77983
9.1411
1.5812
5.6105
3.6058
7.4473
0.83946
9.6161
9.0782
13.366
10.046
7.9068
8.6696
9.247
8.7902
9.0365
8.7297
1.4757
1.1668
0.9594
1.932
3.8107
2.9174
1.194
9.9083
8.995
8.5114
1.6982
3.0903
3.2137
7.145
0.73961
6.8865
7.9616
14.191
12.882
9.3111
11.041
10.423
7.7268
9.977
10.641
6.7298
3.8371
0.84333
5.0582
9.4406
9.2257
8.147
5.6885
6.4714
6.6834
0.95719
1.3335
0.90157
5.2
3.6644
1.3397
6.7298
1.8578
3.1261
0.82985
9.9541
9.6383
7.5336
9.7275
6.3826
4.5186
7.4131
8.2414
1.1535
10.965
9.594
7.0958
3.2509
8.1096
7.0307
1.1143
0.98175
1.0328
1.0139
0.93541
0.94189
0.99312
7.7625
8.9536
0.76736
10.471
11.695
10.914
14.521
10.94
10.116
9.0365
3.4435
5.3951
1.6406
1.7498
1.349
1.6596
9.977
3.7411
0.98401
7.4473
12.05
11.588
8.3176
11.015
8.8512
7.1285
15.382
9.2897
9.6828
5.2602
9.1622
7.2946
3.4834
1.7783
0.7709
11.614
14.488
9.7051
8.5704
9.2257
9.0573
1.9454
4.8306
1.1614
1.1015
3.8282
9.6161
7.9983
6.6681
8.9331
8.77
4.4055
1.2359
1.3032
1.2023
2.4547
11.722
14.997
8.3176
0.70795
1.0765
1.0257
0.90157
0.89331
1.0186
0.89743
0.78886
0.84528
0.78705
0.82035
0.877
1.1561
0.79068
0.74989
0.83176
0.77983
0.81283
0.92257
0.7925
0.78524
0.82985
0.83946
0.79799
0.84723
0.76033
0.7709
0.78705
0.78163
0.75509
0.76033
0.73451
0.84333
0.74473
0.76913
0.88105
0.76384
0.84918
0.78705
0.87297
0.87297
0.78343
0.77446
2.1281
1.1015
1.0715
0.99083
0.88105
0.7379
0.89743
0.79068
1.0617
0.87297
0.72946
1.0765
0.82414
0.73961
0.75162
0.82604
0.85114
0.77983
0.93111
0.73282
0.81283
0.81283
0.87297
0.80168
0.87096
0.84528
0.84723
0.94189
0.86099
1.2106
1.1668
0.8091
0.79068
0.74131
0.76736
1.4791
0.92897
0.76736
0.82224
0.78524
1.0257
0.76208
0.8356
0.76913
0.89743
0.74302
0.81283
0.91622
0.7709
0.8147
0.79799
0.83753
0.73282
0.79433
0.7656
0.71779
0.8356
0.80724
0.85704
0.77804
0.84918
0.77983
0.81846
1.2445
1.0789
1.0209
1.0186
0.95719
1.1324
0.98628
1.1429
1.122
1.0351
0.77446
0.89743
0.94189
0.82035
0.89331
2.4044
1.5959
0.74645
0.90573
1.2531
0.78886
0.96828
0.79983
2.2387
1.0069
2.5468
0.92257
0.78524
0.79068
1.1092
0.74989
0.76736
0.83368
0.78163
0.73621
0.77446
0.73282
0.77268
0.80168
0.7379
0.74131
0.84918
0.7925
0.87498
0.80353
0.72444
0.84333
0.85704
0.77983
0.74645
0.77268
0.84333
0.85704
0.71779
0.77625
0.80168
0.7925
0.77446
0.70958
0.76208
0.89536
0.75858
0.84723
0.82604
0.79068
0.8892
0.84528
0.80168
0.82224
0.79616
0.89331
0.80538
0.8414
0.76384
0.84333
0.81283
1.8793
0.7925
1.1455
0.84918
1.0023
0.90365
0.84333
1.4028
1.714
1.8493
0.8414
0.85901
0.78524
3.0903
6.7298
3.8815
5.1523
6.5313
6.5464
5.4576
7.0958
4.5709
4.3752
0.91201
1.0116
6.5163
6.4565
1.7824
0.79433
6.3533
9.528
6.7608
6.9663
8.0538
8.356
1.1995
5.358
4.5186
7.7268
8.091
8.5704
3.3963
1.1967
1.6368
4.9774
3.9902
6.5163
3.8726
4.8084
0.82224
9.9541
9.6605
6.9183
7.0307
1.5668
1.5453
1.6943
1.0093
3.8194
0.75509
0.77804
11.194
7.6208
9.528
7.2778
0.96828
1.6672
0.79433
0.91622
0.84333
1.2078
4.1495
6.9343
9.4406
1.5031
1.0069
1.1143
0.90573
1.0495
1.1402
1.9907
1.7022
3.02
1.9953
1.1324
2.1577
1.0093
2.0324
4.4157
0.93756
1.3397
1.5885
0.87902
1.2647
5.224
8.9536
8.9125
7.5509
6.2951
8.2414
0.84918
0.79983
0.877
0.9977
1.3397
2.8708
5.4828
8.4333
6.6069
0.78524
1.556
0.87498
7.4302
8.8512
7.8524
8.4918
5.3827
5.5719
2.4491
1.1429
7.0307
8.3176
6.0534
1.0399
0.97724
4.6452
5.1642
2.3496
7.2778
7.6736
10.52
8.414
6.5013
7.2277
0.82414
0.81658
1.4791
6.0534
7.6033
1.1117
2.0137
0.84333
0.9594
0.90157
0.7656
0.9506
0.86298
1.1749
0.877
0.84723
0.87498
0.88105
0.84528
2.466
0.8531
3.3343
5.9979
0.94842
0.9594
1.4555
0.75336
6.0814
6.6374
6.6069
1.4388
4.9774
10.375
8.3176
7.379
0.99083
1.8365
1.2134
1.4997
1.1482
0.92897
1.3552
7.4645
0.79616
8.6497
13.305
11.117
10.471
6.2806
10.52
10.139
7.8705
8.091
6.6834
8.8308
7.4989
1.7824
7.8163
8.9331
10.641
8.4333
5.5081
5.1523
9.4189
10.28
9.506
8.4918
9.0991
6.4417
4.9091
9.1833
5.8884
13.772
10.351
10.889
9.4624
9.2257
9.3325
9.9312
5.6364
4.4463
0.97499
1.6144
14.125
7.8886
22.387
1.9588
3.2659
9.3972
13.614
7.0146
7.709
9.2683
4.8195
6.2951
6.3533
9.3756
9.7499
8.3368
6.4714
6.4269
9.3541
9.2897
8.7297
9.2257
9.8628
1.3002
1.8707
3.9811
8.6896
11.041
9.8401
10.304
8.9125
6.4565
10.116
6.3241
0.877
0.80168
0.8531
6.5163
7.379
1.7989
6.2951
2.3227
1.1858
0.95719
13.74
15.488
11.272
9.2897
6.223
4.0738
7.2611
12.246
10.046
9.9083
5.9979
1.875
3.8994
1.0139
6.9183
7.4131
14.555
9.8855
8.6896
7.7625
6.3096
0.92045
2.1281
9.0782
10.617
10.399
9.5499
1.3397
4.9091
8.6896
7.3282
7.9068
8.7297
9.4624
2.3174
2.1979
12.942
10.351
9.7275
10.023
10.641
8.7498
7.1614
10.641
12.331
9.0157
3.1261
4.4566
8.995
8.995
9.3111
9.1833
2.2594
8.091
8.3368
7.3114
5.0234
0.74817
9.3756
9.8628
1.7179
2.9512
1.3996
1.0789
1.39
14.521
9.8855
9.6383
11.455
9.0573
7.1779
1.1429
2.884
0.82035
17.14
6.9823
9.8855
8.0538
5.3703
2.958
12.735
8.8308
1.3122
13.646
12.735
9.6161
12.078
8.1096
7.4302
0.97724
7.5509
14.322
9.4624
8.2224
9.4624
12.445
9.2257
7.9799
8.995
8.4528
3.3497
4.4463
8.4918
11.83
9.5499
9.2257
7.2111
0.89125
1.099
0.91622
0.96828
0.86896
0.93325
1.374
0.76913
5.2845
9.0157
6.9984
6.5615
1.7947
2.4946
0.76208
7.9068
9.1622
7.0632
8.356
8.2414
9.1833
7.9068
7.1945
8.995
8.3176
11.35
5.9293
9.2045
0.96161
0.8892
0.85901
0.83176
1.0544
0.74473
9.2045
11.429
11.324
8.0168
3.4198
0.98855
2.4547
1.6827
7.1285
13.428
10
11.83
10.965
12.706
11.885
8.0724
4.9774
9.7051
1.1588
1.4028
0.79799
15.849
16.106
11.455
12.589
7.4817
7.1779
6.8077
4.7973
5.6754
8.9743
8.6298
10
7.709
9.3756
9.4406
10.74
10.28
0.86896
6.0117
14.093
10.765
9.7499
8.5901
10.617
10.209
7.7268
5.4075
0.97499
0.90782
1.5776
9.1833
10.023
15.066
10.914
8.6099
8.4528
8.7096
12.474
7.6033
0.8531
8.1658
14.689
9.4406
9.1622
7.2946
8.356
6.6222
8.8512
9.3111
7.9983
1.4723
12.706
10.495
15.812
11.885
7.8343
5.8749
9.1622
10.965
8.2604
6.7298
9.1622
9.9312
2.0417
1.5704
4.3152
5.358
16.788
12.764
8.5704
9.0782
6.6834
7.1945
0.98401
18.967
9.5499
5.9156
8.892
9.6161
10.304
14.388
11.614
13.002
5.7148
2.2594
12.853
11.169
8.77
8.3753
9.506
11.429
9.0782
11.482
3.6058
1.0186
2.4889
14.289
8.3368
12.474
8.8512
10.399
9.0782
8.4723
10.839
8.6497
7.9433
9.977
8.0168
11.967
10.046
11.22
9.0782
8.9743
10.94
1.4256
1.1535
15.524
8.5704
9.3325
9.2257
7.2277
0.88512
8.4333
16.596
4.4259
14.355
11.194
11.35
8.3176
9.594
8.2604
9.5499
7.5509
1.2359
1.349
1.1169
1.3274
0.85901
7.6736
8.5704
9.2257
7.3621
7.5509
6.9823
4.0365
2.8708
12.764
13.772
11.535
10.544
8.8105
8.7297
1.3122
12.05
9.3756
13.521
9.4842
12.445
8.4723
8.5704
6.2517
13.213
15.922
10.74
9.8401
7.5162
5.9293
9.506
2.4434
4.6881
6.9502
6.6069
6.7608
7.1779
5.188
7.2111
7.145
6.5313
7.5858
10.99
8.8308
8.4333
8.3176
8.1096
8.7902
7.6913
2.4099
14.622
12.618
9.0157
10.641
11.35
8.1846
10.839
9.0157
9.1201
11.041
8.4723
9.3325
11.041
7.7625
1.5382
9.0991
11.194
11.858
14.125
13.335
8.3946
9.3111
10.328
11.776
11.668
8.77
0.82414
1.4125
