5.1404
24.21
42.267
15.849
21.33
18.793
7.3114
11.749
1.5171
12.106
0.79068
1.1246
12.972
1.6444
9.9541
1.3709
0.70958
0.7709
0.76913
0.81283
0.73961
2.1429
8.77
0.90782
7.2611
1.4655
1.5596
1.0814
1.0641
1.2647
13.614
12.882
0.98855
13.552
0.81658
0.82414
0.74989
0.71614
0.70795
0.93111
1.0162
0.70469
0.82794
0.74302
13.213
8.414
1.5704
1.4521
0.68549
0.83753
0.78163
0.81658
0.78163
0.90157
1.5596
0.7925
0.8356
12.677
0.75858
0.74989
0.79799
0.72946
0.83176
3.3497
11.561
13.062
13.583
1.3868
0.77983
0.79068
0.88308
0.73621
0.71614
0.70632
0.72111
0.81096
0.78163
0.73451
0.75858
0.71779
0.73451
0.74989
0.76208
0.70795
0.68865
4.1591
1.3836
1.9454
1.9143
1.0023
12.823
12.246
13.092
16.982
10.495
0.73451
1.2134
1.2618
0.72946
0.74645
0.78524
0.77983
0.73621
2.9444
1.9679
1.0186
9.0782
12.647
16.144
16.368
0.89125
0.9247
2.1135
2.2336
13.002
14.555
1.5136
1.9907
12.972
11.668
0.90991
1.2972
1.4928
1.39
11.455
13.74
13.183
13.062
10.257
0.93111
1.5631
7.2946
12.445
2.8119
14.791
12.162
0.78886
0.7145
0.74989
0.81096
0.75162
0.72444
1.9055
1.1402
0.86497
0.75336
14.158
13.521
7.1614
12.794
7.6736
14.488
13.183
2.1038
1.5346
1.219
3.013
16.368
15.488
0.97949
1.6482
1.4555
0.80724
2.7353
3.7497
14.655
11.995
2.9242
1.8281
11.298
16.866
4.2073
1.4158
1.5596
1.7783
1.5704
1.1614
1.4158
0.97949
6.9984
17.865
15.171
5.9841
14.355
0.73282
0.72611
0.74131
0.75336
1.2134
0.96161
1.9588
8.1283
14.655
0.78524
0.78163
0.7379
0.78343
0.79068
0.69823
2.7925
1.0328
13.836
0.77983
0.77625
0.79068
0.83753
15.812
15.101
15.205
15.205
9.3541
11.35
0.73621
0.77625
0.7379
0.81283
0.75336
0.79616
0.79433
0.72778
0.77446
2.8708
3.8107
5.4702
1.0069
1.3836
1.2912
1.762
1.2764
1.9724
1.39
2.133
1.7418
1.0889
1.205
1.2388
1.3996
2.6062
10.617
14.689
17.338
13.49
0.80724
1.122
0.90365
0.75858
0.7925
0.69502
0.94842
0.71285
0.71945
0.95499
0.75858
0.69502
0.73621
0.68391
3.3266
12.531
3.7844
1.0257
0.7925
15.031
17.022
13.305
11.885
0.81846
0.94842
14.158
10.666
0.84528
0.7925
0.75336
0.71614
0.70958
1.7498
11.722
13.709
0.81283
0.71614
0.7145
13.062
12.823
16.406
14.093
13.428
12.331
3.6308
6.6069
0.877
1.3305
1.3996
2.2856
13.583
14.859
13.677
11.885
11.995
0.8531
4.6989
13.274
13.152
0.93325
0.88105
0.80353
0.84918
1.0914
0.78343
1.8967
14.859
0.97499
2.0749
1.1015
1.1614
1.4962
0.74131
1.028
13.868
14.859
0.76033
2.6853
1.135
0.99541
13.366
11.995
2.5763
0.80724
0.76384
0.98855
0.73961
0.69343
1.3213
1.6904
1.1803
0.97949
1.2445
1.0399
15.776
14.06
18.365
14.555
13.74
14.158
14.928
13.804
0.78524
10.666
1.4555
0.76913
0.99083
0.73114
0.73961
0.8892
0.72444
1.0116
14.555
10.691
0.75162
0.8414
0.77268
0.71945
0.79616
14.289
13.335
15.417
12.764
16.788
1.4158
1.2912
0.9506
1.3709
2.0749
2.0797
2.0091
1.0914
6.1944
16.181
1.1508
0.86696
3.2584
1.5885
14.555
9.8175
10.399
16.032
0.83368
2.1232
2.9648
15.453
11.695
15.596
0.79616
0.74989
0.82794
0.7656
12.106
1.5101
1.374
2.1135
0.99541
2.3823
1.183
1.1143
2.3227
1.9634
5.3211
0.99083
1.4256
1.8365
1.7298
1.5311
1.2942
1.028
1.3583
1.1588
1.099
1.028
1.1041
2.0324
1.1912
0.97051
0.68549
2.4099
12.735
16.749
12.972
12.794
9.2257
13.772
0.85704
0.72111
0.79068
0.73114
0.9247
0.74302
0.77268
0.7709
0.76913
0.76913
0.80353
0.81096
0.76384
0.82414
0.76913
0.75509
0.7925
0.79616
0.90157
0.76033
0.98855
0.76736
0.84723
0.79433
0.80724
1.0023
6.2951
16.069
17.539
2.1928
0.70632
0.77268
0.74645
0.87902
13.243
15.453
18.239
12.706
17.783
15.311
0.84333
16.866
11.298
2.6669
2.2233
13.092
12.531
1.0046
0.89331
0.89536
3.1915
0.69984
1.4689
1.8793
1.2359
1.574
2.0845
1.6482
11.402
13.335
1.6218
0.72444
0.77625
0.97949
0.81283
0.74645
1.5276
1.7179
11.561
13.213
2.5763
1.0641
1.2134
2.138
1.1324
0.70146
0.92257
1.1455
3.6983
0.93325
1.1508
1.194
3.581
1.5171
2.7733
1.2303
4.3451
13.092
13.932
11.561
13.274
0.70958
0.73621
0.74817
0.72778
0.70795
0.81096
0.70958
0.76033
0.69502
0.70146
0.71779
0.7145
0.86696
0.70958
0.98401
0.69183
0.70632
0.71121
0.86896
0.9528
0.72277
0.70795
0.71614
0.69343
0.7379
0.71285
0.75336
0.91833
0.75162
0.72111
0.72277
0.75858
2.0324
2.3014
2.2439
2.1777
3.4754
10.74
15.453
14.125
17.378
13.002
0.74131
0.74989
0.77446
12.274
13.868
13.305
14.997
1.099
4.0551
2.0941
13.583
7.3451
13.996
0.72778
1.2823
1.3614
3.7325
7.4645
13.183
13.964
1.3964
0.69984
0.69183
0.72277
0.96161
0.76736
0.81283
0.74302
0.76208
0.87902
0.69343
0.75858
0.83753
0.74302
0.7379
0.77446
0.73961
0.74989
0.82794
0.71614
1.3521
0.74817
0.79983
0.80168
0.74645
2.4717
13.583
15.241
15.524
8.0353
11.614
0.87297
1.135
1.8535
1.977
1.1143
1.932
0.70958
0.72946
0.8147
1.0328
1.652
1.0691
1.0093
1.0914
1.1614
0.88512
5.188
6.5464
14.622
14.894
17.258
13.002
13.274
13.868
1.7338
0.81096
0.7709
2.729
3.2285
1.5668
2.2233
13.428
1.5631
1.4421
0.74645
0.8091
1.5276
0.79616
0.97051
0.88512
0.77446
0.96383
0.73282
0.877
0.74989
0.75683
0.86696
0.84528
0.87498
0.76208
1.8365
2.2131
2.9648
3.7757
0.7709
1.9724
0.73451
1.1535
0.78343
0.78886
1.5812
0.97949
0.83176
2.7353
1.074
2.1727
1.4757
1
1.1272
3.1842
2.3496
1.3122
1.1455
1.2246
1.4655
1.2589
1.6788
2.5293
1.2618
4.1879
10.94
16.293
16.406
17.947
16.181
13.646
10.544
8.1096
0.85507
0.72277
0.7709
0.93541
1.1803
0.83753
0.77446
14.06
0.77983
0.88308
1.1967
1.0914
0.76208
1.0814
1.0304
0.80724
12.078
1.5066
9.2897
1.8197
1.2942
1.6482
1.8493
1.8281
14.791
14.894
14.791
15.241
10.28
4.5186
11.561
14.928
14.791
11.143
3.3574
1.1324
1.6596
2.1232
14.06
3.069
14.06
1.052
0.72111
0.76208
1.1912
0.85704
0.82794
0.78163
0.74817
0.76736
0.99083
7.1121
14.028
9.9312
12.023
11.429
0.81846
1.3552
2.5119
11.324
13.868
20.941
10.471
1.4191
0.76208
0.69183
0.99541
0.72778
0.70307
0.80168
0.67453
0.77268
0.82224
0.76384
0.7145
0.91411
0.68391
0.78705
0.71285
0.73961
0.7709
0.74131
0.70469
1.1912
4.2364
13.709
12.162
1.256
1.4256
1.1614
14.322
15.031
13.836
0.72111
1.8323
0.71285
5.8749
0.70795
0.76736
0.77983
0.70632
1.5885
0.74817
10.423
0.79983
0.68549
0.7379
0.81846
0.73621
0.75509
1.5311
0.80168
0.7379
0.81096
0.78886
0.76736
1.6596
0.8147
0.75858
0.68549
0.69024
0.96161
1.3521
1.2417
1.5885
0.78705
2.0606
2.4322
1.9011
0.92683
1.1995
1.4997
1.8281
0.65163
0.65013
1.714
0.97275
0.75509
0.64863
0.67764
0.69024
0.71285
3.2734
0.63533
1.3709
1.0715
1.0593
1.0304
1.3152
1.099
1.1561
3.013
0.70146
0.6792
5.1523
15.524
18.578
1.6331
0.70958
1.135
0.7379
12.218
15.346
13.646
13.213
0.85901
14.223
13.932
0.9247
0.93111
4.3954
14.757
9.1833
0.83753
0.77804
0.77268
0.77983
1.4256
0.70307
0.78705
0.74473
0.76913
0.71121
0.7709
0.9594
0.76913
0.74302
0.74817
0.72277
0.69823
0.71779
0.70146
0.71945
1.0914
0.73961
0.78163
0.67143
1.3552
0.69502
0.75683
1.3677
0.72946
1.6181
1.219
1.7458
1.7458
7.379
2.8576
0.68234
0.67608
0.81096
1.9099
1.7338
0.86896
1.2677
0.7656
1.4825
3.0409
1.8365
7.5509
0.66527
0.67764
0.71285
1.0023
0.69984
0.66222
0.67298
2.5177
15.596
15.524
14.191
0.8147
15.311
1.5704
2.0701
14.028
4.2756
0.74645
0.88308
0.75858
0.73961
1.1402
0.74131
0.79983
2.6669
0.81658
0.73451
12.972
13.274
9.1201
12.823
15.596
0.84528
0.78524
0.83368
0.78886
0.74989
0.70958
2.2233
1.1041
1.9907
1.8535
5.3827
1.574
1.3335
2.3335
0.97949
0.82604
0.90365
0.70958
0.72778
0.79799
0.76913
0.75336
0.76384
0.76208
0.72277
0.79616
0.82985
0.71614
1.1995
0.72111
1.1695
1.1508
0.74645
0.93541
0.66834
1
0.9506
1.4791
2.4831
1.3274
1.2331
0.89536
0.91411
1.5704
3.4834
8.995
14.093
14.622
14.289
7.7983
0.96383
0.65464
13.459
1.5382
0.74473
9.0573
0.72277
14.454
13.74
4.4771
1.6558
1.0257
1.1776
1.0691
1.0093
1.3709
0.65917
2.4044
0.8531
1.2764
1.4997
2.0941
0.94189
1.9543
0.65163
11.912
12.972
11.967
14.757
2.8119
0.84918
4.8195
0.77625
0.7709
0.70469
1.3996
8.6497
15.205
2.5704
0.69984
0.72611
0.72778
0.7379
0.75336
0.70632
0.80724
0.72611
0.75162
0.73451
0.74989
1.8365
0.65313
2.0417
1.0069
1.1967
13.183
12.972
0.74989
0.79983
3.4356
13.996
1.3614
0.74131
1.0544
13.74
1.7579
1.8578
0.69984
0.74302
0.69343
0.73621
0.71121
0.72444
0.80168
0.67764
10.162
11.246
12.56
4.3152
8.3946
3.1989
4.3652
1.4622
1.2359
11.429
0.71779
1.7701
0.83368
0.70795
0.72111
2.3388
0.68391
13.552
9.8401
0.84723
0.81283
1.4223
0.78163
0.78886
2.4889
1.7579
14.723
9.7499
0.93972
0.80353
7.4645
1.6218
1.7179
0.79616
0.90365
0.86896
0.91201
0.99083
1.8707
6.0954
1.5996
2.2029
0.93325
1.556
1.4289
0.68234
0.79616
1.5136
0.64714
13.274
11.722
12.023
1.7989
4.4875
13.9
14.191
14.655
6.2517
9.5719
11.117
0.87498
14.06
0.97051
1.2078
0.94189
0.91833
1.2218
0.87902
1.3305
0.79799
0.73961
2.5882
1.1482
6.7143
0.72778
0.75336
0.74645
0.71779
0.72778
0.81096
0.71614
3.4277
4.8417
1.2331
1.2417
1.4421
10.641
1.9099
0.72111
0.74989
0.74473
0.86497
0.81096
1.1092
1.0399
0.77804
0.8356
2.3768
1.0495
1.1194
1.5031
2.208
3.1117
0.83753
3.3037
1.4622
1.183
1.4421
6.368
11.298
1.0617
0.90365
0.77268
0.69502
13.183
13.122
1.4555
0.72444
0.7379
0.73451
0.75509
0.79433
0.74645
0.97499
0.85507
0.7379
0.7709
0.78524
1.4158
0.85704
12.218
0.99312
0.85901
3.2063
0.83753
11.35
12.503
0.76384
0.74302
0.71779
0.91622
0.77625
1.074
0.7379
3.4041
1.1272
0.67608
0.66374
0.65766
0.66681
0.96383
0.65163
13.552
14.928
15.849
11.298
4.3551
1.5885
5.4954
0.80353
0.73282
1.7989
1.1246
0.98628
1.6144
11.482
12.078
1.8923
12.823
12.853
0.86099
1.2503
12.19
12.531
9.8855
12.794
15.031
4.4055
0.93541
0.76736
11.614
2.0941
1.1776
0.67453
1.0069
4.9091
0.85507
1.4655
0.76033
1.5812
2.8708
0.68077
1.3583
1.2531
1.9861
2.4946
1.219
13.583
12.05
13.213
14.791
14.791
13.335
1.0691
0.77446
0.74817
0.85704
0.82985
0.84918
1.574
1.2972
1.9634
2.4322
2.0184
0.91201
0.98628
1.8707
3.8726
1.1668
1.2735
1.6444
1.7378
1.1588
2.5061
1.6255
5.7412
13.032
1.4454
1.1776
1.6106
12.134
8.8308
1.4962
0.71779
0.75162
0.78163
0.77983
0.72611
0.76208
0.7709
0.78705
0.74302
0.78163
0.72778
0.72111
0.72277
0.74645
1.9187
0.66222
0.64417
0.80353
1.4859
0.81846
0.78163
1.2359
1.3932
2.6607
0.81283
3.155
0.66374
2.3768
4.0272
3.5645
12.274
11.561
11.482
4.529
4.121
0.96828
0.73114
0.76913
0.72277
0.76033
0.74473
0.74473
8.2414
11.722
0.71779
0.71779
0.75336
0.80168
1.2853
0.93972
0.64269
2.1281
0.72946
0.96383
0.72778
0.8147
0.84528
2.5003
2.0845
1.5136
1.7701
1.9099
5.0816
13.836
5.0933
11.83
9.3972
14.256
16.406
13.49
13.868
1.2359
10.965
14.825
18.45
14.655
1.374
1.4093
0.71779
13.092
11.508
1.6482
0.84918
0.82794
0.77446
0.8414
1.6331
0.74473
0.75858
1.9907
0.74131
0.77446
0.72111
2.0512
0.71121
1.3032
1.5885
0.70146
2.0701
13.996
14.859
6.6681
1.6106
9.5499
1.4093
1.406
2.9309
1.094
1.1885
1.5311
2.3174
0.65615
1.0328
2.7669
0.70307
0.65615
0.73621
0.66988
0.70307
12.106
13.996
15.136
11.272
14.256
14.757
0.78705
0.73451
0.7379
0.73961
0.70307
0.73621
0.73282
0.77625
0.79799
1.2246
0.71614
0.6792
0.74302
0.77268
0.72611
0.74473
0.72778
0.76384
0.79068
0.74989
2.729
0.65766
2.9512
1.932
1.0965
11.722
14.158
0.76208
0.77446
0.76033
0.78343
1.0544
1.2912
1.3964
2.2439
1.2794
2.3067
1.3122
1.7458
1.6106
2.5527
0.66069
14.028
6.0814
1.6368
0.73621
0.96828
13.274
0.93541
0.89125
10.617
14.388
11.722
1.0715
0.78524
0.85114
0.85114
0.73621
0.71779
8.4333
0.69343
9.6828
0.88716
0.70469
0.88105
0.75162
0.69183
0.74645
0.80168
0.83753
0.67453
2.704
1.6711
2.0941
1.1117
0.90991
1.183
13.552
11.776
12.388
10.28
15.346
1.0544
3.6813
2.3714
8.5507
0.78886
0.71285
0.76913
0.94624
0.82794
0.79616
0.85704
0.76736
11.588
2.2182
1.888
0.79799
1.1803
1
1.2218
0.8356
0.86099
3.4914
5.9566
0.68234
0.72778
1.349
12.023
15.849
5.2723
11.588
1.0328
2.4889
8.9743
12.618
12.078
10.304
9.594
0.69024
11.535
13.932
13.996
1.0965
1.0423
0.77804
0.82224
0.94624
11.588
13.9
10.28
1.2972
0.95719
7.8524
1.5922
1.0839
2.208
13.032
9.9541
3.4754
0.78524
2.133
2.1878
1.4223
3.6141
6.9183
10.447
0.79616
0.69502
0.73282
0.9528
0.74645
0.77983
0.80538
0.72946
0.72444
0.72111
0.81283
0.69024
2.4266
0.80168
0.78705
1.9634
1.9724
0.94842
1.1402
2.4491
1.0399
4.3053
11.482
0.877
1.2735
1.0691
14.791
12.531
0.72946
0.71285
0.74302
12.331
0.7656
0.83368
0.77625
0.68707
0.65313
2.3174
0.83368
0.88512
0.75162
0.94189
0.94842
0.85507
0.78886
2.421
0.84528
0.79983
0.91622
1.5382
0.89331
0.97051
3.281
0.79799
0.96828
0.70469
1.1668
3.6058
13.428
1.3183
0.88716
14.223
10.99
1.1967
3.3037
9.7051
0.74473
0.72444
0.7379
0.76208
0.68865
0.69984
0.71779
0.78886
0.7656
0.71945
0.76736
0.70632
0.77804
0.69663
0.73114
0.75336
0.71779
0.71779
0.69823
0.75509
1.183
0.94406
0.64714
1.1535
1.5382
3.3884
1.074
1.2882
0.89743
0.8356
1.4859
0.9528
0.85507
1.0568
1.2417
0.66681
12.274
6.4269
2.3174
10.74
0.7379
0.90157
11.066
11.614
14.355
13.772
2.0749
10.471
14.06
11.614
2.6002
3.6983
1.0471
0.84528
0.80353
1.5031
0.75509
1.135
0.80353
0.69502
0.70958
0.7656
10.257
2.6607
0.69183
0.71285
0.78163
0.70146
0.6792
0.66527
0.66374
1.0116
6.9343
0.74817
0.66527
0.77804
0.76384
0.76384
0.72277
0.74817
1.4655
0.77804
0.72277
2.5882
0.88512
1.4355
1.0544
0.74473
0.70958
0.79433
1.2942
1.2388
1.8793
1.3868
0.6792
2.6915
2.8708
12.106
0.94406
0.72946
0.74473
0.7379
0.71614
0.81658
0.71121
0.70795
1.0069
0.69984
0.75162
0.74645
0.69984
0.74473
0.74817
0.70146
0.75162
0.77804
0.69823
0.74645
0.74817
9.2683
12.106
11.429
0.72611
13.183
13.932
12.56
9.8175
12.972
0.70469
11.376
13.964
6.4269
3.6813
4.4259
9.4842
0.75162
0.76913
0.77446
0.8091
0.97051
4.1305
1.8493
1.0889
13.521
11.912
0.72946
9.4842
18.707
9.0573
2.4831
10.617
11.508
16.293
1.0765
2.2751
8.147
1.4158
11.22
9.7275
0.67764
0.93756
0.80168
1.5453
1.2589
3.4995
1.183
14.521
14.622
7.8705
2.1777
6.6834
6.6681
11.858
0.90782
0.84528
0.72611
0.72277
0.83946
0.82035
0.70469
0.74817
0.77804
1.7906
1.2972
1.5311
1.6866
1.1912
1.4555
0.87297
1.6181
0.90782
1.1041
2.5763
1.8535
4.3551
0.79068
0.90782
2.133
4.4463
0.9506
1.0046
1.4355
1.2589
2.2131
1.1298
1.2735
1.0765
1.3152
1.1749
1.3996
1.6293
2.1979
1.9815
1.1169
1.0304
1.3243
2.6915
3.0409
1.3002
0.86099
0.79799
1.5031
3.5075
0.66069
0.67453
0.66069
0.88512
0.74131
0.70632
0.92897
0.7379
0.78524
0.7145
1.1041
2.0797
0.72444
0.72277
8.5507
2.4547
10.069
12.794
10.99
1.2503
1.0666
7.3621
0.77446
0.69183
0.86099
0.81658
1.0069
0.78705
0.69183
1.4689
1.2853
1.2823
12.677
11.722
1.0139
0.75858
0.76033
6.0954
0.79068
2.7102
0.74473
0.66681
2.3605
1.766
1.7989
0.73114
0.66374
1.5488
1.7179
0.76384
0.71285
2.1528
1.1776
0.7656
0.81283
9.4624
3.3884
10.965
1.2331
0.68549
10.691
9.6383
8.414
12.106
6.5766
10.375
10.257
0.69984
0.7709
0.71945
0.70469
0.74989
0.79799
0.78705
0.91622
0.67453
0.73961
1.3552
0.78886
0.74989
1.4125
7.8343
0.65464
1.9907
1.8967
14.421
2.466
4.529
3.9084
3.1477
11.246
0.75683
0.7145
0.7709
0.68077
0.97275
0.73114
0.72946
0.71285
0.7145
1.3932
0.73621
0.69024
0.72611
0.70795
0.77983
0.73114
1.6444
0.8147
1.028
0.68077
0.75336
1.6904
9.247
1.2331
0.72611
0.69663
0.82035
0.72946
0.82224
3.155
1.1429
10.914
20.606
3.9994
12.078
13.74
1.7989
1.0116
1.1967
1.1041
1.2359
9.6828
11.324
12.735
7.145
0.7379
2.2182
1.5101
8.1846
11.749
7.9433
1.6749
3.5318
2.2646
13.868
8.9743
7.3621
0.82985
0.79983
2.2131
0.6792
11.429
3.5075
0.84723
0.86696
0.8091
0.78524
0.7709
0.6792
2.6182
0.82224
4.6345
1.0423
1.3836
1.2134
2.0893
1.6406
1.9099
6.1376
0.71779
0.73621
0.75858
0.7709
0.88105
0.74817
0.74473
0.67764
0.78886
0.79068
0.71614
0.92897
1.1015
1.7947
0.76208
0.93325
0.69984
0.86696
0.67298
1.183
1.9724
1.1803
1.374
0.66222
0.66834
1.4928
0.66527
0.66834
0.95499
0.83176
0.68707
1.0257
0.72778
1.2942
1.4655
1.0839
1.1194
1.5849
0.86497
2.466
0.67298
0.72778
0.67453
0.71121
0.68865
1.099
0.72111
1.1324
0.91411
0.8356
0.83753
0.85114
1.0139
0.93541
0.87297
0.94842
0.84918
1.5776
1.8155
0.77625
0.73114
0.69663
0.78705
0.94406
0.69663
0.75509
0.79983
0.97949
0.93111
1.0139
2.138
0.6792
0.68865
0.74473
0.72778
0.67608
0.65917
0.66222
0.79433
0.70958
0.64714
0.83368
0.72611
0.68077
0.86896
0.79616
0.75858
0.68391
0.70958
0.79433
1.2218
0.73961
0.67608
0.65163
0.77268
1.3614
1.1641
0.80538
0.69183
2.0559
0.65766
0.69502
0.66527
0.68549
0.65013
0.67764
0.65464
0.70958
0.69663
0.68707
1.0162
1.1092
0.86696
2.9717
1.3092
9.3325
13.032
15.311
15.524
15.417
9.2045
1.2764
0.82414
1.3428
2.9107
9.0573
2.6363
0.91411
0.74817
1.5812
1.0889
0.74989
0.79068
0.78343
1.2912
0.76913
0.72111
0.78343
0.79068
0.74131
0.78705
0.78343
2.3335
0.65464
1.0069
0.7379
0.97949
1.8239
0.94406
1.2445
1.6711
1.4093
1.3836
1.8365
0.64863
0.67453
0.67298
0.66834
0.67764
0.68077
5.8479
1.3152
1.9999
0.7656
0.97499
0.70469
0.66681
0.85704
0.68077
0.69343
0.76208
0.76208
0.78705
0.85114
1.4322
0.88716
0.73621
0.77983
0.77804
0.90573
0.71779
0.72946
1.4093
1.0116
0.67608
0.73621
0.69024
0.65013
0.6792
1.2735
0.64714
0.67298
0.65013
0.68234
0.68391
0.66681
1.5171
0.63973
0.71779
0.9506
1.4421
1.2388
0.85901
1.4488
2.0324
1.6596
0.86896
1.4521
2.2131
1.2246
1.5959
3.6813
3.1261
0.97275
0.71121
0.70307
0.68549
0.66222
2.5003
1.135
0.69663
1.7061
1.5171
1.5668
0.92045
1.194
1.0568
1.5524
1.1324
1.1885
1.7824
1.7338
0.81283
1.1324
1.4488
0.76033
0.68865
0.67608
1.1272
1.9724
0.6792
0.65163
4.1591
1.1169
2.8054
0.65163
0.70307
0.66681
0.78343
0.73961
0.94189
0.7379
1.219
1.3996
0.73282
1.5276
0.68707
0.79799
0.94406
0.69502
0.67608
1.2589
0.7145
0.69343
0.82035
0.70469
0.71285
0.81096
0.74989
0.82985
1.0617
0.71779
0.7145
1.0351
0.69183
0.71121
1.0814
0.78524
2.0417
2.3988
0.69823
2.1184
0.89331
2.4434
0.68549
0.66681
0.79616
1.3614
0.68077
0.78343
0.64417
0.66988
0.67453
0.65313
1.8113
1.1066
1.0765
0.7656
0.71945
0.73451
0.72111
0.71285
0.75509
0.74473
1.2764
0.7656
0.68234
0.95719
0.64269
5.2
13.274
13.428
9.5499
12.246
14.322
12.162
7.7268
0.69343
2.729
1.374
0.85114
0.97051
3.8994
1.8578
0.8147
0.68707
6.0117
0.71285
1.7061
0.67298
6.2373
11.588
2.9854
8.77
9.6383
2.6002
0.77804
0.81096
0.78524
0.78524
4.529
0.69984
10.257
15.959
0.79616
0.68077
0.77983
0.74645
0.79983
1.0233
0.88308
0.85114
1.0046
0.8531
0.65464
0.69502
8.4918
1.5885
2.4946
1.1668
2.958
14.256
15.101
3.1477
1.0328
0.72946
0.73451
0.77268
0.81658
0.76384
0.80353
4.217
13.459
13.646
2.7861
0.71945
1.1858
0.79983
0.99312
0.73961
1.8155
8.2604
1.0839
0.73282
0.72444
0.72111
0.77268
0.75162
0.77446
0.71614
0.72444
1.9724
0.74817
0.72111
0.72778
0.98175
0.68077
0.66374
0.63826
0.8995
1.8113
1.8239
0.68549
0.66681
0.76033
1.5346
0.82794
1.074
1.0765
1.4997
0.67143
0.69823
1.4521
0.64269
0.85114
14.028
15.74
7.4989
1.099
0.76913
1.8578
0.75162
0.75683
1.9953
1.6406
2.3281
7.4473
8.9743
13.183
9.7275
0.76384
0.70795
0.76208
0.75683
0.77625
1.1482
8.995
12.764
12.388
0.8995
0.87096
3.8815
11.858
13.213
0.79616
0.86099
0.77983
11.455
14.322
10
0.93756
0.82604
3.0549
5.2481
9.528
1.0093
0.85507
0.79799
7.8705
1.0568
0.74302
0.7656
0.84918
1.4689
0.64714
3.0409
12.589
15.668
1.256
3.6392
0.83368
0.75858
7.9616
0.65013
0.69823
0.98628
12.677
1.3932
2.2131
7.5162
0.81283
0.74817
8.1283
3.1333
6.4863
4.2756
0.84918
0.72946
0.70632
0.78705
0.71285
0.7709
0.70795
5.8884
7.2444
0.69343
1.6827
1.2912
1.1561
4.2462
12.331
18.03
14.622
11.858
13.804
11.641
1.6904
13.614
12.023
2.2491
0.72946
1.1324
0.72111
0.84333
8.091
0.6792
0.81283
1.0304
0.73961
0.78163
0.75683
0.71779
0.74302
0.73282
0.83368
0.73621
0.68865
0.73621
0.70958
0.78886
0.67143
1.0965
0.74817
0.75162
0.7709
1.1455
3.4514
0.78343
1.5031
0.68391
0.70958
0.66222
0.97051
0.69024
1.094
1.0116
0.78163
0.88308
0.75509
0.73961
0.98628
1.2303
0.64269
0.71121
1.2246
1.3062
2.1928
2.6424
1.2134
2.0606
0.91411
1.0617
1.1885
1.2912
1.4421
1.0447
1.5596
2.2439
1.9231
0.67143
0.67764
10.666
15.453
13.614
1.1995
1.1246
0.98628
0.84918
1.0375
0.7379
0.89331
1.1015
1.5922
0.93972
0.7925
14.355
14.223
12.735
10.186
16.52
12.735
14.421
13.74
0.91622
0.80538
0.71945
0.89331
0.81096
1.2589
0.74131
0.74131
1.5776
1.374
1.7783
1.6788
0.62951
2.541
0.98401
0.81846
0.87498
1.1508
1.5136
12.05
0.97724
11.858
17.1
11.776
0.7709
1.0495
0.75509
1.4757
0.87498
0.77268
0.74645
0.7709
0.7656
14.555
14.158
3.8994
12.417
7.6208
0.88308
0.83176
0.71779
1.0691
1.1588
0.79433
12.274
12.303
0.71779
0.80168
1.0328
11.066
14.488
7.9799
11.272
1.6293
0.8892
0.90991
10.328
9.5719
0.75336
0.6792
0.71945
0.73282
0.75509
0.85704
0.74131
0.80538
0.67298
0.95499
0.97275
0.85114
1.2882
12.823
13.366
10.617
13.092
14.388
16.255
0.82985
4.8306
3.2961
11.749
9.7724
6.368
1.7258
1.0544
2.2646
0.75336
1.7219
7.9433
12.162
12.303
9.9541
0.82794
0.76208
0.78163
0.7656
0.78343
0.68549
0.72111
0.66681
7.9799
10.965
0.66069
0.68707
0.82414
0.75336
0.72778
0.72778
0.71945
0.68077
1.0162
0.68865
0.65163
0.90365
0.68865
0.67608
0.68234
0.65464
0.74817
1.2647
0.73451
5.902
12.972
11.967
10.715
16.032
7.1285
6.4565
1.8239
0.7925
0.76913
1.2677
0.78163
2.4155
3.3806
11.066
14.223
1.1169
13.709
3.0409
12.735
11.402
3.5727
9.1833
0.7656
13.804
11.508
5.5719
0.95499
0.76736
0.75683
0.73961
0.75683
0.72778
0.70146
0.70958
0.73451
2.3121
1.3552
11.429
12.531
0.85114
1.4555
4.4157
12.274
12.162
16.482
11.272
0.97499
1.8793
1.7061
0.73621
0.7379
0.78524
0.75683
0.78343
8.3753
12.023
0.78886
0.77983
0.98401
0.82985
2.7227
7.6033
11.967
0.84723
0.80168
0.8531
0.7656
1.2445
0.74473
0.77268
0.75162
1.3213
7.6736
0.75162
1.2618
1.652
0.90573
0.70958
0.66834
0.74817
0.80538
0.77446
0.79799
0.79068
0.78524
1.1668
0.69502
0.75336
0.75858
0.81096
0.71285
0.86298
0.66527
0.80724
0.68077
0.66681
0.72611
0.73961
0.68391
0.69823
0.71945
0.8091
0.70795
0.93541
0.70146
0.71285
0.69663
0.73451
0.88105
0.78524
0.68077
1.4859
0.93541
2.1878
1.0691
1.5101
1.1535
2.421
1.2359
0.6792
0.86696
0.72444
0.65615
0.75509
0.72111
0.69663
0.77983
0.91622
6.3973
15.74
10.789
11.641
0.86696
0.79616
0.74989
0.72778
0.78524
0.8147
6.0117
12.735
0.74645
1.0328
0.8356
0.79799
12.218
12.677
0.71614
0.77446
0.72946
0.74473
0.81283
0.79983
1.122
1.3092
0.7379
9.7275
13.964
10.593
15.524
1.3932
13.868
9.2257
10
12.764
15.311
10.99
0.7709
1.4158
0.8414
0.77804
0.80353
0.70958
0.75336
0.85114
0.71121
0.68707
0.74302
0.72778
4.2855
1.6293
1.3243
1.6255
1.6218
1.2106
2.3067
0.64863
0.67608
0.69024
8.6497
3.0903
1.0789
1.1749
3.2961
4.9204
0.65013
0.67608
0.67298
0.68549
0.72778
0.69183
0.68077
7.9068
14.757
11.803
11.885
11.803
10.495
1.5488
0.73621
11.429
0.88105
1.5996
1.39
12.274
0.79068
0.84918
0.76384
0.73621
1.028
2.4378
0.89125
0.97275
0.72778
0.70958
0.75509
0.71121
0.72277
0.70958
0.73961
0.72611
0.74473
0.74473
0.68391
0.80724
1.2417
1.4421
0.8995
0.73114
0.77625
0.85704
1.4655
1.7742
1.4355
0.89743
1.2388
1.3032
1.2618
1.3002
2.0941
1.0471
1.7947
1.3002
1.0715
1.2677
1.3092
1.3092
1.1066
1.0544
1.1749
1.0617
1.2106
1.9055
0.93325
1.0023
1.7022
0.69024
0.65464
0.66681
0.76913
1.1749
3.9628
3.6898
1.028
0.78886
0.97724
0.90782
0.73961
0.92045
1.1455
0.67143
0.77804
0.72277
1.1695
0.70795
0.73961
0.67608
0.72946
1.3804
2.208
0.65917
0.64863
0.89125
1.2794
1.7258
1.9543
1.374
2.9717
1.3583
1.2218
0.69502
0.67298
0.70958
0.68391
1.0593
1.5668
0.64714
0.68077
0.82604
0.70307
2.6002
4.2267
0.79068
0.7656
0.70146
0.7656
0.70307
0.75683
0.78343
1.0186
0.75336
0.72611
0.72611
0.70958
1.4928
2.0989
0.66834
0.91201
0.66988
0.65766
1.4723
0.66988
0.66222
0.65615
1.0839
4.1305
1.6788
2.0654
2.4044
1.3152
0.91411
1.1858
1.4825
3.4041
1.2246
0.69663
0.66988
0.68234
0.65464
0.65464
1.2474
0.65163
0.65313
0.68391
0.66527
0.83368
0.66222
0.68549
0.70146
4.8641
1.1588
1.3646
0.65615
0.63826
3.5892
10.351
1.3459
0.71945
0.7709
1.9364
0.64417
0.66988
0.68234
0.69343
0.66834
0.66834
0.68865
0.71779
0.66374
0.66222
0.68077
0.72277
0.94189
0.877
0.72946
0.77446
0.69343
0.74131
0.71121
1.3772
2.0989
1.8967
0.65313
1.2417
1.2764
0.97724
0.67298
0.68707
0.73451
0.68865
0.69024
0.67453
0.66834
0.77804
0.69343
0.66069
0.6792
0.66834
0.69984
0.69183
1.1324
0.76208
0.72277
1.1092
0.74302
1.1455
0.72946
0.89331
1.406
1.5922
1.3646
1.977
0.96605
1.9409
1.3274
0.74645
1.2474
1.0139
2.0559
0.66374
0.69024
0.68234
0.66222
0.68077
1.2106
0.66527
0.68707
0.66988
0.63826
0.67143
1.0375
0.76736
0.69183
0.65013
0.65313
0.71945
0.76384
0.77446
0.70469
0.70632
0.70795
0.65163
0.66834
0.68077
0.65615
0.67143
0.69823
1.2589
0.63241
0.67608
0.65615
2.1528
0.65615
0.65615
0.69183
0.64121
0.66069
0.69823
12.531
11.015
14.158
13.428
14.06
1.3183
0.90157
0.75162
12.246
11.143
8.5507
0.72277
0.87096
0.76384
1.1066
0.73961
0.74645
0.74645
12.331
11.535
4.9091
14.997
0.97724
14.355
10.74
10.839
12.445
14.825
12.218
14.028
0.78886
0.78343
1.9953
5.9156
13.002
14.757
14.723
3.6644
4.4566
0.78343
0.8414
0.79433
0.79983
0.79799
1.9099
2.037
13.152
13.428
13.583
7.9983
12.882
12.56
9.1833
6.2806
0.87096
4.5394
11.94
14.488
1.5171
0.71945
0.75336
0.77446
0.7145
0.79799
13.032
13.996
14.825
2.9717
1.406
0.76033
0.93756
0.71779
0.8147
1.8836
13.305
9.5499
11.015
12.246
0.81658
3.7068
13.552
0.82604
0.78343
0.74302
0.7709
0.72444
0.76913
0.78886
0.70469
0.75509
0.74989
0.71945
10.74
13.122
13.305
0.7925
2.3659
1.2274
12.303
14.488
11.376
6.6527
4.8084
1.5453
0.87498
0.76384
0.7709
0.67764
11.885
14.622
6.223
8.4528
14.421
12.303
1.9543
1.1561
1.6827
0.82224
0.71779
0.73451
0.69823
0.72277
0.70469
0.69502
0.74131
2.8907
0.69343
6.0256
1.0666
1.8493
0.91201
0.91411
0.91833
0.89536
1.2331
2.1184
0.87498
1.7947
1.4421
1.4488
2.2961
0.99083
1.9364
0.78343
0.71121
0.74989
1.6749
2.884
4.1976
0.87297
2.7542
3.6644
3.5645
1.0328
0.7379
1.3932
1.1194
0.68707
3.9355
0.7709
0.70146
1.7298
2.4547
5.7412
1.0495
1.6982
2.1878
0.97724
1.6596
4.6989
10.399
16.788
13.932
10.814
0.7656
1.0471
0.9506
0.84723
0.88512
0.79799
0.78343
0.71945
0.79983
0.70469
2.6002
0.82604
15.171
12.388
0.78524
0.82794
6.4565
9.7499
0.74989
10.233
16.406
10
0.8414
3.5975
0.76384
10.093
8.2985
0.76033
0.76384
4.9091
1.3996
1.7824
1.1858
15.241
12.647
12.218
0.81658
3.6813
0.93111
1.0023
6.5013
1.1695
1.1967
2.8576
13.092
13.274
1.6106
5.236
0.84528
5.1761
0.85114
0.73961
13.932
1.9454
14.454
14.322
11.508
1.2303
1.3183
0.83368
0.8356
0.84528
0.75858
0.82224
1.1967
10.116
1.0447
1.4421
2.2387
12.503
13.428
11.066
11.83
14.06
2.3659
1.2618
1.6144
12.023
11.967
4.9317
0.83368
1.9498
0.97724
8.9331
11.041
0.79433
0.87902
0.75336
8.4528
10.209
0.76913
0.78163
0.70469
0.70307
0.70307
0.73621
0.71285
0.7925
0.70958
0.69183
0.7379
0.72778
0.75162
0.68234
0.69823
0.64565
1.1143
1.1912
0.79799
0.8995
0.7145
0.72611
0.69663
0.68549
1.5136
0.99312
1.8323
3.0974
13.583
12.882
2.0701
7.145
10.544
11.092
11.272
12.05
0.75509
0.84723
0.76208
0.75162
0.78524
4.0365
0.82604
0.83946
0.75162
1.1995
2.2751
14.723
13.49
12.218
13.459
0.97724
0.73961
0.8147
0.82414
0.77804
0.74473
2.9242
5.8345
1.7865
3.7068
0.68549
11.722
0.77268
6.6222
2.8973
13.646
15.524
16.52
8.3368
0.84528
2.8907
0.7709
6.8707
0.72444
0.90573
0.79068
0.72111
0.76208
12.359
12.882
0.84333
8.8308
1.803
0.78886
2.2491
5.236
3.6728
13.062
7.8886
0.79799
0.73282
10.351
10.495
2.0701
0.79983
0.82414
2.0417
4.9659
1.7338
1.2274
3.1117
3.2509
1.2794
1.3868
4.0458
0.68865
13.677
16.52
10.94
0.88716
7.6384
0.94842
1.0593
1.1429
2.9242
0.82224
7.2946
15.205
7.9799
1.4388
3.1261
0.94624
8.8512
0.67764
11.803
15.311
14.488
12.303
0.73114
0.82224
0.76736
0.76913
0.83368
0.75509
1.7539
14.388
0.86696
0.93972
11.668
7.6033
12.972
2.5704
0.78886
0.81658
0.77625
0.99312
1.1092
12.445
13.868
10.914
0.67453
1.1117
1
1.0765
1.0399
1.2794
1.9231
1.1776
1.1455
1.1117
2.1528
1.7498
1.205
1.1482
1.3243
1.2531
1.1858
0.79068
1.4962
0.86099
1.0965
3.8194
1.0375
3.02
2.5586
13.428
14.256
1.3772
0.91833
0.84528
0.69984
0.85507
0.80353
0.77446
1.2794
0.69024
15.136
13.49
3.342
0.75336
0.78163
0.81283
0.7379
0.8892
1.3521
15.101
2.9444
13.062
13.9
3.3113
8.4528
0.7379
0.99083
0.83368
2.7102
0.79983
0.8147
1.4355
15.382
9.0991
4.0926
0.72778
0.76033
0.79433
1.3459
0.79799
0.74131
7.4817
6.0117
0.8531
0.74473
1.8578
0.86497
0.77268
0.72946
0.8147
0.71285
0.82224
1.2246
0.75683
0.69984
0.69502
1.2912
0.80353
0.74645
0.7656
0.89125
2.5942
1.4521
1.2531
0.90573
0.75162
2.9309
14.723
13.804
13.062
0.70795
2.1184
12.823
9.9541
0.99083
11.588
10.52
3.3806
7.4989
0.81283
1.3366
0.73114
0.68077
0.72611
1.256
0.72111
0.83946
0.68234
0.71121
0.77268
0.96828
1.1117
10.423
11.041
0.83176
1.0351
0.87902
0.83946
6.2806
0.72277
1.0233
1.9815
1.4723
1.8967
2.1777
2.7353
3.581
9.6161
12.134
14.158
16.672
10.691
1.5346
0.82794
0.88512
11.803
15.136
11.94
1.4223
1.0023
13.677
3.2584
0.88308
1.5596
0.74131
0.8147
0.77625
0.75683
0.73961
0.74302
12.647
1.4454
13.74
5.3211
10.447
3.1989
6.3241
14.388
0.82985
12.677
0.82035
1.8621
10.765
0.96383
7.6736
11.402
12.162
9.7275
13.868
0.73282
3.0549
12.359
15.959
16.558
2.5586
10.74
0.88512
1.1298
5.4954
15.136
13.868
5.0582
7.5336
11.668
15.668
13.804
0.87096
1.3932
2.8314
0.88308
0.75162
0.81658
2.0941
2.9785
5.728
4.256
1.9679
1.7783
4.0087
1.5136
6.4417
15.101
0.74817
13.74
16.406
3.155
2.7102
16.634
13.335
0.75858
1.1885
1.8664
0.78886
15.311
14.791
0.7709
6.0395
6.9343
17.1
4.9317
0.84528
0.81096
9.3111
12.589
9.8401
0.78886
0.87498
0.80353
0.82224
0.72277
5.1761
16.482
14.355
5.236
0.83176
0.81096
0.77983
0.71121
0.72778
0.79616
0.71285
0.73282
0.75336
13.183
17.579
1.8923
11.169
12.647
12.445
1.1967
0.71779
0.76033
0.74473
1.1967
0.74645
0.69502
0.78343
0.73961
0.69343
0.69823
13.74
3.1046
2.1777
6.1802
17.66
14.689
14.859
14.757
14.859
11.668
19.231
13.122
11.94
13.183
13.583
1.6558
6.3387
1.6788
0.7925
0.71614
0.71614
0.74302
0.8147
0.77268
1.6634
1.1535
0.75858
3.8815
13.002
12.618
11.298
7.1121
13.74
11.668
15.171
12.706
16.255
16.144
12.972
0.96383
0.93972
9.9083
13.213
15.171
19.275
13.836
8.8105
17.219
9.9083
1.2531
12.246
10.209
6.1802
0.74473
0.82224
13.062
0.79068
6.5013
15.596
13.062
14.191
10.617
0.72946
0.75683
1.2303
0.72611
0.76208
0.78343
0.97051
1.0814
12.388
14.388
3.3113
13.996
11.858
12.388
0.74989
1
12.023
14.454
8.0724
0.73621
0.86696
0.81283
0.77268
0.80353
11.885
15.596
9.5719
15.066
10.52
17.539
14.757
15.524
12.794
14.158
13.583
14.689
2.9512
12.764
15.56
14.125
2.466
7.9616
4.6452
1.8113
2.1038
0.97499
1.5812
1.39
0.66069
1.6711
1.4588
1.4689
1.3152
3.1842
1.8323
1.2531
6.9823
2.1429
1.3335
11.015
4.5499
2.2284
2.0464
1.3836
3.4674
15.066
17.418
16.866
13.49
16.144
15.812
14.655
14.689
13.152
0.81096
0.82224
0.877
16.293
14.622
3.4041
13.804
1.5382
0.80538
0.82035
0.82985
0.77625
0.83176
10.162
2.4547
3.4754
2.0324
13.709
5.0816
14.928
14.997
3.7068
10.423
18.365
17.62
15.276
0.80724
0.84333
3.7584
7.9799
14.125
0.81283
1.0209
0.74645
9.0365
6.4714
5.1642
2.1528
0.86497
0.73961
1.5382
11.561
1.7338
15.812
14.723
0.99541
0.8147
7.0146
15.346
17.1
15.56
4.1305
6.5313
0.72111
0.80168
4.6666
1.5849
1.1749
1.205
1.8281
13.366
15.704
15.524
16.827
14.962
14.289
3.4834
0.87498
14.322
14.125
0.90573
1.8281
0.89125
0.79433
8.6497
15.346
10.568
1.3868
1.0093
0.75336
0.96828
0.79433
19.498
14.723
17.061
15.031
16.032
16.634
19.815
17.783
15.276
17.219
11.668
6.9663
2.1827
11.561
16.866
16.943
14.928
15.959
20.893
16.181
15.311
15.812
13.9
14.655
11.912
6.8865
12.882
