3.5075
5.3951
1.7458
31.261
12.417
10.544
1.2823
1.4588
1.3183
2.6853
1.5346
1.2303
1.0544
0.82985
1.1117
0.90157
1.6634
1.845
1.6293
1.0765
1.1995
1.0691
1.6406
3.7497
1.135
16.255
10.093
5.6754
1.5996
1.0839
0.86696
1.4223
1.1858
1.4388
1.6866
7.3961
15.812
10.304
1.7783
1.5417
1.8113
0.97499
1.2677
1.8323
1.6672
3.3037
3.4119
5.1286
1.0765
1.1066
0.76736
0.88716
0.81846
0.88512
0.88105
0.8414
0.82414
0.89536
0.86099
0.97499
0.94189
1.9861
2.6546
1.1641
0.90782
1.0914
1.5959
2.3823
0.76208
0.79068
0.75162
0.81283
0.82224
1.3646
2.466
1.7498
1.2735
1.4894
1.2972
1.8493
1.1695
1.803
1.4655
1.0889
0.83176
0.96161
0.93111
0.93325
1.0617
1.074
1.2359
1.1695
0.8995
0.99312
2.5351
1.6444
1.3709
1.1194
0.91622
0.93325
1.4028
1.3092
1.0233
1.1246
5.0003
6.4417
6.368
3.9719
1.6444
2.9107
2.6853
1.766
0.9977
1.4322
1.205
1.3932
2.8445
9.1833
3.3963
0.91411
0.81283
2.2233
4.3451
1.1324
0.93756
5.7677
8.3946
1.3932
0.74989
0.70469
0.75509
0.89331
0.75509
0.7379
0.73114
1.2417
1.0839
0.73621
0.93756
1.0069
0.87297
0.90157
1.875
4.6989
1.3552
0.7709
1.6904
0.96828
0.81846
1.5453
1.1776
1.6827
0.91201
9.5499
6.3241
0.8147
1.094
1.4355
0.94189
2.1677
3.6475
13.836
7.6913
7.656
1.1508
1.6904
3.013
9.3756
1.803
1.875
9.3972
1.4488
11.614
11.885
14.289
7.8163
1.766
1.8072
1.3213
14.521
5.0003
0.82035
2.9376
1.1508
2.6303
0.77625
1.5417
1.9099
1.0814
1.219
11.561
5.3211
0.74473
0.75162
0.76736
0.78343
0.73621
0.75162
0.79616
0.97051
0.99083
0.85704
0.85704
2.2233
1.652
14.454
15.812
15.488
10.641
5.0816
2.9648
4.1115
6.0117
4.7206
6.4417
2.0045
6.6222
11.482
16.331
0.87498
0.80724
0.76033
0.82604
0.99083
0.74302
0.74473
0.75683
0.877
0.70146
4.6989
1.3274
1.5136
1.6406
1.5311
1.888
1.7824
1.5453
2.3768
2.3281
1.8408
18.923
19.187
16.749
12.331
6.2806
1.4158
12.503
17.539
3.1333
3.1405
0.9528
1.3709
2.4717
0.98175
0.92257
6.3241
10.544
12.474
9.5719
2.4946
1.1376
0.99083
1.1668
0.86298
1.0568
7.4645
1.6558
1.574
8.9743
10.023
6.7608
1.8408
0.82414
0.85114
0.78705
0.76736
0.86696
1.3366
3.069
3.1261
1.7498
0.84333
1.7338
1.39
0.92045
11.995
11.376
3.7844
2.3067
13.122
12.078
11.402
2.8379
4.9888
6.7298
9.6383
3.0479
1.2162
2.1979
1.5346
10.914
1.406
6.0117
0.70795
0.72444
2.0749
0.92683
0.81846
0.73621
0.77804
0.75336
0.78163
0.83176
1.0233
1.0116
3.3189
2.5235
5.3088
14.454
2.6182
2.1038
0.9977
5.8345
12.162
13.397
6.9183
1.7989
4.4055
0.96161
1.5101
0.93541
0.97949
1.4825
1.0544
1.1561
1.4997
13.646
3.2961
0.76033
0.92045
0.82604
1.3804
0.84918
0.83176
0.73621
0.79799
0.81658
0.78886
0.8147
0.77446
0.78886
0.74473
0.80538
0.72946
2.1928
1.0789
1.5596
3.8815
2.8445
1.0889
1.0304
1.1324
1.256
1.1402
1.6255
14.488
17.258
12.853
7.2946
15.382
9.2683
1.5524
8.6099
1.875
4.2756
4.8084
1.9861
2.2439
2.8642
3.9994
1.5311
1.256
5.8884
17.906
18.03
9.0157
3.1477
0.82604
2.3067
1.0666
7.9799
5.2723
1.0965
1.0617
6.9183
1.0789
1.2388
1.6406
1.9543
1.1376
1.8923
1.2677
1.5417
1.8323
1.1749
1.5812
6.8865
16.144
11.94
11.324
14.997
1.2445
20.749
19.143
8.2414
1.0965
0.81658
0.81096
0.75683
3.8815
1.8707
1.0162
1.0162
0.8995
0.95499
0.77983
1.4825
0.92683
0.97051
0.93111
2.4155
11.402
1.3274
0.75858
1.5417
1.1143
0.98401
1.4894
1.2274
1.1668
1.932
3.069
2.5351
8.9536
7.4473
1.2078
1.219
1.099
1.0593
0.84528
0.95499
1.2503
0.96383
1.6444
1.2078
0.98855
0.9528
1.0864
1.3397
1.3032
1.1695
1.1117
3.4914
1.2972
0.86298
0.75858
1.1803
1.6106
1.5812
0.96605
1.1041
1.0839
0.89743
5.2602
16.069
2.6002
2.1528
1.9187
3.1915
1.5631
2.4547
1.845
1.099
4.9431
0.82035
1.0965
1.0471
1.0568
0.77625
1.0593
7.7983
4.7973
1.5488
17.418
17.906
5.2723
0.97724
1.8072
1.7824
1.3002
1.845
8.7297
11.169
3.4356
2.023
1.4588
1.1885
4.7643
11.066
5.3827
2.2961
6.9343
2.0606
1.3709
2.1429
2.1528
1.406
1.1641
1.6331
11.912
15.311
15.382
7.656
3.0061
8.0538
3.5156
7.6208
12.078
19.409
10.471
5.9566
2.9717
4.9888
0.8892
2.2961
1.4223
1.4125
14.655
12.794
5.0466
11.246
1.6482
1.2331
1.0544
10.568
12.618
3.4594
4.5082
2.1232
2.6424
2.1429
1.6444
0.94406
1.1749
1.9498
1.0471
1.194
2.1928
3.1477
7.4817
8.2794
11.641
16.558
1.4454
2.5177
1.2303
2.1827
4.8753
3.0479
2.8907
1.9231
1.6982
16.672
18.365
18.621
4.0458
6.3096
1.5885
1.5488
2.4322
1.8365
1.1776
1.1535
1.0186
1.135
0.85507
2.2439
1.1749
2.4378
0.76384
0.80353
1.2972
1.3868
1.2794
2.5468
1.0069
5.5976
1.6558
0.92045
1.5241
1.7989
2.2699
1
3.4674
1.1324
2.4266
1.4825
5.1761
6.7764
15.241
11.561
6.4714
15.382
3.3574
6.3826
9.9083
9.9541
1.2388
1.7258
2.1429
0.9977
1.6904
2.3014
6.2517
1.6106
1.7742
1.3092
1.4655
12.19
19.409
8.1096
1.9588
0.8892
1.1376
1.3964
1.5453
1.3964
1.1455
1.4655
1.3964
1.1041
0.93325
1.2303
1.1402
1.8707
1.4093
1.4962
1.4521
0.9977
0.91833
0.94842
0.91833
4.0365
2.2594
1.6293
1.3996
6.5917
1.0864
2.8249
0.86696
0.93325
1.2417
0.8892
1.0914
0.7709
0.86099
1.7219
1.4256
0.9594
1.0691
0.9977
1.5885
1.1995
1.9498
1.3583
1.0889
1.2134
1.7378
4.9888
2.3988
0.8531
0.74645
2.2233
0.86696
0.80538
0.91833
0.92257
0.76033
0.8091
0.70958
1.6904
1.0069
0.8531
0.79799
0.82414
0.81658
1.762
2.0654
1.1885
1.2246
1.1508
1.4689
1.5704
1.2735
1.2303
9.4842
12.735
1.3614
2.6242
4.7534
1.1749
0.80724
0.93325
1.7061
14.962
3.3113
6.9663
13.062
4.4566
2.355
4.9545
1.4997
1.0495
9.1622
3.8905
3.7931
0.99541
1.2218
1.4028
1.2764
1.0765
4.2267
1.2677
7.2111
13.49
1.3397
2.8119
1.8408
1.0666
4.8865
1.1776
1.0914
1.0568
3.2063
1.2647
1.1858
3.4594
0.90157
0.83368
0.84723
1.4928
8.0724
15.136
10.641
11.117
6.2806
1.9679
11.482
2.5823
9.2257
11.912
1.5668
1.4723
15.631
16.904
18.03
3.9994
1.8408
0.91622
1.2647
0.8356
0.77446
0.73961
0.85507
1.2735
1.1143
2.1429
1.3804
1.4191
0.79616
1.803
1.5101
1.9861
2.3014
1.9861
4.5604
4.8978
1.8155
3.7154
11.535
9.5499
1.2218
1.8493
1.3428
2.138
5.0582
7.8705
18.967
21.184
15.136
5.7544
3.2063
3.8194
3.9628
1.0069
0.9506
0.83368
0.9594
1.1614
0.83946
1.9588
0.78163
0.80168
0.8531
0.77983
0.86497
1.1508
2.0137
1.1066
1.7298
0.82224
1.0257
1.8281
0.85704
1.3122
1.4757
1.1041
1.3274
1.1535
1.2246
2.2856
5.7016
1.7947
2.133
5.3088
19.409
11.117
3.2359
12.05
1.1722
2.6062
0.76384
1.7418
1.6032
2.9174
1.5596
16.827
6.2373
2.2646
1.7701
1.0864
1.3274
0.73114
0.78886
0.76384
0.76033
0.75509
0.81658
0.93972
0.8892
1.4859
1.1194
0.76736
1.1641
2.0606
1.6218
1.1324
1.094
3.6898
4.2364
11.749
10.257
1.1695
0.79983
2.0091
7.7625
1.7701
0.87297
2.0941
1.6181
1.7824
0.90573
1.6069
1.1041
1.5885
1.0351
1.0046
1.2882
1.3062
0.87096
0.77446
1.1169
0.99312
0.78343
1.0568
1.3677
1.8072
1.0593
1.39
1.1722
1.2106
1.6634
2.5235
1.3964
1.4454
1.0765
1.6982
1.4689
1.2735
0.79616
0.74473
1.5066
1.0046
0.94189
1.7061
2.2491
1.0162
0.90157
1.3932
3.9355
8.7297
9.1201
1.1402
1.6634
1.1967
1.9498
1.1482
6.3826
1.8072
3.3806
2.421
3.8548
0.96828
0.88308
2.2336
2.5704
1.8793
1.3932
1.5776
1.3002
1.0257
0.88308
1.4997
1.5704
1.4825
1.7378
0.85901
1.1858
1.1995
1.0617
0.8356
0.73621
0.97275
2.2856
3.1915
1.3428
0.96605
0.7925
0.66069
0.78524
1.4588
1.7378
2.6792
1.374
1.3614
1.4388
4.6666
2.2284
3.9994
1.2078
2.2961
1.1117
9.9541
4.4157
1.2677
3.8019
5.7943
9.0365
15.922
13.274
12.474
7.3961
1.094
6.2806
2.4774
3.7068
1.8197
4.7424
1.7906
3.0903
2.5351
3.1989
1.3305
6.4417
4.7206
1.1246
1.2417
1.7022
2.1928
2.7102
2.5823
1.4256
0.90157
0.84918
0.83176
0.89743
2.5061
1.4791
0.75336
0.84528
4.2364
10.544
8.414
2.1528
2.3605
5.781
1.6482
5.728
1.0544
1.4962
1.2503
2.1086
2.4155
1.2589
1.3274
0.88512
6.2373
2.4044
1.4028
2.1577
9.7051
4.8865
2.2439
6.5917
2.7861
4.9204
1.0839
1.4028
1.5031
1.7783
1.6904
1.2706
2.4946
1.556
2.673
1.3274
0.91411
0.82224
1.1376
0.88308
0.83946
2.0277
1.4093
2.6062
1.5922
2.0184
1.5996
1.3677
4.6132
9.0782
4.3152
1.2162
1.0375
3.7497
3.0269
7.4817
1.6331
1.4388
3.4754
3.0832
1.4454
2.0893
2.7733
3.3497
1.3152
2.704
1.4256
1.3092
5.3088
2.0045
5.8345
1.9679
5.7677
5.3211
3.9446
1.3836
2.3768
1.6596
1.5382
6.7143
2.2803
1.2853
1.5031
10.069
3.8459
5.9841
9.5719
1.8408
1.1298
4.4875
1.8239
2.2131
1.6634
5.5719
2.3281
1.8408
1.7989
5.2481
1.4158
2.0137
1.2589
1.9543
5.2845
2.3121
6.0534
4.2658
1.8493
1.6144
2.8642
1.099
1.1455
0.90991
1.6749
3.0339
2.4044
6.2087
1.1695
3.4995
14.928
14.223
1.5066
1.2246
7.4817
1.4421
2.8314
14.093
1.406
0.92045
1.3274
1.7022
1.9543
1.4388
2.7479
9.0365
13.772
1.8535
1.3614
1.3646
1.3092
1.2647
1.1455
0.98401
5.358
10.814
3.9628
12.106
7.4473
8.995
5.42
1.5996
3.8371
15.996
20.324
2.2594
7.7268
3.1117
1.3428
5.0119
6.6834
1.5596
1.3274
1.1588
1.6406
3.155
1.406
1.8239
6.8549
2.2182
1.6788
3.5975
3.013
1.2853
1.5453
1.0914
3.1696
4.2364
1.205
2.1928
5.7677
6.5163
1.3868
1.3002
1.932
5.1404
1.0715
4.1115
1.3397
2.2491
1.0691
1.2078
2.3174
1.8707
1.1885
1.39
2.2439
2.2542
3.9537
1.4859
2.6242
8.6298
11.508
9.2257
2.1038
0.8356
0.90782
1.0233
1.0328
1.1066
3.0409
1.1967
1.2078
1.4191
4.256
3.4435
2.9717
7.7625
3.6728
4.3251
0.80724
0.89125
1.0544
1.4825
1.0914
1.1143
1.3152
5.5719
1.1117
1.3583
2.4604
4.9545
1.3335
1.8239
1.2706
2.3227
3.5156
4.1783
2.5704
5.1523
1.8493
0.85704
0.8531
0.76384
0.74645
1.9953
5.1404
7.5509
1.714
1.766
1.0914
4.7206
1.6558
2.9309
3.1769
5.9429
1.8621
1.2882
1.1668
1.4289
1.5382
1.6106
1.7824
1.652
3.4514
1.3213
9.2683
3.5975
1.4093
1.0789
1.9364
1.8281
3.2359
1.5205
1.8923
2.0606
5.9429
5.0933
3.6983
3.2961
0.96161
0.80724
1.3614
0.94189
7.5162
3.8905
1.0046
1.374
1.3996
1.3062
1.8239
1.2706
3.013
2.851
3.8548
3.5563
1.9187
3.9084
3.4041
1.556
1.3243
5.3456
0.87902
2.7797
4.7643
0.75162
1.2246
1.0116
0.75509
1.1429
0.77268
0.8995
1.2647
3.9174
1.052
1.2942
1.7701
1.4093
2.9923
1.6788
1.2764
1.9099
3.7239
1.1376
1.1041
1.1066
1.2218
1.5885
1.7022
4.7863
10.399
7.0632
8.3176
4.1687
1.135
2.1878
1.4388
1.1324
1.5031
6.8234
1.3002
1.2023
2.7861
5.3088
5.9979
1.9231
6.4863
2.0184
3.54
1.5812
4.4978
1.8239
1.3092
1.5885
12.106
13.804
5.5208
1.8072
1.932
1.5417
1.7258
1.3932
4.0087
1.5031
8.6497
22.387
21.184
7.6913
4.6559
1.5922
5.035
7.6736
7.6913
3.342
2.9376
7.9983
8.2985
12.706
13.397
11.995
10.093
2.1086
1.0789
0.91833
1.0162
1.1482
0.8091
1.1041
7.4817
9.9083
1.2417
1.3459
2.1777
2.3174
1.2942
3.062
2.4547
1.8967
2.6915
1.4521
2.1184
2.0512
1.2134
2.4604
1.932
1.2942
2.133
1.4894
1.2331
4.0644
1.9409
1.3521
3.1915
4.3251
5.781
1.8408
3.8637
16.368
5.781
4.3954
3.3884
1.3646
2.7416
2.5351
1.2882
5.8076
8.3368
9.7724
1.2531
1.9099
1.1298
1.4622
0.97275
5.0119
5.8479
6.0256
1.5959
1.8493
1.5453
4.6559
1.0162
0.98855
2.0512
4.3351
8.2035
1.5205
2.0701
1.5101
1.1668
1.0304
0.87297
2.2387
1.1455
1.5453
1.2853
0.85114
0.73114
0.97051
0.97724
0.75683
1.1561
1.4757
1.5849
1.4555
1.1614
1.0715
1.028
0.88512
1.7179
1.4655
1.71
2.4266
1.9815
1.9231
1.5812
1.7498
1.4723
1.5171
1.5704
1.5311
3.3729
2.1777
1.39
1.0839
2.1577
7.9799
4.14
5.3088
3.8637
2.2336
4.5394
2.1577
1.2218
1.1482
1.3836
3.0409
1.349
8.6298
1.1092
1.6943
0.77446
1.406
0.97499
1.7742
1.7022
6.3826
1.4859
1.4689
3.0409
1.4655
2.2029
5.035
1.2474
5.1286
14.158
9.4624
11.995
7.925
16.444
11.482
11.749
1.9907
1.2218
2.2646
1.6331
1.2388
7.656
4.4875
4.217
1.135
3.4198
13.804
1.5276
1.5171
5.0933
3.4198
2.1135
1.3122
1.8621
1.8621
7.4302
2.2646
5.0119
0.86298
2.729
2.904
2.2909
2.1038
6.1235
1.9634
1.5276
0.86696
1.1967
3.9537
6.2087
2.8184
9.2683
13.836
18.88
10.544
3.6475
4.0832
1.3032
1.0839
2.5003
1.2474
1.0162
6.0256
3.02
1.5524
1.4997
2.0893
1.5241
1.9454
1.7298
2.2751
2.5586
1.3032
10.023
1.6331
2.9717
1.6982
5.0119
5.7943
3.767
1.0233
4.1879
0.83753
1.2274
1.0666
0.95719
1.122
2.8249
3.2961
2.0277
1.6406
2.7542
2.7669
2.355
2.8379
1.556
4.6774
5.781
1.0814
1.3772
1.0691
2.5882
2.4155
5.7412
2.1577
1.2706
2.6485
0.9977
5.2119
6.1094
2.1184
1.205
5.7148
1.4555
1.0328
0.9977
0.88308
1.1641
0.89743
1.0186
0.82035
2.884
2.0464
1.5346
4.2267
16.293
15.276
20.512
19.364
9.6383
14.388
5.6364
3.8994
5.7016
2.0184
11.995
19.32
12.474
6.1376
3.5975
6.0954
5.4075
3.0061
6.6374
11.429
8.3368
5.1523
9.3111
11.967
11.695
1.1272
1.1995
2.6122
1.7539
1.1776
1.6904
2.4717
4.8641
7.8886
5.559
2.0512
5.8614
8.2224
3.2885
6.8234
10.94
6.4565
4.1976
1.5959
1.8621
16.032
11.482
1.4555
1.1995
0.88716
2.673
2.6546
4.5814
7.1945
2.729
3.3343
4.5082
2.8249
9.3325
1.4622
4.5814
6.0954
17.338
9.4624
2.9242
3.0761
1.406
0.82414
1.1455
3.3806
2.3933
1.1508
1.1641
1.0304
1.1272
2.7416
2.5704
1.5524
0.90365
1.0617
1.8967
1.6982
1.8072
0.97499
1.1246
4.8417
3.9355
9.6383
15.524
1.7579
3.1189
0.87297
1.3274
1.2706
1.714
1.2735
1.5241
1.4488
1.3366
4.1687
9.506
4.4668
0.72111
0.87902
0.82794
0.75858
0.74473
0.86497
0.72444
0.84528
0.79068
2.421
1.7022
3.02
2.0324
4.0458
2.884
8.356
12.474
1.2882
4.9774
1.9634
3.6728
3.155
1.3996
0.98175
7.6736
3.8371
2.0559
1.845
9.0782
10.617
20.137
14.825
3.5563
2.8249
1.9055
2.6546
1.8836
2.6062
2.5645
3.4995
4.4157
2.9107
1.8365
2.7164
2.1827
3.8107
3.2734
1.7824
7.3114
7.8705
4.2855
3.2211
3.0061
1.5849
1.0046
2.0324
0.97949
4.3152
2.3335
2.0654
3.2063
3.9811
3.2659
2.7733
1.932
4.3251
2.0559
1.5241
2.2856
1.6069
1.7989
1.6596
4.0272
2.8054
4.8529
1.0544
1.0069
4.9317
6.9024
5.1168
0.87498
0.9506
2.2182
1.3062
3.4356
2.4717
0.96383
6.1376
1.6866
1.0839
1.8239
1.7378
1.4093
1.4521
1.6866
1.9815
1.2589
1.6596
1.2942
3.342
0.79068
0.82035
0.89125
0.74131
0.66834
0.68549
2.4604
1.9953
2.0845
2.4434
1.845
1.4894
1.3964
1.5453
2.6792
1.2706
3.2137
7.9068
2.1429
1.2474
0.83753
0.82794
0.73114
0.71614
0.80353
0.7925
0.86696
0.7379
0.77804
0.79068
0.79616
0.70958
0.74989
1.5417
2.0137
1.099
1.5453
1.652
2.6062
1.094
2.4434
2.0464
2.4266
5.781
3.0903
1.4622
0.74989
12.388
10.789
1.135
1.1402
1.0544
1.3152
1.8621
1.4757
2.2646
1.256
2.799
1.7989
1.4825
2.4434
3.8194
3.3189
1.6181
1.194
1.9815
3.1842
1.1588
2.0184
2.0654
1.3183
2.421
1.2303
0.97275
0.8356
1.5171
1.1967
12.882
2.7797
4.1115
1.2972
2.3121
5.7943
1.6368
2.3067
0.73621
0.71779
0.75683
0.70307
0.76033
0.75509
0.70307
0.80724
2.7102
1.3552
1.2023
1.1588
1.3521
1.8578
1.2972
1.0351
3.7411
2.2131
0.81846
0.85507
0.877
0.74473
0.78524
1.7378
1.3836
3.1623
1.7824
0.98401
1.3274
2.5704
1.3646
0.84528
1.7865
0.88105
1.4454
3.3963
8.3368
0.86896
1.219
1.1535
4.4157
1.3062
1.3305
2.6122
1.9454
1.2618
0.9247
0.91201
1.1668
1.3836
1.0399
5.2119
5.8749
1.219
0.93325
0.83176
1.1117
0.77983
1.0162
1.4521
1.4093
1.094
1.1912
1.205
1.1641
1.1641
1.1668
1.4757
1.0568
1.6788
1.2388
1.0593
1.1722
1.2794
1.1858
3.3884
1.135
1.4158
1.1429
1.5136
1.7824
3.6141
1.0593
1.6866
3.1989
3.0549
2.1677
2.3174
2.1429
2.5823
1.9143
2.2284
2.6062
3.3266
1.3646
1.762
2.133
1.3583
1.3614
1.6596
0.99083
1.219
1.7219
4.4566
1.574
2.2491
2.0893
3.2137
0.73114
0.90782
0.80168
0.92897
0.70146
0.91622
2.729
2.421
2.5119
17.022
1.3002
9.1833
1.135
1.8155
1.6558
1.0304
2.884
1.4825
1.4521
6.1802
4.4055
3.2434
2.3988
4.1976
13.932
14.622
16.982
1.977
2.9242
5.902
7.8886
1.3459
5.4075
9.9083
0.82794
0.79616
1.0116
1.2735
0.97724
0.81846
2.1827
1.2445
4.121
2.9444
1.4962
3.8459
13.002
2.3988
8.0168
7.2111
1.052
0.78705
5.4075
1.845
8.6099
9.4624
2.5704
6.792
11.776
9.0991
13.243
17.418
8.6497
8.8308
1.6069
1.0186
1.3428
1.3243
1.6943
1.3032
1.6444
1.4962
1.3614
4.6452
7.379
1.406
1.1429
1.5668
1.3335
1.2162
1.8621
1.4289
3.0061
5.8076
0.94842
1.2503
0.79799
1.5241
6.3826
4.8641
0.76736
0.92683
0.76913
1.6634
3.5318
0.93541
2.3823
1.0023
0.90573
0.86497
14.859
19.364
19.187
17.539
13.062
12.218
12.912
1.8493
7.0146
8.4333
16.788
12.942
3.1842
3.02
8.6099
4.8195
2.3174
1.0046
3.7757
2.2284
0.89536
2.0512
2.023
1.5488
1.2912
1.5704
3.8548
1.6406
2.8249
6.6834
15.276
8.9331
2.2909
7.8886
10
16.596
13.305
22.961
14.454
8.2985
4.8641
10.399
4.5709
0.86298
7.379
12.417
8.091
1.4223
0.92683
0.97051
0.83753
0.83946
6.9663
1.0666
2.1528
0.92683
1.4689
1.7539
4.1687
1.4388
1.205
4.0458
0.99312
2.6669
3.6813
1.0641
2.0797
7.2946
1.5241
1.1194
1.8197
1.2303
1.3996
4.7315
5.8614
11.455
16.482
13.428
10.023
9.4624
5.0119
0.93541
2.8576
11.912
16.788
11.272
1.0447
0.7656
0.76384
0.75162
0.71285
1.0965
1.2218
0.74131
1.4421
0.91411
0.73621
1.6904
1.1749
4.6666
6.0117
6.4565
1.766
1.3459
1.9099
0.97724
1.135
1.2882
16.218
13.122
19.724
20.845
19.231
5.6234
10.495
2.0701
14.962
11.298
5.3951
2.0184
0.68077
0.85114
1.3397
1.1117
2.2856
1.374
9.8628
11.83
1.1143
1.7906
1
1.2618
1.3521
15.996
18.239
13.74
0.86896
2.1086
1.0617
0.82414
1.1246
1.2303
0.91201
0.76913
1.1995
1.1858
1.2823
0.96383
0.82035
0.7379
1.4191
3.7411
1.4928
0.74645
1.1588
0.77268
1.3213
0.70469
2.1135
5.1404
2.8249
10.423
2.729
1.5066
1.3868
2.541
2.7925
1.219
2.3335
4.4875
12.078
1.3062
1.6827
1.3032
14.289
13.932
16.293
6.5917
5.9841
1.0839
2.8973
2.0137
3.155
3.5975
3.8371
6.5917
2.8445
2.6122
6.7143
2.2961
2.0324
2.2542
3.2885
2.0137
1.652
2.8184
2.2646
2.466
2.0277
2.6303
3.1989
6.7608
1.5417
2.704
1.5524
7.5858
0.8414
10.617
1.8072
1.8155
1.7298
1.3709
13.459
5.9979
3.2885
9.528
5.0933
6.0954
2.5061
1.8155
1.1722
1.6444
1.7458
2.9376
2.0893
1.4928
1.8621
2.9992
3.6308
1.8197
12.853
7.925
0.90991
1.4521
0.95719
0.94189
0.89536
1.2677
2.5882
2.8576
1.9099
2.4547
5.2845
1.5171
1.3335
1.074
12.05
20.37
19.543
18.072
8.6497
10.328
2.1086
1.0889
1.7258
0.75858
2.884
0.87498
2.7925
6.0395
3.9084
3.1046
1.3868
1.074
1.099
2.8576
1.2972
1.0233
1.5241
1.3459
7.8343
13.9
21.528
5.0119
1.6904
8.0168
1.7418
3.3037
11.967
17.418
19.454
14.555
9.2897
6.5013
1.6943
5.559
5.9566
4.9774
21.038
16.982
20.941
7.6033
1.3677
1.1885
1.6596
4.6345
1.8836
1.0864
1.2912
1.1246
1.2706
1.2445
2.2909
1.8155
1.0139
2.7606
19.099
17.061
11.641
4.8753
1.9011
0.90157
0.79799
0.74989
1.0593
1.8535
11.749
7.4131
3.4834
5.0933
4.256
1.1535
1.6827
2.1086
10.568
11.588
10.765
10.789
16.904
9.594
12.388
19.099
16.218
18.072
22.751
6.9183
2.3174
21.33
13.49
10.495
1.6634
6.6527
13.49
20.045
16.144
3.013
16.293
19.77
10.046
14.997
13.74
2.541
0.86497
1.1143
0.80353
0.98175
0.79433
2.6853
0.86497
16.634
14.723
19.679
17.783
15.812
1.5136
1.374
1.0814
1.256
0.79068
2.1727
0.73961
1.0069
0.85114
10.093
11.376
3.2734
1.4521
1.6406
1.406
1.4928
1.7989
1.5276
3.1842
1.6827
8.5704
13.74
13.122
15.101
21.086
15.346
0.7145
1.5631
1.8239
1.7219
1.1561
0.77268
0.84723
0.91833
2.4434
6.4565
6.8391
2.466
1.9907
4.6881
4.7315
0.70469
1.3552
9.0991
1.0116
1.4223
0.96828
0.6792
0.69343
1.4355
0.82794
2.4717
0.67298
0.99312
1.3122
0.94842
0.72444
0.71285
0.69663
1.0423
0.83946
0.79068
5.8479
0.67453
1.3366
5.8076
1.9454
5.1642
1.3836
1.3062
1.3804
1.3964
1.4894
1.6444
2.6977
1.0162
1.2162
1.074
0.69984
2.2699
11.803
18.664
17.022
19.364
17.14
9.2683
2.6853
13.964
13.709
11.508
6.4714
1.803
3.9264
2.0184
10.74
17.783
12.246
11.535
10.568
1
1.2388
2.2233
5.9566
1.4355
2.4266
1.4256
1.3183
2.133
2.6062
3.1405
1
1.7458
2.541
12.531
9.0365
2.6915
1.4223
1.3868
0.92257
2.1478
0.88716
0.88512
1.3213
1.0328
5.8479
5.4954
11.94
4.9317
3.6983
1.5885
13.274
2.5119
1.4997
1.7906
1.4962
1.7579
1.0447
1.5241
1.845
1.0399
1.3459
1.1298
1.3428
11.092
5.8884
1.9409
1.8408
3.1989
0.89331
1.0544
1.3772
0.82224
5.0234
1.1324
5.224
1.1641
5.1523
10.139
18.967
15.101
14.158
12.972
5.1404
12.706
10.814
13.213
19.364
20.749
2.3442
6.9183
9.7499
10.965
3.8019
10.046
9.7051
13.646
4.1591
2.8973
0.8356
6.9343
2.3933
0.90573
1.052
7.1285
12.359
4.2658
20.091
14.06
14.859
12.246
14.355
8.147
1.3366
7.5509
1.8113
1.8365
1.1402
1.2618
1.0641
1.2618
1.4223
0.94189
1.2331
2.4491
1.7498
3.8282
0.89743
1.099
1.256
0.98175
1.3552
7.8343
13.152
17.298
10.765
17.865
5.9566
17.298
21.727
7.3114
15.959
9.247
7.4302
16.106
17.219
9.247
5.4828
1.652
3.9628
6.5766
16.634
1.2474
11.455
11.858
5.445
5.7677
8.5114
16.943
3.4754
5.8345
9.977
2.0324
6.4863
14.421
10.839
7.3451
1.2972
1.3709
4.5082
15.885
17.179
19.77
14.655
8.1096
4.0738
1.9187
0.77625
2.4889
2.8973
0.90365
8.5114
1.1015
17.022
10.423
7.1614
2.2699
0.8091
0.80538
1.3932
0.7925
5.445
15.417
15.488
10.965
7.9983
3.0974
0.8995
2.704
0.88716
0.84723
1.4355
11.858
12.764
13.397
18.923
11.508
10.116
5.9429
15.74
0.91622
0.79433
0.74817
0.76384
0.75683
0.98855
0.91622
0.79616
0.76384
0.73961
0.84723
0.8531
0.73282
0.9977
2.6607
4.1495
6.1235
2.6546
2.2029
1.0544
1.4689
4.8529
0.75858
1.0568
0.83176
1.3305
0.68077
0.75162
0.72611
1.0046
1.6406
1.8239
1.2882
1.6982
1.5241
1.2218
3.069
1.2303
0.877
1.9679
2.0091
1.3677
1.1995
2.9717
3.281
3.4514
1.2677
2.1429
1.4093
1.5631
1.4859
1.074
1.3122
1.2359
1.349
1.7258
3.6392
1.6331
1.6558
4.4668
4.3551
5.9704
0.93111
0.90573
1.1668
1.4723
1.977
1.5849
14.256
13.092
16.069
16.711
1.4894
6.3826
1.6634
6.3533
11.749
7.709
1.766
1.5849
1.3122
1.7701
1.5346
2.4266
4.7643
10.52
15.849
17.947
11.246
6.6222
21.184
10.74
15.241
11.22
9.4406
16.672
10.839
3.2211
4.4566
3.3884
14.622
21.184
21.184
22.08
18.836
1.205
1.1749
1.3772
0.90782
4.0179
1.7742
6.9024
12.023
6.5917
1.3459
4.6774
3.1046
6.3533
2.1038
7.9983
14.191
9.3541
5.5335
1.3964
0.93756
0.7709
1.135
10.914
3.7497
5.8076
2.0277
12.331
10.069
17.179
18.621
19.011
21.677
9.4406
19.634
13.74
2.466
7.9616
2.3605
14.028
10.52
7.379
19.953
6.7764
18.197
15.066
7.1945
18.197
15.031
15.596
17.458
18.793
19.143
19.187
18.75
2.1727
3.581
1.9498
4.4259
16.749
9.6161
17.298
21.827
20.845
21.281
15.74
19.055
18.621
10.691
7.6913
10
1.1561
7.145
15.74
12.618
1.2912
9.2257
9.1201
8.6298
17.742
13.996
17.742
23.281
14.488
11.298
19.634
16.482
12.078
15.136
2.9376
4.6666
0.79799
2.5586
5.8345
7.1614
0.93325
1.2589
0.74302
0.92897
0.75858
8.091
1.6943
1.39
1.2388
1.5996
1.4256
6.6527
5.4828
1.5959
1.2618
1.3032
1.1508
2.3659
1.3646
1.5171
0.88512
0.84528
1.0069
0.877
0.95719
1.0666
0.9247
1.7824
1.0233
0.83753
0.86896
1.7338
3.9537
2.6546
0.83753
16.255
17.418
15.704
12.618
6.9984
4.1879
16.827
21.827
10.568
11.858
12.05
9.1622
7.8705
15.524
12.912
8.6896
15.101
3.9537
10.304
2.0893
0.98401
1.2794
1.0641
1.1695
1.2359
2.6363
0.89536
0.75858
7.8524
1.6482
1.1066
2.6182
1.4256
2.2856
1.3521
9.3111
9.6161
8.9331
5.5335
19.999
14.322
8.0353
16.331
15.56
9.3972
12.417
6.3533
9.1833
20.701
19.543
16.255
6.5013
2.2336
0.79433
0.91833
2.8119
1.7298
14.588
0.89331
1.2618
1.2417
1.1455
1.7824
5.4075
18.323
20.749
18.03
10.447
4.6026
4.6026
15.996
16.293
18.072
3.1989
3.6308
11.143
21.33
14.894
0.81658
14.125
0.91411
7.9433
13.964
10.914
10.375
14.125
8.9743
16.904
17.1
13.335
18.155
15.704
9.6383
11.695
0.98401
0.74302
0.73451
2.541
7.9616
14.158
16.827
15.101
13.583
4.3351
0.87297
0.68077
1.4689
0.72277
0.82794
0.78163
0.71779
0.70795
0.85704
3.0479
10.375
12.331
2.0045
1.8281
0.74989
7.3451
1.2474
1.4093
1.3677
7.1945
9.4189
11.912
15.776
20.137
15.101
13.9
12.134
13.9
19.498
17.298
11.967
7.6033
9.7724
15.596
10.447
17.298
10.233
2.6915
18.323
3.8459
0.73114
0.77983
0.82794
5.2119
13.305
19.143
13.183
11.455
17.338
15.524
16.943
16.144
19.187
13.397
15.885
13.74
8.3753
13.709
18.793
16.711
10.52
15.276
13.646
5.8479
7.0469
8.7902
14.791
10.814
8.2985
5.2602
2.6669
1.7022
5.0582
0.77268
0.6792
0.64863
9.2257
0.96161
0.8091
4.0179
0.78705
0.68865
4.2267
0.80353
2.4044
17.539
10.471
8.2035
14.191
20.091
12.474
5.2602
4.6026
6.0395
25.468
15.631
7.7268
8.8512
0.7925
0.74645
17.1
8.7498
1.4355
2.7606
2.4889
1.4894
1.8664
1.4928
1.2618
1.6444
5.3088
8.091
14.791
16.406
12.05
14.521
12.823
5.5081
4.9774
0.76736
7.2946
14.859
11.041
17.219
14.06
0.75509
0.68707
1.8923
15.241
1.6827
0.84333
0.89125
1.8836
0.80353
0.77268
1.205
1.2531
0.9528
0.74817
0.74645
0.8091
1.7022
10
1.6069
1.2331
1.6904
1.2134
1.4421
1.4757
1.4421
1.39
1.5524
3.5156
8.0538
18.923
19.543
15.346
14.555
18.072
17.061
20.277
0.83368
0.83176
7.4817
19.907
20.417
15.74
20.184
15.524
21.478
10.94
2.8973
0.8356
19.143
17.539
18.155
1.714
9.0991
16.331
22.131
9.7499
10.069
15.959
12.106
15.276
15.136
14.825
6.3826
6.6527
7.5509
3.3806
10.069
1.6827
27.479
3.767
0.96161
1.2474
0.71285
1.1641
0.70795
0.72444
1.3804
0.74473
17.378
14.689
16.106
10.789
11.561
2.3605
1.4322
16.558
2.3442
1.3152
2.673
10.28
8.7902
17.338
17.179
11.246
13.305
11.482
1.7906
2.9174
21.577
15.453
4.3152
8.1283
2.7416
0.79799
0.72277
4.8753
1.8967
1.2388
0.77446
9.1201
15.311
19.011
16.106
13.305
13.49
7.8343
0.78343
5.7544
20.749
11.722
22.909
1.1092
2.466
5.9704
0.78343
13.614
21.528
15.382
17.418
3.4914
0.70958
3.0479
16.52
16.181
5.7943
1.3366
0.85507
0.82414
0.7709
0.7925
0.74817
0.72444
0.70958
0.72611
0.68707
5.5335
4.8753
0.62517
0.64565
0.63826
0.69024
0.66681
0.69984
0.6792
0.70307
6.7143
17.179
13.74
12.618
13.932
1.0641
11.722
6.6834
19.055
17.62
8.77
18.03
3.6898
0.68234
0.75509
9.0157
13.646
7.9616
0.77625
0.70307
0.83946
0.77804
0.71614
0.71121
0.74645
0.97949
7.7804
14.191
9.0573
14.322
1.3183
18.239
12.794
13.521
14.322
17.947
4.6452
8.1658
12.388
14.256
0.71945
0.70146
0.69343
16.444
4.8417
15.885
23.227
14.223
9.0991
13.996
5.4828
10.965
0.72778
9.8628
12.023
0.91411
17.783
15.101
22.284
0.90782
1.7989
0.70958
0.71945
0.84528
0.78886
0.73451
0.87096
0.76033
0.79433
0.78886
1.3032
12.942
5.1642
1.0351
1.374
8.2224
22.646
16.904
10.471
7.9983
1.1041
1.2677
1.1967
1.5136
1.5417
1.7742
2.0324
1.3062
13.183
1.5488
2.1727
1.3772
1.3646
1.1912
2.8379
1
13.772
10.914
1.875
3.155
15.704
19.679
11.614
11.995
19.055
18.621
13.932
1.1143
5.1286
15.488
21.232
9.247
1.3092
0.77804
17.1
18.45
5.6364
0.94189
0.95719
0.78163
0.84333
6.9024
19.454
14.521
11.83
11.143
2.2542
0.75509
0.7379
0.84723
0.79983
0.81096
8.8716
9.1622
10.814
15.417
10.965
8.5901
4.4668
5.2845
14.322
1.0304
0.77268
1.1298
2.138
0.89743
16.558
15.453
10.447
16.368
18.408
8.9331
19.454
17.022
17.947
11.885
17.498
1.6255
3.9994
13.996
17.989
12.618
14.355
6.3096
10.864
16.255
20.941
0.82035
0.82035
7.2778
16.788
14.689
9.6605
2.9107
9.7724
0.72111
1.0423
0.82604
0.7709
0.82794
0.70795
0.69502
5.2845
13.614
12.331
10.304
14.223
15.524
1.2331
17.061
11.015
9.1833
7.4989
1.0715
0.87297
0.83753
0.79799
0.88512
0.81283
0.73114
1.4928
5.7412
3.9084
14.757
13.804
0.94842
21.086
16.406
11.143
1.977
0.77804
3.1769
1.8664
0.90365
14.962
17.824
13.274
17.022
14.723
20.324
13.614
2.4434
3.5975
7.1945
18.535
18.365
13.243
2.0797
14.555
15.849
8.7498
9.0991
12.531
1.6255
1.9907
12.134
18.967
19.543
0.94189
9.6605
11.641
13.092
14.355
17.66
8.8716
6.4714
0.94406
0.75336
0.76913
0.71779
0.85114
0.74473
0.81096
0.7145
0.7656
1.3772
12.388
12.218
17.298
16.218
10.965
17.62
0.76384
0.70958
4.7643
15.56
10.28
13.836
9.1201
16.444
12.417
4.9091
5.1286
19.498
11.324
12.19
13.614
25.704
2.3714
1.1561
1.3868
13.428
19.815
14.689
6.166
3.3497
0.77268
0.84528
0.7925
8.6298
0.80538
0.72946
0.80168
0.72946
0.85114
0.69343
0.82414
0.66988
0.71614
0.67143
1.3002
11.482
1.1535
0.8147
1.0209
1.5311
12.19
20.989
11.246
17.539
20.23
11.668
10.209
9.6161
17.906
5.3088
0.74989
0.90157
0.66069
0.70469
0.78886
0.72611
0.8091
0.85114
0.78343
4.1495
13.183
13.521
5.5335
13.183
16.406
14.859
16.596
13.152
16.749
14.894
14.488
5.5081
16.596
17.1
15.524
16.788
16.827
15.524
18.281
17.742
16.711
11.35
15.849
17.418
13.996
16.634
15.311
16.293
6.6988
3.6559
0.69984
0.75683
0.75858
0.86298
0.74302
0.73451
0.81283
0.69984
0.76736
0.70795
6.6069
4.2855
4.1495
0.89536
9.4624
2.7479
5.188
3.9811
2.1727
20.324
17.947
19.187
20.893
12.764
14.421
9.7275
17.219
15.524
17.783
20.941
25.586
10.28
15.74
21.038
0.91622
0.9528
0.84723
0.98175
1.0304
0.78163
0.86298
0.8091
0.72611
0.74645
14.521
13.305
16.368
14.388
16.904
13.804
14.028
14.488
18.707
5.4075
15.74
15.922
19.543
18.408
18.535
14.894
14.191
16.558
12.794
18.155
13.677
13.397
19.364
7.2611
16.749
12.218
18.923
23.121
15.453
8.6696
1.074
7.4817
5.8345
11.995
21.33
21.478
16.788
21.928
12.589
0.93541
3.0832
19.055
1.2912
18.88
14.928
12.331
23.121
16.293
9.977
18.45
21.677
19.231
1.0423
0.8356
1.4723
0.76384
0.79983
1.0186
2.3605
0.82604
17.1
15.031
18.281
13.74
11.376
0.74989
0.80538
0.76384
0.73621
3.6644
16.368
19.187
14.388
17.458
14.791
19.634
13.366
16.711
13.804
3.9446
20.749
14.555
15.668
22.439
22.594
13.677
0.86896
1.2388
0.82035
0.83946
0.81846
5.7943
20.606
18.75
13.49
13.932
3.8107
15.031
0.84528
0.74131
0.8091
0.98401
0.81846
0.76913
0.79433
1.0666
0.77268
0.78343
0.7709
0.80724
0.8414
0.7656
3.9174
10.209
6.2806
1.4997
0.98175
3.3266
19.143
19.099
18.88
19.187
22.284
18.967
22.646
15.276
19.275
26.485
19.32
12.735
19.454
23.988
17.865
13.964
19.724
4.4978
22.029
14.521
7.6208
11.535
16.672
16.218
17.865
12.882
20.23
14.555
17.62
18.493
16.406
17.906
19.011
18.45
32.734
17.298
18.365
11.22
6.1376
13.213
16.672
23.014
18.967
23.388
0.77804
1.0328
1.0162
0.91201
0.82224
0.75509
0.77268
0.8147
0.77625
0.83176
6.5013
6.6374
22.182
18.578
20.512
18.493
15.704
19.055
19.907
20.045
11.561
0.76384
0.82794
0.71945
18.923
16.749
21.777
18.323
23.335
15.849
13.521
21.038
12.912
22.131
17.783
16.106
24.491
13.677
23.281
15.241
0.93111
21.184
12.246
0.97051
1.3428
1.5812
1.1066
3.2211
2.2856
1.7824
2.2542
2.0654
1.074
1.0233
1.2794
2.0845
1.8793
1.8072
2.4266
2.1677
1.6368
1.5812
2.5468
1.6482
1.2735
2.704
1.6032
1.7865
1.099
2.6977
1.9498
2.2961
2.3388
6.6834
1.8578
2.6915
2.4831
8.4333
13.243
3.5563
15.996
19.187
2.3174
17.258
17.219
19.634
28.445
15.996
2.2751
18.923
7.5509
3.5075
9.2683
0.70146
1.2162
14.223
14.723
12.246
15.031
17.701
6.2661
1.2246
9.1411
1.9634
0.67143
0.8531
0.70632
5.3211
3.069
18.365
15.74
19.953
8.356
4.9204
10
1.8578
8.892
2.7606
15.596
23.121
10.94
15.668
10.304
16.943
18.621
22.08
25.119
7.2111
1.9187
2.466
2.2542
1.5524
2.9376
0.8414
5.9704
13.614
2.1979
2.138
1.3305
1.9231
1.9953
2.6424
2.7102
3.7325
6.2806
15.631
21.577
18.072
10.304
3.54
2.2387
4.9774
4.4259
20.512
21.281
22.029
21.086
8.0353
9.8855
20.37
39.446
33.497
22.542
25.351
13.677
14.962
6.7143
25.177
18.03
20.797
21.281
13.305
18.408
13.459
0.87297
2.8184
4.0179
1.1298
2.3281
4.8084
1.1695
1.349
2.0893
3.5481
2.1979
3.2509
