1.4223
0.89743
0.87498
2.2387
1.349
1.5885
1.0399
1.2882
0.93111
2.2699
1.5171
1.1614
1.9543
1.4191
1.7378
1.1668
1.183
1.4962
1.6032
1.5524
7.9068
7.0469
4.6666
3.8371
0.94189
0.91833
1.0691
0.87498
0.75162
1.652
0.75683
1.1561
2.9648
1.0864
0.74645
1.6144
1.0233
0.74817
0.97275
1.0162
0.85704
1.1169
1.1324
0.92683
1.9275
20.797
23.55
15.241
2.6062
7.2277
21.135
21.777
22.08
20.654
1.8281
18.072
0.81846
14.757
3.6058
21.827
22.029
24.266
14.158
23.714
7.4302
0.88512
1.845
0.9594
0.79799
1.2274
0.82224
9.2897
1.1858
1.4191
1.3964
17.947
16.52
2.851
4.9431
19.953
4.4875
0.76736
1.7906
0.8995
0.90573
1.3804
2.4889
15.066
24.946
0.88105
0.87297
15.488
22.542
26.242
15.74
23.988
22.08
2.7797
5.0003
2.3174
0.88105
1.652
2.6607
1.4622
20.045
25.177
25.293
5.821
0.76384
5.8479
19.498
24.604
22.594
21.928
0.74131
1.5524
0.77804
6.6988
1.1482
1.8836
0.95499
2.673
2.0464
0.96383
0.92897
1.4723
2.6182
18.281
18.281
23.496
26.915
25.763
0.70795
9.7275
21.677
21.429
14.223
5.6754
1.3677
1.7022
15.885
2.2336
24.044
26.546
24.774
24.66
0.80724
0.82414
1.0399
0.82224
2.5882
5.821
0.8892
1.3243
2.3014
1.219
7.3451
2.1727
0.84918
2.2803
1.0328
1.8072
2.8445
1.5066
4.7206
9.977
21.038
25.942
26.546
28.249
21.429
15.241
22.856
10
1.4388
1.9999
1.1324
1.2823
8.2985
0.89536
0.8091
0.86497
0.95499
0.93756
15.488
23.714
25.704
22.961
1.7258
4.7643
4.9317
1.3397
9.4189
1.2023
18.45
27.164
19.275
23.014
23.014
21.281
20.941
9.3756
3.8194
2.5882
1.5346
3.9811
17.458
2.2336
0.72277
0.68707
1.0423
0.68707
1.3002
1.1561
0.88308
0.86696
1.3459
0.9247
1.0093
1.1668
1.0139
1.2445
1.5276
0.90573
2.1478
12.134
1.8793
1.5704
1.2589
1.0257
2.2491
5.8076
0.79983
1.2618
21.086
21.429
25.763
24.831
25.293
20.324
20.797
23.227
8.7498
18.664
21.777
22.284
2.466
1.3032
0.74989
2.729
2.2961
2.6607
8.1658
0.9528
11.272
11.455
1.7701
1.3552
24.66
21.827
25.942
23.067
21.528
25.293
23.442
11.482
20.045
2.0797
27.861
22.08
25.41
23.714
20.845
1.052
1.8239
3.9446
3.281
8.356
6.3826
2.5351
18.836
19.011
17.579
3.4277
3.9537
1.9055
2.799
7.3961
7.2111
1.803
0.79616
0.90365
0.90573
0.9528
3.9719
0.79616
1.2445
0.78705
1.6368
3.6392
0.77983
1.2942
20.512
19.815
23.067
24.831
20.989
8.3368
2.2131
6.6681
1.7458
1.0593
1.6368
1.1858
1.2647
1.7579
8.8512
11.749
20.749
16.596
25.061
22.387
23.014
22.961
22.646
15.631
21.577
23.878
20.464
1.6866
1.0423
2.1677
1.5704
1.3614
1.3996
1.7418
4.1115
1.2474
0.99541
1.0914
1.3804
1.7378
1.8836
5.2723
9.528
1.2503
1.219
1.1885
1.4894
2.2803
1.1324
1.9364
1.2589
12.647
16.293
23.988
26.303
21.627
0.72946
9.6383
19.861
25.527
23.281
23.878
23.768
21.777
16.368
22.803
24.717
24.547
23.121
9.4189
2.1928
0.7925
3.6559
2.7479
0.82985
0.71779
0.78705
0.77446
3.4119
0.79433
9.6383
0.74131
0.69343
0.69502
0.66681
0.72277
0.75509
0.7145
0.76736
0.73282
0.71945
0.72778
1.6711
1.8923
0.8892
0.81846
0.83946
1.0691
0.96161
1.2078
1.1535
2.0417
4.121
1.5382
1.5311
1.2359
1.3152
1.2677
1.374
3.1046
0.73621
6.3826
4.4978
0.66834
10.789
8.0353
0.79799
0.86896
8.6896
0.72778
0.66834
1.9861
0.65615
0.73961
0.66374
0.67608
0.70307
0.65163
0.78163
0.70146
0.64714
10.069
5.6364
0.98175
0.68549
0.70958
6.1518
13.996
1.5812
4.8753
1.0814
0.71614
0.88716
1.5031
5.7677
2.6182
4.2462
14.421
0.69823
0.66222
23.878
24.946
23.55
21.135
20.845
14.289
1.9999
2.4044
0.86298
1.5241
1.2162
1.1967
1.6368
2.133
1.803
2.1184
1.0233
1.2677
1.5311
1.3521
1.1508
1.5668
1.3614
1.2735
1.5101
3.6559
2.5293
1.099
2.2803
0.79616
2.3823
0.93541
2.5942
3.062
0.84918
3.3806
6.6834
2.7353
6.2661
4.0272
0.70469
0.67143
6.6222
11.561
13.614
15.276
23.496
24.434
25.235
25.119
22.439
4.2364
6.5313
1.3459
2.8576
12.972
1.8493
1.1246
1.1561
1.0093
2.1135
1.803
5.0234
0.74302
13.274
3.069
1.0568
1.2823
2.2336
1.3964
6.1094
0.71121
11.588
0.92257
0.76736
7.145
2.4099
1.3583
0.70146
0.77268
0.82794
0.91622
0.8414
0.75336
2.4044
0.79068
13.366
3.0339
1.4256
1.3583
1.4421
1.4322
12.162
3.2885
20.045
25.293
27.164
25.061
25.823
24.21
25.763
10.257
8.5114
1.9815
1.9231
14.191
6.2373
3.5481
0.70307
14.689
10.093
4.1495
0.66834
4.4875
0.72111
0.70958
0.9528
0.68391
0.82604
0.8531
1.1092
1.406
0.7379
0.97949
0.73621
0.74989
1.0617
0.70146
0.68077
1.1885
0.68391
0.72946
0.77446
0.69823
0.66988
0.69343
0.69663
0.68865
1.6444
2.8642
1.0471
0.94624
2.6303
1.7742
5.9293
0.77804
0.7145
0.73621
0.73114
0.72444
0.73621
0.74302
2.0606
1.0186
1.1272
1.3583
1.3614
1.1749
1.4289
2.1677
0.91833
1.6106
1.2331
1.3274
2.8642
0.93541
0.86696
2.2646
0.7379
0.82604
0.76033
0.79433
0.96383
0.73961
1.1455
3.3343
0.67298
0.67453
0.73282
1.8239
0.65163
0.67298
2.0941
0.72444
0.70146
0.65163
0.72946
3.9446
1.3032
0.87096
1.652
1.6749
0.67298
0.65917
1.6558
0.75509
1.4125
4.2267
1.7219
1.2388
1.2823
1.183
1.2078
1.3122
3.1842
1.1015
6.4863
0.71285
0.77625
0.71121
0.74302
0.66834
0.70632
0.73451
7.5162
11.35
0.71614
3.3037
0.67453
2.2284
1.099
0.66527
0.71945
0.71121
0.70795
0.8414
0.68234
0.73114
0.69984
0.68077
0.69024
0.66681
0.69183
2.208
0.71945
0.66527
0.65163
0.65313
0.69183
0.68707
0.66834
0.70795
0.68549
1.135
0.67608
0.70469
0.65615
0.7145
0.67143
0.73282
0.72946
0.68707
0.70958
0.70146
0.69823
0.66222
0.69183
0.67453
0.67143
0.66681
0.68077
1.1169
1.4521
0.68077
0.92897
0.70632
0.67453
0.68391
1.1041
0.75336
0.71779
0.69024
0.68865
1.2647
0.66681
0.73961
0.65464
0.68234
0.66374
0.69823
0.71945
0.64714
0.69823
0.7925
0.9977
0.75683
0.70307
0.70469
0.70958
0.66681
0.64714
0.73621
0.7145
0.6368
1.094
1.1324
0.64417
0.73621
0.77268
0.67608
0.70795
0.70146
0.71614
0.74131
0.70469
0.74645
0.63387
0.6792
0.66988
0.7379
0.71614
0.68707
0.70307
0.67608
1.0257
0.67298
0.69343
0.64863
0.65615
0.72111
0.66374
0.69502
0.99541
0.94189
0.8531
2.9444
0.65766
0.69343
0.70146
0.69024
0.6792
0.71614
0.89125
0.90573
0.84528
0.76384
1.8493
1.0375
0.78705
1.9724
1.2794
1.183
1.5922
1.219
0.68549
1.2134
1.4622
2.4099
0.69502
0.66527
0.70632
0.68865
0.74131
0.6792
0.77625
0.73282
0.69823
0.74817
0.68077
0.69823
0.74645
0.71779
1.8281
0.68391
0.66988
3.6898
5.035
0.93325
1.2331
1.2503
1.5241
2.3442
2.4889
2.5119
5.3827
3.2285
8.2035
1.3459
1.1967
1.5066
4.1687
1.0814
1.2474
1.2445
0.85507
0.76033
0.8356
0.85704
0.74989
3.8726
0.69823
3.5237
4.6774
0.91622
0.65917
0.67764
0.65163
0.7656
5.781
14.555
22.131
22.336
13.836
0.75162
1.2853
2.958
0.76033
0.81096
0.98628
0.79616
0.83176
0.73961
0.89331
0.84723
1.5488
1.8578
1.6331
0.8091
2.7416
0.7379
0.68707
0.72778
0.68234
0.8147
1.1508
0.74817
0.72444
0.68707
0.68077
0.67453
0.65917
0.70958
0.73114
0.71285
0.73114
0.71945
0.83946
0.69502
0.74989
0.72444
0.77446
0.69984
0.69663
0.70958
0.72111
1.1858
0.73282
0.72277
0.73282
0.72277
0.7656
0.71285
0.75683
0.75858
0.69823
0.69183
0.80353
0.68707
0.7145
0.7709
2.208
0.68234
0.72946
0.80168
0.71614
0.68234
0.71779
0.84528
0.76384
0.67298
0.67764
0.7925
0.69183
0.73621
0.69823
0.71614
0.71779
0.75858
0.66834
0.70307
0.68865
0.68077
0.80168
0.73961
0.70469
0.72111
0.71121
0.64565
0.68077
0.76736
0.73621
0.67298
0.67608
0.72946
0.74817
0.67764
0.71614
0.68549
0.67608
0.94189
0.68234
0.67608
0.77983
0.69183
0.90991
0.69183
0.70958
0.67764
0.87297
0.75509
0.74645
0.7145
0.6792
0.7379
0.69823
0.76208
0.69663
0.92257
0.7379
0.69183
0.67608
0.69024
0.76033
0.71121
0.74302
0.92683
0.75858
0.67143
0.78163
0.78163
0.8091
0.69183
0.72778
0.73114
0.76208
0.68707
0.71285
0.69343
0.75162
0.71945
0.74817
0.69024
0.71121
0.72444
0.69663
0.68391
0.73114
0.72111
0.67298
0.69183
0.72111
0.72778
0.75162
0.69984
0.68234
0.79433
0.66988
0.68077
0.67453
0.69343
0.68865
0.74302
0.74989
0.66681
0.7145
0.70632
0.96383
1.349
1.8664
1.2218
0.96828
0.75858
0.74645
0.76384
1.4928
1.39
0.79799
0.93756
1.0209
0.82414
1.406
1.1376
0.77625
0.73114
0.83368
0.94406
0.72444
0.66069
0.73961
1.7298
0.73282
0.80353
0.74989
0.76384
0.67764
0.72277
0.73451
0.69024
1.2417
0.93325
0.82035
0.74817
0.98401
0.8531
0.79068
1.0864
0.69663
0.84333
0.72111
0.71121
0.74131
0.96161
0.73961
0.7145
0.82224
0.68391
0.65766
0.71614
0.80168
0.7145
0.68234
0.73451
0.78343
0.74645
0.70146
0.73451
0.67143
0.96383
0.81846
0.7656
0.73621
0.71285
0.85507
1.3709
0.74645
0.77268
0.73451
0.76208
0.70469
0.72946
0.7145
0.72778
0.73114
0.70146
0.74817
0.76208
0.70146
1.2589
0.76208
0.66681
0.66069
1.0304
0.66681
0.69183
0.69343
0.70958
0.82794
0.8356
0.69183
0.69024
0.66988
0.65766
0.78163
0.75336
0.73621
0.82035
0.69183
0.7656
0.74989
0.65615
0.71121
0.67764
0.71121
0.74302
0.76033
0.69663
0.72111
0.9528
0.70146
0.73282
0.69984
0.73961
0.77804
0.6792
0.75683
0.68234
0.76208
0.69343
0.75162
0.70469
0.69024
0.78163
0.76033
0.69502
0.80538
0.69984
0.97051
0.71614
0.94406
0.71285
0.76208
0.78163
0.72111
0.68865
0.71614
0.74645
0.69024
0.74989
0.72277
0.68707
0.79799
0.75162
0.71779
0.78163
1.4322
0.7925
1.1015
0.82604
0.76033
0.90782
0.69984
1.8281
1.3335
0.70958
1.574
1.2647
0.75858
0.70469
1.3709
0.7379
0.69343
0.66222
0.79068
0.72111
0.65163
0.67764
0.72778
0.72444
0.67298
0.6792
0.70958
0.72277
0.74473
1.5776
1.714
1.0351
3.3497
1.0965
0.84918
0.92683
2.0654
2.729
0.68234
1.3868
0.69183
0.80168
1.205
0.69502
1.074
1.1695
0.73621
0.71779
0.66374
0.72946
0.66069
0.65917
0.75336
0.73114
0.67764
0.66834
0.75509
0.67298
0.69663
0.68707
0.69984
0.74473
0.72946
0.66834
0.70958
0.65013
0.7145
0.79068
0.72611
0.69502
0.75509
0.71779
0.67298
0.79616
0.82985
0.76208
0.66222
0.73282
0.72946
0.68234
0.66374
0.72778
0.67453
0.67298
0.69502
0.67764
0.96383
0.71945
0.69343
0.68391
0.68077
0.75336
0.66988
0.72444
0.69024
0.80724
0.82794
0.72946
0.75336
0.81658
1.3552
0.71945
0.69183
0.69024
0.69823
0.93541
0.68391
0.8356
0.72611
0.81283
0.72277
1.1455
0.69502
0.70307
0.69663
0.73114
0.67764
1.0864
0.68865
0.70795
0.70469
0.71614
0.68391
0.6792
0.68391
0.75509
0.70307
0.69502
0.66834
0.68077
0.71779
0.69502
0.70958
0.71614
0.6792
0.70795
0.65917
0.67764
0.70469
0.82224
0.68865
0.68865
1.2274
1.1015
1.2274
1.3183
0.69024
0.73282
0.78705
0.70795
0.75509
0.80538
0.73451
0.7379
0.71945
0.77268
0.65313
0.71285
0.70958
0.68707
0.66527
0.68391
0.73114
0.70307
0.76384
0.73114
0.71285
0.73961
0.69024
0.81658
1.1402
0.7145
0.70146
1.3552
0.68391
0.65313
0.69663
0.76208
0.69663
0.68391
0.69024
0.69183
0.68549
0.65917
0.73621
0.66527
0.72946
0.71121
0.71779
0.67453
0.69024
0.69183
0.7145
0.70632
0.74817
0.68549
1.1776
0.83176
2.8708
2.2909
0.91622
1.0399
1.256
1.2677
1.1429
1.0328
2.3174
1.349
2.9992
0.70307
0.70795
0.69823
0.94842
0.91411
0.87297
2.0749
2.023
1.4791
1.3122
1.2474
1.762
1.3614
1.7701
1.3305
2.1086
1.1614
1.1695
2.9242
4.2658
1.3122
0.66834
0.72946
3.8548
21.878
21.979
30.061
23.823
19.724
21.727
25.351
24.889
29.444
27.416
3.5237
1.3092
4.6132
9.0991
12.853
26.424
27.29
27.04
29.648
27.733
26.546
25.235
9.0782
22.336
28.576
28.054
26.792
1.9364
24.547
27.416
29.309
25.293
26.915
4.4463
0.90991
8.1283
15.812
1.7418
0.72778
1.1092
21.727
21.478
25.645
27.353
32.434
26.485
27.416
27.29
29.785
16.218
6.792
1.8836
24.21
25.882
24.547
27.227
26.607
27.669
24.434
16.444
3.5727
2.3174
8.4918
11.858
31.117
28.51
23.55
27.99
25.763
21.878
26.303
13.152
20.137
22.961
24.21
27.227
26.792
4.3853
21.577
27.353
28.119
23.714
1.932
1.3459
1.7906
0.78343
0.78163
2.3714
13.836
13.062
0.72444
0.69343
13.062
27.733
26.002
27.733
25.586
21.878
26.303
23.55
27.925
24.21
24.491
18.365
4.3351
0.72946
1.4791
0.86298
2.9309
1.1298
1.6218
2.5763
7.1779
21.878
22.491
24.434
24.66
25.061
20.324
24.322
10.839
11.722
25.177
26.485
25.351
24.831
24.378
25.177
17.14
5.7412
1.4158
4.7534
0.76208
0.73114
10.209
1.6827
1.6482
6.8865
3.3113
1.574
2.023
0.74989
6.9502
1.0544
1.3804
1.2972
4.8084
0.70632
0.66374
0.70469
13.868
19.454
24.21
22.336
25.527
18.113
2.6546
0.70795
0.80168
9.4406
4.529
1.7498
5.0466
0.74817
0.73282
0.66834
3.6475
6.3096
0.77804
0.69502
0.69823
0.68549
5.8749
18.75
26.424
29.242
27.04
23.121
25.882
28.576
24.889
26.122
25.41
24.266
10.94
23.335
26.303
24.547
28.774
28.445
26.607
23.281
25.882
3.4514
14.622
1.1169
0.9247
1.1429
13.092
14.723
0.65917
14.928
22.131
21.33
22.387
22.542
26.669
2.9854
1.7783
0.8147
0.79983
0.78886
0.73621
0.80538
1.406
1.1324
0.67608
1.2618
2.704
0.7656
1.3092
10.864
2.6303
0.71779
3.7239
14.521
28.184
23.174
19.409
24.946
24.491
26.303
23.442
28.642
24.434
30.2
26.853
22.646
23.55
26.242
22.909
21.777
24.889
23.227
23.878
3.5075
1.9187
0.90782
1.8365
2.1184
1.0257
0.72946
0.68707
5.0582
0.70632
0.72277
0.72611
0.94842
0.71285
0.68549
0.79433
0.74131
0.86099
0.79068
0.74473
0.92257
0.84723
0.69823
0.86896
0.71121
0.71614
0.66374
0.76384
0.73961
0.71614
0.78705
0.7709
1.1668
1.0447
1.0495
1.052
0.9506
1.9999
2.0797
1.5276
1.0023
1.8155
0.90991
1.4028
0.72946
0.73621
0.72778
0.78343
0.67608
0.65464
0.6792
0.70795
0.72778
0.71945
0.65615
0.71285
0.6792
0.74645
0.69343
0.70795
0.69502
0.6792
0.66222
0.66222
0.69823
0.65464
0.70958
0.65917
0.69183
0.70795
0.68549
0.67298
0.71779
0.71121
0.72277
0.69502
0.66681
0.73451
0.64269
0.69984
0.75509
0.71614
0.69823
0.70632
0.71121
0.69343
0.76208
0.69343
0.70307
0.73282
0.74131
0.75683
0.68707
0.75162
0.71779
0.72444
0.7379
0.68707
0.73621
0.72946
0.71121
0.73451
0.79068
1.0093
0.70307
0.74645
0.72611
0.7145
0.70469
0.69502
0.71285
0.71614
0.81658
0.77268
0.82035
0.74645
1
0.71945
0.68077
0.77804
0.66069
0.67143
0.7145
0.67764
0.76736
0.70958
0.74645
0.69183
0.67608
0.69343
0.76736
0.6792
0.70146
0.70958
0.70958
0.70307
0.74817
0.70795
0.82604
0.65917
0.68391
0.67764
0.68077
0.71121
0.71285
0.72111
0.76736
2.0137
0.74473
0.76913
0.72277
0.67764
0.71285
0.67764
0.66069
0.70307
0.71285
0.66834
0.69024
0.73451
0.73282
0.71285
0.71945
0.70958
0.65766
0.69823
0.75858
0.66834
0.67298
0.67298
0.65163
0.7709
0.70307
0.69024
0.68549
0.8892
0.72111
0.77804
0.76913
0.83368
0.80353
0.66681
0.70958
0.75162
0.67143
0.69024
1.2823
1.1535
1.7906
0.97499
0.72111
0.71945
0.67453
0.68707
0.69343
0.69823
0.69984
1.0093
0.877
1.2417
1.9231
0.72444
0.70632
0.69183
0.73282
0.70146
0.78886
0.67764
0.7379
0.69984
0.70632
0.73282
0.76384
0.73451
0.70958
0.76384
0.72277
0.70307
0.69984
1.3305
0.69984
0.68391
0.65013
0.68865
0.69183
0.68391
0.74645
0.71285
1.1429
0.73621
1.1246
0.77804
0.70632
0.71614
0.71779
0.72277
0.70307
0.69343
0.71121
0.97949
0.70469
0.72277
1.1015
0.62951
0.96161
0.66681
0.67453
0.68391
0.69024
0.72444
0.68865
0.68391
0.70795
0.70958
0.74817
0.66069
0.64417
0.72778
0.70146
0.72111
0.65464
0.65766
0.69823
0.71779
0.72111
0.84723
0.77804
0.69024
0.83176
0.73114
0.75683
0.76033
1
0.65615
1.1194
0.69502
0.70146
0.66374
0.66374
0.70632
0.65615
0.75683
0.66681
0.68077
1.1588
0.73114
0.68549
1.8113
0.82604
2.1135
1.9679
0.9528
2.138
2.884
1.9543
0.68077
0.64269
0.68865
0.72277
0.63096
0.72277
0.68234
0.67453
0.69984
0.8995
0.69183
0.64863
0.67764
0.71614
0.75683
0.68549
0.69663
0.69343
0.69502
0.69984
0.7145
0.71945
0.68391
0.70795
0.70146
0.70632
0.69343
0.69183
0.67608
1.7458
0.67764
0.80168
0.74645
0.73114
0.70146
0.87902
0.66222
0.68234
0.75683
0.68234
0.67764
0.72111
0.68707
0.73114
0.68391
1.3772
0.67453
0.69343
0.67608
0.85114
1.2417
1.8793
0.66834
0.71614
0.70146
0.78524
0.66374
0.70146
0.73114
0.69183
0.75858
0.70469
0.72111
0.67298
0.70632
0.69984
0.72946
0.7656
0.72111
0.72277
0.65464
0.75162
0.73621
0.77268
0.77625
0.7145
0.69984
0.70469
1.1117
0.6792
0.70307
0.71121
1.0593
0.71285
0.74817
0.75162
0.65313
0.67298
0.72946
0.7145
0.70146
0.71614
0.72611
0.66681
0.7656
0.72277
0.69663
0.73451
0.73621
0.70146
0.66527
2.5704
2.1281
3.5645
1.4488
0.93972
0.76736
0.71614
0.73451
1.0233
1.1535
0.82414
2.1928
0.69024
0.75162
0.70958
0.65313
0.70469
0.67764
0.70146
0.65917
0.70632
0.72444
4.9091
1.0914
1.875
2.0941
1.0715
0.66834
0.71285
0.68707
0.68549
0.6792
0.67453
0.72946
0.70958
0.68707
0.65163
0.73961
0.72277
0.9977
0.71285
0.68707
3.062
11.066
12.942
0.76913
0.7379
2.8054
1.6827
6.4121
0.76913
1.888
0.71614
0.74302
0.69663
1.4355
0.73961
0.70795
0.71945
0.65163
0.8531
0.71779
0.69502
0.65615
0.66834
0.73282
0.67764
0.64269
0.74645
0.78524
0.76208
0.74473
0.67453
0.64714
0.70795
0.71614
0.72444
0.87498
0.74817
0.74302
0.7379
0.77804
0.77804
0.74473
0.8091
0.8091
0.76384
0.82985
0.78705
0.7925
1.2246
1.3836
0.7145
2.3014
1.3932
1.0399
1.2417
1.2735
1.0304
1.3183
1.1967
1.3032
1.3366
1.1324
1.406
0.98855
0.90157
1.1402
1.256
2.5235
2.6303
1.2942
1.2274
1.5959
5.5976
1.6482
0.8356
1.1722
1.122
1.6634
1.2942
1.349
1.0789
1.5631
1.3366
1.8155
2.1677
0.69343
14.825
21.232
19.055
22.751
29.04
28.708
25.527
11.169
13.397
10.471
0.74989
19.409
23.714
22.029
18.75
22.856
23.281
21.727
24.044
22.803
3.5237
12.246
11.561
1.3804
1.1912
6.2951
21.979
19.543
23.823
25.882
26.792
25.293
26.853
24.717
16.866
2.9444
7.8163
0.68077
0.71779
0.70795
0.69823
0.70469
0.72611
0.65917
0.74473
0.75336
0.73451
0.78163
0.68391
11.429
18.239
21.33
25.351
24.774
23.442
22.284
23.442
22.961
20.893
2.7861
5.5081
11.803
0.92897
0.68077
0.64417
0.68707
11.749
17.1
24.491
22.387
28.51
23.55
26.363
23.335
22.284
25.293
26.607
2.4491
3.8905
1.1641
4.2462
3.9811
1.6181
21.777
25.351
26.73
24.491
11.092
1.7298
1.0023
1.0046
2.0512
1.1885
1.2764
4.6559
0.71121
9.2683
16.982
24.378
23.067
27.227
29.04
24.831
23.823
26.977
12.912
0.72111
15.417
3.0903
12.735
16.52
1.1169
2.6485
1.6368
4.8195
4.0365
1.2359
8.2604
22.542
22.803
24.155
21.429
22.387
23.227
22.646
8.2224
6.0117
0.96161
3.5075
3.281
3.2509
0.72946
0.69663
1.1298
0.75509
1.0593
0.68077
0.67298
0.65313
0.9528
7.8343
10.544
1.1117
1.7418
2.1281
6.5917
0.72778
0.74645
0.74817
0.64714
3.9084
0.66988
0.67143
3.9084
16.788
25.119
27.861
26.424
23.388
22.646
23.659
25.119
30.269
19.409
5.1642
1.3122
2.5645
1.1194
1.7824
0.68549
0.72778
1.0568
0.77625
0.67143
0.75858
13.583
1.6106
1.2246
1.4894
0.68391
0.71614
0.70469
0.70146
0.67608
0.7145
0.68234
0.70795
5.9156
0.66834
0.71779
0.75336
0.83368
0.80168
0.71121
0.74131
0.65917
0.71285
0.75683
0.74473
0.7145
0.67453
0.71285
0.69984
0.70469
0.72444
0.77983
0.71779
0.69343
0.64417
0.68865
0.69984
0.70632
0.77625
0.71779
0.69984
0.70795
0.75858
0.71779
0.66527
0.66681
0.70469
0.70146
0.72778
0.76208
0.7145
0.75509
0.66527
0.66222
0.69663
0.68234
0.73451
0.69183
0.72946
0.66681
0.76913
0.70795
0.69984
0.69502
0.69343
0.70632
0.72444
0.72444
0.94624
0.7656
0.73451
0.8995
0.8356
0.83946
0.71121
0.69502
0.69823
0.75509
1.374
0.91411
1.4894
0.76913
0.78705
0.77804
0.69663
0.72444
0.66988
0.68391
0.74989
0.72778
0.74817
0.73114
0.67453
0.75509
0.76033
0.7145
0.69183
0.66681
0.8147
0.67764
0.69183
0.69502
0.69984
0.7379
0.73961
0.79616
0.73114
0.73114
0.78343
0.68077
0.75336
0.79433
0.70469
0.66834
0.69343
0.67608
0.70146
0.72778
0.7379
6.4863
1.4894
1.4223
0.73621
1.1588
1.2647
0.65917
0.68077
5.781
7.2444
15.205
20.37
26.303
25.882
26.73
25.003
24.889
25.645
23.878
22.909
22.029
12.853
6.166
2.1184
4.7315
5.5976
1.5704
1.7022
2.2131
1.5996
15.74
17.1
20.797
24.378
21.038
22.182
22.439
24.322
5.7148
4.7863
0.70307
0.71614
0.75162
0.74817
0.66222
0.69663
0.76913
12.853
13.305
0.72444
0.70146
0.66988
0.73961
0.67143
6.5615
14.521
17.906
26.73
27.542
18.967
4.5814
2.0324
0.68707
1.9907
4.9774
7.1945
0.66527
3.4594
0.73961
0.68077
0.69823
3.069
0.68391
0.75683
0.72111
0.69984
0.68077
0.72111
0.67143
0.70307
0.68865
0.77268
0.70146
0.70632
0.88512
0.76913
0.78705
0.92045
0.88105
1.094
0.9528
0.78886
0.87498
1.3964
0.84723
2.1429
0.87096
1.3092
1.374
1.0162
3.1623
1.4223
1.5849
0.88512
0.74302
1.4894
1
1.3583
1.1668
1.1967
1.1376
1.3002
1.803
0.9977
6.9823
0.70958
0.73451
0.68549
0.72778
0.71945
0.69823
0.6792
0.66681
9.2045
16.827
15.74
18.793
21.232
22.803
20.989
22.751
26.977
23.067
24.491
23.659
13.836
7.0958
0.71285
0.71285
0.7379
13.213
5.8479
0.66681
0.69343
0.66527
10.593
11.94
0.73282
0.65917
0.8356
0.72111
1.6827
9.1833
19.588
21.627
20.989
19.409
16.293
2.5586
1.0423
3.9264
0.70795
0.71121
0.72111
0.79068
4.0551
0.74989
0.7379
0.73451
0.68865
0.67143
0.69984
0.76736
5.0582
16.444
22.233
26.182
23.768
23.878
24.378
21.184
17.947
4.14
0.8531
0.77983
1.1402
0.77804
2.6853
6.5917
4.6881
1.4757
0.63826
0.71779
0.72778
0.71285
0.66527
12.823
2.2699
0.66527
0.68549
0.71285
0.67608
0.66834
0.67764
0.68077
0.7379
0.67298
4.0272
0.73114
0.69024
0.69823
0.69502
0.78343
0.80353
0.71121
0.7145
0.73451
0.70469
0.73961
0.71945
0.77804
0.68707
0.66222
0.76384
0.71285
0.70795
0.69343
0.65917
0.74989
0.76913
0.69183
0.74989
0.71285
0.73114
0.66222
0.76033
0.93541
0.73961
0.72277
1.5417
1.1561
0.8531
0.7379
0.71779
0.7709
0.69343
0.76736
1.2503
0.74817
1.0375
0.70146
1.1695
0.68077
0.77804
0.69343
0.68707
2.7861
8.2035
0.67143
0.66988
0.69984
0.78524
0.69984
0.69984
0.66834
0.68707
0.77625
0.71121
0.69343
0.67298
0.68391
0.68234
0.66527
0.71945
0.63973
0.63973
0.67143
0.74989
0.65615
0.72277
0.64269
0.72778
0.74131
0.73961
9.528
13.122
10.257
12.735
0.94189
1.4158
14.256
19.77
23.878
26.792
26.977
31.55
24.099
18.239
17.824
0.98855
1.0765
1.2078
4.3853
0.99541
8.3176
12.735
2.3335
2.2336
5.8479
0.96161
0.89743
2.3768
1.052
1.2823
1.8072
3.1769
8.2414
0.70795
0.63973
0.70469
0.71614
0.68234
0.66681
0.70469
0.67298
0.65766
0.70146
2.0797
0.65163
1.7258
7.5336
0.75858
0.68549
0.67298
0.79068
0.74645
0.69502
3.1046
0.69823
0.69663
0.66988
0.67143
0.66988
0.66681
0.72778
0.70958
0.67764
0.65313
0.72444
0.69024
0.71945
0.65615
0.76913
0.74817
0.72946
0.71121
0.71779
0.80724
0.69024
0.71614
0.66988
0.72111
0.69343
0.68707
0.74473
0.79799
0.74302
0.72611
0.66834
0.67764
0.72611
0.68865
0.69502
0.71945
0.74131
0.72111
0.70146
0.74989
0.72444
0.66527
0.67764
0.75683
0.68865
0.66222
0.85901
0.72111
0.66681
0.67453
0.68707
0.73621
0.68707
0.72277
0.71614
0.70632
0.65766
0.66527
0.75162
0.70958
0.71614
0.76384
0.67764
0.67298
0.67143
0.85114
0.72778
0.70632
0.68077
0.70795
0.65013
0.72277
0.77804
7.7625
0.82224
0.66834
0.73114
1.1967
1.2274
1.7338
1.0423
0.90991
0.93972
0.77804
0.8147
0.80538
1.4655
0.78886
1.0965
0.68549
1.875
6.9984
0.74131
0.71779
0.66374
1.3152
0.73451
0.68549
10.162
22.542
21.878
25.003
26.73
25.119
25.645
25.293
11.803
7.9068
0.71121
0.86896
0.81658
0.69984
0.69984
0.67764
0.96605
0.93972
0.69024
0.88512
0.76384
0.66374
0.65615
0.70307
1.219
0.68234
0.70146
0.65766
0.66681
0.68549
0.63387
0.65163
0.83176
0.88512
0.68707
0.66222
0.71614
0.71614
0.70958
0.67143
0.68865
0.67764
0.70795
0.67608
0.65917
0.92683
0.70307
0.75509
1.0162
0.69183
0.67453
0.71121
0.72111
0.73114
0.69984
0.96383
0.79433
0.66374
0.66681
0.80538
0.70469
0.66069
0.69663
0.69502
0.65464
0.83946
0.69343
0.69984
0.70632
0.67298
0.72778
0.68865
0.66834
0.68707
0.73621
0.69024
0.70146
0.83753
0.83753
0.96828
1.3614
0.76384
0.70795
1.0304
0.70307
0.82035
1.0423
0.68707
0.65917
0.66834
0.68391
0.75509
0.87902
0.74645
0.68077
0.64417
0.66374
0.69343
0.66988
0.68391
0.85114
1.0471
0.87297
0.98628
0.94624
1.0889
1.0304
1.1641
1.4488
0.8995
2.1979
1.3213
1.205
0.79068
1.3428
1.3836
1.8239
1.2735
1.0593
2.1086
2.5645
0.86298
0.64121
0.67453
1.0864
0.68391
0.70469
0.87297
0.69024
0.68865
0.64417
0.70469
0.70469
0.64863
1.074
0.67608
0.69183
0.70632
0.73621
0.78524
0.77268
0.7145
1.1588
1.0304
2.2439
0.63533
0.67143
0.8892
0.74473
0.71779
0.65013
1.052
0.67764
0.65464
0.6792
0.79983
0.66222
0.66374
0.63973
0.70469
0.67298
0.71285
0.67764
0.67608
0.68077
0.69183
0.66374
0.64121
0.68549
3.8282
3.1405
0.70632
0.65766
0.70795
0.71285
0.69502
0.70795
0.65464
0.66222
0.66988
0.67764
0.66374
0.68234
0.66834
0.69663
0.66681
0.74302
0.73451
0.65313
0.72111
0.65013
0.71945
0.68707
0.68707
0.66834
0.70795
0.65013
0.69024
0.68707
0.69502
0.74817
0.75162
0.76208
0.67453
0.72277
0.70469
0.71285
0.76736
0.69984
0.69823
0.66834
0.70146
0.67764
0.6792
0.93541
0.66681
0.66527
0.72611
0.71121
0.68391
0.66374
0.68865
0.83946
0.67608
1.0568
0.66374
0.66374
1.1092
0.67453
0.64269
0.93972
0.69502
0.87297
0.65615
0.65163
0.72277
0.64714
0.6792
0.66681
0.65464
0.65464
0.94842
0.68865
0.65313
0.68234
0.99312
0.67298
0.67143
0.67453
0.68707
0.99083
0.67608
0.69663
0.66988
0.66527
0.71945
0.71614
0.68391
0.67298
0.91411
0.68707
0.65464
0.68865
0.68391
0.67298
0.69343
0.68865
0.89125
0.65615
0.67764
0.65917
0.68865
0.66988
0.67764
0.87297
0.68549
0.69343
0.71945
0.68865
0.69823
0.69502
0.66834
0.98855
0.72111
0.66988
0.83946
1.3152
1.5417
2.541
2.5704
3.4356
0.77983
1.3996
0.88105
0.9247
1.0423
2.5763
1.6596
1.1143
1.256
1.0593
1.2274
1.3274
1.7701
1.3274
1.9999
1.6368
0.70958
0.69024
3.281
1.5996
2.6669
0.66988
0.64863
1.5311
0.66681
1.932
0.66834
0.66988
1.2823
0.67143
1.8155
11.324
0.78524
0.72946
0.81658
0.69343
0.79433
0.69183
0.72611
0.73114
2.8314
8.7297
13.335
15.631
2.5704
0.82224
2.4434
3.1696
0.69024
1.5885
1.2589
2.0701
0.69343
2.4099
1.6144
0.67608
2.0091
2.0606
1.1561
0.80724
0.7379
0.8995
0.71614
1.205
1.4791
2.0606
0.82224
0.68234
1.0116
2.3933
0.70469
2.4378
0.69984
1.9588
0.71614
0.70469
1.9231
2.4547
0.68391
2.7164
0.64863
0.71779
2.6607
1.6181
0.72444
2.1627
0.7145
0.81096
3.2137
0.83946
0.90157
0.78705
1.3583
3.4198
0.68865
0.70632
0.72111
0.69183
0.69343
2.1232
0.69343
0.73114
0.71779
0.67608
0.7379
0.68549
0.68549
0.70307
0.70146
0.70469
6.5464
9.3325
1.9724
1.0328
0.69984
0.84723
0.67453
1.0328
0.72778
0.74645
0.71121
0.69183
0.70146
0.72111
0.72946
0.76033
0.71614
0.65766
1.2445
3.1117
1.888
0.67143
0.74989
0.97051
0.66527
9.4189
12.417
0.67608
3.0903
4.4055
17.539
19.724
19.498
24.717
23.442
24.889
2.8379
10.233
7.8886
0.69984
0.70958
0.71779
0.99541
0.69502
0.74302
4.256
11.429
20.091
20.277
21.878
22.439
19.498
2.2182
0.74302
2.2909
1.574
2.4889
0.65013
5.7016
2.884
0.74302
1.4997
2.9174
2.2182
13.002
0.71779
0.69663
0.69663
5.2119
0.73961
0.86696
1.052
0.7379
0.71779
5.035
12.677
15.885
15.849
23.878
18.664
18.967
12.331
17.458
25.293
24.099
23.988
29.107
26.669
13.74
5.4576
1.5382
2.6424
3.5563
18.113
18.793
1.074
1.4859
1.1995
1.4256
1.7947
1.932
3.8282
1.8836
6.0117
0.77625
0.69502
13.932
19.231
25.003
26.182
24.547
26.182
15.996
4.6666
1.9999
1.1455
1.0233
1.0593
5.2723
2.0091
1.1298
1.5704
1.5346
2.0559
1.4655
1.5311
1.2823
1.9861
1.3932
1.2388
2.6062
2.6915
0.66222
0.70632
0.68077
0.88512
6.6681
0.69984
0.68234
4.5709
15.596
18.155
16.032
16.293
9.0157
0.66681
1.6444
0.66222
1.3335
3.9084
0.70795
0.66527
0.68707
0.72946
1.4622
0.72611
11.015
20.137
22.336
24.155
24.266
23.388
25.293
24.946
20.893
21.928
7.6208
2.3442
3.2659
1.39
0.72946
0.70469
6.9343
12.331
16.904
22.08
26.607
23.768
21.38
7.1779
5.8076
1.8578
1.6218
0.81096
1.9231
1.5704
9.6605
9.2897
2.6977
1.2735
2.0184
14.191
5.445
0.70146
2.0417
0.73282
0.77804
1.3964
19.409
24.66
22.856
19.724
10.471
3.5156
13.062
4.0087
1.1885
1.8197
1.3428
1.4521
2.5177
0.91201
12.106
18.836
26.062
23.55
28.445
25.882
18.239
2.3496
1.6255
1.4454
1.4588
1.5922
1.0186
0.70795
0.81096
1.1535
1.0889
0.76913
6.7453
1.1194
0.89125
1.0495
1.8113
4.4566
3.8905
9.3756
13.459
22.646
26.546
24.889
28.054
23.121
27.733
25.882
4.2462
6.1518
0.69343
16.144
0.89536
16.596
20.797
26.424
26.607
20.606
18.923
6.3096
15.031
16.904
8.4918
6.5615
8.6099
0.79983
14.689
4.8978
1.1376
0.70795
3.9264
0.70958
6.0674
17.298
21.33
24.322
19.815
13.49
5.0234
1.5453
16.558
14.421
14.388
18.281
22.856
26.669
26.485
23.659
13.583
6.3826
3.8994
19.634
0.81658
2.7542
4.9431
15.74
25.235
27.733
22.909
20.893
17.62
14.791
4.5186
2.8774
3.3651
0.68865
15.885
21.627
24.434
23.878
22.856
20.701
18.923
9.1833
9.4842
1.2106
1.1803
2.3496
11.066
19.099
23.823
23.988
20.184
23.55
25.177
20.045
19.77
5.5081
15.066
7.9068
10.28
25.177
20.749
26.792
3.8994
10.116
0.67453
0.66681
1.0495
0.68549
20.941
18.88
23.121
22.699
25.177
2.7733
2.1928
1.2303
0.83753
1.1885
2.4889
1.2677
2.5704
2.8184
6.2806
0.69343
0.7379
0.71285
3.7325
20.749
20.749
26.73
26.607
19.815
18.155
22.029
22.909
12.05
12.078
9.4842
1.9679
19.231
0.70632
11.402
0.92045
0.66988
0.65013
13.709
11.508
3.9174
9.4624
17.906
27.29
25.468
22.646
23.174
27.164
19.187
20.417
1.1641
0.97051
2.5235
6.4121
18.75
21.677
22.961
23.933
22.131
18.793
23.388
19.187
17.579
27.606
21.677
23.768
7.0146
24.491
5.7148
6.0954
15.776
22.284
24.044
18.113
13.614
1.8197
0.80538
3.0409
17.62
0.73961
4.6452
0.86099
0.78343
0.81096
1.0046
1.39
15.066
1.205
1.2912
1.2162
1.349
1.7298
1.5596
1.6943
2.9107
18.281
23.388
21.827
25.061
32.81
7.8524
20.045
18.923
25.527
26.485
24.155
23.281
18.155
21.038
24.378
11.194
3.1261
10.28
16.293
1.6672
1.2218
21.627
25.823
25.293
17.62
25.586
22.542
24.774
18.621
21.38
1.1967
1.256
8.5507
16.866
0.96383
23.335
28.642
29.444
21.577
24.266
21.281
8.4528
2.2284
0.85704
1.8707
2.2182
20.277
24.266
23.714
22.909
24.322
23.496
22.961
23.335
21.33
2.0417
0.74989
10.046
1.3366
14.06
19.724
24.946
18.155
23.067
24.322
26.669
23.933
20.654
7.5683
5.1168
21.627
23.55
24.044
25.823
29.04
22.856
23.281
23.605
23.227
19.679
5.781
7.6736
6.3973
12.942
24.547
26.915
22.699
24.66
26.485
20.045
25.882
23.227
25.763
23.988
9.9083
17.742
20.701
23.823
22.856
13.932
7.4131
28.576
28.973
24.717
24.889
19.231
15.417
5.821
7.1779
15.849
22.646
24.155
18.365
21.232
20.701
18.836
28.51
23.442
24.266
18.923
21.627
0.7656
2.9512
7.8524
6.223
19.055
14.488
26.122
20.417
17.742
22.646
23.174
23.067
24.547
26.853
21.878
12.882
22.856
28.379
23.174
22.646
23.933
17.498
23.605
25.586
18.239
6.8234
8.414
0.90782
1.3366
16.904
24.889
28.907
22.387
20.606
26.607
25.003
22.182
8.4918
0.76033
0.71945
0.8091
0.74473
0.78163
1.0765
2.138
2.9376
18.75
20.277
26.002
26.485
22.387
18.493
25.704
25.942
28.445
25.119
22.909
17.62
12.417
26.853
22.131
22.856
28.249
24.604
25.882
27.669
22.439
26.002
26.363
19.953
13.677
2.1232
14.223
8.77
3.342
15.776
9.0991
1.4125
1.3002
1.3183
1.5136
1.6982
15.205
28.51
22.182
24.604
31.55
19.588
29.04
21.878
24.946
15.959
13.709
15.922
0.72611
0.80168
0.74645
14.488
22.284
23.174
23.823
28.184
29.107
25.061
27.925
23.227
23.388
25.942
1.3836
22.439
23.768
25.061
22.439
22.646
27.102
18.323
1.5031
20.606
14.997
18.323
2.208
26.485
26.062
24.774
26.062
23.768
24.155
25.763
24.604
24.717
1.6406
0.96383
5.1286
0.8147
0.90365
1.6032
2.4491
14.791
18.408
20.845
22.542
25.177
28.907
31.117
30.69
16.293
21.627
24.434
26.424
27.797
31.915
28.51
31.046
28.907
30.479
25.704
26.792
18.923
19.099
22.594
27.669
30.69
28.184
31.623
30.061
30.2
29.512
30.061
24.946
28.774
27.479
28.184
30.62
29.107
30.479
30.974
21.478
30.13
26.363
32.81
24.66
8.8308
13.932
