4.7534
33.574
33.037
8.4723
8.4723
8.4723
8.4723
8.4723
3.1333
2.1677
1.7989
2.2646
1.6218
1.2764
1.4289
2.3335
0.87902
0.81096
1.7498
5.188
4.0644
2.3988
19.861
0.83753
14.588
21.038
22.182
20.464
0.82224
2.1627
2.3659
1.4028
1.4093
3.8019
2.0559
2.541
1.9815
1.1749
1.6827
27.606
20.941
2.0701
21.979
19.77
20.23
2.2387
2.0277
16.293
2.1478
0.98628
2.3335
1.3804
1.2078
2.355
20.184
15.668
1.8155
1.5704
3.6644
2.023
1.1508
1.2735
2.6607
1.3183
3.581
5.2966
11.015
20.091
21.577
20.559
15.031
19.498
19.861
18.197
16.711
1.1324
1.0162
3.9537
3.5481
0.75509
1.194
0.77625
0.66374
0.97275
2.138
2.2182
0.8531
1.0375
1.2764
1.1455
1.0304
1.0351
0.90991
1.4622
1.3836
1.2134
1.2823
2.3442
1.4521
1.1117
1.052
1.9543
1.5488
1.3397
1.6672
3.1046
13.677
21.429
24.66
7.8886
16.827
10.093
22.803
20.324
20.464
18.621
18.113
17.298
18.707
6.4269
2.421
0.98175
0.8091
2.8184
1.1722
1.4028
1.5205
14.791
19.498
23.281
20.512
18.88
6.792
1.7498
5.2602
20.941
17.378
21.528
18.75
19.679
6.1518
9.9541
1.1402
3.9355
1.5488
20.845
19.32
18.408
17.742
20.559
18.03
20.417
0.79068
0.88512
2.6002
18.88
18.072
2.673
2.2387
1.0593
1.1749
1.0328
1.2589
1.5488
8.7498
23.281
20.749
20.091
18.493
17.498
17.022
1.1668
1.7338
1.7022
1.4421
0.80724
15.631
22.856
20.464
21.184
17.701
18.578
19.364
14.388
1.4454
1.9275
1.256
1.4689
17.338
24.547
23.121
17.742
21.33
21.677
0.65766
1.0715
1.1041
1.3274
0.90365
15.812
1.8323
8.3753
6.1094
0.87498
0.98855
1.3092
1.3122
2.2336
1.766
2.1577
1.094
3.0549
1.5276
0.77983
0.85507
0.96383
5.4828
1.5171
1.3614
1.2445
0.81096
1.4028
2.904
1.052
1.2618
1.3677
1.2972
1.8664
1.3397
1.0839
1.3804
1.6827
1.4757
1.3428
1.9454
1.2735
1.1995
1.1429
2.7669
1.4859
0.96383
1.5959
0.80168
13.836
22.803
26.363
26.485
22.542
21.135
17.418
19.099
19.011
21.478
24.66
1.7458
0.82985
2.8379
1.2023
1.8793
1.2218
0.95719
0.76736
5.2119
1.0471
1.1641
1.1967
1.3397
2.4378
1.5959
12.823
23.496
26.303
20.654
22.699
21.777
17.824
0.78524
0.76033
0.88512
1.0399
0.79616
1.1885
2.5177
17.906
1.7701
1.4622
1.1015
1.652
0.84918
0.72778
4.2462
11.272
1.1482
1.0617
1.3709
1.3996
1.3868
1.2445
1.3305
1.5031
1.2134
1.2618
1.2303
1.6943
0.89125
1.3032
4.9774
0.94406
1.1561
0.90573
0.877
1.3305
1.135
1.3062
1.2246
1.4028
0.73451
2.904
1.652
0.73621
0.72778
3.4356
1.3677
1.3213
1.3032
2.0797
1.2303
5.4954
1.2647
2.2699
1.6788
1.3932
3.4594
1.4622
1.205
1.2735
1.5996
2.0797
0.77268
0.71121
1.5922
2.133
1.5101
1.4588
1.3428
1.7022
1.4125
1.2764
1.6032
1.2618
1.2274
1.3274
1.1668
1.4289
1.0965
2.2542
1.1194
1.4256
1.1749
2.1577
7.4302
0.9247
0.70469
0.80168
3.6983
0.73621
0.77983
5.1404
2.8249
2.1979
1.5417
1.6406
1.5382
1.6788
1.556
2.1577
2.6424
1.7824
1.7701
1.2134
1.2647
1.5849
1.3614
1.5812
3.1623
1.9364
2.7227
1.71
1.556
2.208
1.8072
1.5849
2.1184
2.4378
0.65163
1.1995
1.8408
2.5235
1.5596
0.70146
0.75336
0.78886
2.2646
0.67143
2.3496
25.468
28.576
28.907
26.792
26.73
23.442
20.941
20.091
20.512
19.143
20.941
20.045
19.32
0.72277
1.0765
2.0941
0.72111
0.83176
2.0989
1.1641
19.77
4.1783
0.79068
1.0139
2.0277
1.3836
1.7539
14.158
2.2284
19.588
20.37
20.749
19.588
21.677
19.724
17.179
18.113
1.8793
1.8155
1.1066
1.7418
1.9364
1.5171
1.1324
1.4256
1.1967
1.8072
13.213
1.5241
1.1995
1.0814
0.8091
0.86696
1.0617
14.289
4.3053
0.64714
0.69984
0.72444
1.9055
0.69984
0.73961
0.72277
0.73114
1.2503
0.69663
0.74302
0.76913
0.7145
0.74645
0.9247
0.76208
0.66069
0.64714
0.74131
0.69024
0.75336
0.7656
0.74989
1.3932
0.79616
2.1727
0.90991
0.8414
0.82985
1.6558
1.0495
1.5885
0.83368
0.77625
0.85901
1.2445
5.7943
2.2961
2.3933
1.1092
2.904
1.1429
2.958
0.69823
0.76736
0.77446
3.9628
16.943
21.478
20.324
21.232
22.751
22.233
21.727
19.543
19.679
21.827
0.73451
0.76033
0.97949
1.1429
1.5417
1.1967
2.4946
0.92897
6.0674
10.209
1.0471
1.9055
1.7742
1.5382
1.3709
1.1194
2.4547
1.135
1.1535
1.9543
1.6106
1.3932
9.6161
1.1169
3.3729
1.3614
1.2942
1.4158
1.3932
1.4689
1.6596
3.155
1.6904
1.2647
1.1169
1.1885
1.9588
14.555
24.889
15.276
0.66988
8.2224
14.125
21.478
1.1858
1.256
1.2882
0.88512
1.1803
1.6482
1.5101
1.3274
2.3823
1.9143
1.3397
0.94842
2.3605
1.4997
1.099
6.5917
14.588
0.79068
1.9543
12.162
25.823
19.409
22.387
21.429
23.014
20.845
20.137
16.943
11.858
1.8707
0.75509
17.824
21.727
21.33
16.218
18.03
4.1115
0.71285
0.87297
0.73961
12.764
1.6634
2.208
9.594
17.989
18.88
2.2542
19.588
17.14
22.336
16.331
21.135
17.258
12.794
1.0375
1.3836
1.4655
2.6363
1.5382
2.9107
1.4093
1.0304
0.9594
1.8155
0.82035
8.5114
7.3961
0.72611
1.0471
0.75858
1.5136
0.65163
0.82414
1.4928
0.75162
0.7145
7.4989
1.4421
1.2274
1.0789
1.6406
1.1508
1.9724
1.7989
1.2445
1.5101
1.4322
1.3709
1.7783
1.183
1.1695
1.8408
2.2594
0.7656
0.77983
0.70632
0.81846
0.87902
0.89536
0.79799
0.84918
0.73451
0.80168
1.4859
1.3804
0.80724
0.7925
3.6983
2.2803
1.3772
1.0351
0.97499
1.2677
0.86896
2.4547
0.92683
1.1588
1.1695
1.2474
1.5205
1.0864
2.1528
0.71285
0.69343
0.76033
0.73114
0.91622
0.83176
0.86497
0.73961
0.83946
0.75509
0.80724
0.69183
6.7298
1.1535
1.2162
1.5311
1.6181
1.4454
1.3305
1.4757
2.6669
6.6681
1.1912
2.1528
14.655
20.045
22.856
26.363
17.66
18.664
19.231
17.906
20.091
17.458
9.8855
0.76913
0.72111
1.0495
0.99312
1.2823
0.81283
1.1246
1.0864
0.97949
1.766
2.0184
1.4256
1.652
1.374
1.2474
0.96161
1.1749
1.574
3.6392
1.7989
1.0375
2.0184
0.70146
0.78343
0.72444
0.73961
1.5704
0.76384
7.8886
1.2531
1.9999
4.6881
7.0469
15.241
19.187
22.439
19.011
18.621
21.135
3.8726
14.928
0.8091
3.4674
0.66374
0.70146
11.169
0.66222
2.1429
0.67764
0.65766
1.5171
0.66681
0.74989
0.81846
0.72778
0.93541
1.0399
0.72444
0.63533
0.71945
0.68865
0.73114
0.86896
0.71285
0.70469
0.97051
0.66681
0.71285
0.75509
1.0046
0.66681
0.68865
0.68865
0.71614
0.64714
0.78705
0.65615
0.67143
0.68865
0.68549
0.63387
0.68865
0.75336
0.68234
0.70795
0.70307
0.68234
0.69502
0.71614
22.439
13.521
17.539
10.304
17.14
23.227
13.709
0.74817
0.65615
0.97051
22.08
23.878
24.155
14.622
5.8884
0.96383
0.79983
0.7379
0.73282
12.764
0.67298
0.76736
25.586
18.072
18.707
12.706
5.3951
1.1402
0.68391
3.0832
1.8239
2.8249
2.2131
1.2794
1.4825
1.8707
1.6904
3.2584
1.2618
0.93756
4.217
1.5241
0.81658
0.82985
0.84528
0.7925
0.84918
0.78886
0.83946
0.76384
0.81096
1.4093
0.76736
0.8414
0.8414
0.73282
0.73282
0.86099
0.79983
0.72111
0.84333
0.76736
1.219
3.9174
1.5488
11.885
4.2073
1.5668
1.8923
4.3053
1.7219
1.5311
1.6032
1.9679
1.39
2.4044
3.4356
0.84918
4.0644
1.5524
1.6749
0.72611
0.8147
0.72277
13.092
2.7416
3.1405
2.2439
1.3032
2.8445
1.8197
6.0256
3.6644
0.75509
0.70958
0.71121
15.56
10.617
4.3251
1.0093
0.70958
0.69343
0.83753
0.68707
0.68234
0.73282
0.67298
0.70469
0.76033
0.72946
0.74131
0.72444
0.88308
0.70958
0.67143
0.88105
0.74302
0.8147
0.69663
0.77625
0.70632
0.79068
0.67143
0.70958
0.80168
0.68549
0.70795
0.75162
0.69343
0.77804
0.70632
0.69343
0.73114
0.74302
0.70958
0.71779
0.69984
0.6792
0.7656
0.76033
0.7656
0.75683
0.73621
0.69183
0.70958
0.72778
0.73621
0.67298
0.68234
0.80168
0.71121
0.73114
0.84333
0.74473
0.67143
0.67143
0.72611
0.7656
0.65313
0.72778
0.70307
0.65013
1.5241
0.66527
0.70795
0.72444
0.68549
0.70632
0.81658
0.74817
0.73621
0.68707
0.72277
0.70469
0.79433
0.7379
0.72111
0.74817
0.71945
0.69024
0.66374
0.66069
0.72277
0.73961
0.7145
0.71614
0.70469
0.74645
0.72611
0.67453
0.70958
0.6792
0.72946
0.68077
0.72111
0.68234
0.81096
0.71614
0.69183
0.75336
0.78163
0.68549
0.74302
0.86896
0.69984
0.66374
0.71121
0.70795
0.73961
0.87096
0.75162
0.70632
0.70469
0.70632
0.72111
0.74817
0.75683
0.7709
0.66374
0.77625
0.78343
0.65917
0.68707
0.81096
0.71614
0.73621
0.69024
0.70795
0.72611
0.68707
0.73282
0.68391
0.69502
0.65464
0.76384
0.76208
0.77804
0.70307
0.70469
0.69663
0.70146
0.68549
0.76913
0.65313
0.74473
0.79433
0.75336
0.71121
0.68234
0.82414
0.7925
0.68865
0.70795
0.6792
0.71121
0.74131
0.79433
0.77804
0.75683
0.77983
0.69663
0.69502
0.93541
1.3032
1.219
0.77268
1.0839
1.2503
0.83946
1.4825
0.88512
2.0941
1.0864
1.3868
1.2794
0.97724
1.932
1.2882
1.0691
2.8445
2.851
1.2647
1.5596
1.2531
1.9055
2.138
2.799
0.67453
0.79068
1.9679
0.96605
1.4894
1.5488
1.6749
2.5061
1.5205
3.281
1.4622
0.66681
0.76033
0.73961
1.4223
0.78705
0.71779
0.8147
0.69984
0.67298
0.65464
0.6792
0.72277
0.72277
0.78163
0.82414
0.79068
0.76033
0.76033
0.85704
0.91622
0.74131
0.73961
1.2503
1.1858
1.1246
1.5885
0.8091
2.0893
0.70958
0.65013
0.71614
0.71614
0.65766
0.90157
0.73451
0.71614
0.71779
0.71121
0.76384
0.69024
0.73114
0.66681
0.77983
0.68549
0.74817
0.74645
0.68865
0.70795
0.6792
0.70795
0.67608
0.82985
1
0.75683
0.69984
0.65013
0.78163
0.88105
0.72611
0.67143
0.73114
0.71945
0.68077
0.68391
0.71945
0.69024
0.70307
0.66681
0.67764
0.76033
0.69502
0.67143
0.63973
0.67764
0.70307
0.69024
0.71614
0.76736
0.68234
0.64863
0.65313
0.68549
0.69183
0.67143
0.69502
0.69823
0.70632
0.85507
0.69984
0.68707
0.70146
0.69663
0.72444
0.71121
0.70795
0.65766
0.68077
0.69024
0.82985
0.69183
0.69502
0.73451
0.68549
0.71121
0.66834
0.66834
0.71121
0.70469
0.74989
0.7709
0.69343
0.66527
0.73282
0.71945
0.74645
0.73282
0.69502
0.67143
0.70632
0.65917
0.74645
0.67764
0.66069
0.69502
0.64863
0.87297
0.70958
0.68549
0.88308
0.79433
0.68391
0.68865
0.69024
0.74817
0.73282
0.65766
0.6792
0.71285
0.76736
0.66527
0.81846
0.69823
0.71614
0.76208
0.68865
0.68234
0.72277
0.71779
0.72611
0.70795
0.68549
0.71285
0.65917
0.69024
0.69984
0.69343
0.67764
0.63387
0.68865
0.66988
0.69343
0.69502
0.68549
0.79983
0.67608
0.99312
0.70958
0.73621
0.70958
0.72111
0.69502
0.70795
0.78524
0.74645
0.70307
2.4946
1.6032
1.3213
0.85507
0.69502
4.0365
1.183
1.7742
1.1298
1.2274
4.1879
1.2162
1.3459
1.2647
1.7298
1.2303
3.4435
2.7861
0.97499
1.8323
1.406
3.2584
0.94406
1.5959
4.7534
0.85114
0.71121
0.65464
0.73621
1.7338
1.4689
3.6644
5.2723
7.3621
20.989
24.491
24.547
20.37
21.577
13.964
1.8072
2.3823
1.2503
2.0091
1.0186
0.80353
0.8531
2.0277
0.65163
0.89743
0.83368
1.028
0.8356
1.932
0.7145
0.76208
1.766
1.6406
0.76033
0.71779
0.69343
0.75509
0.69663
0.69183
0.76033
0.77804
0.71614
0.73114
0.67453
0.69183
0.73621
0.80168
0.84528
0.69502
0.74131
0.73621
0.74989
0.73282
0.71779
0.71779
0.78886
0.74302
0.74473
0.73961
0.72111
0.77446
0.73282
0.84528
0.78163
0.79983
0.72111
0.73282
0.80353
0.70469
0.74645
0.75683
0.74473
0.71121
0.77268
0.72444
0.80538
0.78343
0.78524
0.70307
0.80353
0.68549
0.82794
0.69024
0.74645
0.84918
0.71121
0.70795
0.72778
0.68234
0.67453
0.73114
0.71121
0.73114
0.67608
0.73621
0.8356
0.73961
0.92897
0.72946
0.79433
1.8323
0.85901
0.96161
1.7498
2.6182
0.67143
0.70469
0.7145
0.67608
0.67298
0.69024
0.66988
0.72778
0.75858
0.7145
0.69343
0.70146
0.68234
0.71285
0.78163
0.73961
0.71121
0.69183
0.75336
0.6792
1.6106
2.6792
2.8119
1.3932
1.0328
0.78524
1.2303
4.9659
3.4914
0.87498
0.83368
2.5235
0.7379
1.1967
0.75683
0.86298
0.82604
0.76913
0.88105
0.82035
1.3459
0.65615
1.028
0.69984
0.80538
0.68391
0.71945
0.69343
0.6792
1.9275
1.39
1.0351
1.3772
2.9242
1.4191
1.3868
2.5704
1.135
1.4521
1.4421
1.2853
3.0269
0.73961
0.71121
0.69663
0.7379
1.4997
1.0046
1.0814
1.1885
3.0479
1.2162
1.6904
1.4093
1.5524
1.3583
1.1749
2.1928
1.6255
1.3614
2.3605
1.5171
3.9628
0.66527
0.66988
0.65766
1.6788
4.0458
0.70632
0.69663
0.70958
0.80168
0.74131
0.70469
0.8531
0.98855
0.68234
0.76736
0.78343
0.66527
1.3274
0.68234
7.6208
1.7338
2.0654
0.71614
0.74302
0.71614
0.74131
0.73621
0.68391
0.7379
0.71121
0.69502
0.76736
0.73451
0.79068
0.76913
0.66681
0.72946
0.65615
0.69343
0.92897
0.67298
0.71614
0.8414
0.69183
0.70146
0.72946
0.78163
0.66374
0.71779
0.76384
0.67453
0.68549
0.78343
0.72611
0.73282
0.73282
0.71779
0.70632
0.72111
0.70795
1.2972
0.72111
0.69984
0.72444
0.66374
0.77804
0.76384
0.74989
0.72611
0.72444
2.5823
0.71945
0.73282
2.6182
1.977
1.5596
1.6596
1.5776
1.2388
1.0666
1.205
2.1777
2.704
2.4774
0.8091
0.78163
0.69343
3.5075
0.75509
2.2439
3.3884
0.73114
0.7145
0.72444
0.71285
0.62373
0.70146
0.70632
0.7145
0.96161
0.90573
0.75683
0.75858
0.79068
0.79983
0.99083
0.99312
2.5061
0.73282
0.7379
1.0351
0.80168
0.68865
1.8621
0.67608
0.75336
0.68549
0.71285
0.68391
0.64565
0.71121
1.7701
3.069
0.64121
0.82794
0.65917
0.78163
0.72111
0.66069
0.70632
0.65013
0.73114
1.0617
0.7145
0.75162
0.67608
0.68707
1.3772
0.8147
0.65917
0.68549
0.67143
0.70795
0.69823
0.65766
0.68549
1.6634
0.72778
1.6331
1.556
2.9242
1.1429
1.8408
2.0845
1.2474
1.875
1.3552
1.9953
1.6482
3.1989
1.3677
1.2764
1.8197
0.89743
0.6792
0.77804
3.6475
2.3227
1.4421
1.349
1.1858
2.8379
1.6904
1.6293
1.0116
1.4859
1.2794
1.7742
2.8379
1.2274
1.1402
5.2
0.73114
6.8391
2.1677
0.7379
0.71121
0.79433
0.74131
0.72444
0.75162
0.64417
0.74645
0.65917
1.3646
1.8493
1.5596
1.4289
1.9011
1.2647
1.3964
1.4859
1.7947
1.2531
1.5031
2.0137
1.7701
2.4946
1.1561
1.0864
1.1066
2.5351
0.64565
0.71614
0.79068
0.74302
0.8147
1.2246
0.73961
1.3521
0.72611
0.69502
0.73621
0.79799
0.69502
0.63096
0.68549
0.76384
0.72111
0.67298
0.75162
0.67143
0.66222
0.77983
0.65013
0.63973
0.70146
0.70469
0.71614
0.73114
0.72946
0.67143
0.75858
0.68865
0.69343
0.68865
0.67453
0.73451
0.97949
0.69183
0.75162
0.71285
0.82224
0.73451
0.7379
0.69823
0.68707
0.73114
0.7379
0.70307
0.73114
0.70307
0.67298
0.80168
0.66834
0.72444
0.71285
0.7709
0.87297
0.82414
0.92683
0.71121
0.75683
0.71779
0.70307
0.70632
0.75858
0.7145
0.70632
0.76736
0.70958
0.70795
0.6792
0.86696
0.78343
0.70469
0.66681
0.65163
0.87297
0.69823
0.69823
0.80353
2.133
1.3646
18.75
18.88
21.878
22.594
21.135
20.606
18.88
19.187
19.861
15.311
1.9679
3.54
1.4962
7.9983
4.5604
5.236
16.866
1.7061
2.2284
0.84918
9.506
12.503
5.902
14.289
1.2474
2.2284
1.1995
0.64714
1.3152
0.63096
0.76384
0.70795
0.77446
0.7379
0.69823
0.91411
0.68234
1.7865
0.68234
0.96383
0.75162
0.71945
0.66374
0.66069
0.65163
0.66222
0.69343
0.66834
0.62951
0.65163
0.68549
0.65615
0.65766
0.73282
0.64417
0.73961
0.7145
0.73114
0.72946
0.72111
0.66988
0.66988
0.71121
0.76033
0.70307
0.64714
0.64417
0.66834
0.69024
0.65464
0.97275
2.3067
2.6792
0.75683
0.76384
0.73961
0.92045
0.7709
0.72778
0.71285
0.82035
0.75162
1.9099
0.6792
0.71285
0.70958
1.0765
0.74817
1.0864
1.4421
1.183
1.5417
1.1066
1.3335
2.5061
1.4191
1.1858
1.4454
1.5922
0.72778
0.75509
0.68865
0.67143
0.78705
0.69823
0.67764
2.673
0.78705
0.75509
0.69984
0.72946
0.67298
0.76208
0.7145
0.66069
0.68707
0.69502
0.72778
0.81658
1.8967
9.0573
9.2045
2.1627
0.75336
11.803
0.82985
0.78886
0.89536
0.7925
0.74302
0.7379
0.77446
0.71285
0.82985
0.70795
0.68707
0.70469
0.69024
0.70795
0.81658
0.71285
0.7379
0.67298
0.80353
0.82224
0.7925
0.77268
0.74989
0.79616
0.76384
0.78163
0.78886
0.70469
0.78163
0.77804
0.79433
1.4588
0.79799
0.68549
0.73961
0.69663
0.77804
0.76208
0.69984
0.66222
0.72611
0.72444
0.72444
1.3932
2.466
0.95499
1.2474
2.1928
0.77983
0.69823
0.71779
0.72778
0.72444
0.73451
0.7709
0.69343
0.73114
0.68707
0.6792
0.7656
0.71945
0.70632
0.76736
0.69984
0.82985
0.75509
0.74473
0.75162
0.72946
0.74989
0.74302
0.82604
0.73621
0.69343
0.81283
2.3714
1.7418
0.73451
0.67453
0.74817
0.71285
0.75858
0.75683
0.72946
0.94624
0.74473
0.72778
0.79983
0.82985
0.7379
0.69343
0.71614
0.74131
0.73114
0.7145
0.69502
0.7379
0.74989
0.78343
0.7145
0.74131
0.81846
0.80724
0.75683
0.73961
0.75162
0.66988
0.77983
0.74131
0.75683
0.77446
0.76913
1.8664
2.0417
1.7579
1.4825
1.888
0.68077
0.6792
0.66834
0.74302
0.78524
1.4622
5.4576
1.1641
1.3459
1.6943
1.4689
1.349
1.3459
1.6749
1.6218
0.83946
1.3521
1.1194
1.8923
1.0471
1.0568
1.194
1.71
1.3122
1.9187
2.8249
1.0304
1.6444
1.3274
1.2764
2.8314
0.76384
0.69183
3.155
0.73282
0.62951
0.68549
0.72444
0.72444
0.70795
0.68865
0.67764
0.67298
0.73114
0.67143
0.62806
0.7656
0.66834
0.64863
0.65313
0.73451
0.73114
0.72946
0.66988
0.83753
0.74817
0.70469
0.7656
0.72277
0.72611
0.78886
0.77446
0.74131
0.73961
0.71779
0.66834
0.75162
0.72111
0.69984
1.4223
0.64417
0.71945
0.86298
1.074
0.74817
0.65313
0.7145
0.74989
0.71121
0.70469
0.77446
0.71945
0.65163
0.75162
0.70307
0.68077
0.67143
0.70795
0.72611
0.74645
0.67608
1.5066
1.39
1.1272
0.73961
0.70469
2.3121
8.091
0.85704
1.1588
1.1324
0.9247
0.83176
1.8836
0.82604
0.75509
0.83753
1.0069
0.80353
0.74989
0.78524
0.82604
0.99312
0.70469
0.75683
0.69823
0.76033
1.9907
0.74302
0.72778
0.80538
0.77268
0.74131
0.76736
2.8119
3.4435
3.6644
0.75858
0.72778
0.74302
0.65464
0.69663
0.81096
0.76384
0.71614
0.69984
0.79983
0.70632
0.72778
0.69502
0.73621
0.70795
0.8091
1.5031
1.6144
1.3002
2.2131
1.9454
0.92045
1.652
0.80353
0.76384
4.1687
2.3442
3.9174
1.0641
1.1776
2.4434
1.8113
2.4547
0.68549
0.76384
0.73961
0.72611
0.66988
1.6788
0.79433
0.74131
3.4356
1.1376
0.74817
0.70958
0.80724
0.74817
5.3333
0.68865
0.87297
0.72778
0.75509
1.1858
0.78886
0.72277
0.86099
0.74473
0.77804
0.6792
0.67764
0.73114
0.90573
0.79433
0.88308
0.78343
0.70146
0.75162
15.56
19.454
21.086
20.37
21.429
1.7539
2.6182
1.5922
2.0137
1.094
0.84333
3.7497
3.6141
1.1298
1.5922
2.1281
1.4488
1.9953
1.6672
1.7579
1.8408
0.77268
1.6406
1.028
5.0119
0.75683
0.69183
2.1478
1.7989
1.7539
1.028
1.0617
1.1092
1.2023
4.0926
3.1623
13.996
7.4302
0.76208
0.73621
0.80353
3.1189
18.03
14.223
1.2912
1.3152
8.3176
1.2134
1.6444
1.074
1.2106
1.2618
1.7338
3.9902
15.031
6.6527
0.78886
4.1783
21.33
25.119
23.768
22.08
10.447
0.9977
1.9953
1.4723
0.87902
0.83368
0.74131
2.4491
0.63533
0.81846
1.0814
3.5892
15.031
19.409
19.409
21.478
17.539
14.622
18.88
20.701
14.355
1.2303
2.7353
5.0582
7.9433
11.015
1.556
0.89536
0.77983
0.66527
0.70632
0.75509
0.71614
1.4859
1.0023
1.1508
0.74817
0.82035
0.69663
0.69502
0.76208
0.72277
0.84528
0.74131
0.9528
0.75336
0.78343
0.70469
0.68077
0.65464
0.72444
0.78524
0.8356
0.69984
0.74817
0.7145
0.9594
0.8147
0.82794
0.81096
0.70307
0.69502
0.83753
0.77625
1.7219
0.68077
0.70469
1.1912
2.4774
0.8356
0.81096
0.93972
0.9594
1.3183
0.9594
0.72444
0.78886
0.69823
0.72611
0.82224
0.7379
1.094
0.77625
0.84528
0.68707
0.70795
1.1324
0.83368
0.80724
0.82794
0.74817
0.7145
0.73114
0.76033
0.67143
0.82414
0.70469
0.77983
0.76736
1.0765
0.77268
0.76913
0.70958
0.86896
2.958
0.73114
0.77446
1.8621
7.0307
0.75162
0.75683
0.70632
0.64565
0.73621
0.7709
0.76208
0.71285
0.74473
0.68391
0.70307
0.71121
0.74645
0.6792
0.76736
0.71285
0.67143
0.65313
0.75683
0.68077
0.72444
0.69984
0.71285
0.72778
0.6792
0.73961
0.7379
0.74302
0.74302
1.9588
1.1298
1
0.73621
0.67143
0.70632
0.68234
0.69502
0.7145
0.77983
0.67143
0.80538
0.67608
0.69024
0.67764
0.70307
0.69343
0.66222
0.63973
0.64417
0.69024
0.87297
0.65464
0.72277
0.72444
13.964
1.6069
2.6977
1.1508
1.374
1.0666
0.87902
1.135
3.2063
2.3014
0.70958
0.71779
0.77983
0.7379
0.70307
0.78524
0.72611
0.80168
0.72277
0.78343
0.82035
0.69823
0.68707
0.69502
0.79983
0.65917
0.69984
0.68391
0.66988
0.79068
5.6494
11.588
17.061
0.66374
0.93972
0.9247
1.0914
0.82794
1.5631
4.0926
7.0795
5.6754
0.66681
0.66527
0.67143
0.70146
0.68865
4.1687
1.7219
0.70307
0.68549
0.69024
0.74645
0.72277
0.69343
0.66374
7.4817
1.2647
0.76033
0.68865
0.66069
0.70307
0.64269
0.65917
0.73961
0.70146
0.75162
0.80168
0.71614
0.70469
0.69823
0.69343
0.66527
0.73961
1.6181
0.66834
0.68549
0.64714
0.81283
1.3213
0.83176
1.8493
1.4689
1.1455
1.2023
2.0184
1.5812
1.2246
1.8197
1.4191
1.2853
1.2218
1.3709
1.2078
1.1535
1.3428
0.81096
1.9409
0.86497
0.69502
2.4266
6.3826
0.72778
0.67298
0.71285
0.66681
0.73282
0.66988
0.72111
0.69663
0.67608
0.68865
0.66222
0.69343
0.71285
3.1261
1.4322
0.77625
0.82035
0.86298
0.92045
0.73451
1.3996
3.0339
11.535
13.932
19.454
23.605
16.596
19.099
19.588
21.777
19.815
12.764
1.5136
1.135
1.1194
1.135
1.4825
1.1324
3.6644
2.884
0.74302
7.0632
13.305
1.2023
4.0926
10.864
23.605
20.23
3.8371
5.4075
4.1976
8.4918
17.742
20.277
22.336
20.512
21.478
22.029
22.284
18.75
19.011
20.091
4.9659
2.0701
1.6218
0.7656
0.73451
0.71285
6.4121
0.8356
0.66988
0.77625
0.75336
0.79433
6.9663
9.6605
2.1038
2.1232
2.2751
1.2823
12.388
0.72946
0.65615
0.68549
0.67764
0.65615
0.98628
0.68234
0.73282
0.72111
0.65917
0.71285
0.64714
0.69663
0.74131
0.68865
0.73961
0.70795
0.81283
0.63096
0.71614
0.76913
0.70632
0.75509
0.70146
0.66222
0.65163
0.70958
0.73114
0.66069
0.73621
0.68234
0.68391
0.68077
0.71121
0.68391
0.73451
0.64714
0.8147
0.73451
0.69663
0.65917
0.66374
0.75162
0.7145
0.71121
0.74645
0.67453
0.64565
0.66527
0.69183
0.72611
0.65917
0.76208
0.66834
0.72778
0.68549
0.66527
0.70469
0.74645
0.66988
0.83753
0.72111
0.89536
0.99083
0.89743
0.80168
0.8091
1.0495
0.79433
0.68077
1.1995
0.76384
1.9011
0.70146
0.70146
0.66988
0.68077
0.73451
0.68865
0.69343
0.70307
0.66069
0.69343
0.74645
4.8417
0.85507
2.8774
1.0864
1.1143
1.3152
2.6607
2.3442
1.5171
1.374
1.2764
4.3451
1.3804
6.1944
1.0257
1.4825
1.0593
1.9454
1.932
9.2683
0.70632
0.7925
0.69183
0.73114
0.74817
0.70146
0.73961
0.75858
0.78705
13.646
19.32
20.845
18.197
14.894
0.71779
0.99312
1.3152
0.8356
1.1015
1.074
2.6002
1.1169
0.98175
1.9543
0.96828
1.6331
2.0324
1.4757
0.74473
0.81096
0.87297
3.1623
1.2735
1.1169
1.4655
1.875
2.6977
0.90573
0.81096
0.75858
1.2618
1.3772
0.75858
0.90782
1.5101
0.72111
0.74817
0.79983
1.2823
1.2331
1.6482
0.79433
0.84528
0.96828
0.89743
0.78524
1.0447
1.9588
6.6222
0.89125
0.76208
0.77625
0.69343
0.84528
0.76384
0.74817
0.73114
0.83176
0.71285
0.76913
1.8578
0.80724
0.71121
0.76384
0.69823
0.73282
0.70146
0.69024
0.70632
0.79068
0.78163
0.7925
0.73282
0.7145
0.76384
0.67608
0.71779
0.79983
0.72111
0.76913
0.66681
0.77625
0.76736
0.70307
0.7379
0.87498
0.70795
0.72946
0.75509
0.77446
0.80353
0.70146
0.71945
0.74989
0.79068
0.93325
0.71779
0.80724
0.71945
0.77268
0.82035
0.69343
0.72946
0.84528
0.73114
0.69502
0.67608
0.69343
0.67453
0.7145
0.73621
1.8793
10.328
14.689
0.78343
1.2794
2.1478
9.6161
11.722
11.94
1.4093
2.2594
1.9907
0.7379
0.8147
0.8995
0.7145
0.71285
0.6792
0.6792
0.9594
2.5823
0.64863
0.68549
0.67298
0.69183
0.69663
0.71779
0.69183
0.72111
0.74817
2.1777
5.0234
1.0617
0.66834
1.9364
5.9293
4.7753
8.356
12.735
10.789
9.4624
1.1588
1.6181
1.2162
1.2023
2.2491
0.77983
1.4859
0.68865
0.75683
0.81283
4.0179
11.194
3.9994
7.6033
10.471
13.183
15.996
1.8113
3.2734
2.5293
1.5922
1.2589
3.1696
0.86298
0.75162
1.803
13.677
13.996
13.062
21.135
15.311
16.866
21.38
15.346
7.5336
0.78163
0.76913
0.8414
0.82985
0.76384
0.86099
0.7925
0.89331
3.4119
2.5119
0.74989
0.76384
1.2218
0.75336
0.82414
0.76913
0.75509
0.72111
0.73282
0.92683
0.80724
0.82985
0.67764
0.92257
0.71945
0.73282
0.69823
7.4989
4.6989
3.8548
0.64565
0.66988
7.4131
0.76033
0.71285
0.66988
0.68707
6.9343
0.76384
0.96828
0.97051
1.4588
1.9454
5.9293
1.5524
1.349
2.704
1.2735
5.821
4.6238
6.6681
0.98401
1.2474
1.2445
1.219
1.6558
1.6634
0.69343
0.66834
0.80538
12.735
15.488
15.812
3.7154
1.9187
1.3583
0.73961
0.72778
0.74817
0.80724
0.79433
0.73282
0.8892
0.7925
0.78886
3.8019
0.72778
0.67143
0.70632
0.71285
0.69663
0.83946
0.75336
0.71614
0.70958
0.68707
0.77625
0.70632
0.7145
0.81658
0.8995
0.83946
0.81096
0.85901
0.88512
0.75336
0.79068
0.79983
1.0116
0.74473
4.5082
0.79799
1.219
0.68865
0.70307
0.73282
0.74473
0.68234
0.70958
0.69663
0.78524
8.2604
14.555
15.596
19.187
19.055
14.093
19.999
23.067
19.999
16.749
17.742
14.521
6.3533
1.3459
17.418
6.2951
0.69343
0.81846
14.388
18.664
0.94189
1.6032
5.188
6.2373
1.2078
1.1641
1.7906
2.3823
1.2531
1.1749
3.1405
8.995
20.559
17.701
20.512
14.028
2.3659
3.0903
1.5922
1.5922
6.0256
0.71945
0.70795
0.77804
4.5186
0.65013
0.69024
8.8105
14.125
18.493
13.836
16.331
6.7298
15.417
1.9143
0.72277
0.80538
0.70469
0.80353
0.75336
0.95719
0.65464
0.68234
0.73961
0.68707
1.4223
0.73451
0.65917
0.69984
0.76736
0.74302
0.75336
0.78343
0.69502
0.72611
0.66834
0.74302
0.73282
0.71779
0.65766
0.69502
2.3605
3.8726
0.88716
0.72946
0.75509
0.7656
0.81096
0.81658
0.69984
0.70795
0.82985
0.66681
0.76736
0.74302
0.96605
0.78343
0.75683
0.78343
0.8531
0.78343
0.77983
0.7709
0.78705
0.7379
0.73114
0.69183
9.2045
8.2414
1.4191
1.2445
1.6144
0.99541
1.556
1.1169
1.9634
5.5081
0.63533
14.125
17.298
15.922
21.33
13.552
0.72778
5.4075
13.183
9.8401
2.8249
2.3067
1.8365
1.3677
2.7669
1.3709
0.98628
0.70632
0.68234
0.69823
0.76384
2.2751
8.6298
15.136
1.2764
1.845
1.0209
6.0954
13.243
15.241
22.029
18.793
19.454
17.179
15.776
1.8155
10.641
14.421
2.5823
4.4771
1.1776
1.0328
3.0903
0.877
7.0307
0.88105
0.85704
0.80724
2.3121
13.49
1.0328
1.0965
1.0593
1.0593
1.5596
6.5615
0.65917
7.0146
0.67764
0.73621
1.3583
0.71614
0.72946
0.74302
3.0549
14.588
19.543
13.709
21.33
19.907
19.999
18.578
17.824
10.789
0.76736
2.9242
0.89125
3.1842
0.72778
0.66834
2.7102
2.5527
0.8147
2.355
6.223
0.77625
3.0479
0.93756
0.80353
0.71779
0.71779
0.85704
0.76736
0.71614
4.3251
5.7544
2.4155
3.062
2.2233
0.75509
0.72111
3.0269
0.75336
8.414
17.179
16.032
23.55
22.336
14.997
6.792
5.4325
0.68549
0.78524
0.69984
0.65917
0.69984
3.8548
0.71285
0.73282
0.76033
0.72946
0.66834
0.66834
0.79799
0.76736
0.75509
0.71285
0.71121
0.82224
0.73114
0.73451
0.76384
0.75509
0.69663
0.76736
0.78524
1.074
0.77268
0.80168
0.77446
0.8147
0.76736
0.77983
0.76208
0.78163
0.7656
1.3614
1.5453
2.1478
0.68077
1.3552
0.66681
0.68549
0.73621
0.67764
7.9799
0.84723
0.72277
0.78886
0.80724
0.78705
0.75336
0.86696
4.4259
6.2517
0.78343
0.76384
3.7584
0.80724
0.71779
0.8147
0.81846
0.73961
0.7709
0.79433
2.5061
0.82985
0.73282
0.89536
0.81846
0.66374
16.749
17.906
23.768
22.646
20.845
20.23
18.239
16.904
4.5604
3.4834
1.7701
1.3183
1.3032
1.6032
8.4333
18.793
21.727
1.0666
4.6559
1.099
5.0582
3.1117
1.9679
3.3729
2.904
1.2589
2.9444
7.6736
17.498
6.6069
18.578
3.5237
12.417
20.137
17.061
21.184
17.338
13.213
15.066
16.482
3.8815
6.5615
1.8535
0.99083
2.6853
3.4754
0.81096
11.066
13.274
15.56
24.266
17.62
19.011
22.131
20.559
21.33
18.664
18.323
4.4055
3.6559
3.8815
1.2134
0.64714
0.73114
1.1246
0.68234
0.68234
4.592
0.71779
0.71614
2.4831
0.69024
0.72444
14.588
17.378
20.37
13.868
15.171
19.999
7.8524
1.7458
1.2388
2.1878
0.71614
0.76913
0.68391
1.2794
0.7379
0.69984
0.70958
0.68234
0.88105
0.69663
0.69823
0.68234
7.7268
1.0914
0.77804
3.8815
0.72611
3.1117
0.83946
0.77983
0.66681
0.7379
19.099
17.824
19.364
16.032
14.622
18.88
17.865
17.989
23.014
20.137
17.458
17.022
1.9099
2.1429
1.2794
1.1508
1.406
1.1668
1.0399
1.2474
4.7973
0.80724
0.85114
0.80724
0.77446
3.3806
0.77625
0.72611
0.84918
6.7143
0.8356
3.5075
0.70307
0.68391
0.72611
0.65313
0.69183
0.70146
1.4962
0.81846
0.75683
0.70469
0.64565
0.64565
0.82224
0.7656
0.77268
0.83176
0.88105
1.1535
1.0069
1.9454
1.574
1.4388
0.74645
0.73961
0.82035
0.74473
0.74989
2.2646
1.4622
0.83753
0.84333
0.66374
0.79616
0.7709
4.8306
0.74645
0.74131
0.70307
0.69663
0.76208
0.70795
0.71285
0.79433
0.74131
0.78886
0.73114
0.74131
0.72277
4.9317
17.579
21.33
15.704
17.865
21.184
17.298
19.953
19.724
18.578
4.2073
0.92897
1.2706
0.80353
0.66374
0.62661
5.3456
16.144
1.7989
2.1827
1.5205
1.4997
2.208
2.2233
8.1846
2.2491
6.8549
0.79433
0.76208
0.70958
0.76736
0.71945
0.8414
0.73621
0.72778
0.71779
9.0157
15.959
17.498
17.62
18.793
20.797
13.804
11.858
2.2751
2.3442
2.0941
1.074
2.5235
2.3823
2.0464
2.8054
0.92045
0.74989
0.73961
0.74817
6.3533
0.70958
0.70795
17.989
17.539
17.66
19.815
22.751
22.646
14.421
7.8343
0.96828
1.2764
0.91411
12.503
0.6792
0.78886
0.70795
0.73961
0.73282
9.2683
11.143
0.71614
0.66527
13.709
2.5645
0.63533
1.4894
3.0269
2.5586
2.9923
9.2683
4.8417
1.1298
1.4028
4.3954
19.364
20.464
5.7677
11.143
15.524
10.046
4.6452
6.2806
0.79433
0.78163
0.78705
0.70469
0.84528
1.9907
0.72946
0.8091
0.66374
0.77983
0.76913
0.74302
0.70307
11.298
19.634
18.03
20.045
18.239
12.134
22.131
18.967
10.046
0.9977
1.7458
10.023
8.892
1.0814
1.6866
0.86298
2.1577
0.72277
2.2594
0.82035
0.74645
0.78705
0.78886
0.7379
0.76736
0.74131
1.5885
0.70307
0.81283
0.68391
0.71121
0.79616
0.78343
0.74817
0.80168
1.7539
3.4277
0.70146
15.704
16.331
16.672
12.474
11.722
0.90782
0.85507
0.94842
3.342
0.77983
2.7925
5.2602
9.2683
1.1066
1.6032
2.1979
1.8578
6.0674
0.7656
0.73282
0.74131
0.65917
0.70146
0.67608
5.7677
9.5719
0.71614
0.78343
6.0256
0.86497
0.89125
0.81096
0.72277
1.256
12.134
17.824
0.75858
0.77446
0.79983
0.90365
1.8197
18.155
15.488
21.33
19.32
15.417
16.255
15.101
4.9091
6.9663
13.804
1.8707
1.6943
1.8923
7.5336
0.75336
0.74131
0.69343
21.478
23.174
18.45
19.011
15.101
14.894
16.982
10.116
10.209
9.0157
17.62
23.121
17.66
13.996
0.78886
0.7925
13.932
17.701
16.634
14.757
2.0324
2.4774
6.9663
0.8147
4.6452
21.33
19.861
18.281
19.77
12.05
6.3826
0.72778
0.69502
0.74817
11.94
17.338
16.749
0.77983
0.72277
10.28
11.668
1.2972
1.2735
0.83946
2.0654
0.89743
0.85507
0.84918
0.78886
0.99083
0.7656
1.932
1.9498
1.3552
1.2618
1.2853
10.74
14.555
7.8524
15.417
0.74302
0.74473
0.70958
0.74989
0.73961
0.73114
0.71779
0.76384
11.803
18.197
9.0365
20.23
21.577
19.999
20.277
17.338
19.953
16.596
17.66
16.904
13.646
13.868
17.701
2.851
2.8576
14.997
18.072
16.904
16.218
19.588
19.588
18.03
18.408
2.6792
4.7643
15.959
7.0146
0.77983
0.81658
23.988
23.174
16.558
15.488
0.98628
3.7239
8.0168
4.7206
0.85114
0.76736
0.81283
0.74645
9.6161
0.84528
3.1696
0.76913
0.75336
0.75683
0.82604
0.75858
1.0304
0.7656
0.72778
12.218
15.596
19.099
16.406
17.258
17.66
16.943
15.56
11.246
18.197
9.0991
17.66
3.0479
2.4946
5.9293
1.0889
1.3932
2.9923
8.2414
0.82414
5.6885
18.239
1.3213
1.8967
1.4791
2.0277
2.0749
19.231
24.434
15.74
20.324
16.406
17.298
0.66374
0.75858
1.9498
18.113
23.496
19.011
16.711
18.535
19.588
13.677
18.03
8.1096
1.1117
13.583
9.6161
19.815
16.331
2.9992
0.80724
0.81658
1.2388
0.98855
1.1402
0.82985
0.8995
0.89743
1.6218
10.257
1.4757
14.894
1.0399
2.0464
1.2912
1.5101
1.3459
1.8493
1.9815
9.0991
8.3368
19.364
14.555
19.055
17.579
17.498
17.579
16.255
2.4434
0.76913
7.3451
1.5704
1.766
17.498
11.695
23.768
25.527
23.014
17.742
20.559
17.989
19.498
16.943
3.0549
15.241
2.4946
2.4774
5.9566
21.184
21.777
15.101
16.788
18.707
14.223
13.002
0.89125
14.322
15.488
15.704
20.512
20.512
14.997
18.323
21.232
23.442
20.941
3.5727
10.304
2.2233
0.84723
7.9799
0.93325
6.0674
19.32
18.535
18.621
12.078
0.74473
1.3709
1.5453
1.0593
2.0324
7.6913
1.9454
5.9429
0.95499
13.74
14.791
20.797
17.579
18.281
19.999
13.366
12.618
14.454
5.7943
1.2912
1.3062
1.6368
15.885
17.947
14.723
21.281
24.155
8.6896
3.9264
21.727
7.1614
6.5163
0.68865
0.71779
1.888
2.5119
16.827
15.996
20.654
18.408
14.723
6.9183
13.213
1.1995
16.032
1.7298
0.71614
0.74817
18.493
2.2491
16.52
19.454
13.677
17.219
13.583
17.14
23.55
14.928
5.1761
14.588
0.86298
1.2359
1.1722
1.099
1.3583
1.2589
1.0328
8.0168
18.323
18.113
23.067
20.184
22.439
21.677
15.74
18.113
13.772
3.5975
25.41
1.5136
3.5318
3.281
1.39
1.6069
1.4622
2.9444
7.5162
6.7143
5.5208
1.5171
4.6774
17.378
18.621
17.298
18.75
17.906
15.382
10.666
22.803
22.233
18.88
20.797
20.091
24.155
18.323
18.578
16.293
1.1695
8.6696
18.578
3.6813
15.276
20.512
16.331
13.335
22.284
17.579
18.03
15.885
17.298
19.907
22.751
16.482
8.2224
18.365
14.289
17.061
19.454
15.171
21.928
5.0234
17.458
23.442
21.827
21.038
16.788
23.174
11.246
15.56
17.498
26.242
25.293
20.654
22.594
18.197
21.677
16.634
18.836
20.845
17.378
20.989
22.646
18.75
20.606
17.824
22.751
18.45
17.906
9.4624
0.82224
11.83
1.2882
4.14
1.1803
