1.9143
1.0351
4.1879
1.1482
2.0091
1.7906
1.3062
1.1169
12.972
16.444
13.521
5.035
13.213
14.791
13.964
15.205
13.521
10.593
14.421
11.695
10.593
16.943
12.735
14.655
13.614
11.272
2.3714
11.94
1.9679
17.701
18.493
14.655
13.804
13.583
12.823
3.8726
11.885
13.677
17.62
9.7949
2.0324
2.4099
2.0941
4.4566
1.6255
1.8923
9.6605
2.4547
1.1858
12.05
15.922
16.144
16.596
12.218
15.276
17.298
1.9907
15.668
14.997
13.062
13.305
14.962
15.631
12.531
12.794
11.066
4.2462
11.803
12.823
13.677
17.378
13.932
12.218
3.7325
13.677
12.794
15.959
10.814
13.9
11.588
13.709
15.959
11.749
14.488
15.524
9.7051
1.7824
1.5922
14.125
11.194
6.8865
6.6222
2.138
6.9502
15.453
16.904
15.382
16.106
4.0738
16.106
15.812
13.062
16.106
14.191
12.618
8.3946
4.1591
1.5704
11.041
2.4717
12.218
6.5766
13.152
13.932
15.453
15.704
11.94
11.995
12.853
3.6559
3.6475
1.1429
1.6069
12.134
12.531
13.002
14.158
7.3451
1.2417
5.1404
12.56
12.503
14.488
13.122
15.704
2.4044
10.093
13.305
12.19
12.618
11.508
11.117
9.7949
15.488
13.274
14.488
12.912
12.706
16.672
11.695
11.641
11.588
10.116
9.9083
9.9312
8.531
12.735
11.803
10.544
1.2706
4.3152
13.996
14.223
11.324
10.715
12.246
13.836
8.6099
12.735
9.506
2.3659
9.4842
0.77446
11.722
11.561
16.032
12.331
8.8105
11.35
14.555
15.066
14.757
10.666
0.81846
9.0573
10.839
15.631
15.171
8.7498
13.49
8.5507
14.454
12.942
12.106
15.382
12.246
11.614
13.9
11.83
18.113
13.305
13.274
13.305
8.8716
1.3428
0.91411
1.7701
1.2417
2.023
1.2445
1.256
1.2359
6.0117
8.4723
7.2444
1.2823
3.342
11.508
10.641
9.8175
9.5719
14.028
13.804
11.22
16.788
5.6624
1.3002
7.1285
12.503
15.311
3.9994
0.76033
3.6475
10.233
13.122
10.233
13.092
10.814
11.94
11.614
11.995
11.695
11.376
7.656
9.8401
8.892
2.6062
12.218
13.646
10.914
11.376
12.19
7.9799
10.691
6.5766
13.583
8.4723
0.81846
11.169
9.506
12.05
14.521
1.0023
0.79433
0.85114
1.1482
2.5003
7.3961
12.56
15.704
11.22
17.62
12.19
10.593
7.1614
11.912
11.858
10.814
10.233
14.894
12.589
12.05
11.143
9.2045
11.722
11.641
11.246
8.8512
14.894
12.359
16.52
5.1761
5.9841
12.331
13.122
14.825
5.6624
9.1622
6.5615
10.209
10.423
11.912
8.9743
9.2045
11.803
8.6298
13.122
7.7268
13.709
10.889
13.062
9.8628
9.1201
10.965
12.853
12.078
10.162
11.668
11.641
10.99
19.275
6.8707
9.9541
14.028
11.885
14.555
11.015
11.803
8.3368
11.535
9.0573
9.8628
11.995
9.6383
12.078
12.912
11.324
13.49
13.49
8.6896
12.823
12.246
10.94
13.243
10.544
1.1015
1.1066
1.7498
8.8105
3.2885
1.3213
10.023
12.589
10.889
9.3756
11.143
7.9983
14.223
12.359
13.646
19.275
9.1833
14.622
14.355
10.162
13.305
4.4055
13.772
10.864
11.246
15.596
12.05
13.964
11.194
13.092
16.368
14.622
10.328
10.093
13.49
0.79799
1.1668
10.093
13.305
13.243
13.335
8.4528
8.8512
9.7275
11.143
6.5464
13.49
10.641
11.535
11.272
12.474
15.031
8.3176
13.032
12.023
11.376
10.162
12.942
11.995
11.83
10.209
9.3972
10.814
11.83
10.257
10.617
11.588
18.923
5.1286
9.1411
0.8091
0.8356
0.79983
3.581
8.6298
10.447
7.1779
12.023
10.965
11.041
14.825
13.646
12.794
14.028
8.995
12.388
14.06
10.186
11.912
12.331
2.7227
1.9907
1.4488
1.1246
1.7418
1.5776
1.4588
1.9543
9.5719
12.677
15.922
15.996
11.482
11.324
14.322
13.183
0.75683
0.7709
14.223
10.641
13.552
10.666
14.028
9.977
14.028
11.668
19.055
14.454
12.078
9.6605
9.3756
12.417
12.531
10.641
6.2373
2.673
1.7539
2.1928
2.8642
8.8512
12.134
20.845
13.274
12.56
13.459
10.257
14.223
12.823
10.069
11.912
9.2683
11.912
13.552
11.614
10.914
15.205
10.52
7.4817
3.7325
2.2182
6.0954
1.3152
1.2735
1.1668
1.3274
1.5922
1.1246
2.0417
6.5464
9.506
0.72277
0.68549
0.7379
0.71285
0.7379
0.70469
0.69343
2.5704
5.42
12.218
10.94
12.618
12.134
14.825
14.158
5.5208
11.668
13.964
10.328
11.246
13.996
13.397
10.399
11.668
9.0365
10.023
12.794
8.2224
11.143
11.143
0.77625
0.79616
0.80168
0.78163
0.74131
0.71614
5.2119
1.9187
4.0458
12.023
13.213
10.789
10.544
10
16.711
10.162
12.503
10.74
8.2985
9.8175
10.814
10.617
12.882
11.614
12.417
11.015
6.6222
0.90991
7.1285
2.6915
1.1455
1.3032
1.4521
2.3281
1.9588
1.3964
0.70307
0.69823
5.3333
5.7677
12.218
8.8308
6.792
13.836
11.885
15.959
12.706
11.169
11.015
9.6828
10.593
8.9743
12.106
6.2951
9.247
12.677
11.041
11.015
8.8716
11.508
10.375
10.99
0.82224
4.3351
13.932
13.996
18.535
12.417
9.0991
10.839
15.417
9.7724
8.7297
11.402
11.169
7.9068
10.789
11.041
13.092
10.914
12.359
9.3111
9.1622
8.7498
9.0573
23.659
16.331
10.52
7.0632
13.428
11.614
9.8175
8.4918
10.74
7.709
6.2806
12.331
19.409
12.823
11.695
8.7902
7.656
9.8628
10.304
11.482
14.488
13.397
14.256
10.965
14.928
8.6696
8.6696
1.7022
0.75509
0.75162
1.3964
0.80168
0.85901
1.5922
2.2439
8.4918
9.9083
1.7061
1.052
1.0399
1.4223
1.6331
1.2589
0.69024
7.7804
9.5499
9.4406
13.335
20.324
11.83
11.402
12.764
21.038
13.274
11.402
11.092
13.122
12.331
8.9331
8.9536
8.0168
10.257
16.982
13.932
10.495
12.764
0.80353
3.4514
8.3368
13.932
8.77
9.5499
9.7949
11.614
11.402
10.447
13.152
12.912
11.376
11.455
12.331
20.797
2.7542
1.205
1.1668
1.1143
0.78886
1.0789
1.3552
1.39
1.8408
1.0069
2.5003
1.1803
0.70307
10
12.794
9.594
10.765
14.158
11.092
10.839
12.531
8.9331
10.544
9.6383
0.76033
0.72444
0.73114
0.77268
10.789
10.093
12.106
14.223
13.062
10.28
15.276
13.583
27.542
12.445
11.35
13.428
9.3972
11.561
9.0157
11.015
11.35
17.061
11.22
13.366
13.366
9.2045
12.56
12.274
10.046
8.0538
12.882
14.355
11.749
11.324
10.789
13.243
12.735
7.7625
9.8855
1.0304
0.88512
0.85901
0.77446
0.76913
0.91833
3.1915
6.8234
8.5507
12.359
9.9083
8.5507
11.967
11.535
11.22
9.247
8.2604
12.853
13.397
18.664
7.4302
12.56
9.2683
15.596
16.904
13.836
10.666
11.298
17.061
11.092
12.764
12.735
13.002
13.152
13.183
14.421
12.794
10.069
10.495
17.418
14.223
10.186
9.4842
11.722
13.122
13.868
9.3111
8.9125
8.414
12.56
9.6161
10.351
12.56
8.9743
9.8401
10.914
12.677
12.823
14.655
11.092
9.0991
10.814
9.3756
11.858
7.9068
9.1411
11.83
13.614
11.35
10.715
12.417
10.162
11.298
11.092
12.589
13.032
11.22
12.823
11.482
9.4189
20.277
12.589
13.996
13.032
13.062
7.4989
16.181
10.069
8.5114
19.187
14.028
12.417
1.5668
8.0724
15.668
12.445
12.106
8.3368
8.9331
12.474
8.6497
8.0168
8.7498
10.447
1.0351
8.0353
13.397
16.368
0.77446
0.76736
0.8531
1.5704
6.2373
7.7625
9.6161
7.6033
11.83
11.298
10.046
7.9616
9.4624
13.335
13.709
11.429
8.8716
12.162
11.912
9.3972
8.6497
8.6099
1.0889
10.666
12.853
11.668
7.8886
13.032
11.668
9.3972
10.116
8.9743
20.893
10.28
11.324
10.447
13.122
11.588
9.528
14.223
13.964
19.32
12.706
0.75858
0.75336
0.74817
0.75683
0.76736
0.73282
0.76033
0.80353
0.93756
0.74989
0.78886
0.76736
0.82985
1.2388
1.3428
1.3002
1.5812
1.7418
0.7379
0.72444
0.85507
0.78343
0.74645
0.97724
0.69823
1.4421
1.8197
0.89125
1.0423
1.3552
0.85901
0.77446
0.97051
1.5311
1.0889
0.98175
1.4223
0.75336
1.1614
1.4158
0.72111
0.75336
2.1928
0.71121
0.68707
0.68391
0.69502
0.69823
0.71779
1.1066
0.72444
0.67143
0.71285
0.73451
0.69502
0.72778
0.73282
0.79983
0.68865
0.69343
1.0789
0.74302
0.72111
0.70469
0.72111
0.66069
0.75162
0.71614
0.70146
0.75162
0.69663
0.71614
1.5996
0.89536
0.87498
0.73961
0.7379
0.72778
0.67764
0.82224
0.94842
0.8531
0.76033
0.70795
0.73114
0.7379
0.77446
2.3227
1.3583
1.1858
1.0593
0.71779
0.70146
0.68865
0.76208
0.80353
0.77804
0.72946
0.70958
0.73451
0.81096
0.6792
0.73961
0.71779
0.78886
0.71121
0.68391
0.7656
0.72277
0.7379
0.73451
0.71285
0.70795
0.70958
0.73114
0.7925
0.92045
0.69823
0.76033
0.87902
0.72444
0.78705
0.80353
0.85901
0.75683
0.79068
0.72778
0.76033
0.70307
0.76384
0.68077
0.73114
0.80353
0.75162
0.75162
0.70958
0.71779
0.78886
0.72444
0.70469
0.70795
0.75336
0.72111
0.72444
1.0399
1.5704
1.2794
0.93541
1.0641
1.3183
1.9454
1.0864
0.91411
0.9528
1.0093
0.94842
1.1143
1.0839
1.3614
1.3836
1.4928
1.1695
0.93325
1.0568
1.052
0.76736
0.77804
0.73451
0.7656
0.74473
0.7925
0.76208
0.76208
0.78705
0.73621
0.78343
0.77804
0.73621
0.75683
0.72946
0.77804
0.7145
0.72611
0.77268
0.68234
0.75162
0.73451
0.7379
0.68549
0.78343
0.72946
0.79799
0.76033
0.69823
0.75509
0.79068
0.75858
0.78524
0.67608
0.70958
0.68391
0.77983
0.76384
0.71614
0.69502
0.72444
0.73282
0.70795
0.71779
0.73961
0.86896
0.98401
0.76033
0.72611
0.68234
0.70307
0.69343
0.69343
0.7145
0.6792
0.75162
0.82035
0.74645
0.9247
0.81658
0.82985
0.83368
1.5382
1.4622
0.72946
0.71945
0.69183
0.70307
0.72778
0.75683
0.72778
0.72444
0.72778
0.75509
0.70958
0.69984
0.70795
0.71614
0.76384
0.68234
0.77625
0.70307
0.87498
0.7145
0.70795
0.70795
0.71285
0.73114
0.73282
0.6792
1.0046
0.74302
0.72444
0.70632
0.7145
0.68549
0.71285
0.75162
0.74645
0.7145
0.73621
0.74302
0.72778
0.81846
0.7709
0.70146
0.69823
0.71614
0.75336
0.74989
0.72111
0.69663
0.69024
0.73114
0.7379
0.70146
1.1561
0.7709
0.77804
0.73961
0.6792
0.72277
0.69502
0.71285
0.73961
0.72778
0.79068
0.65464
0.74473
0.71614
0.73282
0.70146
0.7379
0.69183
0.74131
0.72444
0.78524
0.74645
0.73961
0.7145
0.77446
0.75509
0.73961
0.69663
0.74302
0.68549
0.70146
0.80353
0.69024
0.70958
0.74302
0.7145
0.70469
0.69663
0.71121
0.76033
0.73961
0.69183
0.70958
0.81658
0.70795
0.68865
0.70146
0.77625
0.72946
0.70307
0.74817
0.73114
0.95499
0.79616
0.75336
0.7379
0.73961
0.75162
0.72444
0.77983
0.70307
0.70146
0.79068
0.79799
0.71614
0.76208
0.79068
0.76384
0.7379
0.69024
0.70307
0.72611
0.67453
0.71285
0.71285
0.7379
0.71779
0.73282
0.73114
0.75683
0.70307
0.7379
0.74989
0.79433
0.71614
0.70632
0.69183
0.75858
0.66681
0.72277
0.70632
0.70307
0.81096
0.8892
0.76033
0.73621
0.7656
0.70146
0.76384
0.7145
0.77268
0.72111
0.74131
0.76384
0.69343
0.74645
0.74645
0.73282
0.79616
0.72277
0.7379
0.69343
0.7656
0.71121
0.69502
0.72946
0.76384
0.8892
0.74989
0.8147
0.72778
0.75683
0.75162
0.70958
0.72946
0.67764
0.77983
0.70146
0.70632
0.75683
0.77268
0.74131
0.66069
0.70795
0.72946
0.68707
0.78886
0.71285
0.77983
0.7145
0.68865
0.73621
0.73282
0.69024
0.7709
0.71285
0.72611
0.72277
0.78524
0.73451
0.73621
0.73451
0.72111
0.74473
0.72946
0.69984
0.73451
0.77268
0.72111
0.73621
0.67764
0.74473
0.71945
0.86896
0.73282
0.7709
0.7379
0.79983
0.7379
0.72611
0.81283
0.79799
0.74302
0.74645
0.71285
0.76384
0.71945
0.70146
0.72444
0.69663
0.71614
0.69502
0.69823
0.7379
0.73621
0.75336
0.74302
0.78886
0.77446
0.73621
0.95499
0.80353
1.205
0.96383
1.2331
0.89743
1.0765
1.1143
0.75858
0.7709
0.94189
1.0666
0.80168
0.99541
0.9506
0.88512
0.80538
0.81846
1.0715
0.91411
1.1614
1.0839
1.0399
1.0914
1.5596
0.71121
0.74645
0.69663
0.76913
0.67453
0.72946
0.72946
0.72611
0.78705
0.72778
0.76384
0.70795
0.76736
0.74989
0.70632
0.74645
0.71614
0.70469
0.74473
0.70795
0.78705
0.71121
0.80168
0.74131
0.78705
0.80724
0.82414
0.81846
0.77625
0.77446
0.75858
0.72611
0.75509
0.68234
0.71614
0.74131
0.69823
0.68549
0.72611
0.7145
0.75858
0.70958
0.76208
0.72111
0.70307
0.74817
0.70469
0.72778
0.70795
0.71121
0.73961
0.74131
0.73621
0.75336
0.73114
0.75858
0.72611
0.72611
0.71614
0.73282
0.67764
0.70307
0.70795
0.74473
0.73114
0.71945
0.72111
0.7709
0.74131
0.76208
0.70795
0.73961
0.69343
0.93756
0.81658
0.81658
0.74131
0.86099
0.70795
0.77983
0.74473
0.74645
0.71121
0.75858
0.77625
0.73961
0.73282
0.75162
0.76913
0.82035
0.90782
0.87297
0.72946
0.72277
0.87096
0.77446
0.69502
0.72946
0.71945
0.75336
0.74989
0.68077
0.75509
0.72444
0.7709
0.7379
0.6792
0.69823
0.73961
0.87096
0.71779
0.7925
0.71121
0.71614
0.77268
0.73114
0.70469
0.73114
0.78343
0.77625
0.74302
0.76384
0.76913
0.79433
0.70632
0.69663
0.71614
0.70632
0.75858
0.74131
0.70632
0.7379
0.72611
0.75162
0.69343
0.74131
0.72111
0.74989
0.73114
0.73282
0.7145
0.71285
0.74131
0.71614
0.76208
0.71121
0.77804
0.70795
0.73114
0.74473
0.78524
0.69823
0.72444
0.71779
0.70307
0.74131
0.74131
0.74131
0.75683
0.77804
0.70795
0.74645
0.72277
0.74645
0.69024
0.7379
0.68077
0.72946
0.68865
0.68391
0.72611
0.72277
0.74989
0.74817
0.77804
0.76033
0.73114
0.74645
0.72946
0.68391
0.69984
0.72444
0.70307
0.82794
0.71121
0.74473
0.73114
0.75858
0.70146
0.69984
0.74817
0.75683
0.73451
0.76736
0.75858
0.70632
0.7925
0.69343
0.82794
0.75336
0.70307
0.71285
0.71945
0.8091
0.77625
0.7656
0.72277
0.73114
0.76913
0.82985
0.70958
0.73114
0.71779
0.71285
0.74645
0.74989
0.72444
0.70795
0.74989
0.74473
0.75683
0.70632
0.72946
0.71121
0.69823
0.78163
0.70146
0.75336
0.68549
0.72277
0.67764
0.79433
0.89536
0.7379
0.73961
0.71285
0.72611
0.70958
0.77804
0.79433
0.72778
0.79068
0.71945
0.78524
0.75858
0.97499
1.0447
0.82224
1.0568
0.72111
0.75858
0.80538
0.72611
0.93325
1.1117
0.89125
1.888
0.70795
0.68707
0.73961
0.69502
0.67608
0.72611
0.69823
0.69502
0.75509
0.73282
0.76033
0.74302
0.78524
0.76208
0.74302
0.70958
0.80538
0.72946
0.81846
1.052
0.75509
1.0375
0.77804
0.82035
1.0023
1.2303
1.0471
1.0139
1.2331
0.96161
1.0864
1.2274
0.92045
1.0593
1.1402
1.0351
0.8892
0.8356
0.73282
0.7656
0.73621
0.71945
0.78343
0.71614
0.72277
0.74645
0.72946
0.75683
0.92257
0.75336
0.69183
1.2388
0.83753
0.70795
0.72946
0.73451
0.68391
0.74131
0.70146
0.75858
0.6792
0.71121
0.7145
0.68865
0.68865
0.76913
0.75162
0.70146
0.7656
0.72277
0.76913
0.70795
0.70795
0.69183
0.69663
0.67453
0.7379
0.73451
0.73114
0.68077
0.72444
0.73621
0.76384
0.70632
0.77804
0.73621
0.72277
0.72946
0.71121
0.71779
1.1508
0.9594
0.86298
0.86099
0.80724
0.78886
0.80353
0.74645
0.8147
0.8356
0.79068
0.8147
1.2647
0.92257
0.7379
0.80168
0.98175
0.73621
0.69663
0.93756
0.72946
0.72611
0.72111
0.70632
0.67298
0.77625
0.71121
0.73114
0.74302
0.75336
0.71779
0.66834
0.70958
0.7656
0.73282
0.71121
0.75336
0.68707
0.66834
0.71614
0.69823
0.72778
0.85704
0.74645
0.68391
0.73114
0.70795
0.7145
0.79433
0.71121
0.70469
0.75858
0.72111
0.75509
0.72444
0.71945
0.71945
1
0.76736
0.73621
0.73282
0.68549
0.79068
0.73114
0.76913
0.70307
0.71285
0.80538
0.72611
0.70146
0.72111
0.73621
0.72444
0.72111
0.73451
0.70958
0.7379
0.69183
0.74131
0.66988
0.66834
0.70146
0.75162
0.74302
0.75162
0.69663
0.73621
0.73621
0.74302
0.66222
0.70146
0.72277
0.72444
0.74131
0.78705
0.78343
0.7145
0.74131
0.70958
0.74817
0.73621
0.74817
0.72277
0.88512
0.74645
1.2162
0.72778
0.88512
0.84918
0.85114
0.74302
0.78886
0.79616
0.74645
0.70795
0.70146
0.75683
0.72778
0.69984
0.70146
0.71121
0.69343
0.7145
0.69502
0.74645
0.78524
0.68391
0.75683
0.68707
0.75162
0.75162
0.77625
0.71121
0.73282
0.71121
0.71945
0.70146
0.68234
0.77625
0.77446
0.72611
1.1482
1.0351
0.93541
0.87297
0.87096
0.87297
0.86298
0.92257
0.85704
0.86896
0.72611
1.0765
1.4191
0.8147
0.87297
0.93756
1.1117
1.2677
1.2078
1.122
1.3152
1.256
1.1324
1.2794
1.0889
1.2853
1.3213
1.3583
1.1776
1.2735
0.80353
1.2445
0.79799
0.79616
0.89743
0.71614
0.69343
0.71614
0.68549
0.70795
0.69663
0.76033
0.71285
0.65615
0.70307
0.67764
0.75683
0.73961
0.72611
0.69663
0.69024
0.70632
0.70146
0.71945
0.68391
0.74473
1.0116
1.1803
1.3804
1.1482
0.71779
1.0257
1.6596
0.69343
0.69343
0.69343
0.70632
0.71779
0.68077
0.68549
0.74989
0.68077
0.66527
0.71945
0.74473
0.66527
0.68234
0.68391
0.70146
0.70146
0.7145
0.74817
0.72778
0.69502
0.70469
0.71945
0.71779
0.72277
0.65464
0.75683
0.67143
0.69502
0.73114
0.74131
0.75162
0.65313
0.69984
0.71614
0.67608
0.71779
0.68549
0.68549
0.71121
0.67764
0.72277
0.69183
0.68549
0.70795
0.68234
0.74131
0.74473
0.74131
0.69502
0.74989
0.68391
0.73282
0.70795
0.74473
0.76033
0.68865
0.70795
0.70958
0.6792
0.70632
0.70795
0.74817
0.78886
0.70958
0.82035
0.65766
0.73621
0.7379
0.68865
0.83946
0.81658
0.74473
1.2912
1.1402
0.7656
0.92045
2.3988
0.93756
0.97499
1.0617
0.84333
0.74989
0.73282
0.85901
0.88716
0.75858
1
1.094
0.69024
0.77446
0.72611
0.68549
0.67298
0.69663
0.66374
0.78343
0.71121
0.76384
0.6792
0.73451
0.69823
0.71779
0.72277
0.67453
0.72444
0.70146
0.68707
0.73961
0.68391
0.71945
0.74302
0.69183
0.72946
0.7925
1.1169
1.4962
1.3709
2.0845
0.99083
0.75336
0.79616
0.77625
0.70469
1.1995
0.78163
0.71285
0.70632
0.71779
0.67764
0.71945
0.69823
0.74131
0.70795
0.77268
0.71285
0.73961
0.72111
0.72611
0.69024
0.74302
0.69183
0.70632
0.70469
0.69663
0.69024
0.70795
0.71945
0.69024
0.7145
0.67453
0.70307
0.68865
0.72444
0.68549
0.73451
0.77625
0.71614
0.68077
0.70307
0.70632
0.76913
0.68707
0.67608
0.74473
0.73621
0.68865
0.68077
0.69343
0.69663
0.69663
0.72444
0.6792
0.68707
0.66681
0.68391
0.69984
0.75683
0.72611
0.70958
0.71614
0.72778
0.69024
0.70469
0.70146
0.73282
0.72444
0.68391
0.69984
0.70469
0.71285
0.68707
0.73114
0.73114
0.73114
0.68865
0.71945
0.70958
0.68077
0.73282
0.70307
0.74302
0.71779
0.68865
0.72111
0.74645
0.69343
1.1194
1.0046
0.79068
0.82985
1.0399
0.92257
1.052
0.92683
1.0715
0.92257
0.67608
0.68391
0.68865
0.72778
0.71121
0.72778
0.69663
0.70469
0.70469
0.76913
0.69183
0.73114
0.73114
0.66374
0.72946
0.72111
0.73961
0.69024
0.77625
0.69984
0.71121
0.72946
0.73621
0.74473
0.73282
0.7709
0.72444
0.77446
0.72277
0.76913
0.73114
0.73451
0.67453
0.71614
0.70632
0.82035
0.78343
0.74817
0.94406
0.82985
1.3062
1.5812
0.70307
0.69343
0.71121
0.71121
0.72111
0.69024
0.69823
0.67453
0.72778
1.0641
0.73961
0.86696
0.79799
0.79799
0.78524
1.0328
1.4289
1.0328
0.70958
0.71945
0.76384
0.71285
0.87498
0.69024
0.79983
0.82414
0.76033
0.97275
0.68077
0.6792
0.69502
0.68391
0.68391
0.66681
0.71779
0.70146
0.70795
0.72277
0.70307
0.71779
0.67453
0.69984
0.77268
0.71285
0.68707
0.74817
0.73114
0.71614
0.81283
0.76033
0.98175
0.72111
0.70795
0.65917
0.74817
0.76208
0.73282
0.65013
0.70795
0.69183
0.69024
0.74473
0.72778
0.83368
0.78705
0.83368
0.74645
0.70632
0.74989
0.70632
0.68865
0.68865
0.65766
0.71779
0.72778
0.6792
0.74131
0.69823
0.70146
0.73621
0.72946
0.73114
0.73961
0.74473
0.73282
0.70958
0.73282
0.69024
0.74645
0.71285
0.70469
0.70146
0.70795
0.77446
0.69823
0.69984
0.69984
0.74473
0.75162
0.66222
0.70146
0.68707
0.69024
0.72611
0.7379
0.7145
0.68391
0.72611
0.72946
0.70958
0.73451
0.72444
0.75162
0.71779
0.68865
0.71945
0.69823
0.72444
0.6792
0.74473
0.68707
0.74473
0.71614
0.72946
0.86696
0.76208
0.70146
0.71614
0.74302
0.67143
0.72111
0.67764
0.69024
0.70469
0.67764
0.73621
0.71779
0.70307
0.73114
0.71779
0.66834
0.71614
0.69024
0.73621
0.72277
0.74989
0.67608
0.68391
0.71779
0.70795
0.66988
0.66374
0.69502
0.71614
0.74473
0.72111
0.71614
0.70307
0.70632
0.68865
0.70795
0.68391
0.73961
0.75683
0.75509
0.77625
0.79616
0.69024
0.99541
0.97724
0.88308
0.79616
0.82035
0.83176
0.91411
1.4555
0.93325
0.67453
0.72946
0.97051
0.6792
0.69823
0.7656
0.67298
0.75336
0.70146
0.74817
0.68707
0.70632
0.76913
0.72611
0.75683
1.0495
0.93972
0.82224
0.78524
1.7742
0.74131
0.78524
0.7145
0.68234
0.72111
0.69343
0.71121
0.69343
0.7656
0.74989
0.72611
0.73114
0.70632
0.70307
0.69502
0.68707
0.71779
0.74473
0.69823
0.72277
0.80724
0.70146
0.71779
0.70632
0.73451
0.73282
0.68549
0.72946
0.71614
0.70795
0.72111
0.70146
0.73282
0.72111
0.69024
0.73451
0.72778
0.66834
0.76208
0.67608
0.69502
0.72444
0.72611
0.67298
0.72111
0.68077
0.66374
0.69502
0.71945
0.73621
0.72611
0.72111
0.71779
0.69823
0.69502
0.76208
0.72946
0.73282
0.69183
0.71285
0.74473
0.71121
0.75858
0.72778
0.72611
0.71121
0.69343
0.7145
0.6792
0.74302
0.69183
0.7145
0.69663
0.74817
0.77983
0.73114
0.80353
0.74473
0.66069
0.7145
0.75683
0.71285
0.72946
0.70958
0.69663
0.6792
0.76736
0.78886
0.74302
0.69823
0.80724
0.75683
0.68549
0.69024
0.67764
0.73282
0.97724
0.7145
0.6792
0.81658
0.8531
0.86298
0.76208
0.6792
0.66527
0.69823
0.69984
0.66527
0.71779
0.7379
0.7145
0.80353
0.78705
1.0069
0.71614
0.76033
0.81096
1.2589
0.75336
1.135
0.68707
0.71779
0.68234
0.66681
0.70146
0.74817
0.71945
0.74473
0.67608
0.76384
0.71121
0.69663
0.8147
0.67764
0.76384
0.73961
0.72111
0.71614
0.69024
0.6792
0.75162
0.69183
0.76033
0.74302
0.75858
0.72778
0.77268
0.71945
0.70958
0.65464
0.69984
0.73282
0.71121
0.67608
0.74645
0.70958
0.70795
0.74302
0.78886
0.7925
0.69343
0.69984
0.68391
0.73451
0.73621
0.68865
0.68707
0.80538
0.71121
0.68707
0.66834
0.69663
0.69663
0.76736
0.78524
0.76384
0.81096
0.84528
0.83176
1.1967
0.78705
0.89743
0.9977
0.85704
1.4125
1.1614
1.5704
0.68865
0.69663
0.78163
0.83176
1.0186
1.1668
1.1776
1.1117
1.6904
0.82414
1.205
0.92683
1.1803
1.0447
1.1117
0.86896
0.90991
0.94842
1.2218
1.2531
1.2023
1.1722
2.4831
0.71779
0.68234
0.78343
0.95719
0.9247
0.71614
0.74817
0.71285
0.66527
0.67764
0.71121
0.76208
0.70307
0.71121
0.68865
0.6792
0.70307
0.70469
0.68707
0.72277
0.74473
0.69502
0.74645
0.68865
0.71614
0.69984
0.71779
0.72111
0.72444
0.79799
0.72946
0.73621
0.68549
0.73282
0.71121
0.69823
0.79068
0.73451
0.69823
0.68865
0.68391
0.72778
0.69663
0.72946
0.68077
0.75336
0.73114
0.70632
0.74473
0.69183
0.73621
0.73451
0.75162
0.72444
0.70469
0.72277
0.77268
0.66681
0.69984
0.71121
0.70146
0.70632
0.7145
0.68077
0.73282
0.73451
0.67764
0.70958
0.72277
0.71945
0.74131
0.76208
0.73451
0.69663
0.7925
0.73451
0.71779
0.72277
0.76736
0.76736
0.73114
0.69823
0.88105
0.73114
0.71285
0.74302
0.68707
0.69343
0.69984
0.67453
0.71285
0.69183
0.70632
0.7709
0.71121
0.73451
0.77446
0.70146
0.72611
0.70958
0.73114
0.70795
0.72611
0.67764
0.76736
0.74131
0.68391
0.72946
0.7709
0.79799
0.71779
0.69823
0.70469
0.73451
0.74645
0.72277
0.84528
0.71945
0.72111
0.69183
0.74473
0.65013
0.76913
0.7656
0.71121
0.68549
0.76033
0.7145
0.68391
0.70469
0.72946
0.76208
0.7145
0.77804
0.72277
0.7145
0.68391
0.72611
0.70146
0.70632
0.7379
0.7145
0.69663
0.68391
0.69502
0.72111
0.70469
0.68234
0.71121
0.67298
0.73282
0.71779
0.70632
0.66834
0.69343
0.69024
0.70632
0.70795
0.71285
0.70958
0.7379
0.6792
0.72277
0.66222
0.68707
0.68549
0.73961
0.72111
0.7145
0.70795
0.77268
0.73282
0.77268
0.70795
0.72946
0.67764
0.72946
0.69663
0.69663
0.74131
0.76913
0.74473
0.67143
0.72444
0.69343
0.70958
0.70795
0.69502
0.76913
0.69343
0.66681
0.66222
0.7145
0.71614
0.67143
0.69663
0.69984
0.68707
0.70469
0.67143
0.69183
0.66222
0.67453
0.71779
0.6792
0.66069
0.68391
0.67453
0.72946
0.72111
0.76208
0.71285
0.67608
0.73114
0.72946
0.71285
0.67143
0.70307
0.73282
0.69024
0.73961
0.75162
0.78524
0.7709
0.72611
0.75509
0.67764
0.7145
0.85704
0.79433
0.71614
0.7145
0.71614
0.70795
0.69024
0.72444
0.72111
0.73451
0.7145
0.73961
0.69984
0.69502
0.73114
0.72611
0.71945
0.68865
0.74302
0.74473
0.71614
0.78705
0.71285
0.75509
0.69024
0.74131
0.77983
0.76913
0.77625
0.78343
0.81658
0.7656
1.0186
1.028
0.85901
1.0257
1.2078
0.96161
1.7989
0.69984
0.69343
0.74131
0.68707
0.69024
0.7145
0.75683
0.76736
0.71614
0.7145
0.70469
0.73282
0.77625
0.77625
0.8091
0.75336
0.8147
0.83368
1.2218
1.0593
1.0116
1.1092
0.71779
0.73282
0.69984
0.69663
0.74131
0.76913
0.69183
0.75509
0.75162
0.66681
0.69502
0.69183
0.68077
0.69984
0.74302
0.69502
0.72611
0.69343
0.81846
0.78524
0.68865
0.6792
0.68234
0.72611
0.7379
0.68077
0.67453
0.72778
0.71945
0.71285
0.72444
0.7709
0.72946
0.72277
0.70795
0.70307
0.70146
0.71285
0.67143
0.71779
0.69984
0.67143
0.6792
0.71285
0.69343
0.70795
0.69183
0.70469
0.68707
0.70632
0.79068
0.75509
0.68707
0.70632
0.69183
0.71285
0.65013
0.72778
0.72778
0.70469
0.69663
0.70958
0.67764
0.71285
0.70632
0.71285
0.69024
0.72444
0.70469
0.74131
0.69663
0.74302
0.74131
0.73621
0.69343
0.68549
0.68077
0.7379
0.68391
0.75858
0.74989
0.72611
0.69663
0.70307
0.69502
0.69984
0.69183
0.71285
0.70307
0.70307
0.68077
0.68707
0.72778
0.74989
0.74473
1.5031
0.85507
0.88308
0.92683
1.1066
1.7258
0.9247
1.1561
0.6792
0.72444
0.87096
0.81846
0.98401
1.2474
0.94842
1.0691
0.86497
0.85114
1.0351
1.2912
0.93325
0.68707
0.69663
0.78886
0.68391
0.69984
0.73282
0.77983
0.69984
0.71121
0.69663
0.69663
0.70958
0.69823
0.69502
0.69984
0.6792
0.74989
0.69183
0.73451
0.71285
0.79068
0.68549
0.72946
0.69823
0.71614
0.72444
0.75683
0.66988
0.74817
0.74817
0.74989
0.71285
0.70958
0.72946
0.69183
0.71285
0.69183
0.69343
0.70469
0.68391
0.7145
0.70146
0.67143
0.71285
0.71614
0.7145
0.69343
0.68549
0.74131
0.69984
0.78343
0.67143
0.68234
0.72111
0.70958
0.68865
0.70307
0.72111
0.70146
0.74302
0.71779
0.71285
0.76033
0.72444
0.74131
0.74131
0.68234
0.69663
0.72611
0.7656
0.70795
0.71285
0.67298
0.69183
0.72111
0.69502
0.70469
0.71779
0.69823
0.73114
0.67453
0.72277
0.66681
0.78705
0.77268
0.69823
0.77625
0.74473
0.72778
0.81846
0.70958
0.73961
0.72111
0.75683
0.67143
0.69183
0.81846
0.70795
0.71779
0.77983
0.72611
0.74131
0.73282
0.74131
0.70469
0.72111
0.67453
0.71779
0.78343
0.74473
0.71121
0.72946
0.73961
0.7656
0.7925
0.71285
0.77804
0.83753
0.71285
0.70632
0.8147
0.69984
0.67608
0.74131
0.74817
0.72277
0.70146
0.78886
0.70307
0.72611
0.67608
0.73282
0.7145
0.69663
0.76208
0.76208
0.77625
0.67453
0.64863
0.77268
0.68707
0.70469
0.70469
0.68707
0.7145
0.72444
0.75162
0.68549
0.72611
0.74131
0.72611
0.70795
0.70958
0.76208
0.76384
0.73114
0.70307
0.70469
0.76913
0.69183
0.73114
0.72946
0.72277
0.74473
0.74817
0.74473
0.71285
0.74473
0.71614
0.67764
0.75683
0.74817
0.69823
0.69343
0.68391
0.72111
0.73961
0.72778
0.69823
0.68865
0.69343
0.71614
0.71779
0.72611
0.72778
0.69183
0.70958
0.69984
0.71614
0.70958
0.70958
0.72111
0.71779
0.76208
0.92045
0.7709
0.81283
0.83176
0.75162
0.93756
1.135
1.5524
1.8923
1.2106
0.77446
0.80353
0.877
0.77625
1.6444
0.86099
0.73282
0.80353
0.83176
1.3213
1.0641
0.72778
0.95499
1.1614
0.93541
0.77446
0.75858
0.95719
1.1376
0.70795
0.73282
0.7656
0.69984
0.75509
0.68234
0.69183
0.71945
0.76913
0.73114
0.71614
0.73282
0.70632
0.73621
0.68865
0.75336
0.69183
0.75336
0.74473
0.77625
0.72946
0.71121
0.76913
0.72611
0.77268
0.74302
0.77625
0.74473
0.73961
0.69663
0.70307
0.78524
0.70307
0.74473
0.73961
0.67764
0.71945
0.69823
0.72778
0.75336
0.74817
0.74817
0.71285
0.70632
0.72277
0.66988
0.71945
0.75162
0.73621
0.73114
0.72778
0.78163
0.6792
0.68391
0.69024
0.71945
0.68234
0.7379
0.72778
0.72611
0.8091
0.68077
0.69502
0.72444
0.71779
0.70307
0.71945
0.73114
1.0715
0.72111
0.69823
0.70469
0.74131
0.72611
0.71285
0.73451
0.72277
0.69663
0.71121
0.67764
0.71121
0.69984
0.72778
0.72611
0.7145
0.74473
0.70307
0.70632
0.84723
0.69183
0.74302
0.7656
0.72778
0.75162
0.75162
0.74645
0.71614
0.75858
0.70146
0.74989
0.79799
0.71779
0.72611
0.69984
0.74473
0.75683
0.71121
0.73621
0.69823
0.70146
0.70795
0.72946
0.72611
0.68234
0.73621
0.69663
0.76033
0.75509
0.75509
0.85114
1.0304
1.0495
1.0423
0.94189
0.81658
0.99312
1.1858
1.3122
1.3804
1.1695
1.3122
0.93111
0.73961
0.877
0.75336
1.0814
0.77446
0.70632
0.8892
0.74645
0.69343
0.69024
0.77446
0.71945
0.70632
0.71285
0.70146
0.78524
0.70632
0.67608
0.77804
0.7709
0.76384
0.70469
0.69502
0.74473
0.7925
0.7379
0.68234
0.69183
0.69663
0.70146
0.76384
0.72111
0.68077
0.67608
0.70146
0.67453
0.69343
0.74473
0.70958
0.69502
0.7379
0.69984
0.71614
0.69502
0.7709
0.80538
0.67298
0.72111
0.73451
0.71614
0.74131
0.69024
0.75336
0.74817
0.75336
0.73282
0.71614
0.74473
0.70795
0.72111
0.69823
0.73282
0.71779
0.68077
0.70146
0.70632
0.71614
0.73282
0.73451
0.70307
0.74645
0.73114
0.69984
0.74302
0.75509
0.70958
0.69663
0.73451
0.73282
0.72778
0.7379
0.72444
0.76736
0.72277
0.71614
0.68865
0.74817
0.68391
0.72778
0.69823
0.71121
0.71285
0.67143
0.69343
0.72611
0.69663
0.73961
0.69343
0.79433
0.72611
0.72778
0.67298
0.73961
0.73282
0.74302
0.72444
0.73451
0.77983
0.75509
0.68549
0.69343
0.67764
0.70795
0.73621
0.73961
0.74131
0.79068
0.73621
0.7379
0.72946
0.76736
0.72946
0.69663
0.71779
0.69343
0.72111
0.77983
0.74817
0.72444
0.83946
0.66834
0.73451
0.70795
0.81658
0.69663
0.72277
0.71945
0.8414
0.74817
0.69663
0.67608
0.73451
0.71285
0.74817
0.68391
0.75858
0.7379
0.71285
0.70307
0.74473
0.69024
0.70307
0.83176
0.74989
0.75336
0.76736
0.69663
0.7145
0.77804
0.70307
0.71285
0.73451
0.72946
0.70795
0.79616
0.70958
0.7656
0.73621
0.71285
0.71614
0.80353
0.95719
0.78705
0.72444
0.7145
0.7379
0.75683
0.73621
0.72778
0.79068
0.70469
0.72277
0.71614
0.72444
0.75162
0.67764
0.73114
0.70307
0.72444
0.71614
0.84333
0.74989
0.74989
0.80538
0.75509
0.75162
0.74989
1.349
1.7179
0.8147
0.72778
0.77804
0.75683
0.79068
0.71285
0.71121
0.69663
1.1015
1.2531
1.1776
1.052
0.88308
1.135
1.1668
0.97724
1.052
1.0715
1.1776
1.2503
1.1272
1.2618
5.224
8.7096
10.715
2.1827
8.77
14.962
11.803
15.668
13.243
6.1518
1.5488
0.77983
0.77804
2.3174
6.1518
13.243
12.677
12.388
11.35
13.002
12.162
13.9
15.066
13.836
13.614
11.885
1.3996
13.996
12.677
12.972
10.423
12.106
13.772
17.62
13.614
10.593
10.351
11.695
15.885
11.776
13.868
15.704
12.589
10.789
11.169
13.092
12.618
14.191
12.078
14.723
9.6605
14.894
14.289
12.503
12.735
9.506
16.788
13.804
13.397
14.962
14.289
14.622
13.032
12.246
10.069
12.531
12.531
11.776
2.0797
1.714
2.4831
6.9823
7.6208
12.246
13.305
13.583
13.583
11.83
13.709
10.889
11.885
14.256
10.351
14.928
13.49
10.965
10.139
11.995
15.776
13.614
10.447
12.388
12.882
13.397
13.552
1.2706
6.8077
14.028
10.568
15.668
18.323
10.74
14.655
11.22
10.304
8.2794
10.52
14.962
14.256
9.4842
9.2683
8.6298
10.94
14.223
6.9024
15.812
9.9541
0.86099
1.977
14.622
12.853
11.995
10.839
12.218
14.388
12.531
11.722
7.709
9.594
7.8886
12.388
11.668
9.6605
9.6383
11.858
11.429
14.962
14.791
12.618
17.498
11.858
12.56
16.827
12.503
10.447
12.388
12.942
11.35
15.205
15.101
9.0157
11.995
14.06
0.82794
0.74645
0.76913
0.7925
0.86696
2.3496
1.7824
0.76033
1.3521
5.821
1.1614
1.1614
1.3335
1.845
4.217
0.66069
0.70632
0.73451
0.72611
0.71779
0.65917
0.70958
0.67453
0.67143
0.69984
0.68234
0.66222
0.69343
0.66374
0.69024
0.99312
0.69502
0.68707
0.70146
0.70469
0.70307
0.70958
0.72778
0.70632
0.71285
0.68865
0.69502
0.78705
0.65766
0.73621
0.67764
0.69024
0.68549
0.68234
0.75336
0.76208
0.69823
0.69502
0.72277
0.68549
0.69343
0.7145
0.69984
0.74817
0.74131
0.75858
0.67764
0.72111
0.68234
0.70146
0.7379
0.68865
0.71779
0.6792
0.72277
0.66834
0.67764
0.70146
0.68865
0.69024
0.67764
0.6792
0.66374
0.96161
0.70795
0.68391
1.0375
0.98628
0.77446
0.82224
0.84333
0.76736
0.8414
1.1722
2.2131
0.63973
0.69183
0.67608
0.69984
0.6792
0.75858
0.82794
0.67298
0.68549
0.69984
0.71945
0.68391
0.72778
0.71614
0.66374
0.75509
0.77625
0.78163
0.8147
0.76033
0.79799
0.76913
1.406
2.3227
1.2531
1.3552
1.2942
1.3213
1.1561
1.1324
1.0889
1.3804
1.2794
1.3804
1.2162
2.9785
1.3583
0.75162
10.666
13.305
11.015
14.962
14.223
13.49
11.668
11.967
14.355
10.74
10.617
1.0139
1.3274
12.853
14.622
13.152
14.655
11.83
13.122
13.032
10.209
12.023
10.641
0.81283
3.8548
3.1117
3.5892
1.8793
1.219
0.68077
0.68549
0.66527
0.70632
1.099
0.72946
0.70795
0.68549
1.9099
0.70632
0.69343
0.70795
0.70307
0.71285
0.68865
0.67298
0.73451
0.70958
0.76033
1.1668
0.70307
0.72111
0.7145
0.67453
0.70958
0.85901
0.70958
0.69502
1.3152
1.5382
0.69823
0.77625
0.70958
0.68234
0.68077
0.67764
1.1298
0.69663
0.70307
0.7656
0.74131
0.69502
7.0958
7.7625
0.76033
0.73282
0.71121
0.71779
9.6828
11.776
11.614
16.52
15.885
11.858
13.305
12.764
14.588
12.05
8.8512
11.803
11.324
11.143
13.183
4.9888
12.388
12.274
14.06
16.943
14.521
14.388
13.932
14.689
10.965
11.041
13.002
12.942
13.062
13.122
0.70469
0.98175
3.281
5.6624
8.2604
0.91833
1.2218
0.89125
0.80168
1.71
9.2897
13.868
14.791
12.823
12.331
13.646
11.561
15.56
11.246
12.023
9.0157
10.186
10.093
12.735
0.74989
0.74473
1.7824
10.814
2.8249
1.4355
7.8343
1.6406
12.764
15.171
10.116
4.256
10.116
14.191
13.002
15.631
12.531
11.455
13.062
16.331
12.794
12.445
13.459
10.233
11.455
10.965
12.331
9.7724
9.8175
10.046
9.5719
11.455
6.2661
1.9815
0.77446
1.1695
9.5719
12.794
15.101
12.218
0.8356
10.304
9.6828
8.5507
1.4355
1.1535
1.1455
1.6069
14.06
11.455
13.49
13.032
10.617
10.914
11.776
10.069
16.032
13.583
12.735
12.764
13.552
9.8401
11.402
12.303
12.023
10.351
12.246
11.117
13.804
6.6834
14.223
7.8524
9.2897
13.932
11.455
14.454
10.568
0.71121
0.98401
11.535
17.14
16.482
13.964
12.912
15.959
15.241
12.853
13.964
13.646
14.158
14.488
12.706
12.445
13.804
15.596
14.521
15.524
14.622
9.0573
14.962
16.788
16.293
16.788
13.646
16.52
11.668
1.1194
9.2683
1.3428
1.6255
2.3988
14.928
