3.013
1.4997
1.1246
1.6144
3.062
11.35
13.092
10.99
14.289
3.4041
1.5996
1.4355
2.2439
1.9498
1.3996
2.2856
2.799
1.4093
1.3772
3.3729
1.205
1.3062
1.2972
1.1376
1.2503
1.1912
7.5858
10.046
7.3961
4.5394
5.5463
6.6681
1.6255
8.1658
19.187
19.32
6.3973
8.4333
7.1779
4.4055
1.3183
1.3459
1.6749
4.2658
5.7016
1.1995
1.1668
1.1588
13.397
11.066
9.0365
6.5464
6.7453
5.7412
5.0699
6.368
7.3114
6.2951
1.2503
2.355
2.4044
9.8401
15.101
15.488
11.94
8.2604
10.715
6.1235
8.356
1.0864
1.1588
1.0839
9.247
10.162
6.6527
6.9343
4.9774
7.0146
8.2985
6.8865
8.7297
7.3961
5.8479
7.5509
8.0724
7.2946
8.414
7.4302
6.9502
6.6222
5.5081
6.3096
7.5509
6.2087
6.2661
1.3213
7.1614
6.6834
7.379
1.7539
1.4757
9.4624
7.9616
5.5976
7.145
5.8345
4.2658
2.6792
1.1482
1.0069
8.1846
10.814
10.116
10.544
6.6222
6.223
7.3114
9.5719
9.8401
14.256
4.7206
2.9444
1.4256
1.6293
1.2882
12.445
1.6218
12.882
8.2985
6.9663
7.6033
8.8716
6.7764
8.0724
10.375
8.4333
10.965
1.219
10.52
1.4191
1.3305
1.1535
12.853
13.002
6.7453
7.0307
7.3282
9.8628
7.2444
11.885
9.9083
10.765
13.9
10.162
8.6497
10.914
12.218
8.2224
12.972
10.94
8.091
8.7498
14.454
12.445
10.046
6.1235
6.6374
2.2909
9.3756
8.2794
8.0538
4.3752
6.0814
8.4528
7.9068
7.4989
9.9312
9.247
8.1846
8.5704
5.2723
6.0117
13.305
11.402
6.3533
9.4842
4.7753
13.583
6.4565
9.8175
8.892
1.4289
6.9823
1.1298
0.93541
16.069
2.6122
1.1194
13.552
9.9312
8.2794
7.145
5.8076
6.4269
7.7983
6.2661
12.823
8.8716
7.0307
15.382
9.4842
13.932
13.996
6.3241
7.1945
7.9616
13.335
13.122
15.101
11.298
10.814
7.0469
9.0991
9.3111
11.614
12.972
10.162
10.789
9.528
15.205
9.7051
9.8628
13.677
8.356
12.388
8.1283
7.6208
0.93541
9.3541
13.397
8.4528
7.0469
6.166
8.4723
10.839
9.1622
9.2045
8.8512
6.3826
9.7949
11.092
8.8105
9.0991
12.134
10.233
7.2778
13.002
17.865
9.4189
10.715
8.77
9.3756
12.735
10.023
5.188
2.7669
16.069
8.1283
7.379
9.0782
3.2734
10.839
6.1235
9.0573
12.853
12.474
15.136
7.5162
8.6896
8.8512
8.414
11.066
12.677
6.6527
10.471
12.823
9.0782
8.1283
8.8512
4.7534
13.614
9.5499
9.8175
11.508
7.3282
8.9536
7.925
10.423
7.3621
7.3961
14.757
9.4189
10.375
7.1945
9.506
11.376
7.1945
13.152
14.322
8.6099
10.423
11.376
6.9343
10.257
8.9331
12.735
9.8175
9.2257
8.9331
9.7724
8.2985
9.7724
7.1121
9.8855
9.8401
9.7275
8.5901
9.5719
10.423
9.0365
7.0146
7.925
11.668
8.0724
15.668
4.7973
7.0146
9.1411
5.6105
7.6384
2.0277
4.1976
6.3241
8.2035
12.56
6.9502
7.4302
0.90573
4.8417
6.3533
6.5163
6.4121
7.7625
13.366
13.772
9.7499
8.8105
8.0353
1.0889
1.2417
2.7861
11.194
9.4189
5.3088
6.7298
10.914
9.9083
8.1283
7.3282
10.023
9.3111
10
6.7453
14.191
11.885
17.14
8.6298
8.2224
9.5499
15.596
10.864
9.7724
9.6383
7.1285
10.666
13.092
11.535
8.4528
9.1622
8.5507
9.7724
8.4723
9.7949
10.28
14.06
12.647
8.4333
9.1833
9.3541
11.668
10.839
10.447
10.765
12.882
10.568
10.023
12.05
9.5719
10.94
13.646
14.421
12.023
10.94
12.503
11.246
11.668
13.614
9.506
7.6033
8.0353
1.2882
6.7764
10.495
10.94
10.447
8.5507
12.19
10.715
9.3541
9.3756
12.531
14.191
9.3111
13.614
10.399
10
12.445
8.4333
0.86099
5.5335
12.19
9.2683
7.3621
10.139
11.169
8.9536
10.889
10.641
9.3756
13.868
10.914
10.839
20.091
5.224
10.28
10.715
8.8512
13.335
11.143
10.593
8.1846
11.695
10.375
17.061
11.324
10.568
10.139
7.9983
0.94189
0.95499
5.5976
14.421
7.9983
9.4624
9.1201
9.3756
13.122
12.078
7.379
10.162
9.5499
11.246
9.8175
8.414
6.9502
12.162
11.015
11.35
12.134
12.677
15.205
6.9183
9.8401
10.28
11.298
12.503
9.2045
12.218
10.99
16.788
12.589
3.3189
2.8907
9.3325
9.6605
8.1283
8.2985
8.2794
9.0573
10.023
10.447
16.634
11.749
8.6696
13.932
6.8391
7.7268
9.3325
10.304
13.213
11.117
10.186
12.19
12.706
9.247
10.965
10.046
15.776
1.7824
10.139
8.9743
16.558
12.134
9.1411
9.977
20.464
0.93756
0.89743
0.97275
15.849
10.046
9.3756
9.528
13.274
15.382
11.588
13.932
11.749
11.561
11.561
7.7983
14.521
13.092
10.471
10.447
10.715
10.233
13.521
9.1833
10.186
9.8401
11.041
11.376
11.376
6.4565
10.495
10.375
10.814
9.594
15.453
9.7724
10.789
23.496
10.375
1.6406
8.4528
8.3176
15.996
6.1802
5.4702
14.093
7.0795
9.9312
9.2257
7.0958
9.9083
9.9083
9.3111
8.9536
13.122
12.106
12.417
8.1283
9.6828
19.275
10
10.186
9.6161
12.589
12.647
11.041
8.1096
8.8308
12.162
14.028
2.9444
1.9454
1.5849
7.8886
8.9743
9.6161
10.447
11.22
8.6696
6.2087
10.257
9.0991
19.409
12.274
10.471
17.298
11.169
9.9083
15.885
12.647
11.561
13.583
10.666
10.423
11.324
9.8401
9.7499
12.972
15.382
10.691
8.6099
10.544
11.995
7.8163
4.9888
7.5509
12.274
11.272
7.4817
10.864
12.078
8.6896
17.579
14.454
15.74
8.3176
9.0782
8.4723
17.418
13.583
9.0157
9.2897
13.646
13.804
9.8401
10.423
14.158
13.213
7.3961
7.5162
10.116
13.836
15.241
9.0365
10.593
6.8234
9.4624
13.836
4.1305
12.823
13.152
11.169
10.74
12.853
11.83
11.83
11.429
11.641
9.247
12.823
12.134
7.6208
9.6383
1.714
10.617
9.7275
10.789
10.093
10.351
10.593
12.474
11.246
11.858
11.668
7.7983
16.558
8.5507
9.8855
12.388
10.593
6.7608
9.9083
14.622
13.183
11.776
2.3768
0.90782
9.7499
7.3114
9.3756
9.594
11.066
12.331
7.0958
12.972
7.8163
13.964
9.9541
11.482
10.186
9.7949
8.2985
9.2897
11.194
11.482
8.0538
9.506
12.942
18.072
12.647
12.942
9.3111
11.066
10.116
4.2267
1.0889
0.92045
0.92257
1.3092
10.715
12.274
8.5704
9.2257
10.789
14.588
9.3972
9.6605
8.4528
10.233
11.272
11.641
8.1283
10.423
15.922
6.9823
10.093
10.209
9.4624
10.789
13.305
7.3451
15.849
7.2611
8.5901
9.4406
7.1121
8.9743
10
7.8705
1.1995
6.1094
8.1658
2.2856
9.6161
7.6033
10.715
15.74
11.722
13.335
5.188
12.162
17.906
16.144
13.646
11.041
12.503
13.062
15.631
12.274
12.246
15.171
15.382
11.912
9.4842
9.8855
17.258
28.249
14.928
12.972
9.247
14.421
8.6298
10.093
11.246
14.859
13.428
5.0003
8.0724
9.3111
8.6696
10.399
11.194
16.634
13.002
9.3972
9.3756
10.447
11.324
12.677
8.5507
12.589
11.429
9.6605
10.814
12.417
12.531
8.356
7.9068
10.423
11.885
11.967
2.9992
1.2445
1.8323
1.1749
1.3032
1.2706
1.1912
1.2764
1.1995
10.186
1.4689
1.3646
0.96605
0.89536
1.3459
15.56
10
9.6161
11.066
5.4075
12.078
12.246
14.028
9.7499
13.996
9.7499
9.8175
13.428
8.5704
7.925
8.0168
8.2414
9.9541
9.0365
15.101
16.406
11.803
15.101
8.6497
9.2683
11.641
12.56
9.594
10
4.4668
9.2683
11.402
10.617
14.289
9.0573
7.6913
11.858
20.845
9.6605
9.3111
12.882
10.139
6.792
8.9536
8.3946
12.218
15.101
10.186
9.0782
13.709
12.589
13.397
12.677
13.366
8.7096
8.2414
23.388
9.9312
12.023
14.997
15.56
11.429
14.256
14.388
8.091
8.892
9.6828
5.8076
8.8105
12.162
10.375
11.015
13.49
10.399
14.622
10.209
8.9125
9.6605
8.2414
13.836
9.5719
10.139
12.246
11.912
4.9659
10.162
8.9743
10.233
7.8343
8.5901
12.05
11.015
19.498
14.997
7.5683
13.9
8.414
11.535
11.092
1.2735
0.96161
1.1508
1.2531
1.4555
1.1429
5.0003
11.614
7.709
8.2035
10.74
11.668
9.7724
14.355
12.417
14.488
10.814
14.488
11.35
5.902
7.9799
12.677
10.965
14.322
12.05
15.171
7.2444
9.9541
12.503
11.194
4.3152
10.641
8.3176
12.303
10.304
9.6383
11.35
13.677
13.614
15.812
10.162
10.52
10.94
13.772
11.967
9.2257
7.2611
11.722
5.4702
9.4406
14.757
11.298
14.555
11.912
10.691
10.423
10.023
9.3325
9.0991
10.765
10.965
11.614
8.9125
19.454
10.471
11.272
8.6896
10.328
12.912
8.3946
10.139
15.849
7.4302
15.136
10.94
25.293
8.2604
10.186
12.023
11.066
14.289
14.223
12.882
14.421
14.355
13.49
15.668
14.256
14.791
14.06
11.614
6.4417
8.77
10.304
15.704
10.74
16.52
8.9125
12.853
15.101
12.677
17.179
9.6161
15.922
14.825
10.99
8.7297
6.0674
4.8641
11.402
10.28
1.1803
1.1858
6.9502
10.328
9.2683
12.677
9.506
13.868
8.8716
9.6161
9.7724
10.914
4.8641
10.864
8.892
19.77
8.8105
9.1833
11.722
9.9083
6.368
15.885
12.417
13.932
11.668
9.247
11.641
13.428
13.932
10.093
8.2604
14.894
10.209
11.94
15.488
8.5114
7.4817
10.544
9.1411
12.474
8.5901
8.6497
21.777
7.379
11.402
10.495
17.1
11.092
9.247
16.069
9.3111
14.289
7.9068
8.77
9.3111
21.928
10.691
9.8401
7.1121
14.588
6.9823
10.139
11.722
7.9068
11.508
12.359
10.233
8.414
6.5766
9.1411
11.535
9.4189
10.593
10.814
7.4302
9.9312
16.904
9.6161
9.8401
10.139
9.1622
4.4259
1.6827
8.9743
11.194
8.7096
9.2257
10.328
15.668
8.2414
10.715
8.77
6.1094
12.503
17.66
12.162
11.117
12.823
8.8308
9.6605
6.3973
12.647
8.3368
8.9125
7.7804
9.0365
8.8105
11.429
8.995
12.794
10.233
12.764
12.474
10.593
12.417
11.668
8.7498
11.194
7.8343
9.977
11.143
9.8855
11.324
12.359
9.3325
4.1687
10.447
8.4918
13.932
10.186
8.6896
10.023
8.356
8.5704
9.3972
5.6624
8.1096
8.147
9.3541
7.709
8.1283
9.4842
12.503
6.5464
12.942
16.406
7.6033
8.8105
11.272
7.4131
14.158
9.1201
12.388
9.4189
15.488
7.6736
8.77
10.471
9.528
13.062
15.031
8.9743
2.3174
0.90991
0.92257
0.8995
0.9247
1.5524
1
0.93972
1.205
0.79983
2.4155
7.0307
1.183
2.5704
0.9977
1.1272
1.0965
1.0186
1.7579
1.2706
0.86696
0.84918
0.87902
0.8414
0.79983
0.86497
0.97275
0.877
1.1885
0.98175
1.0544
1.1995
1.2972
0.83368
0.80724
0.95499
6.1944
1.9861
1.0351
0.76208
0.80353
0.86896
0.82985
0.84528
0.91833
1.0568
0.83753
0.90573
1.0864
1.556
0.89743
0.82414
0.79616
0.87297
0.80538
0.7925
1.1722
0.81846
0.81846
0.80353
0.84333
0.81096
0.7925
0.84918
0.90782
0.80353
0.86298
0.82414
0.79983
0.82985
0.87498
0.7925
0.78163
0.78343
0.80538
0.79983
0.79433
0.79068
0.77983
0.79068
0.82794
0.80168
0.84528
0.86099
0.80538
0.80168
0.80168
0.78886
0.78886
0.79433
0.76033
0.82985
0.82414
0.78163
0.96605
0.76384
0.80353
0.77983
0.84918
0.79983
0.76208
0.83753
0.75162
0.77625
0.78524
0.78524
0.76033
0.77446
0.8147
0.79433
0.7709
0.80538
0.77268
0.76736
0.76033
0.75683
0.88308
0.7925
0.79068
0.80168
0.80168
0.82604
0.78163
0.82794
0.79068
0.78163
0.78886
0.76384
0.78524
0.8147
0.75509
0.8531
0.78886
0.78886
0.78705
0.81096
0.80353
0.80724
0.91411
0.86298
0.81658
0.77268
0.7709
0.80353
0.7656
0.7656
0.75858
0.75336
0.78886
0.79616
0.79068
0.80168
0.73621
0.81096
0.77983
0.80353
0.81658
0.89125
0.78524
0.79433
0.76033
0.90365
0.80353
0.77983
0.84918
0.84918
0.78886
0.85704
0.76033
0.7709
0.78524
0.80353
0.84528
0.75509
0.8531
0.75336
0.88105
0.79616
0.8356
0.80353
0.77625
0.82035
0.79983
0.84333
0.80538
0.80724
0.8147
0.79983
0.83176
0.7925
0.78524
0.82035
0.81846
0.80353
0.89125
0.83176
0.82604
0.78524
0.83176
0.7925
0.8091
0.79799
0.95719
0.89536
0.88105
0.82224
0.79616
0.78705
0.877
0.75683
0.82035
0.78886
0.84723
0.86896
0.8147
0.83946
0.84723
0.79433
0.77804
0.83753
0.81658
0.8147
0.88308
0.80538
0.84528
0.7709
0.8414
0.82414
0.80168
0.8147
0.84723
0.80538
0.82224
0.79799
0.79433
0.86497
0.80168
0.7709
0.78524
0.86298
0.79068
0.96605
1.1508
0.97724
0.90365
0.98628
0.84528
0.8531
0.88512
0.82414
1.1776
1.1776
0.96605
2.0464
0.7656
0.78524
1.3397
1.1668
0.90991
0.99312
1.1066
1.1092
1.6181
1.0715
1.1668
1.2764
1.3183
1.1614
1.1092
1.2618
1.2942
1.1482
1.3428
0.86896
3.0549
1.932
0.79433
0.78886
0.78163
0.81846
0.84528
0.85901
0.78886
0.80724
0.7925
0.77804
0.79616
0.87498
0.79068
0.77804
0.85114
0.81658
1.1967
0.7656
0.80724
0.76033
0.82224
0.89536
0.8892
0.78886
0.79799
0.80724
0.79616
0.78343
0.877
0.77625
0.82035
0.80353
0.80168
0.8147
0.85901
0.82604
0.82224
0.83946
0.84333
0.80168
0.8356
0.79433
0.84918
0.90157
0.8414
0.7925
0.82794
0.8356
2.3823
1.6596
1.3964
1.2388
1.4158
1.349
2.4491
0.96383
1.0023
1.2023
1.4521
1.2503
1.4028
1.4825
2.0512
1.3677
1.3092
1.2388
1.1561
1.3002
1.0864
1.6144
1.099
1.1066
1.3459
2.6002
0.82794
0.76033
0.8147
0.80724
0.81096
0.8147
0.86298
0.7925
0.88105
0.81096
0.98175
0.87498
0.86298
0.79068
0.83368
0.78886
0.8892
0.87498
0.83176
0.8995
0.86298
0.92045
0.94842
0.81658
0.85704
0.81658
0.79616
0.82035
0.83753
0.82604
0.79433
0.88105
0.877
0.79799
0.80538
0.82985
0.85507
0.83946
0.8091
0.83753
0.88308
0.82985
0.78886
0.7656
0.83753
0.8147
0.89331
0.81846
0.90365
0.8147
0.86099
0.8531
0.79068
0.82794
0.79068
0.83176
0.81658
0.8892
0.82604
0.97724
0.83368
0.8091
0.82224
0.77983
0.84918
0.8531
0.86497
0.8414
0.78886
0.99541
0.88716
0.877
0.85507
0.94406
0.84333
0.8356
0.9506
0.82604
0.83946
0.80538
0.84333
0.82035
0.82794
0.79068
0.8356
0.85901
0.85114
0.85114
0.8356
1.0023
0.89125
1.2647
0.97275
0.9247
0.90365
1.0965
1.1066
1.1508
1.9588
1.5136
2.0464
0.8892
0.87498
0.9594
0.89331
0.89536
1.5101
0.91201
1.1776
1.256
1.4421
0.83368
0.81096
0.7709
0.76033
0.77446
1.4421
1.4488
0.9594
0.877
1.4689
1.0399
1.2303
1.1695
1.194
1.3032
1.5524
1.1092
0.96383
1.3428
1.9588
0.81283
0.78163
0.85114
0.82985
0.80353
0.87498
0.79616
0.90782
0.85704
0.85901
0.80724
0.82985
0.8414
0.76736
0.84333
1.0116
0.79068
0.8091
0.80168
0.8091
0.8356
0.79616
0.86099
0.78524
0.87498
0.80538
0.76913
0.76913
0.77268
0.82794
0.83753
0.81658
0.77446
0.84723
0.74473
0.88512
0.81658
0.8091
0.81096
0.85507
0.79068
0.83368
0.8147
0.85507
0.79799
0.81846
0.82035
0.80353
0.82794
0.75683
0.79616
0.80538
0.79433
0.99312
0.8356
0.77625
0.84528
0.78705
0.82224
0.79616
0.87498
0.87096
0.7925
0.77804
0.83176
0.90365
0.88512
0.86099
0.80168
0.82985
0.81096
0.81658
0.79433
0.80538
0.76208
0.89536
0.82414
0.82035
0.79433
0.80353
0.80353
0.83946
0.8147
0.79616
0.78343
0.83753
0.80168
0.8414
0.84918
0.8531
0.80353
0.8356
0.7709
0.82414
0.85507
0.83753
0.82604
0.78163
0.79616
0.86696
0.86696
0.84528
0.8147
0.8414
0.80353
0.82224
0.84528
0.83753
0.78886
0.83176
0.85114
0.79799
0.83368
0.77625
0.8414
0.82414
0.88308
0.82224
0.91411
0.89743
0.80353
3.4514
2.3823
0.98855
0.98175
1.1117
1.1429
1.5849
1.1749
4.9431
3.6224
1.2162
1.0765
1.1376
1.8408
1.766
1.0839
1.5776
0.90991
0.79616
0.81658
0.80538
0.8356
0.88512
0.7925
0.79068
0.87297
0.82035
0.88105
0.82414
0.83368
0.86497
0.84528
0.81283
0.88512
0.81846
0.81846
0.86099
0.85507
0.86696
0.84333
0.86896
0.81846
0.89331
0.77804
0.81283
0.89743
0.91622
0.80538
0.79983
0.86298
0.82224
0.82035
0.8531
0.86896
0.83368
0.83176
0.8892
0.86298
0.84723
0.79983
0.82985
0.86896
0.83946
0.82414
0.83176
0.77268
0.77804
0.80538
0.77983
0.85901
0.86298
0.85507
0.89331
0.86497
0.78343
0.8892
0.90573
0.88308
0.81846
0.8356
0.77804
0.87297
0.83176
0.82224
0.81096
0.84333
0.83753
0.8531
0.9594
0.76384
0.82985
0.86497
1.0864
0.95499
0.93541
0.99541
1.099
1.1429
1.1749
1.1246
1.5704
0.96605
1.4894
1.1967
1.4191
1.2531
1.0789
1.1535
1.099
1.1695
0.79799
1.0046
1.1695
1.3552
1.1749
0.79616
0.80724
0.79616
0.80538
0.78886
0.77446
0.7925
0.79068
0.79799
0.75336
0.79068
0.81846
0.78163
0.86497
0.77804
0.7925
0.85114
0.82794
0.97724
0.93541
0.88105
0.89331
0.90782
0.79799
0.8531
1.1858
1.9543
0.85507
0.83946
0.88308
0.82414
0.82414
0.83368
0.77268
0.80168
1.1143
0.94406
1.1246
0.89536
0.83753
0.90365
0.79616
0.82035
0.86298
0.84528
0.97499
0.78163
0.88105
0.79068
0.84723
0.8356
0.82035
0.8414
0.84333
0.82035
1.1092
0.91622
1.2417
1.1912
1.2735
0.86298
0.84723
0.86696
0.78524
0.88512
0.8147
0.93111
0.84918
0.81846
0.80538
0.7925
0.85704
0.86497
0.8091
0.78524
1.0351
0.89536
0.81658
0.83946
0.82604
0.81846
0.83753
0.78886
0.85901
0.79616
0.90782
0.88105
0.94842
0.8892
0.87902
0.90991
0.87297
0.82985
0.83946
0.88512
0.8414
0.86696
0.88716
0.80538
0.85507
0.82414
0.87297
0.82224
0.84723
0.87297
0.89536
0.8414
0.89125
0.79068
0.88716
0.82604
0.78705
0.84333
0.85901
0.93756
0.88308
0.80724
1.0209
0.81096
0.81658
0.86497
0.82604
0.87096
0.80168
0.78886
0.78705
0.81283
0.8414
0.877
0.82604
0.8147
0.90157
0.79616
1.1858
0.83368
0.80168
0.80168
0.8091
0.77268
0.82414
0.91201
0.8147
0.84723
0.92257
0.79983
0.80353
0.83946
0.87902
0.81658
0.88308
0.877
0.86298
0.8147
0.97724
0.87096
0.77268
0.89331
0.77268
0.82985
0.82414
0.8356
0.83753
0.90573
1.0233
0.89536
0.98401
1.2735
1.205
0.7925
0.78524
0.8147
1.2134
0.78705
0.877
0.74473
0.88512
0.90157
0.82035
0.7925
0.79799
0.82224
0.877
0.80724
0.79068
0.90782
0.89331
1.3032
0.77983
0.93972
1.0093
1.0839
1.2794
1.2853
1.3614
1.4962
1.2589
1.2106
1.0209
0.82224
0.8356
0.82414
0.83368
0.86497
0.7709
0.83753
0.77625
0.77804
0.81658
0.84528
0.82224
0.8147
0.85704
0.85704
0.83368
0.82224
0.84528
0.82604
0.8414
0.84333
0.88308
0.83368
0.85507
0.84333
0.84333
0.84333
0.87096
0.83368
0.89125
0.77983
0.82604
0.89536
0.91622
0.7925
0.86696
0.8147
0.81846
0.82794
0.85704
0.82985
0.86696
0.86298
1.0544
0.75162
0.82035
0.78524
0.84333
0.82414
0.92045
0.7925
0.83176
1.0765
0.84333
0.90365
0.77983
0.81846
0.86896
0.81283
0.79433
0.8531
0.80168
0.79616
0.76736
0.80168
0.79983
0.84333
0.84528
0.80168
0.86896
0.82794
0.80168
0.78524
0.85901
0.82604
0.79983
0.83753
0.77625
0.78705
0.85901
0.79983
0.8414
0.86099
0.80538
0.81846
0.88308
0.82035
0.90365
0.79068
0.85704
0.77804
0.82224
0.81283
0.8414
0.82224
0.83176
0.85704
0.81658
0.89125
0.84918
0.88512
0.78886
0.84333
0.90991
0.84918
0.80168
0.79616
0.82035
0.82035
0.86497
0.84333
0.80168
0.82794
0.85507
0.85901
0.8147
0.79616
0.84528
0.96828
0.92683
0.80168
0.87498
0.8091
0.78705
0.86896
0.85901
0.8531
0.82414
0.80353
0.8356
0.78705
0.80353
0.82224
0.8531
0.83368
0.81096
0.89743
0.99541
0.8995
0.9247
1.0495
1.349
3.2659
0.85704
0.84723
0.86896
1.3092
1.0139
0.96383
0.9506
1.099
1.2853
1.3709
1.2823
1.3932
1.1776
1.3868
1.1695
1.122
1.0471
0.8356
0.82224
0.83753
0.8147
0.81283
0.82985
0.79799
0.84723
0.8147
1.3964
0.83368
0.80724
0.87498
0.87297
0.82035
0.88105
0.80168
0.87297
0.79983
0.91622
0.79433
0.96828
0.80724
0.97275
0.8414
0.85704
0.90991
0.88512
0.98855
1.0233
1.3243
1.2972
2.2131
0.80353
0.78705
0.7925
1.2078
1.8072
1.219
1.2764
1.2303
1.2618
1.1967
1.3459
1.2388
0.77446
0.92897
0.82794
0.82224
0.87096
0.90365
0.90365
0.86696
0.81283
0.84918
0.81658
0.8356
0.79983
0.83753
0.88716
0.90991
0.83753
0.81096
0.8091
0.8414
0.81658
0.80538
0.83368
0.82224
0.82414
0.81658
0.79433
0.81283
0.79068
0.89536
0.99541
0.82985
0.8147
0.8091
0.78705
0.81846
0.82035
0.86896
0.80538
0.78163
1.0069
0.78343
0.78886
0.78705
0.8995
0.84528
0.90157
0.83176
0.81658
0.79433
0.83753
0.85704
0.79433
0.80724
0.77446
0.82604
0.82604
0.82035
0.86099
0.81658
0.86696
0.77446
0.86696
0.83368
0.8147
0.86298
0.7709
0.83368
0.83946
0.89536
0.85114
0.79799
0.80724
0.79983
0.86099
0.87498
0.9506
0.86696
0.82414
0.81096
0.81846
0.85114
0.85704
0.83753
0.83946
0.79433
0.81846
0.79068
0.90365
0.78343
0.85704
0.77804
0.82224
0.77625
0.81846
0.81283
0.80353
0.76913
0.78524
0.89125
1.4622
1.1776
0.95499
1.2853
1.1588
1.205
1.2618
1.1641
1.2853
1.099
1.0568
1.2274
1.1749
1.2589
1.5136
1.2912
1.0641
1.3521
1.0162
0.87498
0.82414
0.85704
0.81658
0.80538
0.87902
0.93111
0.83368
0.78524
0.87096
0.88716
0.7925
0.77983
0.82035
0.79799
0.8147
0.85114
0.80724
0.87297
0.79983
0.80353
0.87902
0.8356
0.80353
0.82414
0.78524
0.82414
0.84918
0.84333
0.88512
0.8531
0.83753
0.7925
0.86497
0.77446
0.80168
0.78163
0.80168
0.83753
0.75683
0.97051
0.79616
0.85114
0.81096
0.79616
0.87096
0.85114
0.82035
0.78705
0.82985
0.8091
0.79433
0.91622
0.82414
0.8147
0.80168
0.80168
0.83946
0.82604
0.93111
0.82985
0.78886
0.85704
0.82224
0.87297
0.80168
0.82794
0.80353
0.79799
0.82414
0.83946
0.81846
0.79799
0.81658
0.8414
0.83176
0.83176
0.8414
0.8147
0.85114
0.77446
0.84918
0.77804
0.77268
0.79433
0.84723
0.8091
0.76033
0.78163
0.7925
0.78705
0.79983
0.78886
0.80353
0.88512
1.6069
1.7458
1.1092
1.0814
1.7258
0.81846
1.2106
0.79616
0.8091
0.86896
0.76913
0.81846
0.83368
0.80724
0.7709
0.79799
0.82035
0.79799
0.81846
0.80168
0.95499
0.79799
0.82985
0.82414
0.79616
0.82985
0.82224
0.75509
0.95499
0.7709
0.80538
0.77268
0.80353
0.77983
0.76913
0.77983
0.76736
0.80168
0.83368
0.78524
0.80168
0.77625
0.85114
0.89331
0.83753
0.75162
0.84528
0.84333
0.74131
0.82604
0.7925
0.82794
0.79433
0.7709
0.78524
0.8091
0.81096
0.85901
0.79616
0.83176
0.87096
0.8147
0.78886
0.80353
0.79068
0.8147
1.0351
0.81846
0.80538
0.77804
0.77804
0.78524
0.81283
0.82035
0.80168
0.86696
0.78524
0.8414
0.83368
0.76913
0.82035
0.78705
0.81283
0.8414
0.80168
0.84528
0.78705
0.81096
0.78343
0.80353
0.88105
0.78343
0.83176
0.80168
0.82035
0.83753
0.80724
0.8091
0.8091
0.8091
0.86298
1.028
0.81658
0.79068
0.85704
0.82985
0.81658
0.78343
0.75162
0.80168
0.79433
0.80538
0.78524
0.80353
0.82414
0.79799
0.7925
0.80353
0.86099
0.8091
0.76736
0.79983
0.77983
0.877
0.79983
0.79068
0.7709
0.74817
0.80724
0.80538
0.77446
0.7656
0.74817
0.80724
0.88716
0.80353
0.79983
0.79799
0.80724
0.82604
0.83176
0.81096
0.82035
0.7925
0.8414
0.7709
0.7656
0.79433
0.82414
0.79983
0.80353
0.7709
0.80168
0.82035
0.82794
0.75336
0.80353
0.78524
0.79799
0.79799
0.81846
0.78163
0.81096
0.77625
0.77804
0.76736
0.82604
0.82794
0.8091
0.80168
0.82604
0.75509
0.80168
0.8414
0.80538
0.77268
0.87297
0.83753
0.8414
0.79433
0.82794
0.79983
0.84333
0.82985
0.80353
0.83368
0.78705
0.86497
0.7709
0.80353
0.78343
0.77625
0.8147
0.82224
0.8147
0.83176
0.85114
0.8147
0.79616
0.80724
0.87096
0.79799
0.82794
0.79068
0.82985
0.82794
0.79433
0.77625
0.76384
0.8892
0.84918
0.80724
0.91622
0.83368
0.86298
0.98855
0.80538
1.135
0.97949
1.4894
1.4289
0.82224
0.8091
0.83368
0.78705
0.82224
1.2764
1.205
1.4289
1.2474
1.0889
0.91411
1.0304
0.75336
0.78705
0.79983
0.81096
0.85114
0.83753
0.78705
0.91201
0.87902
0.88105
0.77625
0.89125
0.77625
0.85901
0.84918
0.8147
0.7656
0.79983
0.87498
0.81096
0.78524
0.78886
0.80168
0.83946
0.92257
0.81283
0.8414
0.80724
0.82035
0.8414
0.86896
0.79433
0.79983
0.87498
0.82224
0.81283
1.1092
1.1272
1.0023
1.2274
1.2359
1.0023
1.5488
0.81283
0.78705
0.80353
0.77446
0.7925
0.8356
0.80538
0.85114
0.82035
0.82604
0.84333
0.77983
0.85704
0.77268
0.80538
0.84528
0.86099
0.78163
0.77625
0.77625
0.80724
0.83753
0.81846
0.80538
0.78524
0.79068
0.7925
0.82035
0.76384
0.85507
0.81658
0.80168
0.97051
0.80724
0.90157
0.77625
0.78705
0.84723
0.79616
0.78163
0.85114
0.85114
0.79616
0.78163
0.8414
0.80724
0.83946
0.79616
0.8147
0.86896
0.8356
0.80353
0.80724
0.82604
0.83753
0.79433
0.88716
0.91201
0.80353
0.82985
0.82224
0.91201
0.81658
0.77804
0.84528
0.81846
0.87096
0.81658
0.87096
0.80168
0.81096
0.82414
0.81846
0.80168
0.84528
0.79068
0.81283
0.84723
0.84723
0.79616
0.83753
0.86298
0.89331
0.8091
0.84918
0.8147
0.82035
0.78524
0.75336
0.82985
0.82035
0.77268
0.81283
0.80724
0.8091
0.77804
0.80538
0.79799
0.86099
0.77983
0.77804
0.86099
0.81283
0.82794
0.87902
0.78524
0.84528
0.8356
0.84723
0.8531
0.76913
0.79433
0.82985
0.85114
0.86896
0.83176
0.8531
0.86099
0.86298
0.84723
0.78524
0.81658
0.8892
0.84918
0.84918
0.84723
0.80724
0.83753
0.79616
0.86298
0.82794
0.93972
0.84333
0.78163
1.0233
1.1117
0.89125
0.82794
0.94406
1.0666
0.90782
1.7179
0.97499
0.79068
0.88105
0.83946
0.79433
0.84918
0.79799
0.84528
0.79068
0.79799
0.84723
0.8995
0.877
0.80353
0.81096
0.78343
0.78705
0.78524
0.80724
0.79433
0.81096
0.83368
0.89743
0.77446
0.77268
0.79616
0.79068
0.80353
0.8147
0.79433
0.78705
0.8356
0.81096
0.80168
0.86696
0.81846
0.79616
0.78163
0.78343
0.85704
0.83176
0.78343
0.77625
0.77268
0.77446
0.79068
0.77625
0.80168
0.85901
0.81283
0.85507
0.81096
0.84723
0.80724
0.76913
0.84528
0.76736
0.7925
0.81096
0.75683
0.79983
0.8147
0.84723
0.8091
0.81846
0.84528
0.82604
0.79983
0.85507
0.82035
0.7925
0.79616
0.877
0.82794
0.77625
0.82985
0.79433
0.81096
0.8414
0.83946
0.81846
0.82985
0.76736
0.79616
0.83176
0.77804
0.78343
0.8091
0.88105
0.81283
0.87096
0.8414
0.88105
0.77446
0.8091
0.85507
0.87096
0.79068
0.83753
0.8414
0.81283
0.84528
0.77446
0.80168
0.81283
0.79799
0.86298
0.86696
1.1066
0.91833
0.97275
0.91411
0.87096
1.1298
0.85704
0.82794
1.2474
1.7865
0.7656
0.88716
1.0641
1.0495
0.98401
1.0186
1.256
0.95499
0.85901
0.89125
0.82985
0.79616
0.83946
0.877
0.87498
0.94842
0.79433
1.0209
1.4289
0.9506
0.93972
0.87096
0.83176
1.0186
0.83176
0.82224
0.85507
1.0304
0.8356
0.89743
0.79983
0.92257
0.81283
0.88512
0.78524
0.77625
0.8531
0.77446
0.79616
0.84723
0.77625
0.79068
0.77804
0.84528
0.75336
0.81846
0.76913
0.8356
0.82794
0.80168
0.91411
0.76208
0.91411
0.85704
0.86099
0.8091
0.89743
0.80538
1.0093
0.90365
0.78524
0.85114
0.79068
0.88716
0.91411
0.89743
0.87297
0.77983
0.84333
0.84528
0.86896
0.87297
0.85507
0.86099
0.81283
0.79433
0.77804
0.80538
0.78886
0.86696
0.83946
0.8091
0.82794
0.8414
0.79616
0.7656
0.8147
0.91201
0.82604
0.81658
0.8356
0.87297
0.83368
0.78343
0.82035
0.77625
0.87096
0.79068
0.75336
0.96605
1.0715
1.122
1.0568
1.2618
1.0889
0.90157
0.84918
0.79983
0.82035
0.83368
0.84333
0.89125
0.96161
0.82414
0.85114
0.91411
0.83176
0.86696
0.8531
0.89125
0.82604
0.83176
0.80353
0.80353
0.84918
0.82985
0.79799
0.86696
0.88716
0.77804
0.81658
0.79983
1.0209
1.1194
0.99541
1.0423
1.5346
0.95499
1.0765
1.0328
1.349
0.8531
0.84723
1.0544
0.86099
0.88512
0.78886
0.83946
0.94189
0.79799
0.88716
0.79616
0.83753
0.82035
0.80353
0.8147
0.82224
0.82604
0.79068
0.8356
0.78343
0.84918
0.8356
0.83176
0.81283
0.86696
0.8356
0.77804
0.81658
0.8892
0.8892
0.99541
0.84723
0.84918
0.82414
0.85507
0.89536
0.86099
0.85114
0.89125
0.9594
0.83176
0.83176
0.8531
0.88512
1.0399
1.0257
1.0162
0.85901
0.78886
0.81658
1.2388
0.8414
0.8147
0.85114
0.81096
0.77446
0.8091
0.86696
0.95499
0.8356
0.80724
0.8531
0.8091
0.84333
0.86497
0.78163
0.76384
0.77983
0.79799
0.78163
0.84528
1.0423
0.83753
0.85901
0.82794
0.877
0.84528
0.79616
0.8892
0.82985
0.8892
0.81096
0.84333
0.82794
0.81658
1.0093
0.83753
0.8091
0.877
0.91622
0.82604
0.81846
0.84528
0.8147
0.91833
0.86896
0.83753
0.81096
0.84723
0.82794
0.84528
0.89125
0.80724
0.89536
0.80724
1.0495
0.85901
0.86099
0.82604
0.82224
0.98175
0.91411
0.85507
0.81096
0.81846
0.79616
0.94624
0.79616
0.8414
0.8147
0.8531
0.80168
0.80538
0.83368
1.1272
0.81283
0.81846
0.77268
0.87096
0.86696
0.88716
0.80168
1.0471
0.8147
0.80538
0.81658
1.0544
0.82035
0.80168
0.83753
0.7925
0.85704
0.81096
0.80168
0.80538
0.97949
0.85114
0.80724
0.88716
0.92897
0.83946
0.83753
0.8356
0.86497
0.83946
0.84723
0.8091
0.79799
0.97949
0.80168
0.80353
0.79068
0.82794
0.90782
0.80724
0.82604
0.80353
0.96828
0.83753
0.8356
0.8091
0.8356
0.99083
0.78886
0.79433
1.2882
1.2388
1.374
1.0139
1.1668
1.0641
1.1402
0.98628
1.0471
0.91411
0.82414
1.0139
0.97275
1.1092
1.3092
1.349
1.0715
1.1482
1.2503
1.1588
1.1246
1.0765
1.3428
1.3183
1.4488
1.3335
1.0765
1.0116
0.79983
0.85704
0.8147
0.81658
0.91411
0.84333
0.81846
0.84528
0.8091
0.79983
0.80353
0.8147
0.77983
0.82414
0.80538
0.85507
0.84918
0.90157
0.82414
0.79983
1.094
1.0046
0.95719
1.074
0.85704
0.90157
0.92897
0.96161
0.81096
0.83753
0.8531
0.82035
0.82985
0.93111
0.81096
0.81096
0.9506
0.86099
0.82604
0.82224
1.0666
0.84333
0.81846
0.80353
0.80353
0.84333
0.79983
0.83946
0.92683
0.82035
0.82794
0.84333
0.78524
0.8091
0.88716
0.82604
0.87498
0.83946
0.76384
0.83176
0.77983
0.81096
0.81096
0.83946
0.81096
0.80724
1.0023
0.87498
0.9506
0.83176
0.78705
1.1015
0.78705
0.8414
0.82604
0.8356
0.8091
0.85114
0.81283
0.79983
0.77983
0.84528
0.82414
0.84528
1.028
0.79616
0.82414
1.1858
0.87498
1.0023
0.78886
0.78343
0.87902
0.86896
0.80724
0.92045
0.90365
0.9247
0.81658
0.86497
0.83753
0.85114
0.85901
1.074
1.0023
0.8356
0.7709
0.84528
0.83946
1.0093
0.82794
0.78886
0.79616
0.82414
0.80724
0.84333
0.81658
0.88105
0.79068
0.83368
0.81283
0.84528
0.79068
0.77983
0.80168
0.81283
0.81283
0.877
0.81846
0.81096
1.9409
1.2853
0.9247
0.89331
0.82604
1.3397
1.3032
1.3032
0.92897
1.094
0.8356
0.85507
0.87498
0.83368
0.84918
0.80353
0.85507
0.82414
0.83368
0.85507
0.94406
0.83946
0.79799
0.82985
0.78163
0.86497
0.82224
0.8531
0.96605
0.86896
0.82414
0.85114
0.83176
0.86099
0.83753
0.82035
0.87902
0.83176
0.86896
0.77268
0.85507
1.0139
1.205
0.80353
0.79799
0.86099
0.82035
0.8147
1.1041
1.6218
0.89125
0.97949
0.90991
1.9724
1.0544
1.0617
1.4028
1.2764
0.78163
0.89536
0.77625
0.80168
0.84528
0.8091
0.76913
0.76736
0.79983
0.75858
0.83176
0.82414
0.83176
0.8414
0.78343
0.80168
0.81846
0.8414
0.78524
1.0139
0.8356
0.79068
0.85901
0.79983
0.87902
0.84528
0.81658
0.82794
0.86896
0.75858
0.84723
1.349
1.4689
1.1298
0.94406
0.88308
0.83946
1.1246
1.1535
0.90782
0.86696
1.652
1.9815
0.91833
0.90365
0.87498
0.7925
0.8356
0.84918
1.1272
0.84723
0.84723
1.1376
1.1482
1.1272
2.1429
2.3388
0.82224
0.97724
0.88105
0.8414
0.80724
0.91622
0.80538
0.89125
0.86896
0.89743
0.85704
0.82224
0.79799
0.86696
0.85507
0.85507
0.85507
0.84333
0.83753
0.8414
0.87297
0.84528
0.86696
0.7925
0.79983
0.87902
0.85114
0.84333
0.91622
0.83176
0.82794
0.79799
1.0139
0.87902
0.89743
0.85901
0.79068
0.92257
0.99083
0.89743
0.82794
0.88512
0.88308
0.90573
0.82035
0.84528
0.83176
0.91201
0.95499
0.84723
0.93756
0.86099
0.83176
1.0568
1.5136
1.1858
1.1402
1.1722
1.0593
1.1535
1.4791
1.4093
1.6558
0.84723
0.99312
0.86497
0.85704
1.0162
0.97051
0.87297
0.90365
0.86099
0.85507
0.877
0.81846
0.85114
0.81846
0.79983
0.79983
1.5136
0.91833
0.97275
0.86896
0.9977
0.8414
0.82224
0.92683
0.8414
0.80538
0.81658
0.85704
0.85704
0.87096
0.88716
0.9247
0.82224
0.86696
0.81658
0.98628
1.0233
0.90157
0.83368
0.86696
0.80724
0.82224
0.89743
0.80538
1.2023
1.028
1.0257
0.97724
0.93111
0.87498
0.84333
0.88105
0.77804
0.79616
0.90365
0.85704
0.75509
0.81283
0.78886
1.0023
0.75858
0.8892
0.79433
0.85507
1.0209
0.80353
1.3677
0.96161
0.84723
0.86099
0.94189
0.89536
0.80168
1.1194
1.3583
1.3152
2.6669
0.89125
1.0116
1.1041
1.6069
1.3002
1.0965
1.2794
1.2853
1.0186
1.1482
1.1117
0.99083
1.2677
1.3583
1.2023
1.2912
1.2388
1.8578
1.0965
1.0399
0.81658
0.82985
0.86896
0.82794
0.88308
0.84918
0.87498
0.81658
0.87297
0.86497
0.81096
0.82794
0.81658
1.3397
1.0375
1.4859
1.3709
1.1117
1.3183
1.1858
1
1.8239
1.2735
0.81846
0.90365
0.87297
1.2474
0.78343
0.80538
0.79799
1.3709
1.4588
0.82794
0.83368
0.78343
0.83368
0.8091
0.79983
0.79799
0.90991
0.8531
0.82604
0.87096
0.82794
0.877
0.90157
1.256
0.90573
0.79616
0.82035
0.77268
0.82985
0.84723
0.7709
0.81658
0.8995
0.79983
0.84918
0.80538
0.8414
0.83946
0.84918
0.877
0.80538
0.88716
0.78163
0.78343
0.85507
0.80724
0.81658
0.78524
1.7258
1.1246
0.93972
1.0328
0.7925
0.91411
0.81096
0.8414
0.92045
0.99312
0.82794
1.3274
0.89743
0.84528
0.92045
0.79616
0.83368
0.88105
0.82224
1.7498
1.2331
1.4791
0.82985
0.87096
0.81096
0.76384
0.83176
0.75162
0.79616
0.8147
0.84918
0.82224
0.85114
0.82224
0.91833
0.79799
0.8414
0.86896
0.81658
0.91201
0.8892
0.86696
0.89743
1.1482
1.3772
1.6255
1.0471
1.4555
2.1677
2.7479
1.2331
0.77983
1.9953
2.0749
1.1912
2.8973
1.2388
1.3677
2.1727
1.4962
1.4093
1.1117
1.3836
1.4421
1.6218
2.5003
3.8194
6.7608
4.256
8.8716
6.5163
16.032
12.618
3.2509
1.0399
1.4093
6.1944
11.482
5.559
13.274
10.023
2.9512
3.7844
3.6559
1.1455
9.247
10.74
9.528
17.022
10.495
16.788
12.134
8.7498
14.191
12.706
14.825
13.002
17.022
14.388
6.3241
13.804
9.3111
14.125
8.3753
7.7983
10.789
7.5162
16.866
14.421
14.588
8.7297
10.52
14.454
11.967
13.677
6.2087
12.503
15.885
18.493
16.406
11.776
15.276
15.56
19.32
11.22
9.3325
8.892
8.0168
8.3176
12.647
16.368
12.794
9.3756
7.5858
8.1283
8.3176
13.397
14.454
10.023
8.6298
9.7051
8.414
9.2045
8.531
7.925
13.996
15.922
14.928
13.335
11.35
8.8512
17.947
17.947
17.14
18.072
14.689
22.336
16.943
19.907
19.011
16.293
19.953
21.627
15.205
17.824
21.979
20.512
10.99
15.56
10.023
15.453
16.032
20.797
18.239
11.94
15.171
14.289
15.849
14.928
13.305
18.664
14.521
15.922
10.94
20.989
12.078
15.241
18.793
16.218
