1.3366
1.1803
1.0666
0.94406
1.4757
0.85114
0.99541
1.4322
1.1995
1.1117
0.98175
0.90782
0.90991
1.5996
2.2803
5.3088
3.1261
1.6788
1.8365
1.9231
2.1827
1.4454
0.877
3.2659
7.4302
6.9663
7.2444
0.98628
0.80538
1.0116
1.1967
8.414
9.3111
5.5208
6.0117
2.2856
0.99312
0.98855
1.5996
1.0139
9.1622
6.0954
9.2257
5.821
6.5766
5.3951
9.9541
0.87096
0.93972
0.93325
5.5208
9.8175
9.2045
3.9264
2.5823
1.2735
1.9231
0.87498
1.122
0.86696
0.91201
0.86896
1.4158
2.9992
1.0023
2.1086
5.3211
6.4565
10.814
7.8524
8.7096
8.1846
7.5336
1.1272
0.9977
0.94624
1.194
2.3659
12.023
0.87902
0.86099
0.81096
0.84723
0.84918
0.90782
7.7625
8.5704
7.8524
7.6384
8.0353
5.4702
7.9799
6.8707
6.223
4.9317
1.052
0.85704
0.91201
1.0162
1.8072
1.2823
1.2106
5.9566
2.0845
7.8886
1.349
0.91201
0.82604
1.0069
6.0674
8.2035
12.162
6.4269
1.0304
0.88512
0.83753
0.99312
1.0889
0.84918
1.6558
2.7353
1.1588
1.2023
12.853
10.864
8.1846
7.8705
6.9984
1.0423
8.414
1.4757
1.0233
1.2794
1.1668
1.1041
1.2331
3.5975
5.5976
1.556
11.967
8.1096
0.92045
6.1518
8.2414
7.6913
9.9083
7.8705
5.9156
7.0469
2.2803
1.574
9.9541
4.9888
0.93111
1.1298
2.0045
0.88308
6.1802
6.2087
4.3451
4.7863
7.1285
7.3114
1.3804
5.8076
6.4714
6.6222
1.2078
1.3062
1.0889
1.2445
1.3243
4.8641
1.2942
1.8793
0.99083
2.851
2.6546
3.6392
0.86099
0.92897
2.1135
0.97499
0.89125
1.1402
3.9174
1.766
2.3388
3.1333
3.2734
3.9446
2.6424
0.81846
0.89331
1.0162
0.8531
1
1.4322
2.2336
3.0339
3.2434
1.845
1.1169
1.0864
1.2853
1.3552
1.1803
1.4289
1.3274
1.4757
4.7973
1.122
2.8054
1.6069
0.80353
0.77804
0.88512
1.374
0.99541
1.1117
1.4791
1.1015
2.5235
0.87902
0.86896
1.1117
0.90157
0.83176
0.86896
1.9011
3.1623
9.506
7.3451
6.4269
8.6099
8.414
12.218
2.4491
10.839
8.8716
0.94842
1.3709
1.3614
1.2474
5.0003
2.6915
1.4962
4.102
1.5631
3.8194
1.1376
1.0889
0.96605
1.2677
3.6392
1.2023
1.6368
1.183
1.1641
1.1668
1.094
1.3614
1.3002
2.2029
0.89331
0.82794
1.3964
1.2794
0.90782
2.5235
11.402
7.6384
8.6896
0.99541
0.97051
1.7579
5.3333
4.9545
2.1928
1.1246
1.0328
1.1429
1.5885
2.4044
0.86896
6.5313
13.305
8.2224
7.9983
9.4842
6.8077
11.508
1.9498
2.2699
0.93111
2.4378
1.2735
1.1508
0.96383
2.3496
2.0045
2.3823
0.85901
0.82604
0.88512
0.84918
0.8414
0.86099
0.84333
1.2853
0.92257
1.1482
1.183
1.5136
2.8054
2.7861
12.19
9.8628
7.4645
6.8077
5.4828
3.0061
0.84528
1.0666
1.1482
1.0617
1.6368
1.0914
2.0137
1.5346
2.0797
0.79433
0.95499
2.3442
0.82985
0.84918
0.82035
0.877
0.88105
0.87096
0.8356
1.0568
0.83368
0.82604
0.9528
1.4521
1.2388
0.88716
2.3933
0.99083
1.9588
1.2388
2.3121
3.4277
3.3963
1.0423
0.94842
1.5959
1.1015
1.8664
2.133
2.1577
2.3281
1.8621
2.0091
2.3714
2.8642
1.8323
1.9679
1.4223
1.1376
1.7579
3.013
2.884
1.762
0.94624
3.8371
9.247
8.7096
12.359
10.641
1.5171
0.8356
9.1622
3.1117
1.194
1.0046
1.0116
1.1143
1.1858
1.183
1.3709
1.0186
1.9055
1.5241
2.2751
1.7989
1.2912
1.9011
1.0209
0.90157
1.3397
0.99083
1.0666
1.1298
1.0471
1.2134
1.374
1.39
1.0233
1.0889
1.3932
1.194
1.1803
1.2162
1.1041
1.1169
1.1298
1.3709
1.2218
0.87498
1.0423
11.015
7.8343
4.14
0.8356
0.84723
0.84333
0.92683
0.9247
0.84528
0.90365
0.98401
0.877
0.91411
1.2417
1.8793
2.9174
0.87096
0.80353
0.7925
0.79983
0.80538
1.1272
0.80168
0.86497
0.77446
0.84723
0.80724
0.80724
0.82224
0.86497
0.83946
0.91201
0.90573
0.82794
0.82604
0.90157
0.86896
1.0568
1.2618
0.76033
0.83176
0.86298
0.78524
0.84333
0.85704
0.79433
0.79068
0.76033
0.81846
1.5488
1.0568
1.0069
0.93325
1.1535
3.3266
5.8076
0.93756
0.88308
1.094
1.0423
1.1912
1.2882
1.1429
1.2853
0.98401
1.0641
1.2503
1.3213
0.86896
0.94842
0.8147
1.2677
0.88512
1.0399
2.1777
0.83946
1.2303
1.4723
0.96383
4.9317
1.2359
2.023
0.8356
0.80353
0.85507
0.8356
0.80538
0.87902
0.77446
0.90573
0.79068
0.85114
0.79616
0.81096
0.82414
0.82985
0.87297
0.81096
0.79433
0.80168
0.80168
0.88716
0.88512
0.8147
0.8147
0.89743
0.87297
0.85114
0.80538
0.84723
0.77625
0.86497
1.1776
0.90991
0.82985
0.81846
0.88105
0.78524
0.76033
0.89331
0.84723
0.82985
0.82224
0.85901
0.85901
0.85901
1.1092
0.8356
0.85507
0.82604
0.86497
0.82035
0.82604
0.81096
0.91411
0.79983
1.1561
1.1508
1.0447
0.94189
0.96828
1.3092
1.4997
1.2246
1.1482
1.1995
1.2359
0.9594
1.219
1.2531
1.1912
0.79433
0.83368
0.84528
0.90782
0.92257
1.0568
0.86497
1.7906
0.84333
0.87096
0.8892
1.8323
0.79433
0.82794
0.83368
0.83753
0.78705
0.81096
0.90782
0.8091
0.88105
0.80724
0.80353
0.85114
0.86298
0.84723
0.83946
0.8531
0.84723
0.86298
0.79799
0.79068
0.86298
0.80168
0.81096
0.80724
0.83176
0.81846
0.78886
0.85704
0.90782
1.0162
1.3868
0.89331
1.4454
0.82604
0.87297
0.95719
2.4099
0.88716
0.86497
0.82985
0.8356
0.80168
0.85901
0.88308
0.80353
0.85507
0.8091
0.93541
0.78524
0.82224
0.83946
0.84723
0.89743
0.8091
0.82224
0.90365
0.86696
0.83946
0.81846
0.91411
1.0765
0.86099
0.94189
0.8356
0.8995
0.9977
0.86896
0.87096
1.1143
0.8995
0.86696
0.96383
1.7701
1.8578
0.86896
0.93756
0.84528
0.8531
0.90991
0.86896
0.80538
0.86298
0.92897
0.82035
0.84333
0.78163
0.8147
0.84333
0.91622
0.88308
0.8091
0.87297
0.78886
0.82985
0.85704
0.82985
0.86497
0.8995
0.81658
0.84333
0.83368
0.78886
0.92045
0.86896
0.85114
0.80538
0.85704
0.91411
0.79799
0.79616
0.8414
0.88105
0.8147
0.83946
0.85704
0.89331
0.82414
0.97949
0.84528
0.83946
0.8356
0.81096
0.86497
0.83176
0.84528
0.91622
0.8995
0.93972
0.82794
0.83753
0.86298
0.8414
0.88512
0.78886
0.8356
0.94406
0.8091
0.84723
0.82985
0.77625
0.83368
0.86298
0.83368
0.86099
0.82224
0.84723
0.92683
0.82794
0.86896
0.92897
0.86696
0.8414
0.91201
0.92897
0.87498
0.84333
0.82224
0.81096
0.86099
0.81658
0.8414
0.92257
0.83176
0.82985
0.90991
0.8356
0.80353
0.8531
0.85704
0.86099
0.80538
0.99312
0.90991
0.82985
0.85704
0.8356
0.90991
0.87902
0.89331
0.83176
0.80724
0.96161
0.97499
0.81096
0.8995
0.94842
0.87902
0.89743
0.877
0.91411
0.88105
0.81096
0.80353
0.85114
0.79433
0.91411
0.89536
0.8091
0.78524
0.85507
0.83368
0.88105
0.93541
1.0666
0.88716
0.8414
0.81283
0.8147
0.84528
0.86099
0.85507
0.97051
0.78163
0.8147
0.84918
0.85704
0.97499
0.98401
0.85704
0.80724
0.82224
0.88105
0.8414
0.87498
0.89536
0.82604
0.85114
0.85114
0.93756
0.91201
0.90365
0.84723
0.80168
0.91622
0.86696
0.87902
0.83176
0.8356
0.82035
0.81658
0.84528
0.82985
0.92897
0.82414
0.87297
0.84918
0.79433
0.81096
0.88512
0.83753
0.90365
0.83753
0.89125
0.86497
0.85704
0.83176
0.85114
0.88716
0.83368
0.86696
0.85704
0.81283
0.83753
0.8414
1.0691
1.0375
1.2331
1.0914
1.0814
1.1803
1.0209
1.0186
1.6218
1.0328
0.86099
0.86497
0.86099
0.8414
0.89125
0.99083
0.99541
0.91411
1.0544
0.8531
0.9247
1.2388
3.069
2.3174
1.6293
0.82985
0.83368
0.85704
0.87096
1.2134
0.87297
0.82035
1.3397
1.2942
0.90365
1.1561
0.93972
1.374
0.87096
0.80353
0.8356
0.8414
1.8365
1.0691
0.9977
1.0209
0.93325
1.1324
0.97275
1.094
0.98628
1.1967
1.556
1.2359
1.2331
1.406
1.1169
0.88308
0.87297
0.84723
0.84528
0.78524
0.97499
0.87902
0.88716
0.77804
0.88716
0.8414
0.9977
0.87096
0.88512
0.86497
0.85507
0.87297
0.87096
0.8356
0.8531
0.82414
0.7925
1.1455
0.86896
0.95499
0.8531
0.9247
0.8414
0.877
0.79799
0.84723
0.86696
0.89125
0.86896
0.81658
0.81283
0.87297
0.8414
0.8356
0.84918
0.90157
0.86696
0.78886
0.88512
0.84528
0.84528
0.86099
0.80538
0.83753
0.78705
0.85704
0.78705
0.877
0.81846
0.83753
0.87902
0.80168
0.85114
0.87498
0.82035
0.87902
0.78343
0.90782
0.79983
0.84528
0.88105
0.92045
0.86896
0.78343
0.82224
0.80353
0.94189
0.84723
0.76913
0.89536
0.89536
0.78705
0.88105
0.86896
0.9977
0.79799
0.84528
0.8356
0.81658
0.83176
0.8147
0.8995
0.83176
0.87096
0.8531
0.82414
0.87902
0.8531
0.8414
0.81096
0.86298
0.90782
0.7925
0.92257
0.82985
0.83368
0.82794
0.80538
0.96605
0.8531
0.8414
0.9528
0.8414
0.97724
0.83368
1.2359
0.82985
0.81096
0.85704
0.9247
0.82035
0.83946
0.84528
0.82035
0.8356
0.83176
0.80168
0.76913
0.86696
0.90157
0.8414
0.877
0.86696
0.89536
0.83176
0.98855
0.87498
1.4791
1.0544
1.0495
1.2218
0.85507
1.1066
1.1402
0.98628
0.88308
1.0864
1.052
1.3002
1.2531
0.97051
1.556
0.89125
0.78343
0.8414
0.91622
0.94406
0.84528
0.8414
0.90365
0.90365
1.2853
0.84723
0.98628
0.9247
0.83946
0.82414
1.0617
1.8239
3.1189
0.8356
0.77625
0.90991
1.1117
0.93325
0.9506
0.81283
0.86696
0.83368
0.8356
0.83753
0.86696
0.877
0.86696
0.81283
0.82035
0.78524
0.95719
0.87498
0.89125
0.85704
0.88716
0.83368
0.7709
0.88105
0.8147
0.85901
0.85704
0.81658
0.87297
0.86696
0.877
0.93325
0.84528
0.85901
0.91833
0.90573
0.81846
0.92257
0.87297
0.86896
0.8091
0.89536
0.83176
0.82794
0.92897
0.90782
0.81846
0.8995
0.87297
0.92257
0.84528
0.9528
0.8147
0.86099
0.8147
0.83368
0.83946
0.91622
0.86896
0.87498
0.87498
0.77625
0.84723
0.82414
0.80168
0.87096
0.83946
0.79433
0.88308
0.83368
0.82604
0.90782
0.87297
0.82794
0.89125
0.86099
0.8356
1.0233
0.90991
0.86896
0.87096
0.86099
0.8531
0.85704
0.89331
0.87498
0.86896
0.98401
0.92257
1.3646
1.2794
0.87902
0.86696
0.84918
0.95499
0.88716
0.88716
0.83176
0.99312
0.84723
0.81096
0.81846
0.82985
0.78343
0.84723
0.86099
1.2764
0.84528
0.8531
0.81846
0.87902
0.82985
0.80538
0.8531
0.88716
0.89743
0.79616
0.87096
0.82794
0.82794
0.83368
0.8356
0.86298
0.92897
0.8414
0.98175
0.96828
0.82604
0.81283
0.8892
0.84918
0.79799
0.92257
0.84918
0.81096
0.88105
0.79983
0.8091
0.8356
0.7925
0.7925
0.89536
0.90573
0.8531
0.85114
0.93325
0.83753
0.87498
0.89331
0.82985
0.84918
0.8414
0.86099
0.82985
0.96828
0.82604
0.8892
0.81846
0.89536
0.88105
0.82224
0.91833
0.84723
0.82604
0.80724
0.91201
0.87096
0.94406
0.89331
0.85114
0.93756
0.877
0.80538
0.86896
0.90991
0.93756
0.88512
0.8414
0.86497
0.80538
0.83946
0.81096
0.86099
0.83368
0.91411
0.8892
0.91622
0.90991
0.86497
0.90365
0.86298
0.8414
0.8531
0.79433
0.89331
0.92897
0.81658
0.82035
0.85114
0.89331
0.9528
0.90573
0.84723
0.80168
0.86298
0.81283
0.86497
0.85507
0.92045
0.92897
0.86896
0.82414
0.8356
0.90365
0.90991
0.82414
1.1041
0.97724
0.83753
0.89331
0.92897
0.89331
0.81283
0.80353
0.81658
1
0.87096
0.87498
0.81846
0.97051
0.87297
0.90573
0.90157
0.81846
0.83946
1.0568
0.82035
0.88308
0.93541
0.91833
1.1376
0.96605
1.0328
1.7179
0.8995
0.92045
1.6181
1.2942
0.90157
2.4717
0.94624
0.93325
0.87902
0.86099
0.93972
0.83176
1.4859
0.89331
0.94842
0.86099
1.0789
1.5346
0.86099
0.87297
0.8091
0.78343
0.79068
0.93325
0.84333
0.8147
0.86099
0.82604
0.79616
0.88308
0.87902
0.80538
0.79983
0.82414
0.83753
0.80353
0.85114
0.86298
0.82794
1.2417
0.83946
1.0116
1.0814
0.96383
1.4588
0.98855
1.0351
1.0965
1.4555
1.205
1.7022
1.5453
1.2134
0.86099
0.97275
0.93972
0.90991
0.91201
0.82794
0.81283
1.1143
0.99083
1.0666
1.0423
0.88308
0.87096
0.92257
0.88105
0.88716
0.84528
0.8356
0.93756
1.135
1.2106
0.85507
0.86099
1.0864
0.7925
0.79433
0.84528
0.8414
0.8892
0.97949
0.82224
1.0209
1.1194
0.90365
0.82604
0.82035
0.77625
0.8531
0.7925
0.84528
0.85507
0.86497
0.82414
0.89743
0.8091
0.89743
0.87096
0.89331
0.87096
0.877
0.8147
0.83946
0.76033
0.93325
0.87902
0.76384
0.82414
0.82985
0.89743
0.76913
0.85507
0.82224
0.83368
0.96605
0.97949
1.0814
0.99312
0.92683
0.7925
0.86497
0.90365
0.92045
0.87297
0.8531
0.78524
0.82224
0.8356
0.86497
0.86896
0.87096
0.90991
0.87096
0.88308
0.8147
0.84723
0.83368
0.81096
0.89743
0.85507
0.84918
0.88716
0.98855
0.83368
1.1376
0.85507
0.79983
0.88716
0.82224
0.85507
0.89743
0.88512
0.84333
0.84723
0.88512
0.82414
0.82035
0.80724
0.877
0.9594
0.99312
0.93111
0.86099
0.89743
0.79799
0.87096
0.80724
0.83946
0.88716
0.81658
0.82414
0.82414
0.86896
0.8414
0.91201
0.80538
0.94624
0.76913
0.84528
0.78705
0.78705
0.79983
0.79433
0.76033
0.78886
0.82794
0.87902
0.8356
0.83946
0.85704
0.79616
0.89743
0.84333
0.81658
0.77804
0.84333
0.94624
0.87902
0.97499
0.89743
0.81658
0.85704
0.8356
0.82985
0.83753
0.80724
0.83176
0.83946
0.82035
0.88512
0.8091
0.80538
0.83753
0.80724
0.98401
0.94624
0.7925
0.8892
0.99083
1.0715
1.1641
0.94624
1.2274
1.9231
1.7579
1.074
1.1722
1.2912
0.90157
0.86896
0.86099
1.1143
1.6596
1.0691
1.0568
0.97051
2.7606
1.4191
1.4125
0.83368
0.82794
0.73961
0.82794
0.80353
0.8995
0.84918
0.85704
0.87297
0.85507
0.90782
0.88512
0.80353
1.0116
1.1749
0.97949
0.88308
0.78886
0.83753
0.87297
1.4723
1.1429
1.6181
0.9247
1.0617
1.3772
0.82794
0.80538
0.79616
0.85901
0.83753
0.83176
0.78163
0.85114
0.88105
0.88716
0.9247
0.82604
0.88308
0.80168
0.79433
0.82985
0.8892
0.83368
0.8356
0.85507
0.877
0.88105
0.85507
0.86896
0.78705
0.83368
0.81096
0.7709
0.79983
0.88716
0.84723
0.83176
0.83176
0.8414
0.85901
0.77983
0.85704
0.8531
0.82414
0.8414
0.8091
0.8091
0.88716
0.83368
0.79799
0.83946
0.85114
0.82985
1.2474
0.84333
0.90991
0.98855
1.0423
0.86696
0.82035
0.87096
0.91622
1.0257
0.87297
0.86298
0.82604
0.86099
0.82035
0.7656
0.85114
0.83368
0.92897
0.87297
0.90157
0.86099
0.81846
0.81658
0.79983
0.80168
0.77983
0.97275
0.79616
0.80538
0.7656
0.86298
0.85704
0.81283
0.82224
0.78886
0.85704
0.83176
0.82035
0.8147
0.82224
0.83946
0.84723
0.82035
1.2503
0.86896
0.92257
0.8892
1.1117
0.9977
1.0023
1.0715
0.8414
0.87096
0.85901
0.89125
0.88512
1.2531
3.8194
0.89536
0.8356
0.87297
0.8091
0.93541
0.79616
0.88716
0.90157
0.83946
0.81096
0.87498
1.1402
0.84918
1.4223
0.80724
0.79433
0.80168
0.78886
0.83753
0.79983
0.84528
0.85901
0.78524
0.87096
0.89125
0.8356
0.82794
0.79433
0.8147
0.8091
0.79616
0.8356
0.78163
0.81846
0.81846
0.78705
0.88105
0.86896
0.82794
0.82604
0.81658
0.81658
0.87902
0.8531
0.88308
0.86298
0.82035
0.83176
0.87096
0.82604
0.82604
0.8995
0.85114
0.82035
0.88716
0.90782
0.80724
0.9528
0.8995
0.87297
0.88512
1.183
1.4355
0.83753
0.85114
0.96383
0.98175
0.85507
0.85114
0.82604
0.91833
1.0046
0.8414
0.83753
0.89536
0.79068
0.84528
0.90157
0.80538
0.8414
0.9247
1.0162
4.7206
1.5171
0.8531
0.79983
0.8091
0.82224
0.79799
0.7925
0.81846
0.81846
0.8531
0.7656
0.80353
0.86696
0.78524
0.85507
0.82604
0.83176
0.80724
0.87297
0.83368
0.74817
0.85901
0.77268
0.96383
0.80724
0.81658
0.8531
0.7925
0.80724
0.88512
0.85114
0.8147
0.81283
0.79799
0.83753
0.82224
0.85507
0.79616
0.86298
0.98401
0.82035
0.87498
0.81096
0.79616
0.80168
0.84528
0.81283
0.8147
0.78524
0.84333
0.80168
0.85114
0.79799
0.84333
0.8995
0.83176
0.86099
0.81283
0.80353
1.1803
1.6181
0.96383
0.89331
1.0593
1.205
0.99083
0.94189
0.9594
0.92897
0.96161
0.90782
0.8892
0.88716
0.7925
0.82224
0.92257
0.97724
0.87498
0.82414
0.79799
0.94189
0.87902
0.78886
0.7709
0.83753
0.82794
0.89125
0.85507
0.84723
0.82224
0.8091
0.83176
0.8091
0.80724
0.81846
0.76736
0.79068
0.77446
0.78524
0.85507
0.83753
0.81846
0.90991
0.83176
0.82794
0.86696
0.81283
0.88308
0.8091
1.135
1.0544
1.0116
0.89743
1.3646
0.77625
0.84918
0.84528
0.89331
0.78163
0.87498
0.80538
0.82794
0.8995
0.79983
0.82414
0.87498
0.84528
0.82035
0.8091
0.86298
0.84918
0.83176
0.87297
0.91411
0.83176
0.83753
0.82604
0.82224
0.86298
0.84723
0.87902
0.87498
0.90157
0.82604
0.80724
0.91833
0.8414
0.81846
0.8414
0.8531
0.87297
0.8356
0.83368
0.8147
0.87297
0.84333
0.82794
0.85901
0.83946
0.8147
0.877
0.82794
0.82604
0.93541
0.82985
0.82035
0.8356
0.82604
0.82414
0.82794
0.8147
0.92897
0.80353
0.91201
0.78343
0.78163
0.87902
0.87902
0.81658
0.86497
0.86099
0.88308
0.84333
0.83946
0.79433
0.81096
0.877
0.92045
0.82794
0.92683
0.77268
0.77446
0.88512
0.84918
0.89743
0.82794
0.80168
0.82794
0.86696
0.81846
0.89743
0.79433
0.82414
0.93756
0.7656
0.85704
0.89331
0.80353
0.79068
0.91833
0.80353
0.85114
0.8531
0.84723
0.86497
0.82794
0.89331
0.79799
0.82604
0.78524
0.79433
0.86298
0.8892
0.80724
0.82035
0.81096
0.83946
0.8147
0.99312
0.87902
0.83368
0.82035
0.91833
0.98401
0.8147
1.0162
0.87297
0.83368
0.87297
0.9528
0.87297
0.92897
0.93972
0.94406
0.90782
0.88512
1.5417
0.79799
1.1015
0.96161
0.86696
0.89125
0.78163
0.86099
0.78886
0.86896
0.81658
0.83753
0.88716
1.0186
1.0691
0.90782
0.86298
1.39
1.0162
1.7179
0.86099
0.86099
0.87297
0.88308
0.83368
0.94842
0.91622
1.2531
1.1272
1.1803
1.1803
1.2106
1.6982
1.2882
1.4454
1.4191
1.3213
1.2474
0.82794
0.91622
0.94406
1.2735
0.82794
0.89536
0.96383
1.0328
0.93972
0.81846
1.1668
1.0046
1.0257
0.8091
0.88308
0.86099
0.83368
0.85507
1.0839
0.83946
0.84333
0.90573
0.84918
0.81846
0.79433
0.87498
0.83368
0.8414
0.83946
0.84723
0.84918
0.78705
0.89125
0.93111
0.80353
0.8892
0.83368
0.81283
0.87297
0.88105
0.88308
0.8414
0.7925
0.86497
0.78705
0.79068
0.85704
0.82035
0.82794
0.80353
0.78705
0.79983
0.94624
0.82985
0.80353
0.81658
0.84723
0.77804
0.85704
0.83368
0.82224
0.78886
0.84723
0.84333
0.81846
0.8091
0.77268
0.8531
0.88105
0.82224
1.3305
2.1878
2.1777
2.0277
1.7947
2.0749
2.9717
2.2131
0.96383
1.0568
0.86497
0.98175
0.82414
1.135
1.1041
1.0691
1.0257
0.98175
2.4946
2.0045
0.94624
0.8414
0.83753
0.89743
0.86896
0.82224
0.82224
0.80538
0.8091
0.80538
0.8356
0.78705
0.85704
0.87297
0.8147
0.89536
0.8531
0.80538
0.8091
0.9247
0.83368
0.92683
0.81658
0.82224
0.83946
0.92897
0.86099
0.85114
0.85901
0.78163
0.80538
0.88308
0.83946
0.8147
0.88716
0.8091
0.84528
0.82794
0.85704
0.77983
0.85704
1.1455
0.82604
0.93541
0.83946
0.87096
1.3677
0.8414
0.81658
1.0691
0.83753
0.82604
0.88716
0.86298
0.83753
0.90157
0.83176
0.81096
0.83946
0.86696
0.8531
0.81658
0.82224
0.81096
0.79616
0.79616
0.83946
0.79799
0.80538
0.81096
0.77804
0.87096
0.80353
0.77268
0.80538
0.80353
0.87498
0.7656
0.84333
0.8147
0.86099
0.84723
0.83176
0.79068
0.82794
0.79433
0.7925
0.79433
0.80353
0.79799
0.81846
0.90991
0.78705
0.84333
0.79799
0.86497
0.82224
0.97275
0.83946
0.90573
0.87498
0.8892
0.80538
0.79068
0.82224
0.86298
0.81283
0.90782
0.81846
0.8091
0.96383
0.93972
1.099
1.028
0.91411
0.86298
1.0965
0.96161
0.94842
1.219
1.1482
0.9594
0.83368
0.94406
0.88716
0.89536
0.84723
0.83946
0.86497
0.84918
1.762
0.82414
0.79799
0.8356
1.5596
1.205
3.7931
7.6033
7.4302
8.5114
7.5162
11.272
7.9799
10.568
1.875
0.82985
0.84528
1.3397
0.97275
0.84723
0.79433
0.86696
0.8091
0.94842
0.82604
0.78343
3.5727
10.162
12.972
12.388
7.7625
1.3552
0.83753
1.4322
0.9247
1.5171
1.0375
1.205
2.023
0.77983
1.2246
1.3932
4.5082
4.8084
0.89536
0.82224
0.86298
0.88512
1.0666
0.88105
0.83946
0.9247
0.92683
0.81658
1.2882
1.6444
0.79433
0.79799
0.76736
0.84333
0.82794
0.87297
0.75683
0.85901
0.77983
0.80538
0.80538
0.75683
0.82414
0.83368
0.80168
0.85704
0.8995
0.82414
0.80538
0.85704
0.83368
0.85704
0.80168
0.79983
0.83176
0.78163
0.78524
0.80168
0.88716
0.88105
0.81846
0.83176
0.85704
0.8147
0.84723
0.79433
0.86896
0.8531
0.86298
0.84918
0.82985
0.8091
0.83753
0.8892
0.82794
0.82604
0.8356
0.8531
0.88308
0.82794
0.88308
0.84918
0.83368
0.82414
0.8091
0.83176
0.8414
0.82414
0.83176
0.79433
0.77268
0.84918
0.8356
0.86099
0.82604
0.86896
0.78343
0.8091
0.84723
0.8531
0.9247
0.81283
0.82414
0.88308
0.82985
0.81096
0.84723
0.83176
0.82985
0.84333
0.82414
0.81283
0.90573
0.79616
0.81658
0.85901
0.83753
0.81658
0.82224
0.90782
1.0617
0.87297
0.8531
1.0209
1
0.80353
2.5177
0.84528
0.79068
0.84918
0.85507
0.89331
0.90573
0.89331
0.80168
0.89331
0.83368
0.9506
0.8091
0.83368
0.91622
0.88105
0.84723
0.84723
0.85901
0.82794
0.8091
0.90991
0.89536
0.86497
0.83368
0.82604
0.80538
0.79433
0.80538
0.8091
0.81283
0.8091
0.81283
0.82035
0.89743
0.77983
0.81283
0.84723
0.81283
0.85507
0.83176
0.80168
0.79068
0.85114
0.92045
0.81658
0.82985
0.84723
0.89125
0.7925
0.8356
0.877
0.77446
0.79616
0.77625
0.82224
0.84918
0.82794
0.85507
0.82035
0.77983
0.83753
0.88308
0.89743
0.78886
0.86497
0.8531
0.83176
0.87297
0.87096
0.85114
0.82985
0.82985
0.95719
0.94842
0.87096
1.0162
0.93325
0.88716
0.96605
0.85114
0.88308
1.2912
0.82224
0.94842
0.78705
0.76913
0.82414
0.91411
0.82794
0.84333
0.8147
0.82794
0.84528
0.82414
0.81658
0.82985
0.86298
0.81658
0.85114
0.79068
0.82985
0.82035
0.8356
0.82035
0.8414
0.85114
0.84918
0.877
1.2218
1.1429
1.2331
2.6363
1.9454
0.8091
0.79616
0.87297
0.83753
0.95499
0.8147
0.8892
0.79799
0.78343
0.80724
0.8356
0.80353
0.84333
0.87297
0.83176
0.83946
0.86099
0.8531
0.87297
0.82985
0.86298
0.78886
0.82985
0.86696
0.77804
0.77268
0.96161
0.86099
0.79983
0.77804
0.87498
0.82224
0.84723
0.81846
0.83176
0.79616
0.80353
0.79433
0.81846
0.85901
0.86099
0.84918
0.86696
0.80724
0.96161
0.85507
0.8147
0.86099
0.85114
0.86298
0.78163
0.80168
0.89743
0.89331
0.85507
0.8414
0.88716
0.82414
0.81846
0.84528
0.78886
0.78705
0.77625
0.75509
0.877
0.8892
0.85114
0.86896
0.78163
0.82794
0.83176
0.82414
0.87498
0.88512
0.79799
0.83753
0.87096
0.82224
0.87498
0.82414
0.79983
0.82414
0.86298
0.83368
0.80538
0.85704
0.83753
0.85704
0.8414
1.0046
1.219
0.84528
0.97724
1.0864
0.97724
0.84333
0.82794
0.81846
0.78163
0.82604
0.80168
0.75336
0.86497
0.79799
0.79433
0.81283
0.83368
0.84333
0.79433
0.86896
0.84723
0.97051
0.87498
0.79433
0.90157
0.84333
1.3964
1.7418
0.9247
1.028
0.85507
0.88308
1.0495
0.88716
0.94624
1.3335
1.4791
1.374
0.84528
0.93111
0.77983
0.80168
0.7925
0.81846
0.89743
0.76913
0.78343
0.80724
0.77983
0.81846
0.83368
0.85114
0.80538
0.85507
0.79616
0.90991
1.0423
0.87902
0.84723
0.88105
0.88716
0.90365
1.1588
1.349
0.8147
0.87498
0.7925
0.80538
0.78886
0.86497
0.84528
0.77804
0.83368
0.84918
0.84918
0.89125
0.78524
0.89125
0.81846
0.79616
0.82224
0.80353
0.8147
0.79983
0.81283
0.82414
0.79799
0.76913
0.86696
0.8995
0.81096
0.90991
0.81658
0.77804
0.8414
0.82794
0.88308
0.7656
0.84918
0.82794
0.90365
0.84918
0.78886
0.83176
0.83368
0.87498
0.82794
0.91201
0.82604
0.86099
0.78705
0.8414
0.86497
0.81096
0.77625
0.79616
0.78705
0.88308
0.80353
0.81096
0.87297
0.82035
0.86099
0.80724
0.80353
0.77625
0.81283
0.83753
0.83176
0.87498
0.83176
0.82224
1.1455
1.0162
0.92683
0.89125
0.86497
0.877
1.4388
1.9861
1.4125
1.3397
1.0375
0.98401
1.0162
1.9861
1.0375
1.374
1.7989
0.91201
0.877
0.77804
0.79433
0.88512
0.83368
0.89125
0.85704
0.89331
0.84918
0.79433
0.82035
0.87902
0.83368
0.87498
0.77625
0.877
0.82414
0.8147
0.82414
0.8995
0.88512
0.85507
0.82604
0.88716
0.84918
0.81658
0.8414
0.86497
0.98401
0.99312
1.0914
0.92683
0.9977
0.97724
1.3092
1.0328
0.83753
0.79616
0.91201
0.8414
0.84528
0.76384
0.86896
1.0641
1.183
0.95719
1.6711
1.0965
0.97275
0.88105
0.97724
0.91622
1.3552
0.87498
1.5453
1.0304
2.1777
0.83176
1.052
1.1092
1.4454
1.4488
1.3677
1.1041
1.2706
2.2751
5.9293
0.87902
0.87902
0.86298
0.86298
0.87096
0.80724
0.85901
0.86497
0.9247
0.82224
0.83753
0.86896
0.86298
0.82794
0.83946
0.86696
1.0116
0.88105
0.89331
0.8531
0.88105
1.135
0.86696
0.97949
1.0023
0.93541
1.0209
2.3496
2.0277
2.6485
4.6026
0.83176
0.86099
0.84333
0.90991
0.8531
0.89536
0.83753
0.8414
0.8356
0.78163
0.8995
0.84918
0.86497
0.87498
0.84918
1.374
0.89125
1.052
0.98628
1.0789
1.3772
1.0186
1.1402
1.0666
0.99312
1.8323
0.82035
0.81658
0.99541
0.88105
0.84723
0.91622
0.77804
0.86298
0.94842
0.83368
0.80353
0.79983
0.877
0.8995
0.79799
0.83753
0.89536
0.84333
0.97499
0.81283
0.85507
0.94406
0.82604
0.81096
0.8356
0.84723
0.93756
0.85114
0.83753
0.8147
0.8531
0.8091
0.90573
0.89331
0.7925
0.84723
0.88105
0.8356
0.90782
0.83368
0.9247
0.84333
0.8414
0.84723
0.86099
0.81658
0.82604
0.80353
0.85507
0.8356
0.85901
0.89331
0.79616
0.85901
0.88308
0.87297
0.85114
0.88716
0.82224
0.82414
0.87297
0.8147
0.80538
0.8356
0.93541
0.79433
0.88308
0.90157
0.79068
0.86099
0.88308
0.83176
0.77625
0.90782
0.84528
0.85901
0.90573
0.87498
0.87096
0.89331
0.83753
0.84723
0.7925
0.93111
0.8531
0.84333
0.81096
0.87902
0.9247
0.88716
1.2853
1.1402
1.7783
0.89331
0.96161
0.88716
1.3583
0.90365
0.86298
0.79799
0.82794
0.80168
0.86298
0.80353
0.86497
0.80168
0.79616
0.877
0.90573
0.82035
0.84333
0.85901
0.80724
0.8531
0.83176
0.89536
0.80538
0.82985
0.88105
0.83753
0.80538
0.82035
0.84528
0.89331
0.86497
0.79983
0.87096
0.87498
0.84528
0.7925
0.85901
0.78886
0.85507
0.80538
0.86696
0.83176
0.86696
0.86497
0.90365
0.81658
0.82224
0.87096
0.87096
0.85114
0.82414
0.82985
0.91622
0.86497
0.82985
0.82985
0.80353
0.86099
0.91411
0.88308
0.85704
0.82794
0.86896
0.9247
0.91833
0.95719
0.8892
0.83368
0.86099
0.8892
1.4928
0.84723
0.91833
0.89743
0.93756
1.099
0.81283
0.7656
0.82604
0.89743
0.84918
0.79799
0.82224
0.9247
0.86099
0.86099
0.80724
0.81846
0.82414
0.85114
0.97275
1.0839
1.0186
0.91622
0.9528
1.0544
0.90991
1.2023
0.99541
0.90782
0.95719
1.1272
1.4825
1.1749
1.4093
1.1668
1.2677
1.1246
1.3335
1.1561
1.2882
1.0789
0.98401
1.2331
1.3366
0.85114
1.3335
1.0351
0.87096
0.84918
0.86696
0.85114
0.82224
0.88105
0.82414
0.82414
0.97275
0.84918
0.7925
0.86896
0.90573
0.87096
0.82985
0.86298
0.8147
0.86896
0.877
0.79799
0.77268
0.84723
0.8091
1.4894
2.2699
1.762
1.9999
2.0559
1.4028
0.9977
1.5631
0.877
0.79068
0.93111
0.9247
0.88308
0.86298
0.80724
0.89536
1.6711
1.1402
0.96161
1.9815
1.4655
0.92897
0.80353
0.89743
0.93111
0.82224
0.88105
0.8356
0.82794
0.82035
0.8356
0.8147
0.87096
0.87297
0.8414
0.84918
0.85704
0.87096
0.84528
0.79983
0.82794
0.87498
0.81846
0.81283
0.81658
0.79433
1.5311
0.85901
0.87096
0.84723
0.86497
0.82604
0.81283
0.87498
0.83753
0.89125
0.88308
0.87902
0.877
0.80538
0.86896
0.81096
0.83946
0.89536
0.86896
0.86696
0.86099
0.84918
0.81846
0.84918
0.86696
0.87096
0.89743
0.79433
0.84333
0.8531
0.86497
0.89536
0.83368
0.79068
0.82794
0.90573
0.82985
0.85901
0.78343
0.81096
0.85114
0.77625
0.84528
1.0116
0.83753
0.87902
0.84528
0.82604
0.92045
0.91411
0.877
1.0375
0.83753
0.92683
0.8356
0.84528
0.86896
1.6788
1.3583
0.94624
1.099
0.97724
1.0593
0.92257
0.88105
0.8356
1.8197
0.84528
0.90157
0.80724
0.95499
0.91833
0.88105
0.81658
0.93325
0.78886
0.80168
0.8091
0.82414
0.90157
0.8892
0.77804
0.77804
0.8147
0.98175
0.84333
0.78524
0.81658
0.84918
0.83753
0.81283
0.77625
0.8356
0.75858
0.8091
0.81283
0.84528
0.82035
0.85901
0.91201
0.83368
0.79983
0.80353
0.80538
0.88105
0.93541
0.91833
0.80538
0.79799
0.83368
0.81283
0.78886
0.82794
0.81658
0.81658
0.81096
0.84528
0.81283
0.82985
0.85507
0.88308
0.79433
0.85901
0.84918
0.8414
0.86298
0.85507
0.82035
0.76384
0.8892
0.84528
0.81283
0.78343
0.86298
0.84528
0.84528
0.79983
0.84723
0.76913
0.81096
0.8356
0.83368
0.86696
0.85704
0.88308
1.0351
0.96828
1.0351
0.97949
0.86099
0.8147
1.0116
0.89331
0.86896
0.86497
0.91411
0.877
0.86497
0.93111
0.87902
1.0423
1.0257
0.94624
0.80353
0.78343
0.79433
0.82985
0.86099
0.89331
0.78343
0.83368
0.79799
0.83946
0.78163
0.77446
0.79433
0.78705
0.82985
0.79616
0.8414
0.79433
0.79616
0.78524
0.80168
0.84333
0.79799
0.79433
0.80168
0.7925
0.81846
0.8414
2.6977
1.2618
4.592
5.3951
0.97949
0.77446
0.92257
0.93541
1.4622
1.6672
0.84918
0.85507
0.85114
0.90991
0.83753
0.89331
0.93111
0.90365
0.8147
0.83368
1.1803
0.82035
0.86099
0.97051
0.8531
0.97499
0.84723
0.89743
0.8995
0.78524
0.87096
0.87498
0.86298
0.82604
0.84918
0.80724
0.8091
0.80353
0.96161
0.82035
0.81658
1.0641
0.80353
0.84333
0.8995
1.1885
1.074
0.88716
0.84333
0.79433
0.88105
0.84723
0.85704
0.8414
0.98855
1.1324
0.97051
1.5704
2.1135
0.85507
0.84918
0.83946
0.81846
0.94406
0.89743
0.88512
0.80353
0.80168
0.89743
0.82604
0.8531
0.81096
0.7709
0.89536
0.78886
0.86896
0.83946
0.92257
0.81283
1.1092
1.6144
1.4928
2.2233
0.86099
1.2274
1.6406
0.98175
0.86896
0.96828
2.4491
0.91411
0.79616
0.74302
0.87902
0.90157
0.82414
0.83368
0.7925
0.86896
0.83368
0.81846
0.89125
1.0593
0.83946
0.83753
0.88308
0.83368
0.877
0.88105
0.8892
0.84528
0.79799
0.83176
0.86497
0.877
0.96161
0.81096
0.8147
0.87902
0.877
0.91833
0.86298
0.90365
0.85507
0.82604
0.9528
1.0209
0.83946
0.84333
0.86298
0.90782
0.81658
0.85704
0.84333
0.89125
0.81658
0.82224
0.81846
0.84723
0.92257
2.0845
2.2856
2.0749
1.7906
2.4491
2.3014
2.3823
2.4547
5.6234
1.1402
0.97051
1.0069
1.0023
0.95499
1.0617
0.99541
1.2303
1.5066
1.0814
1.194
1.2972
1.4322
1.2912
1.094
1.3366
1.1995
0.84333
0.97724
0.87096
0.8414
0.92257
0.80168
0.86896
1.0914
0.88716
0.87096
0.84333
0.85114
0.8147
0.8531
1.0116
1.4521
1.4997
0.82414
0.83176
0.8147
0.82985
0.83946
0.90991
0.92257
0.82414
0.877
0.89125
0.9247
0.85114
0.82794
0.78705
0.99541
0.8531
0.82414
0.84333
0.89331
0.86099
0.88308
0.81283
0.82604
0.83368
0.81846
0.93111
0.92045
0.81658
1.1668
0.83368
0.82794
0.87902
0.89125
0.86896
0.97275
0.94406
1.122
0.94624
0.86896
1.1298
1.0617
0.87096
0.86896
0.83176
0.89125
0.89743
0.78886
0.79616
0.82604
0.82414
1.3032
2.5942
0.87297
0.82035
1.0691
0.90573
0.96383
0.86696
0.84723
0.79799
0.81846
0.86099
0.80168
0.83176
0.83368
0.8091
0.8414
0.84528
0.86696
0.84723
0.82414
0.90573
1.0257
0.85114
1.0139
2.0417
0.85704
0.83946
0.85901
0.8091
0.81096
0.8091
0.82985
0.82035
0.80538
0.83753
0.88105
0.8091
0.80353
0.8356
0.85507
0.90365
0.84333
0.8531
0.86497
0.82224
1.2106
1.7378
0.91622
0.92045
0.8892
0.87498
1.1092
1.1995
1.1858
1.652
0.8995
0.77983
1.9409
0.89743
1.1402
1.0209
1.2503
0.82224
0.85901
0.81283
0.94406
0.84918
0.87498
0.8091
0.82414
0.92897
0.88105
0.82985
0.86497
0.85114
0.87297
0.82035
0.9247
4.8417
6.8077
9.8855
7.5336
8.7096
7.9433
9.0573
6.0534
4.3551
0.84333
9.2045
6.6374
0.79433
3.6058
9.4624
8.4723
10.399
12.56
10.544
8.2794
10
1.1561
0.84723
1.3183
2.7925
11.641
2.0137
0.81283
4.529
0.78886
0.8356
1.7742
3.2584
1.5066
12.023
9.528
8.0353
11.246
10.28
11.641
12.474
11.94
9.2257
11.402
10.568
10.544
7.5336
7.6208
8.5901
9.9312
10.28
8.5507
8.6099
9.9083
9.977
7.2778
3.7068
8.4918
7.2111
7.4131
8.892
3.8726
12.503
1.6444
2.0137
9.3972
9.506
7.1945
11.092
9.3325
8.0168
9.8855
7.8163
20.23
2.8642
7.1121
13.804
15.959
10.495
17.539
12.359
9.2045
9.0573
7.7804
8.6099
8.5704
8.8308
8.2794
0.96383
11.324
11.912
9.4624
7.4989
23.067
13.152
11.272
8.4723
8.9743
9.3972
5.0582
11.885
12.882
8.6298
11.272
8.9743
7.5683
8.8308
10.471
8.6896
12.618
8.3368
13.74
6.2951
7.7268
8.7297
11.885
10.069
10.666
9.1622
23.496
14.289
12.303
6.4714
8.9536
6.8077
10.423
1.2618
0.93111
0.8892
0.84528
7.1614
5.9156
4.8865
10.889
8.3176
6.5313
6.2661
8.2604
9.5499
15.488
7.3114
0.85507
27.669
8.8105
9.0991
1.39
0.92257
10.399
7.2946
6.4417
5.7148
8.6696
10.423
11.885
7.0307
7.656
9.7051
0.80353
0.87902
5.3456
7.6384
13.868
11.117
6.0395
5.358
23.335
5.6885
11.776
9.9083
8.2604
5.4325
7.656
10.093
12.359
12.706
9.5719
8.4918
8.3946
4.0644
12.246
7.3451
7.0958
12.706
5.2723
9.7724
8.8512
6.9183
8.6497
10.162
1.7701
13.092
1.0447
11.508
8.9125
1.5885
1.3305
14.421
9.6828
0.95719
10.593
8.9743
13.49
10.814
13.932
16.406
6.368
5.2602
6.4269
6.9024
10.093
9.1833
8.0353
0.92683
0.91411
0.96828
0.90991
0.94842
3.0903
6.3387
0.80353
10.257
10.304
8.2414
10.965
11.94
10.351
12.823
11.641
8.5704
12.05
7.4645
8.892
6.1518
6.7143
13.305
13.868
14.962
0.93325
15.276
6.7298
15.959
12.56
7.0632
12.706
24.889
7.8163
11.94
7.2277
6.792
1.2023
1.3213
1.1722
3.3189
12.106
11.668
12.531
11.246
11.298
6.5766
6.3973
1.2764
1.8239
6.6222
10.715
12.618
9.5499
7.3961
6.5163
6.7298
4.3351
6.2661
7.6736
0.91622
1.5959
9.6605
12.589
9.8628
9.9312
14.521
4.5499
16.218
12.794
17.701
4.0738
5.5081
8.9331
10.162
9.1201
8.3176
11.376
7.3961
7.6033
9.1201
10.328
9.2257
9.9312
9.2897
7.6208
6.7608
8.2224
11.246
9.4624
12.078
8.9331
2.1135
3.4435
6.1094
7.0632
1.4791
1.8323
1.2023
1.7022
1.5171
13.183
16.788
10.139
8.6896
3.2509
1.0233
1.2417
4.0458
5.3456
26.303
13.74
7.0146
4.1495
7.9068
8.9331
9.977
11.455
9.8855
17.701
10.965
6.2951
6.4417
3.3806
5.9429
10.093
9.9541
9.7275
0.8414
0.77446
25.003
18.75
15.849
10.864
7.4645
8.1658
8.1096
8.9331
8.9125
15.276
11.298
6.792
7.3621
20.091
5.6234
6.4417
6.1518
8.9536
6.5464
10.568
13.583
11.455
10.328
17.378
1.1194
1.0069
4.2267
2.9717
14.757
12.735
11.429
19.634
15.171
11.22
10.889
15.136
15.453
12.445
10.715
14.289
11.455
13.772
10.351
9.9312
3.0761
20.417
9.0365
10.139
12.56
14.158
10.375
11.749
21.135
3.9174
3.3266
7.6736
1.3092
2.0749
17.338
13.459
15.241
11.117
12.023
8.7297
8.7902
13.032
20.277
