1.0666
1.5776
1.1324
1.099
1.0162
1.1482
1.1695
3.4674
1.3804
8.7297
1.0139
0.8147
0.82224
0.7709
0.88512
4.6132
3.1623
0.66222
0.66681
0.62661
0.6792
0.66681
0.82985
0.64121
0.63241
0.63973
0.63533
0.63533
0.77983
0.66222
0.80353
0.67143
0.84528
1.0257
0.98175
0.9977
1.0186
1.1614
2.4044
2.6915
2.138
3.1842
2.6424
2.2131
3.6475
3.1333
3.6728
3.1405
4.1879
3.8194
3.5892
2.3496
3.8019
2.4434
2.7797
3.1261
1.8923
3.9537
3.8282
2.3659
2.9992
3.2659
2.9992
2.5235
3.6058
2.8314
2.2387
4.7424
2.1281
3.342
2.2182
1.3836
1.8408
2.2284
1.7022
1.6904
1.9815
2.0417
1.5996
1.9364
1.8707
2.2131
2.2336
1.6904
1.803
1.3305
1.7179
1.4825
1.7022
1.4894
1.4289
1.4355
1.5668
1.888
1.3868
1.2303
1.8578
1.8793
1.4962
1.6943
1.5524
1.6596
1.6331
1.5101
1.4488
1.4028
2.1086
1.6368
1.4191
1.2589
1.3428
1.7865
1.7298
2.0749
1.4488
1.714
1.4655
2.6303
2.355
1.7498
1.6827
1.5453
1.4256
1.5276
1.4791
1.5311
1.5524
1.5524
1.6558
1.8493
1.8072
2.1135
1.2618
1.4791
2.1135
1.7022
1.6634
1.9861
1.7378
1.4825
1.183
1.4388
2.4378
1.5031
1.3868
1.5596
1.556
1.4622
1.6866
1.875
1.5276
1.6331
1.4622
1.5453
1.3092
2.1677
1.5524
2.4547
1.5922
1.2882
1.8493
2.023
1.8836
1.7783
1.3646
1.714
1.7298
2.1429
1.4757
1.4928
1.6444
1.4158
2.3335
2.3768
1.7338
1.2794
1.803
2.6062
3.5892
2.8314
1.8239
1.5417
1.4454
1.6293
1.5417
1.6943
1.4791
1.2706
1.1967
1.3335
1.2134
1.714
1.256
1.6032
2.023
1.4488
1.4488
1.028
1.977
1.6672
1.714
1.8535
2.2594
1.4997
1.8621
1.9953
1.3836
1.71
1.8621
1.7298
1.4322
1.4093
2.4831
1.5382
1.6444
1.8408
1.7338
1.4256
1.4421
1.8493
1.205
1.9588
1.5276
1.803
1.6749
1.5922
1.6904
1.4655
1.2106
1.3868
1.7824
1.8535
1.6255
1.9634
1.5066
1.9275
1.406
1.8281
1.7989
1.4421
1.3305
1.8836
1.8408
1.5849
1.1272
1.3552
1.5276
1.5885
1.1695
1.7338
2.0989
1.5776
5.1404
1.714
2.2751
1.5311
1.3305
1.7258
1.6788
1.5596
4.9204
1.7865
1.4689
1.3459
1.8197
2.037
1.6255
1.6368
1.8707
1.5959
1.2134
1.4223
1.6711
1.6032
1.3122
1.205
1.3397
1.3836
1.5996
1.4962
1.6444
1.2589
1.4859
1.2078
1.4825
1.5885
1.4521
1.7258
1.6368
1.4322
1.6444
1.4093
1.4928
1.1695
1.3996
1.5031
1.8707
1.3677
1.1967
1.5996
1.8836
1.4355
1.3428
1.6788
1.6218
1.6331
1.6181
1.2474
1.5922
1.6144
1.3183
1.205
1.4256
1.6218
1.1912
1.9588
1.0839
1.4256
2.0091
1.1885
1.1194
1.406
1.2942
1.7824
1.1508
1.3677
1.5417
1.2972
1.406
1.0765
1.652
1.5101
1.6218
1.39
1.2735
1.3274
1.4689
1.3868
1.3836
1.3804
1.4191
1.1066
1.4655
1.1614
1.1614
0.95499
1.2972
1.0495
1.1776
1.1272
1.183
1.1535
1.2388
1.4256
5.0582
5.5208
6.5464
7.0958
1.1194
1.4322
0.88105
0.95719
1.0889
1.1641
1.0023
1.0789
1.0965
1.0641
1.0715
1.8281
1.0691
2.9923
0.877
0.96828
1.094
0.93541
0.93756
2.1627
1.183
1.0304
1.0914
1.099
0.8531
1.135
1.0046
2.5468
0.98175
1.0399
0.94842
1.0447
0.95499
1.052
3.1477
0.90782
0.9528
1.3243
0.96605
0.91411
1.0257
1.2706
1.1324
1.4223
0.71614
0.85704
0.87297
0.97949
1.0023
1.122
1.1194
2.3878
5.821
1.1803
0.66527
0.84723
0.9594
0.80353
1.1092
1.7783
4.529
8.1283
10.617
10.116
12.531
14.256
6.5163
0.82604
0.90365
0.9594
2.2336
1.5704
5.2966
0.76736
0.97275
1.2106
1.3804
0.70469
0.69663
0.65163
0.71945
0.69663
0.71779
0.66527
0.69024
0.74817
0.68865
0.70146
0.64417
0.66834
0.66681
0.70307
0.66069
0.66681
0.76033
0.69024
0.76913
0.85901
0.83176
0.74817
0.81096
1.094
1.0691
0.88105
1.5488
0.94624
1.3305
1.5241
0.7379
0.76913
0.68234
0.6792
0.69024
0.8414
0.72444
0.68391
0.78886
0.65917
0.67453
0.74131
0.65766
0.68077
0.91833
0.82414
0.84918
0.80724
1.2882
0.96828
0.74473
2.4946
8.091
0.75858
0.88105
0.84528
0.81096
0.83946
0.86298
0.68391
2.2491
2.1577
0.65464
0.65313
0.65917
0.65013
0.68234
0.65766
0.65615
0.66988
0.65163
0.67298
0.65766
0.66374
0.64417
0.72277
0.69663
0.99541
0.78343
0.79983
0.82414
1.2912
1.1885
1.977
4.8306
0.66834
0.65163
0.67298
0.65464
0.64417
0.69183
1.0233
5.7016
4.0644
0.64863
0.67143
0.64121
0.71779
0.64565
0.67143
0.67608
0.68707
0.70632
0.66069
0.64121
0.72946
4.8417
0.67608
0.88105
0.77625
0.86099
1.0789
0.71779
0.97949
1.5241
0.66222
0.79433
0.67608
0.66834
0.68865
0.75509
0.80168
0.74131
0.6792
0.71285
0.77446
0.63387
0.74302
0.77625
0.66834
0.66069
0.70958
0.66069
0.64863
0.72778
0.65615
0.65464
0.7656
0.72946
0.68234
0.69024
0.68707
0.70307
0.67764
0.65917
0.66374
0.66374
0.65615
0.65917
0.66988
0.8995
0.8147
0.9528
0.78524
0.66222
0.75858
0.82604
1.0666
0.74989
0.72611
0.7925
0.92683
1.028
3.4277
0.9977
1.1588
1.099
1.0914
1.932
0.87902
0.93325
0.71614
0.94406
0.69024
0.67764
0.66374
0.92257
0.78886
0.82224
0.7656
0.67298
0.73451
0.65917
0.82794
0.7925
0.81096
0.65917
0.71285
0.66681
0.73451
0.73114
0.68234
0.65615
0.73621
0.66681
0.72277
0.72778
0.74817
0.69343
0.68865
0.82414
0.81096
0.65766
0.64565
0.68865
0.67298
0.70469
0.79068
0.9506
0.93756
1.2882
1.0046
0.88512
0.73961
0.71945
0.82414
0.78524
2.7669
0.64565
0.64121
0.69024
0.65615
0.96605
0.72946
0.74131
0.70632
0.67764
0.68707
0.65313
0.69823
0.79983
0.68077
0.66222
0.69183
0.74131
0.6792
0.66988
0.74817
0.65013
0.68234
0.67298
0.65163
0.86896
0.69343
0.69823
0.78343
0.68549
0.73451
0.69663
0.70795
0.97499
0.67298
0.66988
0.66988
0.65313
0.69343
0.72946
0.68234
0.65766
0.63533
0.64565
0.65163
0.8147
0.87297
0.80353
0.73621
0.68549
0.78705
1.0399
0.75336
1.0568
1.8793
1.7989
3.3113
1.6032
0.64121
0.76033
0.72611
0.67298
0.66988
0.66988
0.75162
0.66069
0.81283
0.70632
0.70146
0.69183
0.66527
0.66069
0.69502
0.65766
0.65013
0.62517
0.68707
0.63973
0.64565
0.7145
0.66681
0.64565
0.63096
0.67453
0.67453
0.66374
0.65917
0.65766
0.67298
0.66222
0.62517
0.64565
0.70632
0.65766
0.66834
0.90365
0.82414
0.70958
0.79433
0.70307
0.66527
0.65464
0.68865
0.6368
0.74817
0.66834
0.74473
0.64121
0.68391
0.7145
0.71285
0.65313
0.66069
0.65163
0.66681
1.3032
1.0965
0.75509
0.80538
0.8091
1.7865
0.90991
0.96161
1.0495
1.4588
1.256
1.803
1.7378
0.93541
0.92897
1.1614
4.0179
0.97499
1.2735
1.977
0.65464
0.98401
0.64714
0.65766
0.70146
0.68549
0.81096
0.67298
0.96828
0.62806
0.64417
0.65313
1.5346
0.64714
0.76384
1.5453
0.63533
0.63096
0.63826
0.64565
0.65766
0.83753
0.65766
0.66527
0.65313
0.63533
0.63826
0.64714
1.1272
7.1121
11.169
14.997
14.928
12.474
11.298
12.735
12.05
11.22
9.8175
12.882
8.9536
2.2284
2.4946
3.3884
0.93756
0.90991
1.1041
1.5417
0.98175
1.2735
1.1995
1.0889
1.2823
1.0965
2.2542
0.63533
0.64863
0.63826
0.67764
0.66988
1.766
1.135
0.89743
2.1979
4.102
8.2224
10.093
3.1623
0.81283
0.96605
1.3552
2.6182
0.77268
1.256
0.66527
0.72611
1.0423
1.7742
1.9588
3.8371
1.8707
0.69502
0.6792
0.64269
0.64714
0.72277
0.76208
0.76208
0.75336
0.83176
0.75509
0.68707
2.6242
0.70469
1.1143
0.92257
1.1803
1.6444
0.67143
0.73114
0.65464
0.64121
0.65163
0.65464
0.64565
0.66069
0.64121
0.67453
0.67298
0.63387
0.64417
0.63096
0.65013
0.66222
0.66527
0.81846
0.66834
0.66222
0.66834
1.5382
1.2331
0.84918
0.71779
0.79616
0.99083
0.67298
0.68391
0.66069
0.68077
0.66681
0.8147
0.64565
0.65013
0.66374
0.72611
0.74645
0.68707
0.72444
0.69663
0.73282
0.81658
0.66527
0.69984
0.66834
0.80353
0.68391
0.69823
0.86696
0.68865
0.66069
0.66988
0.66374
0.67453
0.7709
0.66069
1.2246
0.90365
0.77625
0.7379
0.65464
0.73451
1.7906
0.63387
0.64714
0.66988
0.67608
0.65163
0.63973
0.68865
0.62087
0.63241
0.6368
0.68707
0.67764
0.67143
0.63826
0.63826
0.63387
0.64417
0.80538
0.66222
0.74302
0.74131
0.77446
0.70958
0.69343
0.7709
0.66681
0.64417
0.70958
0.73114
0.64714
0.66069
0.69343
0.66527
0.75509
0.65013
0.65464
0.74131
0.73282
0.67298
0.66069
0.65615
0.74302
0.69024
0.65615
0.82224
0.68549
0.76384
0.65313
0.70632
0.69343
0.76384
0.65013
0.67764
0.76384
0.69024
0.67298
0.70146
0.73114
0.84333
0.66069
0.67453
0.82035
0.67764
0.71121
0.67453
0.66988
0.77268
1.2078
0.76384
0.67298
0.75336
0.79983
0.70469
0.70632
0.67608
2.1777
0.79616
0.97949
0.69663
1.7418
0.71614
0.63241
0.67143
0.90365
0.79983
0.79616
0.77268
1.1995
1.0691
0.89125
0.7925
0.81283
1.2388
0.91411
1.0351
1.1508
1.4655
1.0839
2.0137
0.94842
1.0069
0.93756
0.89331
1.135
1.3804
1.0789
0.81658
1.1749
2.9992
2.0512
3.2434
1.3552
1.4928
1.7022
2.0464
2.7102
1.0864
0.73282
0.68707
0.67608
0.70632
0.65917
0.70795
0.68707
0.88308
0.68077
0.67453
0.64269
0.68865
0.67608
0.66988
0.67143
0.66988
0.66222
0.69984
0.69024
0.66222
0.67298
0.70146
0.70146
0.71945
0.73621
0.70146
0.73961
0.74645
0.8091
0.78886
0.86099
1.0447
1.0471
0.76033
0.91622
0.71779
0.73282
0.67453
0.65163
0.63387
0.66988
0.65615
0.68234
0.65766
0.70795
0.68234
0.6368
0.66222
0.65615
0.68077
0.76384
0.65615
0.72444
0.6792
1.0889
2.1577
0.90365
0.84918
1.2912
1.1117
1.4859
1.3183
1.2417
1.183
1.4322
1.2162
1.4757
1.875
3.1189
2.3442
2.5119
0.84723
0.85507
0.71121
0.71945
0.66681
0.66374
0.66834
0.96161
0.66988
1.9055
0.70795
0.70958
0.68707
0.71285
0.68391
0.7656
1.1803
0.65464
0.67453
0.88308
0.65917
0.76208
0.74989
0.74989
0.70632
0.74989
0.76384
0.71121
0.65013
0.7656
0.71614
0.68865
0.68391
0.75336
0.67764
1.2474
0.65917
0.67298
0.66834
0.66222
0.68234
0.66988
0.67143
0.65464
0.67298
0.65013
0.66527
0.66222
0.70146
1.0069
0.68865
0.70958
0.71285
0.71779
1.0139
0.6368
0.70795
0.65917
1.2503
2.2387
1.6181
0.66527
0.67764
0.72444
0.66527
0.67764
0.63973
0.6792
0.66988
0.65163
0.64269
0.65615
0.67608
0.67608
0.62951
0.67143
0.67764
0.70146
0.66069
0.66834
0.69823
0.67764
0.67764
0.68865
0.68391
0.66834
0.68549
0.66222
0.66527
0.66527
0.66834
0.66069
0.67764
0.66988
0.65464
0.69343
0.66527
0.65163
1.5488
0.66988
0.75336
0.85507
1.0023
0.70795
0.66988
0.70146
0.71285
0.79433
0.71779
0.67764
0.69343
0.78524
0.66988
0.65766
0.68549
0.64714
0.76208
0.6792
0.68391
0.69984
0.65917
0.6792
0.67143
0.68077
0.69663
0.82414
0.66069
0.67298
0.67453
0.69343
0.65766
0.70469
0.67764
0.65917
0.68707
0.62806
0.70795
0.66069
0.66374
0.67453
0.66681
0.72444
0.66681
0.67608
0.63973
0.65464
0.64863
0.66681
0.71945
0.67143
0.64269
0.66374
0.68707
0.72946
0.66988
0.65313
0.68077
0.68234
0.67764
0.70958
0.66527
0.65615
0.63973
0.78163
0.65766
0.66988
0.67143
0.69343
0.69024
0.68077
0.73451
0.67143
0.67608
0.66222
0.69024
0.72946
0.67298
0.70632
0.82224
0.63533
1.1995
0.98175
0.80168
0.68549
0.64863
0.89536
1.7783
1.4256
0.63387
0.63973
0.66374
0.64417
0.65917
0.67298
0.66834
0.8414
1.0617
0.81283
1.0139
0.66374
0.84528
0.65615
0.68865
0.65013
0.73282
0.67608
0.69502
0.69502
0.68707
0.69343
0.66834
0.67143
1.3305
0.82224
0.7379
0.76208
1.4158
0.63826
0.66527
0.65313
0.67453
0.70146
0.82604
0.90157
1.9724
3.3113
0.65917
0.66527
0.6792
0.65313
0.68707
0.65766
0.69024
0.63096
0.65013
0.65013
0.65313
0.69343
0.74302
0.7709
0.66834
0.76913
0.71779
0.70958
0.74131
0.66374
0.82794
1.406
0.72111
0.77446
0.73282
0.7145
0.77625
0.68865
0.68707
0.70958
0.66374
0.69984
0.6792
0.81658
0.71285
0.71945
0.64863
0.70958
0.70307
0.65766
0.63096
0.74302
0.62951
0.71779
0.68865
0.65615
0.64121
0.67453
0.70307
0.6792
0.66681
0.64565
0.66222
0.74473
0.66681
0.66527
0.70958
0.64714
0.64565
0.66374
0.73621
0.68234
0.67298
0.64565
0.64863
0.65464
0.6792
0.76913
0.70146
0.69823
0.74645
0.65464
0.65464
0.66222
0.65766
0.81283
0.8147
0.80353
0.73961
0.66374
0.8414
0.62806
0.80724
5.4702
7.0146
0.90782
0.90365
1.0186
0.98855
1.1015
0.86298
0.9977
1.2134
0.95719
1.183
1.0023
2.4717
2.2387
1.7906
1.7742
0.86696
1.5241
1.0641
3.54
0.70958
8.1096
11.194
16.558
14.223
18.239
16.827
3.2137
14.555
0.63973
16.596
14.488
14.588
14.125
14.928
13.868
15.066
12.853
11.194
12.388
0.99541
0.82414
10.94
6.2661
0.85507
1.0023
1.1272
1.1967
1.7418
1.0889
3.5563
1.1588
4.2364
0.75858
1.1668
1.1749
11.092
13.397
12.647
12.218
2.4946
3.2359
1.2388
2.729
0.97499
0.9247
0.90782
2.6002
0.98628
0.73621
0.75683
0.81846
0.80724
2.8054
0.73282
1.5922
0.76033
0.7709
1.2823
3.5727
0.7379
0.75509
0.74473
0.66069
0.70307
3.8194
0.70469
0.6792
0.68391
3.3189
9.9083
11.194
0.64863
0.67608
0.69024
0.68707
0.89331
0.64121
0.70146
0.62806
0.66834
0.65464
0.64714
0.66069
0.68549
0.66069
0.65464
1.4825
0.71285
1.4125
0.70146
1.1429
0.66681
0.65766
0.66988
0.64269
0.64863
0.64121
0.66527
0.67608
0.71614
0.69024
0.63826
0.65766
0.69024
0.67764
0.65766
0.67608
0.65917
0.64565
0.65013
0.70958
0.67143
0.68391
0.68077
0.66222
0.64121
0.65766
0.67453
0.66222
0.65464
0.64863
0.64863
0.66374
0.66527
0.64714
0.8091
0.63826
0.63096
0.64417
0.67453
0.66374
1.4223
0.68391
1.0423
0.85114
1.2503
0.68549
0.70795
0.65917
0.72611
0.64714
0.6792
0.66374
0.66374
0.64121
0.67453
0.67143
0.69183
0.66069
0.66069
0.64269
0.67764
0.62951
0.66527
0.64121
0.67608
0.66834
0.65917
0.66681
0.66681
0.63826
0.66988
0.68234
0.63826
0.63533
0.62661
0.74131
0.65013
0.62517
0.64417
0.68391
0.6792
0.6368
0.65163
0.66069
0.66527
0.6792
0.69343
0.65313
0.65766
0.67298
0.67764
0.65313
0.66069
1.0233
0.65163
0.70795
0.69984
1.0304
0.64714
0.64565
0.63826
0.69024
0.68707
0.73114
0.67764
0.72111
0.65464
0.69343
0.65766
1.0093
1.3092
0.69984
0.69984
0.67608
0.69343
0.64565
0.67453
0.68391
0.66681
0.70307
0.69663
0.66069
0.67143
0.73621
0.70307
0.64714
0.66069
0.7145
0.71945
0.6792
0.66222
0.66834
0.65615
0.69024
0.68077
0.65766
0.69502
0.66681
0.66222
0.69663
0.64417
0.63973
0.68707
0.65464
0.66834
0.66527
0.69183
0.70469
0.65313
0.67298
0.65615
0.68234
0.69502
0.66681
0.68077
0.65163
0.63826
0.65313
0.68391
0.65917
0.63096
0.67298
0.65313
0.67764
0.66069
0.67143
0.69024
0.65615
0.83753
0.87096
0.94842
0.65013
0.73621
0.69343
0.65917
0.68707
0.72444
0.65313
0.65313
0.66834
0.68549
0.69663
0.65464
0.68391
0.69024
0.68549
0.6792
0.64417
0.67298
0.66681
0.69984
0.69343
0.7145
0.66834
0.70469
0.67143
0.67764
0.69024
0.67608
0.67453
0.68549
0.67453
0.69183
0.66527
0.70146
0.69663
0.65766
0.68234
0.68707
0.68549
0.79983
0.69502
0.8892
1.9364
0.70795
0.93972
0.92257
1.5066
0.78705
1.1588
0.88105
0.98175
1.2677
1.1668
1.2735
1.099
1.0965
1.3002
2.5527
1.1015
1.219
1.0839
2.0845
1.1402
0.86497
1.099
1.8578
0.67608
0.70632
0.87297
2.5351
0.64863
0.81658
0.65615
0.72611
1.1614
0.7145
0.69024
0.68077
1.7498
2.7606
0.7925
0.64863
0.72611
0.77625
0.69183
0.77625
0.72611
0.71945
0.76033
0.78343
0.75509
0.75509
1.4521
1.8535
0.76384
0.94842
1.4894
2.1232
0.65464
0.62951
0.65464
0.63387
0.67608
0.62373
0.63387
0.64269
0.65163
0.6223
0.64121
0.64417
0.65163
0.64417
0.65766
0.64565
0.63387
0.74989
0.64714
0.63973
0.64863
0.68549
0.62517
0.65464
0.65013
0.64714
0.66681
0.66374
0.65313
0.63826
1.6866
0.64121
0.68391
0.73961
0.70469
0.69502
0.74645
0.64863
0.66069
0.73451
0.70632
0.69343
0.64863
0.68391
0.66988
0.64565
0.66681
0.66988
0.63973
0.65013
0.64714
0.63973
0.65615
0.65766
0.62806
0.64269
0.65615
0.62517
0.66527
0.63387
0.64269
0.7656
0.68707
0.66374
0.64565
0.64565
0.65313
0.65013
0.66834
0.68549
0.69343
0.65766
0.66069
0.62806
0.63826
0.65313
0.64565
0.62806
0.6368
0.6368
0.68391
0.64121
0.62373
0.64121
0.63387
0.65163
0.65917
0.74131
0.63241
0.63387
0.62951
0.6368
0.66069
0.69663
0.64714
0.66834
0.65766
0.64417
0.67298
0.65163
0.63973
0.6223
0.64714
0.64417
0.70146
0.64269
0.63826
0.63973
0.6223
0.65464
0.64121
0.65313
0.64863
0.69183
0.66834
1.0328
0.6368
0.63096
0.65766
0.62373
0.65163
0.68549
0.65013
0.64565
0.71945
0.65766
0.65464
0.66527
0.71285
0.74817
0.67608
0.71779
1.8793
0.77446
0.79983
0.77268
1.0641
1.1995
1.1246
1.3804
2.1928
1.2359
1.888
1.0814
1.1324
1.4289
1.099
1.0864
1.0839
1.1776
1.1272
1.2417
1.2972
1.4028
1.1376
1.1695
1.7498
1.2246
2.4491
1.4825
1.2764
1.2706
1.3305
1.556
1.6331
1.5453
0.9528
0.8414
1.0965
1.2023
0.87902
0.83753
0.91411
0.85704
0.92897
1.0186
1.2794
1.8664
0.62951
0.64714
0.68234
0.72611
1.3032
0.78163
0.75336
1.0839
6.5313
11.117
14.997
15.996
19.543
15.031
12.359
5.9566
2.0941
12.05
2.5061
0.9977
1.2618
0.66374
0.87297
11.169
14.791
17.298
19.187
13.305
8.995
12.764
14.825
15.704
13.243
0.76384
2.9107
6.5917
4.6026
0.8147
4.6774
1.3614
0.64417
0.67143
0.63826
0.66681
0.93111
0.95719
0.73621
0.82035
0.7145
0.67298
1.5066
1.39
0.66374
0.71779
0.66069
0.65766
0.66681
0.65013
0.64269
0.65464
0.64714
0.65464
0.69343
0.64417
0.71945
0.69024
0.67764
1.4454
0.66527
0.72111
0.91833
2.2387
2.1677
0.68865
0.68549
0.65917
0.7379
2.6424
0.72444
2.3605
7.656
11.092
10.375
0.89125
7.3282
8.5507
0.69502
0.66681
0.75162
0.67298
0.88512
1.0423
0.70632
1.0069
2.6546
2.6977
1.2417
1.1015
0.82794
2.8708
0.66222
0.69343
0.67764
0.70795
0.6792
0.67453
0.69024
0.65766
0.67608
0.70307
0.7145
0.69183
0.66222
0.66988
0.66681
0.66222
0.67453
0.70307
0.66222
0.67298
0.64565
0.65917
0.66069
0.67143
0.66374
0.67608
0.73114
0.68707
0.69024
0.69984
0.67298
0.65766
0.66988
0.66681
0.66681
0.6792
0.67608
0.67764
0.65163
0.66681
0.70632
0.69984
0.67453
0.66527
0.69823
0.68707
0.69502
0.67298
0.70146
0.71779
0.68865
0.65615
0.66681
0.66222
0.66681
0.65917
0.66069
0.6368
0.70307
0.69343
0.65163
0.67764
0.66834
0.66834
0.64565
0.70146
0.68077
0.65013
0.63973
0.65766
0.65313
0.68707
0.64863
0.63973
0.65464
0.70146
0.67143
0.65917
0.70958
0.65615
0.71614
0.66527
0.66988
0.65464
0.66527
0.67298
0.66069
0.65766
0.65766
0.69823
0.73282
0.67453
0.67608
0.68077
0.68865
0.62517
0.66834
0.66527
0.69183
0.63533
0.65917
0.65464
0.70632
0.67453
0.68077
0.65917
0.66834
0.67453
0.6368
0.65163
0.67608
0.65615
0.66988
0.65163
0.64121
0.64121
0.65313
0.65313
0.66527
0.77983
0.69343
0.69663
0.65013
0.63826
0.63973
0.63241
0.6368
0.68865
0.65464
0.67143
1.6406
0.68077
0.80353
0.71121
0.80538
0.73114
0.65917
0.84528
0.75858
0.67608
0.65917
0.69823
0.70146
0.65013
0.74131
0.72946
0.69663
0.65464
0.72778
0.70958
0.70958
0.68707
0.68234
0.73114
0.76736
0.68549
0.6223
0.67608
0.67608
0.66681
0.74817
0.73114
0.71285
0.71779
0.67453
0.70795
0.69343
0.67608
0.68234
0.68549
0.68707
0.64565
0.66222
0.64714
0.67764
0.62806
0.70469
1.2445
0.80724
0.877
0.82794
1.0495
1.0162
1.0447
1.183
0.78343
1.1858
1.8197
1.4256
0.95499
1.0233
0.97499
1.5241
0.92683
0.99312
1.7498
1.4256
0.70632
0.7145
0.74302
2.1281
0.68865
0.64863
0.68707
0.64269
0.64417
0.66834
0.64269
0.6368
0.67608
0.66681
0.63387
0.66681
0.65766
0.7925
0.72778
0.71121
0.70795
0.79068
0.72277
0.82035
0.69183
0.74989
0.86497
0.67453
0.6792
0.68391
0.80168
0.68707
0.66681
0.67298
0.6792
0.64714
0.67143
0.66681
0.66527
0.7145
0.71945
0.67298
0.67143
0.67608
0.67764
0.65163
0.71779
0.68707
0.68234
0.66681
0.66374
0.66527
0.65313
0.66374
0.67143
0.69663
0.67453
0.69823
0.65464
0.66374
0.66834
0.66988
0.65013
0.64714
0.68549
0.68077
0.91411
0.68707
0.64417
0.70795
0.65615
0.68865
0.65313
0.67453
0.66834
0.69024
0.69183
0.66374
0.66069
0.64863
0.70958
0.64714
0.67764
0.66834
0.70146
0.66222
0.66069
0.65313
0.69024
0.67143
0.68234
0.67608
0.66069
0.68077
0.72444
0.69823
0.67764
0.68707
0.65615
0.69984
0.70307
0.68865
0.66988
0.69183
0.68707
0.69024
0.69183
0.71285
0.72444
0.67764
0.65917
0.63241
0.64565
0.68077
0.65013
0.70795
0.70146
0.66069
0.67143
0.69183
0.69984
0.69343
0.65163
0.67298
0.64714
0.65313
0.68707
0.69024
0.66527
0.70469
0.90991
1.5996
0.72611
2.1232
9.7051
12.05
12.589
12.331
1.0864
9.8175
11.402
11.22
1.0544
2.6303
1.6255
1.5524
2.421
1.0666
2.0137
2.2699
0.72111
0.66222
0.63973
0.68077
0.68549
0.67764
0.66988
0.65615
0.67453
0.69823
0.63387
0.67298
0.63241
0.69183
0.65766
0.68077
0.68391
0.65313
0.64863
0.65163
0.64565
0.66527
0.6792
0.68865
0.65464
0.65163
0.66834
0.67143
0.65313
0.66374
0.66681
0.66681
0.65917
0.67298
0.64714
0.69024
0.67298
0.68077
0.69343
0.69502
0.65163
0.69502
0.66069
0.73114
0.68549
0.66681
0.98855
0.7145
0.85704
0.75858
2.6062
0.69183
0.69343
0.82985
0.77625
0.79433
0.88716
0.89125
0.67608
0.64417
0.76208
0.7145
0.67608
0.64714
0.6792
0.65917
0.65163
0.66222
0.68234
0.66681
0.65615
0.76384
0.81283
0.76033
0.87096
0.69024
0.6166
0.93972
0.77625
0.99312
1.8535
1.0328
0.90365
0.68234
1.5241
0.91622
0.76384
0.72277
1.0257
1.0617
1.1776
1.1194
0.76033
1.0715
1.0046
1.2589
0.98855
0.83946
1.1535
0.92683
0.99312
0.9506
1.5241
0.91622
1
0.67143
0.66527
0.69663
0.72778
0.66681
0.65615
0.66374
0.65163
0.66222
0.68707
0.66988
0.68865
0.66222
0.65766
0.66222
0.63973
0.64714
0.69024
0.64714
0.65766
0.66527
0.63826
0.95719
0.87297
0.8356
0.79983
0.74302
0.8147
0.66222
0.66988
0.76208
0.85507
0.67453
0.65013
0.68391
0.64565
0.65917
0.66988
0.69984
0.68707
0.68707
0.67453
0.65917
0.70307
0.65917
0.65163
0.64417
0.66374
0.7145
0.64714
0.68391
0.6792
0.66374
0.68234
0.65163
0.65917
0.67298
0.67764
0.64417
0.64417
0.65464
0.63973
0.64269
0.66834
0.66834
0.64565
0.66374
0.64121
0.65013
0.65766
0.64565
0.90157
0.66681
0.82224
0.7145
0.70307
0.66222
0.66681
0.74817
0.79983
0.62661
0.64417
0.65766
0.67608
0.66069
0.69663
0.68234
0.65313
0.69663
0.6792
0.66527
0.65464
0.63973
0.64121
0.6792
0.74989
0.69183
0.62517
0.65313
0.69984
0.62517
0.64121
0.64269
0.65163
0.7709
0.68077
0.69024
0.66374
0.70146
0.67143
0.68865
0.70146
0.65464
0.76736
0.66222
0.66681
0.65615
0.64863
0.65013
0.69024
0.64417
0.63387
0.65464
0.65615
0.63241
1.3092
0.67143
0.65464
0.69343
0.67298
0.69343
0.65917
0.66988
0.64269
1.2677
0.8995
0.7145
0.71614
0.65615
1.1402
1.7219
0.91201
0.76384
0.80353
1.5524
0.72611
0.70307
0.74817
0.69502
0.69343
0.65313
0.65766
0.69024
0.66988
0.65464
0.64417
0.66374
0.6792
0.67608
0.69343
0.66834
0.68707
0.66527
0.66527
0.70958
0.65464
0.65766
0.65766
0.65766
0.63826
0.65464
0.65615
0.67143
0.75336
0.67453
0.73621
0.70146
0.63533
0.64121
3.8459
7.6384
8.6896
14.223
6.166
0.92045
2.2439
1.4825
1.0965
2.6485
0.66222
0.65766
0.64714
0.66988
0.6368
0.67764
0.66222
1.1455
0.69343
0.68391
0.66988
0.68865
0.65615
0.67143
0.73282
0.79433
0.69823
0.72444
0.67608
0.95719
5.0816
8.5704
13.459
11.508
9.247
15.704
1.2618
3.6475
6.1944
16.444
1.1803
10.447
5.9156
1.4454
5.5976
4.6774
0.69984
0.65766
0.69984
0.68549
0.74989
0.7145
0.67453
0.72111
0.64565
8.1096
11.041
10.116
9.9083
0.65464
1.3614
9.1833
11.35
11.561
12.05
5.9841
7.6736
2.9854
1.2445
1.2853
0.60814
0.66069
1.5812
0.65917
7.145
9.594
14.093
15.776
12.274
0.68865
1.71
3.1842
1
4.7315
2.9444
0.9594
0.88105
0.85704
2.2542
2.541
0.66069
0.67608
0.66374
0.67764
0.6792
0.64417
2.5586
0.69502
0.71285
0.69663
0.68865
0.72778
0.64565
0.68865
0.67143
0.67453
0.65313
0.69663
0.65766
0.66681
0.70469
0.68234
0.69183
0.68865
0.64565
0.64269
0.64121
0.62661
0.65313
0.67453
0.68234
0.67143
0.71779
0.64565
0.65464
0.68391
0.74302
0.62806
0.64417
0.73961
0.69024
4.0272
5.7677
0.82985
1.194
3.1333
8.9125
14.825
14.454
12.589
9.594
8.995
13.366
14.997
11.402
7.7268
5.0933
7.8524
3.1915
11.83
12.531
11.041
13.092
9.4189
2.2594
5.4954
9.0782
4.3351
4.8417
0.66527
0.72611
0.67298
3.9719
0.69663
0.67453
0.64714
0.68077
0.66374
0.69024
0.63533
0.65313
0.67764
0.74131
0.71121
0.7925
1.4962
0.69183
0.66222
0.66834
0.70469
0.72444
0.65313
0.67298
0.66834
0.6792
0.68391
0.66527
0.70632
0.65464
0.67298
0.70307
7.1614
10.789
8.356
9.1833
10.914
12.218
8.356
12.823
13.836
15.631
14.757
11.117
14.757
15.812
11.695
13.772
12.503
13.032
9.2897
8.147
0.88716
0.90157
0.96605
1.1117
1.6596
1.9011
4.9888
9.9312
10.814
13.002
14.859
13.521
15.453
10.046
0.88105
5.6364
7.3282
0.77446
0.7379
0.72444
0.64565
1.074
0.89536
1.2162
2.0277
3.0549
0.97949
1.2218
0.81846
0.76913
0.79068
1.2246
1.0666
0.94189
1.1885
1.1668
3.1769
5.6494
8.4918
6.7453
12.589
2.2803
5.4954
12.445
1.183
1.1508
6.3826
0.68865
1.7179
3.3884
1.2474
0.91833
0.94189
0.74817
0.83753
0.81283
1.1508
1.1776
1.2023
1.1272
1.1066
1.099
1.2359
1.0233
1.6482
0.66374
0.67143
0.65917
0.66527
0.6792
1.2706
0.69024
0.67764
0.65464
0.66527
0.66222
0.63241
0.66681
0.7709
0.86298
0.78886
0.74645
0.8995
0.97724
0.76208
0.79983
0.65766
0.68549
0.66834
0.66069
0.69502
0.69024
0.69502
0.70958
0.67143
0.69984
0.67764
0.66222
0.66834
0.66681
0.65615
0.69183
0.66222
0.69502
0.65917
0.67608
0.67298
0.74131
0.65013
0.64417
0.68077
0.70146
0.69024
0.65313
0.66988
0.66527
0.68865
0.66527
0.65313
0.67143
0.64121
0.67298
0.69823
0.63826
0.66069
0.68077
0.65313
0.66988
0.70958
0.64269
0.64565
0.65464
0.66222
0.67764
0.68391
0.67298
0.66222
0.69343
0.69343
0.69343
0.68865
0.66222
0.65615
0.71285
0.65766
0.65013
0.67143
0.68234
0.68234
0.70795
0.67298
0.69343
0.68865
0.65163
0.66374
0.66681
0.63533
0.67298
0.74989
0.66834
0.67453
0.67764
0.69502
0.68865
0.67143
0.70307
0.70307
0.64417
0.66222
0.69024
0.65766
0.66374
0.62951
0.72111
0.68391
0.65615
0.65013
0.69343
0.66527
0.65766
0.73451
0.68077
0.68549
0.67143
0.66374
0.69024
0.65615
0.69984
0.65917
0.65163
0.62373
0.64714
0.65917
0.66069
0.63096
0.66374
0.6368
0.62661
0.66988
0.65464
0.63973
0.65615
0.65013
1.3366
0.6368
0.69024
0.82414
0.66374
0.66681
0.69024
0.67298
0.66374
0.64121
0.69024
0.69984
0.69183
0.66834
0.67143
0.67764
0.65766
0.63973
0.69984
0.65464
0.64565
0.64863
0.69024
0.64269
0.64863
0.66069
0.64417
0.76033
0.67764
0.63826
0.70958
0.69183
0.64121
0.70307
0.66222
0.65917
0.66988
0.64269
0.66069
0.64121
0.69502
0.65013
0.64863
0.70795
0.66527
0.66069
5.2602
4.2462
1.8281
11.015
12.246
10.839
12.388
13.868
8.2414
12.972
14.689
13.002
9.3111
10.304
10.186
5.9841
5.821
1.3366
2.4946
2.3335
1.8281
1.219
1.3677
1.3092
5.728
0.66069
0.66069
0.67608
0.67143
0.66834
1.3335
11.35
12.417
11.803
12.023
14.555
13.996
13.9
11.22
10.423
11.272
15.922
2.9785
10.257
0.69502
11.912
15.453
11.967
1.2823
2.9376
5.3456
11.641
6.4417
13.213
13.868
12.853
12.078
2.7479
1.6482
11.83
8.6099
12.942
14.962
12.882
12.972
15.066
7.4817
14.093
11.94
12.618
13.552
7.3114
2.0277
10.568
11.967
11.324
15.631
12.303
12.942
10.715
8.8512
0.65013
0.68391
0.69984
7.7446
12.274
0.67453
0.70632
0.68077
0.69343
0.6792
0.65464
0.77983
0.72778
0.77983
0.77446
2.3714
0.63826
0.68549
0.65013
0.71945
0.68234
0.67143
0.68707
0.69024
0.65464
0.66527
0.68549
0.68865
0.66527
0.66681
0.67453
0.71121
0.70307
0.7379
0.64714
0.73282
0.67608
0.66988
0.6166
0.73451
0.65464
0.71285
0.67608
0.71614
0.66834
0.64863
0.7379
0.69024
0.67608
0.64714
0.69183
0.68077
0.67453
0.64863
0.68549
0.66222
0.67453
0.65464
0.67453
0.70795
0.68234
0.67143
0.69823
0.67453
0.67298
1.6866
0.65013
0.65615
0.68077
0.7379
0.71779
0.70958
0.72277
0.71614
0.69502
0.69183
0.70469
0.70469
0.66374
0.67764
0.63973
0.67453
0.69183
0.62951
0.71614
0.69823
0.70469
0.65917
0.69984
0.89331
0.64269
0.70958
0.68391
0.69663
0.68077
0.67453
8.147
9.2045
0.69502
0.97051
6.6527
10.116
11.015
11.614
12.531
11.092
8.8716
12.647
7.2946
10.495
14.421
10.495
12.794
6.1944
2.2542
12.218
12.331
10.691
11.22
16.596
11.561
13.74
7.9799
4.7863
1.2972
0.78886
0.78705
1.0209
1.0965
0.69343
0.66374
0.65615
0.68549
0.68391
0.64121
0.69343
0.6792
0.74989
3.3037
9.506
9.1201
12.218
10.046
13.397
13.709
12.794
14.421
14.622
10.593
1.8578
1.0399
9.4406
0.65615
4.14
0.68549
0.65464
0.67608
0.68391
0.65615
0.66069
0.6368
0.66988
0.64863
0.66222
0.70958
0.67764
0.62087
1.1143
0.65163
0.70958
0.67764
0.65163
0.64121
0.66374
8.9536
9.6605
14.355
11.561
10.789
11.614
14.191
11.22
14.859
13.646
16.827
1.3583
0.7709
0.77446
0.78163
0.77625
0.80538
1.2972
1.028
0.85507
3.6475
0.65766
0.65615
0.66834
0.70469
0.69823
0.65013
0.66069
0.68865
0.66222
0.74473
0.68077
0.65013
5.728
2.3714
0.71285
0.65766
0.68234
11.402
12.162
11.749
0.70958
1.3836
10.52
7.7446
11.324
7.4302
11.749
10.139
10.889
7.6033
10.864
12.647
2.5882
7.9799
0.69024
0.66834
0.69823
0.74302
0.63241
1.5849
7.7983
9.4406
9.0991
13.964
3.0974
13.335
9.7949
14.521
16.106
14.689
14.355
9.4189
11.722
0.98628
1.3243
5.5719
4.9774
14.825
4.7643
0.66069
1.932
1.5136
0.75162
0.66681
9.8401
10.965
13.772
11.455
15.311
14.289
15.136
3.6559
1.3614
1.1092
0.99312
2.1827
1.1015
0.8414
1.3459
0.67608
7.4817
7.7804
9.3111
11.429
13.74
14.355
12.19
1.1455
12.445
7.6208
1.3583
1.1482
0.65917
1.1995
0.79068
0.67764
0.65163
0.68865
0.67298
0.64121
0.68234
0.66222
0.65013
0.67453
0.66069
0.88105
0.8892
0.66527
0.82794
0.98855
0.90573
0.75858
0.67608
1.3521
0.65917
0.66222
0.66681
0.65766
0.65917
0.65313
0.65615
0.65917
0.67453
0.68707
0.67608
0.69343
0.97275
1.6672
5.7412
3.4041
0.67453
0.72444
0.67298
0.67298
0.6792
0.70307
1.3677
0.69984
0.68707
0.64565
0.68707
0.68391
0.65615
0.66374
0.65917
0.70795
0.69343
0.69343
0.63387
0.65313
0.66222
0.66834
0.68234
0.69024
0.64863
0.66988
0.66834
0.64565
0.66988
0.71121
0.65766
0.69024
0.66834
0.64714
0.66527
0.6792
0.65313
0.66681
0.64714
0.66222
0.65163
0.65013
0.65163
0.78524
0.69183
0.66681
0.68391
0.69024
0.66222
0.66988
0.65615
0.65917
0.66069
0.63826
0.68707
0.67764
0.73451
0.63826
0.65013
0.64863
0.64121
0.65917
0.68865
0.66374
0.68549
0.69823
0.65464
0.64269
0.65163
0.65313
0.70958
0.64121
0.66374
0.67764
0.64121
0.70146
0.65313
0.68865
0.7145
0.66988
0.66681
0.66834
0.69502
0.66069
0.66222
0.64565
0.66374
0.66988
0.69183
0.63973
0.70958
0.87096
2.0184
1.3092
1.6144
0.99312
1.8408
0.93325
0.9506
0.9528
1.1246
1.0789
0.97949
0.88716
1.1194
1.028
1.5596
2.7102
0.69343
0.6792
0.68707
0.64417
0.88716
0.73282
0.66222
0.65313
0.68549
0.6792
0.64863
0.65917
0.72111
0.70146
0.65464
0.67764
0.70146
0.65615
0.67143
0.64121
0.66374
0.71121
0.65464
0.64269
0.73282
0.66527
0.73282
0.94406
0.7709
0.72444
1.0304
0.76913
1.4028
1.8493
1.2388
0.86298
1.0351
2.8576
3.7844
0.65917
0.73114
0.66069
0.66374
0.66681
0.66988
0.6792
0.63826
0.69183
0.64417
0.7145
0.67143
0.67298
0.66069
1.0328
0.70795
0.77446
0.75336
0.84918
0.75336
1.135
0.77983
0.79799
0.84528
1.6672
1.8365
0.65163
0.65013
0.67453
0.6792
0.66834
0.65615
0.68391
0.68077
0.66681
0.68865
0.69183
0.64269
0.67143
0.64714
0.68234
29.376
25.003
30.761
13.243
14.622
13.428
0.79433
5.6494
12.303
11.912
13.932
12.56
15.631
11.668
4.8529
1.219
0.67764
2.3933
5.4576
0.65163
0.74473
0.79433
0.7145
0.65917
0.69343
0.67298
0.67764
0.77983
0.70469
0.71121
0.71121
0.66527
0.84723
0.80168
0.70958
0.71779
0.85704
1.4791
0.76913
0.91833
1.2647
1.3964
1.2359
1.3459
1.3274
1.39
1.0423
1.3122
0.90782
0.97724
1.3868
0.9594
0.67298
0.72444
0.73282
0.78886
0.86298
0.68234
0.72946
0.7145
0.68391
0.73621
0.68707
0.70632
0.69024
0.76913
0.66988
0.66374
0.71614
0.71945
0.70307
0.71945
0.67608
0.7379
0.69663
0.68391
0.69663
0.72277
0.74645
0.73282
0.72611
0.70307
0.68707
0.67764
0.71121
0.72778
0.68707
0.71779
0.72444
0.73114
0.69502
0.70469
0.71614
0.72444
0.65766
0.65766
0.75683
0.71121
0.70469
0.66834
0.74131
0.65163
0.69823
0.70146
0.75858
0.66069
0.73451
0.70469
0.66069
0.73282
0.75336
0.72444
0.7145
0.7925
0.72111
0.69024
0.70632
0.67143
0.67764
0.66069
0.68549
0.72946
0.71945
0.68865
0.70958
0.69183
0.65615
0.70469
0.76736
0.67608
0.7709
0.69663
0.67143
0.68865
0.70146
0.6792
0.72946
0.71779
0.69343
0.67143
0.69183
0.69823
0.66374
0.72111
0.70632
0.72444
0.71121
0.69663
0.72277
0.68234
0.69663
0.72444
0.72946
0.69502
0.68391
0.70795
0.69502
0.68707
0.66069
0.66527
0.73961
0.70958
0.71614
0.69663
0.73621
0.69024
0.71945
0.70632
0.75858
0.69183
0.7145
0.71779
0.73114
0.69024
0.73451
0.65313
0.6792
0.69823
0.73114
0.71121
0.63973
0.67298
0.68707
0.68234
0.71614
0.72444
0.75336
0.66222
0.6792
0.65917
0.68234
0.72444
0.67608
0.7145
0.72444
0.67298
0.67453
0.71945
0.69343
0.70958
0.7145
0.7379
0.75858
0.67143
0.71945
0.72946
0.66681
0.65766
0.7145
0.7709
0.69183
0.6792
0.74645
0.69984
0.72778
0.71779
0.76208
0.68077
0.72111
0.69984
0.71121
0.69502
0.72611
0.72946
0.72778
0.66374
0.74302
0.70958
0.70307
0.69663
0.72111
0.69024
0.69984
0.72277
0.70795
0.65766
0.69343
0.74131
0.71285
0.69183
0.68549
0.67143
0.66374
0.69823
0.64121
0.70632
0.67298
0.68077
0.69984
0.7145
0.68549
0.68707
0.66374
0.68077
0.74817
0.69663
0.76033
0.71945
0.69343
0.67453
0.67298
0.68865
0.70795
0.69663
0.69502
0.65013
0.69823
0.66527
0.63826
0.69183
0.69984
0.71285
0.72946
0.78886
0.70958
0.68391
0.70469
0.68865
0.68234
0.70307
0.69024
0.67143
0.79068
0.68234
0.66222
0.69502
0.73114
0.79983
0.71945
0.70146
0.75858
0.68865
0.68391
0.74131
0.75509
0.73621
0.69663
1.4256
1.1482
0.86298
0.85704
0.97949
1.1455
1.39
0.69183
0.74473
0.68391
0.70958
0.75162
0.71779
0.71285
0.75336
0.70307
0.70632
0.70632
0.68707
0.7379
0.68707
0.73282
0.72778
0.69183
0.65313
0.69183
0.73114
0.76736
0.68077
0.69823
0.71779
0.73282
0.70795
0.74989
0.70795
0.68549
0.67298
0.73451
0.73621
0.68391
0.7145
0.68077
0.79616
0.77625
0.69984
0.65313
0.69984
0.7379
0.69502
0.73282
0.73114
0.72111
0.67143
0.73621
0.70146
0.68077
0.67764
0.69984
0.70958
0.72277
0.70795
0.69183
0.73621
0.67143
0.68549
0.7145
0.74473
0.69024
0.66527
0.68391
0.69663
0.67143
0.67764
0.70307
0.69343
0.6792
0.64269
0.76384
0.73282
0.68391
0.69663
0.75336
0.68391
0.68865
0.66222
0.66681
0.66374
0.65766
0.68549
0.67764
0.69663
0.69502
0.65615
0.66988
0.67453
0.7145
0.67298
0.66527
0.69343
0.69663
0.66069
0.67453
