0.93111
0.89125
13.614
17.906
21.184
17.14
3.0974
17.66
26.485
15.066
10.641
18.578
15.066
19.099
2.4378
1.3868
1.2912
1.4757
0.73961
0.92683
0.95719
16.181
17.022
20.137
15.488
17.66
16.749
13.305
16.181
7.8524
1.2474
1.2331
22.029
19.999
20.941
18.155
18.197
18.365
2.5823
2.6002
1.9498
1.9099
1.1695
8.5114
26.122
24.266
29.648
20.184
26.002
17.947
5.5081
0.8147
2.3014
1.7989
1.3032
26.546
1.2388
0.76033
27.29
17.378
14.158
18.923
15.776
19.187
1.3836
1.2972
2.1777
1.1272
1.7258
1.5631
1.3183
1.0471
0.83946
24.434
17.498
15.959
15.56
13.996
8.9743
1.4521
1.3677
1.1298
1.762
1.3521
1.256
1.2764
1.7742
1.803
14.06
3.767
7.6913
0.877
4.6238
21.232
16.982
3.0549
0.75858
0.877
1.0765
1.3305
1.5631
1.1272
1.2162
1.0471
1.1535
0.75162
18.578
1.0765
0.65766
0.87498
0.83753
14.158
1.2162
0.92683
0.91622
0.9506
16.218
15.311
22.803
19.815
14.191
18.836
16.982
12.474
18.408
20.989
1.9907
1.9454
1.094
1.9011
1.0715
0.9594
1.1066
1.1092
1.7742
0.92897
0.86298
2.2029
1.2882
1.3274
1.1912
1.1246
1.1588
1.0691
0.79433
0.81283
0.76033
0.96383
1.4322
0.74989
0.98401
1.4791
1.2735
0.95719
0.8531
1.5812
1.1535
0.93325
1.0471
1.0351
2.3121
1.1912
1.5382
1.0789
1.4488
0.65766
1.3092
1.0568
1.714
1.0641
0.93972
0.877
1.0715
2.0606
0.75162
10.544
15.205
14.158
14.723
21.33
18.03
4.4463
0.71285
14.655
20.23
19.907
20.606
24.044
11.668
19.275
19.907
2.3933
0.86497
0.75509
1.1803
7.2778
15.74
16.943
16.634
18.621
15.101
23.988
14.997
10.789
0.66988
0.94842
0.74473
14.928
0.82985
1.0233
1.2359
0.86696
1.1967
0.66222
0.70795
0.94842
0.75858
0.75336
0.94189
0.78524
0.97275
0.74989
2.0137
1.0471
1.7258
0.69343
0.76736
0.77625
0.77268
7.2778
16.788
15.311
18.323
14.757
0.88308
0.71945
0.7656
1.1912
1.2735
0.83753
0.97499
1
1.2331
0.74131
0.84333
0.69343
0.70307
0.8531
0.73961
0.7145
0.73451
0.74645
2.8184
0.65615
0.69823
0.74645
0.9594
1.3709
0.74131
0.85704
2.7797
0.68865
0.69183
0.77625
0.64714
0.69183
1.094
0.72778
0.68391
0.67764
0.68234
0.68234
0.64714
0.71121
0.68234
0.79433
1.3428
0.77625
1.2417
0.78163
0.76913
1.4388
2.2542
0.68707
0.78705
0.64863
0.76913
0.70146
0.66988
1.977
1.5382
1.0023
0.9506
0.90573
1.1995
0.88308
1.1015
1.1588
1.0789
0.87902
1.39
0.91201
1.3032
1.4791
1.1858
1.1912
1.1695
1.3646
1.074
0.97499
1.7701
0.66834
0.68549
1.1508
0.67298
0.83368
0.69024
0.72946
0.67764
0.70632
0.69502
0.70632
0.75162
1.2417
0.68707
0.73961
0.69183
0.7925
0.76913
0.70958
0.82794
0.79616
0.70469
0.82414
0.91411
0.68707
0.66527
0.72444
0.74989
0.65766
0.69024
0.65615
0.70146
0.70795
0.79799
0.87297
0.77804
0.76913
0.70632
1.3062
0.7709
0.7925
0.76384
3.7154
0.63973
0.64269
0.91201
1.4289
0.66988
1.1482
1.3213
0.86099
0.81658
1.135
0.77625
0.71945
0.74817
0.69823
0.75509
0.65766
0.65013
0.67608
0.92683
0.63973
0.93972
0.97051
0.67298
0.79983
0.73114
0.78705
0.73282
1.2331
0.68865
0.65766
1.9454
0.70795
0.66988
1.4388
0.70632
0.69502
0.69343
1.5453
0.80538
0.97724
1.028
1.3836
1.1324
1.4825
1.374
1.1455
1.6558
1.3964
0.99541
0.91622
1.256
1.8664
0.64565
0.67143
0.70958
0.65163
0.65464
0.65917
0.66374
1.0023
0.66834
0.65766
1.0209
0.64565
0.66374
0.67764
0.76913
0.66988
0.66988
0.66681
0.69823
0.7379
0.70632
0.7145
0.65464
0.74302
0.65615
0.68707
0.64565
0.66988
0.62951
0.66988
1.0304
0.62806
0.64863
0.65917
0.74645
0.66222
0.72444
0.67453
0.67453
0.72444
0.74131
0.67298
0.66834
0.66681
0.64714
0.64417
0.62373
0.63973
0.66834
0.69984
0.63387
0.6368
0.64417
0.76033
0.6792
0.67764
0.68865
0.74131
0.67298
0.66681
0.68865
0.65917
0.65163
0.64714
0.69502
0.65917
0.72778
0.62517
0.65163
0.66988
0.73451
0.66374
0.6792
0.66069
0.70307
0.68077
0.70469
0.68707
0.65013
0.68234
0.80538
0.72444
0.74302
0.65766
0.70795
0.72946
0.69984
0.66988
0.67453
0.66222
0.66069
0.76384
0.62951
0.69024
0.69984
0.67608
0.71614
0.65917
0.64269
0.67453
0.70469
0.69502
0.69343
0.67608
0.66222
0.67143
0.68549
0.66681
0.63826
0.67608
0.69502
0.64417
0.73621
0.76384
0.66374
0.66374
0.70307
0.64269
0.74302
0.64565
0.66069
0.70307
0.8531
0.64121
0.77804
0.7145
0.67143
0.63241
0.68234
0.61802
0.65013
0.63241
0.62806
0.65163
0.66069
0.6792
0.63241
0.64565
0.65313
0.66834
0.64565
0.71285
0.63241
0.65313
0.63826
0.66527
0.62373
0.6368
0.6223
0.66374
0.62806
0.64714
0.68077
0.68865
0.66069
0.65615
0.62661
0.69343
0.7145
0.65917
0.77804
0.68234
0.86696
0.82414
1.0715
1.4655
0.92257
0.66222
0.72111
0.88512
0.68865
0.93325
0.82985
0.69183
0.77446
0.77446
0.74645
0.78343
0.77983
1.4962
0.71779
0.78886
0.93541
0.94189
1.4723
1.6982
2.1577
2.6977
0.65163
0.69984
0.63973
0.66069
0.68707
0.67143
0.69502
0.64417
0.66681
0.74131
0.65313
0.69024
0.73114
0.70146
0.65615
0.69183
0.69183
0.70469
0.71779
0.72111
0.65917
0.64565
0.69024
0.64863
0.69183
0.66069
0.64121
0.65766
0.66069
0.72277
0.71779
0.67764
0.68077
0.6368
0.69343
0.71121
0.71121
0.68391
0.65917
0.66681
0.96383
0.68391
0.69343
0.70469
0.72778
0.7709
0.75683
0.7145
0.70469
0.69984
0.74473
0.73282
0.81096
0.71285
0.75858
0.77804
0.84918
0.82985
0.90573
0.69024
0.69502
0.66681
0.67764
0.64714
0.69343
0.64417
0.64121
0.63533
0.67143
0.68234
0.66834
0.67453
0.65917
0.64714
0.62661
0.69663
0.64121
0.70632
0.66988
0.68234
0.66681
0.64269
0.65013
0.69984
0.86298
0.71121
1.2474
1.8239
1.3032
1.1803
1.1272
0.91833
0.8414
0.95499
1.099
0.90573
0.92045
0.69663
0.65917
0.64121
0.66069
0.69823
0.70795
0.70307
0.66681
0.66834
0.69663
0.72111
0.67453
0.69823
0.64121
0.66681
0.67143
0.63241
0.73114
0.64714
0.69343
0.69663
0.66069
0.62373
0.6792
0.68549
0.67608
0.67298
0.6368
0.89743
0.68391
0.78524
0.67453
0.70632
0.69343
0.70146
0.66527
0.67608
0.7656
0.73961
0.69343
0.71945
0.70146
0.68391
0.70146
0.68865
0.69343
0.85114
0.77983
0.65163
0.63533
0.69823
0.63973
0.67764
0.65013
0.80353
0.63387
0.65917
1.1722
0.66988
0.67143
0.67608
1.4962
1.2942
0.84918
2.1184
0.74473
0.7709
0.67143
0.72611
0.86099
2.1577
0.68549
0.69984
0.72611
0.74989
0.67453
0.66988
0.69823
0.69984
0.66834
0.64714
0.83176
0.67143
0.68707
0.71779
0.73114
0.68077
0.73961
0.65313
0.70632
0.70146
0.66374
0.74473
0.69183
0.65163
0.72946
0.69823
0.69663
0.76033
0.70469
0.66222
0.67143
0.69502
0.69663
0.76913
0.64565
0.97051
0.64121
0.6792
0.71945
0.72277
0.66069
0.72444
0.8356
0.66222
0.64565
0.66988
0.6368
0.66834
0.65464
0.6166
0.67764
0.70632
0.64565
0.66069
0.66988
0.62661
0.69183
0.67608
0.97949
1.194
0.64417
0.66988
0.66527
0.62517
0.65013
0.68234
0.73451
0.65615
0.79616
0.66069
0.71779
0.65013
0.71614
0.71945
0.70307
0.68549
0.68077
0.74989
0.72111
0.66222
0.68077
0.63973
0.66681
0.70795
0.69502
0.63973
0.78886
0.72111
0.68865
0.67608
0.70307
0.64565
0.67143
0.72444
0.67608
0.6792
0.98628
1.1272
0.86099
0.90782
0.72611
0.67764
0.68707
0.77446
0.78163
0.72444
0.7145
0.66834
0.70958
0.66988
0.69024
0.67764
0.66527
0.68391
0.71779
0.65163
0.70307
0.92045
0.65464
0.70146
0.69823
0.69343
0.67298
0.70632
0.70958
0.93972
1.0423
0.85114
0.64565
0.70469
1.3366
0.73621
1.4421
0.66374
0.73451
0.68707
0.66527
0.69502
0.71614
0.69663
0.64863
0.83176
0.67608
0.69823
0.7145
0.74817
0.73961
0.73451
0.87902
0.66988
0.93541
0.90573
0.77983
0.75162
0.66681
0.67453
0.77446
0.73451
0.72277
0.85901
0.79616
0.74473
0.68707
0.71121
0.66681
0.74645
0.68077
0.75162
0.7709
0.77625
0.78343
0.69984
0.83176
1.1015
0.64863
0.70632
0.67298
0.70146
0.68077
0.72778
0.74989
0.70795
0.75858
0.67143
0.7379
0.68234
1.0864
0.81658
0.82604
1.1429
0.79983
0.78886
0.79799
0.80538
0.96161
1.2618
1.3274
1.0568
0.87096
1.0139
0.7656
1.0617
0.78343
0.96161
0.88308
1.7579
0.96605
0.68707
0.65615
0.65766
0.69663
0.67143
0.77625
0.80724
0.73114
0.7145
0.72277
0.70146
0.72611
0.64565
0.70958
0.7379
0.72111
0.72111
0.74131
0.68391
0.65917
0.6792
0.72946
0.72277
0.65766
0.68077
0.83753
0.70632
1.1402
1.135
1.1535
1.0399
0.83176
0.66069
0.73961
0.7145
0.71945
0.71121
0.65163
0.69663
0.70795
0.65163
0.72778
0.68865
0.68234
0.86896
0.76208
0.75509
0.66527
0.69024
0.70307
0.71614
0.66222
0.69024
0.65313
0.68549
0.71285
0.66069
0.70307
0.67608
0.72778
0.66988
0.71945
0.69502
0.77625
0.72778
0.73282
0.72946
0.69984
0.68077
0.7145
0.70958
0.67298
0.71779
0.96605
1.0399
0.73114
0.69183
0.73621
0.68391
0.72111
0.72111
0.73282
0.69502
0.70469
0.69502
0.71614
0.73451
0.70469
0.7379
0.68707
0.68549
0.72778
0.72611
0.79799
0.74131
0.71121
0.70146
0.75858
0.72111
0.67143
0.6792
0.69823
0.80353
0.66988
0.67143
0.92683
1.0593
1.1455
0.69663
0.70632
0.70469
0.72946
0.73114
0.70795
0.73451
0.69502
0.69024
0.71614
0.71945
0.72778
0.71121
0.77625
0.74473
0.75858
0.68234
0.67143
0.71285
0.66527
0.76208
0.69343
0.68549
0.71945
0.87096
0.72277
0.90991
0.70146
0.7379
0.74989
0.77446
0.72444
0.64417
0.69663
0.9506
0.65766
0.68707
0.78343
0.93111
0.69984
0.63241
0.69984
0.69984
0.65013
0.68549
0.67608
0.70307
0.73451
0.83368
0.66988
0.76208
0.75509
0.69984
0.70958
0.68549
0.74131
0.96828
0.8091
0.67453
0.63533
0.6368
0.85114
0.71779
0.69343
0.68549
0.72277
0.65163
0.73451
0.67453
0.70307
0.70958
0.69502
0.67764
0.66834
0.73114
0.9506
0.9247
0.74473
0.65464
0.68865
0.66681
0.7145
0.8147
0.7145
0.65615
0.66374
0.67298
0.66988
0.69984
0.65917
0.69502
0.69343
0.66834
0.65917
0.70307
0.68707
0.66527
0.66681
0.66988
0.65013
0.66069
0.66222
0.69984
0.72277
0.70469
0.70958
0.68391
0.70632
0.67608
0.97499
0.8995
0.76033
0.63096
0.68234
0.68077
0.69823
0.72611
0.68234
0.68707
0.70958
0.71614
1.7865
1.0864
1.0617
1.6634
2.6363
1.3183
1.766
1.574
2.2751
2.1627
1.2589
1.0304
2.0749
1.0209
1.3646
1.1402
0.79616
0.88105
3.2359
1.0965
0.91622
0.73961
0.98628
2.9923
0.88512
0.66222
0.69343
0.75509
0.76913
0.73621
0.69663
0.69183
0.73621
0.78705
0.7925
0.69984
0.7656
0.72444
0.69984
0.79433
0.71285
0.99083
1.2078
2.9444
1.4093
1.4355
1.2677
1.1298
1.6482
0.73451
0.70469
0.82604
0.7379
0.74302
0.75336
0.74817
0.75162
0.77983
0.72778
0.77625
0.72277
0.85114
0.70469
0.70307
0.71121
0.72444
0.73451
0.68234
0.69502
0.74645
0.71779
0.74989
0.69024
0.68707
0.70958
0.72946
0.7709
0.76208
0.74989
0.67453
0.68077
0.65013
0.75336
0.71285
0.72277
0.6792
0.69663
0.74131
0.7656
0.86896
0.72946
0.65917
0.69823
0.72277
0.68077
0.76913
0.70958
0.83176
0.72611
0.72946
0.7145
0.65766
0.77983
0.66527
0.69343
0.69823
0.7379
0.69502
0.75162
0.70795
0.73961
0.71121
0.70795
0.76033
0.73961
0.69343
0.71121
0.72277
0.66681
0.66374
1.4028
0.66527
0.76913
0.72946
0.93325
0.94624
0.66681
0.80168
0.70307
0.67453
0.69823
0.66527
0.70307
0.71121
0.69343
0.73282
0.68865
0.74645
0.76913
0.69024
0.75162
0.71614
0.70146
0.69663
0.69663
0.64269
0.68865
0.63826
0.80353
0.73961
0.71779
0.69343
0.69183
0.64417
0.74817
0.77804
0.90782
0.7379
0.75683
0.66527
0.67764
1.1194
0.68549
0.66069
0.71285
0.65464
0.68707
0.74473
0.75858
0.70632
0.69502
0.81283
0.64417
0.73451
0.69343
0.75509
0.71285
0.67608
0.68391
0.76384
0.67608
0.73282
0.71285
0.80538
0.77625
0.75683
0.69024
0.69823
0.67453
0.93111
0.83753
0.85704
0.78163
0.73451
0.72946
0.69663
0.64417
0.67608
0.75509
0.85901
0.70632
0.77983
0.73282
0.68549
0.68234
0.72444
0.64714
0.79616
0.72111
0.69984
0.72111
0.69343
0.67143
0.69663
0.76384
0.77625
0.75683
0.7656
0.69502
0.75683
0.68707
0.69663
0.69502
0.71614
0.74989
0.65313
0.67764
0.6792
0.77625
1.0139
0.82985
0.74989
0.73451
0.72778
0.74645
0.67608
0.7379
0.73282
0.72611
0.72946
0.76913
0.73961
0.68707
0.76033
0.89125
1.2942
0.71121
0.68549
0.71779
0.74302
0.83946
0.66988
0.74989
0.70632
0.72611
0.92257
0.74645
0.7145
0.7656
0.70632
0.73282
0.74645
0.68234
0.71945
0.96605
1.4289
0.97051
0.73451
0.7145
0.74131
0.86298
0.75509
1.1298
0.80353
0.75336
2.0845
0.89536
0.94406
0.69663
0.66681
0.72444
0.69663
1.1803
0.98175
0.77983
1.0375
1.0568
1.135
1.074
1.4521
1.028
0.9506
1.2706
0.94842
0.7925
1.0715
1.2618
1.2972
1.0889
1.1995
1.5171
1.1041
1.3677
1.3552
1.0617
1.0069
0.95499
0.98628
1.122
1.7783
0.63387
0.68549
0.71614
0.69663
0.65615
0.67764
0.64417
0.64714
0.66222
0.63387
0.81283
0.87096
0.75509
0.73114
1.3305
0.70632
1.0864
1.3152
0.75162
1.6444
1.2531
0.67298
0.66681
0.67764
0.63533
0.63533
0.67764
0.64565
0.66069
0.65163
0.71945
0.7925
0.67764
0.66681
0.7379
0.65917
0.62951
0.67764
0.64565
0.67608
0.70958
0.64714
0.64417
0.69343
0.65766
0.72111
0.70469
0.68707
0.69663
0.65163
0.65013
0.67453
0.64417
0.70958
0.65766
0.65615
0.65013
0.64863
0.7145
0.70795
0.66988
0.66834
0.70795
0.76033
0.70795
0.66988
0.72444
0.72778
0.90782
0.69183
0.67608
0.73621
0.71945
0.64269
0.70795
0.80538
0.67608
0.75336
0.77446
0.96605
0.94842
0.71285
0.87096
0.67143
0.65766
0.69502
0.63826
0.71614
0.70469
0.6792
0.69024
0.66834
0.64417
0.65917
0.64269
0.68234
0.65464
0.66374
0.65464
0.68549
0.67608
0.71285
0.66988
0.67143
0.66069
0.70146
0.68077
0.68865
0.67764
0.6792
0.66527
0.67764
0.65917
0.64121
0.76033
0.68865
0.69823
0.70958
0.70146
0.69502
0.73282
1.977
0.66834
0.67608
0.64863
0.69343
0.75336
0.70469
0.68865
0.69663
0.66222
0.63826
0.68234
0.68234
0.74131
0.73961
0.71945
0.68707
0.66681
0.68234
0.65917
0.67298
0.66069
0.67298
0.64565
0.70307
0.68234
0.70469
0.72111
0.68549
0.68865
0.64269
0.68077
0.75858
0.67453
0.70795
0.69343
0.64121
0.65313
0.69502
0.73961
0.78705
0.6792
0.66374
0.69502
0.69502
0.71945
0.65917
0.69343
0.67298
0.65615
0.66374
0.72277
0.68234
0.74817
0.77268
0.70307
0.67298
0.64714
0.76913
0.93972
0.88512
0.73961
0.69343
0.71121
0.66681
0.73282
0.69823
0.90573
0.67453
1.39
0.71285
0.64714
0.64121
0.66222
0.64269
0.63387
0.63973
0.6792
0.6792
0.92683
0.72111
0.76384
0.69343
0.69343
0.73282
0.72444
0.71945
0.66681
0.68549
0.65615
0.68707
0.72778
0.68549
0.70307
0.65313
0.69183
0.63533
0.68865
0.71945
0.67453
0.70146
0.67764
0.68391
0.65917
0.70469
0.78524
0.68391
0.65766
0.65615
0.68234
0.77268
0.70795
0.72111
0.67298
0.65615
0.69343
0.73961
0.75858
0.67764
0.68549
0.65615
0.65766
0.65464
0.64714
0.67143
0.66681
0.72778
0.66681
0.68549
0.70632
0.72277
0.69183
0.6792
1.1614
0.65615
0.67608
0.66374
0.64714
0.70632
0.6368
0.66988
0.69502
0.64714
0.68234
0.70795
0.76208
0.64269
0.68391
0.66374
0.66834
0.66988
0.68234
0.68707
0.68707
0.7145
0.72444
0.80724
0.74817
0.65163
0.7709
0.7709
0.67298
0.66374
0.63387
0.66988
0.65163
0.70958
0.6792
0.65013
0.65313
0.67453
0.66988
0.82224
0.74473
0.78524
0.68865
1.0544
0.67764
0.77983
0.79433
0.76033
0.70146
0.68077
0.70958
0.74131
0.73961
1.5453
1.4997
1.5101
0.65313
0.65313
0.65766
0.72778
0.65766
0.70146
0.65464
0.69984
0.77804
0.9528
0.8091
0.68865
0.69502
0.66681
0.66681
0.69024
0.71285
0.70146
0.62661
0.66374
0.67764
0.77268
2.0606
0.67143
0.68707
0.7925
0.85507
1.2331
0.79799
0.83946
1.2853
0.77625
1.0593
0.99083
1.6406
0.68391
0.72277
0.69183
0.71614
0.71945
0.70958
0.70469
0.74131
0.68707
0.69823
0.70146
0.69183
0.69502
0.70795
0.74131
0.72444
0.77625
0.69343
0.69183
0.7145
0.67298
0.74473
0.69502
0.73114
0.67143
0.66069
0.7379
0.73621
0.8414
0.8995
0.72277
0.63096
0.62951
0.74473
0.6792
0.67764
0.69024
0.65013
0.78343
0.69663
0.64121
0.65163
0.65615
0.72277
0.87096
0.75336
0.7145
0.7145
0.69024
0.66834
0.72277
0.64417
0.68707
0.70469
0.74131
0.72778
1.1298
0.95719
0.65464
0.68234
0.7656
0.70795
0.65766
0.66222
0.70469
0.69984
0.69024
0.74131
0.72611
0.73621
0.71614
0.68707
0.77268
0.69183
0.65766
0.65917
0.71121
0.67608
0.74131
0.72444
1.0814
0.70632
0.73114
0.68077
0.66222
0.72611
0.8147
0.7656
0.74131
0.68234
0.70632
1.4928
0.70146
0.72778
0.71779
0.72946
0.70469
0.63387
0.86497
0.83946
0.75162
0.79433
0.76033
0.69502
0.72611
0.90782
1.6331
0.70307
0.70307
0.7709
0.72611
0.7379
0.70307
0.78163
0.73114
0.78705
0.75858
0.71285
0.68234
0.76736
0.75509
0.72946
0.71614
0.68077
0.79799
0.75683
0.73114
0.97724
0.74131
0.81658
0.75162
0.74645
0.68077
0.76913
0.68549
0.6792
0.73451
0.70632
0.65163
0.66527
0.73114
0.65766
0.68549
0.72444
0.68077
0.78163
0.71779
0.69502
0.76208
0.75336
0.70632
0.7379
0.75336
0.69343
0.83368
0.74817
0.71614
0.95719
0.79433
0.73282
0.69024
0.70469
0.67608
0.68549
0.68549
0.72778
0.77625
0.70307
0.67143
0.70632
0.78524
0.88512
0.8091
0.79983
1.5631
0.90782
1.0568
1.3996
1.4997
1.2531
1.205
1.5311
0.98401
1.2274
0.9977
1.1535
1.1092
1.1776
1.0544
0.82604
1.2503
0.70307
0.87297
0.71614
0.74473
0.68549
1.0789
0.71614
0.66988
0.68707
0.69663
0.67453
0.73114
0.68391
0.69183
0.69024
0.72277
0.69502
0.72444
0.77983
1.0617
0.8892
0.71779
0.69024
0.64714
0.66374
0.74302
0.72611
0.75683
0.71614
0.75336
0.69502
0.71945
0.7656
0.73282
0.69343
0.69502
0.75509
0.75509
0.68549
0.69984
0.77625
0.75509
0.76913
0.71945
0.75509
0.71285
0.67453
1.0116
1.5776
1.1588
1.2912
0.97949
1.3459
0.7145
0.71285
0.61944
0.70469
0.69823
0.68549
0.70632
0.69663
0.71121
0.74131
0.73114
0.65464
0.68391
0.69663
1.8664
0.65464
0.65917
2.037
0.72277
0.67608
0.65615
0.70307
0.72611
0.68707
0.67608
0.69343
0.71121
0.69663
0.71614
0.69663
0.75162
0.70795
0.72111
0.69984
0.71614
0.75858
0.75336
0.76208
0.68234
0.87902
0.80353
0.81096
0.71121
0.70469
0.71614
0.67764
0.69183
0.68549
0.74473
0.68391
0.68549
0.72444
0.68865
0.67298
0.72111
0.67143
0.67764
0.69024
0.76913
0.72611
0.71121
1.0691
0.88105
0.74131
0.67298
0.71779
0.74131
0.71121
0.67298
0.67608
0.66988
0.68865
0.67298
0.74645
0.68549
0.75858
0.64863
0.72946
0.6792
0.6792
0.67764
0.72778
0.65766
0.69663
1.4997
0.94189
1.0765
0.88716
0.8147
0.74645
0.8995
1.0093
1.6788
0.89536
0.67453
0.68234
0.74989
0.67608
0.63533
0.70469
0.73621
0.71285
0.67143
0.69343
0.74302
0.71121
0.69343
0.66834
0.7709
0.66222
0.67453
0.75509
0.76033
0.85704
0.8414
1.9953
0.69984
0.76736
0.74131
0.66222
0.76208
0.67608
0.75162
0.78705
0.72277
0.78163
0.74302
0.73621
0.71285
0.70307
0.76384
0.74131
0.71121
0.65313
0.69502
0.78163
0.69502
0.6792
0.74473
0.73451
0.74645
0.76736
0.68391
0.89125
0.9977
0.87498
0.7145
0.68865
0.71614
0.99083
0.78524
1.1272
0.83368
1.2531
1.1429
0.69502
0.66988
0.66222
0.68865
0.68549
0.76736
0.73114
0.71779
0.70958
0.70795
0.72444
0.68077
0.70146
0.71121
0.80538
0.8531
0.76208
0.81658
0.68865
0.76033
0.70146
0.67608
0.84723
1.4454
0.72778
0.75683
0.75509
0.66988
0.72277
0.63973
0.74131
0.78886
0.70958
0.83176
0.71285
0.70146
0.67764
0.80724
0.67608
0.69663
0.75162
0.76913
0.68234
0.68391
0.69183
0.67608
0.69663
0.71121
0.72611
0.6792
0.74473
0.69343
0.70469
0.72778
0.68707
0.67608
0.69663
0.7379
0.66988
0.65917
0.64417
0.65766
0.72778
0.79433
0.72778
0.70795
0.76033
0.77804
0.74645
0.64565
0.84918
0.73621
0.76033
0.75336
0.78886
0.74989
0.71614
0.75509
0.74817
0.77983
0.93972
0.78524
0.91201
0.70795
0.97949
0.7709
0.85901
0.77446
0.75509
1.766
0.74473
0.69183
0.72111
0.70469
0.74645
0.80538
0.70469
0.70307
0.82604
0.70307
0.74131
0.83368
0.74817
0.69343
0.73282
0.74302
0.74989
0.67608
0.72444
0.72444
0.73621
0.66834
0.7145
0.70146
0.67298
0.64714
0.70958
0.70146
0.75683
0.69502
0.7145
0.70307
0.72778
0.74645
0.64565
0.74473
0.9977
0.92683
1.4256
1.3335
2.8314
0.66069
0.78524
0.68865
0.71614
0.69024
0.70146
0.67608
0.68391
0.64863
0.70146
0.65615
0.74131
0.71614
0.68865
0.64863
1.0789
0.87297
0.75858
1.2677
0.89536
3.1261
0.85114
0.69823
0.66527
0.71614
0.68077
0.66834
0.65313
0.67143
0.69343
0.69502
0.66069
0.70958
0.65766
0.66374
0.63387
0.69502
0.64863
0.66681
0.64417
0.66988
0.69024
0.64565
0.66988
0.63241
0.64565
0.67298
0.65013
0.71779
0.64565
0.69502
0.73961
0.74473
0.7145
0.70795
0.68549
0.72444
0.67453
0.64269
0.63387
0.66374
1.39
0.69343
1.0423
0.65013
0.68391
0.67764
0.70469
0.69024
0.73282
0.69984
0.71285
0.65615
0.84528
0.7709
0.68549
0.74817
0.70958
1.2618
1.2023
0.6792
0.66988
0.66222
0.6792
0.6792
0.65313
0.62951
0.66988
0.68077
0.72277
0.66374
0.68707
0.74645
0.75336
0.68234
1.0069
0.71285
1.2388
0.71779
0.71779
0.70469
0.67298
0.65766
0.69502
0.66681
0.65615
0.66222
0.66834
0.74302
1.8621
0.65766
0.72111
0.69024
0.69024
0.68234
0.72778
0.68865
0.65615
0.64417
0.66374
0.73961
0.70795
0.65917
0.71779
0.73451
0.67608
1.0666
0.73961
1.5849
0.74989
0.86696
1.0023
1.3804
1.4622
0.71285
0.65615
0.70632
0.69663
0.64863
0.72611
0.72111
0.68234
0.68707
0.68077
0.70632
0.70795
0.64714
0.68077
0.72611
0.77268
0.65615
0.67298
0.69823
0.8147
0.69183
0.69024
0.65013
0.64863
0.73451
0.64121
0.69984
0.66527
0.78886
0.66834
0.69183
0.78343
1.0209
0.66988
0.75336
0.69502
0.65013
0.65766
0.73114
0.67298
0.68391
0.72778
0.65766
0.72277
0.78163
0.69502
0.72111
0.67764
0.66222
0.76384
0.69024
0.75162
0.6792
0.72444
0.69502
0.69663
0.64714
0.69502
0.71285
0.69343
0.69343
0.70469
0.70958
0.7379
1.4488
0.79799
0.73961
0.77625
0.72946
0.77446
0.73114
1.1614
0.72444
0.85114
1.2618
0.64417
0.68234
0.66527
0.72778
0.67453
0.67298
0.71121
0.74131
0.69024
0.75336
0.74302
0.67298
0.72111
0.64863
0.78886
0.69984
0.7379
0.8147
0.8091
0.92897
1.1117
0.69984
0.64121
0.6368
0.65615
0.68077
0.94842
0.69502
0.64565
0.7925
1.1246
0.70307
0.67143
0.67298
0.66527
1.0839
1.2794
1.0069
2.1727
0.98175
0.67298
0.66222
0.83368
0.91201
0.8091
0.71779
0.76384
0.75858
1.2331
0.73621
0.8147
0.7656
1.3932
0.71121
0.81096
0.69663
1.3552
1.3772
0.65917
0.70307
0.68077
0.67764
0.66834
0.62951
0.63241
0.67764
0.67608
0.68549
0.65917
0.64269
0.65766
0.66681
0.64121
0.69502
0.9506
0.74131
1.2445
0.67453
0.65013
0.68234
0.65917
0.69502
0.73961
0.67298
0.68549
0.70146
0.73451
0.66527
0.65615
0.70795
0.70632
0.73114
0.66222
0.66222
0.6792
0.67298
0.66222
0.64714
0.65917
0.64269
0.65163
0.65917
0.72611
0.72277
0.65163
0.65615
0.94189
0.75336
0.71285
0.70146
0.83368
0.63973
0.66374
1.574
0.88716
0.88308
1.4388
1.3183
1.2735
0.90991
0.77625
0.79068
1.652
0.9528
2.0464
0.71779
0.69502
0.66988
0.64269
0.64565
0.65313
0.69343
0.67143
0.66527
0.71285
0.70469
0.67143
0.62806
0.6223
0.66069
0.65766
0.64863
0.65615
0.66069
0.66069
1.3366
0.69502
1.2912
0.68234
0.71121
0.70307
0.67143
0.65464
0.65313
0.64863
0.65615
0.67608
0.65163
0.64863
0.70958
0.64121
0.64565
0.69984
0.74645
0.65766
0.62087
0.63241
0.69183
0.68391
0.63973
0.64714
0.67453
0.70795
0.64714
0.63973
0.64714
0.64863
0.65013
0.65313
0.65615
0.64565
0.67453
0.64269
0.64565
0.66834
0.71285
0.67608
0.65163
0.66681
0.66527
0.65766
0.65615
0.70469
0.62806
0.67453
0.62661
0.6368
0.65464
0.65615
0.63241
0.62373
0.66222
0.64121
0.69984
0.68865
0.65013
0.63973
0.64417
0.65013
1.3183
0.7656
0.72778
0.67764
0.73961
0.64565
1.1015
0.62951
0.68391
0.67143
0.68391
0.65615
0.66069
0.65917
0.68391
0.72778
0.70632
0.75858
0.64714
1.0069
0.64417
0.65615
0.67143
0.65013
0.90573
0.66834
0.69343
0.66069
0.70307
0.7709
0.7379
0.78705
0.78705
0.73114
0.70958
0.80353
0.7709
0.69024
0.82794
0.72611
1.6444
0.65917
0.65917
0.7379
0.65464
0.62951
0.73961
0.70307
0.63241
0.66069
0.68549
0.64565
0.63096
0.70146
0.70307
1.2078
1.4488
0.92683
1.0257
1.2531
1.4028
0.65464
0.69823
0.69823
0.63241
0.67453
0.70469
1.3552
0.72444
0.60954
0.65615
0.64269
0.63241
0.63387
0.66527
0.63533
0.66374
0.67298
0.64863
0.69663
0.72778
0.65766
0.65313
0.65464
0.69024
0.61802
0.79068
0.97499
0.64269
0.65313
0.64269
0.64863
0.66069
0.63096
0.66834
0.64863
0.67764
0.65917
0.65917
0.64269
0.68234
0.65313
0.65917
0.67764
0.67608
0.65013
0.63096
0.64565
0.81096
1.9679
0.6223
0.65013
0.67453
0.72111
0.62517
0.66681
0.69823
0.70307
0.68549
0.63973
0.70958
0.70632
0.66681
0.6792
0.63533
0.69343
0.88512
0.80353
0.77983
0.65163
1.0593
2.1627
0.74817
0.64121
0.64121
0.65766
0.65013
0.61802
0.94189
1.5631
0.93111
0.86497
0.86896
1.0328
1.2474
1.4421
1.3646
1.1561
1.1143
1.556
1.0209
0.85704
0.92045
16.106
10.093
15.417
18.836
0.86298
0.77268
1.2023
0.77268
0.89331
0.87297
0.75858
0.74302
0.72611
0.76208
0.72444
2.6546
18.535
17.824
15.74
13.183
19.815
16.749
12.05
14.521
18.072
15.136
10.328
3.8019
15.596
15.205
0.97949
1.5101
10.375
19.32
16.406
23.067
22.542
17.458
19.679
1.0495
1.2134
5.6885
16.444
17.258
16.749
18.621
19.364
16.866
12.246
14.158
5.5976
12.417
1.5311
1.1776
17.298
10.74
14.421
18.408
19.861
16.788
22.08
16.788
8.0168
17.338
1.0069
1.5241
16.368
22.542
9.9312
9.8175
11.35
21.827
21.184
21.038
26.363
22.491
12.853
11.94
16.52
4.5394
8.2224
0.91411
1.8239
0.92045
1.4421
2.6669
17.579
0.82604
0.77625
1.3428
0.79799
0.81658
0.79799
0.69343
0.78163
0.68707
0.72611
0.74131
0.8147
0.67764
0.77804
0.74131
0.70795
0.7379
0.69823
0.64121
0.67298
0.75336
0.87096
0.67453
0.76736
0.69663
0.72111
0.67608
0.65013
0.69024
0.72277
0.73451
0.66681
0.70307
0.71121
0.64714
0.74302
0.71945
0.66374
0.70307
0.66069
0.68391
0.71121
0.69024
0.69183
0.67608
0.69024
0.68391
0.69502
0.71779
0.7145
0.76384
0.71779
0.68391
0.71121
0.65615
0.66069
0.68077
0.69663
0.64863
0.70146
0.69984
0.66988
0.65313
0.72277
0.70632
0.68234
0.70469
0.67608
0.71614
0.74645
0.65464
0.69024
0.69502
0.69024
0.63096
0.69823
0.74131
0.71121
0.67453
0.65013
0.66222
0.69663
0.69823
0.72277
0.64714
0.69663
0.6792
0.63241
0.66374
0.68077
0.74817
0.69823
0.67608
0.68391
0.66834
0.71945
0.65163
0.66222
0.65766
0.69183
0.64417
0.70469
0.66069
0.68077
0.67764
0.6368
0.64863
0.66681
0.7145
0.67143
0.64714
0.67453
0.67453
1.5346
1.5849
0.69984
0.68391
0.70958
0.81658
0.99541
2.1528
1.6368
0.70795
0.68391
0.74131
0.72444
0.69183
0.68077
0.74473
0.81283
0.71614
0.65766
0.69663
0.69984
0.75336
0.69984
0.70146
0.72111
0.71945
0.74131
0.74989
0.68077
0.71614
0.74645
0.72111
0.75858
0.74131
0.75336
0.69663
0.70795
0.72277
0.69183
0.7379
0.71779
0.67453
0.6792
0.67608
0.66988
0.73451
0.74817
0.65766
0.66988
0.66681
0.69502
0.7709
0.7145
0.71614
0.72111
0.67143
0.79616
0.71121
0.67764
0.6792
0.72778
0.70307
0.71121
0.68077
0.68865
0.67764
0.67453
0.71945
0.71285
0.75162
0.72946
0.67764
0.70469
0.72277
0.66834
0.67143
0.77983
0.66834
0.67453
0.66681
0.75858
0.76033
0.97275
1.4555
0.89331
1.0186
0.97051
1.1455
1.2106
1.1614
1.1272
0.76384
0.87902
1.6634
0.89743
0.73451
0.72444
0.7656
0.67143
0.72111
0.72611
0.71285
0.65313
0.66527
0.69343
0.68549
0.72444
0.68865
0.66527
0.7379
0.69823
0.74302
0.68391
0.69024
0.74989
0.66222
0.85901
0.72778
0.75336
0.87297
0.74131
0.77804
0.77625
0.76736
0.78524
0.7656
1.074
0.64863
0.74302
0.72444
0.76033
0.75683
0.7145
0.70795
0.78163
0.69024
0.70307
0.79983
0.7709
0.74645
0.65464
0.7379
0.71285
0.71121
0.72946
0.70632
1.6749
2.4604
1.4125
1.1508
1.8493
0.76913
0.72611
0.67608
0.69502
0.71945
0.67453
0.67453
0.79433
0.69663
0.74817
0.65615
0.72277
0.68077
0.68391
0.68549
0.66834
0.72277
0.71614
0.72111
0.76913
0.73961
0.66222
0.69183
0.64565
0.66988
0.72111
0.74302
0.73451
0.73282
0.70469
0.71121
0.69984
0.73451
0.67453
0.68865
0.69343
0.69663
0.84918
0.75509
0.7709
0.70795
0.72611
0.72946
0.65766
0.69343
0.71779
0.70795
0.67143
0.72444
0.68549
0.76736
0.7145
0.69024
0.69663
0.73451
0.69663
0.68865
0.67143
0.73961
0.80353
0.67608
0.64121
0.69183
0.66834
0.69183
0.69984
0.70632
0.77983
0.83176
0.70958
0.67143
0.66988
0.71121
0.71614
0.71779
0.71121
0.69663
0.79433
0.64121
0.66527
0.68707
0.69024
0.69502
0.67764
0.74645
0.66374
0.68549
0.69024
0.71121
0.70469
0.70469
0.73451
0.76736
0.69663
0.71779
0.64121
0.66681
0.78343
0.69984
0.71614
0.67453
0.70632
0.64714
0.71285
0.72946
0.7379
0.76208
0.70307
0.83368
0.7145
0.73282
0.64565
0.74817
0.66834
0.68865
0.66222
0.66988
1.7742
0.79068
1.8239
0.92897
0.94406
1.1429
1.4158
1.1455
1.3677
0.91833
0.87096
0.96383
0.77983
1.5776
1.1324
0.94842
14.791
16.406
16.52
13.274
7.6384
13.74
16.144
24.21
23.988
13.772
22.336
23.067
23.121
22.08
21.577
17.14
1.4256
1.0593
0.7709
0.83753
0.70307
15.101
21.33
20.606
12.162
15.959
22.08
20.324
19.999
19.32
24.946
15.417
12.417
17.824
17.298
12.531
2.958
11.429
10.28
16.866
24.491
21.528
17.418
22.182
23.55
13.9
10.495
0.69663
15.171
26.242
20.606
21.727
20.091
4.9545
10.328
20.464
15.136
25.527
12.274
20.512
5.9293
10.162
20.277
0.71121
0.75509
0.77446
0.77446
2.1827
7.3114
20.606
25.235
24.491
14.488
13.646
12.162
2.4946
1.2274
1.3804
1.0304
2.6977
0.86298
1.3836
0.68234
1.9143
17.219
28.774
20.701
22.699
18.707
15.031
17.418
16.255
12.134
20.606
21.33
14.825
18.408
5.7544
1.8281
11.117
1.2706
2.0559
0.65464
0.70146
0.75683
0.8091
0.86896
0.80724
0.68391
0.76033
0.98855
0.69984
0.69984
0.80724
0.69502
0.68865
0.66681
0.69663
0.64714
0.66834
0.69024
0.64269
0.68549
0.65917
0.6368
0.73961
0.71285
0.68077
0.66222
0.68707
0.6792
0.67764
0.71945
0.68865
0.72778
0.65163
0.67143
0.63387
0.70632
0.65464
0.66988
0.68549
0.67764
0.65615
0.68391
0.7379
0.72611
0.67143
0.77625
0.66681
0.68077
0.70146
0.70795
0.72444
0.67453
0.68707
0.71121
0.66988
0.70795
0.67298
0.69663
0.65313
0.64417
0.66681
0.71121
0.64417
0.7145
0.67453
0.68077
0.66988
0.68234
0.70632
0.67453
0.69343
0.70958
0.67764
0.70632
0.79983
0.65013
0.69343
0.66527
0.70469
0.65013
0.69024
0.70146
0.78163
0.66222
0.67298
0.69183
0.69663
0.76736
0.71779
0.71614
0.70469
1.0023
0.68234
0.82224
0.78524
1.074
0.81283
0.77446
0.78524
1.4223
1.135
0.66988
0.67608
0.66222
0.72778
1.0691
1.0839
0.70795
0.65615
0.69823
0.67608
0.63241
0.71285
0.6792
0.66222
0.63241
0.63533
0.64269
0.65917
0.62373
0.63096
0.77625
0.68707
0.70958
0.65766
0.63241
0.99312
0.64121
0.6368
0.66069
0.69024
0.63387
0.68391
0.64417
0.70146
0.66834
0.71614
0.65766
0.64714
0.64417
1.028
0.65766
0.92683
0.67143
1.1641
2.2233
1.2134
0.94624
1.3552
2.037
1.1482
9.506
0.80724
0.72946
1.2474
0.67143
0.70146
0.67143
0.8995
0.66681
0.74131
0.76033
0.80168
0.77446
0.72778
0.69663
0.73451
2.1184
0.70307
0.66834
0.67453
0.67298
12.078
7.4131
9.4406
19.724
25.41
17.14
27.542
18.45
21.478
26.915
18.365
6.223
17.865
27.29
21.979
18.923
22.387
21.979
27.416
20.749
17.62
6.4714
1.7061
0.89331
1.3552
1.3614
8.77
6.4417
20.749
19.275
27.99
25.823
18.664
19.275
15.171
25.645
17.66
21.281
23.496
15.488
24.946
21.478
14.125
23.878
23.174
24.21
21.777
22.909
20.701
16.482
1.4028
1.7179
7.9799
1.5812
0.9506
2.6669
6.6681
8.3368
1.2474
1.7579
0.69823
0.70146
0.72778
2.0559
0.98175
2.1627
1.2303
1.4421
1.2853
0.92683
1.0069
1.4289
1.406
1.3335
1.4223
1.349
1.5136
0.79068
0.97275
0.80168
1.6711
0.67453
0.66834
0.72111
0.68707
0.70632
0.66374
0.70307
1.803
0.69502
0.69343
0.78524
0.69183
0.74131
0.7379
0.76033
0.71945
0.70307
0.67298
0.69183
0.89125
0.76384
0.70146
0.70469
2.1478
0.69024
0.71614
0.74989
0.74645
0.7925
0.7379
2.6546
0.73451
0.69343
0.76384
0.66069
0.66834
0.67453
0.68234
0.74817
0.69502
0.96605
0.68077
0.68707
0.77446
0.81283
0.74131
0.7656
0.72778
0.72946
0.77446
0.67608
0.73451
1.1614
0.74473
0.72778
0.69663
0.72611
0.68077
0.67298
0.75162
0.73282
0.69823
0.85901
0.8147
0.73961
0.7925
0.99083
0.8356
0.91201
0.82794
0.83753
1.3183
1.0233
0.66681
0.69024
0.74302
0.76913
0.77625
0.75858
0.70795
0.8147
0.73282
0.70795
0.74131
0.79068
0.75858
3.3963
3.3266
0.96828
1.0233
0.7709
0.72946
0.76033
4.0458
18.113
14.588
22.08
16.749
21.979
17.14
23.878
17.022
0.85114
5.2845
19.275
14.289
1.3002
11.776
12.882
21.827
20.23
18.45
23.388
29.923
16.711
15.959
18.155
24.266
23.067
20.23
14.555
20.512
18.365
17.14
17.539
17.418
3.0832
1.0471
1.8197
3.6813
19.275
0.68391
0.76913
0.75336
0.72277
0.71779
2.7353
0.69183
0.74131
7.925
8.356
0.7379
0.71945
0.64714
0.71945
9.3111
22.08
23.281
19.634
16.444
20.137
14.158
19.011
20.464
17.539
13.9
12.589
14.655
19.861
17.1
21.478
18.155
12.677
8.9536
11.194
3.9084
11.429
20.37
0.9247
0.81658
0.73961
0.72778
0.69024
1.8072
13.646
14.028
13.677
10
19.498
23.878
13.152
15.205
16.904
18.197
21.281
6.3387
8.8512
8.5507
1.1376
1.2445
1.1508
1.4256
1.4223
1.1169
2.7669
0.82224
0.85507
0.88308
0.80168
0.81658
0.78886
0.82604
1.5996
4.0458
0.70795
8.3753
0.69183
0.86497
0.69343
0.66527
0.66069
0.72778
0.81846
0.68707
13.213
20.23
16.331
20.654
18.197
14.289
24.099
15.922
13.552
13.836
15.812
21.38
18.365
21.232
17.62
14.191
20.23
0.97949
13.062
18.408
21.979
18.197
15.066
16.106
18.155
9.1622
21.086
15.241
21.429
1.3062
2.5119
0.73114
0.66527
0.74473
3.3037
3.9537
8.9743
1.194
1.2474
1.1402
1.4388
1.2853
1.556
1.5596
1.1324
1.3646
1.1967
1.1508
2.4547
11.169
23.121
15.776
14.223
16.444
23.067
18.967
20.989
14.997
11.117
18.281
22.336
1.6032
1.074
0.82035
0.83946
0.97275
7.5858
19.454
20.654
9.6828
25.704
16.368
19.454
21.677
24.044
0.8147
1.3772
8.5704
1.5417
1.7219
13.213
14.757
12.706
28.054
22.439
13.646
13.9
17.539
13.397
15.311
23.014
24.044
18.836
22.594
16.106
15.596
10.471
1.9588
10.839
1.1092
5.5335
16.482
23.442
11.143
19.055
13.49
10.889
11.535
11.35
11.298
0.74645
0.82414
3.6392
13.677
0.8531
2.0606
14.622
15.101
11.561
21.086
18.113
26.363
7.1614
19.724
20.845
20.37
18.535
13.152
16.406
13.213
13.709
1.1508
1.0864
2.8973
1.1722
0.9977
1.5136
1.3305
1.1402
1.2853
3.767
8.4918
20.893
25.235
15.241
19.907
22.08
18.75
16.634
17.989
14.859
28.249
18.323
21.878
15.631
14.289
22.542
17.219
24.155
1.8408
16.558
26.122
25.235
27.227
19.724
22.284
22.284
21.281
25.823
18.664
18.239
10.765
31.696
16.444
19.498
