10.568
12.246
16.032
13.335
2.2646
1.1995
1.2359
2.0797
8.5901
20.797
21.528
27.606
12.677
4.1976
2.0091
1.256
0.92257
1.2417
3.3651
3.3113
1.6406
1.3305
2.3281
0.89536
1.1749
0.83368
1.0139
14.825
15.241
19.634
22.131
21.478
19.143
23.388
13.428
1.714
10.839
20.512
4.1495
13.583
16.144
1.7579
1.4757
1.0965
1.4723
1.3305
0.69502
1.2912
1.0839
1.3709
0.96161
1.2474
0.76208
1.9454
1.5417
2.2284
2.037
1.5631
1.1015
1.6634
1.5996
1.6711
11.066
24.044
19.364
22.751
20.324
22.856
12.218
19.409
26.122
22.439
2.0417
1.0069
0.87498
1.4488
1.8281
1.2882
7.8343
24.66
19.187
18.836
21.429
25.942
16.672
24.322
24.266
24.604
28.84
22.439
27.99
26.669
1.5276
2.4155
11.885
1.3646
26.546
29.648
28.184
24.831
26.546
30.061
20.277
31.915
23.823
21.827
22.131
18.072
1.6482
20.464
27.669
15.136
36.813
29.376
17.258
23.174
29.785
0.77625
3.7584
24.604
28.445
14.289
26.977
32.659
9.3325
2.7542
4.5499
15.524
29.174
29.785
21.429
1.5276
2.1478
2.799
1.3183
1.8408
1.3335
1.1561
0.99541
1.574
1.3183
0.92683
1.2474
1.9679
0.92257
0.97275
16.982
20.797
22.336
28.379
26.303
27.99
22.336
28.054
32.81
27.164
1.8197
1.3964
1.3583
0.85507
0.77446
1.3062
0.78163
0.85507
0.71285
27.29
24.889
28.445
22.909
26.424
27.479
29.04
28.314
27.353
32.659
29.107
28.445
28.774
1.8281
8.4723
1.5922
1.3552
1.7539
0.67764
3.9264
14.997
1.3183
0.88105
1.3092
1.135
1.5171
0.90782
1.1912
1.194
0.70146
0.68234
0.7656
0.68865
0.69183
0.68549
0.79068
0.74817
0.69183
0.64863
0.81846
0.74989
0.68865
0.8414
0.98628
2.2439
1.7824
1.7258
2.4044
2.4266
1.2303
3.9084
3.6728
16.482
0.8091
0.74473
1.099
0.88512
0.74989
3.5481
1.3964
3.3189
0.75683
0.72277
0.66222
0.74302
1.9907
2.2439
1.7378
2.5293
1.6181
0.66834
0.7145
0.74645
1.3709
1.4289
1.766
1.2388
1.1015
1.2589
1.1117
3.3189
1.9861
3.7844
15.776
21.232
26.915
30.479
31.623
29.107
11.614
29.992
32.81
34.834
2.4946
20.941
31.189
16.52
1.1749
2.0941
0.67453
1.0375
0.85704
1.0447
0.68865
0.74302
0.67298
0.70958
0.70632
7.145
1.6181
0.98401
2.0893
1.5596
1.9634
1.3772
1.3366
1.3122
1.71
1.3183
1.2882
0.97051
0.7656
0.69823
0.83368
1.406
0.94406
0.82604
0.66988
0.75336
0.68707
0.84528
0.75683
0.81283
0.67764
0.96828
2.0749
1.762
1.0351
0.68077
0.66834
0.69502
0.75858
0.71121
1.0304
0.80168
1.0789
0.70307
0.72444
0.66374
1.2246
4.3251
3.8637
1.6788
1.1858
1.099
1.3183
1.3428
0.92683
0.73621
0.72946
1.2794
0.82035
0.89331
0.80724
0.97499
0.71614
0.70795
0.71285
0.70632
0.73961
0.83176
0.69343
0.76384
0.72444
0.74473
0.72778
0.74645
0.7925
0.65615
0.75509
0.78886
0.74131
0.71779
0.8091
0.67298
0.72444
0.72111
0.78705
0.69183
0.69024
0.74817
0.72778
0.74473
0.74817
0.85507
0.77625
0.90365
0.72946
0.72778
0.68707
0.67608
0.74131
0.68865
0.65013
0.68391
0.68234
0.65163
0.70632
0.68391
0.74473
0.74131
0.70795
0.69024
0.72111
0.68234
0.7379
0.68077
0.64269
0.68077
0.69823
0.71121
0.74131
0.76736
0.72778
0.77983
1.0046
0.97275
0.69024
0.62951
0.72277
0.74131
0.73451
0.69183
0.70469
0.67143
0.73961
0.69984
0.73114
0.73282
1.4158
0.93111
0.66222
0.66222
0.70958
0.68391
0.68234
0.66681
0.80724
2.851
1.4791
0.94189
1.4825
0.98401
1.0864
0.86896
0.69823
0.74302
0.69984
0.80168
0.68391
0.73621
1.122
0.86497
1.6982
1.9275
1.2134
1.1695
1.2417
0.69024
0.69984
0.75509
0.8091
1.9231
1
0.72611
0.65163
0.91201
1.8281
3.342
0.73451
0.6792
0.73961
0.93111
2.0797
1.6331
4.3251
0.68865
0.7145
0.72277
0.68707
0.67143
0.79068
2.0941
0.80724
1.0328
1.1402
0.90991
0.68707
0.69183
0.69024
0.72111
0.73114
0.7145
0.92045
1.6672
1.3062
0.96605
1.3552
1.3122
1.4757
3.1769
4.1495
0.86298
0.81096
0.93541
9.4842
17.179
23.659
27.04
23.496
1.6255
1.7579
1.875
2.3174
0.7145
0.73621
0.75162
0.79983
0.8356
0.83946
2.8708
0.88105
0.67764
0.67608
0.66988
0.78343
0.66222
0.63826
0.66834
0.70795
0.70307
0.70958
0.7925
0.83368
1.0023
0.72946
0.86497
1.028
0.68865
0.68865
0.69663
0.69343
0.72277
0.73961
1.8072
1.4791
1.9724
2.355
2.0417
1.2972
1.5631
1.3366
14.521
19.861
25.704
21.184
2.2387
0.82604
0.7656
0.70307
0.66834
0.82414
2.9512
1.1668
1.3614
0.91201
1.0965
1.2474
1.052
2.0417
2.1627
0.87498
1.3804
1.5849
1.1995
0.67453
0.82414
0.69502
0.83368
0.74645
0.7925
0.82224
0.67298
0.77625
0.66374
0.8356
0.77804
0.68707
0.73282
0.79616
0.70307
0.69823
0.66681
0.69984
0.70307
0.91622
0.71945
0.72946
0.8531
0.82035
1.2794
0.70795
0.67143
0.71945
0.71121
0.73451
0.67143
0.66681
0.71945
0.69343
0.66222
0.72778
0.73961
0.73282
0.70469
0.65917
0.65313
0.69823
0.65163
0.70632
0.69024
0.67143
0.7379
0.64565
0.66834
0.71121
0.73114
0.67608
0.71779
0.68077
0.74473
0.78886
0.81283
0.9506
0.90991
0.66069
0.66069
0.65766
0.71285
0.66681
0.67764
0.65615
0.65163
0.71614
0.68077
0.66988
0.72111
0.77268
0.93756
0.67608
0.73621
0.72111
0.80168
0.71779
0.73282
0.71285
0.62951
0.74473
0.72778
0.64565
0.68707
0.69984
0.68707
0.72778
0.69183
0.65464
0.7145
0.72778
0.74989
0.68391
0.66988
0.68077
0.69343
0.67764
0.76736
0.76913
0.7709
0.74302
0.70146
0.92045
0.77446
0.67764
0.76208
0.80353
0.68707
0.65313
0.64714
0.66527
0.84528
0.70795
0.84918
0.70469
0.73451
0.63533
1.4355
2.4831
1.0864
1.0765
1.3366
0.93325
0.88512
1.2764
0.95719
0.80168
0.67608
1.1967
0.73961
0.69024
0.67298
0.74645
0.70795
0.68234
0.68865
1.1429
0.88512
0.83176
0.84918
0.77446
0.72444
0.69823
0.7656
0.67764
0.70146
0.72611
0.70146
0.73961
0.70469
0.72111
0.70795
0.68391
0.69984
0.69183
0.68234
0.68865
0.75162
0.74473
0.66988
0.65313
0.72277
0.72778
0.64417
0.73961
0.69024
0.71945
0.73114
0.77983
0.69502
0.73451
0.68865
0.65163
0.71614
0.67608
0.68707
0.69502
0.69663
0.64714
0.69502
0.68707
0.76208
0.63533
0.7656
0.77446
0.74473
0.66988
0.71779
0.66374
0.67608
0.77625
0.66988
0.64714
0.73451
0.68077
0.68549
0.77983
0.74473
0.67453
0.70469
0.69984
0.67453
0.67298
0.73961
0.68707
0.69024
0.66069
0.63973
0.68391
0.65766
0.64714
0.73451
0.72111
0.66681
0.70146
0.68077
0.71285
0.70958
0.70958
0.69663
0.66374
0.70307
0.73282
0.7145
0.66069
0.67608
0.63973
0.67764
0.65766
0.71121
0.71121
0.74473
0.75858
0.76208
0.76736
0.80538
0.85507
1.0209
0.68549
0.68391
0.6792
0.77625
0.74473
0.70307
0.65013
0.67298
0.76736
0.69343
1.6672
1.5668
6.5766
8.892
2.958
0.66222
1.2246
0.80724
0.70795
0.83368
0.81283
1.205
1.0965
1.0162
1.0864
0.90782
0.70795
0.67298
0.69984
0.8147
1.0666
1.6634
1.2417
0.66069
0.66527
0.70146
0.8147
0.67143
0.66222
0.67298
0.65464
0.63096
0.63973
3.02
0.71779
0.68707
0.86896
0.71945
0.67608
0.88105
1.1668
1.1858
0.64565
0.71121
0.6368
0.69984
0.71614
0.73621
0.67453
0.67143
0.70632
0.65313
1.1912
0.70795
0.69984
1.2589
1.6827
1.3772
1.2882
1.0447
1.135
2.0045
2.2751
1.406
1.3836
1.1066
0.97275
1.3305
0.8892
1.1641
1.0839
1.0233
1.1885
0.78705
0.70958
0.65464
0.81096
0.68865
0.76208
0.76736
0.75683
0.97499
0.81846
0.65313
0.78886
1.0139
1.0423
0.91833
1.4191
1.8664
1.094
0.70307
0.66527
0.71945
0.67143
0.69984
0.71945
0.66834
0.72444
0.7379
0.71614
0.66374
0.66222
0.67608
0.68707
0.64714
0.65917
0.71945
0.66834
0.7145
0.67298
0.71121
0.67764
0.65917
0.74817
0.75858
0.7145
0.67453
0.69343
0.68391
0.71285
0.6792
0.65766
0.67453
0.76913
0.66681
0.69823
0.72778
0.65163
0.75162
0.69823
0.80168
0.69984
0.74989
0.68391
0.77446
0.71779
0.67764
0.70958
0.73451
0.87297
0.66681
0.8091
0.91622
0.7709
0.7379
0.65013
0.83176
0.6792
0.67764
0.69502
0.74645
0.69984
0.78886
0.8892
1.183
0.90365
0.69024
0.64863
0.70958
0.66374
0.68707
0.73961
0.69024
0.69823
0.66222
0.71779
0.63533
0.65766
0.66834
0.7145
0.74817
0.74989
0.76384
0.68234
0.7709
0.68865
0.68391
0.70795
0.67143
0.67764
0.81283
0.68234
0.62517
0.68865
0.69024
0.69984
0.68234
0.72444
0.72778
0.75683
0.69823
0.66834
0.69502
0.79983
0.82035
0.82604
0.66988
0.74131
0.68865
0.72611
0.71121
0.76208
0.67298
0.67608
0.69502
0.76033
0.73621
0.67608
0.73114
0.71614
0.81846
0.6792
0.66988
0.70469
0.75509
0.8995
0.86696
1.0023
0.81846
0.70958
0.68549
0.69343
0.67453
0.72111
0.73114
0.72277
0.71121
0.78343
0.76033
0.72277
0.68865
0.71614
0.68077
0.72778
0.65615
0.78705
0.75683
0.87096
0.92045
0.83753
0.77804
0.71945
0.81846
0.98628
0.68707
0.74645
0.72946
0.68077
0.65013
0.7925
0.66069
0.70469
0.69024
0.79799
0.72444
0.66834
0.67453
0.67298
0.7656
0.72444
0.70795
1.4689
1.5171
1.2853
1.1066
1.4962
0.9594
1.1402
2.8054
0.74989
0.67608
0.68234
0.73621
0.74131
0.72611
0.70795
0.67298
0.69663
0.66374
0.73621
0.65163
0.69984
0.66834
0.69343
0.71945
0.68707
0.68549
0.7379
0.64565
0.72111
0.72277
0.6792
0.68549
0.6792
0.72611
0.7709
0.79616
0.70958
0.7145
0.68549
0.78343
0.70632
0.6368
0.66527
0.67608
0.73621
0.70632
0.67608
0.67764
0.67608
0.74302
0.69823
0.69343
0.69183
0.68391
0.71945
0.66222
0.74302
0.72946
0.7145
0.67143
0.69984
0.69343
0.67453
0.72444
0.67608
0.71121
0.77625
0.71121
0.69984
0.77268
0.7379
0.65163
0.65313
0.70307
0.76913
0.71121
0.72277
0.70307
0.72277
0.66988
0.63973
0.66069
0.75858
0.7379
0.65917
0.68707
0.76208
0.75858
0.73451
0.69823
0.79983
0.67453
0.77804
0.66834
0.76033
0.66834
0.72444
1.0471
0.9977
0.79983
0.68549
0.65917
0.69823
0.71121
0.66681
0.73451
0.70795
0.70632
0.66527
0.70795
0.68865
0.65163
0.68391
0.68234
0.66988
0.69183
0.73114
0.74989
0.70469
0.72946
1.0046
0.8995
0.72111
0.65917
0.72444
0.67143
0.70632
0.69183
0.71945
0.75683
0.68234
0.70146
0.68549
0.73961
0.64714
0.72111
0.74302
0.69502
0.70632
0.69183
0.73114
0.73451
0.68549
0.67143
0.74131
0.77446
0.69024
0.66374
0.65615
0.71285
0.71779
0.82794
0.86298
1.9999
2.3933
0.93325
1.0304
0.97949
0.86298
1.1092
1.6558
1.2531
0.72778
0.69663
0.62661
0.73114
0.72277
0.67298
0.74131
0.66374
0.73451
0.72444
0.66222
0.7709
0.84918
0.77446
0.69823
0.70632
0.68707
0.69183
0.74302
0.77804
0.88716
0.77268
0.71614
0.78343
0.69984
0.76384
0.72444
0.71779
0.76736
0.70795
0.69984
0.64121
0.71285
0.76208
0.72611
0.66069
0.75509
0.7925
0.70146
0.70469
0.79068
0.75336
0.71945
0.71614
0.69343
0.72111
0.74817
0.78163
0.68077
0.68865
0.65615
0.72111
0.68707
0.71285
0.71779
0.63241
0.71779
0.73451
0.67608
0.70795
0.72778
0.68391
0.74302
0.7709
0.77268
0.80168
0.75162
0.84918
0.80353
0.73114
1.0447
0.76913
0.78705
1.0257
0.87297
1.0914
0.66222
0.73621
0.70469
0.68077
1.0046
0.69502
0.64714
0.73114
0.69823
0.69183
0.79068
0.82985
0.71285
0.66527
0.69183
0.76208
0.68865
0.73621
0.76208
0.64863
0.71285
0.74645
0.72444
0.65766
0.73282
0.74131
0.69343
3.6308
1.0447
0.95499
0.76736
0.76736
0.85507
0.69024
0.70146
0.71945
0.66527
0.70146
0.71945
0.7145
0.76736
0.97949
0.91833
0.70307
0.74645
0.75858
0.70795
0.68077
0.73621
0.73114
0.71945
0.77625
0.71614
0.70632
0.7379
1.0864
1.0162
1.074
1.1194
1.0046
0.93111
1.194
0.96828
1.2078
0.90782
1.1066
1.2882
0.68549
1.0814
1.4928
0.67143
0.69984
0.6792
0.65766
0.67608
0.75336
0.65163
0.65464
0.68077
0.66527
1.3804
1.0691
0.73282
0.73961
0.91411
0.87297
0.68707
0.80724
0.86696
1.0069
0.79616
0.66834
0.79433
0.68077
0.74131
0.69183
0.70146
0.74473
0.65615
0.75162
0.66681
0.69502
0.75162
0.70469
0.72946
0.87297
1.099
0.72778
1.0351
0.69343
0.69343
0.78524
0.96161
1.194
1.3183
1.2388
1.6331
0.74989
0.72778
0.82414
0.91411
1.4488
1.652
1.0423
0.90157
0.66681
0.82035
0.65766
0.66374
0.67608
0.68391
0.76033
0.66834
0.67453
0.71285
0.66069
0.68077
0.68865
0.70632
0.67764
1.074
0.83176
0.67764
0.72946
0.71121
0.71614
0.73451
0.73282
0.8091
1.3032
2.5061
1.2218
1.1041
0.69502
0.67608
0.74817
0.73451
0.74473
0.66069
0.70795
0.68707
0.74989
0.94406
0.70146
0.69984
0.66527
0.7379
0.74817
1.1668
1.5205
1.2388
1.0568
0.90573
0.86099
1.183
1.1092
1.0814
1.0914
1.219
1.0186
2.1577
1.052
6.1802
2.8119
0.69823
0.72444
0.74645
0.69024
0.66681
0.68077
0.68707
0.71945
0.68391
0.68549
0.7379
0.71945
0.80724
0.69343
0.74302
0.69984
0.73451
0.69343
0.75509
0.82224
0.72444
0.75858
0.70958
0.77625
0.71614
0.65766
0.72778
0.68391
0.70958
0.72946
0.66222
0.71945
0.75509
0.69024
0.73282
0.71779
0.70307
0.70307
0.70146
0.66681
0.71121
0.69343
0.77625
0.7379
0.70307
0.71779
0.71121
0.69663
0.69502
0.73282
0.73114
0.68707
0.75683
0.71285
0.67764
0.66988
0.6368
0.72444
0.69183
0.72111
0.69663
0.72444
0.74131
0.70795
0.69183
0.68077
0.64269
0.68234
0.63973
0.69984
0.65464
0.66222
0.69823
0.69984
0.80168
0.66222
0.72946
0.68707
0.65464
0.72277
0.68234
0.68234
0.65163
0.70632
0.69024
0.72946
0.69343
0.76033
0.67764
0.88105
0.76033
0.78524
1.0889
0.88308
0.68549
0.76913
0.74817
0.73282
0.96383
0.70632
0.73621
0.84528
0.7656
1.0715
0.96161
0.90991
0.70146
0.66988
0.68549
0.70307
0.98175
0.72111
0.69024
0.69024
0.68865
0.66681
0.71285
0.69984
0.66834
0.65615
0.68077
0.68391
0.72444
0.79433
1.5346
0.72946
0.66222
0.71285
0.65163
0.68707
0.69343
0.90782
0.63241
1.5066
0.69502
0.66374
0.69183
0.72778
0.68707
0.69663
0.69823
0.70795
0.71121
0.70469
0.67298
0.64565
0.66222
0.66681
0.65766
0.65163
0.71121
0.66222
0.66222
0.67608
0.88716
0.65464
0.67453
0.68707
0.69823
0.68391
0.71779
0.68077
0.67608
0.65163
0.6792
0.65013
0.67608
0.72277
0.65313
0.69343
0.67298
0.94406
0.94189
0.65313
0.67298
0.65163
0.64269
0.64269
0.65917
0.64863
0.68865
0.70795
0.66681
0.70632
0.65615
0.65615
0.7145
0.71121
0.68077
0.73621
0.70469
0.65013
0.67298
0.67608
0.66222
0.70146
0.69502
0.65615
0.66069
0.64565
0.64121
0.67764
2.1528
1.0423
1.0023
0.8995
0.96605
1.3932
0.97051
0.86099
0.82794
3.1989
1.374
1.5382
0.7379
0.68549
0.67143
0.67453
0.7379
0.70795
0.66527
0.65615
0.66527
0.68391
0.72277
0.72277
0.64417
0.67453
0.73282
0.70469
0.66681
0.63826
0.70469
0.65464
0.69984
0.7145
0.68707
0.68865
0.66527
0.66374
0.72778
0.66988
0.67143
0.72111
0.73282
0.71121
0.72444
0.66834
0.74473
0.70795
0.64863
0.68077
0.82794
0.71121
0.74131
0.75509
0.68391
0.72111
0.6792
0.71121
0.65013
0.71779
0.74473
0.70958
0.70795
0.7709
0.63826
0.6792
0.70146
0.73282
0.63973
0.70146
0.68077
0.66527
0.69663
0.74302
0.68865
0.66374
0.75336
0.70469
0.72277
0.71945
0.68707
0.69343
0.68549
0.71945
0.66527
0.65615
0.64269
0.71945
0.66988
0.69024
0.74645
0.65766
0.67453
0.65615
0.67608
0.69343
0.69502
0.70795
0.69024
0.66988
0.69502
0.74817
0.68077
0.68234
0.68391
0.75336
0.69663
0.69183
0.71121
0.67764
0.6792
0.69984
0.69502
0.67453
0.63973
0.67298
0.74817
0.65313
0.68234
0.65464
0.74131
0.71614
0.75336
0.74473
0.85114
0.93325
0.94406
1.3032
0.69823
0.65313
0.65163
0.63973
0.66374
0.65163
0.68549
0.66834
0.67143
0.66527
0.70632
0.71779
0.67143
0.65013
0.68234
0.69024
0.68234
0.69343
0.65464
0.69502
0.75509
0.70958
0.74131
0.68707
0.69502
0.66834
0.7145
0.70632
0.63973
0.68707
0.6792
0.68865
0.66681
0.66834
0.66988
0.65464
0.68234
0.70469
0.69343
0.71614
0.63096
0.65013
0.67298
0.66069
0.69024
0.7145
0.68391
0.67764
0.79799
0.79433
0.73282
0.71285
1.1776
0.80168
0.82414
0.68391
0.75683
0.85507
2.5235
0.68707
0.70469
0.71285
0.71945
0.84333
0.79433
0.69343
0.73114
0.96383
0.63096
0.70307
0.91411
1.1376
0.70795
0.67608
0.64417
0.73451
0.66069
1.5776
0.87498
0.877
0.74473
0.73451
1.0162
0.74131
0.8531
1.4894
0.75336
0.67298
0.74302
0.69823
0.70958
0.67608
0.68707
0.75858
0.7145
0.72778
0.69024
0.69183
0.71285
0.7925
1.1194
1.7022
0.97051
0.86696
0.86099
1.0233
1.0069
1.2106
1.0839
1.4093
1.2942
1.1668
1.2647
1.099
1.3709
0.81658
1.1429
1.3183
0.91622
1.1588
0.99541
1.219
1.5812
1.1722
0.87297
1.6634
0.64863
0.65766
0.65464
1.3646
1.6406
0.69984
0.69343
0.66681
0.69343
0.67453
0.70307
0.70795
0.67143
0.67764
0.66527
0.69024
0.66527
0.68549
0.69663
0.68077
0.69663
0.66681
1.8967
2.1135
1.5346
1.1967
0.66374
0.67298
0.74645
0.68707
0.66988
0.65313
0.70958
0.70307
0.93756
0.65917
0.70146
0.71779
0.68549
0.67453
0.66222
0.69502
0.66681
0.67298
0.72778
0.66988
0.72778
0.66834
1.2942
0.63533
0.65766
0.90365
0.69984
0.77804
0.98175
0.72444
0.69024
1.0889
0.82794
1.0568
3.342
2.2646
0.72111
0.68865
0.7145
0.72946
0.73282
0.65766
0.70307
0.68391
0.63533
0.8147
0.71614
0.67453
0.70795
0.69663
0.66681
0.68077
0.64565
0.87096
0.75509
0.67298
0.70307
0.67764
0.67298
0.64269
0.71945
0.68234
0.72778
0.74645
0.75509
0.68865
0.69183
0.66681
0.74131
0.67298
0.72444
0.70307
0.71779
0.72277
0.65013
0.72277
0.65766
0.68077
0.66527
0.70632
0.7709
0.68077
0.73114
0.64863
0.74131
0.74131
0.82794
0.69024
0.66988
0.71945
0.71614
0.7145
0.67453
0.68865
0.75509
0.66069
0.73451
0.74473
0.66681
0.67608
0.72277
0.70146
0.65013
0.65163
0.65766
0.69343
0.69984
0.67298
0.67298
0.70307
0.68707
0.71121
0.64565
0.66069
0.65917
0.70469
0.6792
0.6792
0.7709
0.7145
0.69343
0.8091
1.0593
0.81096
2.5882
1.1066
1.6406
1.803
0.75162
0.70146
0.77268
0.73114
0.71945
0.65917
0.67298
0.66527
0.79068
0.67608
0.65163
0.7379
0.69343
0.70632
0.72778
0.69663
0.71945
0.69984
0.74131
0.70958
0.80353
0.71945
0.76913
0.71285
0.78343
0.69502
0.74302
0.67764
0.83946
0.76033
0.69502
0.69823
0.71945
0.72778
0.63241
0.6792
0.76384
0.8995
0.76208
1.0495
0.79433
1.0715
0.67143
0.68549
0.72444
0.71779
0.69984
0.67608
0.74302
0.66681
0.7145
0.69984
0.65313
0.7145
0.72444
0.75162
0.68707
0.70795
0.73621
0.77446
0.78886
0.7379
0.65917
0.80168
1.1455
1.256
1.0447
0.69502
0.75509
0.74645
0.67453
0.73961
0.71121
0.73282
0.7656
0.74131
0.82794
0.71614
0.82224
0.67143
0.71121
0.72444
0.80724
0.69502
0.79433
0.81658
0.69984
0.70632
0.7709
0.71779
0.68234
0.77625
1.4825
1.4555
0.89125
0.88105
0.84333
1.39
0.75858
0.98175
0.82224
0.90991
1.0568
1.194
1.0471
0.94624
1.0023
1.0568
0.97051
1.1561
1.0617
0.91411
0.98855
1.0093
0.97724
0.9594
1.4588
0.88512
1.1614
1.1967
1.9187
0.70146
0.66681
0.72444
0.68234
0.73961
0.70795
0.69823
0.68391
0.66988
0.66681
0.72946
0.74473
0.68234
0.66527
0.66069
0.70632
0.69024
0.75858
0.75509
0.67764
0.66527
0.76913
0.72946
0.70307
0.7709
0.71285
0.75162
1.0046
1.5276
4.256
4.256
4.256
1.1967
1.1967
1.1967
1.1967
1.1967
1.1967
1.1967
1.2647
0.91622
0.77268
0.69502
0.63533
0.67608
0.66834
0.65766
0.65615
0.66527
0.64863
0.65615
0.66069
0.65917
0.84333
0.66069
0.67453
0.70469
0.68391
0.62951
0.64417
0.68549
0.61802
0.63387
0.65313
0.74131
0.67298
0.64269
0.66834
0.66069
0.70958
0.65313
0.66374
0.67764
0.64565
0.72611
0.64714
0.66834
0.67143
0.66527
0.66222
0.65163
0.65766
0.67608
0.67764
0.73961
0.67143
0.69343
0.70146
0.6792
0.66681
0.8892
0.69502
0.70469
0.63826
0.66527
0.72277
0.66374
0.66069
0.68234
0.7145
0.65615
0.72778
0.67298
0.68865
0.66988
0.67143
0.65766
0.65917
0.64863
0.68391
0.65313
0.65766
0.86298
1.6069
0.87902
0.89743
0.66527
0.68707
0.69502
0.63096
0.65163
0.65163
0.63826
0.72611
0.65917
0.64121
0.67453
0.69183
0.68234
0.85901
1.4723
6.3241
2.5645
2.5645
1.1912
1.1912
1.1912
1.1912
1.1912
1.1912
1.1912
1.1912
1.1912
1.1912
1.1912
1.1912
1.1912
1.1912
1.1912
1.1912
1.1912
1.1912
1.1912
1.1912
1.1912
1.1912
1.1912
1.1912
1.1912
1.1912
1.1912
1.1912
1.1912
1.1912
1.1912
1.1912
1.1912
1.1912
1.1912
1.1912
1.1912
1.1912
1.1912
1.1912
1.1912
1.1912
1.1912
1.1912
1.1912
1.1912
1.1912
1.1912
1.1912
1.1912
1.1912
1.1912
1.1912
1.1912
1.1912
1.1912
1.1912
1.1912
1.1912
1.1912
1.1912
1.1912
1.1912
1.1912
1.1912
1.1912
1.1912
1.1912
1.1912
1.1912
1.1912
1.1912
1.1912
1.1912
1.1912
1.1912
1.1912
1.1912
1.1912
1.1912
1.1912
1.1912
1.1912
1.1912
1.1912
1.1912
1.1912
1.1912
1.1912
1.1912
1.1912
1.1912
1.1912
1.1912
1.1912
1.1912
1.1912
1.1912
1.1912
1.1912
1.1912
1.1912
1.1912
2.9992
0.78705
0.69984
0.71614
0.64417
0.70146
0.71945
0.75683
0.71779
0.78163
0.88716
0.65013
0.77268
1.0093
0.70958
0.7145
1.2162
0.75858
0.69823
0.75858
0.80724
2.023
1.3583
0.66527
0.64714
0.65013
0.65766
0.63973
0.64565
0.67298
0.69663
0.64269
0.66374
0.65013
0.82985
0.74131
0.73961
0.68077
0.64714
0.79616
0.69663
0.67453
0.63826
0.67143
0.72778
0.64565
1.0046
0.7656
0.71285
0.67608
0.70307
0.7145
0.67453
0.96828
0.66681
0.74645
0.78524
0.73282
0.93972
0.8531
0.71614
0.72444
0.69343
0.66374
0.9594
0.69024
0.70469
0.76208
0.73451
0.65615
0.66527
0.7379
0.68865
0.96161
1.3646
0.68549
0.64417
0.65917
0.63387
0.71285
0.75683
0.80724
0.67298
0.68549
0.72111
1.6144
1.7258
0.79799
0.86696
1.0069
0.93756
1.1117
0.97051
1.0304
1.0568
2.1979
0.8531
1.0046
0.74302
0.94406
1.1912
0.84333
0.6223
0.66069
0.67764
0.65464
0.68077
0.68549
0.69024
0.70469
0.71121
0.65464
1.1749
0.8995
0.67453
0.67143
0.72946
0.76033
0.94842
0.8356
1.5488
0.83753
0.84723
0.90991
0.71945
0.74131
0.64417
0.66834
0.68234
0.63826
0.69343
0.69024
0.73621
0.7145
0.68865
0.66222
0.66069
0.69343
0.68234
0.68077
0.68865
0.64565
0.69502
0.64417
0.63826
0.74131
0.74817
0.64714
0.68549
0.73282
0.67453
0.70632
0.61376
0.69502
0.68865
0.71614
0.65013
0.73451
0.66222
0.69823
0.68707
0.65917
0.69823
0.65163
0.70146
0.68707
0.6792
0.79983
0.72277
0.94189
0.96383
0.64714
0.68707
0.71285
0.6792
0.66834
0.68234
0.70146
0.70307
0.8091
0.70795
0.66988
0.67143
0.78163
0.72111
0.69343
0.66527
0.69343
0.65313
0.69663
0.6792
1.0233
0.68707
0.73114
0.72778
0.66834
0.68707
0.65615
0.6368
0.66222
0.71779
0.74302
0.64565
0.65766
0.73282
0.91833
1.0889
0.69663
0.68234
0.69823
0.98855
0.72444
0.67143
0.66988
0.69502
0.67764
0.66834
0.70146
0.70632
0.68865
0.67298
0.65766
0.68549
0.77625
0.70307
0.70146
0.68234
0.67764
0.72111
0.66681
0.68707
0.66069
0.68391
0.63387
0.66527
0.65464
0.6792
0.66527
0.63096
0.65013
0.68077
0.67608
0.70469
0.67143
0.67298
0.68707
0.65464
0.67143
0.69502
0.65615
0.66834
0.72611
0.65013
0.75509
0.65464
0.69984
0.70146
0.70307
0.65917
0.71121
0.69183
0.69663
0.73451
0.71121
0.71614
0.69183
1.2853
1.2823
1.3243
0.89743
0.74645
0.82604
1.4289
0.84723
0.7379
0.77804
0.72111
0.85507
0.81283
0.92897
0.86497
0.91411
0.90573
0.86896
1.0839
0.99312
0.85114
1.875
1.7539
0.65464
0.6792
0.68549
0.73114
1.7061
1.3243
0.92257
1.2735
1.1169
0.75509
0.75683
0.71614
0.67608
0.6792
0.65163
0.72946
0.7379
0.72611
0.71779
0.66681
3.0061
0.87902
0.93972
1.3366
0.91411
0.87096
0.93541
1.1402
0.67764
0.66069
0.65917
0.91833
0.95499
0.76033
1.5417
0.71614
0.75858
0.70632
0.67298
0.76913
0.68549
0.68707
0.66834
0.70795
0.73282
0.72277
0.71285
0.70958
0.67608
0.65464
0.65464
0.67608
0.69823
0.68077
0.7709
0.70146
0.67143
0.66069
0.69024
0.67608
0.66527
0.74473
0.69984
0.70307
0.66222
0.70958
0.71779
0.70958
0.76033
0.70307
0.69502
0.78343
0.77804
0.83368
0.74302
0.69024
0.93325
0.71285
0.68865
0.64714
0.6792
1.0209
0.91411
0.77446
0.91201
1.2882
0.84723
1.0864
0.66988
0.69183
0.69343
0.68549
0.68549
0.67608
0.66374
0.75509
0.67143
0.63973
0.65766
0.69024
0.65313
0.67764
0.67608
0.67298
0.69984
0.69823
0.68234
0.7145
0.74645
0.68234
0.68234
0.69024
0.71945
0.71121
0.67453
1.0257
0.78886
0.73114
0.76384
0.72444
1.0447
0.7656
0.62951
0.72946
0.70146
0.72277
0.69502
0.70307
0.70958
0.70307
0.63973
0.66222
0.69663
0.71285
0.72444
1.1324
0.76384
0.69183
1.1535
0.68865
0.69343
0.66834
0.75858
0.96383
0.64714
0.69663
0.77804
0.66527
1.0399
0.72611
1.094
0.94624
1.2388
0.78705
1.0375
1.3335
0.70632
0.66069
0.67608
0.72946
0.68077
0.69343
0.73114
0.76033
0.71779
0.66988
1.9011
1.7579
0.69024
0.6368
0.73114
0.70307
0.65766
0.82224
0.70307
0.6792
0.84918
1.6218
0.66222
0.65013
0.71614
0.70307
0.64565
0.65013
0.69663
1.2246
1.0715
1.0257
0.76208
0.70632
0.77446
4.4566
4.1591
4.3652
0.98628
0.81283
0.78163
0.78705
0.84528
2.3933
5.1761
2.6977
1.074
1.1246
1.0814
0.91201
1.4322
2.208
2.6915
1.3868
0.97949
1.2735
2.2387
3.7844
2.0184
3.3037
2.5645
1.5704
1.4859
0.91833
1.0257
1.1749
1.1776
2.3496
2.4491
1.1508
1.7378
1.4894
1.1298
1.4723
1.135
1.2853
1.4555
2.6062
0.77983
0.74473
0.75683
0.87297
1.2303
1.1402
1.2823
1.1272
5.781
1.2853
0.89743
1.1995
2.1281
1.4555
1.6827
1.1885
1.6558
1.4093
1.7947
1.5346
1.0593
2.0845
1.122
1.977
1.205
5.1404
4.6345
1.0423
1.3062
0.91833
0.86298
0.8531
0.8091
0.77983
0.93541
0.81846
0.86896
1.256
0.7145
1.2942
1.028
0.7709
0.76033
0.80168
1.0257
0.99541
0.72611
0.73961
0.66069
0.69024
0.73451
0.72946
0.81096
0.78163
1.7783
0.78886
0.74131
0.82224
0.8091
1.3183
0.83176
0.75683
0.75509
0.82035
0.93111
0.72611
0.98628
0.70146
0.66834
1.7219
1.0328
0.81096
0.91201
0.94406
1.2388
1.2023
1.2912
1.0023
2.0137
2.6363
0.95719
1.1858
0.79799
1.2023
8.8105
2.6002
2.5645
0.72277
0.76384
1.2134
0.87498
0.7709
1.0864
0.72277
0.86896
0.93756
0.9247
0.72611
0.74302
0.86298
0.75336
1.0046
0.93541
0.66834
0.86696
1.1041
0.84528
1.1194
0.95719
1.0399
0.98855
0.83368
1.6672
2.4378
1.9275
1.7783
3.2509
1.4191
0.72444
0.68077
0.76208
0.67298
0.70632
0.66222
0.66527
0.70632
0.68865
0.88512
0.79068
0.76913
0.76913
0.78343
1.6331
0.64863
0.69823
0.66374
0.82985
0.68549
0.66374
0.69024
0.71285
0.86497
0.74645
0.76384
0.69823
0.64417
0.70795
0.97499
0.72778
0.69823
0.69984
0.77983
0.72277
0.71614
0.67764
0.74817
0.66834
0.66988
0.75509
0.69024
0.68234
0.90573
0.79068
0.89536
1.714
1.0889
1.9187
4.4463
3.6058
3.4041
1.0209
0.98175
1.028
0.80168
0.76033
0.74473
0.88105
0.90573
0.88512
5.8884
2.7797
1.6866
1.1561
0.83368
0.90782
1.1561
1.2303
1.2647
1.1376
4.9659
2.4946
3.1696
2.4434
2.4322
1.8072
1.3062
4.1115
2.0845
1.4488
0.89125
0.81658
0.77268
0.75683
0.78524
0.75858
0.73961
0.74817
0.72778
0.98628
0.70632
0.70146
0.74131
0.75509
0.89743
0.76384
0.75336
0.71121
0.8414
0.79068
0.70632
0.72946
0.77983
0.73451
0.81658
0.74645
0.78705
0.74131
0.74989
0.73114
1.3335
0.8892
0.7709
0.85114
0.68391
0.85901
0.80724
0.75162
0.85114
0.88512
0.80353
0.7925
0.84918
0.8091
0.78163
0.78705
0.8356
0.79799
0.99541
0.90573
1.0691
1.0162
1.4997
0.70469
0.64714
0.70469
0.69183
0.67608
0.70958
0.66834
0.73961
0.70307
1.1169
2.0417
0.96828
0.74131
0.70307
0.80353
0.75509
2.9785
2.5882
0.94406
0.88308
1.3459
0.78705
0.86298
1.0789
0.68077
0.78343
0.75509
0.67453
3.4914
3.02
4.3954
2.6062
4.3752
1.2474
0.94624
1.8155
1.2912
0.68077
0.65917
0.68865
0.81846
1.2647
1.5241
1.3428
2.8184
0.83753
0.96161
1.4757
1.8323
3.0409
0.86696
0.70958
0.8091
0.75858
0.73282
1.028
1.2618
1.4256
1.2912
1.3614
0.89743
1.2647
1.2735
1.5849
1.8281
1.2331
2.8054
1.0257
0.9528
3.069
1.0209
3.069
1.2618
0.84723
0.7145
0.65917
0.78163
0.80353
0.78886
0.83946
1.7498
0.7145
0.66374
0.71779
1.8664
2.023
3.1696
1.6444
1.4093
0.74989
0.85901
0.86497
1.1117
0.85901
0.84723
0.79616
0.877
1.9011
0.77983
0.90573
0.73451
0.70307
0.81658
0.75162
0.7379
0.77446
0.75683
1.2331
0.73282
0.80168
0.75683
0.72444
0.71945
0.73961
0.68707
0.80353
1.5417
1.0186
0.81096
0.84333
1.1482
0.83176
0.99083
0.98175
0.96383
0.83368
0.71285
0.97724
1.3366
3.2434
1.1429
1.2078
1.2677
2.1627
0.9594
0.75509
0.64565
0.72444
0.68234
1.8197
2.5468
1.1749
1.183
1.8323
1.3646
0.67608
0.68391
0.68707
0.70307
0.65163
0.6792
0.70307
0.69502
0.69823
0.74131
0.80168
1.8155
1.5776
1.4894
0.69502
0.70146
0.70146
0.70958
0.70307
0.67453
0.69663
0.67453
0.70307
0.74131
0.70307
0.72611
1.219
0.63241
3.013
0.67453
0.96828
0.87902
0.99312
0.71614
0.75683
0.7379
0.71779
0.74645
1.1803
1.0544
1.1995
0.68865
2.2803
1.2503
1.9275
1.0046
1.9055
1.1429
0.99312
0.9247
1.1402
1.1482
1.0666
1.2246
1.8493
1.1117
1.8408
0.73621
0.71285
0.75683
0.74817
1.1246
1.0116
0.94189
1.2331
2.7733
0.81096
0.71285
0.67143
0.65163
0.74473
1.1995
1.7579
1.0447
0.6792
0.73451
1.4962
0.77268
0.68234
0.71285
1
0.8531
2.704
0.70146
0.7709
0.68077
0.75509
0.69183
0.82414
0.90573
0.7709
0.8892
0.8356
0.76208
0.79799
0.67608
0.73621
0.71285
0.75162
0.7925
0.69823
0.72946
0.75858
0.76736
0.72778
0.72778
0.75858
0.8091
0.6792
0.64565
0.77446
0.79983
0.72778
0.75858
0.72277
0.77625
0.7709
0.70958
0.70307
0.75509
0.66527
0.79616
0.72946
0.70632
0.70632
0.70632
0.82414
0.75336
0.78524
1.1402
1.2912
2.4044
1.0715
0.88105
0.92045
0.97051
1.205
1.2735
1.3243
1.4689
0.74131
0.75162
0.68707
0.76913
0.69823
1.3366
1.122
0.8147
0.77804
1.1429
0.72611
0.99312
0.79616
0.81096
0.81283
0.9247
0.80538
0.79433
0.84528
0.9977
0.7656
0.94624
0.73114
0.79983
0.74302
0.78343
1.0641
1.4223
1.4388
2.1727
0.90991
0.74302
0.73451
0.74989
0.78886
0.77625
0.79983
0.79433
0.82224
0.83368
0.8147
0.79068
0.85901
0.75683
0.69343
0.75162
0.78343
0.77983
0.76208
0.72778
0.83946
0.73114
0.81283
0.7145
0.66988
0.7925
0.71285
0.72946
0.74645
0.77804
0.69343
0.70307
0.76736
0.68865
0.7145
0.75509
0.74989
0.74131
0.7145
0.71945
0.8147
0.83368
0.70795
2.8184
3.02
1.6144
0.82985
1.0593
0.83176
1.1588
1.0233
1.1066
1.0423
0.97724
1.3964
1.1246
1.9815
1.556
0.69823
0.67143
2.208
2.3442
1.4256
0.78886
0.73451
0.73282
1.2823
3.0903
2.3388
2.0137
1.135
0.99312
0.90365
0.96605
1.2706
0.90991
0.86298
0.92897
1
0.98855
1.5776
0.9977
0.74645
0.70469
0.8147
1.5136
12.023
5.781
2.1281
1.1015
0.70146
1.9907
1.0765
0.96161
0.98855
0.8995
0.87096
0.73961
0.78705
1.4191
1.205
0.97724
0.93111
0.81846
0.88716
0.82985
0.7925
0.78705
1.0715
0.97499
1.4191
1.7458
1.2078
0.75336
0.76033
1.4588
3.6475
1.2706
0.70795
0.97275
0.97499
0.83753
0.82224
1.0116
1.4997
1.6634
0.83753
0.71285
0.75336
0.70146
0.67764
0.78343
0.78886
0.75509
0.72111
0.78163
0.77983
0.83368
0.7379
0.74473
0.6792
0.86896
0.72946
0.72277
0.70307
0.74473
0.69343
0.67298
0.7145
0.74645
0.77804
0.71614
0.77804
0.7379
0.70958
0.75858
0.70469
0.72778
0.75683
0.71779
0.6792
0.73451
0.68391
0.77268
0.66069
0.70307
0.7925
0.72111
0.69502
0.72778
0.72611
0.71945
0.76208
0.71614
0.71285
2.3281
2.1478
0.89743
0.78524
1.1482
1.2303
1.2618
1.1117
1.3709
0.87096
1.1041
1.0914
1.0304
1.0093
3.5563
2.3878
2.8379
2.037
0.71779
0.73282
0.73451
0.66069
0.6792
0.77804
0.72111
1.0617
1.2359
1.1298
0.94189
0.95499
0.80538
0.69183
0.80724
0.71614
0.70795
0.75858
0.78163
1.0351
1.1376
1.5276
0.90365
0.74989
0.79068
0.74302
0.75162
0.76736
0.78343
0.76736
0.72778
0.70632
0.75336
0.7709
0.74473
0.73282
0.79433
0.6792
0.70632
0.77625
0.72444
0.85114
0.80538
0.70632
0.84918
0.83753
0.83176
0.81096
0.84918
0.76033
0.73621
0.71285
0.73961
0.74645
0.72277
0.71779
0.74473
0.8091
0.70795
0.71945
1.0023
1.1066
1.1272
1.0814
2.9854
0.8356
0.87096
0.66222
0.74131
0.7145
0.70795
0.68234
0.69823
0.7656
0.70307
0.73621
0.85704
0.74989
0.69502
0.84528
0.90782
0.73621
0.77625
0.76913
0.8995
0.68077
1.2706
0.6792
0.72778
2.4378
3.7497
0.8892
0.9506
1.0914
1.0544
0.9506
1.0447
1.1041
1.2972
0.7656
0.81846
1.1015
0.89125
1.2106
0.8356
0.81096
0.877
1.2106
1.122
1.0351
0.87902
1.099
1.8408
1.074
1.1912
1.1885
1.6711
1.8493
1.39
0.99083
1.7418
0.76384
0.71614
0.76736
0.72778
0.74473
0.72946
0.70146
0.67764
0.69984
0.74302
0.71614
0.64714
0.71779
0.77446
0.83946
0.8531
0.69502
0.82035
0.73621
0.70632
0.69502
0.85704
0.76208
0.82794
0.7656
0.77625
0.78705
0.77268
0.66681
0.69823
0.71614
0.7709
0.71121
0.79616
0.80168
0.79433
1.1641
0.70958
0.76913
0.74645
0.77268
0.76384
0.68077
0.86298
0.70307
1.4355
0.97724
0.7925
0.79799
0.84333
0.86896
0.97051
1.1803
0.83753
0.81846
0.77625
0.74473
0.72444
0.67453
0.77625
0.76033
0.74645
0.66681
0.65766
1.7865
0.8995
1.3772
1.0233
1.0093
1.2972
1.4125
1.0233
1.205
1.0789
2.1677
1.183
0.89743
0.9977
1.5524
1.2531
0.68391
0.73621
0.67143
0.79616
0.72778
0.69984
0.69984
0.68391
0.66374
0.78163
0.72946
0.66374
0.72611
0.74131
0.77804
0.70958
0.8091
0.72111
0.75336
0.67608
0.69024
0.67143
0.82224
0.68865
0.73621
0.73621
0.8414
0.70632
0.74989
0.82224
0.76736
0.92045
0.71779
0.72778
0.80168
0.78886
0.77446
0.75683
0.74989
0.72444
0.75509
0.74473
0.77804
0.75162
0.71285
1.0233
0.70632
0.71285
0.69984
0.79983
0.91622
0.75509
0.74817
0.68234
0.78524
0.8995
0.88308
0.70958
0.76033
0.78524
0.72778
0.75162
0.66834
0.66527
0.76208
0.70469
0.70958
0.80538
2.355
1.5066
0.93756
0.78343
0.87902
0.70469
0.84333
0.73621
0.71285
0.77446
1.135
1.9099
2.5119
2.7542
3.3963
1.7579
1.7338
0.66527
0.68865
0.64863
0.66834
0.69823
0.71945
0.74131
0.85114
1.6181
0.93111
0.72444
0.72444
0.72444
2.9923
5.9293
2.1979
0.71285
1.8239
1.4723
1.122
1.0186
2.1135
1.183
1.2735
0.81846
1.3428
0.82794
0.95499
1.6596
1.0046
0.98855
1.0304
1.6943
2.4604
1.6788
1.0839
0.8147
0.72611
0.82604
0.87297
0.79068
1.5776
1.8967
