11.35
9.4406
1.1588
0.93325
0.81658
0.74645
0.97724
0.76384
1.5524
0.94842
0.95499
0.8147
0.78886
1.1967
1.888
1.2647
8.3368
1.2589
13.868
16.144
14.894
6.7764
16.788
9.247
8.7498
3.0549
1.1614
0.91622
0.92045
0.95719
3.9537
12.794
7.6208
0.75858
0.99541
0.73621
0.82035
0.8531
0.7379
0.75162
0.76384
1.1092
0.86696
0.83368
1.0789
0.77625
0.83753
0.72111
1.2531
0.78886
3.9174
4.8753
1.1588
0.96605
1.0471
0.87297
0.89536
0.88308
0.82604
5.105
4.5604
0.98401
0.74817
0.77804
0.79799
6.2087
13.122
8.5901
6.7143
1.1668
0.79068
0.76033
0.88716
0.80538
1.1858
6.2661
13.366
8.4333
0.91411
1.0814
0.96161
0.95719
4.0179
11.749
0.75683
1.122
0.97051
1.5346
12.359
4.9204
1.0789
2.1281
10.641
1.6558
0.98628
2.0045
0.9247
0.9247
2.2961
1.1641
0.99083
0.79616
0.76736
0.81096
0.88512
0.97949
10.069
0.75336
0.71945
1.3521
0.79068
0.7925
0.75509
0.7145
0.77804
2.7416
0.74645
11.092
7.1945
0.77446
0.97275
1.183
0.79433
0.79068
1.5922
0.77625
0.89743
0.79616
0.70632
0.69823
0.74302
1.2677
9.2897
1.1402
1.0257
0.82224
0.87902
1.2531
0.89743
2.0137
0.88716
0.77446
0.83946
1.4191
0.80168
0.83176
0.91411
0.79799
0.74131
0.78705
0.77268
5.5335
27.669
13.274
20.324
6.3533
15.346
15.959
8.8105
7.2946
1.8535
1.256
11.455
12.331
6.8865
6.8707
2.4044
1.1668
0.82035
0.96605
7.3282
9.1833
1.0715
0.96605
1.183
1.1324
1.0544
1.1885
0.95719
1.1041
1.052
1.0495
1.1482
1.1561
11.429
1.0046
1.3583
11.858
6.4714
13.092
4.4771
1.374
0.94406
0.74817
0.90157
0.77983
0.77446
0.96828
0.78524
0.74817
0.82224
0.96161
0.84528
0.78886
0.74302
0.79799
1.6749
0.83753
4.9888
10.965
7.5162
0.97724
2.037
2.4547
3.7411
13.459
6.5313
10.544
1.5524
2.3067
0.9528
0.91411
1.0209
0.98628
0.86497
1.2618
1.1641
1.1066
1.2531
1.1588
0.90573
2.0941
1.2218
0.97499
1.1803
2.3014
1.0116
0.92257
1.0471
0.81283
1.0839
0.99083
1.2106
5.9704
0.96383
0.99541
0.98401
0.93111
1.4223
1.1912
3.5318
2.138
1.0023
0.93325
0.877
1.2647
1.5031
1.256
1.3152
7.9616
12.764
7.6208
12.56
11.376
0.74473
1.0666
0.87096
0.80168
1.2589
0.77983
0.81846
8.1846
17.62
6.4714
11.272
11.803
15.488
1.2023
2.1979
0.78524
0.78343
1.7219
0.7709
0.70307
1.4355
0.77625
0.9977
0.7709
0.84918
0.80538
0.8995
2.904
1.5704
0.76736
0.84528
0.76913
0.97051
0.78343
0.77804
0.80168
1.2853
0.96161
0.82604
0.84528
0.84918
0.81846
0.82224
1.6827
1.1041
0.96828
1.5596
0.88716
1.0162
1.1668
5.7412
11.482
9.4842
10.399
2.3014
1.4028
8.6896
14.997
9.9083
9.0365
11.376
5.5976
0.74645
0.89125
0.7379
0.78524
6.6374
15.276
2.4889
12.19
9.7949
3.342
1.122
3.6644
1.8197
9.2683
2.6002
5.7544
7.2946
11.117
7.1779
10.162
1.1535
3.8107
1.1092
1.1668
1.2853
1.4488
1.094
1.256
1.0889
1.3092
1.6331
1.0423
1.0447
1.0046
1.1535
4.7973
11.429
8.2794
12.677
11.588
4.2954
2.2909
3.8994
7.1121
8.2414
1.099
0.92045
1.8281
6.4565
0.89125
0.8147
0.7709
0.92897
0.78705
0.92257
0.86696
0.8091
0.7379
0.79616
0.9594
0.9247
1.2162
0.99312
0.95719
0.8147
1.3397
1.0304
0.8091
0.86696
0.81658
1.7338
2.355
1.0447
1.3183
1.0186
1.1272
1.0789
8.7498
20.23
1.0471
0.98175
2.5351
1.9724
8.1283
11.668
10.209
3.581
6.4417
8.1846
0.96828
1.6218
0.83753
0.85114
1
1.3092
5.9156
1.0889
1.0814
1.2303
6.8865
14.289
14.06
10.914
6.3826
0.89125
4.4259
0.77446
0.92683
1.0375
0.8531
0.79799
1.1722
0.75683
0.91411
0.8147
0.82985
0.86298
1.3092
0.84333
3.0269
1.4997
1.2274
1.39
1.2359
0.90991
1.122
1.5776
1.0666
0.95499
0.74302
0.80538
0.83368
8.6896
10.52
7.6033
16.069
12.05
18.493
14.859
0.9247
1.1482
0.95719
1.1402
0.84918
0.85507
0.88512
0.8147
0.86696
0.79983
0.86696
0.78343
0.73282
0.77983
0.83946
0.93541
0.75858
0.7925
0.72277
0.74302
0.78886
0.73451
0.77268
0.76384
0.77446
0.76384
0.89125
0.69343
0.80168
0.75509
0.85114
0.76384
0.71779
0.77268
1.3152
0.77625
0.80538
1.4388
0.77983
0.8995
0.80538
0.82224
4.0179
1.0889
0.8531
0.92045
0.80168
1.0257
1.1885
1.5171
1.028
0.94189
0.77625
11.803
9.6828
13.677
7.6033
8.1846
12.359
5.3703
0.68234
0.87297
0.9247
1.1429
5.5976
7.9068
1.3032
1.256
1.1535
0.85507
1.3213
14.588
7.4645
8.8308
15.171
14.555
3.342
0.7925
0.78886
0.77446
4.9888
3.7584
1.0304
0.97051
0.73114
0.88105
1.6032
0.80353
7.8705
10.209
7.9068
7.4473
6.9024
1.205
8.2224
9.6161
11.776
12.823
6.3241
4.3954
13.614
9.9083
13.646
14.355
8.4333
0.78163
0.7656
0.80724
1.1376
1.1508
0.72277
0.74473
0.81846
0.79433
0.74131
0.81096
0.71285
0.75336
1.2853
0.76736
0.69823
0.74817
0.73451
0.76736
0.79616
0.80353
0.79433
0.74302
0.79616
0.90782
0.76033
0.86896
4.9431
1.574
1.2246
2.1777
1.074
0.7656
2.6242
1.1776
1.0568
1.2882
1.0568
1.3996
1.2106
1.2794
1.3804
1.3709
1.1194
11.995
12.706
9.6161
1.7865
5.7544
10.914
7.4817
11.066
10.593
6.8707
1.8323
2.5177
1.0666
6.792
15.136
2.3768
1.099
0.70469
1.2677
0.7925
0.77804
6.0534
3.9264
0.83753
1.3614
1.1117
1.2078
0.79616
0.87498
0.79983
1.7539
0.90991
3.1189
0.97275
1.205
1.4928
1.205
0.97051
1.3614
0.99541
1.2531
0.86298
0.93111
0.89331
0.86497
1.8621
0.74989
0.7709
6.8865
11.668
9.9312
0.74131
0.76736
0.97051
1.6255
3.9174
15.524
14.289
10.52
15.417
13.397
16.106
9.0365
9.6605
12.19
11.803
10.28
1.6788
2.0464
5.5081
8.5114
12.331
10.617
0.76913
10.447
10.447
3.6392
0.78343
7.7804
2.7227
1.2794
0.74473
0.86298
0.77268
0.89743
1.1376
0.79068
0.94189
1.3183
1.2162
0.75858
0.77804
0.74817
0.72611
0.71945
0.7656
0.77268
0.72778
0.85901
0.78524
0.72778
0.71285
0.73961
0.7656
0.75162
1.1776
0.80724
0.74302
0.83368
0.75162
0.73282
0.72946
0.72946
0.74302
0.69823
0.74645
0.76033
0.71121
0.73451
0.96605
1.0814
1.3397
0.79983
1.0691
0.92897
1.0069
1.0069
1.1272
0.97724
0.84333
1.652
1.875
0.76913
9.8628
15.668
17.022
12.023
9.7051
12.853
14.894
12.106
11.94
4.3954
2.421
14.928
10.914
2.2542
0.73282
1.0544
0.80538
0.96828
2.704
0.95719
14.894
9.8175
13.677
10.691
11.749
10.28
10.666
16.634
1.9275
5.7016
4.4259
0.80168
0.75336
1.6749
0.99312
0.75162
0.76913
0.77804
0.79616
0.78163
0.71945
0.74645
0.78705
0.81658
0.94406
1.0715
1.0139
0.86099
0.87297
0.97724
2.3659
4.0832
11.94
10.914
5.6234
0.7379
1.9055
0.86298
2.6122
10.94
12.589
10.94
10.304
12.677
12.078
8.1096
14.093
6.2806
5.2481
12.106
11.169
5.781
9.7724
12.134
6.5163
0.98855
1.5704
2.1478
9.4842
8.995
10.375
14.723
10.423
7.6384
16.711
7.5336
9.247
1.3335
0.90365
0.86497
0.78163
0.75858
0.82604
0.77804
0.79616
0.77625
0.877
0.80353
1.8493
0.77446
0.77625
4.6238
12.331
7.6033
0.93541
2.4831
5.0699
1.7701
0.96161
0.9977
1.1776
0.85901
0.78163
0.70795
0.8356
0.88716
1.3459
0.7709
2.0701
1.0471
1.5101
1.0304
0.71121
0.76208
0.93972
1.0864
0.95499
1.6866
0.80724
0.71285
0.77268
0.69823
0.71285
0.71945
0.86896
0.7656
0.78524
0.86497
0.72778
0.78343
0.8147
0.72444
0.8091
0.74645
0.70795
0.68077
0.75683
0.77983
0.76384
0.70307
0.76736
0.75858
0.74473
0.74473
0.69183
0.79433
0.74302
0.72778
0.78886
0.72111
0.70632
0.73114
0.72611
0.70795
0.72444
0.76913
0.73451
0.80538
0.82414
0.76384
0.73961
0.77804
0.76033
0.74645
0.72277
0.6792
0.79433
0.70469
0.80724
0.74989
0.74131
0.75858
0.76033
0.74989
0.76384
0.72946
0.68391
0.72946
0.76913
0.72611
0.6792
0.74131
0.877
0.71614
0.76913
0.76033
0.74302
0.73961
0.7709
0.77625
0.80724
0.80724
0.84918
0.79799
0.73621
0.80538
0.71614
0.73621
0.82414
0.89743
0.68391
0.95499
0.77268
0.71945
0.79799
0.8091
0.81658
1.1967
0.74817
0.80724
0.71285
1.0069
5.1286
0.97275
0.82985
1.3122
1.3677
0.98401
0.79433
0.79616
1.5346
0.93541
1.3552
0.80168
0.7925
0.73621
0.71779
0.74817
0.74473
0.73961
0.71121
0.74473
0.80353
0.80538
0.79983
0.77983
0.73451
0.81283
0.75683
0.7379
0.69663
0.7656
0.7925
0.74131
0.77625
0.72611
0.75683
0.76736
0.69984
0.73961
0.80538
0.74989
0.74989
0.78886
0.8356
0.69984
0.77983
0.72444
0.74473
0.71945
0.70146
0.80724
0.70146
0.75162
0.76384
0.7145
0.79433
0.77446
0.69984
0.76736
0.72444
0.7379
0.73282
0.82794
0.79799
0.75858
0.84333
0.88512
0.77625
0.73621
0.73961
0.85507
0.71285
0.7709
0.77268
0.72611
0.77804
0.76736
0.72111
0.8414
0.73621
0.82035
0.69502
0.73114
0.74817
0.71614
0.72444
0.81096
0.78524
0.7925
0.77268
0.77983
0.8414
0.77446
0.74473
0.72111
0.8147
0.8091
0.74131
0.87297
1.0593
0.87096
0.70795
0.81658
0.81283
0.76208
0.77625
0.88308
0.84918
1.1561
0.97499
0.98401
1.2589
1.2246
1.1885
0.91833
0.90991
1.0641
0.99312
1.6331
0.8356
0.78705
0.80353
0.88512
0.73114
0.80168
0.89331
1.6368
0.76208
0.71779
0.77983
0.69984
0.69823
0.7925
0.74131
0.78524
0.73114
0.81846
0.80168
0.74989
0.73282
0.74473
0.73961
0.76208
0.74817
0.74989
0.72277
0.75509
0.72778
0.74473
0.75858
0.83176
0.76384
0.73961
0.78163
0.74645
0.74645
0.7379
0.8147
0.73114
0.72277
0.72444
0.77804
0.73961
0.84333
0.74645
0.74473
0.74989
0.75509
0.8147
0.75162
0.73621
0.74817
0.73621
0.71945
0.79983
0.74989
0.82035
0.73961
0.69343
0.72111
0.81096
0.75162
0.8531
0.73114
0.78886
0.79799
0.78524
0.74131
0.75336
0.75683
0.80538
0.79983
0.75162
0.80168
0.8531
0.81658
0.75858
0.78886
0.77983
0.73961
0.74817
0.7656
0.68077
0.73114
0.73451
0.8091
0.79433
0.77804
0.76033
0.89536
0.76033
0.78524
0.74473
0.84723
0.78524
0.82414
0.78886
0.72111
0.8995
0.77446
0.81283
0.76913
0.73621
0.80168
0.76208
0.72444
0.72611
0.79983
0.75162
0.73114
0.75683
1.1117
0.92897
0.70958
1.1169
0.84918
0.68707
0.76384
0.76208
0.76736
0.72277
0.7379
0.80168
0.78886
0.78163
0.89331
0.72946
0.78886
0.69343
0.69024
0.65615
0.73961
0.70795
0.73282
0.82224
0.74473
0.75683
0.6792
0.7145
0.71285
0.82224
0.71614
0.71614
0.73451
0.69984
0.77268
0.73451
0.71285
0.74473
0.71121
0.69663
0.69183
0.74302
0.72111
0.72611
0.7709
0.67453
0.67143
0.70307
0.77804
0.77983
0.72946
0.72277
0.77268
0.74817
0.72611
0.71121
0.71121
0.8091
0.87096
1.0351
0.96161
0.90991
1.8836
0.98628
0.90365
1.0399
0.90991
1.0691
0.7925
1.4588
0.72778
0.70146
0.83368
0.80724
0.81846
0.8356
1.0209
0.8531
0.79068
0.7925
0.74817
0.74473
0.77446
0.72444
0.81846
0.75509
0.75858
0.71121
0.75683
0.75509
0.73621
0.72111
0.70146
0.72778
0.71779
0.79799
0.75509
0.7379
0.75509
0.71945
0.79799
0.7145
0.79616
0.68549
0.77983
0.81658
0.70146
0.76736
3.5727
2.3442
0.88308
1.4322
1.3243
0.7656
0.74817
0.72444
0.74302
0.74302
0.74302
0.74302
0.79983
0.81658
0.72611
0.74645
0.69183
0.71285
0.70469
0.77446
0.76208
0.8091
0.69024
0.72277
0.70795
0.71121
0.67608
0.74131
0.7925
0.69343
0.68077
0.72611
0.70307
0.71614
0.68707
0.71285
0.66834
0.66988
0.80353
0.72444
0.77804
0.72946
0.83753
0.75683
0.69823
0.68234
0.69024
0.70632
0.76033
0.71285
0.72611
0.73621
0.66834
0.72946
0.73282
0.71121
0.78163
0.75509
0.69663
0.77804
0.73114
0.67608
0.7656
0.69823
0.70146
0.76736
1.4757
0.78705
0.73621
0.7709
0.93756
0.72611
0.7709
0.73621
0.81283
0.72946
0.76913
0.78163
0.69502
0.77983
0.71285
0.75162
0.91622
0.76208
0.75683
0.95499
2.2182
0.80538
0.78524
0.77625
0.76384
0.76208
0.67608
0.70469
0.71285
0.69502
0.78343
0.65917
0.73451
0.66069
0.70469
0.75858
0.71614
0.68865
0.75858
0.70146
0.72277
0.71285
0.72778
0.72111
0.66988
0.69502
0.74989
0.72277
0.9977
0.72611
0.70146
0.7145
0.73282
0.78886
0.7379
0.75162
0.72778
0.74989
0.69663
0.72111
0.71945
0.73961
0.71121
0.7145
0.68077
0.68865
0.75336
0.72946
0.75509
0.76208
0.72778
0.9594
0.71285
0.75858
0.71285
0.68865
0.76913
0.73961
0.70958
0.72946
0.78163
0.73282
0.71614
0.71614
0.76736
0.67608
0.70307
0.72778
0.72946
0.70795
0.69984
0.70632
0.72946
0.74473
0.79799
0.70469
0.73114
0.71285
0.73451
0.72277
0.7656
0.70795
0.87297
0.77983
0.69343
0.7656
0.74817
0.73282
0.7925
0.75858
0.72444
0.68707
0.70469
0.72946
0.7925
0.70307
0.68077
0.77983
0.72611
0.72611
0.7925
0.80538
0.71779
0.7656
0.82604
0.74131
0.7709
0.73282
0.78886
0.8414
0.94624
0.98628
1.4355
1.3996
1.2735
0.76736
0.82604
1.1429
1.4158
2.0701
1.3335
1.1858
1.0765
1.4521
0.72277
0.70795
0.82794
0.94624
0.77804
0.74645
0.82035
0.73282
0.77983
0.86896
1.0544
0.78705
1.0914
0.72946
0.98628
0.93111
0.72444
1.5382
0.84918
0.76208
0.70307
0.71285
0.72946
0.71945
0.79799
0.7379
0.69502
0.75683
0.73282
0.70795
0.7145
0.8147
1.3092
0.82224
0.8147
0.95719
0.86099
0.78163
1.2417
1.4894
0.90782
0.94189
0.70958
0.74645
1.1169
0.7145
0.65917
0.70795
0.73621
0.74989
0.81658
0.69502
0.77804
0.84918
0.74645
0.78524
0.69343
0.72111
0.7145
0.69984
0.70795
0.72611
0.70469
0.76033
0.69024
0.71614
0.71121
0.75336
0.68865
0.74131
0.71779
0.69183
0.71614
0.79068
0.73621
0.70307
0.66988
0.75858
0.74989
0.72277
0.69823
0.76033
0.68865
0.72277
0.68707
0.76913
0.75509
0.71285
0.68707
0.68865
0.68549
0.70469
0.72946
0.8356
0.73451
0.75858
0.74131
0.72778
0.72946
0.69663
0.69984
0.67608
0.68707
0.70146
0.72778
0.67764
0.71121
0.6792
0.76913
0.71285
0.70146
0.68549
0.82604
0.72946
0.72611
0.73114
0.74817
0.75162
0.73621
0.76033
0.74473
0.76208
0.73451
0.71779
0.68549
0.75162
0.69663
0.68865
0.7379
0.75858
0.71121
0.71285
0.69663
0.76208
0.7145
0.74131
0.74473
0.81096
0.69823
0.72277
0.69502
0.73114
0.71285
0.69984
0.75683
0.70795
0.68865
0.68707
0.72111
0.72611
0.72444
0.71779
0.76736
0.69823
0.71614
0.69183
0.75162
0.70146
0.70307
0.76384
0.76384
0.74302
0.89125
0.79068
0.70795
0.72277
0.72277
0.73451
0.7656
0.71614
0.68865
0.73961
0.70307
0.7379
0.81658
0.77625
0.73621
0.75162
0.70795
0.79433
0.75162
0.69502
0.72111
0.83753
0.73282
0.74131
0.74645
0.74131
0.69984
0.70958
0.73114
0.69984
0.68234
0.68549
0.71614
0.70795
0.72277
0.77268
0.71121
0.70795
0.8147
0.69823
0.72778
0.85901
0.69984
0.75683
0.72111
0.71945
0.75162
0.76033
0.75162
0.69984
0.69823
0.72444
0.73621
0.69984
0.77983
0.70307
0.74989
0.73282
0.69823
0.71945
0.78343
0.68234
0.73621
0.72277
0.79799
0.7145
0.68391
0.68549
0.69663
0.68234
0.69343
0.74645
0.71121
0.68707
0.75509
0.76384
0.71945
0.8892
0.69502
0.71779
0.70632
0.73961
0.74473
0.73114
0.72946
0.74817
0.80353
0.8091
0.76208
0.69502
0.7145
0.71614
0.72111
0.77625
0.8356
0.68865
0.73621
0.66069
0.74989
0.86896
1.5101
0.89536
1.2445
0.91201
0.72946
1.3274
0.76384
1.7298
1.0495
1.1722
1.1041
1.6406
1.3459
0.87498
1.028
0.75336
0.74645
1.6032
1.7498
1.0914
0.84528
0.76913
0.76384
0.85114
0.81658
0.81283
0.87297
0.86099
1.5885
1.0023
0.71285
0.75509
0.74302
0.77446
0.79616
0.76033
0.72444
0.73114
0.77983
0.90157
0.85507
0.77804
0.76384
0.75509
0.80724
0.78163
0.77804
0.76913
0.83946
0.73282
0.76913
0.83368
0.78343
0.75162
0.72946
0.75509
0.71614
0.76913
0.7925
0.76033
0.73961
0.79799
0.70307
0.73621
0.67298
0.74817
0.69984
0.79068
0.75162
0.77268
0.77804
0.83753
0.83753
0.74302
0.91622
1.0304
0.82604
0.72444
0.80538
0.75683
0.86696
0.81846
0.80353
1.3397
1.2078
1.2445
1.028
1.1066
1.3614
1.3032
0.8356
0.87902
0.97499
1.4256
0.77983
2.2542
1.9275
0.91201
0.81283
0.87498
0.92045
1
0.77625
0.82414
0.80538
0.74989
0.89125
0.79983
0.83368
0.77268
0.78886
0.85901
0.76736
0.77446
0.79616
0.80353
0.76736
0.7709
0.7656
0.74131
0.77983
0.75683
0.97949
0.78886
0.72111
0.7379
0.74473
0.75336
0.77983
0.86099
0.81283
1.2531
0.76033
0.74131
0.77625
0.74645
0.74817
0.70307
0.74645
0.78705
0.73451
0.78705
0.86696
0.76736
0.73114
0.80724
0.71285
0.78524
0.72277
0.82985
0.72444
0.74131
0.69663
0.75162
0.98628
0.87498
0.81283
0.9594
1.8621
1.1272
1.3836
1.2589
1.1668
1.0568
2.0893
0.82224
0.70146
0.86696
0.74817
0.71779
0.74473
1.0046
0.98628
0.96383
0.77983
1.0471
0.95719
0.90157
0.73961
1.9498
0.89331
0.76736
1.1376
0.77446
0.77804
0.76736
0.84528
0.8892
1.1722
0.8147
0.74645
0.73114
0.79433
0.74645
0.73621
0.67298
0.68865
0.70958
0.69343
0.73114
0.70795
0.73451
0.71121
0.71779
0.74645
0.69024
0.71779
0.72111
0.70795
0.75162
0.70632
0.80353
0.68549
0.78163
0.69343
0.78705
0.72277
0.69502
0.71121
0.69343
0.76384
0.70958
0.71285
0.77983
0.71779
0.70632
0.72277
0.70958
0.75858
0.75162
0.70307
0.73282
0.74989
0.70146
0.73282
0.85704
0.73961
0.71614
0.72111
0.74302
0.71121
0.69663
0.70307
0.69984
0.68707
0.78163
0.7379
0.71945
0.75336
0.74645
0.68707
0.7379
0.69663
0.72444
0.70469
0.70307
0.67453
0.73961
0.69024
0.71779
0.67453
0.73621
0.74473
0.72277
0.75509
0.72277
0.76208
0.74645
0.6792
0.69984
0.66834
0.75162
0.66374
0.70146
1.0889
0.76033
0.75858
0.73621
0.84723
0.72444
0.74989
0.83368
0.96383
0.73451
0.69024
0.70958
0.79799
0.68234
0.77625
0.69024
0.75858
0.7709
0.87297
0.8531
0.70958
0.76033
0.68077
0.96161
0.69024
0.72611
0.72444
0.69984
0.72277
0.69663
0.76736
0.73621
0.82224
0.80724
0.74989
0.7656
0.74989
0.73114
0.75683
0.80168
0.8091
0.72277
0.79068
0.80353
0.77804
0.74473
0.73282
0.72111
0.84333
0.75858
0.73451
0.78343
0.74989
0.77446
0.73621
0.82035
0.79799
0.78705
0.72778
0.72277
0.72111
0.73114
0.78524
1.0839
0.71614
0.69984
0.69663
0.73451
0.76384
0.75683
0.74473
0.76033
0.71121
0.76033
0.6792
0.70469
0.76033
0.70795
0.75858
0.70469
0.73114
0.70632
0.72277
0.74131
0.71285
0.82985
0.7925
0.93541
1.2618
0.74473
1.3964
1.3868
0.73451
0.70469
0.72444
0.77446
0.80353
0.71945
0.69024
0.72611
0.7145
0.7379
0.76208
0.72611
0.75509
0.81283
0.86497
0.72778
0.78163
0.74131
0.70795
0.69343
1.0328
0.74473
0.75336
0.74817
0.78705
0.75162
0.71285
0.78705
0.78163
0.95499
0.75858
0.73451
0.92683
1.3932
0.73621
0.91411
0.82414
1.183
1.0666
0.91622
0.83368
0.87096
0.7145
0.84528
0.74817
1.0139
0.82794
0.74473
1.3032
1.0715
1.2735
0.83753
0.93325
0.84918
0.7709
0.73282
0.70146
0.76384
0.74473
0.75336
0.77268
0.77625
0.83946
0.73451
0.72611
0.67764
0.71285
0.72778
0.71779
0.69183
0.79983
0.80724
0.98855
0.72111
0.75336
0.68865
0.75162
0.74302
0.70146
0.71779
0.8531
0.69663
0.72111
0.72277
0.74817
0.72611
0.71285
0.86497
0.66222
0.70146
0.69343
0.6792
0.68865
0.72111
0.7145
0.65615
0.82794
0.73282
0.72111
0.71121
0.98855
0.69024
0.72111
0.8091
0.73621
0.91201
0.71779
0.66681
0.71614
0.74817
0.72778
0.71614
0.78163
0.70795
0.74645
0.74302
0.70958
0.73961
0.84528
0.71285
0.78343
0.75683
0.76736
0.73621
0.68707
0.71614
0.75509
0.70632
0.67143
0.70469
0.78705
0.69823
0.77446
0.73621
0.82414
0.73961
0.71614
0.69343
0.7925
0.72444
0.76913
0.73282
0.74473
0.75683
0.72946
0.72111
0.74131
0.69183
0.70469
0.73961
0.75683
0.73961
0.6792
0.71779
0.77446
0.94189
0.76913
0.85901
0.75858
0.73451
0.75336
0.89536
0.73961
0.75509
0.8147
0.8147
0.71779
1.4289
2.2387
0.75683
1.5704
0.74302
0.74302
0.66069
0.66988
0.74302
0.68865
0.71779
0.72111
0.71285
0.80724
0.73451
0.77983
0.79616
0.74989
0.71285
0.76033
0.79799
0.73282
0.69823
0.77625
0.82985
0.70958
0.76736
0.81096
0.74473
0.72277
0.76208
0.75336
0.74302
0.72111
0.73282
0.73451
0.73621
0.73282
0.71614
0.72111
0.7656
0.83753
0.84918
0.74302
0.67764
0.70632
0.70469
0.72111
0.73282
0.70795
0.69183
0.67298
0.73961
0.8356
0.7145
0.68234
0.75336
0.78343
0.7145
0.79983
0.72778
0.82035
0.82985
0.76736
1.4093
2.2336
1.2647
1.6827
1.0544
1.6943
1.6943
1.1402
0.69823
0.72444
0.7709
0.71945
0.72611
0.77804
0.78163
0.7379
0.71614
0.69502
0.74989
0.73114
0.70632
0.71779
0.76033
0.70632
0.84723
0.71614
0.80724
0.73282
0.70795
0.69502
1.0375
0.72277
0.69823
0.7145
0.67453
0.67764
0.67298
0.69984
0.79799
0.73114
1.1194
0.9247
0.87498
0.85507
0.79983
0.89743
1.1246
1.0162
1.2274
0.98855
1.0093
0.73961
0.72946
0.77804
0.87498
0.80168
1.0093
0.8091
0.73961
0.69343
0.81846
0.73282
0.74473
0.69663
0.77983
0.73114
0.72444
0.65313
0.6792
0.68234
0.74817
0.72111
0.75509
0.69984
0.70146
0.72111
0.72111
0.77446
0.97275
0.80538
0.73621
0.67298
0.98628
0.75336
0.78343
0.73961
0.69663
0.80168
0.89125
0.76736
0.71779
0.74131
0.72111
0.76913
0.81658
0.7379
1.3183
0.8531
0.71614
0.73961
0.72277
0.74989
1.2106
1.3964
0.7379
0.69343
0.75162
1.0965
1.9679
1.5776
0.66988
0.73114
0.76736
0.75509
0.69984
0.72946
0.72611
0.71121
0.95499
0.72444
0.71121
0.72946
0.82035
0.74645
0.72778
0.69183
0.73621
0.7656
0.7145
0.78886
0.71945
0.76913
0.877
1.028
0.72444
1.0351
1.0423
0.69663
0.70146
0.68707
0.7145
0.72611
0.72611
1.6218
0.68865
1.1066
1.8967
6.0395
0.97275
0.8091
0.81283
0.82224
0.72277
1.0257
2.2699
0.78163
0.78163
0.76384
0.66681
0.76913
0.73621
0.92257
0.74817
0.72111
0.71945
0.75858
0.80353
0.79616
0.71285
0.78524
0.72778
0.69502
0.69984
0.72778
0.70632
0.80353
0.70795
0.8356
0.69663
0.78343
0.73451
0.69984
0.78524
0.76913
0.75336
0.74817
0.70307
0.74645
0.75509
0.76736
0.75336
0.7379
0.76033
0.76033
0.67608
0.85507
0.81283
0.73451
0.76208
0.69502
0.67143
0.93972
0.81846
0.7379
0.7145
0.74645
0.74645
0.7709
0.77268
0.82604
0.80353
0.70469
0.74989
0.74302
0.78705
0.7656
0.73621
0.80168
0.7379
0.75162
0.72611
0.76208
0.7379
0.70146
0.71945
0.78705
0.8147
0.72444
0.67453
0.69502
1.256
0.8147
0.88512
1.0495
1.2359
1.1066
1.4521
0.69502
0.81096
0.82414
0.77983
0.88105
0.85507
0.77625
0.83176
0.77446
0.79433
0.76208
0.82985
0.76913
0.77983
0.76384
0.7656
0.74645
1.1641
0.92257
0.73961
0.97051
0.8147
0.79983
0.76384
1.0116
2.0464
0.71121
0.74817
0.84918
0.82035
0.87297
0.77268
0.81846
0.76384
0.7379
0.78886
1.219
1.6106
0.76033
0.8147
0.93756
1.0617
1.0116
0.96161
1.0914
0.98855
1.4622
1.2677
1.3772
0.85901
0.76736
0.7709
0.81658
0.93756
0.77804
0.8995
0.83946
0.7656
0.72778
0.8147
0.73282
0.72778
0.78705
0.7656
0.72946
0.7379
0.74645
0.80353
0.7656
0.68865
0.80353
0.75858
0.81096
0.77804
0.7709
0.76384
0.77983
0.7925
0.78524
0.76736
0.81658
0.77446
0.78163
0.7709
0.79983
0.71779
0.8356
0.72444
0.78705
0.72111
0.72778
0.70146
0.79433
0.71779
0.73451
0.74645
0.74302
0.73451
0.79983
0.68865
0.77983
0.75683
0.76384
0.72611
0.76384
0.86696
0.81846
0.74989
0.75162
0.75162
0.75509
0.7379
0.73961
0.74131
0.74645
0.80168
0.75162
0.73282
0.74645
0.75683
0.76736
0.73282
0.70958
0.75858
0.74131
0.74473
0.74302
0.64269
0.73282
0.8091
0.71285
0.77804
0.78886
0.70632
0.69823
0.80353
0.77983
0.73451
0.71945
0.80353
0.73451
0.84723
0.72946
0.72111
0.69663
0.81658
0.86896
0.73451
0.92257
0.82794
0.78343
0.80168
0.76913
0.81658
0.7656
0.76208
0.78524
0.70795
0.74989
0.7379
0.83176
0.77625
1.052
0.81283
0.77625
0.74473
0.80168
0.77268
0.69502
0.75336
0.79433
0.77625
0.72277
0.91833
0.73282
0.74645
0.70146
0.76384
0.78705
0.69183
0.74131
0.76736
0.82794
0.71614
0.82604
0.68865
0.84528
0.90991
0.79433
0.71779
0.75683
0.67608
0.73621
0.79799
0.72778
0.71945
0.74817
0.79799
0.7145
0.73114
0.72277
0.88512
0.7709
0.88308
0.81658
0.7656
0.72444
0.75162
0.77268
0.84528
0.82224
0.80724
0.86298
0.78705
0.77983
0.91833
0.78343
0.78163
0.73451
0.86298
0.90991
0.8091
0.77446
0.73451
0.78705
0.7379
1.8408
1.0423
0.83753
0.88105
0.73114
0.65917
0.70632
0.70958
0.73621
0.83176
0.67764
0.66988
0.70795
0.66988
0.69502
0.70307
0.66834
0.70146
0.74302
1.205
1.2735
0.73961
0.84333
0.78705
0.78886
0.86896
1.0715
1.0666
1.2134
1.2503
1.3152
0.9247
0.68077
0.73961
0.85114
0.69984
0.76736
0.90157
0.68077
0.70958
0.70958
0.74302
0.72778
0.64417
0.7145
0.71779
0.70146
0.78343
0.68077
0.69343
0.68707
0.65313
0.65766
0.68234
0.70632
0.69502
0.82224
1.3868
0.66988
1.1194
1.0023
0.70307
1.0889
0.79616
0.72778
0.80538
0.73114
0.71285
0.76033
1.8707
1.6255
0.79068
0.88105
0.64863
0.69823
0.70469
0.66681
0.67143
0.69823
0.95499
1.1803
0.71285
0.7925
0.71945
0.67143
0.69183
0.68549
0.67608
0.68707
0.68549
0.68234
0.67764
0.66834
0.65163
0.73282
0.67608
0.66834
0.66069
0.68391
0.77268
0.71779
0.7656
0.70958
0.78343
0.68549
0.75336
0.87297
1.5922
1.1482
0.90573
1.6711
0.73621
0.72444
0.69823
0.70958
0.70469
0.74473
0.68077
0.68549
0.70795
0.67608
1.1803
0.72778
0.69343
0.69024
0.70146
0.72611
0.68234
0.69502
0.69663
1.0162
0.66527
0.67608
0.68707
0.68391
0.66988
0.67453
0.66681
0.70469
0.74645
0.68077
0.72277
0.89536
0.76913
0.70632
0.76384
0.69984
0.76208
0.69024
0.67143
0.70307
0.67764
0.70469
0.69663
0.69823
0.8531
0.71285
0.67608
0.72946
0.70307
1.6827
1.2331
1.1194
1.0617
1.074
1.9861
1.4488
3.4041
4.0087
1.3002
0.85507
1.2589
2.0749
6.5615
1.3996
1.8365
2.3442
5.8884
8.4333
11.272
1.9454
0.86696
3.3884
8.4918
7.3282
10.965
10.162
9.0991
11.482
8.3946
11.885
8.3946
8.1096
16.106
9.8175
4.6345
3.6224
11.561
11.641
14.555
19.011
10.593
9.247
10.186
9.6828
5.4954
1.2106
0.89743
1.028
2.2594
6.0117
1.4825
0.96605
2.1478
0.73282
0.77625
0.99083
0.85114
0.96605
2.4604
0.77625
1.7378
6.3096
0.72946
1.6827
0.70958
0.74817
0.75509
0.93972
0.74131
0.76913
0.73451
0.72277
0.74989
0.82224
0.79433
0.82985
0.74817
0.77446
0.72611
0.7379
0.71945
0.70795
0.7145
0.70307
0.73114
0.78705
0.8356
0.79433
0.81658
0.7379
0.8356
0.71945
0.7379
0.73114
0.72946
0.7709
0.80538
0.76208
0.75683
0.83946
1.5101
0.75683
0.70795
1.2503
1.8923
1.8923
1.4962
1.0304
1.2972
1.0209
3.2584
8.9125
8.5507
11.561
10.471
5.5081
13.062
12.023
10.666
16.032
14.655
13.032
17.947
13.062
15.031
9.0991
8.9743
15.241
8.3753
11.561
6.5917
9.9312
9.1411
10.94
13.183
13.428
12.942
7.3451
9.1201
1.3868
11.402
14.125
8.356
11.967
10.889
9.0365
14.421
11.429
13.836
18.155
7.709
7.5336
2.5003
5.6624
10.814
11.298
5.5208
1.3397
1.8493
0.87902
1.0162
1.406
1.4521
0.96383
1.3964
1.9588
1.6331
1.9143
2.0606
1.205
2.0845
1.0447
1.3122
1.1041
1.7989
1.0593
1.2531
1.3274
1.0568
1.556
1.4791
1.1117
1.0328
0.73114
0.72277
0.72277
0.89125
1.0864
0.72611
0.73451
1.1614
0.69343
0.74817
0.8531
0.67298
0.72611
0.78163
0.74131
0.74645
0.86298
0.78886
0.79616
0.75509
0.82224
1.0423
0.77625
0.7656
0.7379
0.74473
0.74473
0.7709
0.78524
0.76033
0.71779
0.67143
0.71285
0.70469
0.70632
0.72444
0.76736
0.70958
0.72778
0.66988
0.80168
0.79616
0.75683
0.72611
0.7145
0.70958
0.78705
0.74473
0.72778
0.76208
0.81283
0.69024
0.73621
0.74473
0.73451
0.76913
0.75336
0.72444
0.73961
0.77446
0.71945
0.76384
0.77983
0.75336
0.79799
0.76384
0.79799
0.7925
0.73451
0.77625
0.75683
0.7925
0.82224
0.69502
0.74645
0.7145
0.74817
0.74989
0.75509
0.76736
0.78524
0.7656
0.73961
0.70958
0.76033
0.70146
0.82224
0.82224
0.85704
0.79799
0.76384
0.70469
0.76736
0.72946
0.72778
0.76736
0.79433
0.76033
0.82985
0.72778
0.75162
0.74645
0.73282
0.71945
0.72111
0.74645
0.76208
0.76384
0.79068
0.72111
0.68865
0.7709
0.72111
0.75683
0.82414
0.71779
0.69343
0.71945
0.69024
0.71614
0.72277
0.69663
1.7378
1.556
0.86896
1.1588
1.3397
0.8414
0.88105
1.0495
1.1885
1.1324
1.3152
1.4757
1.1402
0.93541
0.75683
0.74131
1.4191
0.78163
0.77625
0.82414
0.8414
0.79983
0.77804
0.72277
0.73451
0.81846
0.79799
1.5205
0.74131
0.85114
0.73621
0.75858
0.75509
0.80538
0.76736
0.85507
0.77446
0.77625
0.73621
0.82035
0.76384
1.9679
5.2602
3.9174
12.677
9.4842
5.8884
12.218
10.544
10.069
10.399
9.528
0.82985
1.7947
1.9231
1.3183
0.85114
1.3772
0.92897
0.96161
3.9719
4.4055
12.331
12.078
12.303
14.093
6.5917
2.9242
8.6696
7.1121
9.1201
7.2778
5.0234
1.194
2.1677
1.2735
1.2853
2.9854
3.6983
5.4828
6.9984
1.2388
2.0559
3.9174
1.3552
3.6559
5.5847
1.9634
9.7051
8.8716
18.408
12.589
10.94
11.169
12.677
11.272
9.3111
14.223
13.213
8.2224
6.8077
12.05
10.328
10.691
6.1094
6.6069
5.4828
12.56
9.6605
13.677
10.94
2.2699
8.4723
2.2233
11.041
7.5162
8.6896
1.0965
1.3836
1.4588
1.3002
1.9364
0.81846
1.6596
0.77625
0.72277
0.86896
0.8091
0.78163
0.73621
0.79799
0.74645
0.82794
0.78886
0.73451
3.2734
2.0045
1.2942
4.0926
13.002
11.35
11.508
9.4406
10.162
13.366
9.7499
11.376
8.5507
6.4863
11.455
10.814
10.74
6.1518
9.4189
12.274
4.1783
11.015
15.631
13.002
14.962
14.723
10.52
1.8793
3.9628
7.4645
17.947
13.583
4.1976
6.4121
0.9528
15.668
10.914
13.152
13.932
15.524
12.246
12.162
9.5499
1
1.4757
2.0606
4.2658
5.4075
1.8793
1.0593
7.8705
8.0538
15.136
9.0991
7.4473
13.521
11.94
8.995
8.2985
5.781
13.366
3.767
13.335
11.092
1.6218
3.581
7.0795
10.666
13.032
12.474
12.647
10.52
11.641
8.9743
8.2414
9.977
1.1912
1.0839
3.8905
1.2531
1.099
1.2218
0.8356
6.8234
7.0632
11.695
12.162
7.0958
2.1038
0.98175
4.3152
13.49
15.346
6.0954
21.086
13.152
13.9
10.691
10
14.488
9.9312
2.704
11.117
10.471
11.117
15.101
12.764
15.136
5.8076
14.388
10.94
11.22
10
7.3282
4.1115
15.382
2.3442
6.2806
10.593
0.71945
2.4491
10.28
7.3451
11.776
9.9541
13.709
6.9663
6.3241
14.158
9.2045
9.594
3.8994
13.092
11.298
8.6896
5.5463
5.6494
2.4378
12.677
18.88
13.74
13.183
10.069
7.8886
13.614
13.932
7.2277
6.3973
11.272
2.9444
10.304
12.942
8.6497
7.1614
9.8175
10.52
6.2087
9.4406
11.246
10.94
7.4131
2.6424
6.3096
1.1858
0.76913
0.80538
0.74131
0.75336
0.89125
0.74302
0.86099
1.0257
0.89743
1.0814
1.5488
2.0184
6.6222
1.0257
0.8414
1.0666
1.5631
1.6634
1.5417
2.799
0.80724
0.77268
0.78163
0.72277
0.88512
0.91201
0.87498
0.82035
0.90991
0.74473
1.39
0.86099
0.7925
0.80538
0.80538
0.75509
0.75858
0.85704
0.83368
0.77625
9.9312
10.99
9.8175
9.9541
13.397
14.06
11.066
12.823
9.7275
16.788
16.218
15.205
8.1846
10.99
8.6696
11.885
21.727
14.454
11.614
7.7804
12.388
12.794
7.1779
3.1046
6.0395
15.56
11.967
12.106
14.454
11.912
9.3972
13.213
13.092
10.375
0.94624
11.143
12.218
11.508
14.588
0.7145
9.0157
9.0573
13.152
10.666
11.169
12.56
8.2224
9.2045
12.882
19.588
20.512
12.823
11.535
10.139
16.52
9.7949
12.445
4.3954
3.9537
5.8614
5.5719
8.4333
7.0958
10.116
8.9536
1.0471
1.0889
2.4547
10.99
11.995
10.162
1.8578
3.8459
12.589
9.9312
11.508
7.9983
9.4189
8.4918
9.7499
8.7096
11.561
9.9083
1.1041
8.995
15.488
13.614
17.219
14.06
3.7411
8.9536
11.35
11.641
14.06
9.7051
6.6374
12.972
11.561
8.4723
0.9247
0.99083
1.2618
1.0423
0.79799
0.72611
0.74645
0.75509
0.76033
0.75683
0.68549
0.7656
0.73114
0.71614
1.052
1.3243
2.5704
0.96828
0.90157
1.3836
0.92257
0.86896
0.83176
1.5346
1.3002
1.205
1.4125
4.1783
1.7338
13.274
13.964
4.6238
15.704
20.512
14.388
20.512
7.1945
8.4528
9.6383
12.764
14.355
15.031
9.3541
9.9083
11.561
11.143
6.5615
9.9312
16.293
17.1
6.1802
1.3646
1.7298
1.1482
4.2756
6.5013
0.96161
0.8414
0.8147
0.78524
0.86696
0.94406
0.67608
1.9907
1.1858
7.3961
14.997
12.503
11.194
8.147
11.143
15.101
16.255
8.9743
9.9312
5.8749
8.9125
14.622
5.3827
12.246
10.351
5.9704
11.169
9.7051
13.804
9.2045
10.568
9.3756
7.6208
11.272
10.568
16.218
11.169
8.091
8.3176
14.894
7.8705
7.4989
13.274
8.1096
7.9616
13.428
3.2359
13.996
17.783
17.378
12.618
18.239
6.8707
12.303
13.804
9.4406
13.122
11.561
14.962
12.388
15.488
20.184
19.143
7.8705
7.9799
9.977
3.9628
11.588
8.8105
10.814
3.1261
0.84918
0.94189
2.0137
4.7863
2.3281
1.3213
1.1272
1.4355
22.961
3.4754
12.388
18.155
12.078
13.366
16.711
20.324
10.069
17.179
13.335
12.794
20.512
14.825
12.474
11.668
8.7902
15.849
10.544
12.823
16.711
13.677
18.03
11.508
8.6696
12.794
23.933
12.853
12.647
14.521
18.75
6.9984
12.677
16.331
14.588
12.618
8.2414
10.093
3.6224
0.74817
12.764
11.508
6.7764
10.544
12.764
8.8308
13.032
9.247
11.94
8.3368
15.382
8.0724
4.8529
12.331
17.947
10.423
12.942
15.136
9.1833
9.7949
8.995
8.9743
11.588
10.328
2.2284
11.967
13.062
6.9984
9.7275
24.21
26.002
11.324
19.679
17.219
23.067
16.144
11.83
11.455
20.184
21.281
17.1
12.794
17.498
18.578
18.923
19.679
4.3853
15.488
15.031
15.136
17.947
14.388
13.305
29.512
16.331
18.072
15.101
11.35
14.859
14.655
17.061
14.158
24.044
16.982
16.558
22.751
23.442
14.622
16.032
17.865
17.947
18.365
22.542
16.293
16.52
20.701
22.336
14.555
