1.4322
7.7446
11.803
11.272
1.2388
1.7219
1.7742
1.2388
5.9429
7.8343
17.62
9.528
1.6106
0.97275
0.72444
7.8705
0.83368
1.2106
1.2706
4.1879
9.0157
9.2683
12.706
13.521
1.5812
0.78163
0.69663
0.81846
0.77446
0.75858
0.76033
0.73961
0.98175
0.82604
0.9594
0.73114
0.89536
0.80724
1.2735
1.7258
2.0893
11.885
13.709
9.0991
0.81846
6.7764
14.223
12.134
1.122
15.101
2.1627
2.9785
1.1967
1.3552
1.2589
6.7143
5.6624
6.5766
2.1184
11.455
15.959
15.276
3.4834
0.88716
2.3878
16.032
3.4514
9.977
16.558
9.8855
8.9536
5.1168
2.2029
1.0139
1.0691
1.0093
1.7579
8.0724
4.3451
14.622
9.6605
13.614
3.2734
12.912
13.836
2.3121
1.5241
3.8371
2.7353
1.3836
0.7925
4.6881
7.1614
1.2942
0.82035
0.88105
0.9247
1.0328
0.8414
0.77446
0.82414
0.85507
0.92683
0.96383
0.73282
5.8479
0.7145
0.73961
0.71779
0.73451
0.75683
0.7145
0.72111
0.7379
1.0495
2.3496
1.9099
4.0087
6.2087
1.052
1.0023
1.1749
1.2942
1.1066
1.1272
1.1749
1.3062
7.2778
20.137
17.865
14.421
2.7102
1.1169
1.2388
2.0893
1.2134
2.1827
3.9084
16.144
12.912
14.997
17.179
14.223
0.91622
14.655
12.882
1.6331
0.80353
0.8147
0.83946
0.82035
2.6182
1.8707
1.4223
3.4119
11.995
11.967
13.305
10.162
14.859
19.099
13.366
15.136
1.1482
2.1727
1.0447
0.77446
0.86497
3.281
1.2942
1.9409
1.2531
19.055
14.125
12.677
14.289
15.417
10.99
15.885
14.791
1.1535
20.464
16.596
9.9541
9.3972
3.0549
2.6363
1.0069
0.91833
0.93972
1.2023
2.0893
1.5311
1.7947
1.9454
21.135
22.029
18.45
17.539
14.825
1.1482
1.5704
14.488
9.0573
13.213
13.709
10.544
12.853
11.246
0.87902
0.87297
0.80168
4.592
1.6711
1.7022
5.188
18.621
19.543
12.303
11.94
14.791
14.859
4.0832
0.96605
1.1041
1.4355
11.995
19.275
13.677
15.812
17.219
15.453
13.836
0.7925
0.85507
1.1803
1.4894
1.3459
1.1614
0.86896
0.96605
0.85507
0.98628
0.89331
4.2462
7.1121
1.2972
1.256
1.1041
1.5031
0.89743
0.7709
0.79068
0.76736
0.82224
1.1967
0.82985
0.74131
8.2794
4.3652
13.002
5.42
17.418
10.304
2.4155
5.6105
17.298
14.521
12.882
11.995
14.454
14.125
9.6383
4.6238
11.35
2.1184
14.322
7.925
0.99541
3.6728
11.94
11.641
15.205
10.94
14.158
11.722
12.388
13.002
11.695
2.2594
5.9429
15.56
13.932
13.152
13.002
3.1477
2.4889
2.6242
10.423
1.8113
1.3274
1.6406
1.2647
1.1508
1.5311
1.6482
5.0816
17.498
0.85507
0.98175
0.81846
0.85901
0.80724
0.83753
0.86696
1.9953
7.0795
13.614
15.74
11.995
16.788
12.19
17.298
13.614
13.49
0.97051
0.91833
1.6982
0.95499
1.0139
1.194
1.0544
1.2134
0.89331
1.2134
2.2751
1.3428
3.0339
1.219
1.1535
0.74645
0.71614
0.86896
0.74645
0.99312
3.7931
1.0257
0.90991
1.6827
1.0765
1.3002
5.1286
0.82414
1.5311
0.72611
0.70146
0.82224
0.7379
1.374
1.2735
1.0593
1.3552
1.1324
12.274
13.709
8.9125
15.668
14.655
9.2257
13.397
13.677
3.2137
3.1189
6.5766
16.558
3.3574
10.666
21.878
12.647
10.447
13.183
12.942
7.6384
13.183
12.942
0.89331
0.86497
0.85114
0.86298
2.4774
0.79433
0.76913
0.80724
1.135
5.6885
1.3836
1.5241
1.1535
1.1535
1.5488
1.3335
1.0666
1.4488
1.1912
0.96161
1.2388
1.3836
2.4889
1.2106
1.4158
1.2942
1.4859
1.1015
1.2618
12.794
4.9659
6.2087
1.0471
1.4555
1.2359
1.3646
1.1995
1.1508
1.1402
1.2531
1.2823
1.2764
1.1885
1.1272
1.028
1.6293
0.86099
0.87096
1.9409
1.4125
0.78163
1.4825
0.74473
18.621
18.88
8.892
10.069
11.22
12.106
11.803
9.1622
13.868
8.0538
6.3973
14.256
14.825
12.764
15.704
9.7724
9.6383
7.656
13.964
3.9174
5.4702
20.324
20.091
10.116
11.749
21.281
13.49
12.56
9.247
14.894
17.62
9.506
12.162
11.749
0.73961
0.69343
0.72111
0.70307
0.7709
0.67143
0.69024
0.67453
0.80538
0.69502
0.92683
0.73114
0.73621
0.88512
0.96605
0.70795
0.75683
0.7656
1.5885
1.39
3.0269
0.9506
1.39
1.0139
0.82224
1.074
0.83946
1.1641
1.0641
0.97724
1.3552
1.1508
2.466
1.052
0.88105
0.78163
1.2882
0.81096
0.99541
0.77625
0.74817
0.82794
1.7824
1.1117
1.094
0.69984
0.75336
0.85901
0.97949
1.4859
0.80353
0.84723
1.5136
1.2589
0.66834
1.1776
1.5171
0.70469
0.67608
0.69663
0.92045
0.78163
0.70795
0.71945
0.67143
0.7925
0.77625
0.87902
0.89743
0.83946
0.81658
1.0351
0.85901
1.074
0.71285
0.89536
2.6182
0.7145
0.67298
0.68549
1.2589
4.0179
10.162
12.303
9.7949
0.87498
0.85704
1.0864
1.3932
0.7379
1.4028
1.5596
0.99541
1.1272
1.2794
0.93325
1.1092
1.094
2.6485
1.1117
4.7753
1.1641
0.94842
1.2794
1.9055
2.6485
0.81658
1.6943
4.0551
1.7179
1.2677
2.4717
6.0117
2.9107
2.8184
1.0139
1.3062
2.3442
0.84333
0.92897
1.0641
1.2647
1.256
1.0965
0.93325
1.028
1.2677
1.1722
1.2388
1.074
1.3213
1.6293
0.83946
0.82414
0.8995
1.2647
1.5066
3.6058
0.95719
0.73961
0.72444
0.70146
0.69823
0.71285
0.80168
0.78163
0.84528
0.82985
0.78524
0.78886
0.77983
0.75858
0.76736
0.70307
0.75858
0.79068
0.74131
0.81096
0.78886
0.77983
1.1885
3.0903
13.964
18.072
12.531
11.83
16.788
11.324
15.171
8.414
0.70146
0.83753
0.97724
1.3996
2.3388
1.2735
1.0814
1.6032
1.1508
0.83946
0.96383
0.9977
1.3964
1.1803
0.9594
1.1614
1.1803
1.2078
0.70632
1.6558
1.0765
1.0375
0.83753
0.77804
0.86896
0.81283
0.9247
1.8664
0.90157
0.93325
0.90573
0.90573
0.86497
1.2218
2.8314
2.6242
0.77268
0.69663
0.75162
1.0765
0.76033
0.68549
0.74645
0.70469
0.75162
0.7925
0.74473
0.69502
0.75509
0.74131
0.73451
0.93756
0.90573
0.96161
0.72277
0.72778
1.2445
0.84528
0.72946
0.85901
0.75858
0.72611
0.8892
0.80724
0.76033
0.69984
0.78886
0.7709
0.69183
1.349
0.8892
1.2246
1.2589
1.1912
1.256
1.2735
1.1429
0.9506
1.1695
1.2134
1.6444
1.2503
0.71945
0.7379
0.68234
0.78886
0.69343
0.69663
0.66681
0.69984
0.72946
0.69984
0.68391
0.71779
0.68234
0.65313
0.67143
0.74302
0.76384
0.75336
0.69984
0.76384
0.73961
0.68865
0.73451
1.0069
1.0641
0.82224
0.77983
0.7925
0.75336
0.77625
0.81658
0.73451
0.70307
0.76736
0.89125
1.1588
0.80353
0.73961
0.68707
0.73451
0.8147
0.74989
0.83368
0.69183
0.83946
1.1967
0.73621
0.7709
0.76913
1.0666
0.96605
0.83368
0.83753
0.70632
0.74817
0.91833
0.73621
0.80353
0.74645
0.71285
0.95719
1.7539
2.3878
2.1727
1.71
2.3496
2.421
1.183
1.5417
4.8753
1.5596
1.7258
32.885
7.2611
3.2659
3.9355
4.3251
4.0551
3.3729
3.069
2.8314
3.2434
3.2659
1.5205
2.133
2.1627
2.8314
2.5293
2.8576
1.875
1.5031
1.4488
1.3677
1.256
1.1912
0.81846
0.97724
1.556
1.0093
0.83176
0.73114
1.0209
0.84333
0.73961
0.86099
0.92897
0.86099
0.89536
0.90157
0.95499
1.1041
0.92683
0.8091
1.1246
0.7145
0.98855
0.72111
0.72778
1.1429
0.82794
0.70958
0.71779
1.0423
1.4454
1.2912
1.4322
1.5205
1.3932
1.0666
1.1614
1.219
1.3646
1.39
1.3183
1.4791
1.6711
1.6558
1.3868
1.4962
1.3062
1.3122
1.2647
1.3996
1.2078
1.7219
1.6331
2.7733
2.1135
1.5171
1.6904
1.4223
1.8155
1.2853
2.6182
3.9084
0.79616
0.70795
0.78163
0.76384
0.72611
0.83946
0.74131
0.74817
0.78886
0.70307
0.7656
0.70958
0.75858
0.69984
0.84333
0.79983
0.70632
1.0544
0.68391
0.71945
0.76208
0.70146
1.0789
1.9861
0.75336
0.79433
0.79068
0.86696
1.1272
0.84333
0.82985
0.78705
0.70958
1.0864
0.80168
0.89743
1.1015
0.8147
1.1535
0.94406
1
1.0666
1.1169
0.73621
0.69984
0.72946
0.71945
0.84918
0.86298
0.88716
0.67453
0.67453
0.67453
0.71614
0.68549
0.81096
1.2331
0.71945
0.69984
0.70795
0.76913
0.84528
0.69502
0.72778
0.69823
0.67608
0.69024
0.70146
0.66988
1.1246
0.69502
0.70795
0.71121
0.66527
0.71121
0.72111
0.69984
0.67143
1.1803
1.6106
1.0666
0.69984
0.66374
0.73621
0.69984
0.69024
0.6792
1.1455
0.82985
0.95499
2.4434
0.87297
1.4928
1.4521
0.72611
3.5645
1.0814
0.85901
1.0209
1.3274
1.3274
1.4588
1.2388
1.4488
1.3305
4.3351
0.80168
0.74473
0.83753
0.81096
0.78343
0.7925
0.77804
0.75162
0.72444
0.74817
0.72611
1.8707
0.93111
1.1803
1.8113
0.78163
0.80168
1.1169
1.5171
1.1194
0.70469
3.6813
2.6303
0.70146
2.1281
1.3213
1.9815
1.4791
1.1169
1.1041
1.0209
0.95719
2.8184
0.76208
0.77268
1.2647
2.037
0.69663
0.73282
0.75858
1.6711
1.2106
2.7861
0.71285
0.71121
0.73961
0.69663
0.78705
0.72277
0.76736
0.72611
0.69183
0.74473
0.73961
0.71779
5.2119
8.0168
10.471
12.823
10.495
1.4355
3.4754
1.3709
2.4946
10.471
0.75858
2.7479
0.74473
0.73282
0.76208
0.74131
0.79433
0.72111
0.8091
0.76208
1.3274
2.5293
1.6827
0.74989
0.77625
0.7379
0.75336
0.74302
0.75858
0.72444
0.7709
0.79433
0.85704
0.7925
0.93972
0.82794
0.9247
0.88512
0.87297
0.90365
1.1298
1.1668
1.2823
0.8892
1.5205
0.76384
0.72946
0.74645
0.8356
0.74989
0.72111
0.74473
0.71614
1.5524
0.68391
0.74473
0.74302
0.80168
0.74989
0.75509
0.82035
0.75509
0.73114
1.3062
0.86099
0.99083
0.9977
1.1588
1.2078
2.1777
1.0257
1.9543
1.3335
1.3397
1.2677
2.0091
3.02
0.82035
1.2134
1.4928
0.93972
1.2706
1.1455
1.4388
1.1298
1.6406
1.2677
1.3964
1.2134
0.8995
0.95719
1.4256
1.0046
1.2274
1.6144
1.028
1.094
1.1776
1.7539
1.374
1.2823
1.4723
1.3804
1.2246
1.0399
4.2462
0.76384
0.76033
0.93541
0.85704
0.84528
1.1614
0.84918
0.93111
0.92045
0.89125
0.99083
0.75858
0.74473
0.78886
0.87096
0.81283
0.75336
1.0257
0.91833
1.5922
1.2445
1.4555
0.76208
0.72444
0.85507
0.97275
0.82604
0.72277
0.70307
0.68549
0.70795
0.7709
0.81283
0.73961
0.80724
0.79616
0.7145
0.72444
0.72111
0.76208
0.74302
0.9528
1.1117
0.72611
0.75162
0.93541
1.2794
0.71285
0.7656
0.71121
1.0423
0.85704
0.74131
0.74989
0.69024
0.91833
0.92257
0.8892
0.77983
0.75683
0.84333
0.71121
0.8414
0.78524
0.73621
0.72946
0.90573
1.2106
0.98401
1.1508
1.0864
0.82794
0.90782
1.0116
0.70958
0.74473
0.71779
0.877
0.90782
0.71779
0.74473
0.74817
0.73451
0.76736
0.78343
0.69823
0.75683
0.75858
0.77983
1.1912
1.1066
0.71121
0.75336
0.67608
0.80724
0.72444
0.73961
0.73114
0.70469
0.80168
0.72444
0.75509
0.76736
0.73451
0.71285
0.75683
0.74817
0.76208
0.96383
0.7656
0.79068
0.8531
0.78886
0.72111
0.75683
0.70958
0.77804
0.78886
0.70632
0.82985
0.69823
0.70795
0.91833
0.76384
0.71285
0.84333
0.72778
0.68391
0.73451
0.82985
0.91622
0.80168
1.0093
0.7656
0.80724
0.76384
0.74473
0.80168
0.8356
0.91833
0.86696
0.82794
0.80724
0.97275
1.3183
0.88105
0.75336
1.0162
0.77446
1.2677
1.7338
0.91622
0.88105
0.8147
1.074
1.219
1.0351
1.2078
1.374
1.0666
1.2912
1.2618
1.1858
1.074
1.1429
0.7709
1.6255
1.1749
0.74989
0.90782
0.69024
0.77625
0.74989
0.94189
0.74302
0.74989
1.0864
0.88308
1.0889
1.5488
1.1614
1.1776
0.72611
0.80168
0.98175
0.94406
0.80353
0.68077
0.78705
0.72611
0.74817
0.76736
0.76384
0.72946
0.77268
0.72778
0.71285
0.75336
0.73114
0.75162
0.91201
0.94624
0.82794
0.69024
0.68234
0.78886
0.72778
0.74817
0.74989
0.7709
0.77268
0.72111
0.72111
0.94406
0.69024
0.72778
0.6792
0.72277
0.69663
0.71121
0.74302
0.71945
0.77983
0.69663
0.78705
0.70632
0.71285
0.70795
0.7379
0.70632
0.69502
0.75162
0.67764
0.70632
0.71614
0.70958
0.9506
0.83753
1.5417
2.0091
0.71285
0.75336
0.73282
0.69343
0.71614
0.70958
0.74131
0.76208
0.70469
0.68549
0.73282
0.71779
0.7379
0.75336
0.79433
0.72444
0.70469
0.72444
0.80353
0.71121
0.69183
0.75336
0.72778
0.70469
0.71614
0.6792
0.8147
0.74131
0.71945
0.67298
0.74645
0.70795
0.7379
0.68549
0.92045
0.87902
0.8414
0.97724
0.69183
0.71614
0.71285
0.69183
0.72778
0.79068
0.73282
0.69343
0.70958
0.71945
0.75683
0.76913
0.70795
0.74131
0.90991
0.80168
0.73282
0.73621
0.73282
0.78163
1.1324
0.79983
0.8091
0.68234
0.90782
0.74645
0.71945
0.69024
0.75336
0.72444
0.88512
1.0209
1.1995
0.74645
0.7656
0.75336
1.4488
1.2078
0.87297
0.79799
0.76736
0.8414
1.2303
1.0069
1.2882
1.0544
1.1117
0.9528
0.94624
1.2618
0.74989
1.0399
1.349
0.66681
0.73114
0.68707
0.67143
0.69984
0.66834
0.73114
0.65917
0.73282
0.74473
0.67298
0.72611
0.69823
0.66988
0.7379
0.69823
0.71614
0.70469
0.86696
0.82414
0.75683
0.78705
0.80353
0.88716
0.97275
0.71945
0.77804
0.8091
0.82035
0.70958
0.75509
0.94842
0.77625
0.71614
0.74473
0.72277
0.70632
0.72111
0.68549
0.75683
0.68234
2.4099
1.6827
1.0617
0.99312
1.099
1.0046
1.194
1.0093
1.2677
1.1272
1.1429
1.574
0.96828
0.96383
0.87096
1.099
0.84528
1.7298
1.4421
0.84333
0.75336
0.78886
0.72946
0.72111
0.87902
0.77446
0.89743
0.93325
1.1066
0.79068
0.93541
0.75509
0.75509
0.76033
0.74131
0.79799
0.73451
0.73451
0.68707
0.84723
0.73114
0.69984
0.71779
0.73282
0.69343
0.74645
0.75162
0.77446
0.67143
0.73114
0.74817
0.74645
0.87498
1.0233
0.88308
0.82035
0.73114
0.71779
0.78705
0.70469
0.73451
0.72946
0.70307
0.71779
0.7145
0.69663
0.71614
0.74645
0.74645
0.71779
0.72444
0.75162
0.70469
0.73114
0.68077
0.70469
0.72111
1.0116
1.0715
0.70469
0.74473
0.73621
0.80724
0.86298
0.92897
1.0046
0.89743
0.80724
0.81096
0.68077
0.74302
0.72444
0.73282
0.74131
0.69024
0.75336
0.877
0.71285
0.73621
0.68077
0.76208
0.71285
0.66988
0.74645
0.69343
0.7709
0.67764
0.69663
0.69663
0.68234
0.72946
0.93111
0.83176
0.79983
0.72611
0.67453
0.73451
0.66988
1.1324
0.7379
0.79799
0.72611
0.74645
0.72444
0.71779
0.75336
0.90782
0.70795
0.71945
0.75683
0.877
0.75858
0.74131
0.77268
0.73451
0.76033
0.74473
0.84723
0.73114
0.71779
0.77268
0.83176
0.87297
0.75683
0.83946
0.74817
0.78705
0.70958
0.78886
0.88716
0.7145
0.77446
0.79799
0.7145
0.70795
0.92257
0.8531
0.71779
0.70146
0.72611
0.71121
0.78343
0.78343
0.7709
0.77268
0.69984
0.69663
0.75509
0.74989
0.77983
0.71779
0.7656
0.81658
0.76033
0.75336
0.7145
0.82604
0.70146
0.85507
0.76208
0.78705
0.74131
0.70958
0.69024
0.77446
0.74473
0.87297
0.7379
0.98401
0.73621
1.2218
1.4521
1.3152
0.78705
0.68707
0.83368
1.2589
1.2531
1.1143
0.71285
0.82224
0.80538
0.76033
1.9543
0.99083
0.9506
0.90157
0.70795
0.7925
0.69984
1.2706
1.194
0.75162
0.72946
0.67143
0.67298
0.68077
0.70146
0.67143
0.70632
0.97275
0.80168
0.72444
1.845
1.0666
1.0023
0.98175
0.96828
1.028
1.1722
1.4028
1.2303
1.1092
1.556
1.0471
1.2162
0.98855
1.374
1.0789
1.0399
1.4791
1.1455
1.194
1.9861
1.5276
1.4488
1.1641
1.4223
1.1641
1.3521
1.4859
1.1588
0.88512
0.81846
0.89743
0.75162
0.78705
0.91201
1.1967
1.4894
1.0233
1.1749
0.69343
0.72111
0.69502
0.9247
0.98401
1.1324
1.135
0.71614
0.72277
0.7145
0.73282
0.70958
0.6792
0.68391
0.67608
0.72277
0.74645
0.67143
0.73621
0.73114
0.74302
0.69663
0.70146
0.74302
0.74131
0.7925
0.80724
0.81658
0.69343
0.93325
0.92257
0.85114
0.76033
0.85704
1.1041
1.8535
0.8995
1.1272
4.9091
1.4223
0.72946
0.73282
0.71285
0.85704
0.78524
0.83176
0.78163
0.94406
0.81096
1.0965
2.208
0.89536
0.87498
0.75162
0.76033
0.77446
0.90365
0.77804
1.2503
1.3772
1.3646
1.3709
1.2388
1.4322
1.2531
1.2162
0.92897
1.3062
1.4825
1.3709
1.1535
2.3988
1.3092
1.2078
1.6672
1.5668
0.77983
1.0864
0.77983
0.90365
0.89536
0.79068
0.72277
0.72111
0.76033
1.0447
0.70146
0.73451
1.0375
0.76033
0.70958
0.69343
0.79616
0.86896
0.82794
0.94842
1.652
0.98401
0.82414
1.0789
1.0715
0.98175
1.6069
1.094
3.1623
1.1995
0.94189
0.70146
2.0277
0.73451
0.70632
0.70958
0.70632
0.69984
0.69502
0.69823
0.78524
0.70307
0.70958
0.89743
0.71614
0.71285
0.69823
0.69183
0.68234
0.69663
0.72111
0.74473
0.72111
0.72277
0.72946
0.69024
0.69343
0.71945
0.71614
0.70307
0.76208
0.69343
0.78705
0.70307
0.70307
0.70146
0.74473
0.7379
0.69183
0.70146
0.69984
0.73114
0.72778
0.73282
0.71121
0.76208
0.74473
0.70632
0.69663
0.73961
0.70795
0.7145
0.66681
0.72444
0.77446
0.73451
0.72277
0.67143
0.75858
0.74131
0.71945
0.70146
0.70307
0.70958
0.73114
0.78343
0.77983
0.72444
0.70795
0.74989
0.69343
0.72778
0.75336
0.80538
0.77268
0.70795
0.76208
0.72444
0.8147
0.94406
0.84333
0.91833
0.8414
1.3122
1.5996
0.74645
0.7145
0.71779
0.98855
0.83753
0.9977
1.2134
0.89125
0.72946
0.71121
0.72444
0.77446
0.76913
0.76208
0.71285
1.0641
0.85114
0.86497
0.69823
0.71285
0.72946
0.77625
0.74473
0.8414
0.85901
0.76033
0.75162
1.194
1.0399
0.68549
0.72946
0.97949
1.1641
0.94189
0.69823
0.69823
0.73961
0.72611
0.79983
1.2246
1.0116
1.9543
0.77268
0.79433
0.75336
0.75683
0.75336
0.92897
0.70795
0.74302
0.7925
0.91833
1.4322
1.3868
0.84333
1.6368
0.67608
0.66834
0.70307
0.68549
0.69984
0.71121
0.69663
0.69984
0.66681
0.70307
0.71121
0.71779
0.7145
0.78163
0.69502
0.70958
0.6792
0.73621
0.67143
0.69984
0.68234
0.68549
0.79068
0.74645
1.1455
0.72277
0.95719
1.1402
0.67453
0.72611
0.79616
0.76208
0.75683
0.82035
0.77446
0.70958
0.72611
0.71285
0.72277
0.7379
0.69502
0.8531
0.69663
0.72111
0.69343
0.69663
0.70307
0.70632
0.73621
0.79068
0.8414
0.88512
0.74302
0.74131
0.74989
0.73282
0.8091
0.72611
0.87498
0.73961
0.7379
0.78886
0.70307
0.70469
0.7709
0.72111
0.71614
0.72444
0.74302
0.68549
0.71945
0.89331
0.76208
0.71779
0.73114
0.81846
0.69823
0.73451
0.72778
0.75162
0.76736
1.1194
0.92257
0.71614
1
0.70632
0.82794
1.0375
0.70146
0.68077
0.70632
0.71779
0.70146
0.81283
0.69502
0.72444
0.71779
0.72277
0.68865
0.67298
0.6792
1.1912
0.74131
0.74131
0.75162
0.69343
0.71779
0.71121
0.79983
1.0715
0.77804
0.9594
0.70307
1.2647
2.0797
1.0691
1.2764
0.70146
0.74817
0.69024
0.69663
0.67453
0.76208
0.68549
0.71779
0.72946
0.70307
1.0544
0.8995
0.97499
0.83946
0.99312
1.135
0.99312
0.78705
1.0839
1.3213
1.7539
1.122
0.76913
1.1298
0.73451
0.74473
0.67608
0.68549
0.78705
0.89536
0.75336
0.85901
0.9594
0.74473
0.78705
1.2589
0.69984
0.82794
0.74817
0.74817
0.68707
0.70469
0.75858
0.7145
0.71121
0.69823
0.67764
0.7145
0.75683
0.70146
0.75858
0.68077
0.72778
0.69024
1.2078
0.72611
0.72946
0.69183
0.73621
0.68234
0.73114
0.75858
0.78886
0.7656
0.74131
0.74645
0.7656
0.74645
0.70795
0.73114
0.75162
0.73282
0.70795
0.71614
1.0814
1.1246
1.1695
1.0257
1.1092
1.0889
0.87297
0.75509
1.3996
1.219
0.69343
1.3552
0.98855
0.71121
0.71285
0.97949
1.1722
0.877
0.69502
0.99083
0.66681
0.8531
1.0423
0.76208
0.75162
0.69663
0.70307
0.71779
0.67608
0.72946
0.67298
1.0046
0.73114
0.69823
0.69984
1.3709
2.673
1.5031
1.6866
4.0926
0.69984
0.71945
0.74473
0.70632
0.7379
2.7416
1.0447
0.75858
0.72111
0.73961
0.68549
0.7656
0.76033
0.71285
0.70469
0.76384
0.71285
0.73114
0.75509
0.74645
0.74817
0.73621
0.74817
0.74989
0.74302
0.70469
0.73621
0.73114
0.72277
0.7379
0.76384
0.78705
0.77804
0.82794
0.71121
0.69823
0.70632
0.92683
0.85507
2.6182
0.96161
0.82985
0.89331
1.028
1.2912
1.1455
1.0495
1.1535
0.88512
0.73282
1.2162
1.2331
1.2474
1.2706
1.3092
1.2359
1.0471
1.3932
0.90991
1.2445
2.0989
1.3868
1.0814
0.92683
1.183
1.135
1.2912
1.2445
1.2474
1.2106
1.4093
1.2303
1.4928
1.1668
2.0606
1.028
1.0691
1.6482
1.1885
1.3335
1.1429
1.5524
1.3213
0.99541
0.83753
1.0423
1.3709
1.0257
0.81658
1.3552
1.5668
1.4521
0.97724
0.73621
0.79616
0.89536
0.99541
0.83176
0.72946
0.84723
0.97051
0.79799
1.6144
1.2274
1.3964
0.74989
0.68549
1.3677
1.3964
0.77804
0.77625
0.69502
0.74473
0.75162
0.81658
0.7379
0.85704
1.3213
2.0797
1.5417
1.6181
0.84333
0.69183
0.72111
0.79616
1.2106
1.1967
1.5488
1.9143
0.74645
0.73282
0.69984
0.73114
0.71779
0.73282
0.6792
0.79068
0.73114
0.68707
0.73621
0.76208
0.75858
0.69343
0.77446
0.67143
0.72778
0.75683
0.75858
1.7378
1.39
1.2445
1.2531
1.8967
0.76208
0.87297
0.80538
1.766
4.7973
1.374
0.75683
0.73114
0.70307
0.82794
0.76384
0.76913
3.4674
0.71614
0.72778
0.72611
0.73282
0.73114
0.75336
0.69823
0.80538
0.74473
0.73114
0.70795
0.82604
0.79068
0.75858
0.82604
0.72946
0.75162
0.73114
0.73282
0.73451
0.70146
0.74473
0.74645
0.8531
0.85704
0.9594
0.82985
0.82604
0.877
0.83176
1.0765
1.714
1.1117
0.96161
0.8147
0.88716
0.87498
0.95719
0.94842
1.4757
1.1482
1.1749
1.4125
1.5631
2.2029
1.1561
1.4322
1.349
1.3366
1.0617
1.3583
1.2134
1.122
1.9099
1.6032
1.4223
0.68707
0.76736
0.75162
0.72444
1.3804
1.8493
0.94189
0.74989
1.1803
0.79616
0.84918
0.72444
0.72277
3.8548
4.9204
0.79433
0.72946
0.8414
0.75509
0.71614
0.74131
0.8091
4.121
8.5704
3.2885
1.0495
1.3213
1.5101
1.4223
1.652
1.8197
1.0889
1.5704
1.3428
1.3868
1.4289
1.3092
1.7783
1.2503
1.3092
1.349
0.99541
1.7418
0.96828
0.92045
0.98628
1.2078
1.0568
1.4928
2.0797
1.3213
0.98628
1.0568
1.39
1.1015
1.1482
1.205
1.5205
1.2764
2.6002
2.3014
4.6026
5.3211
0.76736
0.74302
0.89331
0.75509
0.80538
1.1041
2.1928
0.73961
0.75683
0.7379
0.69343
0.74817
0.68391
0.74302
0.71285
0.72111
0.70795
0.69183
0.69183
0.71945
0.66834
0.77804
1.0666
2.7669
6.9502
0.85901
0.87096
1.2794
0.92683
0.98855
0.89536
0.97499
1.0328
1.6144
0.81096
0.71945
0.7379
0.75683
0.74817
0.76384
0.73114
0.73114
0.71614
0.7379
0.90782
0.81096
0.72778
1.3092
0.76033
0.71121
0.69663
0.69823
0.79616
0.71779
0.71779
0.71285
0.80168
0.78524
0.69502
0.73114
0.73451
0.70795
0.73282
0.70469
0.72277
0.72111
0.68077
0.73451
0.75336
0.72444
0.73114
0.70307
0.71121
0.73282
0.74131
0.73961
0.75858
0.75858
0.78524
0.76913
0.78886
0.92045
1.3122
1.7579
0.71614
0.72277
0.70632
0.69984
0.7145
0.68865
0.66988
0.69343
0.68549
0.7145
0.71285
0.68865
0.73961
1.4125
2.5351
2.9992
4.2364
0.89536
1.4322
1.6406
1.2359
0.8356
2.851
4.102
1.5171
1.4521
1.349
1.2677
1.0864
1.8323
1.875
0.81846
0.78886
0.78705
0.7379
0.72946
1.219
2.0184
2.3714
1.2912
1.0765
1.099
1.0666
0.97949
1.3459
1.2647
1.6943
1.2134
0.97949
0.74989
0.76384
0.73451
1.3366
1.4894
0.99083
1.3521
0.74473
1.7378
0.80168
1.099
1.4928
0.87096
0.87498
0.91833
1.1641
0.97275
1.3092
1.3062
1.2474
1.1015
1.0666
1.0423
0.98628
1.3772
1.3428
1.1092
2.3988
1.7498
1.2503
1.7742
1.0375
1.374
0.72778
0.72111
0.92683
0.71614
0.82604
2.1677
1.6368
0.75683
0.68707
0.75683
0.78343
0.7656
0.70795
0.70958
0.74817
0.87096
2.3605
1.1803
2.3605
1.5996
0.88105
0.98855
0.95499
1.0715
1.0839
1.0593
1.0233
1.1803
1.1066
1.2764
1.1324
1.7824
1.8493
1.4723
1.0209
1.3335
0.99541
0.97499
0.94189
0.98401
0.8892
0.70632
0.82224
3.1189
2.3442
2.5468
0.76913
0.69823
0.89125
0.74817
0.74302
0.72277
0.71285
0.73961
0.67298
0.73451
0.90782
1.1092
0.72778
0.77446
0.75858
0.72778
0.97051
0.71121
0.70307
0.76208
2.5468
2.4547
1.7179
2.5177
5.4828
0.82794
0.92683
0.83176
0.8091
0.88308
1.1749
1.135
1.1169
1.8197
1.2647
0.98175
1.2474
1.5631
0.80353
1.6144
1.2823
1.1803
1.2023
1.2503
1.3092
1.1995
1.1376
1.7061
0.79616
0.70795
0.87096
0.80724
0.85704
0.78886
0.76384
0.7709
0.75336
0.7379
1.3002
1.4521
1.0447
1.6255
0.88308
3.1405
2.5468
0.8892
0.71945
0.7379
0.68707
0.68391
0.80538
0.69823
0.73621
0.69024
0.75683
0.72611
0.75162
0.73114
0.68865
0.78705
0.73621
0.72111
0.69823
0.76736
0.73621
0.73961
0.85901
0.74645
0.7145
0.75858
0.69502
0.72444
0.73114
0.70307
0.73114
0.77625
0.76384
0.72611
0.75336
0.6792
0.71945
0.73961
0.71779
0.77983
0.7379
1.2388
3.2434
3.4754
17.579
15.066
11.668
12.274
3.3037
1.1561
1.183
1.3614
3.7411
6.9183
11.722
1.3677
1.1641
1.1169
3.6813
1.8072
2.3014
1.1535
1.6827
2.0512
1.1015
2.4322
3.0409
11.092
10.965
12.677
9.594
8.8512
1.5812
13.614
15.812
15.031
10.765
9.7499
11.092
12.56
10.023
9.7949
12.359
15.241
11.803
3.8726
3.2434
7.8343
13.772
12.503
11.535
11.402
2.1478
11.995
10.233
10.093
14.421
13.032
14.028
10.544
17.061
15.849
24.434
10.965
12.218
10.495
8.2035
16.634
2.0464
5.2481
19.055
15.382
10
11.429
11.83
9.3756
7.9616
20.464
13.122
11.041
11.535
8.1846
11.885
12.531
14.555
13.677
10.069
9.6605
9.594
9.0782
10.691
8.995
8.7498
9.9312
16.749
2.2233
5.559
15.959
15.849
8.4528
13.002
12.647
11.695
10.99
9.2045
9.2683
9.5499
9.9541
1.0233
1.8493
1.2388
2.0893
1.7298
1.5066
2.3823
1.6634
1.4859
7.6208
3.8548
10.889
9.528
7.656
8.2794
10.093
11.641
5.821
10.715
8.4723
10.162
10.28
9.528
11.246
12.823
8.4333
10.99
9.1622
14.622
8.2414
12.912
8.3176
8.4918
7.4302
4.7206
15.205
12.677
12.023
8.9743
15.382
11.695
12.474
8.2604
10.257
10.617
8.3368
7.9983
6.3096
8.6696
5.4075
11.641
12.56
9.1411
10.28
7.9433
8.0724
6.0814
9.9083
10.399
3.013
7.0632
10.74
3.2734
7.4131
11.041
14.825
11.695
9.594
10.023
9.2897
11.776
5.9704
9.2683
11.614
8.77
11.35
11.508
8.4528
14.622
11.482
15.704
12.303
12.56
20.606
9.9541
10.209
12.078
9.6161
8.4918
7.6384
1.4588
9.506
8.3946
8.0168
9.4189
8.2224
9.2683
10.399
0.88716
2.7102
2.2909
1.4421
1.4158
2.0941
1.5704
1.3459
1.2647
3.155
1.2474
1.4962
3.7757
0.81283
0.85507
0.77804
1.135
0.94624
9.8175
17.947
7.2778
0.73961
0.71121
14.388
11.776
12.417
12.589
9.2045
11.614
10.162
10.186
11.041
9.1201
9.6383
10.304
14.388
14.622
14.825
8.8716
11.455
10.99
10.666
15.885
8.3176
11.482
11.668
17.742
8.6497
5.224
7.4989
9.2257
9.1833
13.49
8.1283
7.8705
10.914
17.865
10.233
8.356
11.508
9.8628
9.9312
10.617
16.406
13.062
12.972
10.914
7.7268
1.9364
11.246
7.6033
2.8314
9.1411
10.965
12.618
7.9068
12.05
9.977
11.535
10.139
12.05
9.3972
3.2063
3.581
6.5615
7.4131
3.4514
0.96828
4.6452
1.8578
1.3428
1.1169
0.88308
1.0233
1.4191
1.349
2.0512
1.3032
1.9099
1.6181
1.3709
2.208
8.2794
15.205
13.836
11.614
7.656
8.2985
10.233
8.6298
7.2444
7.4645
10.093
3.013
1.9679
2.8774
10.495
15.171
2.8576
13.709
13.243
10.447
7.2778
11.376
8.4333
10.94
11.194
0.87096
6.9183
9.0573
7.5858
0.85507
1.7258
9.7275
10.914
14.655
8.1658
10.641
11.995
11.117
8.091
8.8105
6.3973
8.2604
7.1121
5.6105
12.823
10.765
12.882
10.715
9.0573
22.439
1.406
10.162
13.002
0.87096
0.8414
0.77983
0.82224
0.80538
1.4322
10.666
14.928
12.05
15.276
7.8705
23.55
10.568
8.9743
9.2045
7.379
6.9663
6.9343
6.9024
9.2257
8.9125
12.134
9.0365
13.335
6.4121
10.789
9.247
10.889
10.423
11.912
9.1411
7.8343
9.0573
6.5917
6.4863
2.3174
1.2303
0.81283
0.86896
0.69343
0.75509
0.74817
3.6058
12.303
19.907
14.454
8.2604
11.749
7.6913
5.5719
8.9125
10.186
10.351
9.0573
10.74
15.812
7.5336
11.169
11.94
7.6384
8.1283
8.8105
13.964
15.524
9.8855
9.1201
7.1945
8.0353
10.544
10.814
12.882
8.3368
8.8105
1.3677
2.4044
9.6828
8.6696
9.5719
14.488
10.023
10.328
9.8628
10.94
6.8077
7.1614
11.455
2.2336
1.0046
1.0715
1.194
1.0641
1.2359
1.2388
1.2735
1.3459
1.1588
1.1246
1.349
1.1066
1.374
1.9861
4.256
0.90365
7.2946
12.853
11.402
10.257
9.6383
7.9616
9.4406
8.5507
0.97275
0.8995
7.4989
7.5858
7.2111
10.069
8.3176
8.4528
7.5162
9.8628
9.0157
7.0469
8.2794
10.691
10.74
7.9068
7.709
11.272
9.7949
13.709
9.3325
10.889
7.0307
8.9536
6.2373
5.0582
7.9983
11.402
8.5901
11.535
9.2257
7.9799
13.122
1.1803
1.2589
1.1588
1.1995
1.0544
2.355
2.1928
1.0233
4.7863
0.84528
0.91201
1.7458
1.3932
1.1143
0.94624
1.6331
1.3836
1.5959
1.4322
0.8892
1.3183
0.82604
0.91833
0.84528
0.82985
0.77268
1.3459
0.77983
0.90365
1.1722
0.89125
0.76208
0.80724
0.76208
0.75858
2.1928
0.73282
0.70307
0.70307
0.71945
0.68865
0.78705
0.75858
0.73451
0.84333
0.71614
0.73621
7.4302
0.7709
0.81283
0.7709
0.74989
0.72778
0.79068
0.78886
0.74131
0.69823
13.709
1.8707
0.72277
0.77625
3.8282
2.1135
5.4954
12.647
12.05
14.322
12.331
12.56
10.28
14.355
10.162
10.233
10.093
12.078
0.69823
0.70632
0.74473
0.72946
0.76913
0.69183
0.97724
9.4406
6.5766
10.715
9.9083
9.6828
9.8401
11.092
10.789
8.1096
8.6896
12.503
11.402
7.7983
8.8716
7.6208
14.388
15.488
1.9907
3.8637
1.5171
1.3709
1.3836
1.4894
1.3677
1.3709
1.5959
1.5776
1.3583
1.2882
1.3213
0.877
1.0715
1.4191
1.2912
1.3274
1.9275
1.4588
1.7906
1.219
1.9498
1.3804
1.2134
0.74817
0.80538
1.0139
1.1117
2.4774
1.2589
0.90573
3.4119
0.68234
0.82985
0.74989
0.7709
0.86099
0.9528
0.80724
1.6106
4.3053
5.8614
0.74302
0.77804
0.75336
0.76033
0.71779
0.71945
8.7498
29.512
17.338
15.812
14.588
10.52
9.4624
16.444
15.74
11.776
11.94
14.289
16.406
8.995
8.2224
8.9743
14.421
12.912
9.594
10.328
16.218
12.56
11.041
7.1285
6.7143
9.2257
6.3533
15.066
15.959
10.304
8.7902
12.794
15.668
10.257
16.52
10.544
14.894
11.429
9.528
10.94
10.914
11.117
12.735
12.56
11.885
9.3541
7.6208
8.2224
14.928
10.617
9.3972
9.6383
6.5615
11.561
9.1622
12.589
2.6242
7.656
0.69823
0.68865
0.67143
5.035
14.028
13.274
14.622
9.1622
7.9616
6.4121
9.0573
8.0353
10.74
9.3972
10.162
7.2778
6.0814
15.276
1.2218
1.0715
2.7925
14.421
11.041
8.6696
15.241
12.677
6.6527
1.556
0.98628
1.4256
1.4588
6.4417
2.8249
8.1096
1.5488
4.5499
0.70307
0.75162
6.6527
1.0889
1.074
1.1995
1.3274
1.1885
1.1885
1.2735
1.3032
1.0023
1.5101
1.4191
1.4289
1.4191
1.1668
1.1722
1.4689
1.1455
2.0277
1.028
2.4831
10.495
18.578
0.7379
4.592
15.524
16.444
9.0365
15.171
9.2257
10.423
7.9616
6.0256
10.839
10.209
13.243
15.276
8.3176
10.568
11.35
8.5704
11.429
13.183
13.243
5.5847
8.9331
13.9
9.5499
11.429
9.6161
0.77804
1.6181
6.3241
7.5162
12.134
7.379
13.243
9.3325
15.776
10.74
13.002
0.7709
9.2257
12.735
17.66
7.5509
10
13.183
16.106
2.3823
1.9454
5.9704
14.859
14.859
9.8175
7.8163
9.6383
8.4723
7.4989
9.2683
6.7143
0.70307
5.5463
0.77446
2.7606
0.78163
0.85901
0.81658
1.2531
1.0423
1.028
2.2284
0.71285
6.7143
17.701
11.561
11.246
16.255
7.3282
11.169
12.853
11.641
9.2257
8.531
10.568
10.889
10.069
11.561
5.7677
13.366
7.6208
8.0724
11.776
14.322
11.22
9.0157
16.218
12.474
6.9502
8.995
7.8163
8.9536
6.3973
7.8886
12.162
12.303
13.122
9.5719
11.376
5.4075
8.1846
11.803
14.757
0.72611
1.4158
2.133
1.5382
1.6596
3.3729
16.788
13.836
18.793
12.19
10.839
14.689
11.429
9.9083
11.376
11.429
10.116
8.3176
7.3961
7.3282
10.568
9.5499
12.647
9.977
3.4514
3.0761
1.5812
1.0789
1.4125
1.3366
1.1535
1.39
0.96828
1.1015
1.4028
1.1885
1.2359
1.0593
1.4521
1.4289
5.7677
11.482
12.388
12.503
14.223
12.972
13.397
12.19
10.965
12.823
7.0632
7.5683
13.9
14.655
8.2604
13.964
9.6828
9.977
7.0146
8.1283
11.668
18.365
9.5499
12.706
14.191
16.331
8.1096
7.379
5.2966
5.4075
10.209
17.179
13.428
6.4269
11.194
9.2897
7.4989
8.414
9.7724
10.28
1.875
1.2972
1.5812
8.2794
1.2677
2.3768
5.6234
5.0933
13.032
10.568
17.061
11.749
15.241
8.356
9.6161
12.274
6.4269
2.5942
0.88512
0.77268
1.4289
6.0674
6.368
5.3827
15.311
14.125
9.3325
9.6605
9.2683
9.9312
8.091
7.8705
7.3451
7.9983
10.765
14.158
8.2224
16.904
13.583
8.0168
2.1979
4.592
8.7498
9.1411
9.7051
17.219
15.031
9.528
5.035
8.3946
9.4624
11.588
9.0991
8.6696
8.7096
10.116
12.274
6.4269
5.7412
1.6069
13.677
10.351
11.94
16.106
8.6696
8.9743
16.406
10.162
12.677
9.4189
10
6.0814
1.2246
0.86497
2.2856
1.6106
2.4155
8.4528
1.3122
0.85901
0.80538
0.84723
0.89331
0.83753
1.0093
1.4125
2.5942
2.8249
4.9888
11.94
10.715
13.9
16.218
16.711
9.3325
10.351
10.116
12.764
8.4333
14.223
13.677
14.825
11.967
19.679
12.19
10.965
23.442
11.35
17.579
13.646
13.366
15.959
10.209
20.941
12.735
13.213
16.293
11.858
13.305
8.4918
15.922
14.622
15.136
14.894
13.152
2.0701
7.8163
1.3002
1.3646
15.311
15.311
16.144
13.122
18.281
15.596
17.66
13.772
14.454
10.375
9.2683
0.8356
1.1143
0.88512
1.1429
2.7227
14.06
