6.9502
0.90991
0.77804
1.1912
0.98628
3.5481
7.9616
1.052
1.3183
0.88105
0.97275
1.4289
2.2594
0.82794
0.87096
1.0715
1.932
33.651
32.509
9.977
6.9663
5.188
0.97275
18.621
27.861
2.6485
15.56
18.155
16.634
2.6002
14.723
22.182
15.453
11.376
1.1535
4.0365
1.714
7.0469
11.246
1
0.77446
7.9983
1.3243
0.80168
0.76913
0.70469
0.70146
0.73451
0.69183
0.66681
0.73621
2.7416
11.94
7.9068
13.274
16.218
0.80353
13.002
0.85901
1.2474
4.8084
13.677
0.76736
0.75509
0.72111
18.03
12.106
21.577
17.14
22.699
12.647
1.4894
8.1283
12.417
14.191
18.967
15.849
21.627
0.81658
16.904
2.799
0.71945
0.90365
0.78524
11.35
6.1802
9.6383
1.3646
13.583
15.56
13.152
0.72277
2.3988
0.88105
0.88716
1.3152
0.98855
0.74131
14.791
17.579
18.88
14.256
21.478
0.84333
0.82985
0.80724
8.4528
11.995
0.73961
1.2589
1.2417
14.488
16.788
25.882
14.791
1.1272
18.155
11.169
15.959
18.836
14.928
10.304
17.378
13.583
0.93756
14.894
0.88512
4.3551
18.408
17.865
19.143
7.4645
1.9724
5.781
1.6331
17.14
10.544
5.4325
0.73114
0.78705
0.67608
0.69183
23.121
14.158
14.825
19.231
20.989
19.275
2.0277
12.735
11.402
1.0233
1.2647
1.9679
0.9594
0.82224
0.83946
3.8815
7.4131
0.70469
0.78886
0.7145
0.8147
1.7539
0.84918
15.56
9.528
18.323
12.023
20.277
20.512
0.77446
15.101
1.6672
0.77625
14.223
15.776
17.179
19.055
0.89125
14.655
10.471
10.568
0.98175
0.96605
1.1508
1.6218
2.9648
2.3335
31.117
14.791
18.88
18.664
20.184
10.864
19.999
13.274
0.86298
1.8113
2.7542
6.2087
19.679
20.045
18.113
16.106
19.187
19.055
3.3037
0.82035
0.77625
0.89125
0.89536
2.0512
1.4289
1.094
1.256
1.5453
1.3583
17.783
20.845
17.258
21.429
16.943
19.32
19.861
19.364
16.331
17.989
20.797
9.6383
15.776
16.52
14.028
1.3213
1.0186
3.0832
1.4791
3.342
0.80168
3.3963
13.274
1.1143
0.78886
1.8793
1.4488
19.907
19.364
20.324
15.631
17.378
16.827
18.836
16.406
11.614
15.849
0.88716
1.122
3.281
8.892
0.93972
0.98401
0.85704
0.85114
3.3729
19.454
15.74
14.859
19.454
16.144
19.498
15.959
4.2073
9.1622
9.977
11.614
15.031
18.88
18.197
11.803
15.205
12.331
4.5709
20.37
16.672
18.408
17.258
15.241
13.305
9.0782
1.2106
1.2023
2.9107
0.75162
0.87902
8.0724
18.88
1.028
3.4198
13.677
11.015
11.614
1.1194
11.482
0.86497
0.7379
1.6558
0.72611
0.82224
0.75683
0.80353
12.853
20.045
20.559
18.88
16.482
17.298
15.171
15.922
18.88
13.428
17.701
19.011
1.3213
2.729
0.69663
1.0209
12.735
11.35
1.1402
2.4322
0.76033
0.91201
11.561
15.596
12.05
7.5858
20.559
19.999
21.38
1.0069
1.4521
1.4757
1.1092
9.7275
17.783
12.503
16.406
18.408
12.942
11.94
13.062
2.5293
1.2274
2.3659
10.94
19.588
18.323
16.032
15.031
22.594
11.967
16.634
19.143
19.187
11.94
0.98855
0.87902
0.9594
3.0903
16.788
22.856
17.742
14.791
26.915
17.219
8.2414
18.113
15.453
26.915
0.83753
15.704
9.594
1.1885
2.9174
17.498
17.298
15.346
19.815
11.641
13.964
14.689
12.706
13.804
16.218
18.197
14.962
12.162
2.3281
1.0069
1.0965
1.3366
2.6424
10.233
0.7656
0.98628
0.84528
0.90573
12.134
16.144
1.5101
0.77625
12.503
16.106
1.4322
0.8531
0.79433
0.76913
1.6144
0.85704
0.92683
0.73114
0.82035
0.76208
0.70795
3.1189
14.655
16.904
20.606
11.858
15.56
17.418
20.749
15.346
12.359
18.03
20.749
14.588
0.96605
0.94406
1.3932
1.8239
1.3428
3.3343
1.0765
1.194
8.1846
12.078
17.701
7.6913
1.3836
17.824
17.061
17.947
34.198
18.113
14.622
19.409
11.695
1.5885
1.2023
1.3996
1.1324
1.3243
1.2445
0.9594
14.421
14.191
15.56
1.3183
1.39
14.555
18.365
1.1668
3.4594
1.4028
3.3963
0.75858
1.0351
0.66681
0.82414
2.7164
15.959
19.409
20.045
18.923
16.672
13.397
11.455
12.735
14.289
1.0093
0.8356
0.92257
1.7701
15.031
15.885
0.8995
1.6482
2.5823
8.1283
16.52
1.6482
13.062
12.735
15.524
0.82794
1.1066
11.668
17.022
22.131
19.77
15.241
14.825
18.535
20.464
16.368
19.143
17.219
15.959
10.046
16.904
17.179
16.293
18.03
28.774
16.788
29.785
10.351
14.093
11.535
11.803
8.1283
3.7931
1.5031
1.9011
1.8323
1.028
1.7989
12.735
14.655
17.061
12.331
14.06
21.232
0.73114
17.061
18.493
15.171
18.113
14.488
16.218
14.028
17.338
14.289
13.74
10.375
15.346
14.256
0.96828
1.5885
1.1749
1.1995
1.2618
1.0023
1.2331
1.2589
1.1015
0.89331
1
1.2589
1.3996
1.1535
1.6218
1.6218
1.3032
2.3227
1.556
0.82985
2.0559
1.1535
8.147
14.256
14.555
11.429
19.953
16.106
15.453
1.39
0.92897
1.7298
1.5885
13.49
16.032
18.197
13.709
15.959
16.444
23.014
19.143
1.2677
1.0186
0.89125
18.836
17.022
14.859
12.388
21.777
6.0814
1.194
0.76033
17.498
21.086
14.791
14.289
17.579
16.218
13.49
14.454
12.218
11.83
15.136
11.298
21.281
15.959
17.539
14.757
1.4388
18.578
16.749
20.606
19.679
15.668
2.5468
14.962
22.542
0.90365
1.0593
0.97051
0.8147
0.88512
0.90365
1.5066
2.1038
2.1577
1.9588
3.4435
16.144
16.368
14.997
0.7379
0.76208
1.1246
6.3973
17.539
24.547
19.187
1.3804
0.76736
2.0184
0.90782
1.0889
0.74473
1.8836
20.701
19.77
21.38
19.724
18.239
13.335
13.032
15.812
17.783
16.634
8.9743
18.836
16.943
15.276
35.4
14.289
10.568
12.274
5.5335
0.85507
3.6728
1.4622
0.85507
5.1168
14.894
19.634
3.3113
0.98855
2.5527
13.932
16.749
17.022
14.289
17.179
17.061
0.72277
18.365
19.409
1.3366
0.8531
1.3709
1.9815
1.6943
0.98628
2.0559
1.3646
0.8091
0.70795
2.3014
1.1117
0.87297
0.76033
1.9999
1.39
1.3335
0.80724
1.0691
0.96605
0.94842
1.3521
0.8414
0.79433
0.75858
0.84528
0.77446
0.81096
0.97949
0.67764
0.73621
0.88105
0.70632
0.81658
0.67453
0.70632
0.7656
0.68234
0.68865
0.6792
6.0534
0.75858
0.65917
0.69024
0.7145
4.4157
15.382
21.577
19.32
17.061
24.491
19.055
14.355
13.183
18.75
19.187
17.701
26.242
15.382
14.555
15.812
16.672
14.028
15.631
17.338
15.311
13.772
18.072
20.654
19.055
7.8705
24.717
0.97499
1.5453
1.6069
0.93325
1.2531
1.1803
0.75683
1.4962
15.276
1.1169
0.86298
0.72778
0.81096
1.4454
7.925
21.232
15.996
24.604
20.654
16.943
16.069
15.382
17.579
13.996
16.711
2.2387
17.865
17.219
18.75
16.368
18.323
17.947
16.943
16.982
1.1455
0.94406
6.3533
14.555
17.14
18.88
14.689
14.723
4.7643
10.965
11.402
17.298
16.558
15.922
19.099
2.3659
1.2912
2.5704
1.6596
2.0324
4.2855
9.3756
9.4189
14.555
14.421
21.727
13.583
16.181
15.524
18.113
19.861
14.289
23.174
3.1623
16.368
21.528
22.594
17.989
22.08
22.699
19.861
14.421
18.155
21.777
29.242
12.56
12.05
6.9024
15.453
15.922
2.0559
1.052
4.2658
1.0209
0.82985
1.4322
1.4655
0.75683
0.69823
0.7379
1.9409
0.90157
1.1508
0.69823
0.77625
0.8414
0.70958
1.8535
2.9785
0.68234
0.70146
14.655
16.982
12.078
28.054
18.365
17.022
26.792
17.701
18.88
16.144
16.444
16.368
18.664
2.1979
2.037
14.421
22.646
14.791
12.274
21.777
18.281
34.914
19.364
13.122
16.52
12.503
13.804
14.223
12.942
15.596
16.331
18.493
11.912
0.98855
14.962
12.531
14.06
24.66
1.0328
1.0399
1.0691
1.0914
1.1246
1.2503
0.84528
0.86896
1.2618
1.4355
1.2331
1.3092
2.2182
1.6255
0.75162
0.73282
0.75336
0.78705
0.83368
1.0666
1.2735
0.64863
0.66222
0.70632
0.66988
0.6223
0.64417
0.64714
0.71285
0.87297
0.77625
0.74989
0.81658
0.78886
0.77625
0.82224
0.76384
0.93972
1.074
1.1508
0.79616
0.94842
3.3884
1.0233
0.69502
0.84723
0.64417
0.62661
0.72111
0.62951
0.7145
0.66988
0.64714
0.75509
0.68865
0.72778
0.66374
0.69343
0.7145
0.78524
0.75858
0.66988
0.66222
0.66222
0.6792
0.67143
0.67764
0.68234
0.69502
0.84528
0.66527
0.64714
0.64863
0.67608
0.68234
0.71945
0.68391
0.64863
1.1402
0.72778
0.66681
0.64121
0.66222
0.67764
2.4044
3.4119
0.7379
1.8323
3.3729
8.0724
19.498
24.66
27.04
27.227
24.547
22.803
19.32
28.445
28.314
26.122
16.218
22.233
19.231
36.058
20.045
15.885
16.293
26.182
35.237
20.941
17.66
19.679
15.066
14.158
19.634
16.181
13.646
8.9331
14.622
4.1115
0.6792
0.66069
1.0715
2.4044
17.539
1.5453
0.9247
0.93325
8.6696
23.014
1.5668
1.1912
1.4962
2.0464
1.39
1.2618
1.1722
1.3964
1.1614
2.0749
5.5081
0.72778
2.5293
1.4488
0.67608
0.66069
0.73961
11.858
22.029
21.281
20.893
19.409
29.648
13.709
15.453
42.954
17.1
15.241
15.136
27.102
13.804
17.1
24.266
23.227
16.711
29.242
21.577
14.158
15.885
13.122
15.205
17.824
32.885
10.116
13.74
19.679
1.1455
3.1477
8.9743
15.417
12.246
16.331
21.135
28.119
20.701
15.417
13.274
12.134
18.45
14.223
13.932
17.579
14.028
1.6749
1.1402
1.0814
1.4521
1.1722
0.65917
2.5527
1.1561
1.3274
0.86099
0.77625
0.75162
0.72946
0.72111
0.76033
0.877
0.70469
1.8664
0.67608
0.69984
2.0749
3.2961
0.99083
1.3772
2.1928
1.194
0.94189
0.81283
0.93756
0.82035
3.8107
8.531
0.96383
14.454
15.631
17.865
17.824
1.0641
1.2303
6.368
16.788
14.689
18.45
24.322
16.711
27.164
19.143
20.277
13.213
16.827
26.242
13.9
16.255
13.772
15.812
10.74
15.382
14.757
36.983
27.164
13.614
5.42
1.3552
4.4978
31.477
15.776
10.617
14.06
21.727
18.578
14.791
20.941
13.9
12.677
14.421
0.79983
2.4266
1.0544
1.9907
1.9815
4.9317
2.3067
12.19
14.06
16.069
17.539
33.963
10.351
23.768
12.912
16.444
19.364
16.904
17.742
16.406
15.668
17.14
0.97499
2.3335
1.1695
1.135
14.962
18.365
15.205
16.982
25.119
18.664
14.355
14.622
0.88512
0.89536
7.5858
13.583
14.622
16.293
18.88
18.113
19.77
17.539
1.3521
0.89743
0.69502
1.4454
2.1928
2.1038
0.74302
0.68234
20.137
16.406
18.113
16.482
16.827
20.797
0.74817
0.72946
10.74
15.311
23.823
18.836
20.749
15.066
20.23
21.777
12.618
17.947
16.368
33.729
4.1783
15.524
14.655
16.943
16.943
12.882
1.5136
9.0157
12.078
23.442
1.1508
7.5162
16.106
16.106
14.928
12.445
18.707
16.558
14.125
11.066
16.52
17.865
11.912
17.1
4.8084
0.78886
1.1695
1.1641
1.4093
1.1858
2.5351
3.6058
0.84918
0.95719
2.4099
1.4355
2.9854
1.0447
0.8995
0.75858
0.77804
1.888
0.79983
0.80724
1.183
0.93541
4.6026
8.2035
0.95499
1.3002
1.5453
1.2706
1.2503
1.0209
1.3092
1.0069
2.4889
1.1695
1.3274
3.3343
1.1246
13.932
0.9247
12.474
12.388
18.072
19.588
19.275
14.588
12.882
21.979
21.577
8.7096
12.942
14.894
11.561
13.677
1.6596
15.205
0.98401
1.6634
15.959
21.038
19.77
15.524
15.56
13.552
15.171
13.428
12.246
17.298
17.906
24.604
17.865
31.623
6.5615
15.346
11.858
0.97051
13.122
17.824
19.275
21.727
17.14
12.677
17.66
13.002
17.66
5.1523
2.6546
18.793
15.668
15.136
12.647
12.647
12.647
12.246
26.303
20.417
13.646
13.428
13.366
11.912
10.691
9.3325
11.641
13.428
1.2218
1.5812
1.4859
2.1086
1.0715
11.588
17.783
15.311
27.353
11.641
1.6866
1.6866
9.9541
16.943
4.6559
1.4825
1.0093
11.508
1.4928
1.8967
0.66834
13.614
1.803
1.4158
0.9977
1.194
1.1749
1.4555
1.0423
0.87498
1.2972
1.0471
2.0797
0.84723
1.2823
1.1588
2.1577
1.4191
1.4962
1.3964
1.1885
1.0641
0.74473
1.0965
0.73282
0.68077
0.65313
0.69502
0.64417
0.70307
1.762
0.69183
0.68707
0.70795
0.69343
0.72444
0.97051
1.1995
1.8365
3.6983
1.652
6.1235
0.82035
0.65313
0.66834
0.65313
0.72946
1.7824
0.8892
0.76736
0.77625
0.77804
0.73282
0.78163
0.80353
0.89743
0.79799
1.4894
0.75509
0.71945
1.2706
0.67298
0.66222
0.67453
0.65917
0.66527
6.5013
2.2909
1.2677
1.5205
0.92257
1.4223
0.70146
21.086
17.62
22.439
19.364
30.903
17.378
22.336
17.219
20.37
26.062
15.101
13.804
21.086
12.912
16.943
17.179
18.75
16.406
40.179
15.74
9.3111
4.6559
16.106
20.701
19.861
17.338
40.087
0.86896
7.4989
22.803
17.418
33.963
16.596
38.459
15.812
23.659
9.3111
10.593
0.99083
1.9861
0.63973
18.197
16.482
16.218
23.714
14.962
17.14
18.793
17.1
0.93541
13.9
9.2683
15.776
20.091
24.434
12.589
25.763
18.923
17.298
29.444
14.997
15.812
15.101
13.213
11.722
11.722
12.503
0.91411
1.2531
1.5596
0.97051
10.139
12.882
14.825
17.498
18.281
36.813
13.836
15.346
17.62
18.155
0.79983
3.8815
1.1117
0.73451
0.6223
4.2462
0.84333
0.74989
1.2912
1.052
1.0162
1.4289
1.205
1.5382
1.3709
1.3032
1.5704
1.5031
1.8323
1.5066
2.1135
0.68549
0.71285
0.66222
0.94406
2.3388
0.68707
0.6792
0.66527
0.70795
0.63533
0.71945
1.652
1.845
0.64714
0.88716
4.5709
2.3067
1.1858
0.97949
1.3964
1.3709
2.7733
0.72277
0.70469
0.81846
0.75858
0.86896
0.80168
0.85114
0.83946
0.77268
0.82035
0.84918
0.74302
0.74989
1.39
0.69663
1.1246
0.67143
1.4791
0.69823
0.90157
0.67453
0.76033
1.5346
0.72611
0.69823
0.74817
0.74989
0.75336
0.74645
0.68077
1.4421
1.094
0.75509
0.69183
0.71285
0.75162
0.66374
0.67298
0.69984
0.72611
0.70307
0.70632
0.67764
0.78524
0.68234
0.70307
0.76208
0.69663
0.68865
0.82414
0.64417
0.74817
0.70469
0.70146
0.71614
1.6749
0.78343
0.66222
1.0765
0.72444
0.73282
2.2491
0.69823
0.67453
0.67298
0.66988
0.72778
0.76208
2.1677
0.68865
0.74645
0.68077
0.74131
0.85507
0.71945
0.69823
0.70146
0.71121
0.69183
1.0715
0.9506
1.2303
1.2388
0.90991
1.8365
3.3113
0.88105
0.67143
0.7379
1.2764
0.9977
1.4256
0.66222
0.78343
0.65313
0.77983
0.65013
0.77625
0.65013
0.66834
0.66527
0.73621
0.75336
0.70469
0.69663
0.68234
0.69024
0.67608
0.68865
0.77804
0.64714
0.6792
0.7145
0.66527
0.72946
0.73451
0.64417
0.70795
0.67143
0.72946
0.65464
0.68865
0.69502
0.73961
0.68234
0.71614
0.74817
0.89331
0.80353
0.68391
0.77983
0.7379
0.73621
0.76384
0.90573
0.74817
1.4555
0.70795
1.0399
3.1189
1.3366
0.68707
0.70146
1.5631
0.69502
10.023
2.4717
0.65615
0.70307
0.76913
4.3152
0.65766
0.69183
3.5318
12.853
11.35
18.578
15.276
17.258
15.704
11.858
19.143
16.406
13.459
13.583
0.74302
1.0116
9.5719
11.35
1.3335
1.4555
1.194
2.541
6.5766
11.588
12.19
9.0991
18.072
13.614
11.858
16.406
17.1
14.588
13.305
14.859
13.74
7.4473
10.839
11.298
16.827
13.677
12.853
14.388
13.964
12.942
0.69502
10.069
10.544
11.83
14.825
15.488
14.791
12.589
19.588
6.7608
0.78886
0.77983
1.0447
9.6383
10.544
17.378
14.289
13.428
11.455
13.243
14.355
14.962
12.162
12.106
12.503
16.982
1.1858
1.4028
1.9498
1.8621
9.9083
16.444
11.015
2.2131
16.032
17.947
14.723
8.6099
15.382
18.793
13.335
13.459
7.1945
14.421
22.491
15.849
9.7051
17.061
18.707
16.218
15.849
11.749
0.80538
0.67143
1.1967
1.7378
0.72111
0.70795
0.77625
0.85704
1.8923
13.243
12.647
18.239
11.995
0.79616
1.1885
8.5114
10.447
11.94
11.117
11.776
11.967
15.959
20.464
11.324
5.4954
12.912
12.274
1.0839
1.0093
1.2303
1.6218
1.5346
0.8995
1.1015
1.6711
13.964
28.973
15.311
30.549
22.594
16.368
16.827
13.305
17.298
16.711
31.333
10.765
11.508
18.072
17.378
12.912
1.2503
8.6497
14.125
15.382
12.589
22.699
19.543
20.091
10.864
12.764
26.73
16.634
10.304
11.535
11.912
13.49
19.143
20.184
16.218
13.335
13.305
12.023
9.0991
14.894
12.764
13.002
9.5499
1.6788
1.6144
11.429
19.099
14.158
31.915
14.488
13.677
12.677
1.0568
0.83368
9.1833
11.143
15.596
12.106
14.689
12.618
12.972
17.298
22.909
2.7925
1.7298
18.239
22.542
17.498
21.928
18.793
20.37
14.521
38.905
15.311
9.247
10.544
14.093
16.596
2.133
12.706
10.914
21.232
14.322
12.942
20.137
10.304
0.7925
0.87902
7.8524
10.447
0.86696
10
11.722
12.647
14.689
10.447
12.589
10.691
11.455
19.454
10.257
14.256
12.474
4.4157
4.121
6.9984
18.239
36.308
6.6527
0.84918
7.7268
13.366
26.792
9.977
1.219
13.062
18.923
19.231
16.444
33.113
11.35
8.8308
15.776
13.243
11.588
11.588
4.2073
1.6788
12.942
15.417
15.849
13.932
15.849
1.2618
1.1246
1.4791
1.2417
4.3053
1.4588
1.3213
1.4355
1.4689
1.9907
1.219
2.0091
0.6792
0.71945
0.75683
0.74131
5.9979
0.83176
1.9454
1.1641
2.541
0.69984
0.77804
0.67608
0.67764
1.0139
0.71121
0.74645
0.73114
0.73282
0.73621
1.0839
0.71779
0.96605
0.88716
1.1429
0.67143
0.67453
16.943
10.889
13.032
16.827
22.233
12.19
30.13
30.061
16.943
14.962
16.255
9.3756
14.06
16.749
22.08
14.962
16.904
13.868
22.699
12.078
23.121
1.256
1.052
8.3368
1.6634
2.729
1.4191
0.86298
0.64863
2.8973
9.506
16.866
15.959
37.584
13.305
16.672
17.539
20.845
12.05
14.125
18.323
17.022
12.331
12.388
17.298
16.144
33.963
28.51
16.368
15.631
15.101
15.704
10.328
14.191
8.2985
19.364
27.606
11.561
25.942
13.305
10.116
21.677
8.1658
5.6364
4.256
1.2274
10.691
15.066
17.219
13.274
21.727
16.52
12.882
10.495
11.722
14.488
13.243
15.74
12.912
13.213
13.213
10.544
14.06
11.376
12.388
7.7625
13.428
0.91622
0.85901
1.0839
0.68549
8.2604
14.158
15.885
7.9983
16.106
11.695
1.1668
14.894
17.579
16.331
10.328
12.677
1.1535
0.75336
6.9502
12.794
14.093
15.276
0.71121
0.78343
0.90991
14.622
1.4454
0.99083
0.85114
8.2604
13.305
5.0699
17.179
15.346
20.701
13.274
20.941
14.791
22.387
18.281
17.022
14.322
8.5114
11.143
18.535
14.289
15.524
19.999
20.559
17.579
15.996
14.757
4.9091
14.689
1.1455
1.2388
0.97949
0.77625
1.2388
1.2023
0.68234
2.5527
0.74302
0.67608
0.7145
0.6792
0.7145
0.68077
0.64714
1.4757
1.5959
1.0889
1.256
1.3397
1.6106
1.2853
1.3996
1.2445
1.1194
1.2853
1.8664
1.4757
1.205
1.4355
2.6182
1.3868
1.2218
1.8493
0.80538
1.2218
2.8642
1.1776
0.69984
0.85901
0.80353
0.96605
0.78163
0.81658
0.70958
0.66834
0.70958
2.3227
2.037
2.5704
2.0512
1.8408
5.0582
0.7145
0.75683
0.74473
0.70795
0.70146
0.70469
0.69024
0.66681
0.74302
6.8234
19.679
21.281
17.865
19.588
24.547
18.408
16.866
13.428
21.677
16.032
30.409
13.213
24.547
18.707
18.365
35.4
12.274
16.749
15.524
11.776
13.152
13.397
0.82414
1.2823
1.4859
12.735
10.471
14.355
29.242
0.75683
0.76913
3.4435
17.258
13.397
1.7865
3.8548
12.274
18.535
19.143
14.488
18.113
22.542
23.659
20.654
9.6605
11.858
13.092
11.015
11.324
7.5858
20.654
12.589
12.853
16.904
15.241
13.709
12.706
11.092
20.559
1.1668
2.7164
18.45
14.521
16.218
15.704
1.9231
4.4566
1.3996
10.814
18.75
23.227
20.989
19.953
19.409
13.614
14.454
15.241
11.143
20.941
14.322
15.996
14.928
7.4131
13.305
10.544
1.0162
0.77268
8.5114
6.4565
13.552
1.9815
0.89743
1.0139
1.1143
3.1477
1.2162
1.0889
0.68234
10.864
15.488
18.239
14.622
15.704
17.1
10.715
9.977
18.578
13.836
15.704
28.314
14.322
11.22
4.5709
13.152
7.8343
15.776
0.85114
14.655
22.909
14.191
22.439
18.836
6.5313
1.8239
0.90782
0.70795
13.335
16.672
11.272
0.78343
10.471
15.668
20.137
13.062
18.88
9.2257
1.0691
0.94624
1.71
0.67764
22.182
13.366
12.972
13.804
19.364
17.865
6.8707
12.05
12.794
15.524
0.72946
0.75509
0.93111
8.7096
12.706
19.679
12.972
2.1627
2.3335
2.8249
18.323
15.488
13.092
11.803
17.498
16.866
15.668
13.428
13.366
9.6161
12.274
12.56
9.4406
10.375
11.858
13.062
12.972
13.804
0.76033
8.7498
14.355
15.812
17.022
20.184
11.482
10.023
14.421
16.904
10.889
14.093
14.191
17.66
11.641
3.4356
0.73451
0.77625
0.72277
1.1722
0.7656
9.3972
8.1658
0.72111
3.2063
8.9125
10.99
13.002
14.028
13.183
0.71779
6.4269
13.521
12.912
15.382
0.7656
1.3552
0.78705
1.2023
14.655
13.152
16.331
15.596
12.274
10.046
13.062
20.37
14.521
3.5975
0.84723
1.4588
13.772
13.646
19.543
14.588
16.406
21.038
8.6298
1.4488
9.7051
10.544
11.858
15.066
15.74
7.4473
12.823
16.904
13.677
23.067
17.179
17.906
17.061
11.695
9.7499
9.7499
19.999
14.028
16.032
16.293
14.256
21.429
21.429
21.429
9.6605
13.964
23.335
16.788
9.8855
16.749
13.646
1.2023
0.72111
0.71614
10.568
11.041
23.227
18.793
27.479
11.376
10.423
2.037
0.77446
3.6983
10.617
0.88308
0.93325
3.6141
0.7925
0.75858
0.67453
1.8923
1.0069
2.5468
1.1749
1.6788
1.4289
1.6255
1.4256
1.1402
1.5031
8.5704
8.7498
14.655
18.072
15.346
26.424
12.823
15.631
17.66
19.907
18.197
15.631
13.032
10.375
16.368
15.849
16.368
12.56
15.241
17.579
12.764
11.246
13.932
17.179
15.996
14.723
7.8524
12.331
14.689
14.028
16.144
13.428
13.459
0.91833
0.90157
8.8105
9.4842
15.596
11.912
8.091
8.0724
3.9084
2.4547
4.6881
13.122
6.8234
10.641
14.388
19.409
11.967
4.8865
2.2803
0.82414
0.877
2.0277
2.3281
1.2647
0.69984
0.75509
3.6058
0.89331
12.274
17.989
17.378
18.967
23.55
21.086
15.849
11.94
19.187
13.243
13.366
22.542
18.75
17.824
18.793
27.353
25.351
18.072
19.055
10.495
11.695
17.579
3.8459
1.8155
0.89125
5.1404
12.078
27.227
14.223
16.711
15.066
15.346
23.388
18.408
25.586
23.227
21.979
13.032
17.947
20.893
12.162
16.368
14.388
13.274
13.335
23.067
17.298
10.046
14.289
13.49
11.749
15.417
0.72611
9.6828
10.789
0.89331
10.914
17.824
16.255
19.454
14.421
16.634
10.765
14.06
8.9536
0.71945
0.71779
2.3014
4.5394
1.1482
16.672
22.233
16.711
17.947
19.588
24.266
12.417
4.0644
10.789
5.4576
19.099
7.1614
18.239
22.646
17.298
15.668
19.409
14.689
15.241
12.706
0.79616
4.5499
2.1429
9.9312
14.928
23.714
19.409
15.704
23.121
17.298
14.962
16.406
12.764
27.227
19.77
22.646
20.893
16.032
17.66
14.454
12.303
21.184
20.184
21.429
13.804
19.588
18.923
23.605
30.409
26.303
14.791
24.266
10.423
7.2444
18.75
23.227
18.323
26.792
26.363
22.029
22.594
17.989
23.933
23.823
23.714
16.255
16.596
19.634
21.577
26.792
25.704
17.62
24.266
7.2946
2.4774
3.8019
19.454
20.559
1.0544
1.3122
3.5156
7.0795
0.75683
0.66681
0.69984
17.498
25.763
17.906
18.88
20.23
25.823
30.903
22.284
25.293
26.792
2.1727
17.258
19.679
25.119
26.122
18.578
17.219
15.311
22.131
17.947
13.49
14.158
10.568
29.512
8.6896
0.76033
1.5417
4.6559
25.586
18.88
25.177
21.528
14.928
21.281
8.0724
2.421
15.668
14.125
16.982
14.521
17.219
12.106
11.668
1.9099
14.223
11.641
14.322
0.84333
1.4723
14.223
13.213
12.794
22.594
21.135
16.069
23.768
21.135
24.774
29.107
25.061
29.107
24.604
25.061
26.062
32.509
19.454
20.277
20.464
21.478
18.365
15.812
16.634
16.558
31.623
21.281
12.706
12.56
26.363
13.122
26.73
11.94
15.704
11.015
17.539
13.964
11.324
8.2604
0.77446
12.274
12.106
11.246
12.647
25.41
7.5336
0.83176
0.82224
1.0046
10.186
17.14
15.668
20.701
21.979
14.689
18.75
22.387
12.735
2.8973
14.588
17.906
18.239
17.865
13.002
10.186
13.305
1.4454
1.2853
1.349
5.3456
11.246
19.907
15.631
20.606
16.069
17.62
14.355
24.434
16.827
15.276
23.174
0.71945
11.588
18.03
15.031
14.191
14.488
18.88
15.668
9.3541
16.904
9.8855
12.162
18.281
19.498
17.14
33.113
11.995
13.836
15.776
11.588
23.496
14.223
1.2162
1.0691
1.4093
0.85704
1.3868
1.6032
13.459
20.941
16.293
17.947
1.1641
11.94
16.255
0.76208
12.618
21.827
27.353
27.29
20.845
27.227
27.353
23.659
17.1
2.0417
16.444
19.999
21.038
25.293
17.579
19.999
20.137
18.45
16.255
19.724
17.022
16.827
11.324
13.552
14.06
14.791
16.827
25.119
22.233
12.388
19.231
16.634
11.455
1.9143
1.1641
14.859
19.498
28.184
20.701
16.634
20.749
23.605
12.972
26.242
21.184
25.293
22.961
19.409
21.777
22.439
26.669
23.174
27.606
19.953
22.029
19.953
22.182
22.909
22.131
16.904
18.072
17.061
15.74
24.322
2.0324
3.9994
1.0116
1.3213
15.959
23.496
22.594
21.429
18.113
26.485
15.524
20.654
19.815
27.164
16.181
27.04
21.478
26.853
19.861
21.429
23.121
25.882
23.067
28.907
23.067
29.174
20.045
30.269
19.099
14.997
21.281
18.836
22.387
18.155
27.479
30.339
31.696
22.646
30.549
25.763
25.061
23.496
18.408
19.275
8.6497
1.6331
1.5101
4.3652
3.54
18.621
9.528
14.655
28.774
24.491
20.606
25.645
16.482
38.815
26.363
25.177
23.227
20.749
19.231
13.274
21.232
25.763
1.4997
22.699
24.946
29.04
22.233
23.823
23.174
27.164
30.549
22.08
21.878
26.002
21.979
0.91411
13.964
25.942
23.174
24.604
28.184
37.154
27.04
9.528
23.878
26.242
16.032
24.21
22.594
22.856
24.604
27.416
22.751
31.623
31.915
25.586
24.604
29.376
23.496
16.672
26.546
16.749
31.189
16.331
23.605
27.29
14.928
30.13
22.594
23.823
20.091
19.32
15.066
16.982
26.002
14.256
31.189
27.99
22.856
25.527
28.774
30.269
29.512
22.439
20.091
25.704
23.55
24.547
23.335
28.708
23.823
25.823
27.29
16.144
28.708
25.177
25.468
29.512
20.606
18.155
17.378
18.621
23.067
20.701
16.52
20.606
31.261
25.003
26.853
23.067
15.996
19.187
13.614
22.594
22.182
24.604
24.491
21.038
27.353
22.699
23.768
23.823
25.823
13.152
24.434
26.062
20.606
16.144
16.749
0.75162
0.79799
0.71779
0.75162
11.885
23.768
18.664
25.003
16.866
13.032
24.831
17.742
22.856
4.7973
5.2
21.577
27.416
22.08
24.946
26.485
18.793
19.77
30.69
19.231
23.768
16.52
18.707
25.823
12.618
21.777
27.164
0.97499
2.4491
19.231
19.724
22.856
20.749
17.458
19.634
15.74
17.824
25.704
25.351
23.933
20.37
23.014
15.524
1.205
0.7145
1.0544
1.406
0.74645
0.81283
0.77446
0.67143
1.6106
1.0814
28.84
18.836
23.121
30.62
28.907
23.388
25.823
29.107
2.8907
26.977
28.973
21.38
23.067
22.646
24.21
18.072
24.831
24.491
23.067
21.727
22.029
19.679
12.359
15.996
20.045
17.947
21.33
18.072
19.498
26.122
25.704
25.586
17.14
33.729
25.119
30.2
21.429
16.181
15.417
10.304
14.454
25.351
12.735
19.999
26.546
28.119
33.266
16.749
29.648
13.868
22.909
20.749
28.973
22.961
32.734
23.496
23.496
23.442
19.32
22.387
1.7258
1.1066
2.355
24.322
21.979
27.102
19.143
22.594
29.309
26.002
23.227
16.406
25.351
19.543
26.977
21.33
16.482
16.406
18.621
0.75162
11.588
19.143
14.322
29.376
12.445
21.429
19.861
22.803
15.346
19.454
20.512
16.106
22.491
16.293
18.072
24.099
13.366
16.827
21.528
7.2444
15.488
17.061
18.664
13.152
20.701
23.714
8.3176
23.335
14.622
3.4119
9.9541
18.239
19.409
27.102
25.003
24.322
23.933
21.777
24.547
20.941
27.733
32.659
20.701
28.119
24.378
29.107
28.907
21.827
3.8194
2.1727
22.751
27.733
25.41
30.409
0.88512
1.5959
9.7051
22.491
26.853
22.387
29.107
22.803
19.187
23.174
17.498
26.122
20.045
22.751
19.187
14.555
22.909
16.943
21.232
20.606
18.323
29.107
14.622
15.524
14.962
22.699
16.596
2.0606
0.7709
0.89331
1.1169
3.3729
16.218
18.967
30.974
27.29
27.227
24.831
25.061
18.072
28.184
30.62
27.353
23.335
26.122
26.424
27.925
3.3806
12.359
24.099
26.002
27.416
17.865
32.285
25.41
12.388
25.351
14.028
32.063
27.479
27.102
19.32
22.909
20.091
13.397
28.445
26.546
15.101
25.468
21.33
17.66
30.409
26.73
26.002
25.645
24.547
20.845
17.865
27.606
24.774
22.542
22.542
26.182
30.2
24.831
19.77
23.823
16.596
20.797
25.527
25.823
24.946
15.959
27.861
25.351
12.388
16.596
20.893
21.135
18.408
17.458
17.989
19.055
21.577
10.715
28.708
20.23
17.061
19.055
10.399
12.359
25.942
32.359
29.512
32.584
27.227
29.854
23.714
23.388
23.281
24.66
23.605
18.836
23.174
15.776
12.853
23.878
20.324
23.605
0.8892
1.8072
13.614
23.659
29.648
24.21
23.496
24.831
17.824
25.003
27.797
26.977
29.992
25.351
14.388
29.444
28.054
18.113
21.281
30.832
15.885
13.49
19.861
24.044
15.066
22.387
19.099
19.77
22.284
27.861
17.62
27.861
17.539
19.999
27.479
30.903
19.498
22.542
16.52
17.701
18.836
19.011
25.586
24.717
18.923
26.607
23.496
25.41
15.241
28.907
22.856
6.5013
21.979
20.845
16.672
15.922
27.733
23.768
16.444
0.94842
1.2882
2.8445
0.87297
0.7145
0.79616
0.75858
0.82224
1.4191
3.5727
21.232
23.335
27.164
13.74
26.73
26.122
24.155
31.769
15.524
27.29
23.014
20.091
28.907
24.604
18.197
18.88
20.749
17.022
17.14
20.941
21.878
20.417
26.669
9.6828
0.93756
1.0351
1.2764
1.0375
1.3002
1.4488
1.3243
19.498
24.889
23.768
18.365
23.55
26.607
26.363
23.121
18.493
23.714
21.577
23.281
28.314
18.621
30.832
19.77
25.468
2.0749
6.792
3.9902
15.417
20.559
29.04
28.84
28.642
24.889
31.261
18.621
28.51
2.5293
20.559
30.832
19.32
22.131
14.125
17.62
28.642
27.606
22.751
26.73
27.353
26.546
23.933
24.155
24.717
19.724
18.923
22.336
27.99
22.699
28.708
24.547
28.576
21.33
17.947
16.982
16.672
23.014
17.298
22.909
11.066
23.388
31.333
23.281
19.498
22.029
13.213
21.577
27.102
22.284
24.889
31.046
5.0816
15.241
24.717
27.797
24.155
31.55
19.231
26.977
30.339
21.928
18.621
3.6728
1.4125
21.727
27.669
28.774
22.439
18.197
27.416
24.434
16.181
22.542
28.642
28.379
28.84
34.198
20.512
25.645
27.04
32.659
27.479
27.164
22.646
21.478
22.751
17.378
22.594
29.992
22.646
27.102
21.38
30.2
22.909
25.41
16.52
19.907
29.717
23.281
26.607
30.62
24.66
24.889
22.336
18.88
1.6032
1.3032
1.1169
8.4528
27.416
18.923
27.669
31.989
28.642
32.434
32.885
3.9902
28.973
22.856
13.122
21.827
28.314
29.923
27.925
26.062
26.669
30.339
26.607
23.227
28.576
30.339
25.527
17.418
24.434
19.815
20.37
23.335
20.464
15.922
16.943
24.491
22.387
17.947
23.988
20.989
19.815
21.827
23.496
27.925
26.607
29.854
27.861
25.41
21.281
25.763
21.232
14.521
21.528
19.679
20.37
26.363
28.51
10.351
26.669
22.284
24.21
29.58
24.266
25.882
12.56
15.276
1.1194
9.4189
15.171
19.77
23.605
22.542
1.0023
20.941
27.227
18.493
18.836
15.849
17.298
16.293
19.409
17.906
28.576
18.664
27.29
32.137
1.6711
2.2336
26.485
23.281
26.242
23.174
27.925
26.792
33.884
30.061
28.314
37.411
30.339
23.227
22.699
20.701
19.055
20.797
27.04
21.878
23.174
26.242
27.542
19.143
26.363
28.184
31.477
24.044
31.261
33.42
19.498
19.454
13.74
28.054
23.933
21.627
21.478
18.365
15.346
18.836
26.424
15.631
27.04
27.29
21.627
13.274
1.4894
4.9204
16.444
29.854
18.535
32.434
32.659
30.549
30.409
25.003
28.314
32.359
30.832
22.182
27.733
21.038
24.774
16.634
3.3806
26.792
22.439
20.559
27.733
17.906
20.941
31.333
27.102
26.792
26.363
31.405
29.648
23.227
23.496
24.155
25.293
13.836
1.5596
1.0666
19.679
35.975
24.831
27.164
19.543
24.889
30.339
27.861
17.498
28.314
28.054
26.546
29.854
23.878
30.409
27.227
20.091
26.73
19.055
36.813
17.179
27.606
27.04
25.41
23.281
29.309
25.586
31.117
16.444
8.3753
1.5668
2.3768
23.823
26.546
32.584
15.959
26.424
34.277
27.416
19.275
28.184
22.856
20.324
23.714
16.904
27.733
33.113
25.061
24.491
25.704
28.774
13.583
6.6222
24.889
26.002
27.733
20.184
1.0765
1.9815
24.044
29.174
19.409
24.946
19.907
29.242
28.774
32.81
29.923
26.122
31.623
29.512
21.677
26.363
29.923
25.704
27.04
38.019
12.882
13.49
23.067
35.156
26.73
34.435
12.618
25.061
28.119
26.424
30.13
22.233
36.475
32.285
29.309
27.542
37.931
28.973
21.232
25.763
23.496
28.84
28.445
21.979
3.8459
20.749
33.42
23.388
20.184
27.861
25.942
22.961
23.227
21.528
4.9317
1.3397
4.1495
30.62
24.155
20.941
30.974
25.704
28.708
26.73
16.218
29.309
32.659
29.444
28.054
42.756
38.637
30.761
31.477
33.963
35.075
37.497
25.351
35.727
34.914
39.994
33.884
31.696
36.728
7.7446
35.481
37.67
30.903
38.371
22.387
35.645
23.067
34.435
29.58
29.444
31.989
31.046
21.429
32.584
34.041
37.154
38.019
29.512
39.902
37.325
27.164
30.69
32.885
23.014
30.832
34.277
36.898
40.365
34.277
35.975
33.574
24.774
34.674
33.651
