29.242
0.95499
1.0139
40.272
0.86696
1.0046
0.76913
0.73621
0.78705
0.74989
0.72111
1.0617
0.8091
0.87096
0.93111
0.84528
0.85114
1.5171
0.77268
0.73961
1.1722
0.75858
1.7783
1.2331
0.70632
1.1429
1.1588
1.1967
0.90991
0.88105
0.87297
0.83176
0.76033
1.0186
0.82604
0.89536
1.1885
0.80724
1.0914
0.94189
0.80538
1.3243
1.1803
1.3305
3.2885
1.2677
1.1246
1.3428
0.86497
1.3122
1.2503
1.1455
1.5241
1.5276
1.3183
1.1324
1.4191
1.4521
1.1912
1.9364
1.4825
9.2897
0.91833
1.1272
1.0093
0.7656
0.91622
0.71614
0.82035
0.81846
1.2078
0.90782
0.86099
0.8147
1.7458
1.9011
1.0617
0.83176
1.1561
1.1272
1.5066
1.0914
2.3281
2.7542
2.7102
0.68865
0.96161
0.78343
1.1429
1.5346
0.82414
1.2246
0.95719
4.2364
1.6711
1.8365
1.3152
0.69984
0.75683
0.65464
0.68391
0.73114
0.90573
0.83753
0.68865
0.96161
0.80353
0.79616
1.2417
1
1.0209
0.7379
0.72611
0.81283
0.68865
0.72611
2.1727
1.5346
0.93756
1.6866
3.7844
1.0864
1.2794
1.0447
1.0209
1.3836
2.7669
0.68234
0.72111
0.67298
0.69823
0.70146
0.8414
0.70307
0.74645
0.77983
0.78524
0.77446
0.78886
0.85901
0.71121
0.77625
1.074
0.85507
0.70958
0.72111
0.81096
0.70146
0.68865
1.6144
1.9055
0.87498
1.1535
0.69024
0.67764
0.68391
0.66988
0.69343
0.75336
0.75858
0.69502
0.65464
0.64863
0.70307
0.65313
0.68234
0.66988
0.63826
0.6792
2.1232
0.83753
1.0789
0.95499
0.90157
1.1041
1.5171
1.6596
1.2706
0.96383
1.099
2.3659
0.6368
0.63826
0.73451
0.74645
0.69823
2.5586
0.82985
0.69024
0.76913
0.73961
0.83368
0.74302
0.96383
2.3714
3.6813
0.64121
0.68077
0.80538
0.78524
0.83368
0.70469
0.7145
0.68234
0.69024
0.68865
0.65766
3.2659
0.97724
1.8197
1.3459
2.1878
1.6181
1.2445
1.3836
1.0617
2.5293
0.69502
0.85901
0.71285
0.66834
1.2677
0.80353
0.71285
0.79068
0.72111
0.78886
0.72778
0.80724
0.82414
0.82985
0.73282
0.77446
0.75509
0.74989
1.2134
1.8365
0.8147
1.052
1.3092
2.3988
1.0641
1.1561
1.714
1.762
1.4322
0.69183
0.67764
0.74131
0.69823
0.69343
0.71121
0.81658
0.74645
0.76208
0.67453
0.7656
0.79068
1.1614
0.7709
0.77625
0.69823
0.73621
0.74645
0.68077
0.73451
0.71614
0.76913
0.68865
0.79433
0.7656
0.76736
0.7145
0.70795
0.74817
0.73621
0.73621
0.76384
0.70958
0.69663
0.77268
0.66681
0.74302
0.68234
0.73282
0.73961
0.75336
0.78343
0.64565
0.68234
0.72444
0.66527
0.92257
0.72778
0.70469
0.75509
0.69823
0.68234
0.76033
0.71285
0.70958
0.69502
0.72946
0.74131
0.97051
0.73114
0.75509
0.71121
0.75162
0.68234
0.73282
0.96605
0.68865
0.73451
0.8995
0.83368
1.4355
0.67764
0.69663
0.67764
1.0593
0.74131
0.80353
0.81846
0.93541
0.65917
0.7925
0.73451
0.73621
0.73114
1.0023
1.0399
0.68234
0.68234
0.69502
0.68707
0.72444
0.66374
0.76033
0.70632
0.69183
1.3062
0.89125
0.73114
0.79068
0.73114
0.76208
0.7379
0.83946
0.82985
0.69343
0.70795
1.0423
0.72946
0.69183
0.76736
0.66527
0.78886
1.5922
0.70146
0.69984
0.69502
0.70795
0.90573
1.406
0.68077
0.6792
1.803
3.2961
0.64714
1.028
0.78163
0.75509
0.67608
0.99083
1.845
0.96161
0.91411
1.2303
3.7931
3.3806
0.70469
0.69343
0.75858
0.78163
0.68234
0.66834
0.75509
0.68549
0.72111
0.71945
0.71614
0.66527
0.73282
0.87096
0.97724
0.78343
0.74302
0.74645
0.68865
0.71779
0.77625
1.5704
0.69183
0.64863
0.69823
0.98175
0.71779
2.2029
1.0965
1.0691
1.0069
1.1298
1.2823
1.714
1.0399
2.1232
1.1885
2.0512
1.2106
2.799
1.7701
1.3032
1.2647
1.1298
1.4028
2.6669
2.3714
0.74131
0.78886
0.79433
0.73621
0.72111
2.466
2.5235
0.78163
0.75683
0.79616
0.70795
1.052
0.71614
0.79799
0.66374
0.68234
1.8923
0.77804
0.68865
0.72946
0.70795
0.66527
0.72611
0.71779
0.71614
0.72111
0.68707
0.69663
0.67453
0.70958
0.68234
0.69183
0.70469
0.66527
0.66374
0.67298
0.73451
0.70632
0.69502
0.77625
0.69343
0.65464
0.67608
0.64417
0.73621
0.77268
0.74817
0.68077
0.70795
0.69663
0.70307
0.66527
0.67143
0.8414
0.72444
0.66988
0.68391
0.70469
0.68077
0.64417
0.68391
0.64121
0.71779
0.70307
0.65313
0.65615
0.68234
0.70469
0.78524
0.69343
0.67453
0.6792
0.69823
0.68234
0.67453
0.70632
0.89536
1.2589
0.70469
0.74645
0.68391
0.65313
0.73282
0.74302
0.69183
0.6792
0.70958
0.68549
0.74817
0.66681
0.69663
0.66988
0.69343
0.75336
0.70795
1.0447
0.76384
0.66374
1.0069
0.69984
0.72277
1.0046
0.7709
0.72111
0.75336
0.70958
0.83946
1.1885
2.1577
0.70307
1
0.8892
1.1246
0.88716
1.1455
1.2882
1.1324
1.4028
1.1272
1.5996
1.2589
1.6106
0.84723
0.98401
0.68707
0.9594
0.77268
0.76208
0.80168
1.0593
0.67764
0.77268
0.78524
0.70958
0.7379
0.72778
0.72946
0.69502
0.70632
1.0351
0.66069
0.73451
0.87498
1.8836
0.79433
0.78524
0.67453
0.66222
0.76913
0.70307
0.69024
0.67453
1.0666
0.66988
0.64269
0.69663
0.69823
0.89125
0.65766
0.90157
0.68707
0.69183
0.69984
0.68549
0.70307
0.70958
0.73961
0.8892
0.68865
0.69502
1.4689
0.68234
0.65766
0.72611
0.69984
0.67143
0.72277
0.71285
0.65917
0.87902
1.4256
0.75683
0.69183
0.74645
0.69343
0.83753
0.7145
0.73451
1.1455
0.66834
0.68077
0.69343
0.76033
0.67608
0.64269
0.70632
0.70958
0.7145
0.68391
0.68234
0.66834
0.66527
0.71945
0.70469
0.74473
0.66374
0.70795
0.67764
0.65615
1.0046
0.93756
1.3002
0.68549
0.75509
0.8414
0.9247
0.70958
0.8356
0.76384
0.72778
0.69343
0.67764
0.69823
0.82604
0.8531
0.79068
0.72444
0.69343
0.70469
0.80538
0.66222
0.68549
0.87902
1.3868
0.91622
0.82794
1.0233
0.66834
0.67608
1.0495
1.0691
0.82794
0.7709
1.8923
1.1912
1.7701
0.93111
0.99312
1.1614
1.1066
0.86099
1.1912
0.79799
0.96161
1.8664
1.4454
1.1482
1.5066
1.0814
0.67143
0.74473
0.76736
1.875
1.7022
0.70795
1.3397
0.74817
0.74302
0.67453
0.93756
0.77268
0.71779
0.70632
0.99541
0.70958
0.72111
0.77983
0.72946
0.67143
0.74989
0.74817
0.72778
0.68391
0.72277
0.75683
0.72277
1.7022
0.65013
0.72611
0.66988
0.97724
0.74645
0.82414
0.70958
0.81846
0.93972
0.69823
0.65013
0.75683
1.9861
0.78524
0.65917
0.66527
0.94189
0.85114
2.0091
1.1535
1.2331
1.4421
1.3964
1.256
1.4689
1.1668
0.69502
0.68707
0.70307
1.099
2.8054
0.90365
1.4093
1.1298
1.2246
1.1429
1.1246
1.4689
5.4075
5.1051
0.68391
0.69183
0.65464
0.70795
0.71779
0.79068
0.70146
0.69343
0.70469
0.76384
0.68707
0.71945
0.8995
0.70632
0.69823
0.70958
12.794
0.95499
1.1776
1.3552
1.3646
2.1577
1.5205
1.7061
0.93756
0.76384
0.77446
1.7258
0.96605
1.205
2.7542
2.7353
0.71614
0.69823
0.86497
0.80353
0.71614
0.65464
0.70469
0.63826
1.6482
0.69183
0.69024
0.69343
0.66222
0.80353
0.70632
0.72277
0.66681
0.77625
0.6792
0.79433
0.69502
0.70146
0.69024
0.80724
0.72111
0.87902
0.79616
0.76913
0.66834
0.69024
0.65313
0.90157
0.72111
0.69663
0.7379
0.70469
0.66374
0.65013
0.73114
0.68077
0.72778
0.69823
0.73961
0.7145
0.82794
0.65615
0.7145
0.69183
0.69984
0.68707
0.82035
0.81846
0.78705
0.7709
0.73621
0.75162
0.75683
1.8365
0.78163
1.1588
0.81096
1.349
0.70469
0.74817
1.1246
1.5276
0.67298
0.71121
0.68707
1.0914
1.2246
0.72277
0.68549
0.68077
0.70632
0.66681
0.82035
1.0375
0.73282
0.74473
0.8091
1.7865
0.70307
0.69823
0.69183
0.71614
0.70469
0.77983
0.8147
0.68865
0.66374
0.80538
0.69502
0.72444
0.72946
1.1324
0.75509
0.68234
0.68865
0.81096
0.71779
0.70795
0.7145
0.70632
0.71285
0.85901
1.8793
2.541
0.83753
1.3804
1.0593
0.9506
1.2331
1.1614
1.4125
1.3836
2.3335
1.1429
1.0471
1.0399
0.92257
1.0139
1.3459
1.3964
1.3183
1.1614
1.1508
1.2677
1.4928
1.5812
0.86696
1.7498
0.86497
4.0551
6.4269
7.2277
14.421
1.9454
2.0989
2.466
1.1858
5.6105
17.498
12.531
18.664
11.94
18.836
3.6141
1.5488
0.70469
1.2134
1.7219
14.488
20.137
14.125
12.912
1.5812
1.4454
6.3096
16.106
17.418
9.594
11.402
7.2778
1.1535
0.66834
1.2531
0.98855
1
0.77983
1.1298
0.74473
2.799
0.70469
0.75336
6.9343
1.4028
1.135
0.97051
2.4547
0.72946
1.1749
0.78163
0.68549
0.71285
0.79799
0.69343
0.69502
1.0889
0.70469
0.74473
0.70795
1.0093
0.73282
0.73282
0.73282
0.75336
0.72277
0.79068
0.76208
0.76033
1.0889
0.67453
0.69663
0.74473
0.79799
0.76384
0.69183
0.76384
0.82794
0.7145
0.71121
0.67608
1.3552
0.69502
0.75162
0.66834
0.66834
0.74131
0.68707
0.69663
0.72946
0.72111
0.66069
0.72778
0.69024
0.72611
0.72946
0.65313
0.68391
0.66834
0.68077
0.65313
0.70307
0.71285
0.877
1.1066
0.7379
0.68077
0.68234
0.70958
0.66527
0.72444
0.68077
0.76208
0.68077
0.68707
0.7145
0.68234
0.69502
0.65766
0.68549
0.66222
0.67608
0.69183
0.72277
0.66527
0.65615
0.71614
0.75683
0.69823
0.75162
0.67453
0.69024
0.66988
0.66527
1.1066
0.69502
0.66834
0.75509
0.83946
0.70632
0.76033
0.64714
0.78705
0.72111
0.72111
0.76033
0.69024
0.72444
0.81846
0.65615
0.65615
0.69502
0.69024
0.66374
0.68865
0.71945
0.66834
0.70632
0.72277
0.70307
0.68865
0.72611
0.73961
0.69984
0.68865
0.73114
0.69502
0.66527
0.70307
0.63241
31.117
31.117
31.117
31.117
31.117
31.117
31.117
31.117
31.117
31.117
31.117
31.117
31.117
31.117
31.117
31.117
31.117
31.117
31.117
2.5003
1.3274
1.074
1.074
5.188
2.1478
1.4962
0.77804
0.66834
0.73451
0.8091
0.81096
0.96383
0.72444
0.82985
0.71945
0.72778
0.7379
0.71614
0.71285
0.80353
0.72946
42.56
0.76208
0.86099
0.7656
0.80724
0.74645
46.452
0.86298
0.95499
0.89536
0.85901
0.8091
0.70795
0.75683
0.82414
0.7145
0.73282
0.74302
0.82985
0.84723
0.80538
0.70469
0.8091
0.7709
0.80168
0.76736
0.78524
0.92257
0.7925
1.5922
1.6711
0.9977
0.94624
1.1246
1.099
0.81096
0.77804
2.2182
0.80353
0.94406
2.5061
3.0832
0.75336
0.7656
1.3996
1.1324
0.82985
0.82224
0.73621
0.77804
0.70958
0.74131
0.68391
0.82985
0.73451
0.7379
0.70307
0.77268
0.78524
0.79983
0.88308
0.68077
0.83753
0.7656
0.91833
0.71121
0.94406
0.67298
0.72277
0.70795
0.68549
0.7925
0.77625
0.78705
0.7656
0.74817
0.93756
0.72611
1.3964
1.5668
0.877
0.8356
0.89536
1.0233
1.0495
2.1086
0.86696
0.79068
0.76033
1.2972
1.3062
1.4791
1.8578
0.72778
0.74989
0.78343
0.74473
0.66988
0.77804
0.74817
0.79068
0.68865
0.73961
0.79068
0.73451
0.74989
0.90782
0.84918
0.69663
0.88105
0.80168
0.72277
0.76033
0.80168
0.74645
0.80168
0.68865
0.86896
0.75509
0.75683
0.83368
0.82985
1.0789
0.88512
2.3933
1.4928
0.75858
0.69502
0.77446
0.79983
0.72946
0.71285
0.86497
0.66681
0.72778
0.88105
0.93972
0.77804
0.69502
0.76913
0.79616
0.82035
0.69183
0.69343
0.72277
0.74645
0.70146
0.69984
0.69502
0.71614
0.82035
0.72946
0.72111
0.71945
0.77446
0.73114
0.70469
0.72946
0.75336
0.79068
0.74989
1.4588
1.2134
0.83368
1.122
0.98175
0.73451
0.83176
0.83753
0.84918
0.68865
0.74817
0.67298
0.71779
0.75162
0.79983
0.99083
0.73114
0.72111
0.68234
0.68707
0.74817
0.87297
0.7709
0.69663
0.68707
0.96383
0.66834
1.39
0.69024
1.0889
0.66681
0.70146
0.73114
0.72111
0.66681
1.5596
1.6144
1.3213
1.0593
0.91622
0.8892
0.82035
1.1482
0.89125
0.67298
0.71121
0.64121
0.64565
0.66374
0.66222
0.69024
1.4588
1.2218
0.70632
0.74473
0.75683
0.74302
0.77268
0.6792
0.73282
1.9861
0.72611
0.76913
0.72444
0.73282
0.77625
2.3605
2.4434
0.76736
0.97949
0.71614
0.72611
0.80538
0.69183
0.66374
0.68234
0.71285
0.70469
1.8072
1.0304
1.1588
1.2764
0.85704
0.75858
0.94624
0.77268
1.1561
1.1169
0.92045
2.0606
1.0691
1.2764
1.5171
0.70146
1.2417
1.4791
0.67764
0.74817
1.0139
0.82604
0.71285
0.7709
0.83946
0.69663
0.74131
0.71779
0.78163
0.76033
1.5959
0.80724
0.72611
0.69024
0.72111
1.3152
0.76736
0.8414
0.80538
0.69343
0.70469
0.71614
0.8091
0.65013
0.70469
0.69663
1.6866
0.69823
0.66222
0.62806
0.70795
0.67764
0.69984
0.68549
1.0691
1.3002
1.256
1.3213
0.66069
2.7925
0.8892
0.71779
0.67608
1.1885
0.70632
0.70469
0.69663
0.70632
0.69343
0.69024
1.1015
0.74989
1.2417
0.7145
0.65766
0.66681
1.0839
0.91201
0.72111
0.68549
0.69183
0.71779
0.67298
0.66527
0.77446
0.68549
0.65464
0.72778
0.71285
1.1402
0.69663
0.68391
0.66527
0.67453
0.67453
0.70795
0.82794
0.69823
0.66222
0.81658
0.69343
0.70307
0.74645
0.80353
0.65013
0.71285
0.69183
0.79068
0.74645
0.74302
0.65013
1.8707
1.5453
1.0864
1.6218
2.0606
1.4521
1.3183
1.3868
1.6293
2.6122
0.87096
0.98175
1.3002
1.3583
1.3152
1.5596
1.803
1.122
0.75162
0.71945
0.65615
0.76736
0.70795
1.1803
1.6444
0.76208
0.66834
0.66988
0.69984
0.65766
0.68391
0.68391
0.67143
0.65615
0.69024
0.68077
0.6792
0.72611
1.4289
0.97499
0.87297
0.88716
1.6943
0.97949
1.0447
3.1333
0.76208
0.80538
0.77268
0.69984
0.76033
0.77625
0.66834
0.66988
0.73961
0.68865
1.4421
0.70632
0.70795
0.70469
0.66222
0.65917
0.87297
0.65013
0.69502
0.74302
0.66374
0.66681
0.75683
0.68077
0.68549
0.82224
0.71945
0.76736
0.69984
0.69823
0.69502
0.74645
0.70146
0.87096
0.71121
1.2162
1.2853
0.9506
0.67764
0.74302
0.70958
0.96383
0.87096
0.75162
0.74473
0.82604
0.68077
0.73621
0.77983
2.0893
0.68234
0.72277
0.67298
0.68549
0.66222
0.99312
0.9594
0.66222
1.3032
1.5885
2.0324
0.91201
0.72111
0.65464
0.69502
0.70795
0.66834
0.66681
0.69984
0.69984
0.67608
0.65313
0.68707
0.66988
0.67453
0.68865
0.68391
0.74302
0.67764
0.67764
0.70307
0.7379
0.68865
0.68077
0.71614
0.6792
0.69024
0.67143
0.70632
0.69183
0.65464
0.75336
1.6032
0.72611
0.71285
0.66527
0.66374
0.68707
0.69502
0.69984
0.70958
0.69502
0.65615
0.71285
0.70469
0.70307
0.69823
0.67298
0.7145
0.92683
1.3552
1.5524
0.78163
3.2137
3.2961
0.65464
0.69502
0.6792
0.72111
0.75683
0.70307
0.75162
0.69502
0.70632
0.70958
0.70632
0.73114
0.69502
0.67143
0.69663
0.70469
0.65615
0.69984
0.7145
0.65464
0.67608
0.75509
0.69343
0.74989
0.73621
0.75509
0.7709
0.70469
0.77625
0.69823
0.69024
0.66527
0.7925
0.79983
0.74989
0.7145
0.69024
0.65313
0.6792
0.66681
0.71614
0.68077
0.68549
0.72277
0.67298
0.72111
0.71121
0.69663
0.72946
0.72946
0.85507
0.66834
0.7709
0.72946
0.7379
0.71945
0.78163
0.73451
0.65615
0.70795
0.71945
0.67453
0.72444
0.66681
0.72111
0.72111
0.66988
0.67453
0.71614
0.70632
0.65313
0.81846
0.73621
0.69663
0.71285
0.70795
0.72111
0.67143
0.69024
0.72277
0.7145
0.68549
0.66834
0.7379
0.70958
0.72946
0.65013
0.71779
0.6792
0.67608
0.73282
0.69183
0.79068
0.74817
0.76033
0.7379
0.69024
1.0399
0.72778
0.69502
0.79983
0.75683
0.70469
0.72611
0.71285
0.71121
0.76033
0.72444
0.74131
0.71614
0.83368
0.69343
0.73451
0.73961
0.74302
0.76208
0.66527
0.69343
0.71945
0.72946
0.76913
0.69502
0.66834
0.74989
0.67764
0.73621
0.7656
0.88512
1.5885
0.9247
1.0914
0.82414
0.82414
0.67453
0.69183
1.1376
1.7906
0.70958
0.9247
0.87902
0.8414
0.80168
0.81096
1.6672
1.3772
0.68865
0.72277
0.65013
0.7145
0.82224
0.80538
0.80168
0.74131
0.97275
0.76208
0.72611
0.70146
0.93541
0.69502
0.72111
0.88308
0.89536
0.79983
1.3092
0.97724
1.0568
1.2503
1.0328
1.4757
0.70307
0.71285
1.1776
0.88308
0.70146
0.69343
0.85507
0.89743
1.052
1.1041
1.2618
0.77446
0.72444
0.72778
0.71121
0.72778
0.70307
0.99541
0.72277
0.8356
0.7145
1.2274
0.84528
0.66834
0.73961
0.72444
0.72611
0.75509
0.76208
0.69663
1.3092
0.86696
0.88716
0.78163
1.3552
2.2594
2.2131
0.73961
0.67453
0.74645
0.9594
0.76033
1.4322
0.92683
0.73621
0.6792
0.71121
1.205
0.71121
0.68707
0.70632
1.4723
0.69024
0.69823
0.69024
0.70146
0.71285
0.69183
0.68391
0.80724
0.74989
0.71121
0.69343
0.68077
0.73282
0.64714
0.72778
0.72611
0.71285
0.74131
1.4388
0.92257
0.92045
1.0046
1.0233
0.82985
1.0257
0.72444
1.0544
0.70469
0.82414
0.82224
0.96828
0.69823
1.9099
1.6866
1.5066
0.877
1.4689
1.0447
0.79616
1.4028
2.0137
1.2106
1.5031
1.0399
1.4962
4.9204
4.6345
14.355
5.0816
7.4473
11.83
0.70795
0.78524
0.77804
0.82035
0.7145
1.3032
1.8113
0.69502
5.358
11.588
11.561
12.56
7.7983
1.2445
1.1995
1.1376
1.932
1.2162
1.2972
1.0162
3.0339
2.6485
17.1
6.5766
1.2618
1.9679
1.1066
8.1096
0.8414
0.97275
0.74302
10.162
9.4189
7.7804
10.139
6.8234
10.093
12.589
12.823
0.85114
0.72778
0.70146
8.2604
12.388
2.6182
8.1283
10.617
13.397
13.964
9.8628
17.989
10.495
12.706
11.041
13.274
2.9376
5.6105
1.0814
1.2853
1.0023
1.2618
1.3213
1.2823
1.1092
1.574
1.2162
2.3878
2.1135
0.67298
1.4723
0.77268
0.77625
0.72778
0.72946
0.8414
0.76208
1.1995
0.66988
0.69183
2.1038
1.1641
2.729
0.72444
0.64565
0.70795
0.68077
0.64269
0.72611
0.74817
0.65615
0.74131
0.67453
0.66069
2.0137
3.0974
0.68391
0.72444
0.68077
0.66527
0.68234
0.67764
0.71285
0.69343
0.68077
0.74989
0.68707
0.74131
0.66222
0.72611
0.65464
0.73451
0.68077
0.72444
0.66527
0.64714
0.63973
0.71779
0.68077
0.73114
0.66222
0.65766
0.68549
0.68707
0.96605
0.67453
0.73621
0.63973
0.66374
0.69343
0.71945
0.65917
0.68391
0.68234
0.72946
0.67608
0.68549
1.1015
0.66374
0.65163
0.66834
0.69663
0.69183
0.72778
0.70146
0.68707
0.73621
0.71285
0.71121
0.75509
0.7379
0.69183
0.74817
0.67298
1.3552
0.7925
0.74473
0.72611
0.70632
0.82985
0.70146
0.71285
0.67453
0.66069
0.69984
0.65313
0.7145
0.69183
0.72611
0.72444
0.68234
0.79068
0.73621
0.67608
0.74989
0.73961
0.69183
0.71779
0.68077
0.85704
0.79983
0.66222
0.64121
0.75509
0.73114
0.75509
0.70307
0.68549
0.74645
0.65766
0.75336
0.66527
0.72277
0.69502
0.72444
0.74131
0.67764
0.74645
0.73282
0.73114
0.69823
0.72778
0.74302
0.7145
0.7145
0.69343
0.68707
0.71285
0.72277
0.69343
0.66374
1.3552
1.4256
0.69984
0.71285
0.67298
0.67298
0.70632
0.82604
0.71121
0.68234
0.71779
0.70146
0.68234
0.71121
0.68077
0.96605
0.91411
0.75683
0.7379
0.74645
0.92257
1.2531
1.2023
1.1117
1.1402
1.4028
1.1912
1.1143
1.3964
2.9107
1.099
2.9785
1.2972
1.256
1.2794
0.66374
0.68707
0.72778
0.86099
0.98628
1.2882
0.90991
0.94624
0.81283
0.71614
1.7219
0.75683
1.9543
0.94842
0.68234
0.73621
0.65013
0.6792
0.66374
0.69984
0.74473
0.74817
0.73451
0.70958
0.89536
1.932
1.2764
1.932
0.65615
0.71614
0.70469
0.69823
0.77983
0.68391
0.70632
0.6792
0.69024
0.68549
0.64121
0.64269
0.68549
0.64417
0.70958
0.70795
0.69024
0.66222
0.75858
0.76736
0.82794
0.85901
0.84333
0.75858
0.78343
0.70795
1.2331
0.71945
0.63826
0.76384
1.1749
1.932
1.7179
0.66834
0.67143
0.67764
0.73961
0.66374
0.67143
0.69502
0.63533
0.68707
0.65313
0.66988
0.69823
0.65313
0.69502
0.68234
0.70795
0.66222
0.7145
0.68077
0.69984
0.72611
0.69823
0.88716
0.65766
0.64565
0.68865
0.68865
0.64565
0.70632
0.70469
0.65917
0.64714
0.72611
0.68707
0.68707
0.67608
0.72277
0.70958
0.67453
0.87902
0.69024
0.6792
0.74131
1.1402
0.81658
1.5488
0.65313
0.67143
0.6792
0.71285
0.67143
0.68707
0.69343
0.68077
0.64714
0.73961
1.0304
1.2882
0.84528
0.67453
1.0666
0.65464
0.70795
0.70958
0.65163
0.65163
0.72946
0.67298
0.68707
0.62661
0.66834
0.66069
0.67298
0.70958
0.67608
0.68077
0.64269
0.69663
0.71121
0.71285
0.67453
0.69024
0.89743
1.0471
0.68077
0.67608
0.66222
1.9364
1.762
0.69183
0.73621
0.68865
0.65013
0.69502
0.71285
1
0.68391
0.64417
0.68391
0.65163
0.66681
0.73961
0.65615
0.69343
0.72111
0.66834
0.67764
0.6792
0.67764
0.69343
0.78705
0.68549
0.72946
0.69502
0.69984
0.76384
0.90782
0.69984
1.0139
1.2706
0.76384
0.70146
0.6792
0.69984
0.71614
1.1588
1.0641
0.91201
1.1402
1.1535
1.1402
1.39
4.6559
0.67143
0.67608
0.73961
0.72611
0.89743
1.9187
0.71779
0.66527
0.69183
0.65917
0.72778
0.65766
0.64417
0.67143
0.64565
0.67453
0.97949
0.71121
0.71945
0.71945
0.6792
0.64714
0.70469
0.71121
0.68549
0.67764
0.63973
0.71121
0.67143
0.67608
0.64714
0.70307
0.71614
0.66988
0.64565
0.66069
0.66527
0.66681
0.64714
0.68707
0.6368
0.66681
0.65766
0.69823
0.65464
0.65163
0.65013
0.65013
0.66222
0.64269
0.68234
0.68707
0.72111
0.66527
0.68077
0.67143
0.6792
0.67764
0.63826
0.69024
0.63387
0.64269
0.66069
0.63533
0.70958
0.65313
0.70307
0.69343
0.67608
0.77446
1.2706
0.67764
0.82604
0.71779
0.79983
0.79433
0.96828
1.5776
2.0654
0.84333
0.8147
1.3614
0.75858
0.71945
0.69343
2.4547
1.8664
0.8091
0.99312
1.0814
0.70307
1.1561
0.72111
0.70795
0.69984
0.69502
0.66527
0.65766
0.64269
0.66681
0.69024
0.68707
1.2972
1.0814
1.1588
1.2942
0.71121
0.67143
0.66834
0.64863
0.70958
0.65313
0.66222
0.69984
0.64863
0.68077
0.74645
0.65917
0.68865
0.97949
0.74645
0.63096
0.74989
0.89125
0.69183
0.7379
1.9454
2.421
0.85507
2.2594
1.2274
1.4028
1.2359
1.4355
1.5488
1.3996
1.6558
0.68391
0.69984
0.7145
1.5885
0.72111
0.68391
0.69502
0.70146
0.69183
0.72778
0.73961
0.69984
0.69502
0.70795
0.73621
0.70795
0.76208
0.75858
0.71285
0.65615
0.66834
0.7379
0.69984
0.67453
1.0399
1.1246
0.82224
0.877
0.90782
0.71779
0.78163
0.79983
0.71779
1.2106
1.5885
1.803
0.86298
0.69183
0.72778
0.7709
0.70958
0.6792
0.76208
0.89743
0.80168
1.1803
0.71285
0.67298
0.71285
0.69823
0.67764
0.67453
0.67608
0.70632
0.71285
0.72611
0.65163
0.66988
0.74817
0.67143
0.66681
0.67298
0.88105
0.79433
0.82604
1.556
1.7258
1.0233
0.67143
0.74473
1.3932
1.9543
0.66069
0.67453
0.68865
0.66681
0.67608
0.69502
0.68077
0.66374
0.70469
2.1928
1.762
1.5101
2.355
0.82985
1.6255
0.69823
0.74131
0.68707
0.70307
0.70795
0.7656
0.68391
0.69343
0.66681
0.68077
0.68077
0.66374
0.73451
0.67608
0.70146
0.69663
0.70958
0.74817
0.66834
0.67298
0.72946
0.66834
0.73621
0.73451
0.65917
0.71121
0.68234
0.74817
0.75336
0.69502
0.74131
0.72111
0.71121
0.64121
0.68549
0.69024
1.3459
2.2182
1.3243
0.91201
1.2218
0.75162
0.71779
0.70632
1.1298
1.2972
0.72611
0.75336
0.91411
0.75858
0.73621
0.80168
0.76208
0.76033
1.0715
0.79983
0.7925
1.2912
2.6182
1.8239
1.9543
1.5812
0.70795
0.71945
0.70958
0.69343
0.70146
0.67453
0.68865
0.66681
0.69984
0.69502
0.70307
0.78524
1.4622
1.5596
1.845
1.2274
1.1588
1.0471
1.4689
1.4588
1.5996
1.1429
1.5101
1.1508
2.1577
2.0941
1.122
1.2618
1.1561
1.3552
1.3032
1.3521
1.2388
2.8054
2.9992
1.6634
1.6482
2.3768
0.71945
0.69024
0.66681
0.67298
0.63241
0.69502
0.73621
0.7709
0.70146
0.74131
0.69502
0.70146
0.69024
1.8281
1.9634
0.82224
0.74817
0.86298
0.9247
1.0257
1.0715
0.82604
3.2359
0.76208
0.91622
1.6482
1.2274
1.3583
1.122
0.69024
0.7656
0.71945
0.72946
0.69502
0.72277
0.89331
1.0257
0.8356
1.3152
0.72444
0.73961
0.73621
0.64121
0.66222
0.70307
0.70469
0.64565
0.66527
0.68391
0.96605
1.0593
0.93541
2.1677
0.7145
0.66834
0.67764
0.64417
0.68549
0.75162
0.66834
0.69343
0.74645
0.67608
0.73114
0.72277
0.72778
0.66527
0.67453
0.71779
0.71779
0.67143
0.69502
0.7656
0.77268
0.70469
0.72111
0.77804
0.6368
0.69823
0.69984
0.72611
0.68234
0.68707
0.71614
0.7656
0.75336
0.68707
0.66834
0.71285
2.0137
0.68549
0.65766
0.71285
0.69823
0.74817
0.67764
0.73621
0.7379
0.66222
0.69183
0.70795
0.67143
0.75858
0.71614
0.70795
0.83176
0.72778
0.69183
0.67298
0.74645
0.6792
0.77268
0.70632
0.65464
0.68707
0.75858
0.72611
0.86099
0.67298
0.67143
0.76736
0.76208
0.77268
0.70146
0.70958
0.76384
0.68865
0.77446
0.68077
0.70469
0.68549
0.69502
0.66988
0.71121
0.68549
0.66988
0.72778
0.65917
0.70469
0.70469
0.98855
1.8197
0.90157
1.2474
2.5293
1.0257
0.79068
3.5075
0.89743
1.875
0.78524
0.71614
0.68077
0.70146
0.69024
0.68865
0.69663
0.64269
0.71614
0.70795
0.71779
0.66988
0.68865
0.64121
0.68077
0.67453
0.7145
0.68077
0.70795
0.67453
0.70469
0.73114
0.72611
0.72111
0.69663
0.70632
0.7145
0.72111
0.74473
0.68077
0.75162
0.8356
0.79433
0.75509
0.8531
0.78524
0.83753
0.71945
0.82035
0.97949
0.66988
0.72946
0.68707
0.72277
0.63973
0.70795
0.7709
0.70632
1.1588
0.74645
0.78343
0.70469
0.73114
0.70469
0.75162
0.7656
1.1912
1.1246
1.2162
0.71121
2.3988
0.82985
0.77268
0.72611
0.72444
0.73282
0.76033
1.3366
0.83176
0.72444
0.70958
0.78886
0.84333
1.1402
0.7656
0.70632
0.72778
0.74817
0.70958
0.65464
0.67453
0.65163
0.69502
0.72111
0.64417
0.71614
0.67298
0.72611
0.65464
0.67764
0.64863
0.7656
0.69663
0.69823
0.72111
0.76033
0.68077
0.72111
0.74131
0.66681
0.6792
0.70795
1.2474
1.2912
0.72611
0.65013
0.77804
0.73282
0.71614
0.73451
0.83753
0.73282
0.8995
0.68707
0.67143
0.68234
1.1298
1.3243
0.7145
0.75509
0.8531
0.79616
0.70958
1.2618
1.9409
0.69984
0.69183
0.65013
0.75336
0.72444
0.71614
0.76384
0.71121
0.73282
0.67298
0.7925
0.70958
0.72946
0.69343
0.71614
0.70469
0.72946
0.68391
0.69343
0.71121
0.82224
0.72444
0.79799
0.69024
0.65163
0.66834
0.69343
0.67453
0.80724
1.7338
2.8054
1.2023
0.68234
0.71614
0.67608
0.70307
0.68549
0.70795
0.73114
0.72111
0.71121
0.68234
0.69502
0.69024
0.75336
0.69183
0.68549
0.81096
1.2942
0.82414
0.8531
1.4191
2.9854
0.8147
1.3677
0.66374
0.66527
0.68391
0.74989
0.73451
0.71121
1.1561
3.2509
3.5892
1.3062
0.78886
1.3996
1.1066
0.95719
2.0797
0.72611
5.6364
8.6099
8.9536
11.94
1.7022
0.8147
0.78343
0.79433
5.0699
5.2723
1.2647
2.208
7.0632
8.5507
12.19
1.0544
1.2218
1.2388
1.3709
2.5704
8.77
11.94
14.825
15.066
11.695
6.792
3.8815
0.98628
9.8175
8.2414
11.246
0.97499
0.81283
1.7989
1.3366
1.4421
1.6218
1.1561
0.99312
3.8815
0.81846
0.877
0.94842
1.5596
1.6106
0.97949
1.2618
1.888
1.1614
1.3932
2.7102
3.6559
3.1477
3.6141
0.69984
0.71121
0.67453
3.7068
2.3335
2.2233
2.6977
2.5942
0.71779
0.70795
1.0839
1.0069
4.14
6.5013
0.68234
0.6792
0.78705
0.73282
0.69502
0.7145
0.69984
0.66988
0.68077
0.66681
0.69024
0.70632
0.68234
0.72946
0.68077
0.70146
1.0765
0.7145
0.67298
5.2
10.814
0.74473
0.71945
0.69183
0.69343
0.69984
0.68077
0.70469
0.66222
0.67764
0.71121
0.75162
0.75509
0.66374
0.67608
0.66374
0.66527
0.69823
1.4689
0.70146
0.66222
0.76384
0.76736
0.70469
0.7709
0.7656
0.77446
0.73282
0.69502
0.74989
0.73961
0.82794
0.74817
0.65917
0.77625
0.74131
0.73961
0.72778
0.90573
0.877
0.81283
0.82414
0.76208
0.82604
0.81096
0.76208
1.2246
1.0139
0.76033
0.71779
0.72111
0.70795
0.71614
2.0845
5.559
0.68234
0.74989
0.68707
0.71121
0.72946
0.74302
0.74817
0.79616
0.79068
0.68549
0.69343
0.74817
0.79068
0.70795
0.72946
0.86896
0.71121
0.79433
0.72611
0.78163
1.0046
0.68865
0.76913
0.7656
0.69024
0.70307
0.79068
0.69183
0.71945
0.77804
0.74131
0.73114
0.74473
0.71614
0.82985
0.74302
0.76736
0.73282
0.74473
0.77625
0.7145
0.80168
0.70469
0.75858
0.70469
0.7379
1.0839
0.69823
0.78886
0.70469
0.73451
0.69024
0.74817
0.68865
0.78705
0.8356
0.69183
0.69502
0.75509
9.0991
0.7379
0.90782
1.5346
1.1066
3.9446
0.81283
0.69823
1.1455
0.90991
0.71285
0.69024
0.7379
0.69183
0.66527
0.67453
1.1143
0.96605
0.84918
1.2078
0.82224
0.69823
0.69823
0.70469
0.66222
0.70795
0.77625
0.70958
0.67608
1.2503
1.3964
1.2589
0.69024
0.64863
0.68077
0.69823
0.7145
0.80168
0.76736
0.65313
0.67453
0.65917
0.70469
0.73961
0.68865
0.68077
0.70958
0.72444
0.68391
0.7145
0.68707
0.64565
0.65615
0.67608
0.65464
0.67608
0.64863
0.71779
0.86696
0.6792
0.74302
0.71121
0.67453
0.64417
0.78886
0.8091
1.3428
1.0304
0.7925
0.83368
1.0209
3.3651
0.93756
0.98628
0.96605
1.7458
1.2445
1.0423
1.122
2.1038
1.845
1.0139
0.66527
0.72946
0.85114
0.69024
0.66988
0.69663
0.69183
0.73961
0.7145
0.69823
0.72444
0.69502
0.68234
0.66527
0.69502
0.67143
0.74645
0.74989
0.67608
0.79616
1.6982
1.9099
0.67143
0.92257
0.73961
0.65917
0.68077
0.70632
0.63241
0.69502
0.71614
0.7145
0.8147
0.78343
0.74131
0.73114
0.80353
0.7656
0.85704
0.78886
0.82794
0.73621
0.79799
0.73961
0.77983
0.877
1.3521
0.69183
0.71945
1.3521
0.68707
0.67764
0.67453
0.75336
0.77625
0.68865
0.71614
0.71779
0.72611
1.4723
0.76208
1.7579
2.6363
1.7783
0.83176
0.73282
0.71779
0.71285
0.74645
0.69663
0.79433
0.66222
0.76384
0.74473
0.65766
0.67608
0.71945
0.70795
0.77625
0.68707
0.7145
0.74473
0.73961
0.70307
0.6792
0.68077
0.71285
0.69984
0.66834
0.71285
2.5293
0.76208
0.76736
0.76736
0.73114
0.69984
0.74817
0.79983
0.78163
0.78705
0.70146
0.69183
0.71779
0.74989
0.7145
0.70632
0.74989
0.79433
0.73961
0.73451
0.79433
0.68865
0.72111
0.74989
3.4356
5.2723
10.593
9.1201
10.789
3.4834
13.274
17.742
1.5346
13.646
13.092
10.617
11.508
14.355
4.7753
1.094
1.1561
1.2134
1.183
1.0328
1.3583
1.3868
0.99083
2.904
3.062
2.3227
0.71614
6.5163
1.8408
2.3768
1.5417
1.9907
0.94406
0.74989
0.73451
1.1117
1.1508
4.7973
15.276
12.647
12.942
10.94
13.964
11.776
13.428
11.912
14.256
11.35
13.305
12.445
13.092
14.825
10.789
16.444
11.194
13.305
13.213
12.331
21.135
11.94
12.246
9.594
9.3756
11.695
9.5499
10.94
14.028
0.93541
3.4041
19.498
17.947
16.482
14.962
14.894
13.646
14.757
13.677
12.794
3.3343
5.1051
0.77268
2.0324
2.421
3.9902
8.9331
1.2589
1.5382
2.5177
2.421
6.3533
0.94624
0.81658
1.094
1.219
1
1.1588
0.87297
1.0715
0.96383
1.1455
1.4256
1.3932
1.1041
1.0715
1.0593
0.83176
0.95719
0.85507
1.4256
0.97275
2.4604
0.8147
7.4645
0.67298
9.1411
19.999
19.32
21.38
16.672
12.706
11.35
7.0469
11.749
7.7446
2.0137
0.72778
0.68549
0.76384
0.65313
0.71614
1.1508
10.471
21.38
24.547
21.33
18.707
21.33
12.56
11.169
11.535
15.922
16.255
17.298
11.298
16.866
12.134
10.765
7.6913
15.885
10.641
18.239
1.6634
4.1976
0.68077
4.5499
15.849
23.335
16.069
16.406
18.365
25.527
24.491
9.1622
2.4266
10.666
0.76208
0.73621
1.4997
18.072
0.70146
11.22
0.78524
0.73282
0.72277
0.74989
0.70958
0.68549
0.7379
0.73451
1.2647
1.4488
0.70632
0.74302
0.69502
0.78343
0.78886
0.73621
0.76384
0.71285
4.6666
13.646
2.3768
1.9187
0.69502
0.69984
9.7275
12.56
10.399
10.328
7.9433
8.5507
11.429
0.87096
8.6099
15.453
19.231
0.71779
0.70307
0.99312
0.98175
1.3646
0.89125
3.7844
0.68234
0.76033
2.133
3.8459
0.66069
0.67453
0.69823
0.68549
0.71121
0.70307
0.7925
0.69663
0.69663
0.73114
0.74645
5.9293
10.423
15.704
18.493
12.706
9.2257
13.804
12.677
11.143
12.106
13.122
10.544
8.6497
3.1842
12.823
15.488
5.5719
0.77983
0.70307
0.69984
0.66069
0.75336
0.76208
0.76736
0.73451
0.85114
0.68707
0.70307
2.704
1.7022
12.388
14.093
0.66222
0.71779
0.70146
0.66681
0.70632
0.82414
0.95719
0.8091
0.71121
3.6728
0.72778
0.7709
0.73114
0.76913
0.69502
0.68549
0.68077
0.69663
0.70632
0.70469
0.71945
0.71285
0.70146
0.77804
0.73451
0.75336
0.76033
0.91622
0.98628
16.827
12.331
19.679
18.75
10.447
19.143
16.982
21.577
16.711
19.231
9.247
9.1411
12.359
14.928
5.8479
11.194
8.1283
16.331
17.418
20.989
16.866
10.495
11.429
4.3053
0.82604
2.0417
11.194
14.997
1.3397
2.0045
3.2659
2.0845
11.429
8.1658
0.78163
7.3282
1.074
0.83176
0.83368
0.95719
4.9659
2.9309
5.8749
15.417
2.8774
7.8163
10.715
18.923
18.664
8.6099
19.953
13.552
12.331
5.7943
0.68707
0.75509
0.65313
0.69183
1.4454
0.80538
8.091
1.8239
1.0069
1.4322
3.4995
6.6681
0.71945
2.9512
16.558
13.335
14.158
17.783
2.1878
6.9024
16.558
9.6828
2.2439
16.444
17.022
23.933
24.604
13.366
14.06
10.593
23.768
10.093
11.482
7.7268
19.679
0.69183
12.274
1.2647
0.79616
0.96828
17.539
13.366
5.6754
2.6669
3.9994
14.588
0.70632
0.70146
0.7925
0.78886
0.74131
11.455
20.606
15.488
18.535
19.77
19.634
9.9083
5.9429
6.1802
0.65163
0.73114
0.70795
0.69823
19.099
0.67764
0.64417
2.037
0.69984
0.68865
1.5241
8.531
1.4689
0.65313
0.74131
6.3973
17.458
10.864
16.596
0.72778
0.69024
0.67143
1.1402
0.68549
0.68391
0.7145
3.9084
0.8091
0.69663
0.75336
0.68234
0.79068
0.65464
5.6624
0.93325
1.1066
1.028
1.4894
9.6383
11.272
14.028
6.4417
8.77
0.69183
11.092
7.1285
10.74
10.495
10.641
21.677
16.711
14.997
14.223
6.5766
12.531
0.68391
0.69823
13.964
3.4514
2.2646
10.839
12.503
17.539
16.144
7.656
14.191
21.232
15.241
16.218
10.544
15.171
16.788
9.1201
16.788
23.442
15.066
16.406
16.982
6.2806
7.6913
15.241
14.454
19.011
10.023
11.83
1.5849
0.77625
0.72277
0.79433
0.9977
0.80168
1.8155
0.72611
1.7498
11.561
12.445
8.6896
11.35
12.303
10.914
10.28
12.359
11.402
16.106
14.125
18.75
15.066
9.8628
13.183
13.868
14.622
26.546
1.3274
1.1803
1.0965
1.1535
1.3152
1.2331
1.6827
2.4604
16.672
2.2491
5.4828
14.256
9.506
15.596
13.032
11.858
10.233
8.9125
3.6224
17.418
8.414
19.409
11.803
19.861
2.2803
0.71945
3.7497
14.223
20.37
12.56
3.4198
7.4131
10.423
14.689
11.561
7.3961
7.6913
2.9107
1.5631
11.858
15.704
1.4388
2.2909
0.83946
0.85507
1.9634
2.9376
4.0365
9.7499
7.1779
10.839
0.73451
0.68549
0.98401
1.2162
22.233
24.044
22.594
17.378
20.37
12.882
16.368
11.272
11.803
14.588
5.7544
5.559
5.3951
21.429
19.055
11.272
5.8749
7.2611
13.305
20.749
3.4914
1.1588
1.2417
1.1858
0.98175
1.2706
1.0186
1.2853
1.0715
0.97724
1.0328
1.1668
0.91201
1.1641
1.2912
1.39
1.1749
1.2474
0.67298
0.66527
0.72277
16.144
17.219
19.011
11.35
21.528
18.578
9.7499
10.889
0.70146
0.67608
0.76208
1.714
1.5205
4.0179
0.89331
11.376
31.117
16.866
19.543
19.999
14.223
20.137
11.429
0.78705
19.055
20.417
14.289
18.621
13.459
17.258
0.73282
1.6711
11.194
1.8836
2.037
15.596
25.468
0.86099
0.72778
0.89125
0.76736
0.70958
0.79433
0.70469
2.7227
0.70795
0.68549
0.78886
0.74645
0.82985
1.122
0.76208
0.96161
1.5631
1.0023
1.4028
1.1803
1.219
1.2078
1.1967
1.2388
1.0839
1.2706
10.864
21.184
55.847
18.239
28.249
15.346
19.634
14.223
