16.218
0.76033
0.75162
0.82985
1.6634
0.82035
0.7379
0.88512
0.74131
0.8147
0.88308
1.8281
0.7709
0.77804
3.9174
10.069
8.2604
0.76913
1.0399
0.67764
0.93756
16.255
19.099
20.606
18.793
1.4289
0.69183
1.1194
1.0617
18.967
16.749
0.67764
0.72946
11.22
14.521
9.1833
17.865
18.578
9.4189
14.421
3.8459
1.0257
1.3521
1.8239
1.1041
1.2134
27.925
14.962
12.853
12.359
13.868
20.184
17.701
0.69024
0.70469
9.6605
15.417
16.866
18.197
16.634
19.409
10
1.0209
1.1272
0.67298
1.0423
0.76384
12.023
8.8716
20.184
10.74
15.453
14.355
9.0573
0.83946
0.92897
6.5013
14.388
7.8705
14.322
22.909
17.824
7.2778
14.588
12.618
13.709
13.274
12.274
10.257
9.5499
15.171
10.351
0.88308
14.588
17.498
17.947
18.621
0.85114
0.73451
3.1405
2.3659
0.89743
1.8535
1.5959
1.205
0.91411
0.93325
1.2331
2.1577
7.379
9.8628
12.445
20.23
16.943
16.904
7.925
14.757
15.382
19.588
12.706
14.689
5.3211
1.4355
8.5704
11.695
14.028
6.6069
8.356
0.73621
1.3032
1.2274
6.5464
11.429
11.614
1.135
0.79983
5.0582
0.96161
0.89743
1.052
1.2531
1.406
1.0351
1.5668
4.0926
5.236
15.488
16.331
12.853
3.0479
12.764
19.454
0.93756
1.0375
7.7268
3.54
6.8707
10.789
2.2542
1.2764
3.8459
13.583
14.859
4.3152
12.303
13.804
13.366
3.5075
0.79068
0.72277
2.0512
24.491
4.592
1.122
1.0765
0.79616
0.99541
1.094
1.0789
0.81658
1.2303
0.84723
1.1015
0.77268
0.94624
6.4417
3.7931
0.83176
1.3804
3.8548
11.695
17.378
11.83
3.3037
7.2611
7.9983
3.9355
5.2602
4.4055
13.213
15.417
10.116
16.368
15.136
11.722
5.4702
4.6774
14.894
0.80353
0.74302
0.80538
0.83176
0.74302
1.6293
0.85901
0.82414
1.1429
0.88105
1.1885
15.959
14.859
14.355
13.183
13.335
9.1622
10.209
10.046
11.22
14.622
12.417
15.812
14.859
13.646
13.397
12.303
6.8865
0.77446
0.93541
0.67608
2.0324
4.6881
0.69183
0.94624
2.9648
0.64565
0.66069
0.68549
0.66222
4.6452
5.9429
9.6605
0.94189
1.1066
1.2246
6.6527
10.617
13.032
11.455
18.239
13.709
12.942
7.0632
9.0365
0.90782
0.83368
0.92897
2.8379
10.257
12.735
14.689
13.836
14.859
9.1833
13.583
6.1802
1.2647
0.92897
0.877
1.0568
0.96161
0.98401
0.85507
0.9247
0.98175
1.1066
0.6223
0.88308
0.60954
0.60954
0.59566
0.82985
0.62373
0.60117
0.82794
0.64417
0.77268
0.91622
1.4757
0.60954
0.59979
0.9594
0.58614
0.59429
0.65917
0.60814
0.63387
0.62806
0.6223
0.62806
0.58614
0.66681
0.62517
0.60814
0.60117
0.61094
0.81658
0.59841
0.62517
0.61094
0.62087
0.59704
0.60534
0.62517
0.60117
0.60395
0.64565
0.61944
0.59704
0.58884
0.61376
0.61944
0.60534
0.62806
1.3677
0.83753
0.85704
0.72111
0.82224
0.72611
0.87297
0.59979
0.60395
0.76208
0.58479
0.84528
0.63387
0.59293
0.58884
0.61376
0.61376
0.61235
0.60814
0.94624
0.7709
0.58479
0.62373
0.60814
1.2853
0.96605
0.7709
0.76384
1.0789
1.0162
0.88105
1.1041
1.2417
1.1749
1.7418
0.76913
0.83368
1.5776
0.79799
0.59293
0.59704
0.62373
0.60395
0.61944
0.59704
0.60674
0.60117
0.76736
0.79068
0.74645
0.89125
0.71121
0.82604
1.6331
0.877
0.63973
0.61235
0.61376
0.88716
0.60534
0.59979
0.63533
0.62951
0.64863
1.0593
0.64714
0.61235
1.028
0.61235
0.62517
0.61802
0.65615
0.62661
0.6223
0.59429
0.61094
0.60117
0.59293
0.5902
0.61094
0.62373
0.77625
0.60534
0.58749
0.61376
0.59429
0.5902
0.60674
0.60395
1.028
1.3305
0.80538
0.72111
0.77804
0.84333
1.074
0.98628
1.1169
1.1535
1.1858
1.1995
1.094
1.0162
0.92683
1.1803
0.96828
1.1803
1.3397
3.2434
0.69984
0.58884
0.62087
0.59704
0.60256
0.60814
0.58749
0.61518
0.60674
0.62373
0.74302
0.58749
0.61944
0.61094
0.64121
0.60256
0.58884
0.6166
0.67764
0.6166
0.63387
0.63096
0.58614
0.60814
0.60814
0.65917
0.73451
0.65766
0.61376
0.62087
0.58479
0.60534
0.59704
0.66374
0.61944
0.63533
0.59429
0.62517
0.89743
0.60534
0.62661
0.62806
0.61944
0.62087
0.59156
0.65013
0.6166
0.61094
0.62661
0.61376
0.58345
0.60954
0.58479
0.58614
0.5902
0.61094
0.59841
0.59566
0.59566
0.59566
0.59566
0.59429
0.61802
0.59429
0.6223
0.59156
0.59704
0.59979
0.61235
0.59704
0.60395
0.61376
0.59566
0.60954
0.58884
0.60117
0.62806
0.60117
0.62806
0.60674
0.7145
0.76736
0.80353
0.68234
0.9506
0.70795
0.71945
1.0046
1.5311
1.3772
0.60534
0.6368
1.2078
1.2735
0.63241
0.62661
0.61944
0.65313
0.62806
0.61518
0.61802
0.60954
0.62806
0.63387
0.60954
0.63387
0.60674
0.64565
0.63826
0.59293
0.6166
0.72111
0.60674
0.61518
0.61235
0.60395
0.59156
0.59841
0.59156
0.6166
0.60117
0.70307
0.67453
0.6792
0.66834
0.6166
0.62806
0.61235
0.58479
0.61802
0.60534
0.60534
0.60814
0.81283
0.60256
0.61376
0.60256
0.58345
0.60814
0.5902
0.58884
0.5781
0.60256
0.59566
0.59979
0.60534
0.60534
0.59566
0.58749
0.59704
0.64121
0.58479
0.61235
0.59841
0.59156
0.59156
0.60117
0.59979
0.59704
0.59979
0.61094
0.60117
0.58479
0.83368
1.8155
0.96383
0.93325
1.1429
0.61376
0.8356
0.71945
0.84918
0.72946
0.72778
1.2246
0.72778
1.0495
1.7947
0.9528
1.194
1.1246
0.95719
1.205
1.3614
1.1246
1.1776
1.3709
0.61518
0.6223
0.60534
0.63096
0.60674
0.60117
0.88716
0.59979
0.8995
0.76736
1.1169
0.60814
0.60395
0.61802
0.59841
0.70632
0.59429
0.61518
0.60534
0.60395
0.62951
0.63241
0.63241
0.69183
0.77804
0.92257
0.61094
0.59704
0.89331
0.60117
0.78886
0.64714
0.69663
0.61376
0.89125
1.094
1.1429
1.0715
1.4388
1.0233
0.61235
0.60256
0.59156
0.60117
0.73961
0.61518
0.61944
0.60814
0.64565
0.97724
0.85704
0.60814
0.66374
0.83753
0.61235
0.60117
0.59979
0.61235
0.61235
0.60395
0.62951
0.59841
0.60256
0.60534
0.60395
0.877
0.79616
0.64863
0.9247
0.62373
0.6166
0.74645
0.79068
0.59704
0.58749
0.62087
0.61235
0.62087
0.77983
0.61518
0.61376
0.58884
0.59429
0.60534
0.63533
0.61376
0.62951
0.72778
0.71945
0.59841
0.63973
0.60395
0.74131
0.75336
0.58479
0.63241
0.77268
0.61094
0.72444
0.60814
0.58614
0.58749
0.62087
0.61094
0.60814
0.68234
0.64714
0.59156
0.60395
0.62806
0.61944
0.60117
0.61802
0.60674
0.60814
0.60814
1.1092
0.9594
0.59429
0.59566
0.59841
0.64417
0.63973
0.6223
0.61802
0.5902
0.60954
0.77268
0.79433
0.60954
0.63533
0.60954
0.61376
0.93972
1.2942
0.88512
0.83946
0.89536
1.2735
0.91833
1.6749
0.63533
0.60674
0.60814
0.59156
0.61518
0.63973
0.63533
0.60256
0.60674
0.63096
0.63387
0.60814
0.60814
0.61235
0.60534
0.61802
0.62087
0.6166
0.68391
0.61094
0.63973
0.60814
0.60256
0.58749
0.65163
0.64565
0.5902
0.62373
0.59704
0.6166
0.60395
0.63973
0.59841
0.62806
0.62087
0.59841
0.62373
0.60256
0.6166
0.6223
0.60674
0.63533
0.69823
0.65615
0.67143
0.62087
0.63096
0.92257
1.0965
0.8414
0.7709
0.86696
0.7925
1.0186
1.0471
1.1169
1.1561
0.88716
1.3305
1.0328
1.094
0.82794
0.59704
0.61802
0.58884
0.58345
0.58614
0.64863
0.62806
0.59156
0.59293
0.69343
0.63387
0.62806
0.63096
0.61802
0.60954
0.78705
0.90782
0.81283
0.90573
0.60674
0.94842
1.0328
0.63533
0.59841
0.68391
0.59566
0.5902
0.75336
0.58345
0.59841
0.60117
0.61376
0.64417
0.63241
0.59704
0.59841
0.59979
0.65013
0.60256
0.59293
0.62087
0.60674
0.64121
0.6223
0.5902
0.61094
0.60954
0.59429
0.60534
0.64565
0.60674
0.58884
0.81096
0.80353
0.83368
0.62951
0.6368
0.62517
0.59704
0.62373
0.61094
0.62951
0.61944
0.60674
0.61944
0.61235
0.61944
0.80538
0.81846
0.62806
0.63826
0.60395
0.67143
0.62087
0.60256
0.94624
0.79616
0.85114
0.6166
0.58749
0.68391
0.61094
0.88512
0.66222
0.58884
0.59704
0.59841
0.62661
0.6223
0.60256
0.77268
0.59566
0.67608
0.65163
0.60814
0.62806
0.61094
0.85901
0.60395
0.61094
0.62087
0.61802
0.61802
0.59979
0.6166
0.81096
0.59979
0.70958
0.61094
0.60674
0.79799
1.0257
0.78886
0.59156
0.61944
0.76913
0.78886
0.91411
0.62373
1.1402
1.3459
0.90782
0.59156
0.60954
0.61376
0.60256
0.60674
0.5821
0.60814
0.63973
0.61235
1.0765
0.78163
0.84723
0.73114
0.75683
0.85704
0.62087
0.6166
0.82414
0.64121
0.62661
0.59566
0.78163
2.4547
5.4075
3.2961
0.82224
1.0965
1.0233
1.5959
3.9264
1.0593
1.7298
1.3152
1.028
1.1588
4.1783
2.2699
0.61802
0.60395
0.59979
0.61235
0.63096
0.59704
1.4223
0.61944
0.65163
0.69663
0.6368
0.62661
0.64121
0.65163
0.66681
0.69502
0.63973
0.64269
0.62087
0.65464
0.67608
0.63096
0.58614
0.66222
0.62661
0.60117
0.61944
0.62087
0.59841
0.59704
0.70307
0.5902
1.1041
1.1041
1.7061
1.1641
0.93541
1.0568
0.75509
0.77625
0.8147
1
1.5136
0.60814
0.6166
0.63826
0.61944
0.61235
0.6223
0.63387
0.6223
0.61944
0.89536
0.6223
0.59979
0.61944
0.61235
0.62951
0.59429
0.62951
0.62951
0.98628
0.67764
0.61376
0.60534
0.65313
0.59156
0.60814
0.59841
0.5821
0.5781
0.87902
0.89536
0.69823
1.0257
1.4894
1.3092
0.60674
0.61094
0.63241
0.63826
0.65313
0.64863
0.61944
0.61094
0.85114
0.84723
0.82794
0.90573
0.78886
0.91833
0.87902
0.8147
1.374
0.6166
0.65163
0.63241
0.63387
0.63826
0.82035
0.877
0.80724
0.72444
0.82414
1.2331
0.60954
0.62951
0.65013
0.60954
0.73621
0.62517
0.62806
0.65163
0.62373
0.59566
0.63241
0.6368
0.66834
0.60256
0.64121
0.62373
0.61518
0.62517
0.61518
0.60395
0.60256
0.63096
0.62661
0.65163
0.60534
0.6368
0.68865
0.60814
0.63387
0.6166
0.61094
0.61802
0.65013
0.63973
0.62087
0.59704
0.62806
0.64565
0.60534
0.60954
0.59841
0.65163
0.59979
0.5902
0.61518
0.72111
0.64565
0.61802
0.64565
0.65615
0.65163
0.64863
0.6166
0.62951
0.62951
0.63973
0.61235
0.62517
0.66374
0.60674
0.62806
0.60256
0.62661
0.60674
0.6223
0.6223
0.61518
0.6166
0.63241
0.62661
0.60954
0.62373
0.59293
0.63826
0.67298
0.66527
0.6792
0.60674
0.63241
0.63241
0.58614
0.59566
0.62951
0.61376
0.59429
0.60674
0.62373
0.60534
0.59566
0.65464
0.63533
0.71945
0.61944
0.76913
0.69823
0.70632
0.69823
0.60674
0.59156
0.60395
0.63533
0.59156
0.61518
0.59979
0.60256
0.61235
0.60117
1.1561
0.63533
0.61944
0.65013
0.61802
0.59293
0.61518
0.65766
0.59841
0.63387
0.62951
0.63241
0.61235
0.60534
0.6223
0.60674
0.60395
0.59979
0.60534
0.60395
0.60534
0.61235
0.65013
0.63387
0.61376
0.60117
0.59979
0.59156
0.58749
0.61235
0.62087
0.60534
0.60395
0.61944
0.97275
1.0116
1.2618
1.0965
1.0914
1
1.1272
2.2909
0.6223
0.64121
0.64269
0.60954
0.66374
0.64863
0.62087
0.61376
0.63973
0.62661
0.62373
0.66069
0.61094
0.64269
0.60534
0.61235
0.63387
0.63826
0.60674
0.66374
0.6166
0.64863
0.65313
0.61802
0.62661
0.64121
0.6223
0.64863
0.65163
0.63973
0.65013
0.65013
0.60814
0.62806
0.61235
0.6166
0.67298
0.62951
0.65313
0.64417
0.65013
0.63826
0.61235
0.64121
0.64714
0.63973
0.62806
0.66069
0.69663
0.75162
0.80724
1.3804
0.61518
0.64121
0.68391
1.4191
1.094
0.90157
0.69502
0.78705
0.8356
0.77625
1.9011
0.76736
1.2764
0.61376
0.90573
0.60534
0.62806
0.59293
0.65615
0.61802
0.61235
0.61518
0.64269
0.60814
0.63826
0.60814
0.63533
0.6166
0.66681
0.66681
0.66834
0.6223
0.64269
0.67764
0.63241
0.65313
0.63387
0.66222
0.64121
0.73282
0.66222
0.64121
0.64714
0.60954
0.62951
0.6223
0.6223
0.66681
0.63387
0.62661
0.62806
0.66988
0.6166
0.68234
0.6368
0.63826
0.79433
0.8531
1.4322
1.122
1.1169
1.3305
1.5849
0.62806
0.62661
0.59566
0.60117
0.59429
0.59429
0.5902
0.58749
0.7379
0.64417
0.63241
0.59429
0.61376
0.6166
0.60534
0.6223
0.60954
0.61518
0.59156
0.59156
0.62087
0.5902
0.6166
0.60814
0.62517
0.6166
0.62517
0.62087
0.60814
0.59841
0.62087
0.59841
0.66222
0.59704
0.60117
0.59293
0.59979
0.59979
0.62087
1.122
0.61802
0.62087
0.62806
0.63387
0.62373
0.60954
0.68707
0.63241
0.63533
0.63096
0.59704
0.61802
0.59566
0.74473
0.63241
0.59566
0.63387
0.59704
0.59841
2.3933
0.69823
0.93541
0.88308
0.82224
1.0839
0.87096
1.2246
1.1614
1.2331
1.39
1.3459
0.77804
0.61094
0.59429
0.61376
0.82794
0.60256
0.59704
0.61376
0.64417
0.62087
0.58345
0.72946
0.68865
0.74645
0.58479
0.80353
0.61376
0.63533
0.86298
1
0.96828
1.1885
1.2023
1.1455
1.0544
1.0617
1.2274
1.1402
1.1885
1.194
0.61944
0.60395
0.62087
0.5821
0.5821
0.5902
0.60954
0.60674
0.59704
0.62806
0.6166
0.61376
0.61518
0.74989
0.70469
0.69984
0.66222
0.59704
0.6368
0.62951
0.60814
0.61376
0.59979
0.62517
0.63973
0.58345
0.61518
0.58884
0.6166
0.61376
0.59566
0.61518
0.61235
0.5902
0.63241
0.63241
0.60814
0.61944
0.62087
0.60954
0.61235
0.60117
0.61235
0.61518
0.61518
0.60534
0.62806
0.5902
0.60954
0.60954
0.59429
0.5902
0.59841
0.60534
0.59156
0.60954
0.58749
0.60395
0.5902
0.59293
0.5902
0.61518
0.61094
0.61094
0.59979
0.58479
0.59156
0.60395
0.61094
0.60674
0.64269
0.62517
0.74817
1.766
0.66834
1.4322
1.652
0.8531
0.62087
0.59841
0.61094
0.61235
0.62661
0.61235
0.60256
0.59841
0.60814
0.59156
0.61094
0.60674
0.60674
0.61802
0.59841
0.5902
0.6368
0.60814
0.64565
0.59704
0.59704
0.59841
0.59566
0.5902
0.61235
0.59429
0.64121
0.71614
0.70632
0.75162
0.76736
0.76913
1.3397
1.219
0.60256
0.62661
0.61094
0.66222
0.60674
0.59293
0.62517
0.60534
0.58614
0.61094
0.62951
0.6223
0.63241
0.61235
1.0593
0.75336
1.406
0.70632
0.78705
0.66374
0.64269
1.9187
0.58884
0.59841
0.60954
0.59979
0.64269
0.61376
0.61518
0.59979
0.61944
0.5781
0.60256
0.5902
0.60674
0.60534
0.60674
0.60256
0.60674
0.61376
0.80538
1.4355
0.80538
1.1885
0.99312
0.89331
0.69343
0.66374
0.71779
0.69823
0.6368
0.59704
0.64863
0.60674
0.61802
0.58884
0.69183
0.63241
0.59429
0.61094
0.59429
0.6166
0.61802
0.64863
0.62087
0.60954
0.60534
0.60954
0.63533
0.61094
0.62661
0.63826
0.6166
0.61235
0.59429
0.62517
0.60534
0.6166
0.60117
0.61376
0.61376
0.63096
0.60534
0.60256
0.58884
0.58884
0.59704
0.58749
0.61802
0.60117
0.61376
0.60814
0.59841
0.60954
0.59979
0.62087
0.59566
0.60117
0.60674
0.60117
0.60256
0.6166
0.60954
0.59704
0.60395
0.61376
0.63973
0.59841
0.8414
0.64863
0.74131
1.1298
0.60674
0.98628
0.6223
0.6368
0.59704
0.62087
0.59293
0.61944
0.60117
0.59704
0.59429
0.60117
0.61802
0.60117
0.60256
0.61094
0.59841
0.62661
0.60256
0.61944
0.5821
0.58345
0.5902
0.62517
0.64269
0.5902
0.63826
0.63096
0.59156
0.65313
0.60534
0.60256
0.60395
0.58749
0.60674
0.59841
0.59704
0.60256
0.60954
0.60395
0.61802
0.60256
0.60256
0.59156
0.60534
0.61944
0.60534
0.59979
0.62661
0.6223
0.61944
0.60534
0.62373
0.60117
0.6166
0.59704
0.59979
0.61944
0.60674
0.61376
0.96828
0.61235
0.61518
0.61094
0.61944
0.63096
0.61094
0.59566
0.61944
0.5902
0.59704
0.61376
0.60534
0.60534
0.58884
0.60117
0.59566
0.59429
0.6792
0.62806
0.64269
0.75683
0.65013
0.65313
0.68234
1.5704
0.60395
0.61802
0.59704
0.59841
0.60534
0.60534
0.61376
0.58884
0.61802
0.58614
0.58749
0.61518
0.62087
0.60117
0.61518
0.68391
0.94189
0.82794
0.89536
0.93111
1.4289
1.0617
0.98175
1.0351
1.2764
0.95719
1.3152
0.8414
1.5885
1.1402
1.1508
1.135
1.3804
1.0209
1.0965
0.63973
0.65766
0.60534
0.76208
0.62087
0.6223
0.61376
0.61094
0.63533
0.6166
0.61094
0.60674
0.60534
0.61518
0.62087
0.62806
0.60814
0.59841
0.61094
0.60117
0.59704
0.61376
1.7258
0.73451
0.68549
0.78524
0.82035
0.71945
0.74817
1.0864
1.0209
0.59979
0.59156
0.60534
0.60395
0.62661
0.6223
0.61518
0.61518
0.61235
0.60395
0.65615
0.60256
0.63973
0.59429
0.61094
0.60674
0.60954
0.60395
0.60117
0.61094
0.59156
0.61944
0.61235
0.59429
0.58479
0.59841
0.98175
0.74989
0.62373
0.60954
0.61802
0.61094
0.62087
0.59841
0.62087
0.61235
0.61376
0.59293
0.60674
0.59704
0.60814
0.60674
0.59841
0.61944
0.63826
0.65313
0.58884
0.59566
0.59841
0.62087
0.59429
0.64565
0.60814
0.62517
0.63973
0.64417
0.66374
0.58614
0.59704
0.61235
0.61518
0.63973
0.60117
0.64269
0.64269
0.62806
0.62087
0.62373
0.64269
0.64121
0.62517
0.59704
0.60954
0.60395
0.62806
0.60534
0.59429
0.61376
0.64269
0.62087
0.62951
0.60674
0.59293
0.61235
0.61235
0.90365
0.64714
0.65615
0.60674
0.65163
0.60954
0.60954
0.61376
0.64863
0.63241
0.65766
0.60954
0.60117
0.61235
0.6166
0.62517
0.6223
0.62087
0.61944
0.63973
0.60117
0.69663
0.6223
0.63387
0.59429
0.60674
0.64714
0.66222
0.62951
0.61802
0.62806
0.61235
0.59979
0.64714
0.62951
0.62373
0.62087
0.65766
0.58884
0.67764
0.62806
0.60814
0.59156
0.59429
0.60814
0.60534
0.60814
0.59704
0.6166
0.59293
0.60256
0.66834
0.59429
0.90991
0.96605
0.61376
0.62951
0.85704
0.69183
0.60256
0.64714
0.59156
0.75336
0.60117
0.66834
0.69343
0.59979
0.75336
0.8414
0.89536
0.73282
0.90573
0.59566
0.80168
0.5902
0.65013
0.62951
0.74473
0.62373
0.89331
0.84723
0.75336
0.63387
0.61802
0.62517
0.7656
0.82794
0.77446
0.62517
0.59979
0.57943
0.64121
0.60395
0.67143
0.83946
0.58884
0.61376
0.59293
0.64714
0.60674
0.60534
0.60256
0.60395
0.67143
0.62951
0.60814
0.60395
0.59704
0.60674
0.64269
0.80538
0.64121
0.79068
0.74131
0.82224
0.67608
0.84918
0.58614
0.66069
0.60814
0.60256
0.5902
0.74131
0.63096
0.59704
0.74645
0.7925
0.59704
0.58749
0.60534
0.58479
0.59566
0.59156
0.61802
0.72611
0.98628
0.60395
0.61802
0.63096
0.59429
0.96605
0.86497
0.62806
0.63241
0.5821
0.6223
0.62373
0.59704
0.6223
0.60674
0.60534
0.60814
0.62951
0.63241
0.62806
0.61802
0.59156
0.63973
0.62951
0.59429
0.59841
0.62806
0.66527
0.58614
0.60534
0.63973
0.59704
0.7145
0.63973
0.88105
0.87498
0.64269
0.64121
0.6368
0.8091
0.64121
0.81096
0.60954
0.61944
0.93972
0.85704
0.87498
1.194
1.3772
1.2445
0.76736
0.60395
0.60534
0.61376
0.60395
0.66834
0.59429
0.6368
0.61518
0.60256
0.59429
0.60395
0.59704
0.63973
0.59979
0.62087
0.63241
0.76208
0.59566
0.60256
1.5812
0.877
1.0139
1.0023
1.8155
0.8892
0.86497
1.3213
1.3183
0.60534
0.59704
0.60954
0.62951
0.5902
0.6368
0.58345
0.62087
1.122
0.66527
1.3552
0.90573
0.6223
1.9861
0.74817
0.61376
0.60674
0.57943
0.75336
0.62806
0.62806
0.59841
0.61802
1.0889
1.0209
0.62517
0.60954
0.58749
0.66374
0.63096
0.59979
1.7742
0.80168
0.78163
0.91622
6.223
7.3961
3.3806
0.65163
0.65163
0.75162
2.5003
0.74989
0.60954
0.63533
0.62951
0.72444
0.93972
1.1376
0.88512
0.68391
1.3583
0.59841
0.68234
0.63973
0.65163
0.60117
0.65313
0.8531
0.82224
0.69663
0.71121
0.84333
0.85507
0.68234
0.69183
0.65615
0.63096
0.68549
0.62517
0.64121
0.64269
0.62087
0.66374
0.6166
0.62373
0.61802
0.65464
0.60954
0.64121
0.65163
0.64565
0.61802
0.61518
0.62661
0.65163
0.61094
0.60814
0.60117
0.66681
0.62087
0.62951
0.60954
0.65766
0.65464
1.0186
0.67453
0.63826
0.63533
0.63533
0.62951
0.61518
0.61376
0.62087
0.63241
0.72946
0.64565
0.60954
0.61094
0.64714
0.61944
0.63826
0.61518
0.61802
0.6223
0.64565
0.63387
0.63973
0.6223
0.61518
0.61518
0.59841
0.60395
0.61094
0.59156
1.0116
0.70795
0.63387
0.9247
0.62806
0.65013
0.60256
0.64863
0.67298
0.63973
0.65917
0.63241
0.64565
0.61518
0.63973
0.6792
0.63241
0.63096
0.65163
0.66527
0.82604
0.65464
0.64417
0.9506
0.6223
0.61235
0.60954
0.79983
0.78163
0.64565
0.62517
0.6368
0.62806
0.62087
0.62087
0.59704
0.63387
0.60954
0.62806
0.64417
0.62951
0.63973
0.61094
0.76208
0.94624
0.69343
0.91833
0.82035
0.82604
0.72277
0.92897
1.4655
1.1995
1.0864
1.3996
1.1588
1.2445
0.93972
1.1455
1.1668
1.1092
1.2764
1.7338
0.60395
0.6166
0.82794
0.61235
0.76208
0.62087
0.62517
0.62373
0.64565
0.65013
0.62517
0.60256
0.66834
0.60534
0.63533
0.63387
0.62951
0.66222
0.64121
0.62517
0.61518
0.60256
0.62661
0.60954
0.6223
0.62661
0.63973
0.61944
0.58884
0.60395
0.59979
0.61518
0.61235
0.61094
0.6166
0.60954
0.58749
0.62661
0.64269
0.59704
0.63096
0.59293
0.63096
0.63387
0.58884
0.62661
0.60814
0.63826
0.62373
0.63826
0.59566
0.64714
0.61802
0.61376
0.61944
0.61802
0.61376
0.60256
0.62373
0.60117
0.59566
0.61094
0.60954
0.61094
0.65313
0.62806
0.60256
0.61235
0.63096
0.59979
0.65013
0.64121
0.61518
0.62661
0.60674
0.64565
0.64269
0.60674
0.63826
0.6223
0.62373
0.60674
0.60814
0.65163
0.62951
0.61376
0.62661
0.60395
0.62087
0.61094
0.60814
0.60674
0.65313
0.65464
0.60395
0.60534
0.62087
0.58345
0.65013
0.64269
0.81846
0.66681
0.62806
0.59704
0.62517
0.6368
0.75683
0.77446
1.0209
1.3964
0.97275
1.1324
0.58479
0.58884
0.91833
0.61802
0.59979
0.60256
0.60814
0.6166
0.81283
0.77804
0.79799
0.85114
0.86298
0.88512
0.87902
1.1722
1.1561
0.65766
0.65163
0.61802
0.59979
0.65615
0.6368
0.62661
0.65163
0.64417
0.61094
0.61802
0.64121
0.66834
0.60674
0.63096
0.65163
0.65766
0.65917
0.63096
0.65163
0.60534
0.71121
0.69183
0.65163
0.65917
0.6223
0.62661
0.62517
0.64714
0.65615
0.65163
0.68865
0.68077
0.63973
0.68549
0.69502
0.65615
0.6368
0.66527
0.67453
0.62806
0.62517
0.62661
0.64269
0.62951
0.66374
0.62806
0.65163
0.87096
1.1995
1.5959
1.875
0.61094
0.61235
0.60395
0.60256
0.62661
0.62373
0.59979
0.62087
0.62373
0.61094
0.63533
0.61944
0.61944
0.63096
0.65917
0.61376
0.60117
0.63241
0.62517
0.68549
0.59841
0.62661
0.62806
0.63096
0.60814
0.59979
0.59979
1.2023
0.62806
0.60674
0.63826
0.75858
1.0691
0.75162
0.94842
1.1482
0.83753
1.0839
1.256
1.1298
1.1194
1.1885
0.97949
1
1.2735
1.1695
1.1169
1.1455
1.0233
0.97949
0.66222
0.60117
0.63096
0.60674
0.61376
0.64269
0.62373
0.62517
0.59841
0.65615
0.62087
0.6223
0.60674
0.62951
0.6223
0.63241
0.82414
0.62087
0.73282
0.70795
0.6792
0.63096
0.61094
0.65766
0.71779
0.5821
0.62373
0.75162
0.59704
0.60256
0.59841
0.68549
0.63533
0.65464
0.62951
0.90157
0.93325
0.71614
0.82224
0.8147
0.75858
0.70958
0.93111
1.5524
0.84918
0.64417
0.61518
0.61235
0.63826
0.66069
0.60117
0.62806
0.62517
0.63096
0.63387
0.6166
0.65917
0.60395
0.60395
0.59429
1.4791
0.59841
0.63241
0.6368
0.62087
0.60534
0.59566
0.61944
0.59429
0.58614
0.6368
0.60534
0.6368
0.61094
0.59704
0.61518
0.63826
0.60674
0.61094
0.62087
0.63096
0.59979
0.60395
0.61094
0.61094
0.58479
0.63973
0.61094
0.59293
0.62087
0.63387
0.62661
0.60395
0.59979
0.59841
0.61802
0.61094
0.5902
0.63096
0.59841
0.59704
0.6368
0.59293
0.60256
0.61518
0.59979
0.80353
0.82604
0.83946
0.79983
0.8356
0.87096
0.8995
1.4158
0.60674
0.60814
0.60256
0.58884
0.60534
0.59979
0.60674
0.61944
0.59841
0.65313
0.61235
0.60256
0.6166
0.62661
0.60954
0.59979
0.62517
0.60534
0.64417
0.58884
0.59841
0.58884
0.60814
0.8892
1.3646
0.60674
0.66374
0.64714
0.64417
0.62373
0.63973
0.6223
0.62517
0.63533
0.65163
0.62951
0.60954
0.62806
0.61235
0.65917
0.6223
0.5902
0.63973
0.59704
0.61802
0.61802
0.60256
0.62806
0.60395
0.62517
1.0328
0.90991
0.99312
1.1298
0.96828
1.1015
0.62373
0.99083
0.65464
0.65013
0.63973
0.66069
0.61518
0.6166
0.63826
0.60674
0.66069
0.61094
0.60954
0.62661
0.61235
0.65766
0.63241
0.66222
0.65464
0.63533
0.6166
0.61518
0.6223
0.7656
0.62951
0.63387
0.63533
0.6166
0.60674
0.60674
0.60814
0.61518
0.59566
0.61518
0.60674
0.60674
0.61376
0.61518
0.61376
0.61376
0.61802
0.61376
0.62517
0.58614
0.62087
0.6223
0.59429
0.58749
0.60814
0.59293
0.62951
0.6223
0.59704
0.60256
0.64121
1.2474
0.61518
0.63387
0.61235
0.61802
0.63096
0.62806
0.63533
0.61518
0.6223
0.66681
0.64121
0.59979
0.60395
0.60117
0.60395
0.60814
0.60256
0.62087
0.60954
0.61944
0.61518
0.61094
0.62806
0.60674
0.61944
0.63973
0.76736
1.0257
0.5821
0.60954
0.63387
0.61802
0.59429
0.58614
0.59429
0.60954
0.59566
0.59979
0.60534
0.60117
0.60395
0.61376
0.60814
0.60395
0.61094
0.58884
0.60534
0.62661
0.59429
0.60674
0.60814
0.63826
0.62951
0.60395
0.59566
0.61094
0.60954
0.61802
0.61235
0.60117
0.60256
0.60814
0.61518
0.70469
0.61518
0.58479
0.60814
0.57943
0.5821
0.61235
0.58749
0.60814
0.59704
0.59293
0.59429
0.60814
0.6166
0.5821
0.58884
0.58884
0.59841
0.5902
0.59704
0.58749
0.72946
0.59429
0.60674
0.60256
0.61802
0.60117
0.58345
0.5902
0.59429
0.59704
0.60256
0.6166
0.79433
0.72277
1.2912
0.74302
1.1429
0.85507
0.82604
0.74131
0.80724
0.70146
0.70632
0.75162
1.0116
1.3274
1.135
0.59841
0.58749
0.57943
0.61235
0.60814
0.58614
0.61944
0.5821
0.59979
0.58749
0.60534
0.60256
0.61094
0.60395
0.59293
0.59293
0.60395
0.62373
0.62087
0.61376
0.60117
0.60256
0.59979
0.60534
0.59429
0.61094
0.5902
0.60395
0.6223
0.60117
0.59156
0.60534
0.62517
0.62373
0.59979
0.60395
0.60395
0.59156
0.6166
0.60534
0.59429
0.58884
0.58479
0.62806
0.60117
0.59704
0.59429
0.59704
0.59841
0.58614
0.60117
0.60814
0.60534
0.58076
0.60534
0.60395
0.59293
0.69502
0.78163
0.69984
0.61802
0.57943
0.60954
0.59979
0.62951
0.58614
0.59156
0.61094
0.5902
0.59429
0.62087
0.62806
0.61235
0.61376
0.60256
0.60117
0.59979
0.61802
0.60674
0.60117
0.61235
0.61235
0.61094
0.82794
0.59979
0.60534
0.60117
0.59293
0.59566
0.60534
0.60674
0.59156
0.60954
0.59841
0.60395
0.62087
0.61802
0.61094
0.60117
0.59566
0.59429
0.60395
0.60814
0.60117
0.60954
0.60117
0.59704
0.61518
0.60534
0.59293
0.60395
0.60814
0.60395
0.59841
0.59841
0.60395
0.85901
1.205
0.75858
1.052
1.1143
0.9977
1.1015
1.2474
0.92257
0.91622
1.8113
0.70795
1.0691
4.9888
2.355
1.1272
1.6444
2.9309
7.7983
8.7498
0.62951
0.64714
0.59429
0.61235
0.58345
0.60954
0.5902
0.61944
0.90991
0.89743
1.5885
0.61094
0.59704
0.61518
0.62373
0.61518
1.2794
0.60117
0.63241
0.6223
0.59293
1.4388
0.62951
0.62087
0.61235
0.58614
0.60674
0.61376
0.66374
0.62661
0.60395
0.6166
0.60395
0.62517
0.60395
0.61376
0.64417
0.60674
0.59156
0.6166
0.60256
0.59979
0.61802
0.80168
0.74989
0.69502
0.72277
1.0186
1.5066
0.60117
0.87297
1.3002
0.83946
0.71779
0.63241
2.466
7.0307
3.2659
2.5468
4.5709
0.70795
0.65615
0.61376
0.7925
0.66834
0.63387
0.86896
1.0864
0.93972
2.2233
0.67608
0.62951
0.63973
0.6223
0.61802
0.8147
0.63096
0.64863
0.61376
0.66069
0.64417
0.62806
0.61235
0.62806
0.64121
0.61235
0.6166
0.65917
0.62373
0.66069
0.6223
0.61944
0.63096
0.63241
0.89536
0.61235
0.61235
0.68707
0.81096
0.61376
0.63973
0.63387
0.62951
0.65615
0.61944
0.66069
0.64565
0.64565
0.66374
0.66834
0.75162
0.65163
0.66681
0.63241
0.68707
0.65163
0.69343
0.9977
0.66834
0.62951
0.63973
0.64863
0.64417
0.62806
0.61802
0.64417
0.63533
0.61376
0.59979
0.59979
0.60117
0.61235
0.62951
0.62661
0.61518
0.61518
0.62087
0.62087
0.60117
0.65013
0.62806
0.59979
0.62806
0.62951
0.64121
0.76736
0.71779
1.0789
1.3646
0.62373
0.64565
0.62373
0.61518
0.62373
0.61944
0.62806
0.64714
0.61094
0.64417
0.62373
0.62087
0.63973
0.59841
0.61944
0.64565
0.63096
0.62661
0.63241
0.62517
0.63387
0.63241
0.59566
0.64565
0.61802
0.64121
0.61518
0.63533
0.63533
0.61094
0.62951
0.61944
0.6368
0.61944
0.64121
0.6223
0.59704
0.8356
1.0069
0.80353
1.2647
1.4355
1.3932
1.1776
1.1912
1.0093
0.97949
1.2912
0.6223
0.62087
0.62087
0.61944
0.61518
0.61094
0.6166
0.60395
0.6166
0.60117
0.60534
0.63973
0.62087
0.64121
0.63096
0.63973
0.61944
0.60117
0.62951
0.61802
0.61094
0.61376
0.61944
0.60814
0.63241
0.65464
0.64121
0.6368
0.60814
0.63533
0.61376
0.60674
1.0691
0.60534
0.61518
0.60954
0.60814
0.60534
0.60256
0.60954
0.59429
0.61944
0.65766
0.60256
0.65013
0.60395
0.59566
0.60954
0.7379
0.58479
0.60674
0.62517
0.60117
0.63973
0.63096
0.63387
0.60117
0.58479
0.87498
1.1143
0.90991
0.79799
1.0162
1.1246
0.67764
0.63533
0.62517
0.63096
0.58749
0.60814
0.61376
0.6223
0.60674
0.63533
0.62087
0.60534
0.62517
0.60534
0.59156
0.58479
0.60534
0.63241
0.61802
0.63096
0.60674
0.61376
0.6166
0.61802
0.60117
0.64417
0.61518
0.60256
0.61376
0.64121
0.6223
0.59841
0.6223
0.60674
0.62373
0.70795
0.63533
0.63096
0.65766
0.59979
0.61944
0.83946
0.79983
0.70469
0.68234
0.77625
0.73114
0.87297
0.75858
0.65013
0.64863
0.64565
0.60395
0.64714
0.61802
0.61376
0.61376
0.62517
0.61376
0.60117
0.61944
0.61944
0.6223
0.62373
0.63387
0.59293
0.61944
0.6166
0.63973
0.61802
0.61802
0.60674
0.59979
0.59979
0.95719
2.8708
1.7783
0.62517
0.61094
0.62806
0.6166
0.60256
0.63096
0.64565
0.6368
0.62661
0.61376
0.64121
0.6223
0.62373
0.6223
0.64565
0.61944
0.6166
0.68865
0.60534
0.62951
0.65917
0.63387
0.62661
0.62951
0.62087
0.6223
0.63241
0.63241
0.65163
0.68549
0.64863
0.60534
0.65313
32.659
0.60395
0.60256
0.59979
0.6368
0.60256
0.6166
0.6368
0.59429
0.62373
0.60534
1.7824
0.60256
0.62661
0.61518
0.59979
0.58479
0.62806
0.65013
0.62661
0.61944
0.62373
0.61944
0.60814
0.63387
0.64417
0.60117
0.92257
0.61376
0.64269
0.58076
0.62661
0.60395
0.86896
0.67764
0.67764
0.64269
0.60395
0.62087
0.62517
0.59841
0.61518
0.63241
0.63096
0.6368
1.0304
1.6749
0.67143
0.72277
0.81658
0.86099
1.0046
2.1528
4.0551
1.0641
1.6482
0.60395
0.61518
0.60674
0.62517
0.62951
0.5902
0.6368
0.6368
0.60256
0.61944
0.61802
0.63241
0.65464
0.62951
0.60395
0.63826
0.65013
0.61944
0.64417
0.68391
0.66681
0.6368
0.60117
0.63973
0.64417
0.62806
0.60954
0.61944
0.67143
0.77446
0.60674
0.62661
0.60814
0.6223
0.59293
0.64269
0.60395
0.63096
0.6223
0.61802
0.61376
0.59429
0.6166
0.59566
0.61094
0.61518
0.64269
0.80353
0.75509
0.7379
0.69024
0.77268
0.74645
0.72111
1.0814
0.67608
0.70958
0.78524
1.0839
0.60117
0.60395
0.61094
0.58479
0.63096
1.0093
1.3305
1.1298
0.95499
0.98855
1.094
0.97949
1.1803
1.0046
1.1858
1.1298
1.074
0.83368
1.4322
0.73621
0.60256
0.60954
0.5821
0.60814
0.98628
0.65013
0.62661
0.60117
0.6223
0.62517
0.61944
0.66222
0.61376
0.65313
0.60534
0.64121
0.61518
0.67608
0.63241
0.62373
0.60814
0.57943
0.60395
0.62373
0.65766
0.62517
0.64565
0.61094
0.63387
0.64269
0.60256
0.63096
0.63387
1.0046
0.61944
0.66222
0.62806
0.59979
0.61518
0.60256
0.61094
0.60534
0.6166
0.67608
0.61376
0.67764
0.65615
0.66222
0.62087
0.6792
0.63533
0.6368
0.61235
0.90991
0.62087
0.67764
0.72946
1.5453
0.66527
0.6223
0.62517
0.61802
0.6223
0.59979
0.59704
0.60674
0.63387
0.59293
0.60534
0.6223
0.60117
0.59979
0.61802
0.62661
0.63096
0.59979
0.61376
0.59429
0.59979
0.59566
0.60954
0.62373
1.1272
0.85704
1.2023
1.1995
0.98175
0.85704
0.84528
1.4093
2.3174
1.9634
0.59704
0.6166
0.59704
0.61944
0.62373
0.6223
0.58076
0.60395
0.6223
0.68391
0.62951
0.60814
0.60117
0.62951
0.62087
0.61518
0.62661
0.60814
0.59979
0.60954
0.59566
0.61235
0.59704
0.6223
0.68549
0.81283
0.62661
0.60954
0.60954
0.58884
0.6223
0.58749
0.62661
0.6166
0.64714
0.59841
0.61094
0.63241
0.59704
0.61235
0.61376
0.65163
0.60954
0.60534
0.61802
0.61518
0.61944
0.59429
0.61235
0.63973
0.79433
0.6166
0.6166
0.60954
0.62087
0.62087
35.156
0.74989
0.62951
0.89536
0.60117
0.59841
0.60256
0.62661
0.77268
1.0046
1.3183
1.1967
1.7061
0.60117
0.60814
0.61376
0.76736
1.8621
10.99
10.814
14.521
7.0469
11.695
12.359
7.6033
17.1
15.382
19.999
19.907
11.015
9.3972
9.7949
5.4576
0.71779
0.81096
6.6988
22.08
18.323
17.66
19.815
13.868
14.622
14.488
13.032
8.2985
15.996
10.74
13.614
17.824
13.092
17.061
9.9312
19.999
13.521
17.338
17.824
14.928
1.2134
10.666
14.622
15.205
15.74
15.241
16.368
17.947
15.524
13.122
16.181
17.701
10.789
1.0116
0.7656
12.359
16.634
12.474
14.859
14.355
3.9628
1.3868
13.868
13.932
14.388
10.093
13.062
12.735
17.906
16.558
10.023
11.967
3.3806
15.996
9.7499
2.4717
3.5318
8.6696
12.589
8.3753
0.92257
5.8345
14.388
11.535
4.5082
1.8072
2.6853
6.7764
7.1121
12.942
12.647
15.417
18.281
15.56
12.359
12.078
12.647
5.3827
15.453
11.641
2.4155
8.9536
12.359
8.4723
13.092
18.621
13.836
15.417
15.276
13.9
2.884
12.972
15.959
18.621
6.6374
15.488
0.89125
1.0889
0.77268
1.194
2.7925
0.72946
1.1535
2.4266
4.3752
12.445
4.3853
13.366
8.9331
17.989
9.9541
11.429
12.912
10.471
6.6069
18.923
15.382
11.272
1.2078
0.75162
0.63533
11.402
7.709
15.56
14.791
14.997
14.028
10.715
10.186
9.9083
16.634
12.972
7.0146
7.8524
11.722
12.503
13.964
12.942
15.101
15.346
11.995
13.996
1.7783
1.1722
2.6977
5.9429
18.836
14.355
11.588
10.139
14.791
14.622
13.614
6.2087
0.78705
0.60117
1.5311
0.80353
1.349
2.704
1.1668
1.8408
1.7824
4.6452
5.728
17.378
8.3753
14.289
17.179
13.836
9.6828
11.967
13.804
12.474
9.8855
10.399
13.932
9.8855
11.588
15.171
18.793
1.932
0.73282
0.72778
9.0365
8.892
0.60674
0.88308
4.5082
11.803
5.236
4.6452
4.4566
19.907
15.74
17.701
14.256
15.849
11.35
14.322
14.689
11.324
12.359
3.4674
1.406
12.764
15.205
18.923
18.323
10.023
13.868
14.322
15.74
8.0353
13.583
10.814
5.0816
16.368
12.531
6.4417
12.882
0.81096
3.1189
11.695
18.664
17.906
15.959
16.331
22.439
16.181
21.232
9.4842
13.552
12.19
17.865
10.593
17.947
11.35
12.853
13.646
9.0991
2.7669
5.1761
9.7949
11.041
12.942
12.274
13.521
6.3826
19.011
12.106
17.458
13.335
17.378
12.474
12.56
4.0832
13.709
16.52
14.521
17.824
14.588
16.904
1.6218
2.2029
1.6368
1.1695
2.0184
2.673
4.6345
6.3533
16.144
9.3756
21.281
16.144
9.1411
12.942
17.219
3.1117
4.7973
1.5596
0.83946
0.90157
11.35
15.346
13.677
9.5499
16.069
13.183
16.52
14.06
15.066
10.093
18.88
17.947
9.7949
17.338
17.179
18.45
16.596
13.932
13.274
14.655
15.346
12.972
17.179
13.996
7.5509
0.6792
0.7656
6.368
7.709
20.606
16.749
15.704
15.488
13.002
16.596
18.03
8.6099
10.666
0.75683
0.72778
0.89331
1.205
2.5293
9.594
23.281
18.113
17.061
17.14
19.543
13.836
12.882
15.241
15.346
14.689
18.072
19.231
13.868
11.94
17.179
14.555
16.749
17.458
16.52
15.382
13.366
16.255
8.4723
15.453
18.03
18.281
25.41
2.6607
9.528
20.324
15.171
15.56
15.812
16.904
22.029
16.293
12.218
3.1696
17.989
20.37
12.882
20.797
23.067
15.56
14.894
13.9
14.289
11.561
18.45
17.458
17.865
11.092
24.044
17.14
17.62
20.045
13.49
17.824
16.749
15.101
17.418
3.013
11.35
18.707
15.276
12.023
15.524
0.78705
3.1261
12.647
12.474
12.912
31.55
7.1121
1.0304
1.3964
1.2331
1.2618
3.4594
16.482
19.588
19.634
11.912
17.298
15.776
14.158
13.836
16.866
6.2661
4.1687
16.672
13.335
16.181
14.421
16.749
10.765
15.596
13.804
14.962
13.646
31.696
22.284
31.477
28.445
26.182
30.761
28.249
24.044
26.73
25.468
20.797
20.512
23.014
20.559
14.723
24.434
21.281
