4.1305
7.2611
8.9743
5.0119
4.2267
5.445
10.617
11.169
12.417
4.4668
6.1518
4.1591
2.1038
6.3241
4.0087
7.3621
9.1411
4.7098
4.2855
4.7643
4.8978
6.792
4.3652
4.1115
5.8614
5.6105
6.5917
6.7453
6.5917
6.6834
8.7902
6.3533
6.0256
7.6033
6.0534
5.2602
4.8529
6.2517
6.7453
3.5563
3.7497
12.531
1.0666
1.0471
1.1376
1.0914
0.99541
1.0093
1.094
1.1429
1.1858
1.3243
1.3062
1.4421
1.2942
1.1117
1.4093
1.5668
1.888
2.5468
1.3366
1.1749
1.0257
1.3335
1.1015
1.4322
2.2699
2.884
1.5382
1.0889
1.3366
1.1015
1.183
1.5382
2.0654
1.3804
1.2023
1.1803
1.6293
1.5996
1.6106
0.95719
1.875
1.2274
1.3804
1.094
1.5171
2.1038
1.4191
1.135
1.8281
1.5346
1.6943
1.2706
1.39
1.1588
1.3213
1.5417
1.5524
2.2233
1.4859
1.3614
1.3152
2.1429
2.7164
1.1272
1.183
1.2303
1.094
1.2331
1.4388
1.0814
2.0797
1.8621
1.1803
0.91411
9.5499
1.0965
0.9977
1.0116
1.3677
1.3709
1.7458
1.1803
1.2023
0.92897
1.6788
1.6181
1.0233
0.93972
9.4406
10.691
9.8401
11.94
0.88105
0.92045
0.92045
1.7824
1.3428
15.311
15.996
17.906
9.9541
11.995
14.256
1.0691
3.4041
1.8197
2.8642
10.617
12.388
13.397
13.677
11.695
3.4041
4.7863
12.618
12.417
14.928
4.8084
13.868
0.92897
0.8995
8.6099
15.346
13.552
11.535
4.7206
0.8414
0.97499
1.7022
12.823
13.366
11.749
13.092
7.8163
10.617
12.531
8.2035
8.3368
11.885
10.568
14.655
5.2966
1.4555
1.1776
1.2388
3.8371
15.066
14.622
14.555
13.521
9.3541
12.274
20.417
4.1495
14.894
1.256
4.5604
7.4473
14.689
14.689
10.568
1.3062
0.96161
1.0423
13.614
13.428
13.366
16.255
11.066
14.997
15.136
2.7669
6.5464
1.8578
6.9823
12.218
13.366
1.3646
1.7742
6.792
14.256
11.041
15.417
15.453
8.3753
12.19
1.0814
1.3274
1.1535
1.5205
9.2257
12.162
13.122
1.2474
0.97051
7.0469
8.091
8.1846
10.641
1.2942
1.0233
5.6885
0.94624
0.8995
0.89536
0.8414
0.81283
6.9823
10.023
12.794
10.765
13.772
13.552
8.7902
13.062
10.94
11.015
10.304
10.186
12.647
1.2942
1.1066
1.0691
0.85114
2.0324
13.49
14.997
10.186
13.552
5.6364
4.7424
2.9107
4.1305
11.561
14.223
17.989
9.3325
14.093
10.666
15.241
11.22
11.614
10.423
11.668
12.677
8.3946
11.803
9.3325
0.87096
0.97949
4.7863
10.568
12.134
2.1232
4.7863
3.2659
1.7219
1.4655
1.4454
1.2218
1.0914
1.6634
1.1695
1.1776
8.7297
13.032
12.078
11.066
12.023
9.4624
1.2882
0.97275
1.1749
2.8184
9.3756
9.6828
9.2257
12.417
13.092
1.1995
1.5346
8.892
12.706
10.399
10.046
1.6368
1.4289
1.4859
2.9174
1.3092
1.4757
1.2106
1.5276
1.1376
0.81283
2.2131
6.6527
8.531
10.568
13.002
11.35
0.97499
8.5114
10.162
13.459
12.474
1.1066
0.91622
1.3092
1.6218
1.0233
1.4723
2.8119
3.2961
1.1429
1.0789
2.1677
1.7022
0.86696
0.97949
1.8707
0.92045
0.93111
1.1429
1.4962
1.1015
1.4894
1.803
1.6144
4.592
1.39
0.93111
0.90365
1.2706
1.3092
2.4044
1.5241
1.0471
1.3932
2.1677
1.7579
1.7783
2.4099
1.5488
1.0069
1.1722
1.1066
1.3002
0.9247
1.4488
1.2331
1.762
1.0889
1.8155
0.77268
0.8091
0.82035
0.82035
0.76208
0.82794
0.98401
0.88716
0.77268
0.96161
1.1066
1.1858
1.7338
2.904
0.74302
0.94189
0.79616
0.88105
3.3884
0.94406
0.83946
1.0093
1.2531
1.3274
1.4093
3.8548
2.4889
0.87498
0.8091
0.8892
1.1722
0.89125
0.88716
0.86099
1.0789
0.9528
0.96828
0.9528
0.94842
1.0304
0.8414
1.074
0.75336
1.3213
0.79068
0.85704
0.86696
0.81658
0.82414
1.9724
1.074
0.87297
0.877
1.2388
1.2388
1.1967
0.83176
2.1038
1.9187
2.2336
0.78343
1.0233
0.80168
0.7379
0.77804
0.8147
0.80353
0.73114
0.79433
0.76736
0.79616
0.77446
0.73961
0.8091
0.81283
0.82985
0.72611
0.69024
0.76208
0.81283
0.69984
0.75509
0.6792
0.69343
0.70795
0.69663
0.72277
0.66069
0.72444
0.68077
0.7145
0.66988
0.66527
0.65917
0.69502
0.64417
0.92045
0.77983
1.4488
0.99541
0.77446
0.79799
0.82035
0.91622
1.0965
0.98855
1.9364
1.9634
1.1455
1.0162
1.3836
1.2023
1.0375
1.7865
1.0399
1.4997
1.0666
1.3804
1.1117
1.3932
1.094
1.2972
1.4689
4.1115
2.4044
0.74817
0.78343
0.75683
0.8414
0.97499
1.1041
1.3428
1.0691
1.3996
0.8531
0.79433
2.7353
0.66527
0.67143
0.66222
0.81846
0.82604
0.85114
0.84528
0.84723
0.73961
0.77268
1.3836
0.70958
0.77625
0.67298
0.77625
0.69024
0.74989
0.68707
0.84333
0.68707
0.70146
0.68077
0.69343
0.75683
0.82414
0.81096
0.69984
0.72277
0.6792
0.70632
0.81096
0.79616
0.66374
1.1614
0.99541
1.3646
0.92257
0.9977
0.79433
0.66374
0.92897
1.0641
0.67453
0.68391
1.3122
1.6596
0.68077
0.69663
0.68549
0.69663
0.63973
0.65313
0.70958
0.68234
0.6792
0.72111
0.66527
0.68234
0.92045
0.8091
0.66069
0.85704
0.82224
1.2647
0.65013
0.77983
0.66834
0.63533
0.65163
0.67764
0.65313
0.69502
0.69024
0.87096
0.83176
0.64121
0.74302
0.65917
0.78524
0.94624
0.67298
0.68391
0.89536
1.1041
1.4521
2.2542
1.2972
8.3753
2.6363
0.76913
2.2491
0.98855
0.92683
0.98175
0.95719
0.9977
1.052
0.93541
0.94406
1.0641
1.194
1.7258
1.1194
1.0765
1.0666
1.7022
0.69984
0.67764
0.68077
1.0233
0.67764
0.68391
0.68865
0.67608
0.70146
0.69183
0.68391
0.67298
0.66834
0.71614
0.69024
0.72611
0.72277
0.70469
0.65917
0.93325
0.77268
1.0691
0.7379
0.71779
0.84528
0.89743
0.79433
0.92683
0.81283
0.84723
0.92257
0.81846
1.2942
1.3397
0.72444
1.349
0.66681
0.66222
0.68391
0.7145
0.65013
0.68234
0.66222
0.7379
0.68391
0.72277
0.67764
0.67608
0.71614
0.66527
0.68077
0.72611
0.69183
0.7145
0.66988
0.68234
0.66222
0.69502
0.69823
0.69663
0.68391
0.98855
0.70958
0.66222
0.69663
0.66834
0.69823
0.67143
0.72778
0.67453
0.6792
0.69502
0.71285
0.69183
0.73621
0.70632
0.65917
1.7865
1.5849
1.0593
0.97051
1.2359
1.3583
1.3243
1.0765
1.3932
2.0797
1.39
2.2751
0.72611
0.82985
5.9979
2.0701
0.91622
3.2137
0.68391
0.69024
0.83176
1.8323
1.6943
1.1298
0.97724
1.8113
1.5812
0.66988
0.67143
0.67764
0.68391
0.67298
0.65766
0.68391
1.2589
0.68549
0.65163
0.66988
0.66988
0.66374
0.66069
0.67764
0.65917
0.72778
0.67608
0.70632
0.68707
0.66834
0.65766
0.66374
0.67298
0.66069
0.67298
0.65917
0.70795
0.68234
0.64417
0.65766
0.66069
0.68707
0.67764
0.65917
0.65917
0.66069
0.68077
0.67143
0.64121
0.67764
0.65163
0.68865
0.66681
0.67608
0.66374
0.65464
0.67764
0.72444
0.66374
0.64714
0.69024
0.66988
0.69343
0.69663
0.77268
0.66834
0.69823
0.70307
0.66834
0.64714
0.64714
0.66834
0.66834
0.65615
0.68865
0.66222
0.71285
0.68077
0.66681
0.69663
0.66681
0.67453
0.66527
0.64863
0.68077
0.64269
0.67143
0.69502
0.67764
0.69502
0.6792
0.68077
0.66374
0.70307
0.66988
0.66222
0.66374
0.67298
0.71285
0.69984
0.69183
0.67143
0.6792
0.67143
0.64714
0.66527
0.69984
0.67608
2.0654
2.3933
2.133
2.2029
0.66527
0.65313
0.65766
0.83753
0.93111
2.7797
1.6558
1.6711
0.76384
0.76913
0.67764
0.7656
1.6788
1.9907
0.67143
0.68391
0.76208
0.94842
0.67608
0.69343
0.68234
0.68077
0.67453
0.6792
0.69024
0.68077
0.65615
0.69183
0.70307
0.67764
0.67608
0.69823
0.69183
0.69183
0.68077
0.73451
0.67298
0.66222
0.72778
0.68549
0.67608
0.70632
0.66222
0.67143
0.68077
0.66834
1.4421
1.5171
1.6943
0.98628
0.8995
1.1508
1.2417
1.5101
0.66069
1.0641
1.5101
1.6749
0.71945
0.96828
0.80538
1.3996
1.0447
0.95719
1.3614
0.98401
1.1722
1.6444
1.6482
3.1333
0.92045
1.0162
1.8408
0.77983
0.74473
0.82414
0.73621
0.84918
0.98401
1.4093
0.69183
0.69183
0.6792
1.3092
0.65464
0.68077
0.67298
0.67453
0.66374
0.98855
0.67298
0.65013
0.75336
0.67298
0.70146
0.68077
0.72111
0.64565
0.65163
0.64863
0.69502
0.65766
0.6792
0.68391
0.67764
0.66222
0.66527
0.64269
0.67298
0.65013
0.69823
0.65766
0.67764
0.65917
0.69823
0.67298
0.68707
0.70632
0.68549
0.66374
0.68077
0.69663
0.68391
0.66988
0.69024
0.65464
0.67143
0.71285
0.67143
0.65917
0.66527
0.66374
0.6792
0.67764
0.67764
0.65615
0.65013
0.65013
0.65917
0.65766
0.96828
1.5417
1.0162
1.2246
1.2735
0.69663
0.67608
0.66834
0.67764
0.72277
0.71779
0.67453
0.69183
0.67764
0.66527
0.66527
0.65313
0.70469
0.66988
1.9498
0.68077
0.68549
0.65313
0.69183
0.65013
0.68391
0.71285
0.64863
0.65615
0.68865
0.66834
0.67608
0.66681
0.72611
0.90573
0.68391
0.70469
0.877
0.66069
0.68391
0.68391
0.69663
0.76033
0.69343
0.9528
0.85704
0.73282
1.3122
0.68391
0.68234
0.90573
0.86497
0.64714
0.6792
0.66681
0.66681
0.76384
0.71285
0.72444
0.67453
0.69183
0.65163
0.66834
0.67608
0.65013
0.67764
0.66527
0.67608
0.65917
0.76736
0.92897
0.66527
0.68234
0.66527
0.67764
0.83753
0.70632
0.66222
0.78705
0.8091
0.95719
0.90157
0.67143
0.66069
0.68549
0.66681
0.66988
0.69343
0.70632
0.79068
0.69024
0.65313
0.65615
0.68077
0.65163
0.66222
0.64714
0.68234
0.66222
0.66834
0.66374
0.66222
0.65163
0.64565
0.68234
1.0046
1.3459
1.1194
0.85901
0.70469
0.91833
0.87096
0.69343
0.66222
0.77446
0.9506
0.65313
0.90991
0.76736
0.74645
1.0447
1.1912
1.1194
0.94189
2.9174
2.8445
1.3428
0.87902
1.2445
0.81096
0.93111
1.183
0.91201
1.2942
1.0789
1.3964
1.9724
1.1272
1.1455
1.1749
1.3996
1.3614
1.3964
1.4689
3.4041
2.7227
1.1695
2.1727
0.67764
0.69823
0.67298
0.67608
1.4289
0.68865
0.68865
0.68077
0.67764
0.66374
0.66222
0.66069
0.66681
0.66374
0.68234
0.65464
0.67143
0.65313
0.68077
0.64714
0.69024
0.65163
0.66527
0.69984
0.70632
0.68549
0.70632
0.68707
0.66069
0.65917
0.69502
0.67608
0.67764
0.66527
0.67298
0.69343
0.68391
0.69024
0.70469
0.70469
0.68549
0.66988
0.71945
0.70146
0.67608
0.69823
0.74817
0.68549
0.71121
0.69183
0.67453
0.65464
0.68391
0.68391
3.1769
1.183
1.1695
4.6559
0.93756
0.92897
0.93111
0.93756
1.052
3.5318
1.8967
1.9364
0.95499
1.0666
1.0116
1.2503
1.2882
1.1858
1.1614
1.3274
1.5101
0.65313
0.76384
1.766
2.5942
0.68234
0.66988
2.0654
0.72778
0.72277
0.73114
0.84918
0.87498
0.90157
1.2218
0.82985
0.85114
0.96828
0.89331
0.8091
1.9275
1.8664
1.4454
2.5235
0.94624
0.91833
0.82414
0.83753
0.87096
1.2823
0.79983
0.91833
0.76913
0.69984
0.70146
0.7925
0.75162
0.80168
0.78524
0.94189
0.86298
0.77268
0.77983
0.76384
0.69343
0.87096
0.66834
0.80353
0.67764
0.74131
0.94189
0.76736
0.74817
2.3933
2.3659
1.219
0.66527
0.66069
0.66988
0.73282
0.65163
0.67143
0.68391
0.68234
0.66527
0.69024
0.86696
0.8531
1.1912
0.66988
0.69183
0.66222
0.73282
0.65917
0.67143
1.39
1.3709
0.82794
0.85114
0.84723
2.0184
1.5101
1.1482
1.2218
0.88105
1.0495
0.81658
0.9506
1.0666
0.8892
0.86497
1.1749
9.1833
0.877
0.88716
0.71945
0.76736
1.1776
2.2542
0.69984
0.67764
0.70795
0.66069
0.67608
0.66222
0.70146
0.6792
0.70146
0.97949
0.66527
0.66834
0.69663
0.68549
0.67143
0.69984
0.73621
0.69183
0.67298
0.66069
0.69823
0.65163
0.67453
0.67764
0.66834
0.67764
0.70469
0.67764
0.6792
0.68391
0.71779
0.69183
0.68077
0.70146
0.68707
0.67453
0.68234
0.68549
0.70307
0.68707
0.7145
0.66988
0.69663
0.66681
0.68549
0.69663
0.68391
0.69183
0.68077
0.74645
0.67608
0.67764
0.67453
0.6792
0.71121
0.64863
0.67453
0.72277
0.65766
0.67453
0.69343
0.68077
0.66834
0.72111
0.66527
0.69823
0.69823
0.66527
0.64565
0.65766
0.68707
0.6792
0.68391
0.69984
0.65615
0.65766
0.70469
0.66222
0.67453
0.68865
0.80538
0.70146
0.63973
0.68234
0.66681
0.69024
0.69183
0.69183
0.71779
0.71121
0.71945
0.67608
0.66681
0.68549
0.68707
0.69823
0.70958
0.66988
0.66069
0.91622
0.74302
0.84918
0.7379
0.73451
0.76913
0.81096
0.70469
0.78705
1.3305
0.74131
0.79616
0.79616
3.1696
0.72111
1.0257
2.5527
1.094
0.85704
1.2246
0.92683
0.77804
0.90782
1.183
0.88512
1.1561
1.0593
1.3397
1.0765
1.0351
0.98628
0.77804
0.82985
0.83176
0.85901
0.79799
0.81283
0.72946
2.6424
0.70146
0.68707
0.82985
0.72277
0.68391
0.68234
0.70307
2.5823
4.5186
10.351
3.2885
6.2373
0.69663
0.71121
2.3174
0.66069
0.77625
0.68865
0.70469
0.72277
0.69502
0.65464
0.70307
0.68865
0.69343
0.70632
0.70469
0.66527
0.69343
0.70958
0.72111
0.75336
0.71945
0.69343
1.3305
0.80538
0.91622
1.8072
0.90991
1.028
1.1376
1.1722
1.1429
1.219
1.099
1.1169
1.052
1.099
0.91622
1.0593
1.1668
1.0666
1.0914
1.5311
1.1194
1.3521
2.3335
1.9498
1.1092
2.6002
1.1324
2.2131
0.84333
1.1776
0.72611
2.2336
0.69823
0.66681
0.67298
0.68391
0.71614
0.68391
0.68234
0.68707
0.69183
0.68865
0.71121
0.66527
0.74302
0.67608
0.66681
0.78163
0.68234
0.68549
0.64565
0.6792
0.69024
0.66681
0.71285
0.68234
0.67608
0.70146
0.6792
0.65766
0.66988
0.66222
0.68549
0.66834
0.6792
0.64714
0.65917
0.65917
0.67764
0.66834
0.71121
0.69663
0.68549
0.68077
0.68234
0.66069
0.66988
0.65917
0.70632
0.67298
0.69663
0.68391
0.72277
0.69343
0.68865
0.66834
0.73621
0.66527
0.71614
0.66374
0.73282
0.69024
0.68549
0.69823
1.9724
1.3996
0.89125
0.80168
0.79433
0.82794
0.68077
0.66834
0.7709
0.82414
0.69343
0.67143
0.66988
0.89743
0.70469
0.8147
0.69343
0.66834
0.65464
0.75858
0.69823
0.67608
0.65917
0.66069
0.80724
1.4093
1.3397
1.3243
1.4997
0.79983
0.68077
0.70795
0.66834
0.65615
0.71945
0.67764
0.69823
0.65313
0.69663
2.2233
1.9143
0.90157
0.79616
1.6711
0.92897
1.5346
0.66374
0.65313
0.68707
0.67298
0.68077
0.65615
0.67453
0.68077
0.68077
0.68707
0.69183
0.67764
0.66374
0.79616
0.71121
0.72277
0.66681
0.67608
0.69823
0.66681
0.70307
0.68391
0.67143
0.6792
0.71285
0.67453
0.70307
0.70958
0.69823
0.69984
0.68707
0.65917
0.68549
0.70146
0.67764
0.70958
0.66222
0.71285
0.70146
0.70958
0.69502
0.68865
0.6792
0.99541
0.72778
0.92257
1.2794
0.74989
0.72111
1.2246
0.66222
0.66988
0.68865
0.65917
0.91201
0.89743
0.97724
1.4289
0.71285
0.67143
0.66222
0.67764
0.69024
0.67764
0.69183
0.67298
0.66374
0.69502
0.69502
0.68391
0.67764
0.68865
0.68391
0.68077
1.3583
1.4421
1.4894
1.7061
1.2764
0.80353
0.91411
0.82224
0.76913
0.78705
0.77983
1.0814
1.6749
3.4356
0.6792
1.028
1.6788
0.76033
0.84723
0.93756
0.81096
0.90782
0.73114
2.3605
1.6106
0.94189
0.87902
1.256
0.91201
1.3305
0.87498
0.68234
0.70146
0.65766
0.67453
0.68549
0.64714
0.70795
0.74645
0.67608
0.71121
0.67764
0.66681
0.67608
0.76384
0.69663
0.68549
0.66222
0.71945
0.72111
0.68707
0.65313
0.67608
0.69823
0.68077
0.68707
0.69663
0.6792
0.66374
0.70146
0.72444
0.69823
0.66527
0.67143
0.72444
0.66834
1.6218
1.2078
1.2706
1.888
0.80353
0.9977
0.87902
1.0093
1.1508
3.4198
1.0423
0.86497
0.88308
1.0617
0.82035
0.90365
0.6792
1.7783
0.71779
0.6792
0.65766
0.69663
0.67608
0.68549
0.71614
0.67608
0.68707
0.66681
0.69823
0.66834
0.65615
0.65766
0.70307
0.66374
0.65464
0.65766
0.68391
0.67143
0.65464
0.66069
0.6792
0.74645
0.68549
0.68707
0.69183
0.67453
0.71121
0.64714
0.67453
0.66222
0.66681
0.69183
0.6792
0.65313
0.68234
0.67453
0.66374
0.71121
0.67298
0.66834
0.68865
0.68707
0.68077
0.65917
0.69024
0.67453
0.69502
0.68077
0.68077
0.70632
0.66681
0.69024
0.67608
0.68707
0.67143
0.66374
0.69024
0.68707
0.6792
0.69024
0.67143
0.66988
0.64565
0.66834
0.64714
0.69024
0.68234
0.67453
0.66527
0.70307
0.67453
0.67298
0.66374
0.69183
0.83176
0.66527
1.5171
1.4256
0.66374
0.67298
0.66222
0.66222
0.69183
0.68707
0.69823
0.66374
0.64863
0.66988
0.65163
0.66988
0.67298
0.64565
1.9409
0.93111
1.0889
1.1455
0.74817
2.3823
0.82414
0.71945
0.68234
0.70146
0.67143
0.85901
1.5171
0.79068
0.90573
0.82224
0.63826
0.84528
0.83753
0.70958
1.4859
0.86298
1.5205
1.6444
1.3677
1.8535
0.68077
0.65766
0.70632
0.66069
1.7338
1.4791
0.76736
0.74817
1.0447
2.3878
0.66374
0.65464
0.67764
0.66988
0.69984
0.66374
1.3183
2.1528
0.69024
0.72611
0.7145
0.66222
0.66222
0.66834
0.65917
0.66374
0.66834
0.71285
0.67453
0.64714
0.66069
0.66681
0.65615
0.66069
0.65163
0.65313
0.69183
0.66681
0.66988
0.66069
0.66681
0.67453
0.68391
0.63826
0.65313
0.69343
0.65615
0.63973
0.68707
0.66988
0.65163
0.67453
0.68707
0.64863
0.67143
0.67608
0.68077
0.66988
0.67298
0.6792
0.70958
0.66988
0.67143
0.66527
0.67453
0.66222
0.64121
0.67143
0.68234
0.66374
0.68234
0.68234
0.65615
0.71121
0.69502
0.70146
0.66069
0.66988
0.6792
0.69183
0.69823
0.78163
1.099
0.76913
0.79068
0.87096
0.80538
0.76736
0.78524
0.7379
0.98175
0.71945
1.5101
0.77446
1.122
1.1722
0.94189
1.0093
0.93325
1.4723
1.0617
0.877
0.66834
1.8113
2.0893
4.0179
1.8967
1
0.83753
0.66527
0.71121
0.69024
0.67298
0.65464
0.66222
0.67143
0.75509
0.66681
2.0654
1.875
2.2751
0.91411
0.8531
2.7416
3.0409
0.66222
0.68391
0.68707
0.69823
0.66834
0.72444
0.67298
0.65917
0.67298
0.70795
0.66681
0.73114
0.71285
0.69984
0.65313
0.69024
0.67298
0.65464
0.69663
0.69183
0.65917
0.70632
0.67453
0.71779
0.68391
0.68234
0.68549
0.66681
0.68865
0.66069
0.66988
0.78343
0.67143
0.66988
0.66527
0.68707
0.67608
0.69502
0.64714
0.65313
0.67453
0.65615
0.66988
0.67453
0.67608
0.67453
0.68707
0.65464
0.69984
0.6792
0.67143
0.71121
0.66374
0.64121
0.68077
0.67453
1.0666
2.3227
1.875
1.0069
0.82035
0.72277
0.73114
0.73961
1.0093
0.79433
0.69502
0.77446
0.76736
1.2445
1.1455
1.0375
0.98175
1.1066
1.2445
1.1995
1.1722
1.4928
0.88716
1.3062
0.78163
1.1092
1.845
0.75683
0.85901
0.79433
1.888
0.7379
0.6792
0.64863
0.68077
0.69343
0.68234
0.69663
0.99541
0.69984
0.69663
0.66834
0.65013
0.65464
0.66834
0.66069
0.65917
0.67764
0.70958
0.67143
0.69343
0.64714
0.66834
0.68077
0.68707
0.66988
0.69663
0.6792
0.66222
0.72277
0.79616
0.65464
0.67453
0.66527
0.67453
0.68391
0.65917
0.67453
0.67298
0.67608
0.6792
0.69984
0.65766
0.65464
0.69663
0.66527
0.65615
0.69343
0.67453
0.63973
0.65766
0.69663
0.65313
0.74989
0.77446
0.6792
0.70307
0.68549
0.67453
0.68391
0.68077
0.69823
0.71614
0.67143
0.67764
0.68707
0.67608
0.67764
0.67608
0.66834
0.68549
0.68077
0.64863
0.70146
0.71779
0.67764
2.0606
2.1528
3.069
4.3053
4.121
2.5882
0.76384
0.79616
0.78343
1.5922
2.3067
2.0184
2.3281
1.0116
0.77625
0.79983
0.79983
0.97724
0.70795
1.1169
0.85114
0.82985
1.0186
2.2233
1.2882
1.0023
0.68707
0.68391
0.66222
0.66222
0.69502
0.66988
0.66834
0.67453
0.66527
0.7379
0.77268
0.72111
0.76208
0.8147
0.86696
0.77268
0.8147
0.88512
1.2246
1.2274
0.77446
0.89743
1.183
0.66834
0.65013
0.65917
0.67764
0.68077
0.68077
0.86099
0.64269
0.69183
0.66988
0.7709
0.66374
0.66374
0.66681
0.65766
0.68865
0.65464
0.69984
0.71121
0.69823
0.63973
0.66988
0.72778
0.6792
0.67453
0.68391
0.66681
0.66834
0.67608
0.67453
0.65766
0.69183
0.66834
0.69663
0.66527
0.69823
0.67608
0.72444
0.68077
0.68234
0.68077
0.68391
0.72778
0.66374
0.65464
0.67764
1.2912
0.94189
2.6062
0.93111
0.84333
0.83946
1.0691
1.1298
1.219
1.5596
1.2303
1.1561
1.2794
1.2359
1.0765
1.0617
1.2647
1.2246
1.1194
1.2618
2.138
1.1858
1.7338
1.194
1.2388
1.194
1.0765
1.888
0.87498
0.70146
1.714
0.7145
0.70146
0.66834
0.72611
0.68865
0.68234
0.69024
0.68865
0.67453
0.67764
0.67608
0.65013
0.69823
0.65313
0.68391
0.68234
0.6792
0.65615
0.65464
0.68707
0.68865
0.66374
0.69024
0.65766
0.70632
0.66222
0.67298
0.70795
0.66069
0.68865
0.66374
0.66069
0.66681
0.68865
0.66834
0.65013
0.65464
0.66527
0.69663
0.67453
0.67608
0.65766
0.66222
0.64565
0.80538
0.66069
0.8091
1.2078
0.80353
0.76736
0.78343
1.0423
0.65917
0.69984
0.72778
0.69663
0.80724
1.2162
0.99083
1.8323
1.9907
0.69823
0.67143
0.68549
0.67608
0.66069
0.66374
0.67143
0.68707
0.66527
0.67298
0.87297
0.68391
0.65163
0.66374
0.65766
0.68234
0.70146
0.67453
0.67143
0.75162
0.69502
0.67608
0.67143
0.7145
0.67298
0.67608
0.65917
0.70307
0.71945
0.71121
0.70307
0.66988
0.67608
0.70795
0.66222
0.69663
0.67298
0.66222
0.66681
0.68391
0.68077
0.65917
0.69502
0.66681
0.66988
0.66834
0.69502
0.67453
0.6792
0.66069
0.70632
0.67608
0.66988
0.69984
0.66834
0.67608
0.67764
0.68549
0.72111
0.66222
0.65766
0.66681
0.67298
0.66834
0.69984
0.64269
0.82035
0.73621
0.90365
1.0544
1.4859
1.7947
2.3442
0.91201
1.4825
0.90991
0.71614
0.7145
0.90782
1.9143
0.7145
0.67608
0.70632
0.72946
0.67298
0.65917
0.69663
0.66222
0.66069
0.65163
0.66374
0.92257
0.68549
0.71121
0.68234
0.69024
0.71614
0.66222
0.71285
0.70795
0.73621
0.70469
0.66069
0.65766
0.65615
0.67453
0.66069
0.70958
0.67764
0.69024
0.71779
0.71779
0.67453
0.67608
0.69502
0.73961
0.8414
0.77625
0.81283
0.77446
0.75858
0.82794
0.80724
0.77804
1.6406
0.86099
1.9953
1.122
0.91622
1.0209
0.90782
1.1722
1.5453
2.2594
1.7061
0.6792
0.87902
0.68391
0.65013
0.66834
0.69343
1.3709
0.85114
0.76913
2.0464
1.9011
1.1143
1.2106
1.1858
0.90991
1.0691
2.4378
1.3183
0.76208
1.9588
0.65615
0.67453
0.66681
0.70307
0.66834
0.65013
0.66069
0.69502
0.70795
0.67764
0.65917
0.66069
0.66834
0.66374
0.70958
0.69024
0.70469
0.68707
0.67298
0.67453
0.68865
0.68549
0.68234
0.67143
0.70795
0.68707
0.65917
0.68234
0.67608
0.68077
0.66834
0.72277
0.65464
0.6792
0.68707
0.99083
0.85901
1.2246
1.0375
2.2284
1.0257
1.3996
0.99083
0.85704
1.5171
2.1184
0.67453
0.67298
0.66834
0.68077
0.66222
0.67298
0.67453
0.66834
0.67453
0.66988
0.69024
0.68549
1.0789
0.66988
0.67764
0.69024
0.66222
0.72277
0.69823
0.66374
0.6792
0.67608
0.69984
0.67298
0.71121
0.67764
1.5346
1.5205
0.73114
0.68707
0.81283
2.0559
0.65464
0.64714
0.66069
0.65464
0.65464
0.66222
0.68391
0.66069
0.67764
0.65013
0.66527
0.6792
0.69502
1.1803
0.68234
0.69343
0.64269
0.64714
0.67143
0.69984
0.6792
1.052
0.66527
0.67764
0.68865
0.71285
0.70307
0.66527
0.67298
0.65917
0.68077
0.68707
0.69984
0.68234
0.69823
0.68707
0.65163
0.66374
0.65313
0.6792
0.68549
0.9528
2.4774
0.78524
0.68391
0.69663
1.5066
1.1912
1.5171
0.76384
1.9099
0.9977
3.3037
0.87498
0.68707
0.72111
0.63973
0.71285
0.69343
0.64863
0.69823
0.68234
0.68391
0.66988
0.73451
0.67764
0.69823
0.64863
0.66834
0.66222
0.67764
0.66988
0.66834
0.67298
0.72444
0.66527
0.67764
0.67453
0.69823
0.66374
0.66988
0.67143
0.65917
0.66681
0.67143
0.85704
0.70469
0.69343
0.65464
0.70146
0.65615
0.6792
0.68234
0.66681
0.6792
0.68707
0.67143
0.67143
0.6792
0.66988
0.69343
0.67453
0.64863
0.72277
0.66069
0.68077
0.69502
0.65615
0.65917
0.67453
0.65766
0.65615
0.65615
1.0257
0.72277
0.82414
1.4093
2.5468
2.7227
0.66834
0.65464
0.70632
0.80538
0.67143
0.69663
0.66988
0.66374
0.66834
0.66988
0.68077
0.66374
0.66834
0.71614
0.66374
0.69343
0.66374
0.68549
0.70307
0.69343
0.69024
0.68549
0.66834
0.69024
0.69663
0.68707
0.71121
0.69663
0.69984
0.71121
0.7145
0.68234
0.68234
0.69502
0.72111
0.69502
0.66834
0.68549
0.66988
0.68707
0.63826
0.68077
0.73961
0.69663
0.66681
0.6792
0.66527
0.66527
0.70469
0.69663
0.67298
0.69502
0.77804
1.1535
1.7298
0.68865
0.70146
0.67764
0.66069
0.69024
0.70307
0.85507
0.8091
0.74131
0.77625
0.79799
0.79616
0.80724
0.74131
0.77446
0.76736
1.5885
1.6106
2.6792
1.7418
2.0989
3.8726
0.67143
0.68549
0.70632
0.68077
0.70146
0.7145
0.67608
0.73282
0.71779
1.1885
0.97949
1.6482
0.93111
2.0701
0.8356
0.92045
0.99541
0.68549
1.2359
1.3428
0.98628
0.97724
1.0839
1.183
1.1482
1.1429
1.0789
0.94406
1.5136
1.5101
0.8147
0.87902
1.6293
1.6904
1.2445
1.2303
1.194
1.0568
1.4191
1.4454
1.0715
1.1455
2.4547
0.94189
0.67764
0.66374
0.82794
0.64417
0.66527
0.69502
0.67608
0.66222
0.65766
0.69183
0.68865
0.69663
0.66374
0.66988
0.67764
0.6792
0.74989
0.68549
0.72444
0.69502
0.69183
0.67453
0.72444
0.69502
0.67608
0.69663
0.67298
0.69024
0.67453
0.65313
0.67608
0.72946
0.69024
0.6792
0.69984
0.69984
0.70632
0.71779
0.70632
0.6792
0.72611
0.67764
0.70469
0.69984
0.70958
0.68865
0.66834
0.70632
0.69502
0.67764
0.67298
0.7145
0.67453
0.6792
0.71779
0.68865
0.71614
0.68549
0.64269
0.69343
0.72111
0.68707
0.68707
0.71121
0.69024
0.66988
0.66527
0.68234
0.65163
0.66834
0.68707
0.66527
0.66681
0.67143
0.66834
0.67764
0.67298
0.6792
0.68549
0.65464
0.71945
0.67453
0.70469
0.66681
0.66069
0.69984
0.68077
0.67298
0.67608
0.66681
0.71614
0.71121
0.65766
0.68865
0.68549
0.68865
0.6792
0.6792
0.72277
0.70632
0.67143
0.69823
0.70632
0.65615
0.67298
0.69183
0.69663
0.71121
0.66527
0.69823
0.66374
0.66834
0.69502
0.68077
0.68865
0.66834
0.66069
0.66222
1.6866
1.4689
0.82414
2.138
0.66988
0.6792
0.69183
0.67143
0.66527
0.69343
0.67298
0.66834
0.68549
0.65464
0.67453
0.68549
0.65464
0.70795
0.6792
0.65313
0.68549
0.69183
0.67298
0.71945
0.69663
0.70146
0.69502
0.68865
0.71614
0.67143
0.71121
0.70795
0.69343
0.67298
0.69343
0.68707
0.66988
0.70958
0.67298
0.66834
0.68391
0.70795
0.68234
0.68234
0.66374
0.66069
0.66222
0.67143
0.70632
0.69502
0.65313
0.6792
0.69823
0.68549
0.68077
0.65013
0.64863
0.6792
0.67298
0.69663
0.66681
0.66222
0.68391
0.68234
0.68077
0.70307
0.66988
0.66222
0.66681
0.70958
0.69024
0.66527
0.66988
0.68234
0.68549
0.69984
0.64269
0.69024
0.69502
0.68707
0.71285
0.68391
0.64565
0.66374
0.65766
0.65615
0.68077
0.65615
0.64863
0.67298
0.67453
0.65464
0.67143
0.67298
0.76913
1.219
1.2303
2.1878
2.541
0.75509
1.2274
1.1535
0.80724
0.93325
1.0375
1.0691
0.83753
0.97949
0.77983
0.77625
1.3032
0.97949
1.0328
1.5996
0.94406
0.69984
0.75509
0.69984
1.4223
1.1858
1.1194
2.1478
1.0186
1.9861
1.2794
0.68707
0.68077
0.69502
0.66834
0.67453
0.68391
0.71614
0.68549
0.67764
0.66527
0.69024
0.65766
0.66374
0.67608
0.68549
0.67608
0.68549
0.64121
0.67453
0.67764
0.65615
0.69663
0.69984
0.71285
0.68549
0.69183
0.67143
0.9528
0.66527
0.66527
0.66222
0.68234
0.67764
0.68865
0.64565
0.65464
0.67608
0.68234
0.69502
0.68234
0.66069
0.66681
0.68234
0.67453
0.72277
0.67298
0.68549
0.65766
0.70469
0.64863
0.68234
0.66681
0.65313
0.68391
0.88716
0.8892
1.3032
1.0471
1.0789
0.76913
0.77268
1.3583
0.67764
0.67608
0.71121
0.68707
0.70307
0.68549
0.66681
0.69343
0.69183
0.66374
0.65163
0.68707
1.4256
0.81283
0.89536
0.80538
0.86696
0.75162
0.77804
0.86099
0.74131
0.77446
0.92683
3.0549
2.6122
1.0691
0.91622
0.89125
0.97275
0.72277
2.0045
0.75858
1.5311
0.66681
0.69343
1.3335
0.65615
0.65163
0.65013
0.67764
0.70469
0.69823
0.68234
0.65917
0.67453
0.65313
0.67143
0.67143
0.68707
0.6792
0.69183
0.66374
0.65464
0.66988
0.65917
0.66222
0.66069
0.66222
0.66681
0.69343
0.68077
0.66069
0.68234
0.69823
0.66834
0.70469
0.66834
0.67608
0.66988
0.69663
0.70958
0.7656
0.6792
0.65615
0.66681
0.68549
0.65766
0.68707
0.66988
0.69183
0.68707
0.71945
0.69502
0.67453
0.67764
0.70958
0.70632
2.138
0.65615
0.67453
0.67608
0.68077
0.67764
0.66681
0.66527
0.65766
0.66374
0.66834
0.67608
0.66527
0.67143
0.68077
0.65615
0.72611
0.66527
0.69343
0.66069
0.70146
0.68549
0.66374
0.69663
0.71121
0.66681
0.66527
0.64714
0.66374
0.66222
0.66527
0.66681
0.65917
0.67298
0.69024
0.72778
0.64417
0.69663
0.66834
0.67298
0.66834
0.65313
0.66988
0.66834
0.66681
0.68549
0.81846
0.65464
0.66681
0.67608
0.71945
0.65615
0.66988
0.68391
0.66222
0.68077
0.64417
0.67298
0.67143
0.65013
0.67143
0.65615
0.67143
0.68707
0.66988
0.67298
0.66222
0.65163
0.65766
0.65464
0.68234
0.65917
0.66834
0.66374
0.68707
0.67298
0.66069
0.66374
1.3521
0.96605
0.91622
1.3646
1.4388
1.3366
1.4723
0.8531
1.3274
1.1482
1.0471
1.0375
0.93325
0.81846
1.0568
1.5171
1.5812
1.0568
1.1272
1.135
2.2233
0.877
0.75336
2.0277
0.74989
1.2972
1.1858
0.67143
0.82035
1.4757
0.83753
0.76913
0.78524
0.70795
0.76033
0.75336
0.78705
0.76208
0.77268
0.78705
1.0765
0.75336
4.0738
1.9454
5.6364
8.8512
6.7298
6.5766
4.8641
12.794
8.2414
1.5417
1.8239
1.256
0.86896
1.4125
1.1749
3.1405
2.9648
1.8072
1.1117
1
1.1967
4.2462
9.3111
8.0724
1.7458
6.6681
11.041
10.093
11.246
7.9983
6.4269
0.69183
2.6363
4.5394
1.9275
0.89536
1.194
0.76208
0.8414
0.70307
1.1066
1.1535
1.1429
0.97051
1.122
0.80168
1.5453
1.9953
2.9512
3.3189
0.74131
0.70146
1.4723
2.8379
4.2954
1.2706
1.7701
2.1878
1.4322
0.71945
0.68865
0.71285
0.66681
0.6792
0.66527
0.65163
0.67764
0.65615
0.66681
0.70307
0.67453
0.65163
0.66834
0.64863
0.66069
0.68234
0.70469
0.69823
0.68077
0.67143
0.66222
0.68549
0.66988
0.66374
0.6368
0.66374
0.67143
0.67143
0.65464
0.69984
0.68234
0.66681
0.67608
0.66222
0.66374
0.67298
0.65615
0.66681
0.66681
0.65013
0.66069
0.66222
0.66527
0.66069
0.66834
0.65464
0.65464
0.64863
0.69663
0.66069
0.66374
0.66834
0.65464
0.66374
0.66527
0.67453
0.67143
0.67298
0.69024
0.67143
0.67143
0.65464
0.65917
0.6792
0.68391
0.69024
0.68077
0.66988
0.65464
0.66681
0.67608
0.69024
0.70958
0.66222
0.65766
0.66834
0.66374
0.67764
0.70146
0.66069
0.66834
0.68865
0.77983
0.67453
0.69183
0.67143
0.67453
0.64863
0.68549
0.67764
0.7145
0.66374
0.66374
0.67298
0.67764
0.69984
0.65464
0.66834
0.66988
0.67764
0.67608
0.67298
0.67608
0.65766
0.66374
0.66222
0.65615
0.66222
0.69502
0.66374
0.68077
0.6792
0.74131
0.68549
0.66988
0.68707
0.65013
0.64269
0.67298
0.69024
0.65917
0.67298
0.68391
0.72778
0.67453
0.68077
0.66374
0.64417
0.68865
0.66374
0.65766
0.67143
0.97051
1.0471
1.1143
1.1376
1.4521
1.4859
1.5996
1.5066
1.6106
1.6866
2.0417
1.5885
1.7579
1.6827
1.6032
1.4322
1.5812
2.2803
2.1135
7.1614
7.7625
4.3451
0.72111
0.76913
0.88512
0.86099
0.9528
1.0789
0.85901
0.80538
0.85704
0.77983
0.82414
1.3002
1.5996
2.0184
1.7906
2.0845
0.65917
0.67453
1.3614
3.0339
0.71614
0.68865
0.68234
0.71945
0.82985
1.406
0.80168
0.84918
1.4622
1.3183
2.5351
1.5205
2.0559
0.84918
1.6406
1
1.0864
0.94406
1.0495
1.4791
0.82224
1.5631
0.95499
0.8414
0.97499
1.71
1.1749
1.4454
1.5417
1.6069
1.5417
1.3122
0.93756
0.90573
0.90365
0.95499
0.93541
0.9594
0.90573
1.1066
0.90991
0.91201
0.85114
0.82985
0.8892
0.87096
1.6331
3.02
0.68707
0.67143
4.1976
8.147
6.5313
2.1281
2.3442
4.7206
1.1722
4.0832
2.6363
4.0272
0.70958
0.68391
0.67764
0.7145
0.69343
0.67608
0.69663
1.3614
2.6915
2.9854
7.8343
10.864
1.875
1.1169
1.3062
1.1455
1.8578
2.6792
0.76033
5.0003
7.0632
4.3351
11.995
11.143
8.1658
7.6208
0.74989
0.77625
0.80538
0.81096
3.3963
5.5719
4.2073
9.9312
11.298
0.65917
0.67298
0.66834
0.69502
0.69024
0.66527
0.69823
0.67298
0.68234
0.67764
0.68077
0.67608
0.70795
0.71121
0.69663
0.73621
0.67764
1.0789
9.6828
0.75336
0.69823
0.68707
0.70307
0.71945
0.69024
0.70146
0.7145
0.66374
0.65917
0.66681
0.65313
0.69183
0.66069
0.67453
0.68234
0.68549
0.70469
1.1376
1.0093
1.6788
0.69823
0.67298
0.66681
0.69343
0.68077
0.68549
0.69343
0.67143
0.67453
0.65917
0.70146
0.71121
0.68865
0.67764
0.68865
0.66222
0.68234
0.66681
0.67453
0.67453
0.67298
0.66222
0.68549
0.66834
0.66834
0.71779
0.66069
0.75683
0.65013
0.66374
0.66681
0.69024
0.68391
0.68077
0.68234
0.67453
0.67453
0.68234
0.65615
0.67143
0.67608
0.6792
0.66222
0.68077
0.71779
0.68391
0.75162
0.96383
0.77804
0.72111
0.80168
0.83176
0.79616
0.89331
0.79616
1.2618
1.2303
1.0139
1.6482
1.9187
0.68234
0.66681
0.67608
0.66988
0.68865
0.6792
0.69502
0.69823
0.97051
1.0351
0.90365
1.1722
0.98175
1.052
1.1995
1.1143
1.2531
1.1614
1.094
1.0116
1.0399
1.0593
1.374
1.0023
1.0209
1.2474
0.87297
1.2764
1.0864
1.2274
1.0375
1.1298
1.652
1.406
1.3274
1.1376
1.2764
1.1535
1.3002
1.0139
1.7865
1.219
0.86497
1.0375
0.8356
0.91411
1.0544
0.9528
0.79433
0.96161
1.0023
0.82414
0.7656
1.1641
1.0257
1.0617
0.91622
1.1455
1.1912
1.3459
1.2735
1.0544
1.3274
1.2474
1.0889
1.1614
1.9454
0.80168
1.3932
1.6904
0.77268
1.0351
2.4831
2.2803
3.02
0.69343
0.69984
0.74302
0.69984
0.67298
0.67764
0.71779
0.69502
0.6792
0.69183
0.70469
0.68549
0.83753
0.65766
0.66069
2.0512
2.673
0.68391
0.66834
0.67298
0.68391
0.68077
0.69183
0.69823
0.69984
0.68865
0.66222
0.66527
0.67764
0.93541
0.81283
0.78886
0.77446
0.78524
0.8091
0.77983
0.7379
1.574
1.2764
1.7179
0.67453
1.9953
3.342
0.81846
2.729
4.4157
0.7145
0.71614
0.68707
0.68077
0.71121
0.65464
0.69663
0.66527
0.68391
0.65313
0.67608
0.71285
0.65313
0.66069
0.63826
0.64863
0.68077
0.66834
0.6792
0.67453
0.65313
0.69502
0.65766
0.70632
0.71121
0.65163
0.70146
0.66834
0.68234
0.69343
0.66527
0.66069
0.68865
0.71121
0.66374
0.69183
0.65313
0.69024
0.65615
0.70795
0.65917
0.66527
0.66374
0.65917
0.67608
0.65615
0.66222
0.6792
0.66069
0.6792
0.66222
0.65766
0.67298
0.70958
0.6792
0.69183
3.1696
10.52
9.7275
11.561
12.078
1.4588
8.2604
2.0559
1.8793
5.2966
11.641
12.677
11.22
12.531
12.023
11.169
12.794
2.6002
0.85901
6.6069
12.474
11.272
12.677
13.677
12.706
14.689
3.1405
12.331
14.622
19.907
1.1015
2.355
9.3756
16.943
15.596
12.023
7.2444
12.05
14.322
11.455
8.2414
6.1518
4.0738
11.885
13.366
10.069
0.96161
8.5901
12.912
10.495
12.303
11.668
0.89536
7.4645
12.618
10.593
12.19
1.9724
1.4859
3.1261
13.459
10.965
12.417
7.8163
15.704
12.972
10.328
1.5417
17.906
17.298
13.183
12.764
12.274
4.7315
1.1722
9.3541
20.606
14.488
14.289
12.942
12.331
17.219
7.7983
1.0162
10.233
13.646
13.836
5.8614
14.757
11.508
12.218
11.376
3.3806
12.882
0.7925
0.75509
0.74131
0.77804
0.82604
1.4191
10.233
8.2604
10.351
12.647
19.143
11.535
13.243
11.912
10.186
13.9
13.335
8.3368
11.858
9.594
10.691
10.914
9.0365
10.814
18.45
14.555
13.49
13.397
13.964
12.735
12.912
8.9536
2.5119
5.236
0.80724
0.87902
19.364
34.119
18.75
16.444
18.75
18.113
21.281
19.275
21.38
21.727
18.365
20.091
18.323
17.061
21.979
10.328
6.3241
18.239
19.143
22.08
17.179
16.368
18.75
12.882
15.101
10.186
16.069
17.458
15.241
16.144
17.906
15.56
20.091
19.543
12.134
16.827
17.824
11.749
10.328
15.524
18.75
20.23
16.982
15.524
18.493
12.106
14.289
15.996
13.274
7.3621
12.882
14.791
16.368
16.866
20.417
16.827
13.583
16.558
