2.1478
2.1478
11.092
10.351
2.3605
1.0139
1.1117
1.0116
1.1272
1.099
0.99541
0.9506
0.78343
0.83753
0.85901
0.85507
1.9231
0.88308
1.7378
5.9566
0.86696
0.7925
1.6368
0.88512
0.96605
0.98628
0.96161
2.3121
0.89125
0.96383
1.1194
1.0641
1.4859
0.8892
0.78343
0.82604
0.77983
0.80353
0.76736
0.79799
0.84723
1.1508
6.5615
11.535
12.706
9.7499
1.3152
1.4158
1.5596
1.556
7.8886
12.388
12.331
17.539
13.964
16.634
12.589
11.912
1.7742
5.1642
13.614
8.8105
0.96828
0.89536
1.7458
0.8147
0.79799
1.0666
0.78343
0.74817
0.82035
0.87902
2.8708
0.86896
0.75683
0.73961
0.81096
0.80353
0.80538
0.9506
0.71285
3.6644
0.91622
1.122
1.4125
1.3274
0.79433
0.92683
2.3335
1.2942
0.73961
0.71945
0.72778
1.0423
2.9512
0.77268
1.9498
2.138
1.4223
0.8892
1.2794
1.2589
0.92683
1.0789
1.4894
2.4774
1.0617
0.88512
0.87096
6.368
0.77983
0.82414
0.77625
0.86896
0.80168
0.80724
4.14
10.715
19.364
8.6099
11.092
1.2218
1.4388
0.92257
1.0116
0.77268
5.0003
11.455
12.19
12.823
10.447
12.303
0.75858
1.6069
8.9743
10.495
14.158
8.7297
0.98401
0.9506
1.052
1.2882
6.1094
9.977
2.0559
11.94
0.79433
0.86099
0.74645
3.7844
14.928
13.964
13.836
12.162
11.272
0.93111
1.1858
1.3002
1.0593
2.1727
0.74817
0.72444
0.75336
0.74473
0.73621
0.71614
0.75336
0.76208
0.72277
0.70146
0.75162
1.6218
10.399
7.3114
4.1495
1.3804
0.89125
0.92683
0.92683
1.8967
0.72778
0.76913
0.9528
1.3002
2.0749
8.7096
5.7544
11.967
16.368
8.3368
9.3111
10.375
11.803
0.98401
0.86298
0.80538
0.85114
0.79983
0.72946
1.3366
1.0351
1.0328
1.0423
0.81283
1.094
0.8892
0.79616
0.86497
0.73282
12.162
13.772
5.5847
2.023
1.1885
1.074
1.2246
1.1272
10.839
1.5885
12.05
17.62
12.912
13.868
14.622
3.6308
1.2106
1.2303
6.5013
10.814
11.246
17.62
15.136
12.942
10.544
9.1201
1.2388
0.86298
0.9506
12.706
12.853
1.1246
1.6558
1.4125
1.8239
0.77983
1.3836
0.8995
0.87498
0.80168
0.80724
0.74473
15.56
0.92045
0.85114
1.2331
1.3646
1.1324
1.2618
1.3274
1.5453
1.349
1.1066
1.0839
1.2359
5.559
3.9355
0.8091
0.79983
4.5082
8.9743
9.8628
3.3189
17.66
18.323
15.812
18.155
3.0903
0.93325
0.83946
1.0839
0.96605
0.78524
0.84333
1.9231
12.794
14.555
20.749
13.428
11.695
1.7061
0.98855
15.417
10.186
13.152
7.6033
0.87297
0.83753
0.82794
0.8414
1.1429
1.0691
0.86696
0.80353
1.9011
0.73282
0.81096
0.88512
0.98175
1.8365
1.0864
0.98401
6.7453
1.374
0.69823
0.75162
0.79068
0.69984
0.74473
0.81846
0.82604
2.4378
0.73961
0.73114
0.82035
0.71285
0.73114
0.77804
0.76736
0.7379
0.82985
0.76208
0.75683
0.7925
11.194
11.695
17.022
20.749
24.099
12.647
9.7051
22.131
11.695
1.194
1.2246
10.447
0.77446
1.0046
0.78524
1.0641
0.97724
0.90573
0.81283
0.79799
0.88105
2.7542
0.78886
0.75162
0.72444
0.80353
0.7145
1.0046
8.77
21.281
0.77446
0.75509
1.7742
9.4189
15.417
18.113
0.86099
0.94406
0.74645
1.028
1.1695
1.3274
1.1272
1.5311
1.2972
1.4622
1.5346
1.2106
2.9309
0.86099
0.82985
1.6069
0.78343
0.74131
0.74817
0.77625
0.77446
5.5463
0.96605
3.3729
1.2474
1.4791
9.0991
15.74
18.621
15.066
14.191
15.776
11.83
13.366
13.002
11.885
15.812
14.06
2.2961
1.0046
2.1777
1.3964
1.3772
1.2706
1.2106
3.7068
0.70469
0.93325
6.2951
0.86497
0.73282
0.78524
0.81283
0.95499
0.82224
0.75509
0.82224
2.2233
4.0738
0.87096
0.85114
3.9994
0.72444
1.1117
0.80168
1.1885
0.86896
2.704
12.618
11.324
9.7499
18.113
10.666
10.74
17.66
10.046
15.171
11.092
11.246
16.368
11.749
13.836
13.996
16.827
20.701
1.7458
0.877
0.88512
6.1518
11.298
22.284
10.447
16.144
1.0765
11.015
17.14
14.928
12.218
3.1117
1.0399
5.1168
6.8077
10.94
12.972
12.246
20.749
10.839
18.408
11.641
12.331
11.776
13.002
9.528
7.925
0.93756
1.0233
1.2246
0.96383
0.94189
0.98175
0.86497
1.5311
0.72946
0.8892
0.97724
0.76033
0.66222
3.6475
12.972
8.5507
1.9275
1.8836
1.4555
1.3274
5.4702
1.2677
0.77804
0.82414
0.96383
0.78524
0.73621
1.3002
0.81658
10.544
19.634
11.561
11.429
11.967
10.495
15.959
8.7902
15.704
14.962
16.368
7.9433
9.6605
1.4859
11.749
9.7499
11.803
11.83
13.74
11.272
10.889
14.791
17.947
12.218
13.49
12.764
15.031
12.823
9.9541
10.99
18.197
0.93325
0.81096
1.1015
1.1324
0.77625
0.84333
0.74473
5.4075
1.0471
0.96161
1.6406
1.2942
1.1588
1.1455
1.3677
1.888
0.72946
0.70469
0.87297
0.79799
0.8414
0.8531
0.90991
0.78886
0.85114
0.96828
0.70146
11.668
8.8105
14.689
15.417
8.7096
1.3868
3.0549
9.7499
0.86696
1.0765
1.5276
0.76208
0.68707
0.81283
0.80724
0.81846
0.92683
0.77804
0.79799
0.8091
0.78524
1.0641
0.82414
0.7925
0.78705
0.80353
0.83946
0.73621
0.77804
3.4754
0.96605
1.0914
1.0257
1.0544
1.3092
0.8892
1.1967
1.1641
1.1776
1.7022
0.69663
0.73114
0.83176
0.82224
1.0023
0.96161
0.99083
8.9331
6.8707
14.289
12.677
13.213
9.9541
15.524
11.482
11.858
16.982
10.765
0.73114
11.912
20.37
21.086
17.701
8.4333
9.594
0.72277
1.1376
0.73961
1.0765
4.6774
1.1455
0.79616
2.958
0.86696
0.94624
0.93756
1.1508
1.0399
1.2078
0.94624
1.0023
0.74473
1.2735
0.7709
0.71945
0.79433
0.88308
1.0069
0.91622
1.4093
0.75509
0.88512
0.84918
0.81096
1.1246
0.78343
0.80538
0.72444
0.73621
1.1272
1.0046
0.7145
0.74817
1.714
0.8414
1.0351
1.0399
1.0864
0.94842
2.0324
1.1298
6.3096
0.81283
0.74302
0.86298
0.74302
0.83176
0.72444
0.79433
0.79983
0.84333
0.75683
0.98855
0.74302
0.72946
0.75162
0.76033
1.2912
0.73961
0.75509
0.74473
0.71614
0.74989
0.73114
0.74989
0.70795
0.7145
0.68707
0.84528
1.4521
0.90365
0.93541
1.556
6.6988
11.455
15.276
13.677
16.634
3.7844
11.83
10.423
17.179
17.378
10.889
16.293
6.1802
8.5507
12.531
4.1115
1.183
0.97949
9.3111
15.101
9.0157
19.055
10.186
11.298
11.912
10.914
7.7268
8.9125
9.7724
1.135
1.5241
1.5812
0.91201
0.79616
1
1.1776
1.5031
0.9247
1.0209
1.1376
2.0045
0.95719
1.1455
1.0666
2.6363
0.67298
0.72277
0.75336
0.71779
0.72444
0.7656
0.72444
0.75162
0.83368
0.73114
0.8091
0.8531
0.71285
0.74817
0.68865
0.67298
1.5066
0.73961
0.69823
0.69343
0.69343
0.78163
0.74989
0.68234
0.74817
0.72611
0.70146
0.69343
0.91622
0.69024
0.72111
0.72611
0.66681
0.74302
0.72778
0.69343
0.75683
0.73621
0.74989
0.7379
0.71945
0.76033
0.85507
0.68707
1.4256
0.72111
0.79433
0.72277
0.70146
0.72111
0.77268
0.74473
0.82224
0.76736
1.1169
1.9953
0.80538
0.76033
5.1404
0.68234
0.71285
0.73114
3.6224
3.2885
0.6792
0.76736
0.70632
0.69502
0.73282
0.77804
0.72778
0.67143
0.73114
0.76384
0.76208
0.68707
0.81846
0.74817
0.69984
0.77983
0.8091
0.9247
0.82224
0.81846
0.8414
0.86696
0.8995
0.73282
0.84918
0.79983
0.83368
0.8356
1.5631
0.74131
6.2951
8.6696
18.072
0.70632
0.74131
0.78343
0.84723
0.81658
0.79433
0.81096
1.194
0.70958
0.79068
0.77268
0.80353
0.86497
0.76384
0.75336
0.78524
0.75509
0.71121
0.73282
0.84723
0.82414
0.69984
0.78705
0.7709
0.76913
0.77804
0.79433
0.74817
0.75683
0.75509
0.75683
0.71614
0.75509
0.71614
0.82414
0.79799
0.69663
0.71121
0.81283
0.78343
0.69984
0.82414
0.76736
0.7145
0.81283
0.66988
0.81096
0.69663
0.72111
0.77268
0.72946
0.72946
0.7145
0.78163
0.66069
0.73451
0.72946
0.74302
0.72611
0.75509
0.72111
0.69343
0.72111
0.7709
0.7145
0.76913
0.8892
1.256
0.71121
1.1143
0.74473
1.574
0.97275
0.91833
0.82985
0.99083
1.1695
1.1169
0.84723
0.90365
1.0233
1.1324
1.6181
0.79433
1.5241
0.88716
1.1995
0.73451
0.75683
0.79433
0.72111
0.7379
0.73621
0.82414
0.73451
1.0914
0.74989
0.70632
0.76913
0.68234
0.98175
0.68865
0.67608
0.69823
0.74131
0.91833
1.1535
1.1272
1.1066
1.3213
1.762
0.76384
0.78886
0.71614
0.72277
0.69183
0.74131
0.72611
0.69183
0.80538
0.74989
0.72611
0.8995
0.66222
0.68865
0.76208
0.70307
0.76736
0.72111
0.84528
1.4289
0.84723
1.2618
3.6475
0.78886
0.76384
0.70146
0.67143
0.75858
0.81096
0.80168
0.78705
0.87498
1.0351
0.68707
0.69823
1.0691
1.4488
3.4754
0.69183
0.72111
0.74131
0.73621
0.76208
0.71121
0.72277
0.69502
0.71121
0.68391
0.73282
0.72946
0.70795
0.69663
0.67143
0.7925
0.65013
0.72946
0.68234
0.71945
0.70307
0.71779
0.72611
0.97051
0.90991
1.7219
0.77804
1.2764
1.052
2.6363
1.3183
1.1402
1.3335
1.0328
1.1995
1.7947
0.97724
1.2417
1.1376
1.122
1.2078
0.77268
1.4158
1.0715
1.1066
1.5596
0.98855
1.0715
1.2853
0.97275
1.0423
0.7379
0.8356
0.84333
0.70795
0.96161
0.70958
0.66069
0.78886
0.71285
0.69183
0.72778
0.72277
0.72611
0.83946
0.74302
0.97499
1.1117
0.69024
0.68549
0.69663
0.67453
0.69984
0.69183
0.6792
0.65615
0.7145
0.68077
0.70795
0.71121
0.71614
0.76208
0.71121
0.72277
0.70146
0.69663
0.73621
0.73282
0.74473
0.7379
0.78524
0.76033
0.72444
0.72277
0.69183
0.74989
0.75858
0.68234
0.68391
0.73961
0.75336
0.69183
0.74989
0.72277
0.69663
0.7709
0.73621
0.70958
0.75683
0.70307
0.80168
0.72946
0.79433
1.0447
1.39
0.70146
0.69823
0.79616
0.76208
0.69663
0.68865
0.70307
0.72946
0.73451
0.87902
0.97275
0.88105
1.0471
0.80353
2.2646
1.2331
0.78524
0.75683
0.77446
0.81096
0.8091
0.85507
0.75162
0.8147
0.82604
0.74989
0.70469
0.70795
0.79616
0.70795
0.87902
0.7145
0.73621
0.77625
0.8091
0.69984
0.75858
0.72611
0.73961
0.71945
0.74131
0.73451
1.3996
0.77625
0.86497
0.83753
0.76913
0.7925
0.72778
1.2445
0.77268
0.99541
0.88512
0.88105
1.1668
0.95719
0.97949
1.3521
1.2303
0.69343
0.76208
0.72778
0.8414
0.70795
0.72946
0.80168
0.77625
0.74645
0.76033
0.75509
0.77804
0.82035
0.70307
0.80724
0.75509
0.76033
0.75336
0.70632
0.74645
0.71285
0.77625
0.81096
0.82794
0.73961
0.74989
0.75162
0.84333
0.77804
0.70469
0.74989
0.74473
0.76384
0.74473
0.72277
0.79068
0.72946
0.72277
0.72778
0.76913
0.69502
0.83368
0.81096
0.80724
0.77983
0.8892
0.95719
0.86896
1.71
1.406
0.72946
0.74473
0.75858
0.71285
0.75858
0.79433
0.76913
0.83368
0.73114
0.69343
0.67453
0.75336
0.72611
0.78886
0.74131
0.7656
0.78343
0.8356
0.71285
0.8091
0.79068
0.77625
0.71945
0.69183
0.74989
0.70146
0.70795
0.68865
0.79068
0.71121
0.71121
0.72277
0.68707
0.77268
0.8356
0.80353
0.71285
0.74645
0.72111
0.71285
0.76208
0.82985
0.71614
0.7379
0.77446
0.88716
0.71945
0.75162
0.74473
0.73282
0.78705
0.71285
0.80353
0.7379
0.8356
0.75336
0.72444
0.76913
0.73961
0.74645
0.76913
0.73621
0.68707
0.72111
0.76033
0.74131
0.70307
0.74817
0.77983
0.76736
0.68234
0.80168
0.68234
0.81658
0.69183
0.78343
0.71121
0.74989
0.73282
1.2023
0.77804
0.77268
0.69343
0.69663
0.72277
0.73961
0.69823
0.71285
0.73451
0.77446
0.69984
0.73114
0.73451
0.7656
0.72444
0.77268
0.69663
0.78705
0.7656
0.76736
0.73114
0.71945
0.7656
0.66681
0.68865
0.71945
0.71285
0.75162
0.73282
0.71121
0.7925
0.69183
0.72444
0.97949
1.0186
0.87297
0.97051
1.0471
0.91622
2.7669
0.98628
0.9506
1.1429
0.97499
1.0139
0.93972
1.845
1.1967
0.90365
0.77804
1.2677
1.3677
1.2912
0.71614
0.8147
0.72946
0.72444
0.82224
0.75683
1.3996
0.74817
0.68077
0.89125
0.76384
0.79068
0.81846
0.78343
0.82794
0.93111
0.74989
1.1324
1.0965
0.74989
0.95499
0.8892
0.72946
0.79068
0.82604
1.0691
2.2909
0.75162
0.79433
1.2735
1.4689
0.80724
0.73114
0.7925
0.7709
0.70632
0.78163
0.81846
0.68549
0.67453
1.1041
0.8091
0.71945
0.78163
1.0765
1.4655
5.0582
0.8147
0.66988
0.72444
0.77446
0.70307
0.72946
0.73451
0.72277
0.78343
0.72444
0.71945
0.71779
0.79068
0.8356
0.80724
0.87297
0.81658
0.77804
0.81283
1.0789
0.70146
0.75858
0.74131
0.70958
2.2439
0.75858
0.7145
0.72946
0.70307
0.69183
0.72778
0.69343
0.70469
0.71945
0.74817
0.76208
0.74302
0.74473
0.68865
0.81846
0.97275
2.6182
0.85114
1.0789
1.5066
1.1429
1.2218
1.0864
1.194
1.2706
1.0162
1.5704
1.5241
0.72611
0.87498
0.70307
0.70958
0.68865
0.72444
0.73621
0.67298
0.70469
0.74131
0.70958
0.70632
0.65464
0.73114
0.70958
0.76384
0.87498
1.5346
0.71614
0.84333
0.82224
0.83368
0.83753
1.028
0.66834
0.70632
0.72277
0.72444
0.69502
0.85507
0.71945
0.68865
0.74473
0.69024
0.7709
0.73114
0.66988
0.71945
0.72444
0.73114
0.73451
0.75509
0.79616
0.68077
0.72444
0.74302
0.72277
0.71285
0.75162
0.72277
0.73451
1.0257
0.74473
0.68707
0.67298
0.69663
0.78163
0.76208
0.79433
0.73114
0.79983
0.64714
0.73114
0.68549
0.68391
0.72111
0.72111
0.70307
0.75162
0.7379
0.80353
0.71614
0.75509
0.68865
0.72778
0.69823
0.7656
0.74989
0.72946
0.69663
0.73114
0.72946
0.73961
0.76736
0.73114
0.74473
0.70632
0.67764
0.71945
0.69663
0.67298
0.69024
0.90157
0.73282
0.71285
0.71945
0.75858
0.72611
0.69984
0.75858
0.67453
0.69502
0.71945
0.72277
0.86497
0.7656
0.84918
0.77268
0.81096
0.74817
0.75683
0.7145
0.9594
0.75683
0.77625
1.6032
1.183
0.75858
0.79433
0.74645
0.92045
0.9528
0.69024
0.70958
0.71614
0.73451
0.7379
0.71779
0.82604
1.0162
0.72778
0.81283
0.75336
0.77268
0.69343
0.74645
0.77983
0.74989
0.69183
0.70795
0.71614
0.72778
0.70958
0.76736
0.74131
0.73114
0.76208
2.2029
1.0617
1.3397
1.3335
1.0304
1.0715
0.81846
1.0864
0.99312
0.93972
3.5481
1.1169
0.87096
1.0069
1.0139
0.9506
1.3002
1.2474
1.205
1.2474
1.1169
1.2445
2.0417
1.374
1.6032
3.9537
0.75162
0.80353
0.77804
0.80168
0.7145
0.73961
0.72111
0.79433
3.3266
4.7534
7.6384
10.74
13.459
7.7625
13.521
19.099
15.885
21.528
9.8175
19.588
2.6002
1.8535
1.1429
6.6527
16.144
8.9125
18.197
14.06
16.866
12.503
8.3176
13.521
13.183
11.803
17.022
10.715
16.032
10.666
10.715
13.274
10.814
15.74
7.145
14.555
0.8531
1.5453
1.5276
1.074
1.1092
0.77268
0.83946
0.86896
0.90365
1.1967
0.88105
1.977
1.4555
1.3868
1.3213
1.0069
1.0023
1.7865
0.70307
0.85704
0.86298
0.72444
0.7379
0.76913
0.74817
0.69343
0.85114
0.74645
0.82224
0.71614
0.77446
0.77983
0.74473
0.72111
0.73451
0.79983
0.66988
0.81846
0.70795
0.69502
0.70146
0.77625
0.7145
0.68077
0.76208
0.82985
0.7709
0.69183
0.68234
0.7379
0.75162
0.71285
0.71614
0.75336
0.72111
0.74817
0.67764
0.76208
0.69343
0.76736
0.73621
0.8356
0.74131
0.70958
0.76913
0.76208
0.69663
0.66374
0.71285
0.68391
0.69663
0.72444
0.79616
0.7656
0.81283
0.72946
0.77446
0.69024
0.75858
0.74302
0.70632
0.7656
0.80353
0.69823
0.75509
0.86099
0.70795
0.6792
0.98855
1.2853
0.7379
0.78163
1.766
0.69343
1.8155
3.3266
0.74131
0.72778
0.72611
0.8091
0.73621
0.7925
0.75336
0.83753
0.8892
0.82035
1.122
0.70307
0.70632
1.9724
0.70632
0.70958
0.74817
4.2954
0.70632
0.71121
0.68234
0.70632
0.71945
1.932
0.87902
0.90782
1.0162
1.652
0.8995
0.90157
1.0715
0.92045
1.2274
1.0375
1.3709
1.099
1.0209
0.92897
1
1.1169
1.2912
1.1668
1.1912
1.052
1.2388
2.0845
6.4417
1.2274
0.69984
2.0749
0.71285
0.78886
0.72611
0.69502
0.74817
5.9429
14.928
9.3541
0.70146
1.9999
2.208
0.72111
1.3243
1.6406
1.0495
0.93325
0.90991
1.6788
5.8614
0.87902
1.3062
0.93325
1.6331
0.89331
0.69183
0.93756
0.70795
0.92045
0.76736
0.81658
0.7379
0.82414
2.4831
3.3884
8.5704
5.1168
0.72946
0.76033
0.8147
0.79799
0.71285
0.69823
0.72946
0.91201
0.7709
0.81846
0.83368
0.72946
0.78343
0.80353
1.1885
0.72611
1.0162
0.82414
0.86896
0.69823
0.67453
0.75336
0.74473
0.69984
0.70469
0.80168
0.75509
0.80168
0.73961
0.77983
0.75162
0.73621
0.79799
0.82035
0.74645
1.219
0.92683
1.0765
1.0789
1.0162
1.2677
1.3122
1.1858
1.574
1.1324
2.9107
3.4594
0.66681
0.77804
0.71285
1.3964
0.78343
5.6364
0.73451
0.74131
0.71121
0.70307
0.78524
0.72611
0.8147
0.70958
0.70795
0.73114
0.81658
3.2434
3.5892
0.70146
0.77625
0.70632
0.72277
0.72778
1.3552
0.76208
0.71779
0.73961
0.75509
0.70958
0.72444
0.79068
7.709
15.101
8.5704
12.882
10.304
11.272
1.3213
3.4277
1.5812
0.82414
1.2823
1.5668
1.0839
0.8531
8.0724
0.72111
0.70958
0.71121
0.76384
0.74302
0.77804
0.74817
0.69663
1.5346
0.76033
0.79068
0.75509
0.73114
0.79799
0.76208
0.8091
0.78163
0.82224
1.4158
0.72277
2.2387
2.4831
0.71614
0.70469
0.77983
0.71614
0.74302
0.6792
0.69183
2.6363
1.0593
1.3709
0.76033
0.81658
0.68707
0.82224
0.85704
1.6904
2.6546
0.74473
0.76208
0.72277
0.78524
0.69984
0.74473
0.71945
0.75683
0.72277
0.7656
0.7379
0.74473
0.86099
0.77268
0.77625
0.72778
0.70632
0.77625
0.73961
0.7145
0.69024
0.75858
0.76736
0.73961
0.75683
0.73282
0.70795
0.68707
0.84333
0.78343
0.92897
0.72946
0.81846
0.85901
0.78163
0.83368
0.83176
0.81096
0.9594
0.72611
1.122
0.68865
0.69343
0.75683
0.78524
0.83946
0.76736
0.74645
0.68234
0.72946
0.77446
0.72611
0.72277
0.74302
0.73961
0.77983
0.70146
0.77983
0.76033
0.71121
0.71945
0.71779
0.73114
0.70632
0.71614
0.70632
0.70146
0.68234
0.73282
0.79616
0.70469
0.72111
0.69343
0.72611
0.71945
0.96828
1.3932
0.89125
0.90157
0.89743
0.86696
0.93972
1.0715
1.074
0.97499
1.1066
0.82224
1.0304
1.2618
1.1169
1.0209
1.0471
0.98401
1.1376
1.094
1.0814
0.98628
1.4223
0.81658
0.89125
0.93972
0.82224
0.84723
1.1143
0.76913
0.7709
0.74131
0.76913
0.70469
1.0471
0.87297
0.7145
1.1246
0.89536
0.82224
1.3305
0.74131
0.71285
0.72611
0.71614
0.67143
0.74989
0.92683
0.72444
0.73282
0.70307
0.75162
0.67298
0.6792
0.64565
0.72111
0.69823
0.84723
0.67608
0.72946
0.69183
0.7145
0.73114
0.7379
0.71121
0.78705
0.73282
0.72778
0.73621
0.7379
0.70146
0.73114
0.79433
0.76033
0.73621
0.72611
0.71945
0.69502
0.7145
0.72611
0.71945
0.75509
0.69343
0.70469
0.68549
0.76384
0.72111
0.71779
0.74131
0.76033
0.68549
0.7656
0.74302
0.69823
0.76384
0.75336
0.74989
0.71779
0.74989
0.72277
0.68549
0.77268
0.72611
0.7379
0.70307
0.68707
0.75858
0.70958
0.73114
0.67608
0.78524
0.80724
0.72277
0.69183
0.75162
0.69663
0.72946
0.70795
0.75509
0.78886
0.7379
0.70632
0.7656
0.72111
0.71945
0.72277
0.77625
0.70958
0.72946
0.73282
0.78524
0.79983
0.73282
0.7656
0.71614
0.76033
0.77983
0.71945
0.74817
0.73621
0.74302
0.74817
0.72111
0.75509
0.67608
0.69823
0.81096
0.7145
0.74131
0.72946
0.69502
0.74817
0.72277
0.71285
0.70146
0.73451
0.76033
0.72444
0.70632
0.81846
0.80168
0.7379
0.74473
0.73451
0.75162
0.76033
0.73282
0.77268
0.74645
0.69502
0.70469
0.67143
0.71285
0.78163
0.7379
0.72611
0.77625
0.75509
0.71945
0.77268
0.74302
0.71614
0.91622
0.79616
0.7379
0.73282
0.94189
0.89125
0.8356
1.0069
1.766
0.71614
0.75683
1.71
0.89125
0.80168
0.82035
1.2853
0.82035
1.1092
0.76913
1.2106
0.80724
0.76736
0.84333
0.81283
1.0328
1.3366
0.87096
1.4028
0.75509
0.69823
0.79616
0.7709
0.79799
0.74302
0.70795
0.77804
0.72946
0.78886
0.76384
0.72778
0.78705
0.78163
0.72111
0.8356
0.77446
0.75683
0.72444
0.81283
0.77983
0.76384
0.72111
0.80168
0.74302
0.79983
0.72946
0.77446
0.85704
0.75683
0.7379
0.73282
0.8147
0.77983
0.78705
0.83753
0.74645
0.80353
0.79799
0.82604
0.75336
0.75162
0.84333
0.7145
0.70146
0.81096
0.74473
0.81846
0.7925
0.76736
0.76736
1.0046
0.80538
0.79433
0.72778
0.74989
0.66834
0.73621
0.73451
0.75858
0.79068
0.72444
0.71121
0.77983
0.75336
0.73451
0.77446
0.72444
0.71614
0.73114
0.7656
0.71121
0.82224
0.7379
0.7379
0.71121
0.72778
0.80538
0.68865
0.79068
0.76736
0.78343
0.76736
0.75509
0.71945
0.80168
0.85114
0.77446
0.81283
0.80353
0.81846
0.69343
0.78524
0.75683
0.81283
0.73621
0.90365
0.79799
0.82414
0.77625
0.79433
0.7379
0.75336
0.77804
0.80724
0.77268
1.0593
0.9528
1.8535
0.73621
0.69183
0.70146
0.83753
0.77268
0.74645
0.75509
0.69343
0.83176
0.7925
0.74817
0.66834
0.7709
0.75336
0.74645
0.72946
0.77983
0.68234
0.74645
0.78705
0.73114
0.70958
0.66069
0.71614
0.73621
0.7379
0.69663
0.72111
0.71945
0.74817
0.72277
0.80168
0.69823
0.75683
0.68234
0.72611
0.73621
0.71614
0.75336
0.84333
0.68391
0.76736
0.80353
0.76736
0.76384
0.79068
0.87297
0.78343
0.77446
0.86298
0.82794
0.72277
1.8664
5.1168
3.7757
0.85704
1.5346
5.0699
7.1121
24.831
11.015
19.099
10.375
9.506
0.76384
2.8054
1.0641
5.2119
0.93111
1.2764
0.94624
1.1194
0.94189
1.0423
0.92257
0.99541
1.256
1.3183
1.0023
0.90365
0.93325
1.1455
0.99541
1.1482
0.96605
1.0186
1.1041
1.0162
1
0.90573
0.7145
0.79616
1.2162
0.92257
1.1455
1.9364
0.71779
0.72778
0.72444
0.70795
0.75162
1.3614
1.4962
2.6002
0.85704
1.1194
0.92897
1.4622
0.89125
0.8091
1.0666
1.4289
1.9055
0.7379
0.73282
0.97724
1.183
0.68707
0.75336
0.82414
0.69984
0.8147
0.71779
0.73451
0.69823
0.73282
0.69663
0.77268
0.74473
0.81658
0.74817
0.75509
0.67764
0.71121
0.76384
0.69663
0.72277
0.79068
0.71945
0.6792
0.69984
0.75509
0.70795
0.66988
0.68707
0.70795
0.71945
0.72946
0.70146
0.74473
0.69663
0.86497
0.68865
0.73114
0.77804
0.77446
0.6792
0.69663
0.74473
0.7145
0.65615
0.69984
0.68865
0.69183
0.68865
0.69502
0.69984
0.69823
0.70795
0.67764
0.70307
0.69984
0.70795
0.71779
0.76033
0.72111
0.71945
0.91833
0.94842
0.91411
1.5101
1.977
2.2233
0.76913
0.69823
0.71285
0.74131
0.76736
0.70632
0.76033
0.75683
0.70795
0.82224
0.7145
0.69183
0.71121
0.75858
0.74645
0.77983
0.76384
0.8147
0.86696
0.75336
0.77625
0.80538
0.71285
0.73961
0.69984
0.68077
0.75162
0.69183
0.67608
0.72277
0.74989
0.74817
0.73961
0.77625
0.76033
0.71614
0.68234
0.79068
0.76208
0.81658
0.82985
0.73961
0.82224
1.0304
0.84333
0.82985
0.78163
0.72111
1.4454
0.78705
1.1246
0.78705
0.72611
0.70795
0.80724
0.8531
0.79983
0.97275
1.1143
0.78163
0.88716
1.1092
2.0941
1.0691
0.80724
0.86696
0.72946
0.7379
2.0701
1.9055
0.88105
1.5668
0.90365
0.9506
0.8147
0.81283
1.194
0.8091
0.81096
1.2078
1.135
0.88512
0.92257
1.3092
0.77446
0.78343
0.69024
0.72778
0.73961
0.73451
0.75336
0.77268
0.72444
0.91411
0.73961
0.74302
0.70632
0.80168
0.74645
0.75336
0.78705
0.73451
0.72778
0.83946
0.74473
0.8147
0.75509
0.73621
0.72444
0.81846
0.92045
0.76208
0.88308
0.82035
0.6792
0.68549
0.81846
0.76208
0.68865
0.78343
0.74645
0.69984
0.71121
0.72444
0.80538
0.72778
0.70795
0.72611
0.71614
0.71614
0.72611
0.99083
0.65917
0.69343
0.68391
0.69183
0.71945
0.70146
0.74645
0.69663
0.68549
0.71121
0.70958
0.74645
0.68865
0.69343
0.69663
0.68865
0.73621
0.70795
0.80168
0.70632
0.70307
0.70795
0.69502
0.70146
0.77446
0.71614
0.70958
0.72946
0.73451
0.6792
0.73621
0.77983
0.69984
0.69823
0.70146
0.6792
0.70958
0.68549
0.70632
0.78705
0.76033
0.73282
0.7379
0.64714
0.69502
0.68077
0.72111
0.69343
0.70146
0.73621
0.69024
0.72946
0.69823
0.78343
0.74989
0.81283
0.72444
0.69343
0.72778
0.75858
0.66988
1.0046
0.69984
0.71779
0.74131
0.7145
0.67143
0.71285
0.69343
0.72444
0.73114
0.7379
0.67453
0.7145
0.86696
0.71779
0.69984
0.77446
0.72611
0.72111
0.68077
0.68549
0.74473
0.69183
0.71614
0.66681
0.69663
0.69984
0.71945
0.67453
0.75336
0.72111
0.69663
0.68707
0.73114
0.67143
0.77983
0.69984
0.71285
0.71779
0.85901
0.79433
0.75509
0.82794
0.81283
0.97724
1.2764
0.72277
1.1508
0.80353
1.0814
0.76913
0.7379
0.71779
0.69663
0.69663
0.69502
0.67764
0.89331
0.69823
0.6792
0.67764
0.69343
0.68865
0.67453
0.70307
0.66834
0.69663
0.73621
0.78886
0.66988
0.69663
0.74989
0.90365
1.1324
0.92683
0.91201
0.96383
0.8356
0.80724
1.1117
0.93325
0.96605
0.92683
1.0093
0.9247
1.1272
1.3002
1.0568
2.2029
1.5205
0.7925
2.8576
0.71945
0.82794
0.69502
0.69502
0.70469
0.74817
0.75858
0.75162
0.76033
0.72946
3.4754
1.0814
0.80353
1.0544
0.74473
0.80724
0.75336
1.6866
0.6792
0.72444
0.75683
0.72611
0.86896
0.72444
0.81658
0.87096
0.82604
0.86896
0.74817
1.0666
1.4158
0.8356
1.183
1.194
1.2162
0.73282
0.7145
0.74817
0.75683
0.99541
0.9247
2.9923
1.3243
0.93972
1.1912
0.8995
1.4997
0.80353
0.84528
2.8774
2.7479
0.75858
0.69984
0.70307
0.66988
0.71779
0.71779
0.68391
0.81658
0.74131
0.77983
0.86298
0.71121
0.79983
0.82604
0.75858
0.73282
0.73961
0.78343
0.75683
0.77983
0.75162
0.8414
0.76033
0.74302
0.78163
0.79799
0.73114
0.71614
1.2246
0.71121
0.72946
0.76384
0.74302
0.73282
0.71614
0.71779
0.72611
0.70307
0.7145
0.75858
0.72946
0.76208
0.72111
0.71614
0.70146
2.0559
0.73621
0.68391
0.72946
0.72611
0.70469
0.70307
0.77983
0.68707
0.70958
0.77446
0.8091
0.72444
0.74817
0.7925
0.76913
0.77804
0.74817
0.80724
0.78163
0.74473
0.73451
0.74989
0.77804
0.7145
0.75683
0.78886
0.76384
0.79799
0.79433
0.76736
0.73621
0.72111
0.8414
0.78886
0.78705
0.74817
0.84723
0.84528
0.97724
0.8995
0.93325
0.8531
0.86497
0.83176
1.5488
0.79616
2.466
0.7379
1.0069
3.581
0.71779
0.71779
0.76913
0.71779
6.1094
7.925
8.1658
14.894
11.376
14.223
14.289
21.478
12.618
15.031
12.972
8.8512
13.49
11.508
19.999
17.061
16.255
13.9
2.5586
10.814
16.368
15.56
10.209
10.351
18.239
11.614
11.508
10.889
12.474
9.528
16.069
12.417
14.289
13.552
12.531
13.677
18.493
14.388
21.135
11.272
7.0795
11.94
1.1885
0.96161
0.91201
2.023
6.6988
13.772
13.772
8.3753
15.668
8.3946
7.9433
16.482
9.0365
18.836
15.524
6.8549
1.7458
1.5885
0.80168
3.2137
0.81846
0.72444
0.72277
1.3397
1.3677
0.89536
0.87498
0.90365
0.98175
1.0116
1.028
1.803
0.82604
0.7656
1.1015
0.73282
0.71614
0.71945
0.70958
1.7378
2.3227
1.028
2.0417
0.74473
0.70795
0.70632
0.70632
0.71945
0.80353
0.74302
0.76384
0.82414
0.78343
0.75683
1.0423
0.96383
0.73961
0.97724
1.8664
1.6788
0.72111
0.71945
0.75683
0.86298
1.0814
5.6105
0.87902
0.71614
0.72111
0.69984
0.7709
0.71779
0.73114
0.70469
0.71285
0.72778
0.69343
0.70958
0.68549
0.69984
0.67764
1.205
0.66527
0.69823
0.70795
0.7145
0.70632
0.69663
0.67608
0.73114
0.68865
0.75336
0.73114
0.68077
0.68549
0.76208
0.68549
0.78524
0.74817
0.71121
0.92257
0.75683
0.73282
0.76913
0.73621
0.73114
8.356
7.5858
1.6711
1.6255
2.2699
9.7724
7.5162
15.812
18.707
17.061
10.162
11.22
11.885
10.399
13.428
11.614
13.428
12.764
11.092
1.1169
1.2823
1.0568
1.0351
1.2589
1.3964
1.2023
1.3646
0.78343
0.9977
1.1376
0.7709
0.82035
3.3343
2.5351
0.75683
0.73451
0.75509
0.78163
0.74131
3.7325
1.5101
0.76208
0.8147
13.274
8.0724
19.409
15.417
11.858
13.152
11.561
11.803
18.88
16.331
14.791
10.28
16.788
9.3972
9.7275
20.37
11.722
10.715
10.839
12.589
23.014
14.191
12.388
16.596
1.5922
1.9679
5.4954
1.183
8.9331
0.72611
10.544
11.455
9.1622
17.338
10
9.506
1.5524
4.1687
9.9312
0.8531
1.0914
0.77983
0.77268
0.79433
0.9528
0.77625
0.76384
0.80724
0.74989
0.9247
0.80168
4.1687
0.83753
0.90365
0.71945
0.9506
0.71121
0.81846
0.76033
0.79068
0.74817
1.6866
0.99083
1.1722
1.4028
1.205
1.0814
0.98855
1.3152
1.135
0.70146
3.1477
0.96161
1.2246
0.82985
1.1614
0.69823
0.67143
0.70795
0.68865
0.70469
0.69502
0.76736
0.72778
0.7145
0.76033
0.83176
0.68234
0.69663
0.73282
0.79983
0.66527
0.71779
0.70795
0.71285
0.69502
0.69024
0.72778
0.75683
0.69024
0.68549
0.69502
0.7145
0.71121
1.0375
1.5171
0.81096
0.67453
0.76033
0.79616
0.73961
0.76033
0.68549
0.78163
0.86696
0.69502
5.3456
4.4259
12.823
9.3541
16.788
13.274
18.493
11.272
17.14
8.2604
12.531
12.162
9.1622
17.061
12.764
6.8077
8.414
14.894
15.382
13.49
23.988
11.535
10.765
8.8105
12.078
8.6298
11.402
10.069
10.023
10.375
1.8578
0.94406
0.99083
3.5563
0.80353
0.72611
0.97724
0.72946
1.2823
9.3972
6.1944
7.4131
16.788
17.338
11.066
16.827
12.078
9.1833
11.588
14.521
7.4302
18.793
8.2035
16.069
16.52
8.6099
12.474
0.72444
5.4075
1.3646
0.92683
0.79983
0.79983
2.6485
0.80168
0.74817
0.76384
0.7379
0.91833
0.96605
3.4914
3.013
1.2503
1.3772
1.1402
0.76033
0.8091
0.75858
2.208
3.3963
0.74473
0.76033
0.73961
0.78343
0.8356
0.86298
0.91833
0.72277
0.79983
0.79616
0.73282
0.83368
1.0209
0.71121
0.77804
0.75683
0.76208
0.73282
1.3459
0.72778
0.70795
0.65917
0.73621
1.2794
1.2417
10.069
2.0701
0.73961
0.72611
0.73114
0.71285
0.74131
0.7379
0.74817
0.71285
0.70469
0.73451
0.69663
0.8531
0.93756
0.76033
0.70146
0.76384
0.68391
0.72444
0.78343
0.79799
1.1722
1.0257
2.2387
0.82035
1.1272
0.80353
0.877
1.3062
2.7542
1.2474
2.2336
0.72277
0.71121
2.6242
0.79068
0.73621
0.70307
0.70307
0.69024
0.70146
0.72111
0.76208
0.69183
0.71945
0.74302
0.69823
0.68865
0.72946
0.73282
0.77983
0.69343
0.78343
0.92897
0.76384
0.74302
0.71779
0.70146
0.83176
1.2912
0.79433
0.74473
1.2078
0.74473
0.68549
1.2106
0.72444
9.9083
12.531
7.9799
14.894
3.2211
4.0644
0.7925
1.7989
1.0495
5.4702
0.98628
0.70795
0.70958
0.69663
4.9317
1.194
2.6792
6.5766
17.179
12.589
14.454
13.032
19.32
45.499
21.429
13.932
9.2045
22.699
8.2035
17.1
11.194
14.894
8.9125
12.388
11.376
8.995
19.77
2.4155
1.0069
1.256
1.219
0.9247
1.6144
1.3243
1.2303
2.7669
4.8529
8.531
19.999
7.3621
15.631
23.067
15.776
21.627
8.9743
13.062
16.218
10.186
11.614
11.614
11.402
8.9536
12.853
14.223
1.5596
6.0954
1.0814
0.87498
1.0495
0.76033
0.77804
0.9506
0.89331
2.9785
0.78705
0.73114
0.69984
0.74302
0.69183
0.75858
0.72611
0.76736
0.97499
0.81283
0.70632
0.70958
0.71779
1.122
0.82035
3.2885
2.5942
0.96605
2.0654
0.7379
0.77625
16.032
14.355
7.2444
6.8707
10.304
11.092
13.804
7.925
15.241
10.914
10.864
19.231
7.7268
9.4624
17.865
8.531
11.169
10.046
16.069
10.52
17.824
15.704
13.646
11.272
9.0365
15.241
11.066
2.958
16.368
15.488
19.999
9.506
10.617
13.868
10.99
9.1622
15.241
18.239
6.792
16.069
8.4723
10
18.836
21.878
10.423
12.503
15.885
14.555
9.0573
1.5922
0.84333
0.76208
1.1298
1.1169
13.062
0.81096
1.0914
2.3988
3.342
0.71121
1.0691
2.884
0.71121
0.68077
0.70307
0.80724
0.75683
0.74302
0.74302
0.70632
0.74817
0.75858
0.73114
0.6792
0.89331
0.70469
0.66527
0.71285
0.69823
1.6368
0.77268
0.77983
0.82794
0.98628
11.561
2.2336
0.74473
0.74473
0.76208
0.74645
8.3753
12.794
10.423
14.689
13.397
11.298
16.558
7.6913
10.814
10.447
16.144
9.4842
19.143
11.614
13.274
18.793
13.366
11.066
1.183
13.366
15.241
1.1402
0.92257
1.1015
1.1614
1.4388
1.1041
1.5346
0.90157
0.86696
0.83946
0.8414
1.0186
1.0641
0.76913
0.8091
0.70795
1.1695
0.76033
3.3266
5.188
5.188
5.188
12.794
20.324
13.243
16.293
19.011
11.885
18.621
11.22
14.791
9.528
11.455
10.965
12.647
22.751
8.6497
17.458
7.5683
19.32
19.679
12.023
8.7297
14.158
19.231
11.94
14.928
6.4269
4.9659
21.528
14.825
14.723
10.209
9.0365
14.928
15.524
17.947
10.691
17.458
16.106
1.028
1
2.7606
1.2218
16.368
15.56
9.3972
9.7051
22.542
7.7446
10.814
10.765
8.6696
16.672
22.909
11.169
3.1915
1.4028
1.1041
2.8907
1.1995
0.82035
0.85901
0.77446
0.91201
1.1885
0.78524
1.2078
1.0233
1.2647
14.289
13.868
11.561
13.583
15.922
12.706
17.865
8.4333
11.858
11.508
7.9068
1.1324
1.1066
1.2735
6.4863
17.418
19.588
19.187
10.889
12.106
11.776
4.3351
1.1298
15.812
1.7947
4.9431
0.96161
0.69183
0.7379
0.75683
0.88308
0.76384
0.90782
0.82985
0.90365
0.95719
0.97949
0.80538
3.4995
9.3756
12.445
16.032
17.338
12.56
1.8155
6.1944
0.74989
0.91833
0.79616
0.88512
1.0839
11.722
9.1201
8.9536
10.069
14.191
17.498
9.2897
18.155
19.231
12.078
16.106
10.209
10.94
18.88
8.4723
12.823
2.1979
2.5119
1.8535
1.0544
1.1614
1.6788
3.4041
2.8576
0.79799
0.75858
0.7656
0.72611
1.2218
1.0046
3.4041
0.69823
0.67298
4.7206
16.982
16.866
13.122
13.122
12.589
15.205
22.699
13.092
18.113
12.359
11.143
27.164
7.0795
9.1411
10.328
8.2794
16.558
8.7096
12.445
12.764
10.399
21.184
18.323
9.2897
10.99
19.454
13.583
10.839
19.409
5.1404
6.8707
8.8105
8.892
9.9312
17.742
8.1283
17.66
18.793
12.218
9.2683
10.839
21.478
19.634
17.947
10.568
21.281
12.274
17.906
10.666
12.735
12.647
14.997
1.4894
0.9247
1.4028
2.9992
5.42
1.0447
1.2735
1
2.2336
1.9724
1.1169
1.0544
1.219
1.122
3.9537
2.5003
0.97275
0.93541
1.2359
1.1143
1.2218
1.0186
1.1092
1.1508
13.9
20.512
10
19.409
10.641
8.2794
22.856
10.351
11.429
20.277
21.429
11.35
14.622
10.399
19.77
12.823
9.0991
9.9312
12.853
15.171
20.417
12.853
17.906
1.4894
1.1668
4.7424
0.94624
0.82794
0.78524
0.97949
0.82414
0.77268
1.9055
11.092
28.184
9.0991
10.069
10.423
15.136
17.458
10.965
16.672
22.029
20.654
10.99
16.368
17.418
17.378
15.276
23.55
18.535
8.8308
2.1184
4.6989
11.695
8.6696
10.328
13.772
15.631
12.618
16.293
8.9125
24.774
16.144
21.33
13.459
14.757
17.783
12.246
1.7378
1.7298
1.5136
7.5336
4.4055
17.783
9.7949
16.672
16.788
15.704
16.52
9.5499
13.74
15.346
12.023
13.002
21.281
25.763
21.979
16.982
20.184
10.304
16.181
16.368
22.336
14.06
4.8978
3.7411
1.5922
7.0632
1.1455
2.958
1.094
15.668
16.634
18.88
11.614
40.179
17.783
17.298
20.989
20.559
8.8105
10.74
18.323
11.194
12.882
12.735
16.144
19.679
13.583
21.232
13.996
29.174
16.255
22.699
26.977
19.953
14.454
22.029
19.498
22.182
18.155
11.94
10.94
15.417
