2.851
0.92257
1.0162
2.0417
0.76913
1.3183
1.0617
0.74131
1.0023
1.4158
0.76384
0.77268
0.76736
0.78524
0.79799
0.72444
0.92045
2.0324
1.0046
1.3397
1.6255
1.3772
0.84333
1.6634
0.78343
0.95719
0.76384
1.0304
1.8923
0.7656
2.541
0.90365
0.75162
0.86896
0.90157
1.3677
1.7179
1.1668
1.7378
1.2942
1.0328
27.164
52.36
10.641
2.6977
2.9309
3.0061
3.3806
3.3574
3.4914
1.9409
2.1232
3.0832
3.062
2.1677
2.0091
2.6853
2.1038
2.1281
3.1261
3.2885
5.2723
7.925
2.2491
2.1577
2.1135
2.0324
1.9011
2.208
2.1677
5.3088
8.2985
1.9861
2.355
2.1928
6.0954
2.5704
1.8113
1.977
1.3772
1.4894
2.1827
1.556
1.4825
1.6255
1.2503
1.7219
1.71
3.5727
2.0045
1.9634
1.9861
2.133
1.6558
1.6331
2.1038
2.133
1.803
1.7179
1.6904
2.0797
1.7258
1.9498
1.2503
1.4588
1.5776
8.1283
11.194
10.162
1.3062
1.5031
1.7378
1.6596
11.041
11.194
9.4842
3.1623
9.247
1.1117
1.205
1.9409
1.2503
1.135
2.2699
1.7498
1.2162
1.0715
1.0715
1.1995
1.0889
1.1246
0.91411
1.0544
1.1272
1.099
4.1305
9.0573
5.0119
1.0186
0.86099
0.8091
0.8091
0.99541
1.1117
0.85507
1.2647
0.99083
2.2594
0.97724
0.74817
0.89331
1.0304
2.9923
0.82794
0.79616
1.7378
0.74473
0.73114
0.6792
0.69663
0.73114
1.5631
0.90782
0.87498
1.099
1.1588
1.0715
4.3351
0.66374
0.76208
0.7379
0.98175
0.68391
0.72111
1.652
0.79983
0.74302
0.8531
0.75509
0.73621
0.94189
0.84723
2.6546
1.9999
0.79616
0.85901
2.9717
0.86497
0.77625
0.90157
4.4875
1.0765
1.3868
0.69663
1.9679
0.73114
0.78705
0.94406
0.82794
0.85114
0.80538
0.98628
0.96605
2.9923
0.74131
1.1272
0.93111
1.2303
1.2388
1.3964
1.3428
0.92257
1.9498
0.7925
0.8147
1.1143
1.6218
1.3335
1.194
1.094
1.2359
1.2445
1.2474
1.1858
1.4655
1.3122
1.3709
1.4028
1.1668
4.6666
8.9743
12.445
12.331
0.8531
2.6363
13.932
14.928
0.83368
1.3583
1.2531
1.094
1.6069
0.97949
1.0328
1.0495
0.9247
0.94189
0.97949
18.072
19.77
1
2.0941
1.0209
0.94189
0.8356
1.0304
1.0046
1.0864
1.0864
10.471
10.351
1.2162
0.7379
0.91411
2.6002
2.8054
4.0926
0.91201
0.82414
1.4655
1.3152
1.1776
1.803
1.349
0.66834
0.74645
1.0839
0.94624
1.0914
0.7145
3.4198
0.71614
0.82604
1.574
0.70146
0.74131
0.68707
0.82604
0.74817
0.7709
1.4223
0.8147
1.6827
1.0765
1.3646
1.7989
2.0749
0.72277
0.68391
1.219
0.97051
1.2942
1.052
0.76033
1.1912
0.9528
1.6904
0.86696
0.91833
0.92897
0.69183
0.77625
2.5003
1.4997
0.70307
1.1429
0.97051
1.2706
1.6982
1.0209
1.3459
0.91622
1.3932
1.0399
0.83176
0.7145
0.71121
0.97051
0.8414
1.0789
0.78886
0.69183
4.1976
0.76736
0.76033
0.71945
0.70632
1.3397
0.7656
1.406
2.2233
0.91833
0.82224
1.0715
0.8414
1.2882
0.86497
0.94189
1.0209
1.1402
0.8995
1.1967
1.0162
1.1482
1.0691
1.4488
1.0116
1.6827
1.3397
1.099
0.9594
0.73961
0.68077
0.70469
0.69343
0.92683
1.135
0.96161
1.5812
0.65313
0.69502
0.69024
0.7379
0.70469
2.2029
1.4894
1.135
2.4717
0.71285
0.7709
0.72611
2.8119
1.1429
1.6144
0.68077
0.68234
0.86099
0.71121
0.66834
0.73961
0.66222
0.69024
2.6122
3.3729
0.74302
0.74302
0.75336
0.77804
0.82224
2.541
0.87902
0.8414
0.75509
1.3459
0.81096
0.68865
0.75683
0.67764
0.98401
1.5276
1.1668
1.1117
1.2912
1.4355
1.6181
1.8281
4.0551
10.328
0.72277
0.67608
0.73114
0.74645
0.74131
0.70795
0.71614
0.72111
0.72277
1.1402
0.69502
0.68234
3.2509
0.68865
0.65917
1.4757
0.81846
0.9506
0.89331
0.98855
1.1041
2.1232
0.77625
0.71945
0.85704
0.66988
0.68707
0.7709
0.68391
6.1802
6.3826
0.85704
0.79983
0.93541
2.7669
2.2029
0.67608
0.68549
0.85901
0.69663
0.67298
1.6672
0.72611
0.69984
0.70632
1.0765
0.71945
0.65766
0.68391
0.73282
0.80168
0.77446
0.89536
1.1298
0.69502
0.87096
0.75336
0.65917
0.68077
0.67298
0.877
0.66834
2.0464
0.63826
0.6792
0.64269
0.67764
0.68234
0.68391
0.90991
0.69502
0.66069
0.66834
0.66222
0.7145
0.7145
0.77625
0.68234
0.74989
0.68391
0.99312
0.93756
2.0606
0.67608
0.73621
0.70958
0.69823
0.75162
0.64714
0.70469
0.68707
1.5241
0.95719
1.3002
0.68549
0.67298
0.68077
0.69663
2.9174
0.70469
0.72277
0.67608
0.7145
0.71285
0.70146
1.0351
0.71614
0.66988
0.66222
0.69183
0.68865
0.65464
0.65615
0.69502
0.72444
0.68707
0.69183
0.66834
0.69024
0.65615
0.70795
0.66834
0.66374
0.67764
0.69984
0.67143
0.66374
0.72444
0.88105
0.65615
0.69183
0.70958
0.96828
0.67453
0.68077
0.67764
0.63973
0.66374
0.67143
0.66527
0.98175
0.72778
0.65766
0.64565
0.66527
0.70795
0.71945
2.3067
0.68077
0.74817
1.1588
0.66681
1.9454
0.67143
0.98175
0.67608
0.74302
0.82035
0.76913
0.8147
0.81658
0.7379
0.75336
0.83946
0.88512
0.68549
1.4723
1.0914
0.82794
1.5488
1.6788
0.70958
0.67453
0.64269
0.96383
2.4547
1.7338
0.69502
0.67298
0.68865
1.714
0.74645
0.68865
0.67298
0.66069
0.66222
0.877
2.2182
0.76033
0.77268
1.9099
0.93756
1.1803
0.82224
0.9506
1.0568
2.2029
0.91411
0.80724
2.1727
0.78163
0.70146
0.8091
0.70958
0.73961
0.68391
0.69024
0.79433
0.7379
0.70307
0.74131
0.74302
0.67143
0.82794
1.0257
0.69024
0.70632
0.66681
0.65313
0.68234
0.67298
0.70307
0.70307
0.78886
0.68865
0.78163
0.78163
0.84918
0.70469
0.71614
0.68234
0.66527
0.73621
0.7925
0.71614
0.68234
0.80168
0.82035
0.67298
0.75683
0.72946
0.69663
0.72946
0.66527
0.68865
1.4488
0.72277
0.70795
0.70469
0.67764
0.73961
0.74989
1.122
0.68077
0.65615
0.7145
0.69024
0.74989
0.68707
0.70146
0.67298
0.70146
0.71121
1.2218
0.88105
0.81846
0.64863
0.73621
0.69823
1.2942
0.90991
0.64863
0.65163
0.69823
0.72611
0.68234
0.73282
0.70469
0.68077
0.73451
0.69024
0.8147
2.7542
0.79616
0.9506
0.7379
1.7701
1.5776
0.65917
2.6485
0.67298
0.70469
0.70146
0.70795
0.7379
0.71121
0.67143
0.75162
0.68549
0.69663
0.70307
0.68234
0.69984
0.69663
0.68549
0.71945
1.074
1.2531
1.7701
1.2417
0.69183
0.71285
0.69502
1.1722
1.1041
1.099
2.1878
2.5527
1.3183
0.72277
0.69502
0.69183
0.64121
1.1015
3.767
0.70146
0.69024
0.75858
1.219
0.65766
0.63973
0.7925
1.0495
1.6749
0.84528
0.67453
1.6866
0.70958
0.67608
1.0399
0.74302
0.67298
0.68391
0.72277
0.71121
0.71945
0.74302
0.65464
0.69024
0.74817
0.75162
0.70795
0.71614
0.66374
0.71779
0.70469
0.68707
0.88308
0.75683
0.9247
0.79433
0.79068
0.73451
0.82794
0.72277
1.0116
0.76208
0.70469
1.9187
0.66069
0.67453
0.8091
0.85901
1.2972
0.67453
0.66681
0.69663
0.67298
0.65163
0.68391
0.67453
0.67143
0.65615
0.68707
0.67453
0.67453
1.0093
0.80353
0.73114
1.1668
0.69823
0.68391
0.7709
0.62951
0.69024
0.70632
1.0544
0.66988
0.65464
0.65013
0.78524
1.8155
1.7418
0.93756
1.1455
1.7258
1.1561
1.1015
1.2972
2.1827
2.2284
3.8282
0.76208
2.9854
0.75162
0.68077
0.70958
0.65313
0.70632
1.5524
0.69823
0.67453
0.65917
0.74131
0.72778
0.70795
0.70146
0.69823
0.72611
0.68234
0.74473
0.79799
0.86298
1.932
0.9528
3.0832
0.69024
0.67764
0.70146
0.68391
0.71945
0.73621
0.76736
0.71945
0.70469
0.71614
0.75336
0.68391
0.68707
0.73114
0.7145
0.72611
0.70958
0.6792
0.7379
0.75336
0.83368
0.71945
0.74645
0.74473
0.75162
0.7709
0.65163
0.7145
0.68391
0.74817
0.74302
0.86896
0.88308
0.7379
1.3183
0.81846
0.70469
3.3266
1.4125
2.2336
0.93111
4.2855
3.1623
1.3062
1.374
1.1695
1.8793
1.0715
3.2659
1.1015
1.2134
0.96383
0.70307
1.4454
2.466
0.72611
0.68391
1.977
0.68865
0.74989
0.70307
0.69024
1.6788
0.71945
0.66988
0.98628
0.9594
1.0023
0.69183
0.7709
0.70795
0.69984
0.83753
0.74302
1.0186
0.81846
0.68234
0.73451
0.83946
0.72611
0.66988
0.68391
0.68077
0.7709
0.73114
0.72444
0.76736
0.69502
0.81658
0.70469
1.4622
0.75162
0.67143
0.76208
0.76208
0.70146
0.84918
0.66222
0.70795
1.135
0.71779
0.69823
0.70307
0.7379
0.71285
0.73114
0.7925
0.69984
0.6792
0.7145
0.73114
0.94189
6.6374
2.8184
0.7145
0.66988
0.73451
0.68077
0.69183
0.69183
0.6368
0.68707
1.099
0.67764
0.65615
0.72277
0.70632
0.66527
0.69663
0.67764
0.71285
0.7145
0.67298
0.70632
0.93541
0.68865
0.68077
0.74302
0.68234
0.69823
0.73961
0.68549
0.72444
0.70795
0.70146
0.68549
0.73114
0.65615
0.72946
0.72111
0.70307
0.66834
0.70469
0.70146
0.71779
0.73282
0.67764
0.79799
0.68549
0.70469
0.69663
0.67453
0.7145
0.72611
0.67608
0.70632
0.72946
0.64565
0.72611
0.66988
0.72111
0.69343
1.3709
2.0324
0.81658
0.89743
0.93325
1.5241
0.9528
0.78524
0.72444
0.82414
0.94624
0.72611
0.68549
1.0641
0.87297
1.2972
0.72111
0.68077
0.74473
0.6792
0.64121
0.69984
0.67764
0.89331
1.4622
0.70958
0.75336
0.67453
0.72111
1.1376
2.3388
0.69183
0.72111
0.67608
0.66069
0.7145
0.75162
0.72277
0.7145
0.69663
0.70795
0.72946
0.69024
0.70146
0.6792
0.70795
0.68549
0.69183
0.69984
0.70146
0.68391
0.6792
0.68549
0.66222
2.9309
1.3152
0.93541
1.4421
1
1.1298
1.2764
2.1827
0.68549
0.69183
0.68234
0.72611
2.4774
1.7824
0.67453
0.70469
0.77983
0.72277
0.71121
0.6792
0.74989
0.68865
0.68865
0.68077
2.2491
1.4256
0.70632
0.66681
0.78343
1.1429
0.92683
0.70958
0.84723
1.1912
0.70632
0.72111
0.66374
0.78705
0.70795
0.66374
0.73114
0.68865
0.77804
1.2331
1.1803
2.6062
0.77983
0.70958
0.69663
0.69024
0.69823
1.2764
0.70958
0.70146
0.79983
0.68707
0.7145
0.68391
0.72946
0.94406
0.69984
1.2647
0.72277
0.70632
1.2794
0.65766
0.70958
0.65163
0.72611
0.7379
0.63387
0.67608
0.84333
0.71945
0.6792
0.66222
0.67608
0.72444
0.68549
0.67608
0.69024
0.83946
0.74473
0.72611
0.67453
0.73961
0.71945
1.2359
1.1429
0.67143
2.3174
0.69024
0.74302
0.71285
0.68077
0.66527
0.73451
0.75162
0.73451
0.73282
0.72111
0.82414
0.75858
0.73282
0.81658
0.73621
0.69984
0.75858
0.72444
0.69823
0.70958
0.6792
0.7925
1.7061
0.72778
0.67298
0.78705
0.68234
0.69024
0.73961
0.73282
0.70146
0.69823
0.79433
0.85704
0.84528
0.77983
1.1298
0.74131
4.6881
5.445
0.67608
0.69663
0.69823
5.6624
2.5942
0.7379
1.1561
1.574
0.69183
0.68234
0.68391
39.719
18.88
14.894
1.0839
1.574
1.7378
1.194
10.839
11.324
10.617
8.8512
0.8147
10.889
0.90573
1.1402
0.92683
1.1967
1.0375
2.0417
9.977
0.72444
1.4894
0.8091
0.87096
0.88512
0.9594
0.78163
0.82604
0.9594
0.86099
0.84333
1.7219
0.71285
1.4421
0.77268
0.71121
0.66681
0.67764
0.69183
0.66681
1.374
0.92045
1.1402
0.94406
1.5382
1.099
1.5382
2.2336
0.66222
0.73114
0.63973
0.91622
0.63973
0.67453
0.75858
0.63096
0.69343
0.69663
0.70146
0.85901
0.65766
0.68707
0.67453
0.69823
0.67764
0.6792
0.72778
0.92683
0.88105
0.68077
0.65464
0.89536
0.74645
0.64714
0.68865
0.73621
0.66834
0.78886
0.69024
0.67143
0.79068
0.67764
0.63533
0.70795
0.67143
0.66988
0.73451
0.71121
0.64417
0.92897
0.70307
0.68707
0.66069
0.69343
0.72611
1.2134
0.67298
0.65464
0.7145
0.72444
0.69183
0.69502
0.63973
0.68865
1.0447
1.4355
0.99312
1.1912
1.1117
1.2823
1.1776
1.3583
0.97499
0.83368
0.86896
1.2246
1.5346
0.63533
1.1324
0.69183
0.68234
0.71614
0.73114
0.73451
0.74131
0.69984
0.67143
0.71285
0.70146
0.65013
0.71945
1.2972
1.71
0.89536
1.0209
1.2912
1.1298
1.2735
1.1803
1.1912
1.1508
1.1324
0.71779
0.75858
1.194
0.83368
0.71121
0.70958
0.79983
1.6331
0.97949
1.4928
0.78343
1.6634
0.68077
0.84333
0.66681
0.64565
0.65313
0.64863
0.67298
0.67143
0.69024
0.70146
0.68549
0.64417
1.0864
0.66222
0.67608
0.78886
0.69984
0.68234
0.64863
0.67298
0.66681
0.68549
0.68077
0.86298
2.5177
0.74989
0.64417
0.71945
0.72444
0.75336
0.73282
0.66834
0.69502
0.73282
0.65766
0.6368
0.67764
0.70307
0.72444
0.68234
0.72277
0.69024
0.6792
0.69024
0.70469
0.73114
0.73621
0.72778
0.81846
0.66222
0.66988
0.68234
0.74302
0.74645
0.72611
0.81658
0.78705
1.4894
0.65163
0.69823
1.2531
0.89536
0.6792
0.67608
0.70307
0.67298
0.70469
0.69502
0.70469
0.96161
0.70307
0.877
0.74989
0.95719
1.1668
0.69823
0.68391
0.77625
0.71285
0.69343
0.8147
0.77268
0.76208
1.1117
0.69183
0.65464
0.76384
0.76033
1.2912
0.68549
0.73621
0.70795
1.0544
0.67298
0.70146
0.88105
1.7061
1.1561
0.68234
0.70146
0.70632
0.73282
0.83176
0.72611
0.69663
0.67453
0.67453
0.7145
0.6792
0.66681
0.84723
0.65013
0.72111
0.79068
0.66069
0.68077
0.67298
0.66222
0.70632
0.67453
0.69663
0.72778
0.68865
0.8892
0.66069
0.68077
0.71614
0.73621
0.68077
0.66527
0.66834
0.66681
0.68391
0.74817
0.70307
0.69024
0.63533
0.66374
0.66222
0.69663
0.71285
0.69823
0.67608
0.72444
0.66069
0.74302
0.66681
0.69024
0.68707
0.69502
0.69502
0.75509
0.67608
0.66222
0.71945
0.6792
0.74645
0.69183
0.71614
0.64269
0.68234
0.71779
0.67764
0.72778
0.66527
0.69343
0.70146
0.67608
0.67608
0.74989
0.66527
0.66222
0.69183
0.64121
0.65766
0.68865
1.0864
0.90365
0.72946
0.69024
0.68865
0.70469
0.70632
0.67453
0.66834
0.69024
0.65615
0.71614
0.64863
0.86896
0.75858
0.94189
0.81846
0.70795
0.91411
1.1376
0.66988
0.72611
0.66834
0.67143
0.66069
0.69663
0.71121
0.66834
0.92045
0.99083
0.66988
0.80353
0.64863
1.2417
1.2677
0.74473
0.83946
1.1482
0.86497
2.8184
1.5031
1.2531
1.6406
0.9247
2.1184
0.67608
0.70795
1.2331
0.72111
0.78343
1.1169
1.3183
0.7145
0.68234
0.68549
0.68549
0.72277
0.67453
0.74989
0.67298
0.65615
0.68077
0.65766
0.65766
0.67143
0.66681
0.67298
0.67764
0.6792
0.66069
0.68865
1.977
0.73961
0.93541
0.71121
1.6788
0.98855
0.65917
0.93972
0.67764
0.67764
0.7656
0.70307
0.66681
0.81658
0.78343
0.70307
0.74817
0.9247
0.67764
0.65163
0.6792
0.68234
0.68234
0.82224
1.8281
0.6792
0.73114
0.69343
0.69183
0.70958
0.65163
0.64565
0.68707
0.74645
0.72277
0.72111
0.70632
0.70795
0.70469
0.6792
0.7656
0.87297
0.80168
0.64121
0.6792
0.67764
0.82985
0.76208
0.71614
0.67764
0.69343
0.66681
0.7379
0.67608
0.68391
0.72277
0.69663
0.68707
0.68391
0.67453
0.69343
0.75683
0.99541
0.69663
0.64714
0.66222
0.65163
0.72611
0.90991
0.68391
0.71779
0.66681
0.66988
0.76736
0.66988
0.92683
0.66222
0.69663
0.72946
1.1535
0.68549
0.69823
0.71945
0.84528
0.63826
0.70469
0.89743
0.69823
0.72277
0.73961
0.73282
0.72611
0.67764
1.0864
0.68549
0.63241
0.66834
0.66527
0.65917
0.69984
0.65766
0.90991
0.70307
0.68707
0.85704
0.69343
0.64417
0.66374
1.1508
0.67453
0.70469
0.97275
0.67764
1.0116
0.62373
1.5885
0.67764
0.7709
0.70307
0.65917
0.65313
0.66988
0.66988
0.76913
0.66069
1.183
1.0233
1.7022
1.1967
0.68865
0.68707
0.66834
0.69823
0.73621
0.68077
0.7925
0.78524
0.66069
0.66222
1.0544
0.65464
0.65013
0.64863
0.64121
0.72111
0.72611
0.71614
0.66374
0.66069
0.65013
0.68707
0.68707
0.71614
0.66222
0.68865
0.71285
0.68234
0.66069
0.68234
0.66834
0.66681
0.71779
0.66681
0.82794
0.65313
0.68391
0.66681
0.65163
1.205
0.65163
0.71614
0.68865
0.79068
0.67764
0.72611
0.66988
0.69663
0.66069
0.68707
0.68391
0.66527
0.70632
0.63826
0.69183
0.65766
0.71614
0.68234
0.66374
0.66988
0.66374
0.69502
2.208
1.0839
1.6106
1.2503
0.76913
3.5481
0.70307
0.79068
0.70307
0.69663
0.73114
0.6792
0.70307
0.69823
0.68707
0.74989
0.68865
0.69502
0.68549
0.65766
0.69663
0.70958
0.73114
0.75509
0.67143
0.69024
0.68234
0.69823
1.0069
0.66988
0.70795
0.65163
0.7145
0.64714
0.72946
0.64863
0.68707
0.72111
0.67764
0.66681
0.70146
1
0.68549
0.66527
0.63241
0.71285
0.80353
0.68865
0.65766
0.72946
0.7925
1.3092
0.67453
0.74989
0.66069
0.66374
0.69183
0.90365
0.70146
0.65464
0.66834
0.69343
0.69183
0.71945
0.86696
0.66681
1.3836
1.3335
0.69502
0.67608
0.9528
0.67298
1.135
1.6482
0.68234
1.4825
0.80538
1.2503
1.2972
1.2647
1.0023
0.96383
1.2474
1.0889
1.2503
2.4547
1.6788
1.2218
1.0186
0.74302
1.8155
0.82035
0.71779
0.94842
0.63241
1.6293
0.73451
0.75336
0.67608
0.72611
0.67764
0.74302
0.75509
0.68549
0.7656
0.7925
0.71614
0.84528
0.70632
1.0093
0.78343
0.71121
1.4191
0.86099
0.73282
0.72111
0.76208
0.76033
0.68391
0.7379
0.71285
0.66988
0.7145
0.65917
0.8147
0.66374
0.69823
0.88716
0.65917
0.7145
0.70632
0.72444
0.65013
0.67764
0.68077
0.70146
0.68234
0.71121
0.67608
0.84723
0.72444
0.72778
0.68707
0.78886
0.68077
0.67764
0.65013
0.68234
1.3274
0.8356
0.75162
1.0814
1.2388
0.67143
0.67298
0.77268
0.64714
1.1066
0.69502
0.69663
1.1668
1.2331
1.194
1.0139
1.0715
1.1298
1.256
1.556
1.3932
2.4946
0.69984
0.71945
0.66374
0.70307
0.67143
0.68707
0.69343
0.72611
0.68865
0.72277
0.6792
0.73961
0.69502
0.70469
0.65163
0.98175
0.66069
0.70958
0.72277
0.7925
0.68077
0.72444
0.69984
0.76736
0.73961
0.69663
0.75858
0.76736
0.67764
0.67764
0.64714
0.77268
0.79983
0.73282
0.72444
0.68549
0.72946
0.78705
0.70307
0.68707
0.69823
0.69343
0.69823
0.64863
0.82604
0.67298
0.69024
0.99541
0.67143
0.66681
0.67298
0.72277
0.66374
0.65313
0.74989
0.73282
0.69823
0.68865
0.67453
0.70146
0.76913
0.68077
0.8892
0.86497
0.71614
0.69984
0.74989
0.71779
0.7925
0.75683
0.69183
0.66527
1.4588
0.98855
1.2823
0.73961
1.0889
0.96383
1.3032
1.7742
0.71285
0.68234
0.67764
0.74302
0.67298
0.65313
0.98855
0.98175
1.4588
0.73621
1.4962
0.6792
0.73282
0.6792
0.68077
0.67143
0.67453
0.64863
0.69343
0.76033
0.74473
0.68077
0.69502
0.75162
0.72946
1.1482
0.70958
0.66834
0.70795
0.78343
1.4622
1.932
0.70958
0.66527
0.6792
0.72611
0.69343
0.65313
0.79983
0.68077
0.69823
0.6792
0.97949
0.70958
0.73114
0.71945
0.69984
0.92045
0.77446
0.69663
1.2445
0.69183
0.71614
0.65313
0.68234
0.69502
0.69183
0.98628
1.1614
1.0423
0.8091
1.3305
1.0186
1.1376
0.94842
0.97724
0.86696
1.8836
1.1482
1.094
1.4791
0.72946
0.67608
0.64714
0.68549
0.98628
0.68077
1.3243
0.7145
0.67453
0.69343
0.70469
0.70632
0.66988
1.0568
2.0893
0.70146
0.97499
0.88512
0.69024
0.76208
0.76208
0.7709
0.77983
0.93541
1.2882
1.3964
2.1528
0.70958
0.78524
0.65917
0.84723
1.0814
0.71945
0.69183
0.77625
0.71285
0.66374
0.70469
0.67453
1.3996
1.135
0.68707
0.67298
0.75162
0.69984
0.66527
0.66374
0.66527
1.0304
1.5346
0.71614
0.7656
0.68391
0.72946
0.70958
0.80724
0.64714
0.71121
0.72778
0.72444
0.67298
0.68234
0.67764
0.67764
0.7145
1.2618
0.75683
0.70307
0.78343
0.77804
0.72111
0.70469
1.028
0.66222
0.70795
0.77804
0.76208
0.7709
0.73282
0.65013
0.69183
1.7219
1.3677
0.66681
0.65163
0.72778
0.6792
1.028
0.7709
1.4791
1.4997
0.69823
0.65615
0.66069
0.69823
0.6792
0.80168
0.73621
0.69663
0.65313
0.75336
0.68865
0.76736
0.78343
0.69183
1.0162
1.3002
1.3062
1.5453
0.92045
0.94624
0.71285
0.77268
1.2794
1.3868
0.68391
0.68707
0.71945
0.72277
0.68077
0.72111
0.70469
0.67453
0.72778
0.70958
1.374
0.99541
0.90782
0.69502
0.67298
0.66222
0.66834
0.69984
0.6792
1.094
1.3646
0.93972
0.72111
0.76208
1.6069
0.83753
0.73621
1.1967
0.77268
1.4158
0.73451
0.84528
0.74645
0.68391
0.81658
0.75336
0.66222
1.1588
1.5101
0.67608
0.7379
0.77983
0.77268
0.74131
0.72444
0.71945
0.74989
0.75162
0.75336
0.73114
0.71121
0.75162
0.72611
0.73114
0.68234
0.69024
0.68865
0.67764
1.0069
0.6792
0.77804
0.78524
0.68549
0.98401
1.8967
1.3646
1.1535
0.82224
2.3988
0.89331
0.64565
0.69183
0.67298
0.71945
0.73621
0.69502
0.7656
0.69024
0.66988
0.71285
0.69823
1.5241
1.9907
0.72611
0.78343
0.66527
0.74302
0.80538
0.69502
0.75858
0.68234
0.68077
0.66988
0.71121
0.73621
0.66834
0.68707
0.66834
0.68234
0.66681
0.74473
0.76913
0.70307
0.72778
0.72611
0.71945
0.66527
0.67298
0.72111
0.70146
0.68707
0.65615
0.67143
0.73451
0.69984
0.70469
0.74817
0.83753
0.70469
0.69024
0.73961
1.1298
0.86497
0.7379
0.71614
0.7379
1.3709
1.1015
0.82414
1.6144
0.86696
1.0186
0.83753
1.1967
1.028
0.75509
0.8531
1.4388
1.0641
1.4928
2.3121
0.92045
1.099
2.2909
0.89536
1.3772
1.8707
1.2388
1.349
1.2023
1.5776
0.66681
0.65615
20.941
25.823
9.6605
10.666
3.7757
2.133
1.7906
1.7824
1.0447
2.1038
1.3274
0.74989
0.76736
2.3605
3.3806
2.3823
0.67453
0.6223
0.69502
0.68234
8.892
10.839
7.6208
8.3753
2.2594
7.7268
9.9541
6.0534
1.3305
1.0186
0.92897
0.9506
1.6982
1.2106
3.7325
1.3183
0.7379
0.71614
0.70146
0.70469
0.67453
0.67298
2.904
0.80724
0.72277
1.1402
0.75509
0.67453
0.70146
0.75683
0.69823
0.64863
0.68549
0.71121
9.594
12.882
11.858
11.858
11.066
12.246
12.303
10.74
10.069
8.1846
6.6069
13.459
12.218
11.588
4.1783
3.7239
3.4834
0.66527
10.093
9.5719
1.0046
1.3996
0.83753
1.5959
2.884
0.7145
8.6896
10.423
10.789
5.6105
0.8147
0.73114
1.052
0.76208
0.85507
0.68077
1.1246
1.1092
0.69343
0.69663
1.1668
1.3583
0.70146
0.67453
0.67143
0.66222
0.64121
0.67143
0.68707
0.74473
0.89536
1.2162
0.69343
0.68549
0.65917
0.70469
0.66681
0.64863
0.92897
0.64565
0.69984
1.0423
0.67143
0.66988
0.67143
0.96383
0.75162
0.76384
0.7709
0.73621
0.71779
0.78705
1.9364
0.95499
1.374
0.70958
1.1722
1.1482
0.99083
3.5481
0.65013
0.70958
0.66222
0.65313
0.64863
0.64714
0.66834
0.67608
0.65615
0.70795
0.68549
0.69502
1.4125
0.66374
0.68865
0.68707
0.68865
0.71121
0.69984
0.68707
0.69663
0.6792
0.68707
0.70469
1.1066
0.66681
0.68077
0.66527
0.69024
0.67764
0.68077
0.7709
1.8621
0.69024
0.68865
0.65917
0.66988
0.69984
0.69502
1.052
1.5885
0.67143
0.66988
0.64714
0.67608
0.65917
0.66374
0.66222
4.6666
1.349
1.1143
0.81846
1.3274
0.66834
1.6711
0.68391
0.69343
7.5683
7.379
1.8113
1.5812
0.69183
4.3752
0.75858
0.7145
0.7145
0.67453
0.65615
0.69663
0.73114
0.67298
1.762
1.1668
0.93541
0.79068
1.6181
0.65615
0.69502
0.65917
0.69024
0.69502
0.72946
0.84333
0.65766
0.7709
0.76033
0.66681
0.78705
0.67764
0.68077
0.69343
0.69502
0.70469
0.69183
0.71614
0.67298
0.64714
0.64863
0.77983
0.65766
0.67764
0.71779
0.94189
0.64121
0.65313
0.64714
0.84333
1.0046
0.66988
1.2162
0.70469
0.72277
0.68234
0.71614
0.70958
0.68077
0.65163
0.67764
0.69024
0.73282
0.68077
0.68077
0.69343
0.7145
0.82985
0.66681
0.70795
0.6792
0.66681
1.4454
1.0839
0.68549
0.78705
0.7145
0.69183
0.68865
0.69663
0.73282
0.64714
0.73961
0.67764
0.72444
0.76384
0.70632
0.65766
0.69823
0.69823
0.64863
0.69984
0.65917
0.65464
0.68391
0.65766
0.64269
0.78886
1.2972
0.66681
0.64565
0.6368
0.65615
1.1967
0.66527
0.64565
0.70307
0.68234
0.68077
0.96161
0.92045
0.72111
0.67453
0.66374
0.77983
0.68865
0.71779
0.75509
0.7379
0.70307
0.70958
0.63241
0.65464
0.94624
0.85901
0.67453
0.65766
0.66374
0.64417
0.69183
0.73961
0.93325
0.75858
0.68391
0.68077
0.8147
0.69343
0.84333
0.70795
0.6792
0.70632
0.70632
0.9247
0.67143
0.69024
0.82794
1.1092
0.66834
0.64121
0.82224
0.72444
0.70146
0.68391
0.72444
0.97499
0.71121
0.73451
0.74473
0.85901
0.68865
0.78163
0.66834
0.66527
0.66374
0.70146
0.70795
0.7145
0.7145
0.66069
0.79983
1.2162
0.72444
0.78705
0.81096
1.3868
0.67143
0.70469
0.65917
0.69024
0.69024
1.3062
1.1015
0.94406
1.2246
1.0399
1.5668
0.75858
0.70958
0.74645
0.7925
0.72611
0.72946
0.69502
0.73621
0.6792
0.74817
0.68077
0.7709
0.81096
0.73282
0.68865
0.72778
0.74131
0.72277
0.74645
0.79068
0.71945
0.68077
0.71285
0.77268
0.72778
0.94189
0.69663
0.72611
0.73961
1.0864
0.67143
0.66834
0.72778
0.72946
0.73282
0.69183
0.72444
0.66834
1.1298
1.1143
0.70146
0.89331
0.70795
0.66834
1.0093
0.72444
0.69823
0.70469
0.65917
0.63533
0.93756
0.69024
0.72111
0.67143
0.95719
0.67143
0.96605
0.82414
0.71121
0.68549
0.70146
0.70469
0.66988
0.74302
0.67143
0.67764
0.96828
0.86298
0.68391
0.72611
0.68077
0.67143
0.70307
1.0046
0.67453
0.66374
0.95499
1.9588
0.93541
0.7145
0.70958
0.82794
0.69984
1.1117
0.68865
0.68549
0.64269
1.5136
0.69183
0.66374
0.67608
0.65766
0.69343
0.66069
0.68707
0.74645
0.70795
0.73282
0.73114
0.72611
0.68077
0.67453
0.72277
0.68077
0.66374
0.66527
0.92897
0.72946
0.66069
0.66834
0.70795
0.69183
0.7145
0.74302
0.8147
0.63826
0.68865
1.6069
1.1588
0.82794
0.86896
0.76913
1.028
0.69984
0.75162
0.69823
0.67453
0.69823
0.77983
0.73961
0.70469
0.72444
0.88512
0.69502
0.68549
0.68707
0.77983
0.69984
0.70307
0.71285
0.92045
0.74989
0.70469
0.97275
0.6792
0.67453
0.65464
0.67764
0.68549
0.68707
0.66069
0.73961
0.70146
0.70795
0.89125
0.70795
0.64121
0.72946
0.70469
0.8995
0.66988
0.74473
0.82985
1.3062
0.84333
1.9679
0.70632
0.70307
0.68234
0.77625
2.3605
1.1722
0.8147
1.1695
1.5776
0.81846
0.86298
0.87297
1.1015
1.2589
2.2909
3.6813
0.71779
0.68391
0.72611
0.69984
0.74817
0.77268
1.3646
0.6792
0.99083
1.1995
1.8408
0.66988
0.63973
0.69024
0.70795
0.70632
0.67143
0.65615
0.66069
0.65464
0.69502
0.69663
0.73621
0.67764
0.66834
0.65615
0.75858
1.3122
7.6208
9.9312
2.0845
0.68234
1.0069
3.4435
6.1235
0.67608
0.66681
0.64863
0.73961
0.66681
0.66681
0.69024
0.71614
0.66988
0.71121
0.68234
0.67143
0.72111
0.70469
5.42
7.6913
8.2035
6.8077
0.80538
0.69343
0.68549
0.70307
0.93972
0.7145
0.71285
0.68077
0.78886
0.75509
0.78524
0.72778
1.3092
0.7656
0.79433
0.72611
0.71121
0.69024
1.0328
0.67143
0.7379
0.72111
0.65313
0.83176
2.5586
1.6672
0.71614
0.68865
0.66834
0.69183
0.69183
0.78705
0.6792
0.69502
1.8239
4.9545
0.71779
0.68234
7.4131
0.89536
0.92257
0.80168
1.2388
5.0466
6.3241
9.977
1.8923
0.74473
1.2972
2.1429
0.75683
0.72111
0.69984
0.70795
0.73621
0.68077
0.67298
0.71121
0.65313
0.71285
0.70958
0.72111
0.92257
0.70307
1.094
0.65917
0.68865
0.66374
0.72277
0.68077
0.6792
0.68865
0.73114
0.70146
0.72277
0.69823
0.65766
0.69024
0.65464
0.67298
0.76384
0.65313
0.65615
0.78343
0.67608
0.67764
0.67298
1.3459
0.94624
0.65313
0.65313
0.74131
0.70632
0.68391
0.7709
0.71285
0.68391
0.7656
0.66681
0.68707
0.77804
0.70146
0.69183
0.70469
0.69984
0.68077
0.67764
0.67608
0.70307
1.0093
1.052
0.99541
0.97051
0.8531
0.79433
1.406
0.96161
1.7258
0.72111
0.72444
0.68234
0.67298
0.69823
0.71121
0.73282
0.73451
0.71614
0.70795
0.77625
0.72778
1.1776
0.70795
0.66988
0.68865
0.6792
0.64714
1.094
0.86099
0.65766
0.7709
0.78705
0.73282
0.68234
0.68865
0.67453
0.65313
0.95719
0.67453
0.69183
0.66988
0.68865
0.72778
0.75683
0.65766
0.69823
0.71285
0.70469
0.70307
0.66681
0.67453
0.69183
0.66527
0.66222
0.69183
0.67453
0.67453
0.76208
0.68865
0.65163
0.67453
0.66988
0.68077
0.68391
0.72444
0.72111
0.66222
0.72946
0.68077
0.68391
0.71614
0.6368
0.72277
0.66069
0.68234
0.65464
1.4825
0.74989
1.3459
1.099
0.91833
1.2134
0.9247
1.1272
2.0989
0.90991
1.0093
1.1967
1.2794
3.1261
0.69663
1.0617
1.0789
0.68391
0.73114
0.67764
1.8836
0.69183
0.71779
0.66681
0.67143
0.72277
0.72611
0.7656
0.71285
0.73282
1.4028
1.3062
0.68865
0.68234
0.69823
0.69984
0.66527
0.89125
0.67143
0.72778
0.67764
0.68234
1.762
1.7989
0.70795
0.70632
0.66222
1.0351
1.1246
0.70795
0.73282
0.73114
0.73961
0.68077
0.87096
0.69343
0.67608
0.77625
0.68391
0.69183
0.71779
0.8147
0.72277
0.73451
3.7497
5.6885
1.0839
0.65013
0.70632
0.71614
0.65917
0.81283
0.68234
0.69984
0.73114
0.71614
0.68391
0.74989
0.71121
0.69183
0.72277
0.69024
0.66069
0.71285
0.78886
0.73282
0.72444
7.8524
10.328
9.8855
8.1283
9.1833
7.2111
8.892
9.4842
9.6161
2.5003
0.86099
0.64121
0.82985
0.73621
1.2531
0.98855
0.64417
0.67298
0.64565
0.63241
0.70307
0.68549
0.65464
0.64269
0.65917
0.64269
1.1614
0.63826
0.69183
0.64417
0.63387
0.66988
0.61518
0.65313
0.63096
0.83368
0.65766
0.6223
0.68865
0.6368
0.62661
0.65766
0.64269
0.89743
0.64863
0.66222
0.65313
0.6368
0.65464
1.1272
0.64565
0.63096
0.66069
0.66069
0.65917
0.67453
0.66374
0.65917
0.68077
0.65615
0.67298
0.63096
0.64417
1.1194
0.64269
0.67764
0.69823
0.82035
0.85507
0.67608
0.67608
0.78163
0.63241
0.63387
0.72611
0.63533
0.64863
0.64417
0.6368
0.64863
0.65615
0.66222
0.63826
0.72111
0.73282
0.64565
1.1508
0.62517
0.81096
0.6792
0.73621
0.70632
0.9247
0.65766
0.65615
0.95499
1.6943
0.93541
0.9506
3.069
0.63096
0.65615
0.64417
0.64565
0.63826
1.5885
2.5882
0.6792
0.66069
0.63533
0.62087
0.67143
0.64121
0.67764
1.1912
0.66069
1.1298
0.76736
1.4791
0.61944
0.66374
0.66834
1.5311
4.6132
1.4588
2.0797
0.70958
0.69024
0.70146
1.9679
0.67764
0.72778
0.91833
2.904
0.74989
0.69984
0.66834
0.65313
6.9183
8.3753
1.4555
0.69984
1.3709
8.1658
1.7418
0.66222
7.4645
13.9
10.52
9.6161
7.2111
1.6634
4.4978
1.0965
3.9719
1.1776
1.0617
1.1858
0.99541
1.2474
1.4256
1.2162
1.4191
1.5885
1.1246
2.8774
4.2658
1.0162
0.82604
0.82414
0.7656
0.71121
2.7227
1.2677
3.8994
8.8308
10.351
11.194
11.749
9.8855
11.22
11.614
5.0466
2.6242
14.488
7.4645
7.5162
10.99
7.1614
6.5615
5.9841
8.6696
8.5901
5.5463
10.568
13.274
10.304
10.814
9.8175
7.2111
9.1201
0.71779
0.70795
0.79068
7.0469
30.69
10.423
1.2303
2.0701
1.0209
0.75162
1.0839
1.9055
0.70307
1.2331
1.6866
0.65464
0.67764
3.4914
0.79799
0.93541
0.98628
1.8535
1.0046
1.8578
2.1429
1.1749
0.89125
0.74645
0.75162
6.0814
2.2336
1.4322
6.7298
1.5812
4.6666
33.113
7.3621
0.79433
1.9409
0.65615
0.69343
0.71121
0.72611
0.70795
0.72946
8.77
11.246
7.9983
11.092
8.4723
11.722
2.8379
2.1928
10.257
10.814
13.183
1.1508
2.6002
0.67298
3.9264
1.7989
0.67143
0.70958
2.4266
4.529
0.65917
0.72611
0.70146
0.75683
11.298
4.3251
11.641
7.4473
1.6482
6.6834
10.568
13.964
7.4302
1.3183
2.2336
7.9433
7.2946
1.5382
0.69343
4.0458
8.3368
13.305
11.535
0.70632
0.68707
1.9543
0.62951
0.66069
0.67143
7.5858
6.9984
0.71945
0.7656
0.68077
0.73451
0.70795
12.134
26.363
12.303
9.9312
10.94
9.7499
10.74
8.5507
0.87902
1.3646
2.6182
3.4674
2.4604
2.4044
0.69502
0.69502
9.5719
2.5645
0.74131
6.1944
10.74
6.0117
8.2794
0.72946
0.69502
10.375
8.8308
8.7096
8.7297
6.6222
0.99312
1.1668
1.39
0.65766
0.89743
1.1995
7.7983
4.7424
1.714
2.5586
0.71945
0.6792
0.69024
0.71779
0.78163
1.4555
4.4157
1.1092
1.183
0.93541
0.83176
0.90991
1.1272
1.5311
0.75336
1.1885
0.76384
0.70307
0.68234
0.71614
0.68391
0.71945
0.86099
0.69502
1.1015
0.68234
0.68234
0.68707
0.69663
0.69823
0.70632
0.66374
0.66681
0.72611
0.71945
0.65766
0.66834
0.66834
1.1535
0.72444
0.89331
0.86099
0.69984
0.70307
0.62951
0.66069
0.72277
1.2794
0.65163
0.66681
1.256
0.66988
0.68865
1.0069
1.556
0.74645
0.68234
0.69343
6.7453
8.4528
7.9983
10.186
10.023
11.776
8.2604
12.823
8.8716
8.4723
11.561
11.35
8.2224
13.836
0.78705
1.7989
0.75162
3.4754
1.1429
1.4093
1.2677
1.5996
2.3878
2.6122
1.1614
0.80168
1.0666
1.1066
2.4604
1.2417
1.0162
2.5119
0.68707
7.2611
7.4473
7.8524
7.4131
2.8314
1.5417
1.574
1.2706
7.2277
11.402
8.2604
3.4119
1.6827
9.0157
11.695
10.257
11.143
10.965
10.351
3.8815
1.5311
0.74817
5.8479
0.78524
0.71945
0.68707
0.70469
0.76033
0.73114
3.1989
27.479
1.0765
1.0375
1.4125
1.1885
0.89743
1.3521
1.1066
2.3714
0.7145
4.5709
17.1
9.6383
10.233
8.995
1.4158
0.65766
0.69343
0.73961
0.76208
2.7353
4.0926
0.82224
0.73961
0.84333
2.1878
3.7154
7.7625
2.3174
1.1194
0.65313
3.0761
6.2951
5.2966
0.69024
0.71614
0.64269
0.74131
0.71121
0.67453
5.42
1.0162
0.74131
5.7677
7.8524
9.4406
9.8175
8.6099
7.2946
0.95499
0.74302
3.2659
0.66374
0.68391
5.821
10.691
12.218
9.7499
12.618
7.2277
9.594
0.76913
0.67298
0.92257
6.223
12.05
7.8524
0.76913
0.73451
3.2509
0.72444
11.22
6.4565
0.74131
20.37
2.2856
9.528
8.6298
1.6904
9.0573
21.38
1.7219
0.69663
7.6736
12.274
12.388
10.715
2.6485
6.4863
10.023
0.73114
6.8865
6.4863
1.0423
10.162
9.7724
9.7724
10.544
11.246
5.5719
0.71285
6.6527
1.8664
0.66527
4.7424
11.776
10.864
12.445
8.3753
8.7096
10.447
10.257
10.593
12.05
1.4093
1.0257
0.66681
10.351
6.7764
0.877
0.80724
0.79799
0.82035
0.87297
1.0116
0.7925
1.2706
0.73282
0.74131
0.77268
1.2503
0.67453
0.69823
0.82794
0.67453
1.4555
2.0941
0.88105
0.9594
1.183
1.1324
1.1041
1.7179
1.3868
1.8967
1.1561
2.8054
0.96605
1.074
0.69502
0.71285
2.6122
0.73282
2.7227
16.106
11.967
11.143
10.186
11.066
13.243
9.2257
8.9331
2.3227
9.7051
0.73621
0.69343
0.95499
0.68549
9.0157
0.72611
2.4774
10.99
15.704
12.274
10.593
9.4842
0.79616
1.6406
1.1803
0.85704
2.7353
7.6736
18.113
9.977
0.66681
0.68077
5.9156
8.77
9.2683
12.303
3.6813
6.8707
2.1979
6.7764
17.906
0.85901
11.668
10
8.8308
11.561
7.8524
6.6681
3.8548
8.3946
10.789
8.5704
0.67143
5.6624
10.162
15.524
5.3211
1.3366
0.877
1.0789
0.73961
2.799
6.0534
7.9799
6.3096
0.66988
0.6792
0.66681
37.844
13.932
6.4417
7.7625
8.8308
10.233
11.561
9.8175
10.471
10.046
11.94
10.328
5.821
0.69024
1.4521
0.81283
1.0568
1.1376
8.2985
0.96828
1.0691
1.1455
0.75162
1.3092
1.2274
1.4757
1.4125
1.1858
1.2474
1.1324
1.1695
1.4093
1.6904
4.1976
9.2257
8.77
8.7902
9.6828
7.7983
8.6298
5.9566
9.594
9.6383
6.5615
1.2531
1.4289
1.3213
0.77625
0.82035
0.7925
0.70307
0.66222
1.0864
1.0423
1.1912
1.9498
1.4962
0.74817
1.9143
0.72444
0.74131
1.1912
6.6374
7.9068
4.1591
9.9312
0.70795
0.65163
11.041
11.776
18.88
36.224
13.092
11.22
11.94
13.397
14.825
14.521
8.4528
8.2035
8.2794
10.023
12.106
14.223
12.246
9.6605
6.8077
10.94
11.015
15.101
11.858
12.388
17.824
11.94
13.709
12.706
15.382
12.078
11.803
12.218
0.82794
10.209
10.74
12.331
2.5645
10.046
11.668
12.023
10.99
13.521
14.791
14.289
1.6106
0.67453
1.3335
0.69823
0.92683
5.2119
8.1846
