16.482
2.1086
1.4388
1.052
1.5524
1.8408
20.654
19.055
2.0893
16.032
21.478
19.099
0.90782
18.621
2.7606
19.055
34.754
16.444
16.596
1.5171
3.1333
23.823
41.4
24.604
1.5996
1.7947
23.067
3.4914
34.754
27.925
31.189
12.05
10.186
25.351
22.491
2.8314
3.1623
12.972
13.002
18.323
21.135
1.4894
8.4918
22.029
19.77
2.0941
15.74
14.689
20.184
19.187
6.1376
1.766
1.4622
17.458
23.659
22.029
10.52
17.14
19.498
10.666
10.375
1.2303
19.187
16.255
12.303
1.7539
7.0469
0.96605
14.622
16.368
5.6754
1.0447
19.543
15.524
14.723
19.143
17.579
20.045
16.218
18.072
1
17.179
22.439
11.402
29.107
17.14
10.617
1.0069
1.1722
1.1695
1.2162
1.2023
1.2274
7.4473
1.0399
12.618
17.179
17.66
16.482
1.1641
6.1518
10.046
15.776
15.74
16.711
14.689
14.191
17.783
18.03
20.37
4.5082
3.5075
18.578
16.788
17.701
19.999
18.88
13.583
13.428
1.6144
3.2359
29.58
21.33
19.543
13.583
21.928
11.588
1.7539
11.803
23.768
10.209
14.997
17.947
10.814
12.764
21.038
19.364
16.181
12.218
2.2131
16.634
16.069
1.2706
1.5524
1.6331
1.0864
2.7606
14.655
18.836
22.542
23.121
15.417
12.735
16.596
33.343
17.824
18.072
8.8512
17.742
2.1727
14.825
15.668
11.117
13.646
15.74
19.679
11.298
13.521
14.723
17.989
14.028
15.171
28.84
27.925
15.959
19.454
13.583
27.227
21.827
29.785
20.654
20.701
19.143
11.722
18.967
19.498
16.144
17.14
6.2373
0.87498
19.409
21.979
18.88
15.311
20.184
13.274
10.715
1.2677
4.8417
1.2359
6.8865
13.305
1.256
1.0328
12.303
12.078
12.706
14.928
11.272
7.5509
12.503
13.804
10.139
11.35
2.7733
5.7677
0.89536
2.4099
10.023
13.49
11.83
13.646
13.305
8.531
12.794
13.49
13.932
1.7338
17.579
11.885
18.03
17.865
15.066
1.1066
0.92257
0.98628
4.4875
11.246
9.3972
15.311
14.655
10.914
13.122
2.0941
1.3032
13.49
2.4155
1.6672
1.0839
1.1508
1.5136
1.574
1.7783
1.4791
1.3032
1.4997
13.9
14.223
15.56
13.459
13.583
0.84918
0.80538
14.997
13.183
17.179
10.99
18.197
2.1677
3.3266
2.5177
15.066
10.666
1.205
0.83946
17.579
17.865
19.143
10.328
11.508
19.187
14.825
13.062
13.122
15.031
6.5013
10.94
12.912
6.3973
14.928
12.853
4.0644
16.218
15.136
9.8855
17.865
16.711
13.032
3.0061
12.735
16.711
13.032
11.614
8.7096
10.914
13.243
9.2683
10.093
1.074
1.0233
3.2961
0.78524
0.87297
3.6559
8.6497
16.596
9.7949
15.704
10.139
15.311
4.2756
1.1588
2.5527
3.2359
3.3189
3.3651
3.2584
11.912
11.535
11.041
6.4417
1.4997
15.101
12.19
11.169
15.276
10.94
8.531
6.8549
3.3574
8.2224
9.1411
7.0146
9.4189
13.521
14.825
12.647
2.4547
5.6885
9.1833
15.311
15.066
13.459
1.8072
4.0365
1.2218
0.81658
7.8705
13.459
13.305
13.804
14.588
15.631
14.125
14.421
10.544
4.4978
3.9174
9.8175
17.947
12.417
11.912
8.6298
13.122
7.2444
8.2604
9.977
11.246
9.3325
4.7206
1.1885
0.82985
2.6363
0.82794
0.83368
0.80538
3.013
6.5163
1.7458
9.8628
9.3972
14.791
11.83
8.9743
9.8628
13.152
2.0797
2.5942
2.138
3.8282
1.0304
4.2658
10.94
12.531
13.74
13.709
13.243
9.6161
1.9099
11.94
11.967
8.5901
0.82794
1.0375
0.97275
0.95499
0.80538
0.85704
7.145
16.293
9.3541
9.7499
11.912
3.7068
10.617
10.471
14.825
6.8234
11.967
8.7096
12.764
13.152
14.421
10.447
0.93111
15.704
11.402
14.997
15.205
1.8323
14.421
20.749
14.622
8.3946
9.594
9.2045
7.4645
4.3954
1.8621
10.023
12.417
12.853
13.646
11.722
12.531
8.4723
1.1455
17.498
12.647
11.324
13.614
4.9888
8.7902
5.2
8.2794
1.2618
2.5645
1.3002
1.3243
1.3213
2.6182
1.7378
1.4723
1.6106
1.8113
12.531
16.596
24.434
9.9312
16.482
35.727
14.859
18.072
10.864
4.1976
1.3092
10.568
0.9977
1.8535
6.792
14.894
7.379
0.83176
7.4473
14.723
14.421
26.546
12.882
5.8479
0.95499
0.83176
0.83753
0.8147
0.95719
1.8365
6.3826
20.184
11.885
21.528
16.406
16.866
12.162
11.455
9.2897
13.614
9.3972
11.066
1.3274
4.4259
0.82414
1.3122
0.82794
1.6982
9.594
13.49
17.1
18.793
11.143
6.2951
10.914
9.247
1.7989
1.3183
10.257
13.9
2.3281
9.8175
3.281
0.87902
0.8091
0.85704
3.1842
10.162
10.914
14.06
11.508
0.92683
0.98175
1.0209
1.1402
10.617
9.8628
4.102
4.2855
7.2111
13.49
12.274
17.62
14.06
3.8548
11.092
13.366
7.145
11.588
16.218
5.2119
16.711
6.2517
12.162
8.7902
11.508
10.99
10.447
7.1121
4.1591
13.49
9.7051
0.78886
4.0551
1.1092
4.3652
12.331
12.19
10.375
7.6384
7.709
6.3241
0.87902
2.421
12.078
11.967
10.471
2.5527
3.5156
0.91411
6.5766
6.5917
8.2794
11.041
8.1096
11.641
4.0179
1.7701
22.856
11.668
15.276
10.641
6.7143
13.152
12.474
9.6828
16.331
13.804
0.99541
0.77446
3.8459
14.859
14.521
9.2257
11.885
1.2078
2.3121
11.803
14.06
13.74
1.1143
2.5942
1.574
4.8753
1.5136
13.459
17.701
15.066
14.028
8.5901
11.668
7.9068
9.6828
9.977
6.5313
8.8512
7.709
6.1376
6.5917
12.589
4.3954
10.257
14.454
9.1622
13.243
11.324
1.2474
0.93972
0.81658
0.97275
8.0168
7.7804
11.298
9.8175
5.781
5.3827
13.032
11.722
8.8512
12.445
8.1846
11.169
3.767
15.031
11.535
6.4121
3.0479
1.028
0.82985
0.87902
0.9247
0.96383
10.447
1.2246
1.2764
1.3552
1.5524
1.1722
1.3614
1.5631
1.3709
1.5812
1.6293
1.1722
2.3605
9.8855
12.823
7.3114
5.7016
12.912
11.298
7.3282
15.922
14.125
11.668
5.3088
2.6546
6.3096
6.2087
1.0617
2.8445
0.93756
0.9247
7.1121
12.618
13.836
12.078
9.2045
3.8637
0.92257
0.79433
17.298
13.614
10.691
9.2683
11.668
9.1201
10.94
7.9068
4.5394
1.4322
1.5382
1.1668
0.81283
1.6596
10.765
8.5507
0.8531
0.84528
0.86099
16.52
15.101
9.8628
4.2855
2.7925
0.8995
1.028
1.349
5.9566
8.5507
15.205
5.821
0.70958
0.68077
1.0789
0.71285
0.72946
0.74131
0.79068
1.1041
0.8147
4.4875
14.125
11.015
13.552
8.9743
11.246
13.646
13.646
4.6452
1.5959
1.094
3.3963
0.85901
0.8356
2.8642
10.28
8.5704
9.2897
5.5335
2.5763
0.99312
7.1121
7.8886
11.324
12.618
11.143
4.529
0.80724
1.1695
0.88716
0.95499
2.2336
10.691
20.701
0.79616
1.194
4.0179
1.2359
1.1858
1.2531
1.3677
3.1333
3.7068
0.82224
0.75683
6.8707
12.56
9.9312
11.246
2.7416
1.0864
5.9566
3.1405
0.92045
0.96161
1.9187
1.0666
1.3709
1.3305
0.877
0.87498
1.9409
2.9923
11.272
12.794
24.099
11.482
7.8705
5.5847
15.596
10.328
11.402
1.0864
0.85901
1.7742
17.061
8.3753
2.4547
1.374
3.8905
0.8414
0.84918
1.9679
2.0091
2.1232
7.2111
9.1201
13.74
12.023
10.28
7.3961
0.8414
0.78886
0.84528
0.81283
0.8414
0.98175
9.7949
8.77
1
0.77268
0.81846
0.87902
2.2336
2.4774
0.88512
5.2845
5.6885
7.7446
10.257
1.0889
0.82794
0.89331
2.7669
0.98175
0.86099
0.77983
0.87096
1.3213
0.77446
0.83368
0.76208
1.0593
0.83368
0.74131
1.6144
2.7353
5.6754
0.85704
4.7863
9.7051
9.7499
16.596
10.139
13.274
9.1833
9.247
10.423
1.0715
1.4256
10.52
21.184
13.614
15.346
18.967
14.488
11.272
11.561
13.932
11.668
8.1096
4.0832
1.5922
3.2359
8.9331
10.209
1.2218
14.689
3.6728
3.7239
0.93972
1.6032
0.80724
0.86497
0.75509
1.6634
1.5382
12.078
9.8401
12.246
10.965
7.4302
7.145
0.89125
0.89743
3.54
11.885
9.0991
5.821
12.531
13.032
4.0926
6.7608
1.6982
0.8995
6.7143
1.7418
1.9454
4.0458
1.1722
1.3459
1.3002
1.556
1.3677
1.3521
1.6144
1.1194
6.3533
15.812
11.402
8.4723
7.1121
6.3241
5.5463
6.0814
10.765
1.4894
1.3996
27.925
11.695
4.2658
1.205
0.96383
4.3551
1.2882
0.8892
1.2134
0.90991
0.82224
0.81096
0.80168
1.6218
4.5814
8.7297
9.8855
9.9541
8.7297
8.5901
6.792
14.223
7.6384
1.2218
9.4842
14.488
9.4624
9.0573
3.9994
7.2611
2.7861
1.3459
0.8892
2.6182
1.349
2.3933
7.709
8.3753
15.066
10.914
15.596
8.995
4.8195
8.147
1.4256
0.91201
3.7068
1.0375
9.5719
12.942
12.05
9.4842
6.5766
8.995
9.6828
7.2444
7.7446
6.8391
10.375
9.6605
9.7949
3.9811
0.84723
0.78886
0.82414
8.995
7.2277
9.3972
7.5336
11.508
12.503
3.7068
1.0023
2.5235
8.4333
2.3605
1.8072
2.8907
3.4674
21.928
11.94
13.583
5.5081
11.35
4.4771
11.912
14.289
10.94
10.093
8.7297
5.8884
11.272
0.9506
6.9502
2.5942
2.3281
7.0958
1.0641
2.3878
1.3709
0.8147
1.1614
0.90365
6.7608
9.2257
10.023
7.2444
5.4075
9.5719
8.8308
11.912
1.574
0.92257
2.2909
2.0701
7.2111
6.6681
7.8886
10.423
8.1846
8.2604
10.52
14.622
9.3111
3.6983
1.5959
10.789
11.83
14.791
11.561
1.0399
1.2023
1.5453
1.9498
3.6224
1.5776
11.803
11.041
19.679
10.544
10.889
7.5162
9.528
16.482
10.789
1.2331
0.75509
4.4055
2.3605
1.2764
1.9498
1.1246
1.1614
1.1429
1.6749
11.194
5.2481
18.75
7.379
10.023
5.9566
8.8308
2.3659
1.7298
2.2233
6.6069
2.0797
8.9331
19.953
11.092
9.4624
1.5524
1.6672
1.4454
13.521
5.9704
8.8308
5.6105
8.7902
10.423
5.4702
2.9648
1.2274
1.4028
1.4322
3.3884
0.9594
0.92683
1.1194
0.96828
5.4702
8.77
8.147
11.858
11.749
11.22
8.8512
17.179
15.205
10.544
9.1411
10.328
1.2589
1.7947
0.97051
0.93756
0.83368
6.4417
10.74
10.617
10.99
18.072
25.003
0.73621
0.70632
0.94842
0.77804
0.71121
0.96828
1.2331
9.2683
33.963
15.959
10.28
11.776
13.614
7.9983
3.7239
8.995
6.0954
11.246
9.0782
8.5704
8.77
1.9861
0.89536
0.97051
1.5276
0.88512
1.1722
4.7206
7.2111
13.583
15.136
9.6605
12.531
8.8716
5.728
18.45
9.8401
9.7724
14.06
3.2885
0.87096
0.877
0.80724
2.2909
5.2723
1.3305
2.6853
1.652
2.133
5.445
7.2111
5.3088
4.5604
7.5683
11.94
13.646
12.56
11.143
8.1096
5.6105
2.6062
0.93111
1.1614
3.1842
1.8836
1.5704
1.4962
1.8707
1.4093
1.0447
9.4189
13.964
12.882
7.0632
7.9799
9.3111
4.8306
9.5719
2.884
0.83368
4.8978
9.7499
8.414
1.205
0.90991
1.1858
1.074
0.82224
1.4962
0.94406
0.75336
0.82224
0.84333
0.82985
1.5066
1.0495
0.83368
5.1286
3.8905
0.97275
0.77625
0.82035
0.7656
0.83176
8.1096
5.1761
6.4269
7.8705
9.3972
0.82414
0.90573
2.6853
0.92897
4.592
15.453
10.093
8.3176
6.8549
6.8865
5.559
4.3152
12.05
1.7906
6.1094
10.304
11.066
6.8077
8.9536
5.7677
6.2373
35.81
8.0168
1.1776
0.7709
0.75858
0.7656
1.5171
1.1508
3.013
3.8994
0.88716
0.97275
1.2618
1.1015
9.0573
21.086
13.964
7.7446
15.849
6.6374
6.0954
0.89743
0.83368
4.7424
6.3387
4.2756
0.84333
3.8194
0.89125
9.8855
0.91201
0.70146
1.1429
7.2277
1.2331
3.7068
0.99083
0.97724
0.81096
0.88512
3.9084
1.3243
0.79799
1.3709
1.766
2.0845
1.0789
3.3189
2.2751
1.7298
1.2942
2.3014
0.79068
1.7179
8.7096
9.0157
8.6896
11.092
8.5901
12.503
18.493
12.274
0.96161
14.997
9.3972
10.495
8.5704
1.2647
0.82604
7.9068
1.6181
0.9247
1.2589
4.7753
0.92897
0.87902
0.84723
4.7206
1.0641
0.91411
1.2677
0.83368
0.81096
11.117
9.0157
11.885
11.885
0.97724
0.9594
0.85704
2.5586
0.81846
0.85704
1.7378
0.99312
0.82794
0.82985
0.88105
0.71285
0.83176
1.6406
1.0617
1.4655
0.79433
0.74302
0.78163
1.4689
0.76033
0.85507
2.133
0.83753
0.80168
0.77983
0.77804
1.9588
1.2589
1.1402
1.1117
1.074
1.0814
2.3442
2.0845
0.72444
0.72444
0.79983
0.74131
0.87902
0.82224
0.7656
0.75162
0.81658
0.85901
0.78343
0.77268
0.79068
0.82604
0.75858
0.79616
1.406
1.1885
1.1169
0.86696
2.2233
1.5812
1.4488
1.1668
1.1092
1.2823
1.3002
1.3183
1.1858
1.122
1.2706
1.3183
1.4859
1.9815
1.0889
1.3521
1.4388
0.93756
0.78343
1.8793
1.1995
0.78705
2.9174
9.9541
9.3756
0.99541
0.9977
0.81096
2.5882
1.5453
0.71614
0.71121
0.74131
0.73621
0.71121
0.68234
0.71121
0.82035
0.91411
0.78705
0.73621
0.73282
0.75858
0.86099
0.79616
0.7145
0.75162
0.75162
0.72444
0.73961
0.71285
0.8356
1.3274
0.7379
0.68391
0.70632
0.69502
0.75336
0.68234
0.68865
0.70795
1.0544
0.74131
0.70795
0.70146
0.7709
0.79068
0.69343
0.73114
0.75162
0.76208
0.73451
0.71285
0.80724
0.74645
0.75162
0.75336
0.7145
0.73621
0.69343
0.69663
0.70307
0.73961
0.68707
0.69343
0.71121
0.69502
0.70958
0.75509
0.97949
0.79799
0.72111
0.70632
0.71285
0.72277
0.75162
0.69183
0.67608
0.71614
0.74302
0.67143
0.69502
0.74302
0.68865
0.70632
0.69183
0.75509
1.0568
0.89125
0.69183
0.68234
0.73282
0.69024
0.70307
0.72778
0.69024
0.73114
0.68865
0.69984
0.69502
0.68549
0.69984
0.69024
0.75858
0.72277
0.72444
0.71779
0.70307
0.71285
0.73621
0.66834
0.7379
0.70469
0.83946
0.75858
0.84333
0.68391
0.69343
0.67143
0.74302
0.70632
0.73961
0.6792
0.66527
0.70307
0.72444
0.68865
0.73282
0.72444
0.72111
0.71779
0.68234
0.72277
0.85704
0.87498
0.71779
0.96161
1.074
0.84918
0.83176
0.82035
1.1455
0.82224
0.82794
0.79983
0.7925
0.90573
0.74302
0.77625
0.72111
0.82414
1.374
1.1117
0.96161
0.86099
1.6827
0.8995
0.69502
0.82224
0.72444
0.71945
0.68391
0.91201
0.70795
0.72611
0.70146
0.87096
0.80538
0.68549
0.73114
0.70795
0.68077
0.74473
0.74302
0.68707
0.97724
1.374
1.0447
0.86896
0.7709
0.90157
1.1429
0.7656
0.69984
0.68234
0.72778
0.69823
0.68549
0.69024
0.72946
0.7145
0.73282
0.70632
0.69183
0.7145
0.71945
0.72946
0.68865
0.68234
0.69663
0.74473
0.73451
0.70469
0.77804
0.7656
0.69823
0.75162
0.70632
0.71285
0.69663
0.70469
0.68234
0.69984
0.75509
0.70307
0.73114
0.80353
0.82035
0.82794
0.91622
0.69343
0.68391
0.72946
0.72611
0.73282
0.72444
0.72778
0.78163
0.69663
0.68707
0.70632
0.7656
0.70795
0.69502
0.67453
0.75683
0.67453
0.67453
0.71614
0.70632
0.70307
0.74131
0.71614
0.70632
0.68865
0.75858
0.70469
0.71614
0.67764
0.68865
0.84528
0.70795
0.72946
0.73621
0.70632
0.69984
1.7258
0.8091
1.0162
1.0023
1.1995
1.6106
1.1272
1.0116
0.93325
1.052
1.1995
1.0209
1.0233
0.91201
1.219
1.6749
1.4355
1.0965
1.2274
1.2417
1.1482
1.2735
1.0447
1.3183
0.96383
1.135
1.1695
1.4125
0.70795
0.67764
0.72778
0.69502
0.67764
0.70307
0.68077
0.71121
0.72444
0.81658
0.76913
0.71121
0.69663
0.70632
0.74645
0.69823
0.73114
0.70958
0.71945
0.73961
0.69663
0.76033
0.71614
0.71779
1.0471
0.88512
0.70795
0.83946
0.80168
0.70307
0.69984
0.72444
0.69343
0.71614
0.69823
0.71614
0.69823
1.0046
0.74302
0.7379
0.7145
0.72277
0.70795
0.68549
0.71614
0.69024
0.72946
0.70958
0.74131
0.74131
0.78163
0.69663
0.74473
0.68234
0.73961
0.74817
0.70469
0.68865
0.70632
0.72778
0.70632
0.71614
0.71121
0.74645
0.97949
0.78886
0.90573
0.81283
0.73282
0.66988
0.71779
0.70632
0.7709
0.72444
0.99312
1.4791
0.82794
0.81846
0.83946
0.76384
0.77446
0.81283
0.80538
0.76736
0.7379
1.6827
0.80724
0.70146
0.69984
0.69823
0.69823
0.68549
0.69502
0.76384
0.71614
0.69984
0.76033
0.72111
0.67608
0.70795
0.7379
0.71121
0.70632
0.70307
0.82794
0.8356
0.72444
0.77625
0.71779
0.72946
0.69502
0.71614
0.71779
0.71614
0.79983
0.73282
0.70958
0.89125
0.79799
0.71121
0.74302
0.73114
0.69024
0.74131
0.72946
0.70307
0.70795
0.7709
0.69984
0.7145
0.71779
0.74817
0.70307
0.71121
0.71121
0.74817
0.7145
0.7379
0.72778
0.71779
0.76033
0.70146
0.70146
0.72444
0.76208
0.69343
0.7379
0.74817
0.7379
0.73282
0.74131
0.7145
0.67608
0.69663
0.7145
0.67453
0.70795
0.84723
1.7865
0.88512
0.88512
0.91411
0.78886
3.2285
0.81846
0.81096
0.86099
0.76736
1.714
0.89125
0.87297
0.7709
1.094
1.3397
0.93756
0.86298
0.93325
0.95499
1.7298
0.69984
0.71285
0.70632
0.74473
0.69984
0.72611
0.71779
0.70958
1.2618
0.78163
0.84528
0.76384
0.75336
0.8091
0.75336
0.93972
1.0691
0.76208
0.73621
0.94189
0.70307
0.73282
1.0715
0.70307
0.71614
0.67608
0.71779
0.66681
0.70307
0.72444
0.69183
0.72778
0.70632
0.72444
0.69343
0.75858
0.74817
0.71945
0.73961
0.74131
0.74817
0.77625
0.70469
0.71614
0.70469
1.0304
0.6792
0.70146
0.69024
0.71614
0.70469
0.69343
0.74473
0.71121
0.71614
0.69343
0.73961
0.75509
0.73621
0.76208
0.69183
0.71285
0.73114
0.72946
0.70958
0.72778
0.70307
0.72611
0.74645
0.71779
0.69984
0.70632
0.75162
0.70469
0.71121
0.69343
0.69823
0.69183
0.69502
0.87096
0.67143
0.71614
0.71121
0.69984
3.7931
0.69663
0.70795
0.72444
0.72444
0.70632
0.70632
0.69984
0.8414
0.86298
0.70795
0.76736
0.71614
0.77804
0.73114
0.72277
0.90782
0.82414
0.82224
0.77983
0.91833
0.78524
0.83176
2.2542
1.2274
1.1015
0.86497
0.83946
1.5453
0.70146
0.88512
0.73114
0.72778
0.7379
0.72277
0.74645
2.4604
0.70632
0.72611
0.69343
0.75336
0.73451
0.69984
0.73961
0.69663
0.70632
0.72277
0.70632
0.70469
0.70146
0.69502
0.70146
0.69502
0.78886
0.81658
0.86696
0.7925
0.70795
0.84528
0.7656
0.80538
0.77625
0.75683
0.99541
0.74131
0.78705
0.72111
1.7418
3.6983
0.74989
0.71121
0.69343
0.9247
0.70632
0.72946
0.70469
0.71121
0.74989
0.73114
0.74473
0.69502
0.68707
0.71285
1.8197
1.0839
1.0617
1.4454
0.85704
1.1912
1.0544
1.3183
1.1641
1.4555
2.2029
0.89331
1.2331
0.67298
0.66988
0.7145
0.69024
0.70632
0.69502
0.71285
0.72444
0.69663
0.69502
0.70469
0.72444
0.71285
0.69343
0.73621
0.70958
0.71121
0.68391
0.69024
0.71614
0.69663
0.71614
0.71121
0.6792
0.6792
0.73621
0.69183
0.76384
0.70958
0.70632
0.70958
0.79433
0.7925
0.7145
0.85114
0.78705
0.69823
0.67298
0.87498
0.70795
0.68865
0.97275
1.3092
0.84333
1.1117
4.5814
1.219
0.8995
0.78163
1.0839
4.102
4.1879
1.3092
1.4158
0.99312
3.5645
7.3114
4.1591
7.3621
11.695
17.458
16.634
15.276
28.379
14.454
37.068
25.119
28.84
50.234
20.184
11.092
26.977
10.399
26.73
10.691
11.169
15.74
18.072
30.69
21.928
16.368
33.574
22.131
11.298
26.002
14.028
19.099
18.621
9.506
12.134
15.171
2.0749
2.5003
5.5719
8.0724
29.923
9.2897
13.74
9.2257
0.91622
5.1286
5.728
6.2806
23.174
20.417
9.3972
1.3243
10.209
26.792
10.74
11.117
13.583
8.2985
3.6141
1.5704
5.8884
8.8105
2.2909
10.52
10.28
7.7983
16.331
15.631
13.836
3.1046
11.695
10.617
11.169
29.717
20.559
6.5615
6.792
4.1976
7.2611
0.90157
2.6546
9.528
9.3325
8.9331
9.1201
5.445
9.594
4.5082
0.98855
5.8479
14.223
7.2778
7.1945
9.247
5.7677
6.7453
8.091
9.7275
2.5177
1.1858
0.86497
0.89536
1
0.82414
0.80538
1.6106
2.5704
5.821
0.97499
6.6527
7.9983
12.882
11.272
8.3176
4.3351
11.94
6.6374
1.1722
4.6881
12.972
7.9433
6.0395
6.0814
1.1194
2.729
6.9663
1.4622
1.4355
1.5704
1.9907
11.535
1.3428
3.3651
5.9156
5.445
10.839
10.023
7.656
17.742
20.989
9.977
10.94
10.641
17.865
5.9156
6.4565
5.42
12.303
7.1121
6.3241
11.885
3.1989
2.3988
2.0137
1.6788
12.764
1.845
5.5081
4.8306
4.7206
5.0466
6.7764
7.6208
0.9247
1
0.81283
3.0479
2.3659
14.093
10.233
7.5509
14.555
14.355
8.9743
15.885
8.3946
1.71
5.0816
4.6026
10.139
10.093
9.9312
4.6132
3.8459
17.865
6.3096
18.197
10.471
9.7275
2.3878
1.9498
4.7643
0.73621
0.85704
0.9594
0.93541
3.3884
6.7453
6.2951
6.8391
10.093
6.8549
9.4406
2.9309
7.3114
12.912
12.05
10.046
9.0991
6.5313
17.338
5.6234
3.2734
10.162
6.0117
9.0991
7.7625
12.503
2.6062
5.1404
9.2897
10.593
3.7325
5.5081
7.7804
3.8282
1.1749
1.7539
2.7164
2.7669
3.1989
2.8973
4.3551
1.0423
0.93541
3.6141
1.8493
1.2618
5.2481
1.1015
2.7797
0.97724
0.89331
8.2414
5.1642
1.2706
8.2224
6.0954
6.1376
9.2897
8.531
4.7534
1.8707
5.2481
6.8707
4.3752
4.0644
1.4191
2.7542
4.7534
1.3552
1.7498
6.0534
5.0699
0.82035
0.8995
0.84723
0.8414
1.074
0.94842
0.87902
2.851
8.2794
4.7973
9.1833
5.0933
7.9433
7.1614
4.529
4.0087
5.5335
8.9331
7.4131
7.4131
2.0324
0.94624
0.96383
1.1246
1.2912
9.6161
7.9068
3.3189
4.5709
4.6666
7.1945
4.8306
0.72946
4.7973
3.4356
7.8705
6.0814
4.7863
6.2517
7.3961
2.0137
6.8391
6.2517
0.98628
2.3933
5.0234
5.7943
1.4825
5.9566
11.117
8.2604
8.5507
6.1094
16.106
9.0782
9.2683
6.9024
15.453
5.7544
2.3335
4.1879
3.6813
1.4521
1.0233
0.95719
4.0926
2.5468
6.6988
7.2277
9.4842
1.4689
2.3768
6.2087
5.6624
1.5136
2.8708
2.5177
0.74131
0.77983
0.80353
2.6363
1.9634
3.4041
3.8371
2.3281
13.397
6.3826
7.5162
1.3583
4.0272
1.0864
7.2611
9.2045
1.4859
17.219
9.2045
10.94
6.9183
18.323
1.9634
1.8621
5.5847
12.218
6.5464
6.6069
5.0816
9.0365
9.3111
5.728
8.4528
10.691
7.7446
10.74
5.2966
0.8091
7.4645
7.6208
9.1201
4.2364
5.4576
4.8978
1.977
3.1915
7.2444
4.8753
2.3442
1.0617
5.559
6.1235
11.561
13.552
3.9902
0.94406
2.0512
1.6482
8.091
3.3963
7.2778
4.5709
3.281
9.7275
11.912
2.1038
1.7742
1.845
1.7061
1.7783
5.7016
10.116
6.9823
0.80168
3.8994
2.9242
2.2803
0.8147
0.74302
0.8091
1.5417
3.8371
3.9446
0.75509
5.0003
4.4875
4.5604
1.9724
1.3335
3.3189
8.4723
5.358
2.9854
7.8343
3.4754
1.6406
1.3183
1.6711
1.6032
7.0958
7.3451
7.5509
5.559
4.4361
6.5615
4.1687
7.8705
8.3176
5.9841
1.4125
1.8323
1.1143
2.6669
6.2806
3.8726
3.3343
1.1324
1.4622
8.1658
4.0832
8.4723
11.967
7.1614
12.274
6.9823
3.5892
1.7783
2.7669
0.84528
0.8531
5.224
2.023
5.559
5.0582
5.6105
3.2137
14.256
6.5313
4.2073
3.281
4.2462
2.8708
5.42
2.2439
6.6527
8.6298
3.4356
24.21
6.8234
5.3333
3.8637
2.704
2.3227
5.236
5.6885
0.82414
0.78343
0.76736
0.80168
1.2023
1.8239
1.9187
1.7783
5.5335
1.574
1
1.3521
1.1641
3.1842
7.7804
4.3652
6.5163
5.902
10.423
2.6363
4.3053
7.9983
6.3387
7.1779
10.864
2.9309
10.641
2.2646
8.5901
7.3961
7.5336
1.1641
8.0724
2.8314
9.8855
10.691
5.0816
5.42
1.977
0.96605
5.1642
9.4624
4.5709
1.6293
2.4774
7.925
0.8356
0.8995
0.81283
0.78343
0.96605
1.0839
5.0003
7.7804
3.9628
5.0234
4.0738
6.0954
4.6026
6.4269
4.6989
4.2462
6.6834
10.139
11.066
7.6208
7.0632
3.0549
6.2373
4.3152
3.0339
6.7764
3.8726
4.5499
2.1928
8.2414
6.7608
4.3954
2.3335
1.9275
1.9454
1.0839
1.845
1.3092
1.1668
1.4191
1.4655
1.2417
1.4454
1.1272
0.73961
0.78524
0.82985
1.5417
0.85704
1.3836
1.1749
1.1561
0.76384
0.95499
0.92683
3.4119
6.5163
17.14
5.728
2.0137
0.90991
1.2134
1.5849
1.205
2.0654
5.0816
3.7757
6.1376
3.0409
4.6774
3.3343
5.1761
7.145
3.3574
3.0479
3.7844
0.72611
2.8184
9.7275
1.9907
1.9907
3.6058
2.3442
1.2912
1.3552
2.4434
2.6669
2.3442
2.0559
4.592
4.9659
4.9774
7.7268
4.5499
9.2897
5.4954
6.7764
6.0534
8.892
4.4668
6.3973
5.902
1.4928
5.7016
3.1189
9.3325
3.9628
5.5719
1.2706
1.3646
4.1976
3.3963
4.6559
0.76736
1.1092
1.9099
0.85507
1.6596
1.1614
2.1429
0.70307
3.0974
7.5509
9.4624
10.139
5.1642
5.8479
1.6406
2.3659
8.9125
4.7315
3.1842
8.2035
5.2119
6.4863
5.5719
4.529
3.4041
1.4223
1.4555
0.87096
2.0277
2.208
1.4289
1.1995
1.4689
1.1429
2.0893
3.5318
2.5586
3.7757
2.2284
3.6983
2.1577
4.2756
13.9
6.5013
9.2045
9.4406
9.7275
7.4817
1.714
13.274
11.194
9.3972
6.3241
5.445
7.6384
5.2723
3.0832
1.8707
3.1842
7.4131
1.1508
4.9204
7.5683
4.9659
3.7584
1.7498
3.3651
4.9659
1.574
2.138
1.5959
0.84918
0.86298
1.0399
0.71614
0.70469
0.69663
0.78163
2.851
2.6607
6.9183
7.5509
4.1591
1.0814
4.2462
4.4978
0.94189
2.3281
6.1376
4.102
4.6774
8.6696
15.276
10.889
6.5615
5.0003
0.84528
1.8707
0.89536
2.8973
1.2331
3.1405
1.6218
1.2764
1.4322
1.1641
1.7865
2.1086
2.9444
5.5719
4.4771
3.7497
6.0674
13.9
8.892
5.0816
23.335
9.0157
7.9983
5.1286
1.6255
6.4417
1.1641
1.0914
1.4962
5.1642
9.7724
5.821
0.91201
0.89536
0.80353
0.82035
8.892
3.9719
9.9312
7.0632
10.715
6.8234
2.4099
5.7016
4.4668
4.1687
7.6033
4.3551
3.281
6.9984
2.2646
3.5563
4.121
1.3032
3.9994
0.94189
1.4894
3.02
4.8641
1.2023
0.97051
1.6293
1.3243
1.5488
1.0889
0.8531
0.81283
0.76208
1
0.86099
2.1281
1.0328
0.7709
0.877
0.76913
0.89125
0.79799
0.78524
0.83753
0.77625
0.89743
0.79983
0.86696
0.81283
0.83753
0.83368
0.76033
0.8531
0.82224
0.80724
0.83368
0.73621
0.8414
0.8892
0.78886
0.75858
0.86298
0.77446
0.7656
1.0375
0.76033
0.84723
0.90365
0.82985
4.3652
7.6033
7.2778
12.274
6.7608
5.8884
2.9785
7.0146
3.8905
1.4757
1.1614
5.7943
2.0045
5.8479
4.7534
0.85704
0.72277
0.79799
0.7925
0.9247
0.81658
2.3605
2.8576
0.85507
4.7863
8.3753
6.5464
4.1783
8.4723
2.9444
6.2517
4.7753
6.5464
5.902
16.596
1.349
1.2474
6.4417
6.7143
1.4093
0.98175
1.5849
10.328
9.4406
20.606
6.4121
12.647
5.1523
8.8105
1.205
1.9498
4.3752
1.6982
5.6494
3.0549
1.0257
3.0269
1.3614
0.94842
1.2706
2.1979
5.0234
4.7534
1.7022
7.2778
3.3266
5.6624
4.2073
7.9616
5.9979
4.217
2.0464
1.3552
1.9231
1.7742
5.1761
2.9512
6.1802
3.7844
10.52
6.166
2.6669
0.87498
4.217
2.2182
1.1246
1.2735
1.1455
1.3122
1.3932
1.7338
1.5346
1.5311
1.6181
1.6982
1.374
1.0186
0.73961
0.75336
0.75162
5.6234
11.22
8.0168
9.9541
19.454
7.6033
0.72611
6.3826
9.247
4.3652
3.1989
2.1878
2.4604
5.8749
4.5814
6.3387
6.0534
1.8365
1.7022
5.3456
2.5119
2.1777
0.98628
3.2285
1.2388
1.2677
1.3868
3.1333
2.3878
5.1642
1.932
6.2517
9.0573
11.015
8.0724
4.8529
2.5527
2.8445
3.5563
2.3442
1.3996
2.7416
3.4514
7.709
8.0538
4.8865
3.0974
1.8072
5.2723
0.84723
0.8356
1.9953
2.5003
3.3884
4.9774
2.7733
3.6141
4.9317
8.356
5.2602
5.0234
2.4547
3.0832
2.3014
2.1135
1.6866
2.4831
1.5136
1.6866
1.7458
1.5205
5.0003
7.0146
7.1945
6.3387
7.2946
9.594
8.1846
7.6736
7.3451
5.188
3.4041
6.6374
10.28
9.8175
3.5318
4.1115
9.6605
5.5463
3.8815
2.5177
3.0974
1.7298
1.6672
3.9446
2.5527
2.3988
2.7416
3.4995
2.7669
1.6904
2.2542
4.3251
8.9331
1.3677
2.0701
3.7154
5.4954
3.5318
9.5499
1.9724
6.2087
7.925
4.8753
2.729
1.0162
1.1376
6.6374
7.3114
3.5645
1.5311
1.6749
4.6345
10.617
5.8884
3.8194
6.8391
0.82985
0.7925
0.8147
1.4825
3.2734
0.74989
6.0395
2.2233
9.594
7.7268
2.6182
4.1783
0.80538
2.0701
6.8077
1.3932
2.0893
2.037
1.6218
0.83176
2.6424
2.9854
1.5959
2.421
2.4099
2.037
0.77446
0.77446
0.77446
0.77446
0.77446
0.77446
0.77446
0.77446
6.1944
9.0157
8.4528
8.6896
8.6896
7.2946
9.3756
25.177
7.0146
3.767
5.7677
2.4044
7.2111
7.6736
9.506
7.4817
2.3227
1.0399
0.82414
2.5586
5.42
0.83753
1.4256
5.4828
1.0139
2.2387
3.9084
4.7206
0.74645
0.8414
0.79983
1.9409
4.3551
3.155
5.6364
2.5235
3.1696
6.9343
2.5235
3.6728
15.276
9.1201
8.147
0.9506
2.3659
5.3333
3.0903
3.9994
4.2756
1.71
5.0119
3.3037
0.78886
1.7061
3.062
2.6977
6.6834
6.1376
4.8195
8.4918
3.2734
7.5683
2.7606
3.7325
3.2137
2.1135
2.4491
1.5959
2.4491
9.9312
1.5346
1.2445
2.5586
4.0087
5.7677
6.166
1.0839
1.1588
4.8641
5.3827
5.9704
8.3176
5.8345
1.8239
1.349
1.3932
1.5136
1.6904
1.3397
1.9953
1.9543
1.9498
1.6482
2.7669
2.1928
4.9888
4.2855
6.3826
7.0958
4.9659
6.792
5.188
5.7148
5.4954
10.023
5.1642
1.8281
6.6681
6.6069
2.2491
3.7239
8.3176
5.9429
5.5208
4.7315
7.9433
4.6026
8.5704
9.4842
7.0469
4.9659
2.1878
1.5346
7.3621
5.0816
1.6596
2.0512
1.4256
1.7498
1.5311
4.3954
2.6792
0.99312
1.5996
1.1429
0.81658
1.0186
6.3533
2.0091
3.3113
4.2462
2.9648
1.7298
1.0162
0.76913
1.6749
4.2364
1.9953
4.1591
5.7016
5.9704
4.9888
5.7148
4.3251
3.4594
4.0832
2.0512
2.7479
6.6374
7.0307
8.6099
1.0544
0.70307
2.1528
5.0816
5.4954
5.8479
3.1333
3.0269
1.2503
2.1979
1.3032
2.3496
0.92257
0.83946
1.7783
1.9099
2.037
1.71
3.3651
1.0257
0.82224
4.8753
1.7338
2.4155
1.766
0.79799
0.77625
2.3605
5.9979
3.6983
4.5186
6.7143
5.4702
7.2444
3.9174
1.1803
5.902
6.5013
4.6132
3.8019
3.7239
8.892
4.6132
7.3282
2.5235
1.9055
2.466
1.4421
1.4962
2.6977
2.7102
3.0339
2.0606
2.2542
1.5596
1.028
2.4155
1.7258
1.8197
0.8356
0.97275
0.89331
3.7497
0.82035
1.5311
1.4421
3.0974
0.81846
0.82985
0.85114
0.82604
1.1858
1.8323
1.1376
1.1749
1.6982
1.0914
1.0399
1.0593
1.0233
0.78343
0.85507
0.79616
4.7643
5.7148
10.765
8.6696
8.1283
8.147
6.0534
3.7068
2.3174
4.7098
3.9628
2.5704
4.9888
11.912
14.355
5.2
1.0423
1.2417
4.4463
0.77625
1.6181
5.5719
1.2794
4.6132
1.6255
1.099
2.1878
1.1641
1.7458
1.6255
1.3428
1.5276
3.1046
3.1696
3.9902
4.9431
4.5709
0.77268
0.76033
0.74817
0.76384
0.76913
0.78705
0.76736
0.77446
0.71614
0.76913
0.73621
0.74817
0.73282
0.77983
0.74131
0.73961
0.77268
0.70469
0.80353
0.74473
0.78343
0.7709
0.70632
0.73451
0.74473
0.72611
0.70632
0.877
0.79068
0.8091
0.73114
0.71779
0.71945
0.75336
0.77268
0.78163
0.75162
0.72946
1.0328
4.1115
2.7797
0.72946
0.86099
9.2045
0.8414
0.81283
0.8147
0.74645
1.0641
2.355
1.0046
0.75683
1.9724
0.90991
1.0023
0.98401
1.4791
1.2134
1.028
1.099
1.1246
1.4555
1.2474
0.87297
1.2218
0.71121
1.135
0.73621
0.69343
0.86696
0.75858
0.81658
0.81658
0.74817
0.70795
1.0186
0.82035
0.74817
0.70632
0.72277
0.71614
0.85114
0.9247
1.0789
0.72611
0.86497
1.932
1.9275
1.2274
1.0765
1.5524
1.3032
1.4028
0.77268
0.73621
0.69984
0.76208
0.71121
0.76208
0.8414
0.92257
1.1561
0.77446
4.2954
0.7379
0.69663
0.75509
0.72444
0.85901
0.77804
0.76208
0.73451
0.70795
0.93541
0.88105
0.81283
0.71945
0.95499
0.86298
0.72277
0.81283
0.7145
0.70469
0.75683
0.71614
0.74645
0.71285
0.74817
0.79068
0.80538
0.85901
0.73621
0.74473
0.73451
0.73451
0.8892
0.72444
0.73961
0.74645
0.77446
0.72946
0.90157
0.83753
0.74817
0.71121
0.7379
0.73282
0.73451
0.70958
0.78886
0.7145
0.70958
0.78524
0.88308
0.74473
0.74989
0.70632
0.74302
0.74817
0.71285
0.7379
0.71614
0.7379
0.70795
0.69502
2.3442
0.76913
0.73114
0.87096
0.72778
0.70795
0.73282
0.72111
4.4259
0.77625
1.2134
0.71614
0.72111
0.70146
0.7379
0.82035
0.78705
0.70469
0.73114
0.74302
0.95499
0.83753
1.1376
0.8091
0.82985
0.83946
1.052
0.92683
0.83176
1.135
1.1885
1.1376
1.0186
0.7145
0.74817
0.73114
0.77268
0.73451
0.75336
0.75162
0.78163
0.84333
0.70632
0.71779
0.72946
1.1508
0.75858
0.71779
0.73282
0.87297
0.71614
0.77268
0.7709
0.71285
0.69343
0.72778
0.79616
0.8892
0.72277
0.74302
0.69663
0.69502
0.74817
0.67764
0.70307
1.2972
1.0617
0.98855
1.4488
0.69984
0.72277
0.76384
0.70469
0.70632
0.71121
0.70469
0.70307
5.7544
10.046
16.368
12.134
11.912
11.169
12.162
10.186
10.375
12.274
7.0632
8.147
13.709
15.74
7.9616
14.655
19.679
14.125
13.996
11.143
22.233
6.6069
15.631
13.996
12.218
26.303
11.092
30.974
11.455
21.184
7.5509
13.804
9.977
10.116
30.409
19.634
28.445
2.0512
16.331
19.231
19.187
15.101
2.133
4.592
5.2966
5.4075
8.7902
1.4256
1.2106
7.8343
16.558
10.715
15.668
22.284
7.9983
7.7268
13.836
15.668
7.9433
14.521
0.92257
0.82224
4.1687
8.356
11.22
19.231
17.742
8.0353
4.8084
7.1121
12.912
13.335
14.723
12.647
1.7742
7.1945
8.2794
1.074
15.524
6.7608
10.965
13.614
19.498
10.889
2.2803
5.8345
2.3388
5.2602
16.711
8.2794
1.2162
10.765
11.912
13.677
15.241
8.6896
8.0724
19.055
13.932
9.7724
5.8479
1.1455
7.9616
6.223
11.455
3.5563
1.0789
1.0715
1.2359
1.1995
1.6672
1.652
1.7219
0.85704
2.6669
0.72611
2.729
0.98855
0.73961
0.8531
1.5776
1.0139
0.79983
0.82985
0.88105
0.79433
1.0257
0.78343
1.5524
0.73451
0.79983
0.79433
4.0087
8.147
16.788
9.9541
11.194
15.596
12.474
10.046
22.182
20.277
11.298
21.038
11.803
21.777
11.641
20.559
10.162
6.6527
18.03
18.88
17.061
21.38
17.824
1.5241
16.866
25.293
16.982
11.298
4.0832
8.995
6.0395
6.2087
0.76033
2.6669
1.6293
15.776
10.351
13.521
15.101
9.9541
12.972
25.882
13.74
20.989
9.7275
2.3605
6.2373
10
12.882
11.995
10.116
3.9994
2.7861
2.2491
1.2589
2.2336
1.0423
1.6293
4.0087
5.0933
2.5468
3.9628
4.2756
5.4325
4.6132
2.2491
2.0654
8.414
8.3368
8.2414
6.3096
3.2885
8.0724
4.9317
5.2119
5.035
5.9566
7.8705
6.0954
2.5704
3.3037
2.541
12.162
11.722
5.6234
6.8077
5.1761
5.5463
4.1976
6.792
5.0466
0.9247
0.82035
0.90991
0.82224
1.3521
6.0814
7.7268
6.0814
5.0466
4.7643
4.5814
8.2604
7.1779
