11.614
11.535
2.133
10.257
10.617
10.617
15.704
17.62
10.691
15.453
13.335
11.015
11.117
15.417
11.143
16.181
15.922
19.953
15.488
0.91201
9.3325
20.941
12.388
0.92257
8.7902
10.447
11.614
14.588
12.474
14.622
11.588
0.95499
13.459
12.05
13.366
11.912
9.1201
13.836
12.735
8.3753
0.83176
10.399
14.454
12.589
13.646
12.853
12.218
14.655
10.495
13.49
13.213
14.388
13.002
17.418
6.166
0.70469
0.9247
0.83368
0.95499
0.98628
1.0814
0.79983
1.256
11.35
10.52
13.274
10.304
11.722
10.864
10.375
15.205
4.7753
10.093
13.305
13.062
22.233
15.031
16.482
11.614
16.866
7.9068
11.776
13.646
14.757
10.666
13.459
1.1722
13.152
14.791
14.388
15.276
15.205
13.9
12.388
16.406
13.964
14.588
15.276
13.74
17.298
12.503
16.558
14.962
15.171
16.293
13.614
3.4754
1.0304
12.474
16.069
16.293
12.331
14.454
12.19
9.6161
14.191
13.305
14.125
13.9
15.346
1.1722
4.5814
9.594
13.366
9.7051
12.106
9.7051
11.298
11.614
11.668
21.232
14.06
8.6696
1.2972
12.359
11.482
11.641
11.015
13.062
2.037
6.7453
7.2277
8.0538
11.508
13.9
14.421
8.1283
14.997
3.5645
11.246
12.359
8.2985
8.4918
11.776
8.0724
0.79983
1.1722
2.0606
8.4528
8.77
9.7051
12.445
15.524
15.812
14.622
11.376
10.691
11.885
10.715
8.9536
12.618
13.032
7.9799
10.328
12.274
15.596
12.359
12.359
13.49
12.647
12.303
15.136
11.194
0.89331
7.3451
13.552
13.49
9.7949
9.0365
9.1622
9.2045
13.677
11.015
13.274
10.162
12.647
11.194
9.7949
0.70795
3.9174
8.1096
11.066
9.1622
6.2087
9.3972
10.093
13.152
7.8705
11.535
9.0157
11.041
6.8707
9.528
7.7446
9.4842
9.247
7.3621
11.482
10.093
12.331
9.4189
10.116
11.588
5.1761
9.8401
11.508
9.9312
10.765
11.376
8.414
0.83176
2.6853
7.7446
10.375
7.8343
8.892
13.032
4.9431
9.9541
12.05
7.8524
10.864
8.1846
8.9331
7.0795
5.1168
8.7297
1.1117
8.8716
9.9083
11.508
0.79799
11.169
7.2111
17.865
12.589
14.421
8.2035
13.274
6.166
10.233
10.093
12.56
13.152
8.0538
11.912
9.7051
12.023
12.106
1.0447
0.73621
13.213
7.7983
11.858
10.423
9.2683
5.4576
11.455
10.023
9.3325
10.28
9.9312
8.2794
8.8716
8.091
6.2951
11.94
11.143
11.776
3.6559
2.3933
1.1194
1.0889
1.2503
3.5892
4.1305
1.2274
1.0789
1.3646
1.5276
0.72611
0.82985
0.92045
0.82414
5.0816
0.82985
4.8195
1.3709
0.78163
0.82035
0.83368
1.4322
0.87297
1.7783
2.6062
0.91833
1.1429
1.2246
0.92045
4.2364
5.445
1.1117
12.19
1.4388
1.4825
5.7412
10.617
7.9616
12.359
10.495
11.508
10.495
11.776
9.0573
8.147
3.281
11.912
12.303
3.8815
10.889
10.52
4.7424
11.376
9.1411
0.8531
9.3325
8.0168
9.9312
8.6099
10.593
1.6255
6.0814
7.5858
8.3176
5.4954
1.0814
0.87902
0.81658
0.86298
2.2961
1.5631
1.1455
5.5847
6.6834
7.3961
11.22
13.996
9.2897
14.723
11.803
9.3541
9.3972
9.7724
8.0538
0.7656
0.73282
0.8995
1.3213
6.9502
7.7268
4.6345
10.116
7.1945
5.1051
7.4131
6.9343
9.6383
12.882
9.0991
0.91622
8.2985
11.749
0.89743
1.0544
1.1776
9.0782
8.3368
11.749
11.35
9.977
14.588
9.5719
18.621
8.2985
13.335
10.093
12.942
8.6298
14.655
9.8175
9.8855
8.892
8.995
8.7498
7.1945
14.962
10.423
12.706
8.3368
7.0307
8.77
1.2417
8.7096
9.5499
11.376
8.892
10.789
7.8886
5.4828
0.92257
0.86696
0.80353
0.89125
0.85704
1.1912
7.5858
0.97275
1.1246
6.9663
4.2855
4.5082
7.2277
10.641
8.5507
11.858
10.209
6.5766
8.6696
12.19
11.22
9.247
6.2373
12.56
11.695
12.647
6.0814
10.328
6.1802
14.256
13.9
5.5463
2.8184
0.71121
0.84333
1.3521
2.8379
1.6368
1.3122
2.0417
0.89125
0.84333
1.6711
2.5177
6.2373
2.0464
1.3305
1.0814
2.5645
9.506
6.2087
9.7724
13.459
9.3325
9.6828
12.882
9.594
6.223
3.8548
9.7724
8.091
10.889
10.471
3.8548
2.0045
3.5645
2.5351
0.7656
3.1405
3.3963
11.272
12.647
1.6558
0.98855
0.96605
1.0116
0.91201
0.8356
0.99083
1.1722
2.8576
8.0724
9.4842
8.77
7.8343
9.506
13.9
10.093
12.942
12.19
8.531
13.305
9.8855
5.8076
9.8628
10.94
9.0991
0.81658
0.87297
2.4604
3.4834
9.2683
11.35
10.046
10.304
10.495
1.9231
1.2246
4.9317
0.69984
0.7379
0.73282
7.2277
1.4421
2.3768
1.6181
5.7943
9.1411
10.765
10.691
11.885
6.4269
5.1286
10.186
1.8923
7.2444
6.6834
10.593
9.1201
6.1376
12.474
13.709
9.3325
11.298
12.647
8.4333
8.2035
12.972
1.0666
12.882
8.4333
9.6605
8.9331
15.417
8.3946
5.4325
9.0365
9.9083
7.6033
9.3541
12.589
7.7625
11.561
6.0674
5.9841
4.6666
9.2257
7.1779
9.3111
0.90157
2.9854
1.1015
1.0399
2.3878
1.4894
2.0559
0.90573
1.2972
2.3442
1.2503
0.82794
0.93972
0.9506
0.82985
1.6255
1.5849
1.8535
0.80168
0.68865
1.5596
0.70795
0.75858
1.3152
1.0965
1.1588
1.205
5.6624
2.8907
3.3189
0.7925
0.72778
0.80168
0.78886
0.71614
0.7379
0.75336
0.69343
0.88512
0.76384
0.69343
0.70146
0.71945
0.71945
0.70469
0.71614
0.74473
0.74302
0.68234
0.79983
0.68865
0.72946
0.82794
0.84723
0.86497
0.79799
0.78886
0.84528
1.2106
0.94189
0.81658
0.8147
0.7709
1.0447
0.82414
1.2331
1.0889
1.4622
2.2029
1.803
1.3032
1.4158
1.7378
1.4454
2.3335
1.6482
0.99541
1.5959
0.74989
1.2589
0.68707
0.71614
0.7656
0.72111
0.78163
0.72277
0.78163
0.7709
0.69663
0.85507
0.87902
1.1695
2.2699
0.8091
0.86298
0.81658
0.7379
0.69502
0.76913
0.88308
0.70307
0.76033
0.71121
1.1429
0.7709
0.68391
0.83176
0.74989
0.73961
0.72444
0.78705
0.82604
0.86497
0.79799
0.71945
0.79068
0.78705
0.7925
0.75858
0.86298
0.78343
0.76913
0.71121
0.9528
0.79799
0.71285
0.7145
0.74817
0.72111
0.71121
0.69663
0.76736
0.73114
0.69984
0.71945
0.72611
0.74302
0.69024
0.67453
0.74302
0.71614
0.83753
0.80168
0.70469
0.77446
0.76208
0.78343
0.98855
0.81096
0.69502
0.69984
0.72111
0.72778
0.82604
0.79983
0.78705
0.73961
0.87096
0.77446
0.66834
0.96605
0.77446
0.89536
1.5031
0.75162
0.71945
0.79068
0.68234
0.71285
0.99312
0.69984
0.73451
0.75683
0.72946
0.77983
0.72111
1.122
0.77983
0.73451
0.7379
0.75162
0.74473
0.73282
0.79616
0.71285
0.78524
0.73282
0.7145
0.72111
0.78163
0.70795
0.84528
0.69024
0.72778
0.67298
1.0423
0.86099
0.77804
1.0471
0.76033
0.74131
0.72277
0.76736
0.72111
0.75683
0.77446
0.77983
0.72277
0.73621
0.75509
0.8414
0.72778
0.69663
0.69183
0.7379
0.75683
0.73621
0.76913
0.72946
0.73451
0.7925
0.78163
0.72444
0.80538
0.69984
0.99083
0.73282
0.97724
0.9594
0.82794
0.78886
2.1979
0.78524
0.7709
0.79799
0.7709
0.76384
0.69502
0.73451
0.73451
0.69343
0.77268
0.78886
0.75162
0.81846
0.69502
0.80353
0.8531
0.76384
0.95719
0.75336
0.7709
0.73114
0.79616
0.76384
0.68865
0.72611
0.8531
0.82604
0.74131
0.75162
0.72611
0.77804
0.74302
1.052
0.98401
1.0617
0.78524
0.89125
0.79433
0.86497
1.3677
1.2503
0.73621
0.75683
0.75858
1.0666
0.75509
0.70469
0.77804
0.76384
0.80353
0.75858
0.69984
0.73621
0.85704
0.74473
1.0593
0.92045
1.1995
1.219
1.1588
1.0593
1.3836
1.6827
1.7338
3.0549
0.82985
0.74645
0.82985
0.81658
0.70469
1.2078
0.7709
0.7709
0.75162
0.74989
0.72946
0.88716
0.7379
0.79068
0.83368
0.8147
0.83946
0.78705
1.094
0.75162
0.74645
0.80724
0.74817
0.75509
0.73282
0.79983
0.72946
0.78705
0.72611
0.71614
0.73961
0.70469
1.0162
1.2531
0.71121
0.74817
0.76736
0.77804
0.8091
0.70146
0.79983
0.72444
0.77268
0.73451
0.75858
0.73621
1.099
0.75858
0.8091
0.72778
0.76913
0.73961
0.75336
0.75336
0.79068
0.70795
0.78524
0.76208
0.76913
0.72611
0.74473
0.80168
0.877
0.72946
0.72946
0.66527
0.73114
0.80353
0.71945
0.81658
0.8414
0.68707
0.74302
0.81096
0.8356
0.74131
0.8091
0.77268
0.75162
0.79616
0.78705
0.75858
0.77268
0.73961
0.79433
0.8091
0.79433
0.85114
0.72277
0.74989
0.74817
0.74645
0.82604
0.8995
0.9528
0.76913
0.84333
0.70146
0.78524
0.81658
0.77268
0.76736
0.72277
0.82985
0.72946
0.76384
0.70958
0.7145
0.75162
0.75509
0.79799
0.75336
0.73451
0.8414
0.74473
0.73451
0.74645
0.80168
0.69024
0.76384
0.73282
0.68234
0.80538
0.74473
0.71121
0.92045
0.73621
0.74302
0.78163
0.71614
0.75509
0.82035
0.82224
0.87902
0.82985
0.80353
0.7709
1.3243
0.7379
0.78705
0.69823
0.7925
0.78886
0.89331
0.76208
0.8147
0.8147
0.77804
0.72946
0.77804
0.75509
0.85901
0.78886
0.74302
0.80538
0.75162
0.82985
0.81283
0.73621
0.6792
0.72778
0.8091
0.83946
0.89125
0.77446
0.83753
1.3772
2.0989
0.67453
0.75858
0.74473
0.77625
0.93325
0.78886
0.79068
0.75162
0.74131
0.86298
0.81096
0.83368
0.76913
0.82224
0.86696
0.7656
0.77804
0.82985
0.7656
0.7145
0.75336
0.69984
0.89743
0.77446
0.75336
0.73451
0.74302
1.2618
1.0495
1.1246
2.0417
0.80353
0.83368
0.77983
0.81283
0.81283
0.84333
0.91833
0.88105
0.82224
0.73282
0.82794
0.80538
0.87297
1.0116
0.99083
0.94189
0.78705
0.79983
0.81283
0.8531
0.7709
0.72277
0.7709
0.69024
0.7656
0.90365
0.82224
0.79983
0.71779
0.70146
0.80724
0.69502
0.70469
0.66222
0.81658
0.69502
0.86497
0.77446
0.74989
0.70795
0.69823
0.80168
0.82414
0.74645
0.89331
0.71285
0.84528
0.68865
0.74817
1.2274
0.7379
0.7709
0.78524
0.75336
0.73451
0.69984
0.80168
0.79433
0.75683
0.75683
0.83176
0.73621
0.79983
0.74989
0.8356
0.72946
0.79616
0.72444
0.84528
0.66834
0.74473
0.75683
0.87297
0.76208
0.8091
0.87498
1.1588
0.82224
0.77804
0.92897
0.79433
0.76913
0.70146
0.85704
0.84918
0.7709
0.70469
0.77446
0.80168
0.78705
0.74302
0.78886
0.74989
0.78705
0.77268
0.74817
0.76736
0.78163
0.76033
0.70958
0.77446
0.72111
0.78163
0.74302
0.78705
0.75336
0.84333
0.76033
0.73451
0.79616
0.76736
0.84918
0.74131
0.74131
0.76913
0.78343
0.7379
0.71945
0.80353
0.68549
0.71614
0.7656
0.69984
0.70795
0.71121
0.74989
0.877
0.74989
0.7145
0.8147
0.74473
0.74131
0.93325
0.82035
1.1066
0.88105
1.349
1.4125
0.95499
0.73961
0.79799
1.5631
0.97499
0.82224
0.78705
0.7709
0.78886
0.79799
0.71945
0.75683
0.7656
0.77983
0.78343
0.77268
0.82604
0.78524
0.84333
0.83946
0.80538
0.8356
0.73621
0.84918
0.75858
0.83946
0.7925
0.8414
0.74645
0.75509
0.79983
0.78524
0.79616
0.79983
0.73114
0.76384
0.78886
0.73621
1.3062
0.74473
0.72946
0.81283
0.73451
0.78163
0.75336
0.82794
0.8091
0.74473
0.80168
0.83368
0.80538
0.78524
0.77804
0.76736
0.74645
0.79068
0.74302
0.8356
0.74817
0.74817
0.76384
0.94189
0.71614
0.82035
0.77983
0.77446
0.81096
0.78705
0.82985
0.79799
0.77625
0.80538
0.76736
0.75509
0.7925
0.81658
0.84333
0.75858
0.84528
0.8892
0.85704
0.77268
0.88308
0.73451
0.76033
0.74645
0.8414
0.80538
0.81658
0.74131
0.79068
0.7925
0.85507
0.7656
0.96161
0.74645
0.77983
0.79068
0.78163
0.8091
1.3366
0.76033
0.76913
0.72444
0.93541
0.96161
1.0023
0.89536
0.91201
0.82224
0.97275
0.78343
0.82035
0.73961
1.0328
0.77804
1.1117
0.877
0.8147
0.74817
0.77446
0.72946
0.77804
0.77446
0.82035
0.6792
0.79799
0.80168
0.72444
0.74302
0.72778
0.76736
0.75509
0.70632
0.80353
0.76033
1.0116
0.80353
0.81096
0.78886
0.82604
0.79983
0.7379
0.9247
0.86099
0.74989
0.75858
0.78524
0.84918
0.76208
0.76208
0.77268
0.74817
0.82224
0.79433
0.89125
0.86896
0.75336
0.75509
0.70632
0.86497
0.74473
0.76736
0.73114
0.69183
0.81658
0.69502
0.7656
0.69024
0.72444
0.8414
0.93325
0.84333
0.77625
0.86896
0.72444
0.82224
0.76384
0.72111
0.79799
0.78886
0.86497
0.75683
0.8531
0.81283
0.83368
0.79433
0.89536
0.82414
1.1858
0.77268
0.83176
0.71285
0.80538
0.81846
0.73282
0.75162
0.74131
0.7145
0.7656
0.76736
0.80724
0.79799
0.88716
0.8995
0.88308
0.89536
0.84918
0.7925
1.8155
1.5311
0.89743
0.83946
0.79983
0.78343
0.72277
0.79068
0.80724
0.73282
0.8091
0.73114
0.78886
0.78705
0.7925
0.74817
0.75858
0.71121
0.75162
0.83368
0.82604
0.74989
0.78524
0.7925
0.81658
0.8147
0.81658
0.82414
0.92897
0.79983
0.82035
0.77625
0.70146
0.71945
0.82035
0.77625
0.78343
0.77446
0.77268
0.78343
0.80168
0.75683
0.75683
0.7656
0.7656
0.72444
0.77625
0.82035
0.78524
0.78705
0.8147
0.80168
0.80353
0.79433
0.79983
0.72277
0.73282
0.82794
0.83368
0.73282
0.80724
0.77983
0.74817
0.86497
0.83176
0.74131
0.69984
0.83176
0.88716
0.85901
0.85901
0.74131
0.75858
0.87297
1.1015
1.6368
0.82224
0.72444
1.0351
1.1722
0.93972
0.83176
0.76208
0.97051
1.4158
0.73282
0.80168
0.75858
0.89536
0.77446
0.73451
0.7656
0.82985
0.77268
0.85901
0.81096
0.72444
0.74989
0.82604
0.80538
0.76033
0.74473
0.79068
0.74131
0.70958
0.84918
0.76384
0.77804
0.77983
0.8356
0.74817
0.79799
0.7656
0.83368
0.75683
0.83753
0.82985
0.74131
0.75858
0.73282
0.71779
0.84528
0.75509
0.81846
0.73451
0.75509
0.84528
0.72778
0.9594
1.1194
0.90157
1.0691
1.1169
1.4191
1.0162
1.652
1.1246
0.79616
0.76913
0.90991
1.9999
1.9953
2.2131
0.73961
0.79433
0.83368
0.82794
0.77983
0.75683
0.77625
0.77446
0.78524
0.74989
0.74473
0.76736
0.81658
0.8414
0.79433
0.83946
0.82035
0.74817
0.7656
0.77446
0.77268
0.76913
0.81283
0.8414
0.79799
0.74131
0.74473
0.78886
0.75336
0.84528
0.7925
0.79983
0.80724
0.76736
1.0257
0.71121
0.75336
0.75858
0.7709
0.78524
0.76736
0.70632
0.71779
0.92683
0.71614
0.83368
0.71285
0.76033
0.82224
0.85704
0.89125
0.96161
0.85901
0.82985
0.7379
0.82224
0.77804
0.83753
0.82414
0.81096
0.86696
0.79068
0.84918
0.90157
0.81283
0.81283
0.86696
0.78705
0.80353
0.74473
0.73961
0.92257
0.77268
0.78163
0.76736
0.91411
0.86298
0.71779
0.77268
0.81658
0.84918
0.91411
0.82224
0.83368
0.76033
0.80353
0.74473
0.79433
0.78343
0.78524
0.79068
0.74302
0.76033
0.79616
0.83176
0.8147
0.75162
0.76913
0.75336
0.72444
0.84333
0.75162
0.82414
0.84723
0.83176
0.74817
0.70469
0.70146
0.77446
0.74302
0.80538
0.84333
0.7709
0.72277
0.81658
0.73961
0.86497
0.79799
0.82224
0.75162
0.77268
0.75336
0.78886
0.69502
0.82414
0.80724
1.0093
0.77983
0.7925
0.89331
0.79433
0.877
0.71285
0.82224
0.82985
0.76384
0.80353
0.82985
0.83368
0.71779
0.90157
0.90365
1.4421
1.1246
0.93111
0.86896
1.4028
0.99312
1.219
1.0691
0.96383
1.2106
1.3335
0.73451
0.76208
0.73282
0.76913
0.79799
0.79983
0.73114
0.72778
0.70469
0.91411
0.83368
0.8091
0.77983
0.7656
0.82604
0.74473
0.74817
0.70795
0.7656
0.77625
0.8892
0.77446
0.85507
0.79799
0.74473
0.76033
0.80724
0.80538
0.7379
0.81658
0.76033
0.72111
0.79616
0.77983
0.7709
0.80353
0.80538
0.78343
0.74989
0.76384
0.77446
0.86298
0.76208
0.79616
0.74817
0.93541
0.7925
0.82604
0.77625
0.76913
1.7061
0.82224
1.3428
0.84723
0.78163
0.81846
0.80724
0.75683
0.78705
0.84918
0.7656
1.4421
1.2023
0.7656
0.7145
0.78886
0.77804
1.1246
1.2106
0.91411
1.0839
1.028
1.2503
1.0965
1.094
2.958
0.76384
0.76736
0.74645
2.1429
1.9861
0.96161
1.5668
1.1858
1.1041
1.4421
0.93972
0.98628
2.0512
0.75162
0.70632
0.72444
0.72111
0.79433
0.76736
0.69024
0.75162
0.78886
0.74645
0.74302
0.73114
0.7709
0.77268
0.82794
0.88308
0.72444
0.71121
0.74131
0.75336
0.77446
0.78705
0.76384
0.70146
0.72946
0.93756
0.74131
0.72778
0.72611
0.72946
0.77268
0.75858
0.74302
0.66681
0.6792
0.72946
0.73282
0.75683
0.72946
0.70958
0.73451
0.70307
0.72111
0.70307
0.70146
0.77268
0.69343
0.71614
0.73282
0.76736
0.9506
0.68549
0.69183
0.71285
0.73961
0.71614
0.70632
0.73621
0.69823
0.78163
0.70958
0.72946
0.66834
0.70146
0.66834
0.70958
0.72611
0.78343
0.78524
0.80724
0.69823
0.73114
0.73621
0.92257
0.77268
0.71121
0.76913
0.73621
0.72277
0.71285
0.71945
0.68707
0.97724
0.7379
0.86497
0.75162
0.75162
0.77804
0.72611
0.77983
0.7656
0.82604
0.6792
0.72946
0.8147
0.75683
0.72778
0.75336
0.76913
0.73451
0.76384
0.75683
0.76913
0.72111
0.70958
0.82604
0.81283
0.71121
0.72611
0.68549
0.86298
0.76913
0.74989
0.72778
0.69823
0.71285
0.79983
0.75509
0.78163
0.74473
0.71779
0.71779
0.76736
1.1695
0.75162
0.72946
0.75858
0.7379
0.74302
0.68865
0.76033
0.8091
0.72946
0.74645
0.81283
0.78163
0.84918
0.75858
0.71285
0.78163
0.75336
0.7145
0.77446
0.78886
0.77625
0.68549
0.69823
0.76736
0.75509
0.69823
0.7145
0.74645
0.7925
0.70307
0.8147
0.70632
0.70632
0.76033
0.7145
0.75683
0.71614
0.68865
0.86896
0.72444
0.74473
0.73451
0.75336
0.79799
0.74131
0.84528
0.6792
0.71614
0.70958
0.72277
0.75683
0.69984
0.75509
0.71945
0.70307
0.68234
0.75509
0.7145
0.78343
0.68234
1.0304
0.74989
0.71945
0.74989
0.69984
0.71285
0.74645
0.69984
0.72946
0.69183
0.72111
0.70469
0.72611
0.77446
0.75858
0.74817
0.71121
0.72444
0.67764
0.71614
0.81283
0.77625
0.71285
0.75336
0.91833
0.97949
0.71614
1.1614
1.6788
0.83946
0.8147
0.84333
1.2706
0.9528
0.7379
0.75858
0.70146
0.73961
0.73451
0.75683
0.69183
0.69183
0.73114
0.74473
0.70146
0.76033
0.7379
0.75683
0.74817
0.71614
0.7379
0.75858
0.74473
0.68707
0.7145
0.70469
0.70307
0.70795
1.4322
2.3227
0.79433
0.83753
1.2618
0.75683
0.73621
0.7656
0.80168
0.74473
1.5596
0.71121
0.91622
0.84723
0.8414
0.74302
0.85114
0.74989
0.70632
0.76736
1.2912
1.3366
0.85507
0.80353
1.2972
1.5276
0.7656
0.99541
0.85901
0.96828
1.1668
1.2331
1.074
1.4894
0.81283
0.7925
0.76208
0.74473
0.79433
0.84723
0.77625
0.76736
0.68391
0.73282
0.87297
0.82035
0.92045
0.82985
0.74645
0.74989
0.80724
0.69984
0.75509
0.80353
0.73282
0.76384
0.80353
0.81283
0.71779
0.68077
0.75336
0.78163
0.73621
0.6792
0.79433
0.78343
0.7379
0.70307
0.83176
0.96383
0.76736
0.78886
0.7925
0.76208
0.71779
0.78705
0.74989
0.71945
0.82414
0.80724
0.73282
0.71945
0.81658
0.81283
0.96828
0.79068
0.77625
0.78343
0.75683
0.84723
0.85704
0.73961
0.76913
0.76913
0.78163
0.75858
0.83753
0.8356
0.82224
0.88105
0.74817
1.094
0.89536
0.7145
0.72444
0.71121
0.74645
0.75336
0.70632
0.70146
0.8147
0.75162
0.74645
0.87297
0.73282
0.7656
0.71779
0.8091
0.74989
0.81283
0.69183
0.76208
0.75336
0.70795
0.72946
0.73621
0.74645
0.74645
0.76208
0.79983
0.77625
0.85507
0.6792
0.83946
0.78343
0.78343
0.7379
0.73451
0.85704
0.92897
0.70469
0.74645
0.69984
0.79616
0.70632
0.76913
0.73961
0.74817
0.76033
0.89331
0.73621
0.75162
0.72946
0.80168
0.81658
0.73961
0.8356
0.74131
0.75858
0.88512
0.72444
0.81846
0.72778
0.78524
0.71121
0.80168
0.75162
0.72611
0.73282
0.72444
0.69663
0.70795
0.81096
0.7379
0.74817
0.73451
0.80538
0.74645
0.69502
0.77983
0.76384
0.78163
0.80538
0.80724
0.71285
0.75509
0.69823
0.88308
0.7709
0.8147
0.75683
0.75858
0.69663
0.71121
0.7925
0.83176
0.74989
0.7656
0.75509
0.78886
0.7145
0.71614
0.87096
0.78163
1.0304
0.8356
0.78886
0.76033
0.7656
0.82035
0.79068
0.75336
0.74645
0.75509
0.7145
0.74989
0.84723
0.75858
0.75509
0.7379
0.82035
1.3521
0.86099
0.94406
0.99541
1.3459
1.4488
0.73621
0.71121
0.72277
0.71285
0.76736
0.71121
0.77268
0.78343
0.74817
0.71121
0.73451
0.69823
0.71614
0.70632
0.7709
0.79799
0.77268
0.77268
0.77268
1.2823
1.3183
1.4223
0.91201
0.86099
1.3213
1.0471
0.69984
0.77804
0.73961
0.7709
0.74473
0.75162
0.72778
0.72277
0.7709
0.7379
0.79799
0.72111
0.71285
0.82414
0.71285
0.70146
0.75683
0.73282
0.68077
0.70146
0.75336
0.69183
0.69984
0.74302
0.72778
0.6792
0.68077
0.69823
0.72444
0.70958
0.7656
0.74817
0.69502
0.79433
0.80538
0.78886
0.68707
0.99083
0.70795
0.76913
0.77268
0.78886
0.75683
0.73114
0.74989
0.73961
0.75336
0.71945
0.7656
0.71614
0.70958
0.75858
0.75509
0.72111
0.77983
0.75683
0.7379
0.73961
0.69343
0.72946
0.8356
0.73114
0.75162
0.81283
0.70795
0.76208
0.74989
0.70795
0.81283
0.67764
0.70469
0.76384
0.90365
0.70146
1.3428
0.76384
0.70632
0.75336
0.73961
0.72778
0.7656
0.69183
0.72778
0.75858
0.72778
0.81096
0.75336
0.72611
0.68707
0.76208
0.69183
0.66988
0.72611
0.74817
0.7656
0.78343
0.69823
0.72778
0.79068
0.71614
0.74645
0.69663
0.76913
0.73451
0.72277
0.67608
0.69183
0.74302
0.68707
0.74645
0.67764
0.69663
0.79068
0.78886
0.68234
0.77268
0.71614
0.72111
0.72277
0.70469
0.78886
0.96161
0.83753
0.98401
0.74131
0.78524
1.3397
1.0209
0.69343
0.76033
0.71614
0.94406
0.75683
0.76384
0.73114
0.72611
0.71779
0.79616
0.73961
0.85704
0.82224
0.86696
0.85507
1.0304
0.92683
0.78886
0.71779
0.7379
0.72111
0.72444
0.78705
0.75509
0.69823
1.2531
0.73621
0.7656
0.71285
0.77268
0.71285
0.69823
0.7379
0.8091
0.73282
0.76384
0.74645
0.79799
0.69183
0.70146
0.7145
0.7145
0.72277
0.71614
0.69823
0.76033
0.73282
0.72946
0.68549
0.79068
0.7379
0.79983
0.80538
0.73282
1.194
0.71285
0.75336
0.85704
0.90573
0.79068
0.68865
0.69984
0.68391
0.74131
0.75683
0.81846
0.78524
0.74131
1.3614
1.7498
0.9594
1.3397
1.1066
1.0617
1.6406
1.5704
1.0046
0.74645
0.76913
0.69502
0.72444
0.73621
2.1727
0.7925
0.79068
0.74473
0.78163
1.714
1.7179
0.68234
0.68234
0.76736
0.77446
0.7656
0.78705
0.70469
0.76033
0.7656
0.78163
0.79433
0.71945
0.72444
0.73621
0.68077
0.73114
0.67143
0.75858
0.68707
0.74473
0.72111
0.76384
0.84723
0.70469
0.79433
0.71121
0.72111
0.73961
0.68865
0.7379
0.74645
0.79433
0.73282
0.7379
0.72611
0.75162
0.70632
0.72111
0.70958
0.65615
0.72444
0.80538
0.72946
0.66681
0.72277
0.66834
0.80538
0.75336
0.72111
0.75509
0.70958
0.69823
0.79068
0.72611
0.66834
0.78524
0.70146
0.66527
0.66222
0.75858
0.71779
0.71945
0.98855
0.74473
0.72778
0.76736
0.69663
0.70958
0.70146
0.69984
0.71779
0.69984
0.66527
0.75162
0.78886
0.71285
0.73114
0.65917
0.70307
0.71614
0.70632
0.78163
0.75336
0.69663
0.72444
0.68549
0.72946
0.69502
0.7379
0.66834
0.68077
0.70958
0.72111
0.67453
0.7709
0.96161
0.69663
0.72277
0.71121
0.69502
0.71285
0.73621
0.72444
0.67764
0.66527
0.69502
0.77983
0.72277
0.71614
0.67764
0.71779
0.73282
0.75683
0.72111
0.71285
0.69183
0.67453
0.72946
0.7145
0.67764
0.82794
0.78886
1.0691
0.74989
0.69984
0.69823
0.71614
0.72778
0.72444
0.72277
0.65313
0.71945
0.70795
0.69183
0.68549
0.76384
0.71121
0.70632
0.71121
0.71285
0.79616
0.74473
0.73621
0.73621
0.71614
0.73451
0.76384
0.80724
0.75162
0.67453
0.74473
0.69024
0.73114
0.73282
0.71121
0.68549
0.75162
0.74302
0.71945
0.7379
0.74817
0.70146
0.78163
1.028
0.67764
0.66834
0.67453
0.68077
0.69343
0.78524
0.68391
1.4622
0.71614
0.90157
1.0375
0.84723
0.74473
1.099
0.77625
0.98401
0.877
1.4555
1.0139
0.86696
0.85704
0.87498
0.9977
1.1561
1.4655
1.3677
1.6032
0.75509
0.877
0.71285
0.79068
0.69984
0.85114
0.79433
0.66681
0.79616
0.75858
0.75509
0.74302
0.70958
0.69502
0.8892
0.90365
0.93111
0.92683
0.78343
0.73282
0.82604
1.9011
1.5996
0.82604
0.69183
0.72946
0.70958
1.3709
0.73451
0.76913
0.78886
0.81658
0.74645
0.70469
0.76736
0.69343
0.75509
0.74302
0.73282
0.73961
0.79068
0.7925
0.76208
0.80353
0.75858
0.75162
0.71614
0.70307
0.79433
0.78343
0.68391
0.70469
0.71285
0.77804
0.73621
0.70958
0.68865
0.74131
0.75336
0.70632
0.69663
0.69502
0.69663
0.72946
0.70795
0.76736
0.7145
0.76736
0.74131
0.74302
0.82794
0.80168
0.75509
0.68707
0.70795
0.76736
0.78343
0.72277
0.70795
0.74473
0.68391
0.75162
0.72778
0.73451
0.78524
0.69024
0.69183
0.77446
0.74817
0.79616
0.76033
0.75336
0.73961
0.69984
0.67298
0.74302
0.76033
0.72611
0.78343
0.74817
2.2131
0.69984
0.69984
0.74473
0.77446
0.74131
0.78524
0.69183
0.73282
0.72111
0.80168
0.69343
0.7709
0.69984
0.7709
0.69502
0.72111
0.70632
0.70469
0.73961
0.71614
0.74645
0.75858
0.76033
0.81096
0.75858
0.73282
0.77983
0.81283
0.75509
0.74817
0.73114
0.71614
0.70632
0.75858
0.7379
0.73621
0.8091
0.78343
0.74645
0.72611
0.74473
0.74645
0.72946
0.80353
0.72611
0.78163
0.77983
0.71614
0.71945
0.84723
1.8621
0.9247
0.91833
0.76384
1.3062
0.76913
0.75509
0.82985
0.77804
0.79616
0.7925
0.75336
0.72946
0.7925
0.70146
0.72946
0.73114
0.74645
0.7709
0.80353
0.70795
0.74473
0.71285
0.68077
0.79799
0.77804
0.74473
0.86099
0.72946
0.79616
0.75509
0.81096
0.7379
0.71945
0.81846
0.7379
0.75162
0.76033
0.8356
0.85704
0.77268
0.86099
0.78163
0.72946
0.93111
0.84528
0.74473
0.79983
0.82035
0.70146
0.77625
0.76913
0.82794
1.1143
0.79799
0.74131
0.7709
0.85901
0.71945
0.73621
0.75858
0.73282
0.71945
0.77446
0.76384
0.76033
0.7709
0.76033
0.76913
0.76736
0.78705
0.72946
0.72111
0.79799
0.77804
0.74989
0.73282
0.79616
0.73114
0.70469
0.82035
0.73282
0.69984
0.7379
0.74645
0.72946
0.75683
0.84528
0.85704
0.74302
0.88512
0.8091
0.75683
1.0399
0.80724
0.68865
0.78343
0.7925
0.70958
0.76033
0.74645
0.74131
0.76384
0.73282
0.76736
0.78163
0.73282
0.75336
0.71945
0.76384
0.71121
0.81658
0.82604
0.82224
0.87902
0.74473
0.89125
0.86896
1.4191
1.406
0.89331
1.5031
0.78886
0.80724
0.84723
0.72778
0.82794
0.75162
0.96605
0.76208
0.76384
0.82985
0.79616
0.88716
0.77625
0.71614
0.89743
0.80353
0.80724
0.82794
0.73961
0.86896
0.73621
0.73451
0.82985
0.85507
0.81846
0.81283
0.77625
0.77446
0.74989
0.7379
0.81846
0.77446
0.81846
0.77446
0.78343
0.80538
0.78705
0.90573
0.76736
0.76384
0.80353
0.75683
0.74645
0.7925
0.94624
1.0889
1.1967
1.1298
1.888
0.79983
0.77804
0.79433
0.75336
0.72444
0.7925
0.81096
0.74473
0.77983
0.76384
0.90573
0.75858
0.82604
0.89331
0.8091
0.81846
0.77268
0.82035
0.78886
1.1455
1.0139
0.8356
0.9977
0.97724
0.83176
0.81096
0.75858
0.76384
0.88308
0.7925
0.89125
0.77625
0.92257
0.85704
0.79616
0.73621
0.81096
0.75858
1.0789
1.3709
1.2218
1.1376
1.0069
1.7498
0.67143
0.71285
0.72946
0.71945
0.8091
0.75509
0.80168
0.73961
0.80353
0.73114
0.80538
0.75162
0.75162
0.71614
0.71614
0.78524
0.78524
0.76384
0.77268
0.72111
0.7379
0.80168
0.74131
0.78343
0.72778
0.7379
0.71779
0.74131
0.877
0.70795
0.70958
0.76208
0.71614
0.79616
0.74473
0.74302
0.75336
0.75858
0.72611
0.7656
0.71779
0.72611
0.79983
0.78524
0.76384
0.81096
0.75858
0.75162
0.71945
0.80353
0.92257
0.76736
0.8414
0.75683
0.85114
0.90365
0.71779
0.83753
0.88308
1.2388
0.74473
0.78524
0.72778
0.79068
0.78886
0.79616
0.76736
0.82035
0.73114
0.76736
0.74989
0.8414
0.75858
0.77446
0.75683
0.73961
0.81846
0.82224
0.76384
0.77446
0.7709
0.74817
0.73621
0.88512
0.75683
0.77446
0.77625
0.74989
0.70795
0.75509
0.69502
0.87096
0.81283
0.7379
0.73621
0.80724
0.72946
0.76384
0.76736
0.77983
0.84918
0.83176
0.78343
1.1641
0.74817
0.70958
0.76736
0.74645
0.79983
0.71121
0.76208
0.79616
0.78524
0.75162
0.74989
0.72611
0.70632
0.78343
0.77268
0.70469
0.80538
0.75336
0.79616
0.8147
0.78343
0.72946
0.6792
0.72444
0.79616
0.8995
0.79983
0.76033
0.77804
0.75336
0.80724
0.73282
0.7145
0.77268
0.76033
0.7379
0.75162
0.83753
0.75509
0.81658
1.0789
0.87498
1.1169
0.86099
0.90573
2.3823
0.82604
1.1324
1.3274
0.97499
1.0139
1.2503
1.1298
1.1143
1.6106
0.84723
1.5417
1.1722
0.92683
1.3062
0.77983
1.1429
0.877
1.8793
0.82985
1.9364
0.71945
0.81658
0.7925
0.76208
0.7925
0.75858
0.8892
0.78705
0.93972
0.74302
0.77446
0.82604
0.70307
0.79068
0.86896
0.80353
0.81283
0.79616
0.78886
0.7656
0.85901
0.72277
0.70307
0.75336
0.75509
0.75858
0.8147
0.87498
0.7925
0.82035
0.81283
0.79433
0.82985
0.8995
0.88512
1.0839
0.89743
0.89743
0.7379
0.877
0.81096
1.0965
0.84918
1.5066
1.3122
3.4914
1.8365
1.219
0.90157
1.9634
0.84333
1.0139
1.845
1.0641
1.8072
3.0479
0.75509
1.7219
1.5382
1.1143
1.3002
4.4978
8.3946
8.7096
7.9983
11.376
8.4918
6.9502
8.5901
7.0146
11.776
9.7949
9.247
10.617
11.858
9.3972
11.695
12.218
9.8628
8.5901
11.402
7.5683
10.093
0.85901
10.864
15.311
12.647
11.092
12.531
13.152
11.324
0.73451
7.8705
10.093
7.7268
11.535
15.136
14.191
16.788
1.4689
2.2182
11.749
12.023
9.9312
9.0157
14.223
9.1833
8.2985
12.218
6.7298
6.0117
10.351
7.9068
11.324
10.889
10.715
7.8705
12.246
15.668
10.023
10.889
11.143
14.962
7.656
8.9536
8.5901
7.0146
13.428
9.977
10.74
8.6896
13.122
2.4378
14.757
8.9331
8.6696
12.246
11.092
10.691
9.8628
14.859
11.695
11.561
8.0353
0.73451
1.2218
0.82794
3.6058
4.4157
1.2331
0.89536
0.79799
1.4421
0.79616
0.81096
0.84918
0.87297
2.0701
0.69663
0.71614
0.66527
0.72277
0.70958
0.69024
0.93541
0.70146
0.7145
0.71121
1.7179
1.2078
1.1668
1.1482
1.6558
2.1281
1.6943
0.72444
0.67453
0.66222
0.68549
0.67453
0.73961
0.69343
0.67608
0.67453
1.0691
0.69984
0.65766
0.70307
1.1015
0.7925
0.82604
0.80538
1.4825
1.9999
0.67298
0.70795
1.1143
0.71779
0.67764
0.69823
0.73114
0.69183
1.0447
0.69024
0.72946
0.70958
0.71121
1.4158
0.72946
0.6792
0.7379
0.73621
0.69183
0.70795
0.74302
0.73961
0.70307
0.72778
0.72611
0.70795
0.69024
0.76736
0.7379
0.71614
0.67143
0.72111
0.68391
0.67764
0.69502
0.7379
0.6792
0.72444
0.69984
0.74817
0.69502
0.7656
0.70632
0.66988
0.66681
0.70469
0.67453
0.73451
0.66834
0.69024
0.69823
0.64269
0.71779
0.67298
0.7379
0.69984
0.73114
0.70795
0.66069
0.72277
0.73961
1.2388
2.0464
1.0765
2.7733
0.67608
0.69024
1.0965
0.83368
0.77446
1.3868
1.2474
1.6406
0.77446
0.70469
0.66069
0.70307
0.76033
0.7925
0.68549
1.205
1.0069
0.96383
1.3932
1.7258
2.5704
0.74817
0.73114
0.70469
0.74817
0.69502
0.6792
0.73621
0.71121
0.70795
0.70307
0.76208
0.67453
0.72277
0.74302
0.69984
0.68234
0.69502
0.72778
0.71779
0.69823
0.71945
0.68549
0.69183
0.92683
0.79433
0.69823
0.77268
0.70958
0.69343
0.75162
0.76736
0.75509
0.66527
0.78343
0.75509
0.73282
0.74645
0.72778
0.72444
0.72277
0.73621
0.68549
0.72778
0.70469
0.72444
0.78524
0.79616
0.70469
0.66834
0.66988
0.69183
0.7145
0.73621
0.73451
0.68549
0.68707
0.69343
0.76033
0.73621
0.72111
0.69823
0.75858
0.78705
0.69984
0.73961
0.68077
0.71285
0.72946
0.79799
0.69183
0.70146
0.74131
0.72778
0.75858
0.66988
0.74817
0.70307
0.77804
0.7379
0.73114
0.73282
0.84528
0.76208
0.96828
1.9187
0.68077
0.80353
0.71285
1.1695
0.74817
0.72946
0.71614
0.72444
0.70146
0.74989
1.052
1.1194
0.82985
0.9977
0.67453
0.78705
0.79068
0.72277
0.74302
1.2246
1.406
0.78705
0.76384
0.82794
0.80724
0.78705
1.0568
0.66374
0.89743
0.70307
0.73451
1.3366
0.95719
0.72277
1.2134
0.75858
0.73282
0.73961
0.70146
0.76208
0.75336
0.75162
0.69343
0.69663
0.72946
0.80353
0.78524
0.8147
0.72778
0.69663
0.70958
0.73451
0.96161
0.7379
0.74131
0.77268
0.90991
0.68391
0.75336
0.76384
0.7379
0.80168
0.73282
0.72946
0.73114
0.7656
0.76033
0.72778
0.72778
0.73114
0.7379
0.73961
0.94406
0.71945
0.79799
0.82035
0.72277
0.75509
0.76913
0.73282
0.71614
0.79983
0.83176
0.73451
0.78886
0.75162
0.70469
0.75336
0.71945
0.75683
0.70307
0.82985
0.74302
0.71779
0.75336
0.89125
0.74989
0.77446
0.73621
0.76208
0.80353
0.8147
0.73451
0.78343
0.70146
0.74131
0.68391
0.99541
0.73961
0.70469
0.79068
0.66527
0.75336
0.76736
0.72778
0.75162
0.70307
0.89536
1.762
5.6885
5.9566
10.139
12.942
9.0782
12.942
13.062
12.388
15.417
13.614
10.789
10.447
11.194
8.7297
6.8865
6.7298
7.4473
8.147
10.471
7.9799
6.0534
12.445
9.7051
8.2224
12.359
10.495
6.7453
0.80353
4.9091
6.4121
0.78524
0.78705
2.0989
1.0965
2.0277
0.71945
2.2961
0.69663
3.8282
8.8308
1.7418
10.351
8.8512
8.6099
10.209
8.8105
8.6099
10.471
9.5719
9.1622
9.6605
0.81658
0.79068
0.77983
0.75509
0.78163
1.3677
0.75858
0.71945
0.96383
0.76913
1.2023
0.68391
0.71285
0.68077
0.72611
1.0765
0.76208
0.69502
0.70958
1.0209
0.70469
0.76033
0.69183
0.66374
0.70795
1.9498
1.3459
2.0324
1.2218
1.0544
1.1041
4.9317
9.3541
11.967
8.0538
12.162
12.388
14.521
8.1658
4.7206
0.73114
9.1833
4.1783
0.75858
0.69343
0.73282
0.68707
0.68865
0.6792
0.71779
0.75509
0.71945
0.69024
0.66681
0.69502
0.74817
0.70632
2.704
2.3227
1.3996
8.5704
11.94
12.912
8.2224
0.71285
2.4491
9.5719
12.106
11.143
10.617
11.641
10.864
5.0119
9.7724
0.86298
1.1749
3.5156
5.1761
8.147
10.94
10.691
11.092
0.76033
0.86696
0.70958
0.76736
0.86896
0.72111
0.78524
3.0409
1.2882
0.72277
0.73961
0.78705
0.78343
1.3122
9.2257
5.4576
4.1976
7.9616
11.94
10.839
5.7412
10.495
9.3325
6.8549
3.6898
1.3459
1.8836
1.4555
0.6792
4.2756
1.0116
2.5235
0.68865
0.73282
0.77625
0.70146
0.66527
0.76208
0.72111
0.77804
1.1749
0.66527
0.71285
0.73282
0.72946
0.70632
0.72611
0.69984
0.69823
0.67608
0.71779
0.72277
0.68865
0.74302
0.73282
1.6982
0.6792
0.66069
0.68549
0.71614
0.98401
0.78886
0.83753
0.74817
0.74473
0.82414
1.5171
1.074
1.1272
6.5464
1.0965
3.8637
6.1094
8.5114
4.8195
12.853
8.7096
11.272
7.5509
1.4223
4.8195
6.0117
5.4828
1.6827
8.1846
6.4863
7.4131
6.6069
10.069
7.5858
8.5114
9.977
9.7724
8.356
7.8163
6.1235
10.162
8.3753
1.2647
10.447
4.9317
5.3703
6.3387
8.3368
8.414
9.3111
7.4817
3.5318
5.5463
4.7534
11.912
9.247
6.792
2.958
2.7606
5.8345
10.093
6.8234
6.1944
8.2604
4.5814
0.71121
0.68865
0.66069
0.69823
0.70146
3.0903
0.69663
0.97724
1.7989
0.94189
1.7783
1.099
1.5136
6.5464
9.4189
9.3325
7.4989
10
9.3111
11.066
13.397
10.789
9.2897
6.5313
9.3541
8.995
7.7268
9.594
9.9541
11.482
9.4624
6.223
9.506
6.8077
7.7804
5.781
8.9125
8.9536
14.421
7.9983
8.77
0.72778
10.765
8.4918
6.5766
9.3325
9.528
23.55
14.125
12.388
10
16.749
12.882
16.482
14.928
15.704
16.406
15.959
14.125
17.179
19.275
14.158
14.256
19.77
14.757
13.614
15.596
17.906
14.388
15.241
14.894
13.459
13.583
13.677
19.679
14.191
15.066
13.122
17.219
14.454
