1.3459
0.76384
4.1305
1.074
5.7677
2.6546
1.2359
7.6033
9.9541
5.4075
17.179
17.022
18.323
11.508
14.388
15.031
10.94
22.803
15.524
1.1588
9.594
19.861
20.989
17.906
15.311
1.8836
0.87902
8.5507
18.408
19.679
0.83753
19.055
1.766
10.74
2.1038
21.038
13.709
5.1761
22.336
23.933
11.066
12.134
1.4322
0.86099
19.634
18.967
0.77268
4.121
21.184
23.442
16.255
1.6482
1.2589
1.2706
5.42
1.2023
0.76384
15.382
0.88716
0.67143
0.69343
1.0423
11.482
1.1429
0.87498
0.98628
0.83946
0.94842
12.942
16.106
1.714
4.3451
2.5235
0.93972
0.88716
9.3756
18.75
21.33
4.217
16.558
19.77
19.187
0.83753
13.868
20.893
17.061
0.87297
1.0568
1.3709
0.71285
4.6238
1.3614
19.953
22.961
20.464
23.55
22.594
19.099
3.8726
1.3335
1.3428
7.6913
0.78343
1.7458
3.4834
0.73114
4.8641
10.691
20.417
5.4954
0.9594
0.7709
0.86497
0.86696
0.67764
5.5719
18.323
0.85114
0.86099
0.71779
0.80168
0.96161
0.96828
0.97051
0.93756
1.0617
2.1528
1.1995
1.1272
1.8365
1
6.4714
2.4044
1.4622
1.1092
14.894
13.521
20.37
16.788
23.659
22.909
22.387
21.928
23.605
19.498
10.914
9.4406
14.859
1.9099
14.158
17.783
5.3951
12.56
19.364
21.528
24.889
21.281
8.091
16.52
25.235
24.099
17.906
5.3456
19.907
14.928
18.75
2.037
5.6754
6.4714
9.0573
17.66
13.583
1.219
18.281
20.701
25.527
22.751
22.646
19.275
22.909
2.9242
0.92257
0.7379
0.8892
1.183
1.1858
1.8323
0.77625
2.5351
2.1478
1.4928
5.2845
1.6181
16.032
9.2897
8.5507
11.22
14.191
10.328
9.3111
4.1305
0.67298
2.2646
0.61944
0.61802
1.2942
2.0045
3.8905
0.78524
0.80538
0.72277
0.73114
0.7709
1.4191
1.6749
1.1194
1.4488
1.4256
1.714
1.4997
1.0162
4.5499
1.5171
1.3274
3.6728
0.63973
0.84918
0.85114
3.1842
2.4889
0.69502
2.9992
1.0257
6.5766
1.8664
2.9376
1.0447
1.2359
3.1915
1.3583
1.1614
1.2246
1.7498
1.2677
10.914
14.928
12.388
0.60814
0.63973
1.3646
1.2474
19.364
14.622
5.0933
0.66834
0.78524
3.2509
0.60534
0.60954
0.68865
0.62373
0.60256
0.65615
0.62373
0.61802
0.64417
0.66988
0.62087
0.6166
0.65615
0.62517
0.60954
0.65464
0.62951
0.65163
0.88105
1.1614
0.69984
0.69343
0.9506
1.099
1.0046
1.0839
2.9648
1.5101
1.6866
1.135
1.4859
1.3032
1.6788
0.65917
2.1232
0.78886
1.3709
1.2618
4.6026
12.677
20.137
22.131
22.233
22.284
20.701
23.878
22.387
18.578
5.8884
14.588
16.634
22.439
22.909
21.677
21.528
19.187
18.493
8.9331
0.64269
7.0958
2.3659
0.62806
0.70795
3.6058
1.8155
2.2542
0.65163
0.64417
0.62806
0.68865
0.6166
0.65917
2.1878
2.2336
2.851
11.015
0.65163
1.4388
0.65766
1.1668
0.92897
1.6406
2.3335
1.1912
6.3826
1.0839
0.97051
0.66834
1.9999
0.66374
0.60256
0.64269
0.66069
0.64269
0.64417
0.66527
0.62806
0.79983
0.60256
0.61802
0.65464
0.61802
0.67298
0.70146
0.64269
0.60814
0.65163
1.135
0.60534
0.63826
0.66681
0.64269
0.64565
0.65464
0.65464
0.65313
0.63387
0.60814
0.6223
0.6166
0.61944
0.86099
0.61235
0.60256
0.63096
0.65313
0.75336
1.5346
1.3366
1.3152
0.6368
0.62951
0.64714
0.62951
13.305
1.3772
3.6475
30.974
23.988
15.031
15.596
24.266
7.6736
33.884
0.60674
0.63096
18.197
21.727
19.143
25.41
18.793
19.724
21.979
23.933
1.5704
21.232
28.184
23.55
1.766
1.1722
1.1092
1.1614
1.2331
2.6607
5.2845
3.0479
1.7989
2.2284
1.7179
1.2589
13.213
18.072
19.588
23.933
21.827
22.803
23.768
18.155
1.5704
2.5003
0.66988
0.60954
0.78524
1.3274
0.61944
0.60256
0.66069
0.63241
0.71614
0.66222
1.0715
1.3032
1.8365
1.6558
0.65464
0.63826
0.63096
0.64565
0.84528
0.78524
0.63096
0.81096
0.64417
0.66374
0.71614
0.7925
0.65615
0.66222
0.84333
1.0069
0.62373
0.62806
0.68549
0.61802
0.63096
0.64565
0.61944
0.64417
0.61094
0.64714
0.61944
0.61802
0.66222
0.78343
0.60534
0.76384
0.6368
0.66069
0.60256
0.61518
0.60395
0.67453
0.97949
1.5885
0.76913
0.72778
0.67298
0.68707
0.64269
0.75858
0.74817
0.69663
0.71945
0.75509
0.8414
0.7656
1.194
0.61235
0.63387
0.64714
0.66527
0.63973
0.63387
0.62373
0.64121
0.7145
0.64714
0.66069
0.60395
0.6223
0.60814
0.61235
0.66834
0.74473
0.65163
0.63096
0.80724
0.82794
0.64565
0.63826
0.62373
0.60534
0.74645
0.65615
0.64565
0.82794
0.62517
0.69183
0.87902
0.62373
0.65766
0.63973
0.65013
0.65615
1.0375
0.9506
1.8365
0.64565
0.65917
0.75336
0.66222
0.68391
0.6166
0.6166
0.69343
0.63387
0.60256
0.8414
1.0617
1.3459
0.62661
0.63533
0.65766
0.65313
0.61802
0.62517
0.67453
0.64565
0.61235
0.63387
0.77804
0.66374
0.71285
0.65766
0.6223
0.63241
0.6223
0.61944
0.64863
0.59429
0.60674
0.82604
0.63973
0.61802
0.62806
0.6368
0.59293
0.59566
0.61518
0.62661
0.6368
0.61235
0.63826
0.68707
0.63096
0.62373
0.65766
0.65615
0.65615
0.65917
0.68391
0.66988
0.64121
0.72277
0.64863
1.0328
0.73282
0.61235
0.77446
0.6368
0.64863
0.64714
0.60395
0.64863
0.65013
0.64121
0.61802
0.64565
0.64417
0.60954
0.61944
0.82035
0.60117
0.6166
0.6223
0.68549
0.6166
0.62517
0.60117
0.61802
0.62806
0.63387
0.66681
0.63973
0.64714
0.64417
0.62661
0.82224
0.64565
0.62806
0.62806
0.60954
0.77983
0.62517
0.79799
0.64565
0.61235
0.61094
0.62373
0.62087
0.62951
0.66069
0.59566
0.6223
0.62373
0.63387
0.64269
0.60256
0.65917
0.61235
0.70307
0.6223
0.65464
0.81658
0.82035
0.64417
0.69502
0.61944
0.66069
0.6223
0.64417
0.61094
0.66069
0.87297
0.64565
0.65313
0.60954
0.61094
0.63973
0.64863
0.63826
0.85114
0.61802
0.65313
0.61518
0.62806
0.63533
0.63096
0.63826
0.61094
1.0814
0.62373
0.66681
0.87096
0.63973
0.70307
0.65163
0.68549
0.60954
0.61802
0.62087
0.6223
0.60256
0.62661
0.62806
0.59979
0.59566
0.60674
0.59566
0.64714
0.6223
0.66527
0.61944
0.61802
0.61802
0.66222
0.78343
0.59704
0.78524
0.71614
0.62087
0.63973
0.64863
0.66988
0.93972
0.64417
0.61235
0.64863
0.62806
0.65313
0.60256
0.61376
0.67143
0.64863
0.6223
0.60674
0.63241
0.61094
0.65766
0.61235
0.60117
0.61944
0.62951
0.61376
0.62661
0.62661
0.6166
0.62661
0.77446
0.63973
0.74473
0.66681
0.71121
0.63973
0.63533
0.6368
0.63387
0.63241
0.65615
0.67453
0.61944
0.70632
0.71121
1.0839
0.7145
0.74131
0.84528
0.9247
1.1561
0.86896
1.1324
0.58614
0.61518
0.6223
0.63973
0.97499
0.79616
0.7656
0.65163
0.78524
0.78705
0.75162
0.60117
0.62373
0.60256
0.62087
0.76208
0.66374
0.60117
0.60256
0.59429
0.79068
0.63826
0.66374
0.65464
0.67453
0.63826
0.66374
0.61802
0.59841
0.65917
0.63387
0.66069
0.62806
0.65766
0.68234
0.66222
0.61518
0.60534
0.59566
0.64121
0.62087
0.61376
0.63241
0.59979
0.64417
0.74473
0.63826
0.65313
0.6166
0.62087
0.67298
0.62951
0.61376
0.65163
0.63096
0.60534
0.64863
0.62373
0.61518
0.64714
0.60395
0.60534
0.61376
0.61802
0.60814
0.62951
0.61802
0.61094
0.62661
0.61235
0.62661
0.60395
0.60395
0.63826
0.61802
0.61235
0.59566
0.62661
0.61235
0.64417
0.69984
0.65766
0.62806
0.64121
0.63973
0.61376
0.64417
0.64121
0.66527
0.65615
0.92897
0.75162
0.70958
0.72946
0.65615
0.66069
0.74473
0.90573
0.96161
0.63096
0.62517
0.64417
0.69183
0.67453
0.75858
0.66069
0.6223
0.62661
0.62806
0.65163
0.63533
0.73621
0.64417
0.68234
0.80353
0.58479
0.60814
0.62951
0.64121
0.60117
0.66834
0.60954
0.62661
0.63533
1.205
0.67764
0.72946
0.70795
0.61944
0.63387
0.59841
0.60395
0.63826
0.62951
0.61944
0.61376
0.6223
0.61518
0.63096
0.65766
0.67143
0.63387
0.65313
0.6166
0.64714
0.64863
0.6223
0.80538
0.63096
0.70958
0.82035
0.60534
0.63096
0.61944
0.63533
0.63241
0.64121
0.62806
0.80724
0.68234
0.59429
1.5136
2.1528
0.82985
0.83753
0.92897
0.90782
1.0568
1.3646
1.0093
1.6711
3.5318
0.66374
2.6002
1.1092
0.93541
1.0162
1.1041
1.0889
1.3709
1.1749
1.762
1.1455
1.0023
1.4894
1.3932
1.3709
3.3963
0.6368
0.61094
0.63826
0.99083
0.64863
0.64863
0.64121
0.61235
0.62087
0.60534
0.72778
0.6166
0.62951
0.65163
0.62373
0.77804
0.69343
0.80724
1.9498
1.3836
0.67143
0.68391
0.74302
0.72946
0.63826
0.66988
0.64269
0.99541
0.62661
0.64269
0.61518
0.69984
0.63973
0.6223
0.64714
0.61944
0.62373
0.61944
0.66374
0.64121
0.60395
0.61518
0.61376
0.64863
0.71945
0.63973
0.64714
0.6368
0.62806
0.63241
0.63973
0.64863
0.66834
0.63533
0.65313
0.63241
0.64417
0.64565
0.62661
0.61094
0.6223
0.63096
0.6166
0.63533
0.61518
0.60117
0.62373
0.6166
0.61518
0.62517
0.61235
0.62951
0.63096
0.76384
0.62373
0.66222
0.65917
0.61944
0.59979
0.60395
0.6223
0.62661
0.60395
0.62517
0.66834
0.66681
0.60534
0.78343
0.63387
0.64565
0.7709
0.71945
0.65163
0.69823
0.61802
0.68549
0.65013
0.62517
0.59566
0.63973
0.60395
0.63387
0.64565
0.60117
0.71945
0.62661
0.65013
0.6368
0.64269
0.67608
0.65464
0.62661
0.65313
0.65615
0.60395
0.60117
0.61944
0.62373
0.8531
0.60814
0.62661
0.64269
0.63241
0.64714
0.69502
0.61802
0.6368
0.63241
0.67764
0.76913
0.65013
0.63973
0.61094
0.60954
0.66681
0.59566
0.60534
0.62951
0.64269
0.65013
0.63973
0.64121
0.69343
0.6223
0.61944
0.62373
0.65013
0.63387
0.59566
0.6223
0.62517
0.66527
0.66222
0.66527
0.70307
0.63241
0.64714
0.62517
0.60814
0.62373
0.83368
0.61094
0.80168
0.63241
0.63533
0.62951
0.59841
0.60117
0.69343
0.66834
0.6223
0.73282
0.6166
0.61094
0.60674
0.6223
0.60534
0.64863
0.61235
0.62087
1.0046
0.65464
1.0495
0.70146
0.93972
0.62373
0.69502
0.62517
0.7379
0.67298
1.0617
0.75162
0.80168
0.9506
1.0471
1.1858
3.6559
1.0209
2.0606
0.93111
0.65313
0.62951
0.72111
0.65013
0.76384
0.70632
0.86696
1.6144
0.62517
0.61944
0.63387
0.62373
0.98401
0.64121
0.61944
0.61518
0.60256
0.64714
0.60954
0.61518
0.62661
0.59293
0.63387
0.61094
0.81846
0.61094
0.60117
0.66374
0.65163
0.62087
0.63826
0.61802
0.62087
0.6792
0.60395
0.62373
0.6166
0.61518
0.61094
0.63241
0.62661
0.63533
0.62373
0.63533
0.63387
0.60954
0.62806
0.61944
0.66374
0.63096
0.61235
0.65313
0.66988
0.63387
0.62087
0.65163
0.64714
0.63387
0.68707
0.68707
0.61944
0.65615
0.67298
0.63973
0.61802
0.64269
0.67453
0.66222
0.63387
0.67143
0.73282
0.67453
0.65013
0.68391
0.65615
0.6223
0.65313
0.64714
0.64269
0.70795
0.6792
0.65917
0.65163
0.66527
0.64269
0.62951
0.63241
0.61376
0.66374
0.63533
0.61094
0.65766
0.67764
0.69183
0.63096
0.65163
0.66069
0.65766
0.74989
0.69502
0.65766
0.68391
0.70307
0.69343
0.71614
0.63241
0.61518
0.63973
0.68549
0.64417
0.64121
0.65766
0.61802
0.62517
0.63826
0.64863
0.62373
0.63241
0.7709
0.65615
0.65313
0.61094
0.61944
0.63533
0.66988
0.6223
0.60674
0.6166
0.63096
0.66527
0.62087
0.63096
0.59156
0.60954
0.61235
0.59979
0.63973
0.64565
0.61802
0.64417
0.60954
0.64269
0.61944
0.6166
0.6166
0.73114
0.62951
0.62806
0.6223
0.62517
0.65013
0.63826
0.64565
0.64565
0.62951
0.58614
0.60814
0.61518
0.6166
0.60674
0.64863
0.67298
0.63241
0.63387
0.60256
0.76736
0.87096
0.68549
0.63241
0.60534
0.61802
0.68077
0.61802
0.63973
0.64714
0.62373
0.66222
0.87297
0.60256
0.62517
0.64121
0.60814
0.59429
0.63826
0.76208
0.60534
0.81283
0.70307
0.62087
0.64417
0.63096
0.63096
0.63533
0.63241
0.84918
0.75336
0.61376
0.60534
0.6166
0.63533
0.62951
0.63973
0.63826
0.63241
0.62951
0.59429
0.6223
0.58345
0.61944
0.60534
0.61802
0.58884
0.62373
0.63096
0.63973
0.60395
0.65615
0.63096
0.59841
0.59704
0.6166
0.66374
0.63973
0.59979
0.61094
0.65313
0.60534
0.61376
0.65615
0.62373
0.84918
0.64565
0.80538
0.91411
1.3213
0.70958
0.69663
0.69343
0.61802
0.87902
0.60674
0.61235
0.59979
0.61376
0.66681
0.8531
0.64565
0.62806
0.60395
0.69502
0.75858
0.75858
0.7379
1.0765
1.3677
1.0162
0.63533
0.62087
0.62087
0.60814
0.60674
0.61376
0.67764
0.96605
0.68077
0.66988
0.6368
0.62517
0.6166
0.62806
0.59841
0.60674
0.66222
0.61235
1.9498
0.877
1.2794
0.83753
0.81846
0.86696
2.2961
0.78524
0.64863
0.62373
0.63241
0.66988
0.61518
0.61376
0.63973
0.61944
0.62661
0.62806
1.2445
0.63973
0.65917
0.60395
0.62661
0.64565
0.63241
0.62661
0.66374
0.64417
0.67453
0.62087
0.6166
0.6166
0.65917
0.64121
0.64417
0.63973
0.64417
0.6166
0.68234
0.6368
0.60814
0.64714
0.68391
0.68234
0.62373
0.63096
0.63973
0.65615
0.65615
0.69823
0.6166
0.62517
0.62517
0.66069
0.61944
0.6223
0.81283
0.60534
0.63826
0.62661
0.63533
0.62517
0.64863
0.63826
0.6368
0.62806
0.63241
0.63241
0.62373
0.59429
0.61802
0.63973
0.65013
0.65013
0.63241
0.87498
0.59704
0.60534
0.61944
0.62517
0.6223
0.65013
0.63096
0.6223
0.6166
0.62517
0.61944
0.60674
0.59841
0.64417
0.60954
0.61094
0.62087
0.60674
0.62806
0.60534
0.60117
0.66222
0.84528
0.60814
0.64863
0.66222
0.82604
0.69663
0.65766
0.72778
0.62806
0.68865
0.60395
0.59841
0.61802
0.64863
0.60814
0.65615
0.6166
0.63826
0.65313
0.63826
0.61944
0.62806
0.62373
0.60534
0.62087
0.70632
0.72778
0.61802
0.60256
0.69502
0.63387
0.59566
0.71779
0.61944
0.75162
0.68549
0.62806
0.68077
0.9528
0.60954
0.63387
0.64714
0.62806
0.62951
0.62373
0.60256
0.63826
0.63096
0.63387
0.6166
0.62373
0.59979
0.60256
0.63533
0.63387
0.63096
0.65615
0.64417
0.62951
0.64121
0.61944
0.60954
0.60395
0.72277
0.71945
0.86696
0.82414
0.62373
0.60814
0.65615
1.1668
1.0069
0.61802
0.66374
0.6223
0.64863
0.65917
0.66069
0.75858
0.77625
1.1092
0.85901
0.78343
1.977
5.0003
0.7379
0.64565
0.62951
0.65766
0.61802
0.61944
0.63533
0.70958
0.72946
0.74817
0.67608
0.66069
1.3305
0.96383
1.4723
0.60534
0.6166
0.64863
1.4454
0.99083
1.1803
1.4454
2.2961
1.3122
1.0617
1.1695
1.2078
0.9528
1.349
1.0568
1.71
1.1194
2.8907
0.69823
0.61518
0.60256
1.8967
0.70958
1.0069
1.094
1.6406
1.3122
2.541
1.9231
2.7479
1.3677
1.194
0.6368
0.64417
0.66988
0.59841
0.62951
0.68234
0.61094
0.64863
0.67143
0.60954
0.61094
0.63826
0.64565
0.63241
0.60117
0.6223
0.59979
1.0471
0.60534
0.6368
0.60395
0.59841
0.60674
0.60117
0.6166
0.61235
0.60954
0.60954
0.61094
0.60395
0.62806
0.59704
0.62806
0.63241
0.60674
0.61944
0.60954
0.60117
0.60814
0.60117
0.61376
0.64565
0.61376
0.63241
0.72778
0.71121
0.71285
0.66988
0.66834
0.72111
0.71945
0.80168
0.81096
0.71121
0.66069
0.66681
0.61094
0.63533
0.7656
0.69024
0.61094
0.62373
0.62373
0.63241
0.66069
0.63387
0.60674
0.66222
0.79983
0.63096
0.6368
1.0423
0.6166
0.67298
0.6223
0.66527
0.63826
0.65766
0.63096
0.62951
0.63096
0.65917
0.66222
0.61518
0.62373
0.61376
0.63387
0.61518
0.64269
0.63241
0.6368
0.67143
0.59979
0.61376
0.60117
0.63826
0.65615
0.69502
0.64565
0.60954
0.61518
0.60395
0.64121
0.64269
0.66069
0.63096
0.63096
0.63533
0.64565
0.62951
0.61376
0.62087
0.65917
0.62661
0.62951
0.59293
0.64121
0.6166
0.59156
0.65163
0.6368
0.6166
0.62661
0.6166
0.59979
0.62951
0.59979
0.61802
0.61376
0.65163
0.63096
0.6166
0.62951
0.59841
0.61094
0.6223
0.63387
0.72111
0.63096
0.81096
0.84333
0.86896
0.68549
0.63533
0.64269
0.6166
0.61094
0.64121
0.64417
0.6166
0.6166
0.62517
0.6223
0.62806
0.62517
0.63241
0.65313
0.6166
0.62373
0.66069
0.60395
0.6368
0.66681
0.59704
0.64121
0.62087
0.91833
0.62806
0.6223
1.1641
0.60256
0.6166
0.65313
0.61376
0.62806
0.6792
0.66681
0.64417
0.60674
0.63096
0.63241
0.64269
0.60256
0.6166
0.61376
0.66069
0.66069
0.61235
0.60674
0.63241
0.64269
0.63387
0.62517
0.59704
0.61802
0.60395
0.62087
0.6223
0.61376
0.65163
0.64863
0.6368
0.59979
0.62517
0.69343
0.63533
0.61235
0.62087
0.62517
0.75162
0.61518
0.60674
0.60814
0.62661
0.65766
0.8356
0.7925
0.66988
0.70632
0.69502
0.74131
0.85507
0.76736
0.62661
1.2735
1.135
0.6368
0.67764
0.65917
0.63241
0.65766
0.61094
0.62951
0.61944
0.6166
0.65163
0.60395
0.63533
0.60534
0.72778
0.7656
0.71614
0.78163
1.2677
0.63096
0.67608
0.67298
1.1482
0.74302
0.74645
0.86896
0.70958
0.89331
1.7498
0.97949
1.052
1.9861
0.66069
0.64269
0.62517
0.63387
0.69343
0.60814
0.61518
0.65313
0.66374
0.61376
2.3878
1.4894
1.0617
0.84333
0.79616
0.83753
0.98628
1.0789
1.5922
1.2853
1.2853
0.83946
1.0691
1.5031
1.0864
0.63387
0.65464
0.69183
0.63241
0.63973
0.62373
0.64417
0.61944
0.6223
0.64417
0.61235
0.61094
0.62517
0.66988
0.64714
0.62517
0.62373
0.63241
0.66834
0.60674
0.64863
0.63241
0.63973
0.63826
0.61518
0.68391
0.6792
0.64121
0.63241
0.67608
0.61235
0.61235
0.71945
0.66834
0.66222
0.67764
0.61944
0.62806
0.64714
0.6368
0.67764
0.64417
0.67608
0.70632
0.66374
0.64863
0.63241
0.67453
0.63973
0.65313
0.65163
0.62951
0.65313
0.62517
0.6166
0.63387
0.6368
0.61235
0.65464
0.63096
0.66069
0.63241
0.65917
0.63387
0.68707
0.68391
0.62087
0.63096
0.64863
0.77268
0.64714
0.6223
0.64863
0.61518
0.65313
0.65013
0.65615
0.64417
0.62517
0.67764
0.63973
0.62517
0.61944
0.61802
0.65313
0.79983
0.92683
0.74473
0.75683
2.0941
0.5902
0.63387
0.69984
0.66681
0.62951
0.63533
0.82035
0.64863
0.65464
0.80353
0.63826
0.66527
0.65766
0.59841
0.71614
0.63533
0.64863
0.62806
0.65313
0.64121
0.61235
0.63241
0.63973
0.76384
0.66069
0.69502
0.93972
0.69502
0.64417
0.63096
0.66527
0.66681
0.67764
0.66988
0.67764
0.73621
0.60814
0.66069
0.66527
0.61235
0.62661
0.65766
0.66069
0.61518
0.63973
0.66374
0.62661
0.66069
0.62087
0.63973
0.65163
0.65163
0.63096
0.64269
0.61518
0.65917
0.65766
0.6368
0.64269
0.65615
0.61518
0.64269
0.66681
0.60814
0.63096
0.67764
0.62517
0.65615
0.64121
0.65013
0.66988
0.64714
0.62661
0.61518
0.64565
0.63973
0.6368
0.65313
0.64121
0.63241
0.62661
0.63387
0.67298
0.65013
0.64269
0.65313
0.60534
0.62661
0.62087
0.64565
0.72946
0.69183
0.75858
0.66374
0.73961
0.70307
0.66988
0.76384
1.122
1.0304
0.84528
0.78705
1.0046
0.62806
0.66374
0.62661
0.62661
0.64863
0.61802
0.6166
0.66527
0.61944
0.62517
0.65766
0.64565
0.59841
0.64714
0.61235
0.64565
0.64417
0.64863
0.64269
0.67298
0.66069
1.1858
0.90157
0.73451
0.77804
0.7379
0.72277
0.90782
0.81658
1.0093
0.72946
1.0423
1.2246
0.82604
1.0495
1.1482
1.8967
1.4223
2.0606
0.64417
1.0814
0.82414
0.7925
0.62373
0.66374
1.028
0.65313
0.75683
0.76208
0.70632
1.7701
0.99312
0.63533
2.5119
0.6368
0.60674
0.63973
0.65615
0.62087
0.62373
0.62661
0.61518
0.65163
0.60256
0.60395
0.61235
0.61094
0.62373
0.63973
0.63826
0.62661
0.59293
0.61802
0.63973
0.68391
0.62087
0.68865
0.62951
0.60256
0.65464
0.60954
0.63241
0.64121
0.62951
0.87498
0.70146
0.63096
0.65464
0.67608
0.64417
0.68391
0.63826
0.63096
0.65163
0.63533
0.61802
1.0304
0.64565
0.76033
0.62517
0.59979
0.59704
0.65163
0.60954
0.61094
0.62373
0.60117
0.61802
0.86696
0.65163
0.65163
0.61944
0.61235
0.65313
0.60395
0.61094
0.63241
0.65313
0.61518
0.60117
0.61518
0.62806
0.6166
0.62661
0.61235
0.6166
0.60674
0.62517
0.62373
0.60674
0.66834
0.63241
0.61235
0.6368
0.65766
0.61235
0.6223
0.64565
0.62806
0.62951
0.6223
0.68077
0.64121
0.63826
0.64565
0.6792
0.64565
0.63241
0.65163
0.63533
0.63096
0.63096
0.66374
0.62087
0.64121
0.62373
0.63533
0.66222
0.62661
0.63973
0.63241
0.64269
0.65464
0.62951
0.60534
0.61094
0.64417
0.6223
0.63826
0.62806
0.65313
0.65013
0.64565
0.65615
0.63973
0.62373
0.63241
0.60954
0.68234
0.73282
0.68865
0.7145
0.61376
0.73451
0.86099
0.63826
0.62087
0.61944
0.6223
0.60256
0.61376
0.66681
0.63387
0.60395
1.0328
0.8091
0.67143
0.68391
0.66681
1.2078
0.6792
2.1827
1.1885
1.6482
0.62373
0.62661
0.60534
0.64863
0.65615
0.61235
0.6792
0.64417
0.65013
0.6792
0.63096
0.64417
0.66527
0.63387
0.62373
0.62087
0.61094
0.62661
0.69343
0.67608
0.69502
0.75858
0.68077
0.71614
0.79799
1.3092
0.62806
0.64417
0.63826
0.66374
0.6166
0.7709
0.90157
0.64121
0.62951
0.62517
0.6166
0.6166
0.66222
0.68865
0.70795
0.65464
0.63533
0.65313
0.65163
0.73451
0.63826
0.62517
0.67143
0.66527
0.65313
0.63533
0.62951
0.62951
0.66681
0.66527
0.76033
0.76736
0.64417
0.63533
0.62087
0.9247
0.63533
0.60256
0.64565
0.63241
0.85507
0.67608
0.63241
0.65013
1.2794
1.4588
1.2735
0.80538
1.4093
2.9923
0.61094
0.60117
0.59156
0.59979
0.65313
0.61376
0.63096
0.61376
0.64269
0.6223
0.60534
0.58479
0.59841
0.61518
0.64565
0.62517
0.63973
0.62087
0.6166
0.63533
0.59566
0.62661
0.6166
0.64417
0.62661
0.60954
0.6166
0.62087
0.62951
0.63241
0.60814
0.60674
0.81846
0.62373
0.62806
0.6166
0.6166
0.63241
0.66988
0.60534
0.61802
0.60954
0.62373
0.61802
0.66222
0.6166
0.66222
0.61944
0.61235
0.67453
0.61944
0.63241
0.61518
0.82224
0.59429
0.61235
0.63826
0.61094
0.59979
0.61094
0.62517
0.64269
0.6223
0.60954
0.60534
0.6166
0.86099
0.62087
0.61376
0.62661
0.62373
0.60395
0.62087
0.60117
0.63387
0.61518
0.61094
0.62951
0.66988
0.63387
0.6223
0.6792
0.6223
0.61944
0.61944
0.63241
0.62087
0.6166
0.63241
0.61235
0.72778
0.61376
0.62806
0.62661
0.60954
0.6368
0.65917
0.62517
0.61802
0.64714
0.61376
0.63096
0.59979
0.60534
0.62806
0.64863
0.61518
0.6223
0.62661
0.63973
0.63096
0.62373
0.62661
0.64565
0.60674
0.63096
0.61518
0.61944
0.59704
0.65013
0.63387
0.60534
0.64121
0.62087
0.75336
0.86298
1.6672
0.72778
1.0046
2.2751
0.87498
0.67143
0.75509
0.69502
0.86696
1.052
0.60674
0.60674
0.65163
0.61802
0.90782
0.6223
0.6223
0.63096
0.63096
0.61376
0.63826
0.59704
0.6223
0.65615
0.60534
0.6368
0.62087
0.63241
0.60534
0.63096
0.63533
0.64863
0.63387
0.66069
0.60674
0.63973
0.96828
0.63096
0.60954
0.65013
1.0328
0.98855
1
0.77446
0.97275
1.1614
2.0512
1.3092
2.2594
0.63387
0.66988
0.64417
0.6223
0.61235
0.63387
0.63533
0.61376
0.64565
0.7145
0.61802
0.63387
0.60674
0.66222
0.61518
0.63973
0.63533
0.65163
0.63826
0.59156
0.60256
0.67608
0.61094
0.62951
0.77446
0.86099
1.219
0.8356
0.93325
0.64269
0.68549
0.7379
0.79616
0.99541
0.62517
1.0351
1.9187
0.63387
0.5902
0.62661
0.61802
0.63533
0.60814
0.65013
0.6166
0.66527
0.60534
0.60814
0.62951
0.64714
0.65766
0.62661
0.66374
0.62517
0.62087
0.67764
0.62661
0.6223
0.63096
0.61518
0.62806
0.63241
0.77804
0.69183
0.70307
0.64863
0.74989
0.72111
0.96605
1.6032
0.69183
0.59156
1.0864
0.65766
0.68707
0.6223
0.64863
0.60256
0.65163
0.5902
0.63387
0.6166
0.6368
0.63533
0.65917
0.64565
0.62951
0.62087
0.6368
1.052
0.66069
0.65013
0.63973
0.66374
0.63533
0.6166
0.65917
0.64863
0.68549
0.65313
0.65766
0.64417
0.65464
0.60674
0.67143
0.61376
0.76736
0.60674
0.66988
0.64565
0.62661
0.63096
0.6166
0.61944
0.60814
0.66527
0.61235
0.62087
0.62951
0.59979
0.64269
0.62087
0.65917
0.61376
0.60117
0.63533
0.59979
0.61235
0.63096
0.64565
0.62951
0.61094
0.60256
0.59566
0.62951
0.62373
0.60954
1.2474
0.63096
0.6223
0.77625
0.65013
0.7709
1.2023
1.1117
1.0889
0.78705
0.88716
2.8708
0.68077
2.2699
0.62661
0.61235
0.64121
0.62951
0.64269
0.63826
0.61944
0.59841
0.63241
0.62517
0.62806
0.61944
0.60117
0.63096
0.68865
0.69183
0.60954
0.70795
0.64565
0.64565
0.63241
0.64565
0.62951
0.63096
0.61944
0.64714
0.60954
0.60814
0.61235
0.64714
0.61802
0.60534
0.62373
0.61376
0.63533
0.62951
0.63826
0.61944
0.66681
0.62517
0.63387
0.61235
0.65313
0.61944
0.61802
0.62087
1.1324
0.6166
0.63973
0.62517
0.62373
0.65013
0.62517
0.61094
0.63096
0.61376
0.61802
0.61094
0.62806
0.62087
0.61235
0.69183
0.63533
0.63826
0.65013
0.66527
0.64121
0.59841
0.63533
0.63241
0.61518
0.61094
0.64565
0.62517
0.70958
0.60674
0.65013
0.62951
0.66681
0.87902
0.63973
0.6792
0.66681
0.68707
0.70795
0.65615
0.61235
0.65917
0.62087
0.60814
0.64417
0.62661
0.65313
0.62373
0.65917
0.62951
0.64121
0.62661
0.64565
0.68391
0.64417
0.62087
0.62087
0.67298
0.62517
0.61094
0.68077
0.6223
0.6166
0.62661
1.2274
0.82794
0.7925
1.135
2.3014
1.4622
0.70469
0.9247
0.73114
1.9187
2.6062
1.9055
1.2853
0.85114
0.77446
0.75162
0.7379
2.0701
0.62087
1.0593
0.67143
0.61518
1.2106
0.97499
0.6223
0.64269
0.60954
0.64121
0.63096
0.62517
0.60954
0.63973
0.62087
0.6223
0.64417
0.63241
0.67608
0.62806
0.60674
0.66988
0.67453
0.63241
0.65917
0.6792
0.63387
0.74473
0.68391
0.65313
0.6368
0.62373
0.61944
0.63387
0.62661
0.60534
0.60534
0.62087
0.59156
1.6106
0.66069
0.6223
0.64565
0.6368
0.60117
0.62661
0.62661
0.65464
0.59156
0.64714
0.61235
0.62806
0.63826
0.60256
0.61944
0.63096
0.67764
2.2336
0.87902
3.8019
14.655
10.74
13.804
7.3282
0.74817
13.836
8.7297
14.421
18.113
9.9083
9.506
0.80353
8.2414
16.943
17.298
20.091
16.293
15.031
19.454
16.482
20.701
13.243
19.143
18.408
13.428
0.97724
6.8234
16.218
21.528
18.75
24.434
26.73
13.428
21.928
19.999
23.121
21.627
24.66
21.577
20.324
11.641
20.324
19.187
15.849
19.724
23.659
23.227
22.961
22.08
17.219
20.941
1.39
9.3972
18.923
22.961
21.827
23.442
21.528
20.23
2.9923
17.579
25.942
24.21
21.777
23.174
20.893
19.724
21.478
21.429
15.56
24.717
21.429
22.751
24.66
18.365
17.179
21.979
19.999
22.08
21.577
17.338
8.3753
0.6223
0.65917
3.0549
14.191
0.62806
4.6989
19.409
19.454
23.823
21.677
1.2417
2.6853
25.645
3.8282
0.65917
2.3768
15.56
15.488
21.38
20.37
22.699
19.724
22.909
13.062
13.305
15.959
14.06
14.223
19.588
23.823
23.823
18.281
25.586
22.182
20.797
0.74645
12.882
18.03
17.989
21.577
24.717
18.836
15.668
12.134
9.528
19.815
20.701
22.491
12.445
22.646
21.086
19.999
17.539
22.08
23.067
23.335
23.714
17.061
26.546
23.605
17.742
22.336
4.217
15.488
14.421
0.92897
1.2589
2.5119
0.62087
1.2246
0.78163
2.2491
4.4157
14.723
22.491
26.977
22.336
22.387
16.672
1.0814
5.2845
0.61802
16.749
20.37
23.878
20.23
20.941
21.135
23.442
15.596
18.03
8.7297
12.677
19.588
22.131
25.351
20.893
14.488
13.9
21.577
24.547
21.677
23.605
23.335
14.488
11.041
1.762
0.86497
1.0257
1.0162
1.099
1.6634
1.2912
1.803
5.9841
13.092
19.953
2.5177
2.8119
17.865
25.235
22.646
28.379
23.878
23.335
20.941
18.113
5.6885
1.0351
5.9704
3.4995
18.923
8.5901
1.8967
19.409
25.823
21.478
22.909
23.335
24.717
3.8371
20.23
22.336
15.74
26.915
24.044
20.701
1.2162
0.68077
10
0.62806
0.61376
1.3152
0.7379
10.375
0.61944
1.1803
1.2677
0.63096
0.62806
1.4997
1.0093
3.013
0.63241
4.0087
0.62373
4.3251
1.3152
1.9011
0.87498
1.1995
0.90573
0.74989
0.93325
1.2078
1.094
1.3032
1.1429
1.4894
0.63387
0.66834
0.86896
0.64417
0.66374
0.64565
0.68549
0.62951
0.64863
1.0914
0.60256
0.60674
0.63973
1.2303
0.60814
0.61094
0.63973
0.6166
0.6368
1.1641
0.61802
0.64714
0.60395
0.61094
0.67608
0.63533
0.63387
0.64863
0.67453
0.63387
0.64121
0.63387
0.63973
0.66222
0.88716
0.65766
0.6223
0.68707
0.64565
0.66527
0.65013
0.66681
0.69343
0.66069
0.70307
0.67453
0.65917
0.74817
1.932
0.60954
0.64269
0.64714
0.67298
0.65163
0.60117
0.60954
0.63096
0.61802
0.65766
0.6223
0.60395
0.61802
0.60256
0.64269
1.2735
0.63096
0.63096
0.66988
0.59156
0.62517
0.65766
0.6166
0.62661
0.64565
0.62517
0.62806
1.0046
0.64714
0.61518
0.84333
0.66681
1.3062
0.63533
0.6368
0.67764
0.60256
0.60954
0.66222
0.62087
0.62517
0.62661
0.60395
0.61518
0.66222
0.64863
0.62951
0.62951
2.7353
0.60674
0.65313
0.64417
0.64565
0.67143
0.68391
0.63241
0.66069
0.62951
0.62661
0.61802
0.62806
10.28
2.5177
0.67764
13.677
18.365
21.827
19.454
22.961
8.1096
0.61944
0.60814
0.6166
0.6368
3.5318
0.6166
0.65615
0.67608
0.62087
0.6792
0.62806
0.66374
0.64565
0.65313
0.63533
5.7148
1.8113
0.65313
0.68391
0.68549
0.66374
0.63826
0.66527
0.60256
0.62806
0.64714
2.0845
0.61944
0.64417
0.65163
0.65013
0.64863
0.63826
0.64714
0.66222
0.68549
5.7412
18.88
21.528
22.699
21.184
9.3111
0.86099
0.94406
1.2972
1.122
6.6374
5.9979
0.65163
0.63241
2.8119
0.66069
9.0782
16.331
14.622
19.32
14.655
13.521
11.066
13.305
18.967
19.634
22.336
16.672
8.9125
1.932
3.8459
0.76913
0.92683
1.0209
5.4325
16.558
0.62951
0.62661
0.64863
0.86099
13.836
21.979
20.749
19.953
23.014
24.831
19.724
19.953
22.284
21.33
15.453
13.964
17.783
18.707
18.155
0.93325
0.71614
15.812
0.62661
0.6368
0.63533
0.64121
0.62661
13.677
19.815
15.205
0.61094
0.87096
1.4028
2.2439
1.2531
3.2063
13.772
0.66834
0.63826
0.64863
0.73621
0.61094
0.67764
1.1561
0.64863
0.64863
0.61376
0.6166
0.66069
0.5902
0.66222
0.62951
3.6058
0.65917
0.63387
0.70958
0.61802
0.61235
0.64269
0.64863
1.0233
0.79983
0.88512
1.3677
1.5346
0.77983
1.5488
1.094
1.4757
0.65313
0.71285
1.1668
2.3335
0.62517
0.62951
0.62806
0.59566
0.61518
0.65615
0.63826
0.79799
0.62951
0.61376
0.61944
0.63241
0.6368
0.69663
0.66834
0.6166
0.65615
0.6166
0.69502
0.64417
0.8892
0.62373
0.62517
0.61518
0.65163
0.59429
0.58749
0.64417
5.3951
9.977
0.6223
0.6223
0.62951
0.62087
1.5453
0.85507
0.76384
0.89125
1.5346
1.4555
1.5205
2.9992
1.1912
1.2445
1.4757
1.766
0.73114
0.71945
0.8147
0.71779
0.67764
1.0965
0.79983
0.63973
3.4674
0.60814
0.70795
0.61518
0.60674
0.61518
0.64565
0.64121
4.8529
7.9983
14.894
17.62
15.031
17.1
24.378
19.498
18.923
15.596
8.2414
0.62661
0.61802
0.62661
0.64565
4.8084
0.59566
0.66527
0.64417
0.60954
0.63387
0.61944
0.62373
5.1286
17.378
21.429
22.856
25.586
19.409
15.382
8.6099
17.219
10.914
0.64714
1.2853
0.62373
0.65013
0.67453
13.964
14.757
21.777
21.478
18.664
12.19
14.355
23.067
19.724
0.66374
0.64565
0.63533
1.4093
2.6363
0.64714
1.7783
2.1827
10.94
19.055
20.37
19.055
20.091
15.346
17.1
12.134
8.9536
0.76033
0.9506
13.9
13.183
20.324
12.274
12.134
15.524
22.699
19.953
21.232
20.654
16.482
15.922
0.6368
0.64269
0.68234
0.64121
0.63241
0.97724
12.794
3.7844
4.5604
3.1189
0.63241
9.9312
18.03
21.038
19.409
3.8726
3.3884
10.209
17.338
16.368
7.4473
0.87498
0.7925
0.75336
2.9512
4.7753
0.6368
0.64269
0.62517
0.64565
0.66988
0.59979
0.61235
0.60814
0.63096
0.62806
0.65766
0.76033
0.67143
3.2509
0.8091
1.0351
1.2794
1.652
2.8054
1.7947
1.1482
1.1117
5.4576
0.91833
1.6293
1.4655
1.7061
3.1477
3.8726
1.8113
2.851
16.293
19.364
19.999
24.21
22.803
18.072
22.699
20.845
18.664
19.055
20.749
13.397
18.578
19.634
20.559
12.647
9.6383
15.524
0.64269
0.64714
0.65163
0.64565
12.445
19.588
21.827
22.491
20.606
19.143
16.406
0.68549
3.4754
7.9433
0.62517
1.4655
0.63096
2.7733
6.8707
0.66834
0.62373
0.68077
2.8184
0.63387
0.64863
0.61802
0.61094
0.61518
0.61235
7.0469
16.106
1.0715
0.67453
0.64417
0.59704
0.62806
0.66069
0.60674
0.62661
0.67764
0.65464
0.6166
0.61235
0.62951
0.66069
0.66527
13.614
19.588
20.941
16.52
23.714
0.83753
0.81283
2.037
5.2602
12.618
3.8726
0.61518
0.62951
0.65766
0.64269
0.6368
4.3053
15.311
6.5615
0.6223
0.62373
0.6166
0.68234
0.64714
0.61235
3.2211
0.6223
0.67453
0.65917
0.62373
0.68077
0.68077
0.70958
0.61944
0.62517
0.64565
4.0644
0.61518
0.64714
0.85507
0.63096
0.88308
14.791
21.928
20.417
9.9083
5.445
8.9536
9.506
3.6983
4.7973
4.6026
0.60814
0.65766
0.62806
0.66069
0.68234
0.65917
0.62806
0.61376
0.66988
0.64121
0.63387
0.63096
0.98401
0.69183
0.59979
0.64121
16.52
17.66
5.5463
13.459
0.60814
0.65313
0.65013
0.63973
0.63096
0.63387
0.63241
0.61802
0.66527
0.60534
0.62806
0.66527
0.68077
0.6368
0.6166
0.62661
12.474
0.95719
1.5959
4.6132
1.7258
21.478
12.942
0.86099
0.68234
0.81658
0.72946
5.4075
3.062
1.2162
0.62806
0.63826
0.65917
0.63973
0.60954
0.66988
0.66222
0.68391
4.4668
11.967
24.604
18.793
19.999
20.091
21.827
2.1184
14.588
18.113
16.482
5.0119
2.2387
13.366
4.5604
0.62517
0.61518
0.63387
0.61802
0.65313
8.4918
0.66834
0.61235
0.62087
0.64121
0.62806
0.60954
15.382
20.941
20.749
21.184
18.365
21.627
0.90573
2.8314
0.64714
14.256
12.218
4.0926
0.61944
0.62373
0.62373
1.4757
0.64565
0.64121
3.1842
0.65615
0.63387
0.64565
14.191
16.52
6.9502
0.6166
0.76384
1.9543
2.904
0.66222
2.4491
0.62373
0.62373
0.6223
4.2855
0.64714
1.0889
16.558
21.429
18.664
20.417
22.029
21.232
21.827
15.066
1.3996
2.1928
1.1912
16.558
11.695
10.257
18.03
2.8708
4.1783
1.932
0.61518
0.61094
0.60117
0.61944
2.133
0.64714
0.65615
0.64269
8.9331
0.67143
0.71614
0.64269
14.388
21.878
19.055
18.365
17.66
21.979
17.783
1.1429
5.9704
0.82224
0.70795
0.69823
0.69823
5.1642
9.0157
11.041
9.7949
0.61802
0.63241
0.62087
0.68234
18.664
21.135
21.184
22.08
23.768
21.979
13.305
15.241
0.62951
11.535
2.7416
13.677
21.086
23.496
22.491
18.408
5.2481
7.925
0.63533
0.62661
0.64714
2.0749
0.68549
17.418
20.845
20.091
21.086
21.135
22.542
6.7143
0.91201
10.94
7.9799
18.408
17.824
20.797
24.66
14.454
15.453
0.6223
0.63533
1.9543
0.67143
16.558
21.184
22.803
18.967
9.2683
22.387
19.099
20.464
18.578
16.866
14.689
13.709
16.444
17.022
18.197
19.143
0.61235
0.65163
12.359
16.444
3.9264
10.328
21.478
19.679
22.856
20.559
1.4388
12.531
14.125
14.928
2.5527
0.66527
2.355
1.2735
17.258
17.298
19.679
1.8281
13.804
17.783
19.999
9.1622
9.6605
0.63387
0.65464
3.9719
15.171
6.9823
0.96161
1.094
1.1092
1.0965
0.70632
8.77
18.535
19.187
23.659
21.777
17.378
6.6069
4.8417
16.788
24.322
9.2897
20.137
19.187
21.184
18.493
11.749
1.0116
6.6681
9.8401
6.6834
1.8197
4.0087
16.827
0.62087
0.68865
22.491
23.768
23.281
22.233
19.815
15.959
18.836
11.376
20.893
23.714
21.429
20.606
12.677
0.66069
0.64863
13.932
17.989
22.233
23.659
21.281
21.184
17.418
17.498
3.6983
6.0117
19.77
0.65163
22.182
12.972
15.488
22.803
22.029
19.454
19.543
21.038
4.3251
9.6828
6.9343
13.772
13.836
19.907
19.634
18.664
23.174
8.4918
19.498
16.444
19.815
22.961
18.923
21.33
18.155
5.0234
2.1528
26.853
18.535
17.539
1.0093
13.614
14.223
18.072
20.941
22.336
14.454
19.409
22.491
19.055
22.856
19.187
22.646
11.588
17.783
19.275
18.197
20.941
15.524
22.08
10.715
24.717
18.197
9.8628
17.579
20.277
15.241
21.135
13.804
21.979
29.648
26.182
26.182
27.479
28.907
26.915
23.174
26.242
28.774
28.973
27.227
25.351
23.55
21.38
19.679
28.054
