1.1015
1.3964
2.9107
1.3366
1.6293
1.5205
1.3521
14.355
16.866
0.83946
0.82035
0.80538
1.4125
8.091
3.2509
12.706
12.882
11.194
11.169
0.82604
0.82035
0.84723
1.0023
1.0046
0.88308
16.293
17.742
13.836
0.8356
0.85901
0.82035
0.76736
0.7656
1.205
0.74302
0.91411
0.70469
0.80538
0.75509
0.76913
0.92683
0.7925
0.74302
0.77804
1.8707
0.83176
0.75683
0.76384
0.9247
0.70958
2.8249
0.87297
1.0789
0.81283
1.4791
0.94189
1.1912
1.1376
11.194
1.1298
1.099
0.89743
1.3397
0.82985
1.4588
1.1092
1.0093
1.0186
1.2134
1.2972
1.205
0.77804
0.90365
1.3122
0.95499
1.8967
0.73282
0.74645
17.539
14.223
15.346
0.92257
13.366
15.417
6.8391
4.9545
0.95719
0.85901
0.87297
3.5645
0.97724
0.87297
0.75509
1.8155
1.1668
0.86896
13.183
15.524
15.524
15.668
0.79983
1.0641
1.1508
0.82035
11.83
13.646
0.84723
11.482
14.859
11.35
3.6308
14.791
10.789
13.152
12.388
13.583
0.87902
0.74473
4.0087
0.85114
0.90365
0.72946
1.8365
3.8905
0.7656
0.87902
0.6792
0.73114
6.3241
15.311
15.382
0.81846
6.2951
15.812
12.912
1.074
0.85704
0.76913
0.8147
0.79616
5.9841
0.92045
1.0864
1.8967
0.8892
0.72611
0.80724
2.0989
3.6559
6.8077
14.689
12.218
4.4157
0.78886
0.79068
12.677
14.825
16.672
14.028
12.05
1.2618
0.82794
0.74302
7.7446
13.709
15.136
9.7051
14.622
0.89743
6.0954
1.074
0.82794
1.0116
1.0209
1.1429
14.791
3.7068
15.346
16.144
14.622
1.71
0.85901
0.81658
0.90365
0.85114
5.6364
10.375
0.84918
1.4223
1.1066
2.5704
1.5346
0.98628
1.099
0.74473
0.89743
0.90782
1.1749
1.2823
1.8072
1.8281
1.0046
0.90157
4.3152
15.136
12.912
12.531
0.78886
3.4119
13.062
11.641
0.75683
14.158
15.453
10.889
0.77983
0.90157
0.86896
8.8308
13.996
13.335
0.75509
4.7098
7.3451
11.22
13.772
13.868
1.932
0.7925
0.80168
6.7298
14.488
14.757
0.8091
0.77983
0.76033
0.74989
0.78163
0.71945
0.73451
0.7709
0.82224
0.72946
0.77625
0.77625
0.73961
0.74817
0.78705
0.76736
0.78163
0.72778
0.70795
0.75336
0.74645
0.9247
0.82604
0.76384
0.79068
0.70469
0.7379
0.74473
0.75683
0.76208
0.7145
1.9679
0.82985
0.8995
1.0186
1.9815
3.4041
0.81283
1.0023
1.1722
1.0351
1.5031
1.0593
14.928
13.804
13.709
14.997
17.66
10.351
0.85114
0.78886
3.3497
7.2111
1.2677
1.2303
1.1169
3.8637
1.3002
4.9545
1.0116
3.5156
1.6218
0.93541
10.28
14.256
15.311
12.942
15.453
14.588
11.695
8.6099
14.191
15.171
12.794
16.558
14.191
0.80168
8.6497
1.219
5.6234
1.7179
0.94189
0.90991
11.885
17.66
14.06
13.459
14.521
14.223
13.804
13.74
15.631
15.56
13.062
14.555
1.7061
15.171
6.792
1.9861
1.074
1.0447
0.8995
10.52
12.56
0.95499
1.7783
0.75858
0.78705
0.72778
0.70146
0.73114
0.76384
0.72611
0.74302
0.73961
0.67608
0.69183
0.76033
0.72277
0.70469
0.72611
0.72277
0.75162
1.0162
2.2131
0.7656
0.74817
1.9679
0.76033
0.87096
1.1246
0.81283
2.4547
3.8548
0.95499
1.0233
1.074
0.79433
11.041
11.641
14.894
13.772
11.695
9.7724
17.579
6.166
16.144
14.791
13.9
17.14
14.859
0.80724
0.76384
16.904
13.932
13.677
0.75162
0.93756
0.76736
1.0139
0.73961
0.73451
0.79983
2.7797
8.531
1.8113
1.1143
1.2359
0.84528
1.1614
8.414
12.134
15.812
14.689
10.046
11.722
12.106
2.6182
0.71779
0.72444
0.8147
0.81658
0.78163
0.78524
6.6222
5.4075
5.4954
10.139
13.243
14.093
14.555
1.3335
14.894
12.445
0.82794
14.521
0.94189
6.0954
14.655
12.023
8.7498
14.256
13.996
16.106
16.255
9.9312
12.05
14.191
3.3497
0.97275
5.4954
2.0324
0.93756
0.82414
0.76736
0.70469
1.9634
0.75162
0.92045
1.4757
2.5882
1.3213
1.2078
9.0991
17.498
12.134
13.996
14.421
14.355
10.789
11.967
10.139
2.3014
1.0209
0.73451
0.77983
3.5563
10.069
8.091
0.72444
0.74302
10.666
11.561
3.2961
7.1121
13.964
10.789
13.183
14.962
12.942
6.6681
6.8549
2.5119
0.7379
0.92897
2.6303
0.7925
1.0046
1.0814
0.87297
0.9977
1.3092
1.2589
1.2474
1.2589
1.4655
4.1115
1.3213
6.9984
9.8855
14.655
14.322
14.894
16.406
1.1722
5.3827
13.428
11.561
2.7925
0.76913
2.3714
1.8072
0.78163
0.79983
0.78886
0.8356
0.9528
0.73961
0.82985
0.84723
0.7379
0.71121
0.77446
0.78524
0.76384
1.3002
5.902
1.0233
0.79983
0.7145
0.85114
8.4528
14.125
0.82604
9.0157
14.158
13.366
14.488
8.5901
12.19
9.1201
11.272
11.535
10.839
10.568
0.79799
1.0186
2.8314
0.76736
0.84918
0.72946
0.85901
0.78886
1.2589
0.77804
0.79433
0.73621
0.81096
0.72778
1.2218
1.028
0.7925
0.70469
0.74302
0.89536
0.74989
1.6444
0.69183
0.78343
0.71121
3.5892
9.7275
13.243
13.397
12.474
14.723
15.922
12.764
11.858
14.757
15.704
13.305
12.388
12.764
15.382
9.0782
10.023
10.257
13.274
3.4041
0.72444
0.877
0.74645
0.8147
1.0889
0.78343
2.6853
0.80538
0.89536
0.82985
0.77804
0.82604
0.81283
0.81658
0.7709
0.78163
0.83946
0.84723
2.3067
0.70958
0.82794
0.70146
3.5892
5.9566
2.355
1.256
0.75509
3.7325
9.0782
11.066
9.6161
12.274
11.376
13.836
11.22
13.122
14.859
13.243
10.093
3.7325
0.81658
3.3574
13.213
11.995
13.122
11.246
13.243
7.9616
13.274
13.305
14.825
13.964
12.823
12.677
14.997
9.6383
12.618
13.428
8.4918
17.338
10.914
13.032
11.298
0.82604
0.88716
2.7102
1.0814
0.75509
1.0257
0.80168
3.1189
0.8147
6.8077
3.155
0.7656
1.3366
11.169
3.7757
13.804
13.152
15.668
12.882
10.99
3.4514
0.87498
0.82035
0.84333
0.74473
0.81096
0.85114
3.4198
8.0538
11.117
13.964
8.77
8.2794
16.331
14.06
14.689
13.709
12.56
0.77446
1.0375
3.0549
9.8401
6.1376
4.7863
0.99083
1.0209
1.1722
0.94842
1.875
1.5136
1.4488
0.8995
1.7219
0.68234
2.2387
11.83
12.618
14.158
12.503
13.709
12.706
15.812
11.298
13.397
1.1641
9.5499
15.311
13.709
13.521
14.555
13.836
13.062
13.74
1.39
0.89743
0.77268
0.77983
1.6255
1.1776
0.73621
1.122
12.162
1.4894
0.69984
0.71285
4.4259
1.1194
9.9541
12.474
15.276
14.289
13.552
13.868
4.3853
5.7677
12.764
15.996
11.995
11.066
13.996
5.6754
3.5156
11.143
15.56
12.677
11.885
7.709
0.75162
0.76384
0.78163
0.8091
0.69183
0.80538
0.76913
0.81846
0.78343
2.9174
4.0644
1.0789
1.1041
1.1482
0.73961
0.73621
1.2503
5.358
1.8239
0.86099
1.0889
1.4158
2.2594
1.1482
0.7145
8.531
15.346
14.588
12.274
12.531
11.455
11.246
12.531
10.864
0.89331
0.79433
8.147
13.521
12.474
12.677
12.735
20.277
12.05
14.355
12.134
3.4995
1.1143
4.5499
0.69343
6.0674
1.3428
6.4417
13.552
13.772
13.996
12.445
10.209
15.959
0.78163
0.82414
0.83176
0.74302
0.74302
0.74473
0.74473
0.72277
0.83946
0.71945
0.82035
0.74473
0.76913
0.83946
0.77625
0.73451
0.82035
0.79616
1.3646
0.68077
0.9247
0.72111
1.714
0.80724
0.73961
4.3752
0.79983
0.74645
1.4588
0.72946
1.9364
0.9247
0.69343
0.72611
0.74473
0.72778
0.78343
0.79799
0.67453
0.72111
0.72277
0.7709
0.67764
0.78886
4.7424
0.87902
1.1015
2.3281
1.094
0.87096
1.1561
3.9811
8.7498
6.1518
14.555
11.117
9.0365
12.445
13.836
11.117
13.459
8.091
9.3111
0.74989
0.74817
0.70632
0.8892
0.69502
0.73961
0.73961
0.72111
0.71285
0.79068
0.77804
0.72611
0.74473
2.0277
3.8637
0.80724
1.0839
0.69502
1.4928
1.7742
6.8391
12.19
11.402
12.531
13.335
15.849
16.788
14.962
9.8175
4.6345
12.942
14.223
13.772
11.995
11.776
6.5313
8.1283
12.972
10.789
10.399
11.803
12.503
12.972
13.996
0.94842
0.79983
0.8091
0.82035
0.73114
3.8994
15.101
12.417
13.122
11.429
2.2803
11.272
11.376
12.078
13.552
4.0272
0.70469
7.9799
11.35
11.092
11.722
14.158
14.256
12.023
16.444
9.9083
11.482
0.86497
1.0209
0.74989
1.3932
9.3756
12.912
13.996
12.417
3.3651
0.88716
0.82985
0.81283
0.71285
5.6364
0.96383
0.77446
0.93325
0.77804
0.73621
0.72444
0.76913
0.7925
0.78163
0.70146
3.1189
0.70958
0.72111
0.66222
0.74131
0.74817
0.69663
0.72611
3.4594
0.76913
4.9659
13.9
18.365
12.647
10.233
15.417
15.812
16.711
12.331
10.023
5.2
11.912
13.614
1.8323
11.429
11.912
0.89536
0.8091
0.83368
5.0234
6.6834
14.791
12.417
11.402
11.508
15.417
12.417
11.885
11.912
14.588
2.8054
2.5235
12.134
10.568
12.388
10.715
10.765
12.303
0.82224
0.86896
0.84918
0.9247
0.7925
0.81096
0.80724
0.82794
0.8356
0.73961
0.84918
0.77268
0.80538
0.80724
0.69183
2.7733
1.7865
0.86696
1.0471
0.96828
2.3605
0.98401
0.79068
0.77804
0.72444
0.75858
0.74473
0.73282
0.77268
0.81658
0.75336
0.94189
2.5645
0.73114
0.69823
1.5101
0.70307
0.72946
0.7145
0.82985
0.84333
0.8995
0.93756
0.88308
0.84528
0.9977
0.93972
0.88308
0.90782
0.84918
0.94189
1.135
1.0257
1.2912
1.2445
1.1722
1.6711
0.89125
0.73114
0.69024
0.69183
0.98855
0.73621
0.70146
0.82224
0.72946
0.75162
0.95499
0.69823
0.69663
0.67143
0.77804
0.68391
0.8356
0.71614
0.73451
0.7925
0.74817
0.76384
0.78343
0.78524
0.68391
0.72277
0.76384
0.74131
0.7145
0.70307
0.8147
0.74302
0.72946
0.83176
0.72111
0.82604
0.66222
0.68707
0.72444
0.66681
0.84528
0.79433
0.79433
0.80353
0.72444
0.70307
0.72444
0.71285
0.67453
0.87096
0.74131
0.76384
0.92257
0.71121
0.7145
0.83176
0.68077
0.66988
0.67608
0.81283
0.74131
0.75336
0.69502
0.69823
0.71779
0.71285
0.71285
0.92045
0.69024
0.79983
0.6792
0.69823
0.79068
0.70958
0.72111
0.73961
0.71945
0.71945
0.70307
0.77625
0.65917
0.67453
0.73282
0.70795
0.877
0.93111
0.69823
0.69823
0.69024
0.69183
0.72444
1.0328
0.69343
0.70632
0.72111
0.71285
0.90782
0.70307
0.77625
0.70146
0.69024
0.71614
0.69984
0.73282
0.69183
0.86696
1.0495
0.72778
0.74131
0.73961
0.79799
0.77983
0.98628
1.1776
0.74302
0.69984
2.0559
1.6106
1.4555
0.84918
1.1066
0.92897
1.0257
0.82035
1.0789
1.1588
1.2246
1.135
1.7378
1.1092
1.1324
2.2961
1.0593
0.87096
1.1041
1.205
1.3583
1.5205
1.1482
1.3677
7.4131
11.722
14.997
13.49
12.246
10.447
13.583
14.723
10.691
6.1376
11.695
10.74
8.4333
11.695
12.882
13.932
10.715
10.617
11.482
0.79433
7.2111
10.544
11.535
12.05
13.274
10.28
11.614
8.5114
5.236
2.8973
3.7844
8.9331
11.22
14.791
16.144
12.503
7.7983
1.1535
1.0209
4.1115
14.158
12.972
11.722
13.9
12.445
11.194
7.5683
1.0814
0.877
0.76033
0.82224
0.76384
4.7753
1.028
0.76736
0.8356
1.406
0.95719
6.9984
9.6161
13.366
14.622
12.417
11.858
0.9247
4.3853
8.9536
4.3251
12.972
13.092
12.19
11.749
16.181
0.89536
10.28
10.139
11.143
9.0157
9.8855
10
0.89743
3.5975
10.423
11.641
12.618
11.858
15.136
11.588
12.246
10.789
0.8147
1.1246
0.79799
1.2647
0.79799
0.77983
2.0893
1.4588
4.102
1.0139
0.69502
2.3174
5.9979
12.735
8.3753
12.618
13.614
10.593
13.032
10.593
2.673
3.0269
0.81846
0.83368
0.86497
1.0544
3.9084
11.092
12.218
12.503
13.521
13.964
13.092
13.213
11.695
9.7949
0.74817
2.9242
0.9977
5.8345
9.7724
14.158
12.417
12.218
14.622
7.1779
16.634
10.447
12.972
2.8249
8.8105
11.092
1.7865
0.82224
0.80724
0.76736
2.851
8.5507
11.588
11.858
0.84333
0.7709
0.76913
0.83368
0.77983
0.8356
0.74473
0.74817
0.75336
0.76913
0.73961
0.87902
0.67298
2.0045
0.7656
0.8147
0.69502
0.71614
0.66988
2.4044
0.76736
0.74645
0.69502
0.72444
0.71945
0.72611
0.73114
0.75162
0.7379
0.76208
0.75858
0.79799
0.78163
0.74989
0.74131
0.6792
0.91201
0.8091
0.90991
0.85507
2.8774
0.82035
0.73451
0.72946
1.4962
0.73451
0.74645
0.74131
0.97275
1.2162
1.2735
1.2445
5.7544
0.77983
1.2359
0.7656
0.7379
0.90573
1.0617
0.70958
0.70958
0.84723
1.5488
1.4521
0.71121
0.66069
0.70795
1.8323
1.9679
2.7227
0.93325
1.028
0.87902
0.92683
1.3122
1.2106
1.0715
1.0814
1.135
0.9506
1.074
0.79983
0.86696
0.8091
1.4388
0.75162
0.70958
0.77446
0.68707
3.6058
15.241
13.9
13.836
11.066
13.335
12.474
12.388
4.7643
9.6161
11.169
12.078
3.0339
10.375
2.2336
5.6364
11.143
11.776
11.83
10.233
13.868
12.388
16.293
13.804
11.143
13.521
14.555
15.101
14.223
14.859
13.062
10.233
15.136
10.471
13.677
12.474
2.4378
3.2734
11.614
11.429
0.77446
0.83753
3.581
7.5683
0.78343
1.0593
0.73282
0.86896
0.8414
0.76913
0.7925
1.1535
0.80353
0.75509
0.82985
1.256
1.4962
12.474
12.677
13.428
11.995
10.399
12.531
11.246
0.78524
2.8119
9.6605
13.583
12.706
12.618
3.3266
0.69343
11.749
4.0179
5.358
5.9429
3.9811
15.704
1.8281
9.7949
1.1482
1.2162
1.2162
1.0889
0.78343
1.1298
1.6032
1.074
0.70958
2.3496
5.3456
1.8578
1.1995
0.9247
0.89536
1.6558
2.9854
0.69183
0.74817
0.67608
0.68077
1.0765
0.72111
0.71779
0.69343
0.70958
0.66681
0.68865
0.66222
0.72111
0.70469
0.75683
0.77446
0.74989
0.98175
0.74645
0.69663
1.4521
0.70146
0.73451
0.67608
0.69502
0.68865
0.66222
0.66988
0.68707
0.6792
0.72778
1.0495
0.69984
0.68865
0.70469
0.72778
0.76384
1.0069
1.3062
1.2706
0.85114
1.4825
0.78524
0.80538
0.8356
0.77446
1.094
1.0889
1.1641
1.0209
1.4622
1.2078
1.1092
1.3772
1.4622
1.1885
1.256
1.2531
1.3335
1.3152
4.8084
1.5453
1.1272
4.7534
14.962
11.858
15.996
11.22
10.99
12.388
13.804
0.86896
15.849
13.804
13.614
14.757
14.421
12.388
9.977
11.641
9.9312
13.305
0.86696
1.3335
3.4435
3.2659
9.7499
15.311
17.338
13.459
13.092
16.558
13.062
13.49
11.429
13.305
14.622
1.5668
13.428
15.136
15.776
16.069
13.583
10.715
1.6558
0.96383
2.0137
8.531
1.2589
0.7145
0.76913
0.7656
0.84333
0.7656
1.7458
1.2972
1.0617
3.2659
0.66222
0.68077
10.765
13.002
10.74
15.031
12.19
13.552
4.0644
10.914
2.1135
5.9566
15.417
10.447
12.106
11.066
0.8147
0.7656
0.78524
0.80353
0.8091
1.2589
1.0304
2.8445
12.764
16.749
15.596
12.303
11.94
9.9312
3.9355
14.093
10.447
5.2845
0.77804
11.83
12.331
15.56
11.246
2.2491
9.7724
4.14
1.6144
3.2063
2.0749
1.9011
0.71285
5.8614
0.72444
0.70958
0.70958
0.74817
0.73451
0.76208
0.70469
2.8119
0.92897
0.82224
0.69823
1.2218
0.85507
0.9506
1.052
1.1912
1.2274
0.66527
0.68707
0.7379
0.74302
0.69024
0.76033
0.72444
0.76736
0.73961
0.71945
0.70469
0.67764
0.75509
0.75162
0.79616
0.78705
0.80538
0.73114
0.74817
0.80353
1.2388
1.4757
0.82414
2.2856
0.74131
0.70958
0.70632
0.69663
0.68865
0.77625
0.69343
0.97499
0.68077
0.69823
0.69502
0.70795
0.70146
0.75509
0.77446
0.75162
0.80724
0.70958
0.70632
0.75509
0.74131
0.73451
0.71121
0.74302
0.7379
0.69343
0.84528
0.8147
0.96605
0.70146
0.67764
0.70632
0.78343
0.69183
0.72611
0.72277
0.7379
0.68234
0.78163
0.7379
0.72778
0.71285
0.91201
0.76208
0.70146
0.69183
0.66527
0.71285
0.68391
0.68865
0.69663
0.75336
0.6792
0.71121
0.68707
0.73114
0.68391
0.68707
0.77983
0.70307
0.68707
0.71945
0.73282
0.7145
0.69502
0.70146
0.70469
0.70958
0.74645
0.69984
0.73114
0.6792
0.73621
0.73961
0.71285
0.70958
0.74131
0.70795
0.64863
0.6792
0.69663
0.72611
0.71285
0.94406
1.1455
1.0046
1.0399
1.2388
1.1117
1.0209
1.1885
1.0914
1.0839
1.0423
1.1722
1.2618
1.1722
2.6792
3.2659
10.715
12.274
16.106
14.757
10.162
9.3972
3.2885
0.92683
1.0328
0.92045
0.67453
0.78705
1.8621
1.0814
3.1261
1.0691
1.2531
0.74302
0.73451
0.74817
0.69343
0.877
0.85507
0.78705
1.1092
0.76913
0.70795
0.78524
0.77446
0.78163
0.80168
0.81096
0.70307
0.71779
0.8531
0.78886
0.71121
0.74989
0.68391
0.74302
0.71945
0.7379
0.91622
0.70958
0.69502
0.73114
0.6792
0.89743
0.6792
0.77983
0.68234
0.71121
0.78705
0.73451
0.66834
0.7145
0.78163
0.66834
0.71285
0.68549
0.71614
0.75683
0.70632
0.77804
0.71285
0.71121
0.73961
0.71121
0.68865
0.67608
0.79983
0.72277
0.75858
0.66681
0.82794
0.69984
0.73621
0.69183
0.71945
0.72946
0.76033
0.72611
0.67608
0.67143
0.74645
0.8091
0.70795
0.6792
0.68707
0.7379
0.69984
0.7379
0.69183
0.73451
0.72778
0.72111
0.75336
0.72111
0.73451
0.82035
0.72611
0.75683
0.69984
0.71779
0.77625
0.71945
0.72611
0.8091
0.72277
0.68234
0.76384
0.76033
0.67298
0.77446
0.77625
0.72444
0.68077
0.74989
0.74817
0.72611
0.68234
0.72444
0.76033
0.69502
0.8531
0.72778
0.75858
0.73114
0.69984
0.74645
0.74645
0.70795
0.86896
0.68707
0.70795
0.82985
0.84918
0.85704
0.93972
1.2823
0.73451
0.83753
1.0328
0.76033
1.2106
1.5382
0.72444
0.74473
0.72444
0.87096
0.74302
0.87297
0.7656
0.7379
0.74817
0.94189
0.74989
0.75336
0.77983
0.73282
0.71285
0.86099
0.73114
0.73451
0.72444
0.69183
0.66834
0.92683
0.71779
0.68234
0.73621
0.70469
0.75858
0.80168
0.71614
0.69183
0.69823
0.72946
0.69024
0.69024
0.68077
0.68865
0.75509
0.68707
0.80168
0.72111
0.73282
0.68865
0.66222
0.71945
0.71945
0.72444
0.74131
0.69502
0.72277
0.68391
0.69343
0.70795
0.7145
0.70632
0.7145
0.68865
0.70146
0.69823
0.73282
0.73451
0.68865
0.7145
0.71121
0.80538
0.68865
0.69343
0.73961
0.69343
0.65766
0.69024
0.71285
0.72277
0.67453
0.69502
0.67764
0.66988
0.81283
0.71779
0.7379
0.65766
0.68077
0.67143
0.77268
0.70469
0.76736
0.69024
0.73621
0.68077
1.052
0.82794
0.72111
1.5171
0.73451
0.67764
0.68549
0.7145
0.68865
0.69343
0.74817
0.7145
0.71121
0.68234
0.67608
0.68707
0.95719
0.70307
0.67453
0.68865
0.72611
0.75683
0.74473
0.75162
0.71945
0.76384
0.72778
0.72277
0.72778
0.69343
0.72611
0.78343
0.94842
0.7656
0.69024
0.71121
0.8091
0.74817
0.69024
0.78524
0.73451
0.68549
0.68865
0.64565
0.7145
0.68391
0.68549
0.69183
0.69502
0.69502
0.74302
0.68549
0.67298
0.69663
0.69343
0.68234
1.1402
0.6792
0.66374
0.7379
0.69663
0.64714
0.71945
0.71285
0.70146
0.6792
0.66834
0.71121
0.66527
0.75509
0.74989
0.70469
0.67143
1.4322
0.76736
0.8414
0.94624
0.67298
0.65313
0.72111
0.69984
0.69823
0.72277
0.70469
0.6792
0.74302
0.67608
0.9594
0.77983
0.69663
0.72444
0.67453
0.68707
0.68865
0.68707
0.76208
0.77446
0.70795
0.69183
0.68549
1.0257
0.70632
0.69343
0.70469
0.66222
0.68865
0.71614
0.70632
0.68865
0.69984
0.70307
0.65917
0.877
0.69984
0.69024
0.90782
1.1995
1.2218
0.89125
1.0666
1.0093
1.3122
1.2647
1.2912
1.0495
0.79799
1.3122
1.1776
1.3552
1.0375
2.138
0.96161
0.88512
0.73114
1.2023
0.78705
0.7145
0.66834
0.77983
1.1041
0.96605
0.74989
0.74131
1.1455
0.91622
0.66222
0.71614
0.76033
1.7022
0.69984
0.73961
1.0641
0.66374
0.71285
0.71121
0.7145
0.67764
0.73961
2.037
0.83753
0.72277
8.5507
8.8105
12.359
12.106
8.0538
5.9429
6.6069
1.8072
2.2646
10.544
10.889
10.691
11.83
16.52
11.041
9.8628
0.94624
0.91201
0.72778
9.4842
15.417
11.94
11.272
14.723
14.06
11.722
11.092
10.52
14.588
11.722
12.106
6.8077
6.7608
5.7148
7.5509
0.67608
0.72277
9.4189
12.445
15.205
16.218
10.889
14.825
11.429
11.668
12.764
11.169
0.81096
0.84333
0.78705
0.78524
0.77983
0.75683
0.87902
0.72946
0.76033
0.92683
4.0458
8.3753
1.2388
8.5704
12.618
15.996
12.912
14.256
11.455
6.8234
10.914
11.561
10.641
9.3111
12.735
14.894
11.246
0.87498
0.87498
0.8531
0.82794
0.76913
0.75858
0.74817
0.7656
0.7656
0.70146
0.77268
0.76913
0.69984
0.75683
0.78343
0.72946
0.72946
0.86298
0.72611
1.9498
0.79799
3.1405
3.7154
1.2853
0.68865
0.72444
0.7145
0.67608
1.1614
3.3806
0.75858
0.9977
0.98628
1.3804
1.7947
0.69024
9.9541
19.679
17.947
12.912
15.205
16.788
12.56
12.388
12.218
13.062
13.964
10.162
13.428
14.521
15.922
13.243
17.338
8.5507
2.6363
2.7102
1.4689
17.458
12.359
12.618
11.066
12.078
18.707
14.997
15.74
15.205
11.803
15.776
9.4842
14.028
17.783
16.106
15.668
14.223
11.092
6.9502
12.942
11.803
2.2233
12.823
11.858
13.709
14.355
9.6383
15.311
12.19
12.706
1.2388
9.528
9.4406
12.503
12.618
12.823
0.78705
0.94624
0.85507
0.68391
0.76913
0.77446
0.86298
0.78163
0.72277
2.2909
2.6182
9.9541
0.68865
2.0045
4.5814
2.9174
1.4028
1.9409
1.1912
0.88716
2.0797
4.6452
0.69984
5.188
12.388
13.614
17.258
17.378
10.839
15.453
14.158
17.179
11.668
13.092
10.814
15.524
17.824
11.803
14.158
11.967
12.445
13.428
16.482
10.617
2.851
9.1201
14.421
19.679
12.246
15.346
8.8308
0.86696
0.98401
1.574
0.87297
0.73282
0.69984
1.1402
0.75336
0.79616
1.1324
0.75509
0.7656
0.94406
0.68234
2.6915
0.75509
4.102
2.1928
3.0761
1.2078
0.74302
0.97949
1.0641
8.1846
18.493
16.218
16.788
17.022
11.015
10.069
11.967
9.977
11.803
12.303
18.281
11.561
14.355
12.359
15.668
16.634
14.723
10.691
16.788
11.641
9.5719
6.7764
11.429
11.508
4.6345
11.298
14.223
13.646
14.191
11.588
17.66
15.171
17.906
16.982
1.3646
13.521
11.041
15.56
12.972
13.932
12.078
15.631
5.4576
5.8479
11.995
10.914
8.8512
11.508
11.402
13.152
2.6915
13.868
10.74
0.98401
0.74645
1.8197
2.4717
3.7239
15.417
13.428
16.255
10.789
0.85114
12.106
2.6002
7.4989
1.9143
1.0544
0.75683
0.74473
0.75336
0.75336
5.1761
12.218
12.677
13.868
12.618
7.2277
13.583
13.521
11.117
11.402
10.94
10.544
0.78343
7.1614
10.94
3.0761
5.2119
10.765
2.6062
0.97051
1.5417
1.6482
1.099
1.2794
1.2618
1.2912
0.65464
1.5668
5.9293
10.593
11.455
12.764
12.882
13.183
12.331
10.399
5.7148
6.5615
14.521
15.812
17.824
12.274
16.181
12.764
15.101
13.366
9.9541
2.5704
7.656
9.4624
8.6099
3.3651
10.328
12.647
15.171
12.474
11.402
12.503
14.421
13.932
12.882
16.032
14.488
10.328
16.711
13.152
13.459
13.996
14.588
13.996
11.83
6.5917
1.2218
1.7219
0.76384
1.9724
2.7479
0.95499
1
1.0495
1.0257
1.0423
0.9506
0.93541
0.95499
1.5524
1.2445
1.2706
0.8995
0.74989
0.71945
0.7145
0.89125
0.72946
0.82794
1.2853
0.74131
0.97275
0.83946
0.7379
0.69343
0.69984
0.70307
0.72111
0.71614
0.77446
1.652
11.858
16.788
16.218
17.219
16.788
19.498
14.997
9.5499
12.417
10.568
1.0069
0.79983
3.2063
1.1749
11.535
14.223
16.444
11.376
16.827
12.794
10.233
14.322
12.853
9.6161
0.76033
0.75162
0.877
0.81096
1.099
0.77625
0.75336
0.7379
0.88308
0.8147
0.75509
0.72946
0.76736
0.75683
0.83368
0.76736
0.85114
0.84723
0.77268
0.87297
0.68391
1.7865
0.71285
0.70632
1.7061
0.67608
0.72277
0.69984
0.69343
7.4817
1.5524
1.2972
0.67298
22.439
15.56
13.366
8.3368
8.2035
17.498
12.764
12.706
10.186
9.8628
2.8576
1.9907
0.78886
0.69183
1.1749
0.76208
0.83368
0.75509
0.71945
0.78163
0.86696
0.7379
1.5488
1.1535
0.71614
0.76384
0.76033
0.77625
0.71779
0.74473
0.74473
0.73621
0.73282
0.76033
0.80538
0.72277
0.79433
0.82035
0.77268
0.73621
0.79433
0.71285
0.72778
0.71779
0.80724
0.65313
0.69984
1.052
0.66374
0.88716
0.83753
0.84918
2.0701
0.83946
0.86896
2.8054
0.87902
0.86497
1.6293
0.70632
0.77625
0.68707
0.69024
4.6666
6.4863
0.74302
0.66069
0.67608
0.68391
6.8549
28.379
15.346
10.94
13.836
13.932
16.788
13.868
8.2985
12.503
13.709
10.139
10.328
13.804
14.191
15.776
14.322
15.311
12.023
6.2806
11.455
12.19
15.74
13.243
9.1411
2.7353
8.3176
13.49
14.355
16.106
9.2897
1.2677
0.88105
0.74302
0.95499
0.86298
0.77446
0.76913
2.904
6.4121
6.2661
13.932
19.724
14.622
11.455
10.617
11.117
17.906
12.359
16.558
3.8905
0.75683
1.5311
8.4333
12.388
14.028
12.503
8.5114
10.765
11.967
7.8524
1.8072
1.1695
1.0304
0.82224
0.67608
4.5186
12.05
13.836
10.447
8.6497
1.3964
0.84528
10.544
12.445
12.647
14.028
12.19
12.531
7.709
12.531
14.421
11.194
14.158
18.75
14.859
16.368
10.789
11.995
14.488
9.594
1.2677
9.1622
11.588
11.858
11.482
13.521
17.298
11.066
11.803
13.709
9.7499
0.74131
0.91411
13.74
12.942
9.594
14.388
11.117
8.8716
13.002
6.4714
20.701
15.136
11.455
9.2897
9.528
9.7724
14.791
8.9743
4.7534
0.71285
0.81283
0.7709
1.4158
8.6896
10.209
1.7498
1.2331
1.0351
1.0641
2.2491
4.7534
3.7068
0.74817
6.6834
1.1885
0.74645
8.3176
11.995
13.062
14.256
14.521
13.213
11.995
10.864
12.853
11.066
12.246
5.42
7.4645
11.588
9.247
13.614
9.4406
10.641
9.8175
12.359
11.668
1.6827
1.6558
9.4624
15.56
10.789
15.241
11.482
5.2845
11.482
13.583
12.531
12.19
9.3972
0.72778
12.647
13.305
1.1376
1.0257
1.0328
1.099
1.1015
1.4859
1.0889
0.90991
0.99312
1.0116
0.89743
1.135
1.0304
1.8155
0.70958
1.1041
7.925
11.272
12.303
16.406
11.35
19.275
14.997
14.997
12.359
13.122
10.023
13.709
15.382
17.539
10.116
0.78886
0.98175
3.342
14.093
10.52
12.794
10.691
14.454
10.069
9.3972
13.428
7.1285
14.588
10.965
1.1668
0.79068
1.0914
0.80724
1.0495
3.2659
0.70307
0.8414
0.82035
0.93756
0.92897
1.3243
4.3954
1.9275
12.023
14.521
12.359
10.116
11.117
15.959
7.4473
10.046
11.194
11.015
9.4406
13.122
10.691
5.6364
4.6345
15.382
2.6915
6.1094
1.0209
0.83753
0.7656
0.83368
0.82985
0.77983
6.0256
10.023
12.912
13.74
15.382
9.0573
0.72778
3.013
3.5075
2.6977
2.4547
9.2257
0.93972
0.97275
1.0069
7.5336
11.695
11.298
10.965
10.209
13.366
12.134
14.256
11.169
11.912
12.106
37.068
13.521
11.995
11.35
6.3973
11.94
12.589
13.932
14.454
12.823
6.6681
11.614
12.706
15.668
16.596
11.995
14.791
11.588
10.839
16.711
6.2517
2.3933
12.078
3.2285
9.5499
12.942
13.646
16.711
11.858
10.641
12.388
0.91411
8.8716
11.668
18.836
14.689
10.74
1.4689
1.2078
0.81096
0.82604
0.7656
0.73621
0.76736
2.9717
0.68391
4.5082
5.5847
11.041
13.092
14.158
14.521
15.524
12.823
11.749
14.289
16.368
11.641
3.1623
9.3111
13.274
12.134
12.735
11.272
15.631
13.366
10.715
0.77983
2.8708
4.5499
12.618
10.139
12.417
9.9083
5.0119
0.78163
0.81283
0.75509
3.1696
7.2111
5.8614
10.691
11.143
12.823
12.303
9.8628
12.417
11.722
0.76208
0.8356
0.74302
0.75509
0.70307
0.84723
0.73961
0.79433
0.72111
0.72611
0.76736
0.77625
0.78163
0.7379
0.76033
0.80168
0.73961
0.71779
0.74817
0.8356
0.76736
0.78343
0.74473
0.74817
0.75509
0.70146
0.73282
0.73451
0.72444
0.7379
0.76913
0.69502
0.73451
0.70632
0.93756
0.70958
0.78343
0.7379
0.74473
0.74302
0.74302
0.73961
0.8091
0.75509
0.72277
0.69343
0.8091
0.78163
0.79616
0.8995
2.0184
0.82035
1.3836
5.4828
11.94
11.83
13.74
11.83
11.041
13.213
12.794
10.423
14.825
14.555
13.964
14.655
10.965
13.274
16.331
11.995
11.117
13.335
1.6634
8.5507
1.3335
0.81658
16.634
16.069
10.965
14.928
15.031
10.74
13.836
13.49
14.488
12.19
13.49
13.614
11.376
7.1121
12.303
12.19
0.71285
0.89536
1.0814
4.4055
5.236
1.2388
1.0965
1.5382
1.4191
1.7947
1.3459
1.3122
1.762
1.2764
1.4093
1.3213
1.5812
2.3388
3.1117
1.183
8.6497
12.19
10.617
11.22
6.5464
1.3996
4.0365
6.9663
3.8194
11.22
15.776
12.05
14.223
12.853
14.223
17.179
11.015
13.552
15.959
16.144
10.093
13.646
11.015
10.495
9.0365
11.376
15.776
10.691
18.45
7.3961
7.4817
11.83
1.0257
0.86896
1.9815
0.79433
0.8147
0.71779
0.74817
0.85507
0.81096
0.78163
1.8707
0.7709
0.95499
0.74302
0.82604
0.75509
0.73282
0.77268
1.0447
1.845
0.68077
1.1092
2.4889
0.74302
1.6558
3.8548
9.3325
10.914
12.078
15.136
11.272
11.015
13.9
13.062
4.7206
15.276
12.474
14.488
13.9
13.183
12.162
0.78343
0.74817
1.1967
3.2063
8.531
13.772
14.223
11.749
12.445
12.218
14.06
11.298
8.7902
2.2909
7.925
12.303
11.967
3.6644
0.93541
1.135
8.9125
10.375
11.641
21.086
11.967
13.305
10.74
10.495
5.224
1.2274
0.72277
4.0832
9.9312
13.614
13.428
14.859
12.474
12.246
9.7724
9.3541
15.524
13.521
15.311
14.825
14.655
16.406
5.5463
12.972
15.812
14.028
14.521
10.568
13.243
17.418
11.803
13.335
12.882
12.677
17.418
13.772
13.305
15.885
16.788
14.488
12.162
9.9541
1.1588
2.2182
0.89743
1.052
0.78524
0.7656
0.78705
0.78524
0.76033
0.72277
0.76736
0.76384
1.1858
0.67143
0.73451
0.72444
0.86298
0.78705
0.78705
0.72946
0.73451
0.66222
0.75162
0.77268
0.78343
0.75683
0.78705
0.76208
0.78705
0.69502
1.4655
5.4576
1.6634
14.158
15.812
12.942
15.031
12.794
17.258
19.011
11.194
14.256
12.417
11.22
5.4325
1.1803
10.023
11.324
16.943
12.735
14.723
18.45
15.56
11.117
12.023
16.672
14.588
17.989
1.6368
7.4131
1.2023
1.0914
1.2162
2.0845
1.5631
16.368
17.061
11.066
15.488
11.22
4.1591
13.614
15.996
13.002
19.011
17.179
20.654
11.246
12.531
9.7051
12.023
11.722
12.735
12.764
15.031
15.101
12.735
13.709
6.2661
0.98628
0.96828
0.78886
0.94189
0.81846
2.6853
6.2951
0.97275
1.2388
4.9091
13.397
14.521
10.641
18.45
12.162
18.535
12.05
10.304
14.689
13.868
16.106
19.099
14.791
17.022
14.962
12.56
13.964
13.397
16.634
17.179
16.866
15.346
11.402
16.293
12.942
10.186
10.52
8.3368
12.972
9.8401
5.3211
16.52
1.0209
0.9594
9.1411
13.092
11.169
8.1846
7.7804
15.241
10.139
17.783
15.241
17.742
14.962
13.709
0.72277
2.1827
0.81283
0.86896
8.6298
13.772
13.677
14.322
11.298
13.677
12.331
0.96161
0.90365
7.2611
13.646
13.459
10.046
10.691
13.614
14.791
10.641
14.421
12.531
15.56
13.032
17.62
15.241
17.378
12.078
0.77983
0.7925
0.74817
0.75509
0.78886
7.3282
1.5631
14.289
16.558
15.996
20.137
17.179
8.8512
0.82224
10.399
13.552
19.011
19.187
16.827
24.378
20.137
18.323
12.162
17.66
15.066
10.965
15.668
14.06
14.825
9.3325
0.91622
0.85901
0.82224
0.74645
2.6182
13.274
12.589
15.101
12.388
11.092
14.388
27.606
0.81283
0.73451
9.977
11.614
15.488
11.668
15.171
13.274
13.274
11.912
2.2803
16.904
15.382
10.375
13.397
10.046
0.85507
0.76384
0.73961
0.73114
0.83368
0.93541
0.73114
0.76384
0.72277
5.1168
7.1779
0.78343
17.1
12.106
13.868
15.74
12.735
12.972
21.38
20.137
16.218
17.989
17.498
15.453
13.836
19.32
2.4322
13.772
15.812
9.3541
13.804
17.66
15.453
16.52
15.631
15.596
13.397
10.069
9.4842
11.776
17.539
16.106
1.0617
0.82414
0.80168
0.78163
0.82794
1.2794
0.74817
0.71779
0.75683
0.76384
0.8531
2.884
13.032
4.4157
0.72778
8.2794
15.668
13.122
10.328
11.015
8.3753
11.298
14.322
16.331
10.257
0.81096
1.2589
0.9977
0.75336
9.0991
15.205
13.677
13.002
12.162
15.488
18.621
8.4723
16.711
12.503
19.32
15.205
1.0399
13.002
16.749
15.74
17.298
14.256
15.382
17.258
16.181
19.275
14.06
1.71
1.2823
5.8479
18.578
15.453
16.749
11.83
4.8641
15.776
15.488
11.429
15.776
15.417
18.155
16.032
14.421
12.388
1.2474
5.5463
16.255
3.2734
8.4723
14.06
17.338
16.904
15.922
15.704
19.77
19.409
12.764
19.77
17.498
18.365
17.022
9.3756
10.304
1.4555
5.0933
1.6368
3.8994
1.3213
13.964
14.388
13.932
9.5499
18.113
19.724
16.293
13.397
15.205
4.8084
10.889
15.136
17.061
20.23
15.031
16.596
15.524
19.011
19.011
19.143
17.498
20.845
18.072
15.885
14.125
14.125
15.311
7.9433
3.013
12.589
0.78705
15.241
19.364
14.588
17.701
18.535
15.066
15.453
9.0365
13.772
13.932
17.742
19.77
6.1518
14.256
15.276
16.749
17.66
19.953
17.62
17.219
16.788
17.338
16.788
16.827
14.06
13.552
0.96383
2.0512
14.388
26.792
6.8234
19.32
11.967
17.824
15.488
9.528
0.81096
6.0117
6.0395
15.136
16.218
19.099
18.707
17.66
20.091
14.997
16.788
14.962
17.1
17.701
15.812
16.866
16.181
18.493
23.227
10.423
12.823
9.1622
1.4223
3.7154
24.717
1.39
16.672
19.143
15.56
16.032
16.482
19.543
16.331
21.135
18.072
16.52
19.543
18.836
14.689
18.836
17.458
18.88
17.458
15.382
9.7949
15.346
14.555
22.439
19.498
15.812
21.727
21.038
17.579
11.117
12.589
0.7925
0.72778
14.521
7.925
15.382
17.865
21.33
22.336
19.099
15.417
20.324
16.982
18.836
16.032
19.231
14.125
12.823
22.751
19.498
13.335
0.88105
9.0573
19.099
20.184
17.338
19.454
20.417
10.593
4.6666
11.508
1.5849
24.322
17.298
13.996
17.66
22.491
18.88
16.827
14.825
14.454
19.231
17.298
16.069
14.655
18.88
19.953
17.989
1.9055
14.622
17.579
22.439
20.091
19.588
17.378
14.723
21.577
16.596
16.069
16.331
13.122
1.2882
15.959
15.488
20.606
16.52
18.493
18.836
19.231
18.197
18.664
18.408
16.52
17.701
18.365
14.256
14.825
24.547
16.711
21.33
13.9
0.79433
0.77804
11.641
19.011
15.885
