1.4517
2.964
3.3104
12.499
15.881
7.6538
8.2012
6.697
6.5295
5.1866
6.2213
1.0183
6.7279
6.9164
1.9403
0.67745
0.69804
0.72091
0.69323
4.919
0.77246
2.8111
4.3239
7.4281
7.8321
26.235
18.918
9.2444
2.0887
1.4517
1.6401
3.2952
1.7696
5.6089
8.1448
9.7472
2.4654
39.891
3.7487
6.7745
1.1773
18.36
6.2933
1.9719
8.509
8.033
7.9228
16.553
9.2871
26.478
5.3936
3.6803
13.579
23.926
4.763
1.7373
2.1872
2.3008
2.6175
5.4185
15.699
10.23
8.8895
9.7472
9.6801
2.8965
13.028
5.3812
4.374
4.2548
4.6013
4.8852
14.45
9.6801
9.6801
7.4624
16.176
13.118
7.8321
3.8184
6.1077
11.531
12.413
11.243
20.696
3.9891
3.8715
17.135
10.541
9.1176
20.318
15.772
11.8
10.836
22.023
25.579
13.96
4.0353
5.7396
10.688
8.033
19.538
5.7793
2.1032
2.2484
19.764
17.214
8.1824
4.4656
4.2548
4.8292
20.553
13.393
5.022
4.9875
28.965
11.992
4.026
8.126
3.9891
19.448
15.663
4.1198
9.9972
2.7157
34.904
12.356
11.827
3.766
9.9056
18.318
3.4188
4.9077
1.6251
2.4371
2.8306
12.79
14.318
11.585
4.3339
5.9276
3.235
5.2708
8.6075
26.908
9.0757
7.9777
2.5756
0.88487
1.6439
0.85877
18.025
14.154
7.1759
4.4759
5.022
4.8964
3.8537
11.909
24.71
5.3074
2.3653
1.9538
7.8502
3.2725
30.4
11.399
5.4686
15.236
25.994
15.663
1.6515
15.735
11.452
8.1073
10.113
3.6048
6.5899
22.125
24.371
10.517
1.4057
1.3548
1.8403
3.6298
12.019
17.254
13.611
5.5831
4.0075
6.0378
8.1448
11.373
11.426
2.1771
2.0601
8.373
19.719
13.424
4.9645
3.0682
4.1293
14.651
17.615
6.6203
32.276
16.629
1.7135
17.453
20.984
5.3074
22.692
15.166
10.09
2.4597
17.778
24.371
6.3662
19.181
11.964
2.9914
23.871
21.821
2.2278
10.762
4.6119
8.4504
22.902
15.52
11.114
13.992
10.517
4.9875
3.6972
6.8372
4.6225
3.3487
17.214
24.427
3.8804
13.179
3.5065
3.235
18.875
16.745
29.983
2.5228
4.6868
4.1675
3.2952
5.2952
28.371
8.3153
20.039
3.5635
1.6326
3.8184
3.7834
6.9483
12.968
2.517
1.0492
0.81448
1.4089
1.1638
18.53
11.399
10.16
5.532
17.135
29.436
17.615
8.9511
31.687
11.882
3.98
5.2587
3.9254
14.285
32.5
4.6546
5.2952
20.365
5.6348
25.935
3.7058
7.6362
27.471
6.3369
1.2385
1.981
5.2708
1.5342
4.0633
13.118
9.034
9.2231
3.6803
0.6853
4.6546
3.5717
33.18
2.8111
8.6075
1.8276
6.8215
17.174
12.186
1.0541
7.1925
3.4031
29.914
5.4435
3.3333
1.6861
1.6978
1.9673
2.6478
3.3642
7.9594
19.137
21.671
0.93299
1.3548
0.96134
7.045
1.7778
1.5166
15.772
8.5877
3.8537
6.7589
13.705
29.233
4.4246
17.413
11.558
5.5575
28.832
12.968
5.5831
1.7333
3.2876
4.1009
2.8502
2.3653
3.9254
10.42
18.488
14.057
4.4246
3.9617
24.315
2.7471
4.0821
21.129
3.8448
1.4958
4.2744
24.597
24.71
5.0685
4.4043
6.0937
4.2744
27.219
18.831
8.0887
2.0696
16.939
18.788
6.5899
4.2843
6.6662
9.7248
27.598
4.6225
1.981
1.9628
2.1129
3.9435
3.3875
7.4281
4.763
22.64
11.166
3.8804
3.9344
3.9617
5.4686
0.75141
24.824
3.2876
2.8241
2.3061
1.0444
0.85483
1.3028
10.517
0.7411
4.4862
0.8033
0.78502
4.0915
2.66
1.7574
21.178
18.403
13.424
3.6718
3.5965
7.0612
3.7573
8.126
20.178
5.914
2.5994
4.9077
5.7396
1.3896
0.70938
26.235
24.148
9.9056
8.6274
4.8852
3.7143
4.4656
20.225
6.7434
0.67124
0.69643
0.68372
0.67279
0.67589
0.68846
0.71925
0.91386
3.5965
2.8634
0.70612
0.7411
0.68846
0.66509
0.69483
0.68688
0.70775
0.7045
0.69643
0.71925
0.6853
0.85877
0.77782
1.5772
14.351
16.706
9.9284
1.5772
1.3179
6.25
2.0935
20.648
1.2186
10.067
0.71101
8.3923
13.642
4.4862
10.277
21.032
2.6356
2.0459
8.9925
20.178
13.028
3.6465
6.0239
30.541
14.618
20.039
0.75315
35.8
37.143
20.178
1.1452
1.016
1.0911
1.7333
2.0318
1.6745
1.4517
2.3707
2.264
7.9777
2.3436
0.8373
0.7143
0.66816
0.66509
5.8194
1.3149
3.0894
0.7045
0.70126
0.70288
15.808
1.7494
1.4855
0.6697
3.4425
2.0887
4.0075
28.306
3.7229
32.575
6.8215
3.9891
8.431
5.2225
0.78502
0.86274
0.6697
0.70288
0.70938
9.5473
18.025
0.97922
1.2673
1.18
30.261
3.98
4.2255
13.424
23.598
5.3442
1.5555
1.9137
2.552
3.8626
7.6187
13.992
5.2105
8.9925
4.3539
19.093
6.3956
4.5801
23.926
24.148
6.1927
0.69164
5.5065
3.6718
1.8192
1.6477
8.2771
6.0517
2.7408
8.6274
13.179
7.9961
33.104
13.362
0.76362
56.218
2.0365
0.82012
0.75837
0.80887
0.84504
0.70126
3.0966
9.8374
6.1927
2.7219
1.3393
1.6477
2.3817
16.176
25.286
31.108
1.9359
10.067
9.3946
5.1746
4.3339
1.9137
1.8403
1.4993
7.8864
26.723
6.3224
2.9914
2.66
5.5065
13.992
16.251
20.887
8.1635
4.1964
6.3809
22.902
11.114
7.5837
2.2023
3.3028
9.0966
17.534
11.166
0.70938
17.534
8.509
3.4188
5.0685
7.9961
15.377
10.811
0.70775
19.583
28.371
16.176
9.2871
7.2758
5.4812
23.926
20.132
3.1324
1.6477
2.454
3.6803
4.2942
1.5307
10.183
15.627
23.817
2.7157
1.0937
27.408
15.954
11.217
4.374
4.6976
3.4031
7.7246
11.063
4.976
15.448
7.3093
4.4656
3.7058
5.7528
20.935
10.614
7.1101
4.5381
10.987
24.824
14.121
3.3953
8.6274
3.8715
10.762
27.219
3.7315
0.66509
3.8184
13.058
4.2352
13.301
1.4889
0.68215
0.70126
0.69164
9.4815
8.8691
17.135
14.958
3.7058
14.089
31.037
3.6887
2.3274
2.2176
6.0797
2.9368
3.0122
15.166
0.72758
0.69164
0.67901
1.7453
2.4204
1.6176
0.70775
0.69164
0.72758
0.75141
0.69643
0.68372
44.451
18.962
11.321
4.8292
4.9077
3.4188
3.1906
10.183
27.725
5.6739
2.8437
1.927
10.987
13.118
1.3673
24.148
0.90757
0.95034
2.1571
0.9373
0.94597
0.71925
7.8321
14.024
6.3515
0.65899
0.71759
31.76
18.025
4.0727
5.1272
26.417
29.572
3.7058
0.66356
0.77961
0.68688
0.68215
6.7279
3.6214
1.7942
1.786
2.5994
1.6288
2.2433
3.5471
4.0821
13.301
2.6478
6.1218
11.8
4.245
3.0823
22.536
25.344
9.5693
4.4553
10.663
26.846
2.3707
2.1324
0.69164
0.69965
0.74281
0.6697
13.579
1.8025
0.67745
0.72257
9.8828
10.444
0.67124
0.7045
0.70288
0.71594
1.4821
14.121
1.1531
8.8283
11.038
6.4995
7.3262
7.411
21.374
5.6869
20.648
3.5882
14.753
1.5845
0.80515
0.86872
6.853
3.9435
10.937
1.2356
1.5448
1.324
1.5591
1.9093
1.7655
4.4759
3.6131
1.1089
1.4517
0.72925
0.70126
0.7411
0.69483
0.72423
0.70288
0.7259
0.75837
0.72758
0.75662
0.71594
0.72091
0.75662
0.70938
0.75315
0.74281
0.67589
12.019
21.671
17.655
1.3579
1.4484
1.8108
2.0506
2.0791
4.4553
8.1073
0.93514
2.1374
3.2276
18.318
0.89511
0.70126
0.6853
0.68846
0.68215
0.99742
0.86075
1.2047
0.8126
0.69164
0.70288
0.6853
0.68846
0.67745
0.67124
0.69483
0.70288
1.3705
0.65747
0.70612
0.74624
0.70938
0.69164
0.68846
0.68688
0.68688
0.67745
0.68058
0.7045
0.69804
0.7045
0.69323
0.71101
0.70775
0.68846
0.69005
3.6298
0.97922
4.2061
8.2012
14.517
3.6549
5.2587
6.3369
33.797
2.9368
0.78864
16.176
5.6478
4.6546
7.1925
18.831
6.1927
2.9368
7.045
1.9901
2.5994
2.0648
12.243
0.74624
10.737
6.853
11.452
4.6225
13.118
10.02
14.821
14.285
0.76538
7.8683
3.3028
7.5837
16.065
8.1635
12.103
17.174
0.68372
2.2433
1.0811
0.67279
19.314
2.6539
16.822
13.673
7.8502
5.6218
7.4452
11.638
20.839
5.5831
1.1166
4.2061
10.396
8.5286
14.45
5.3936
9.6801
6.5295
24.71
25.935
19.403
16.176
4.5277
28.899
1.3362
17.254
3.4584
20.039
24.259
1.3362
1.4787
5.0336
1.5845
1.6326
1.5484
1.7293
1.7293
1.9359
4.676
0.81635
0.75662
20.271
12.673
0.7394
0.7377
0.68215
0.73262
0.66356
0.7143
0.72925
0.69483
0.65899
0.67434
0.71594
0.69804
1.6028
1.0444
0.77425
0.71925
0.90132
1.1505
1.7095
1.3673
5.6869
3.9617
8.8283
4.8181
2.9301
21.423
6.0239
2.3707
1.981
1.6629
1.3179
1.7214
1.5413
2.0506
1.9673
2.1721
2.8371
2.1472
6.0657
0.71925
0.66509
26.6
12.909
9.8828
5.1627
4.5381
6.7745
26.784
13.896
0.70612
0.65596
1.4787
2.3653
1.1347
1.0183
39.435
1.4753
18.918
8.0145
0.68846
0.7045
0.7377
0.76892
0.73431
0.75662
0.70612
0.72091
0.69483
0.78321
0.70612
0.77425
0.70938
0.73093
0.69483
0.71759
0.8808
0.76715
0.77961
0.70126
0.67901
0.6697
0.736
0.71925
0.72423
0.78502
0.75837
0.6697
0.78141
0.74281
0.69483
0.69965
0.75488
0.70288
0.74624
0.71925
0.7143
0.75315
0.90966
6.4103
37.573
25.52
1.1665
1.2243
1.4219
1.4855
2.0648
1.8403
1.7534
2.2329
3.7573
3.1108
17.174
0.99056
0.72925
19.81
1.3737
1.6288
1.7942
14.484
2.0365
0.67901
0.64696
