210.8
8.5286
6.7434
11.347
7.0775
6.25
11.827
24.54
13.118
31.324
9.438
6.4995
6.4845
4.796
10.836
0.91176
10.737
7.143
6.1927
16.401
34.985
5.532
5.955
6.0517
9.3946
16.102
27.918
6.7279
16.028
31.687
41.388
7.3093
7.0288
2.9914
10.23
29.64
2.8241
1.8573
1.1373
1.9538
2.0601
2.5935
3.0966
2.0178
12.356
26.417
8.9511
10.663
4.7085
14.924
1.815
8.4894
4.0915
6.8846
40.633
6.0937
1.7135
3.3564
3.4584
6.0239
3.7747
14.517
2.3707
2.1374
0.80887
1.3088
2.87
1.7413
2.1972
1.1295
27.662
27.982
5.9687
27.032
16.939
4.8964
1.3058
3.118
3.8448
7.0938
36.298
26.054
11.558
5.2587
29.032
9.0548
2.2797
4.3339
10.517
45.486
4.3439
7.6011
6.7589
3.033
5.7528
7.6011
31.76
13.486
27.853
5.8597
5.2345
12.215
0.68058
11.937
15.377
11.452
22.278
19.583
25.17
4.2646
13.548
29.301
5.9687
2.9708
5.7793
5.2708
3.7058
3.7573
6.7279
15.591
28.437
1.6288
1.927
4.763
2.87
15.808
33.18
4.4862
15.271
1.5027
16.439
8.2962
21.621
3.9344
1.5342
1.3362
1.4318
1.5591
4.1009
10.043
39.344
6.8846
5.5192
22.433
20.365
2.4824
1.8962
2.3544
3.4031
3.3797
34.664
15.991
13.118
11.746
13.611
28.568
21.771
9.0757
22.85
27.032
5.3319
16.401
36.972
1.8788
1.1937
2.3982
2.0132
1.9719
3.25
1.4285
1.7615
7.1759
27.282
12.356
6.3956
8.4504
4.8181
3.3564
4.4759
8.1635
25.875
9.1596
1.324
3.0541
9.9056
2.0839
8.4504
3.7058
4.2255
0.7045
0.6697
14.753
20.412
6.4845
6.7279
9.9742
9.6578
40.353
7.3262
1.6251
2.3707
5.4561
7.9046
1.0444
3.6465
1.2328
7.9961
27.789
31.906
9.9513
9.7922
5.2708
27.789
17.942
10.614
18.875
28.502
4.9875
6.0937
4.9077
4.6332
30.966
4.1771
2.7282
2.8766
3.7315
28.047
17.453
2.2125
5.7528
7.6538
5.7927
13.028
13.424
29.504
2.4939
3.341
8.509
1.3393
3.7747
2.6295
24.767
10.614
6.3515
27.219
26.6
27.598
11.089
10.207
7.394
13.737
25.638
12.413
2.454
26.235
3.8272
4.4553
40.727
4.752
8.126
1.1426
0.72758
1.3737
0.96134
1.6668
2.0887
12.299
17.615
21.324
8.4894
6.9164
9.6801
4.6332
37.487
22.329
9.7922
2.1129
2.2278
2.8965
28.176
24.204
16.822
26.417
17.293
28.437
13.27
8.6672
21.771
22.433
2.3061
1.6477
1.7942
4.2942
24.204
18.875
9.3299
5.3196
15.954
19.493
7.8321
39.435
6.6356
8.4894
4.1868
6.1359
2.3274
9.5034
5.1272
22.536
33.642
7.6362
5.1154
9.6356
9.0966
1.5735
1.4618
2.3707
3.8008
5.431
33.953
5.139
14.889
22.955
5.532
3.6131
1.282
13.517
34.664
3.5635
9.6801
31.76
10.02
45.277
3.9708
11.217
4.3339
3.0682
2.5579
3.8894
8.0887
2.1324
2.6235
1.8488
7.0938
2.3114
4.1579
3.9435
6.5899
8.7273
26.846
9.9284
10.207
1.4351
1.0911
1.4384
2.7853
3.1469
34.664
13.028
13.832
19.719
21.275
10.492
6.7279
1.396
1.6477
2.0178
8.9925
1.6102
1.3179
2.7219
1.7293
0.90132
1.7293
0.76187
4.1771
9.2019
6.7124
1.1166
1.5062
1.1909
0.69804
6.1077
39.254
8.5877
7.2758
20.887
24.092
11.531
3.0191
1.6668
3.2276
7.143
1.1505
1.5735
3.6549
4.5277
6.7745
7.9228
26.539
9.3299
11.217
6.697
5.0919
3.8272
15.808
2.108
9.4163
30.122
12.82
1.7942
1.0372
1.445
1.0277
1.6176
2.1032
2.5054
6.3956
5.4812
23.598
14.45
4.8739
22.278
6.8215
21.227
32.5
9.2019
1.8788
1.6364
3.6465
10.638
23.328
4.5173
10.325
4.9304
6.0101
20.365
25.638
10.396
11.426
9.034
30.191
6.2644
5.1036
4.6868
5.1866
27.598
21.821
1.38
1.4089
1.4318
1.8067
7.5662
11.638
30.4
9.0132
8.2581
6.1642
3.2425
23.436
32.876
1.8573
2.1032
6.4547
15.52
3.3257
1.5881
0.7259
24.882
22.176
3.0823
12.385
6.1927
4.3841
32.202
10.786
1.9226
4.7411
2.285
26.6
19.226
1.9947
3.6803
5.3565
4.5907
26.114
25.344
6.9643
7.9594
5.4686
3.8008
28.766
11.827
18.403
6.6509
5.7661
7.1759
4.763
11.089
19.359
0.69643
21.374
1.4484
1.0688
1.247
2.4427
1.5555
6.2933
6.2933
26.356
5.7001
10.663
24.092
19.181
26.97
26.539
6.9483
6.5596
4.3239
6.2788
1.927
28.965
3.4031
1.1937
1.7942
1.3118
1.3548
1.5991
28.437
16.861
8.4894
3.6634
1.1558
1.2158
3.5227
15.845
28.766
29.504
4.2158
7.2758
11.719
20.132
11.089
6.3809
5.1866
0.66816
1.396
28.568
18.573
8.3153
20.601
14.618
12.299
1.4187
1.002
2.0839
1.2356
1.5097
1.3992
2.5875
2.5228
1.9314
1.2998
1.2499
1.0614
1.2075
1.2215
1.3362
1.6028
1.3673
1.5131
3.0752
1.0937
0.84116
1.6176
1.8192
1.6591
1.2615
0.82391
2.4259
3.8626
4.3041
25.994
25.815
4.1964
2.6539
11.992
0.97472
8.2201
8.1073
6.6356
16.102
23.49
1.5236
0.99742
1.9493
6.7279
1.1114
6.2644
1.4584
7.3262
1.4651
1.2019
4.3339
14.618
5.6608
0.69483
0.6697
0.68058
0.67745
0.7143
3.1833
23.982
5.596
3.0261
4.676
5.2225
5.4435
23.49
25.286
6.4103
5.6348
2.2692
14.285
29.914
9.4815
6.4103
5.8597
4.245
4.6332
40.54
15.772
9.2444
2.3167
1.9947
2.0743
0.96801
0.91176
1.6591
1.552
2.0459
1.1478
1.5377
1.6591
3.8804
3.1687
8.4699
30.682
17.095
3.3719
4.6013
5.4939
19.81
22.381
9.6356
1.2909
2.3544
2.2902
4.3539
16.783
1.18
2.1129
1.1452
0.98147
0.66662
7.4624
20.318
9.0548
5.2587
5.3812
41.484
7.377
1.1773
1.4351
1.3673
1.2761
1.6176
3.3719
0.99513
1.4187
2.5994
1.3517
1.2075
2.1178
2.6417
2.4259
4.785
25.815
12.879
7.9228
24.939
29.368
1.2673
5.1866
5.0802
3.4824
8.5877
30.33
3.9344
9.6356
6.8215
26.6
14.057
1.4855
1.18
1.8108
3.1252
7.9411
1.6439
0.8808
4.026
3.1614
3.176
43.14
3.7747
10.254
9.8147
8.808
18.192
19.093
11.909
2.8766
1.1038
1.5735
3.6887
2.2074
1.9359
2.5344
3.3642
1.8875
2.1671
6.0517
26.539
22.329
3.539
5.2225
28.371
19.764
6.1218
1.2968
3.58
2.7408
3.5553
8.808
2.2692
2.552
0.84504
28.502
13.864
7.4968
5.6218
25.638
24.882
5.2466
1.3832
3.1037
2.6356
1.8788
2.4037
9.5913
2.7157
4.245
20.506
32.202
9.3085
9.3946
7.0126
8.2771
5.1866
4.8739
4.6439
42.548
8.5286
7.6538
1.5627
1.3832
2.6846
3.2952
6.5145
2.8176
2.1972
2.8371
3.7058
0.74452
0.66509
22.227
27.982
17.942
45.696
3.0752
3.28
2.0696
2.87
5.283
4.1103
1.9359
1.7615
1.6822
2.3707
1.114
1.5201
2.5935
1.3896
1.4318
2.7598
1.6515
8.2771
5.406
30.823
21.178
39.073
2.2433
2.4882
1.1114
1.5991
0.68372
1.3832
1.2557
0.82201
1.1964
0.9438
1.4651
2.3762
1.5097
1.0113
1.6028
1.6176
3.1252
1.69
1.5166
1.9538
1.5307
1.1321
1.9005
1.0468
1.7534
1.8318
1.4618
2.0601
1.8318
3.1469
2.349
3.5065
4.9417
3.1252
11.611
2.5054
1.815
2.6054
4.4145
4.2942
1.6102
1.7778
8.7676
1.4219
3.3953
1.1191
1.5097
2.5638
1.7574
2.0743
1.8918
1.6706
2.1872
1.4121
2.5994
3.2575
2.3653
0.73262
1.2413
1.5591
1.2385
1.7095
2.8568
1.5307
1.8067
1.445
1.3928
1.5027
1.0762
5.9004
1.8659
1.4517
1.279
0.78502
1.2968
1.6364
1.4089
1.4584
2.2797
1.5663
1.2019
1.6783
1.5663
1.3896
1.4551
1.1882
2.7789
4.9645
1.8488
2.5994
2.0085
0.9373
1.6139
1.1373
1.396
2.6539
5.6089
1.7214
1.2413
3.0541
1.8067
2.454
1.7534
2.6908
2.1324
1.6822
1.9049
1.1373
1.2586
1.8234
2.0178
12.586
6.2356
1.8875
1.4318
0.97472
1.927
1.4089
1.0396
1.4384
1.1692
1.3673
1.1478
1.1937
2.2176
1.5591
0.97696
1.4584
1.5271
1.9359
2.1821
3.1108
1.38
1.9628
1.4719
1.8788
1.4924
2.4882
2.2902
2.7345
1.3179
1.8403
1.6553
2.6846
1.3705
1.8403
1.8616
1.8875
2.6784
1.0663
3.1614
10.517
1.5845
7.045
0.81448
0.85877
0.80887
1.5377
1.5954
1.1321
1.4753
13.362
1.5377
19.005
16.139
34.904
6.9164
1.6102
2.6908
1.445
2.2536
2.5935
2.1423
2.2329
3.98
6.6662
3.2276
0.93946
0.82581
0.89306
1.1505
1.3832
1.4924
2.2329
2.3926
1.3896
1.0937
0.88283
1.7333
1.9093
1.3331
3.5635
2.7345
2.8634
4.7302
3.2425
2.1374
1.3896
3.4267
1.6861
1.8962
2.1178
2.2588
2.2955
2.2536
2.3653
2.1872
5.9824
3.4346
2.349
1.7453
2.6417
1.1243
1.6706
1.9137
2.1972
3.4188
0.93514
1.1746
2.2797
1.9181
1.9719
1.4753
1.1909
3.0966
18.403
35.965
2.1178
1.3832
1.4993
1.3992
1.5131
0.76187
1.4024
1.1854
0.90966
5.8463
12.761
1.3424
1.5991
1.5271
4.6976
27.345
17.254
14.618
27.725
2.0271
1.4889
2.7725
3.4664
2.6114
3.8715
2.7094
6.2356
1.023
1.0786
1.7056
33.41
9.6134
20.039
20.648
2.1275
3.1037
2.2227
1.1373
1.5027
2.6295
6.2788
