13.642
18.36
23.274
27.853
6.8058
9.8147
15.342
13.393
12.075
23.436
17.574
11.269
17.737
19.314
12.356
34.505
13.088
12.731
6.4696
2.2278
10.136
17.615
17.494
12.615
1.1882
23.382
15.448
25.579
9.3299
9.0757
3.9254
15.307
20.506
3.6887
13.992
13.992
1.2158
0.65747
15.307
0.72758
15.52
10.861
15.307
4.1868
22.176
15.062
11.964
9.2657
0.6697
0.68372
1.0811
1.0207
8.8691
6.1359
5.0919
9.4597
20.506
23.008
19.81
28.7
9.0132
18.445
0.6697
0.6697
0.66816
3.9163
0.72423
0.67434
0.69005
0.68372
0.69483
13.864
8.2962
0.64995
0.67124
0.66203
19.901
14.855
21.522
9.86
4.0821
10.02
14.384
9.3946
0.69005
0.7143
1.0207
25.875
13.737
9.7024
19.093
6.0657
4.3439
0.68058
0.70126
19.448
31.037
5.6608
5.0685
5.5447
4.7411
18.025
1.7534
0.79228
0.69164
0.67434
17.095
10.492
38.983
21.571
12.938
14.484
0.67745
57.661
1.4285
27.662
10.911
21.129
20.318
6.8372
5.6608
10.786
0.87072
15.271
17.984
9.1596
2.8568
1.114
2.7853
16.629
1.7655
18.488
1.5918
1.6288
3.9073
2.4259
0.67589
0.68058
0.66509
1.2356
2.1671
0.95693
1.3331
0.82391
2.3328
3.3642
14.187
15.881
9.6134
8.6872
0.6853
10.325
4.6868
33.487
35.553
17.254
16.439
6.207
13.864
8.7676
7.7603
7.6187
8.7676
9.9742
14.024
6.7745
12.356
11.217
7.7069
5.3936
8.6075
12.47
5.8597
10.614
6.9643
12.528
7.9411
13.705
2.0506
17.174
0.69005
0.65445
16.745
1.8702
7.1101
7.2091
0.7045
0.67279
0.70126
0.67434
0.70126
0.90548
0.86872
0.72925
0.72423
0.69323
0.73431
0.67434
0.70288
0.67124
0.72257
0.7143
0.66816
0.70938
0.70938
0.66051
0.67901
0.67124
0.67589
0.69643
0.68058
0.74796
0.67434
0.67124
0.7045
0.67901
0.66509
0.65596
0.7045
0.65747
0.69643
0.6853
0.68058
0.68688
0.69483
0.70775
0.64845
0.67124
0.7411
0.65596
0.68688
0.66816
0.67124
0.67589
0.7045
0.67279
0.69005
0.66509
0.71759
0.67901
0.69164
0.6697
0.70612
0.7045
0.69643
0.66816
0.68058
0.66662
0.69005
0.70612
0.66509
0.65899
0.69483
0.65747
0.6853
0.68215
0.7411
0.65145
0.67589
0.7045
0.71759
0.69483
0.68846
1.1531
0.67589
0.70288
0.69323
0.65747
0.6853
0.68688
0.66662
0.67589
0.69323
0.74281
0.68058
0.68846
0.65899
0.70612
0.71101
0.68215
0.67901
0.66816
0.67279
0.67434
0.67901
0.65295
0.69164
0.6853
0.69643
0.67124
0.69483
0.68058
0.69483
0.7045
0.75315
0.73431
0.80887
0.68372
0.65747
0.67434
0.66816
0.69965
0.68215
0.66356
0.69804
0.6697
0.68846
0.72758
0.68372
0.68846
0.68688
0.69005
0.70126
0.7143
0.70938
0.69005
0.72423
0.66816
0.69483
0.71594
0.69323
0.70288
0.69804
0.71265
0.7045
0.67279
0.71759
0.6853
0.69005
0.72257
0.71594
0.77246
0.68372
0.69164
0.71594
0.66203
0.69483
0.7143
0.68688
0.68372
0.68215
0.67279
0.67901
0.68688
0.67434
0.71759
0.66816
0.65899
0.67279
0.64995
0.6853
0.67745
0.7045
0.67745
0.71101
0.69164
0.70126
0.69164
0.66356
0.67901
0.65747
1.1854
9.5473
2.3221
1.2385
1.2271
3.0823
1.5131
1.3088
1.4024
0.90757
1.0737
1.1063
4.3841
0.90132
1.9583
4.3439
1.3705
3.1396
0.72925
0.66051
0.69965
0.69804
0.68372
0.68058
0.69005
0.7394
0.70612
0.71925
0.70775
0.72758
1.016
0.74624
0.76715
0.6697
0.84116
0.7143
0.75141
0.69164
0.70612
0.67279
0.66816
0.70288
0.69965
0.72925
0.68846
0.68372
0.73431
0.68058
0.73262
0.73093
0.69005
0.82581
0.68215
0.70126
0.69643
0.74968
0.71759
0.70126
0.66203
0.66662
0.70612
0.7411
0.69804
0.74281
0.69804
0.71101
0.76715
0.77961
0.74624
0.69483
0.69164
0.6853
0.6853
0.75662
0.6853
0.70775
0.77069
0.67901
0.72091
0.66816
0.7394
0.68688
0.68215
0.70775
0.64399
0.7259
0.71265
0.69804
0.69323
0.72925
0.67589
0.67589
0.70126
1.5448
5.3812
3.7315
1.324
0.76538
0.93946
3.2128
0.93299
1.2356
0.93946
0.85877
0.87273
0.86075
0.86672
0.88283
0.96356
2.3982
3.3564
1.9583
5.806
2.2125
2.2176
1.7293
3.2425
1.2328
0.89925
0.91808
0.9034
0.88895
0.96578
0.99056
1.0811
0.99056
1.9403
0.72925
0.68215
0.6853
0.70126
0.67745
0.6853
0.70612
0.68372
0.69164
0.6697
0.68058
0.67745
0.69164
0.69164
0.71101
0.67745
0.68215
0.67901
0.72423
0.70612
0.68846
0.7143
0.67901
0.65445
0.7394
0.67124
0.67745
0.71265
0.69804
0.75837
0.7045
0.70288
0.66816
0.73093
0.66051
0.68688
0.70938
0.68372
0.68058
0.7045
0.7394
0.67589
0.67279
0.69323
0.7045
0.70775
0.69164
0.71759
0.69323
0.7045
0.69643
0.64995
0.69483
0.6853
0.73431
0.68058
1.4719
0.84504
0.79777
1.4417
11.012
1.1269
0.95253
0.9034
0.85483
0.9373
1.0987
1.0861
0.99513
1.5954
1.2047
0.65445
0.69164
0.69005
0.64995
0.64995
0.69323
1.0301
1.2528
2.1721
5.596
3.0052
61.927
1.5591
0.92019
1.2299
0.83153
0.891
1.2243
1.6139
1.7135
0.90966
0.87878
0.99742
1.9093
1.5342
1.1692
1.1321
1.0811
1.3179
2.7853
3.5227
1.2442
1.2702
2.0984
1.2215
2.0553
3.4744
2.5875
0.95913
2.1472
0.66816
0.68215
0.66051
0.65145
0.68058
0.73262
0.7143
0.66816
0.70938
0.69483
0.70938
1.3088
0.67279
0.6853
0.67589
0.63662
0.69164
0.68688
0.68372
0.69164
0.6697
0.64103
0.67279
0.65747
0.68688
30.33
2.6539
10.517
0.69804
0.66816
0.71101
0.70612
0.67124
0.6697
0.97922
9.9972
11.558
2.4882
0.92444
0.90757
0.77069
0.97024
1.7254
4.245
0.84504
1.4089
0.90132
0.70938
0.72423
0.69164
0.68846
0.67434
0.80701
0.66051
0.69005
0.69643
0.69005
0.71101
0.66816
0.70288
0.70612
0.66816
0.69643
0.73093
0.96134
0.67279
0.67901
0.68846
0.736
0.72091
0.70126
0.70126
0.72091
0.66662
0.95034
0.69483
0.66509
0.69005
0.69643
0.69804
0.65295
0.68372
0.68058
0.69965
0.66662
0.70612
0.71265
0.72758
0.67589
0.68058
0.66662
0.67279
0.66051
0.69965
0.67434
0.66816
0.72257
0.69483
0.67901
0.69483
0.71101
0.71759
0.69804
0.68688
0.71759
0.67901
0.67434
0.68846
0.69965
0.66509
0.67124
0.67124
0.69965
0.69483
0.69005
0.7411
0.70938
0.67745
0.69965
0.9373
0.78683
0.69323
0.66662
0.67279
0.70126
0.66509
0.81073
0.7045
0.70938
0.69323
0.69804
0.67124
0.68688
0.67279
0.67434
1.7293
0.69164
0.64547
0.68372
0.68215
0.68846
0.73093
0.67901
0.7143
0.67279
0.68058
0.65596
0.68372
0.64845
0.67279
0.67434
0.66203
0.73093
0.70288
0.66662
0.70288
0.6853
0.68688
0.69005
0.67745
0.66816
0.70288
0.75837
0.72758
0.69965
0.69483
0.6697
0.66203
0.70938
1.1882
1.0067
0.67745
0.67434
0.67901
0.70288
0.68058
0.63809
0.67279
2.0271
2.7662
0.86075
1.2131
1.3088
2.0039
2.8502
1.7095
1.324
1.3579
1.1964
0.76011
0.69643
0.68688
0.67434
0.7377
0.6853
0.69483
0.7394
0.7259
0.75141
0.68372
0.7259
0.69965
0.71265
0.78502
0.71759
0.74452
0.70612
1.2615
0.69965
0.69804
0.7377
0.69965
0.70775
0.71925
0.69965
0.68058
0.75837
0.71101
0.68846
0.68215
0.68688
0.67901
0.69643
0.66816
0.64995
0.68372
0.7259
0.71265
0.68372
0.70288
0.67124
0.66509
0.68058
0.69005
0.67901
0.67434
0.71925
0.67901
0.70288
0.67589
0.68688
0.71925
0.66662
0.67589
0.74968
0.69005
0.71594
1.0254
1.016
0.98374
0.71101
0.71594
0.72925
0.67589
0.69643
0.71101
0.69643
0.67124
0.70288
0.69164
0.67279
0.65145
0.73431
0.68846
0.70612
0.69323
0.70126
0.75315
0.67124
0.68058
0.70938
0.71101
0.66356
0.70775
0.66662
0.73431
0.88487
0.70126
0.7045
0.7143
0.65899
0.69804
0.71101
0.69483
0.69323
0.70938
0.71759
0.70612
0.7143
0.6853
0.70612
0.67745
1.042
1.1937
0.75141
0.66509
0.86672
0.86672
1.0183
1.3455
1.2186
1.2299
1.5954
1.6401
2.2176
0.73431
1.2938
0.69005
0.72758
0.76362
0.68688
0.69804
0.7045
0.67745
0.64995
0.67434
0.66509
0.7394
0.69643
0.68215
1.4187
1.0067
0.71101
0.69643
0.66356
0.72257
0.736
0.70126
0.6697
0.74624
0.69164
0.69005
0.69483
0.736
0.67589
0.65445
0.69005
0.71925
0.71101
0.67745
0.67589
0.69965
1.009
0.69483
0.67745
0.70126
0.70288
0.736
0.736
0.69323
0.70612
0.71759
0.70288
0.69005
0.68846
0.67124
0.69323
0.69005
0.69804
0.67434
0.72423
0.70288
0.65899
0.67901
0.66203
0.7259
0.67124
0.67901
0.71101
0.66203
0.68215
0.68058
0.67745
0.67901
0.65899
0.66356
0.6853
0.6697
0.68688
0.71759
0.66203
0.6853
0.67745
0.69804
0.67589
0.64399
0.69005
0.68846
0.67279
0.67279
0.70288
0.67745
0.70126
0.68372
0.66509
0.69005
0.69643
0.69005
0.71925
0.66509
0.66662
0.65596
0.65899
0.69323
1.1909
0.67434
0.69323
0.67124
0.67124
0.67745
0.69643
1.0444
0.9034
0.87072
0.67745
0.68215
0.67901
0.7143
0.67901
0.69965
0.66051
0.68372
0.70612
0.72925
0.69483
0.64696
0.67434
0.70612
0.64547
0.69005
0.69005
0.69323
0.69643
0.73262
0.77425
0.7045
0.6853
0.7045
0.70288
0.69005
0.67589
0.6853
0.72758
0.7377
0.69643
0.67124
0.65145
0.64845
0.71101
0.65899
0.74796
0.67279
0.94815
0.69323
0.67589
0.65295
0.6697
0.68688
0.69164
0.65295
0.67589
0.67434
0.68058
0.68215
0.64845
0.69005
0.71101
0.69483
0.69643
0.72423
0.65596
0.66203
0.6697
0.66356
0.6853
0.66356
0.68372
0.70288
1.2328
4.1868
