2.3707
2.4996
1.5236
1.7017
1.5377
4.9645
24.882
30.052
16.176
7.5141
17.174
29.032
13.96
15.881
16.288
30.541
34.664
7.5141
24.71
5.1627
7.3262
19.855
17.174
38.894
3.9708
8.1635
21.032
13.331
5.0568
6.5596
14.252
22.745
15.845
8.1073
37.058
19.947
20.459
9.9972
25.17
10.277
5.3812
12.047
33.797
17.901
0.94815
2.4824
1.3209
0.93946
13.209
32.425
27.345
32.054
21.922
5.9004
6.5295
7.2091
22.125
2.5228
2.2536
0.8431
0.92657
0.70775
54.435
22.692
14.024
19.093
1.6629
0.68058
0.74452
0.68688
1.0492
0.79777
1.5991
1.4318
2.3436
1.5236
1.9993
9.3946
0.70612
0.69483
0.70288
0.68058
0.69005
0.70775
0.66662
0.69323
0.73262
0.69804
0.68846
0.72925
0.74281
0.69965
0.68215
0.69323
0.7377
0.67124
0.71925
0.70612
0.6853
0.66203
0.6853
0.70938
0.76011
0.67745
0.65145
0.69643
0.68215
0.71594
0.70288
0.7411
0.72091
0.7377
0.6697
0.66509
0.69483
0.66509
0.67589
0.69804
0.70126
0.68372
0.69164
0.67589
0.88895
0.66816
0.70612
0.70775
0.73262
0.71759
0.69965
0.69804
0.7143
0.74624
0.64547
0.72091
0.85286
0.67901
0.67901
0.6853
0.69323
0.64251
0.6853
0.67589
0.69164
0.67434
0.68372
0.66816
0.69643
0.68372
0.69965
0.66816
0.70938
0.67279
0.79777
0.69323
0.69164
0.69164
0.6853
0.65899
0.73431
0.66816
0.71265
0.65145
0.73093
0.67434
0.68372
0.67279
0.71265
0.67124
0.69164
0.70288
0.68372
0.68846
0.68688
0.69483
0.67901
1.5027
0.68058
0.7411
0.6853
0.69643
0.66203
0.66203
0.65295
0.66356
0.64995
0.66509
0.66509
0.7045
0.66509
0.67279
0.69965
0.63956
0.66509
0.67124
0.68688
0.70126
0.67901
0.68215
0.67745
0.70126
0.69005
0.67124
0.67901
0.65445
0.66816
0.66356
0.66051
0.67745
0.66816
0.69483
0.69965
0.66816
0.69643
0.70612
0.69323
0.77961
0.81448
0.81824
0.83537
0.79594
0.76538
1.1854
1.0517
1.7615
3.2876
1.6553
1.2761
1.6251
1.4685
1.7174
29.914
0.84699
0.72423
0.70938
0.69643
0.71594
5.4686
9.5913
0.97248
1.5062
5.0685
17.453
9.4597
2.2484
1.1012
1.2909
1.0688
0.76892
4.9531
1.2243
1.6477
0.71265
0.73262
0.68215
0.69643
0.72925
0.74452
0.7143
0.72091
0.71594
0.78864
0.73262
0.71594
0.70775
0.69804
0.72091
0.73431
0.77603
0.71265
0.75315
0.7377
0.68058
0.65899
0.69323
0.78502
0.7394
0.66051
0.76538
0.67589
0.72423
0.79777
0.74796
0.69804
0.71759
3.8804
2.4092
1.0861
0.76892
0.82962
1.016
2.2227
2.1972
1.4285
0.99284
1.1373
1.2938
2.4092
1.18
1.5131
1.4719
15.271
1.1665
0.78321
2.0178
8.6075
33.642
16.176
12.731
16.401
26.846
3.6214
4.7411
10.136
24.767
28.371
6.1642
30.4
36.718
7.7603
22.381
4.8964
1.1347
0.74452
0.99513
33.875
13.331
41.675
20.506
23.817
26.356
17.655
16.102
41.198
5.532
5.7264
15.448
27.853
19.093
7.1265
23.653
34.985
4.0446
5.8328
0.74796
0.78683
0.72091
2.0318
11.166
1.5663
2.8766
6.3078
0.95253
0.7045
0.72091
0.76011
3.2054
0.68058
0.74452
0.66662
0.68688
0.67745
0.70612
0.76187
0.70938
0.66816
0.71265
0.68058
0.66816
0.68846
0.66051
0.75141
0.75837
0.7411
0.72257
0.72257
0.7411
0.6853
0.79961
0.68688
0.67589
0.71759
0.67279
0.71759
0.70775
0.77069
0.71265
0.70126
0.75488
0.69483
0.66662
0.69643
0.67589
0.66051
0.6853
0.76715
0.71925
0.69965
0.68688
0.71759
0.72257
0.71265
2.8568
1.4121
0.82012
0.87072
0.76187
0.77782
0.75662
1.327
1.0492
0.67434
0.66051
0.87273
0.65899
0.68688
0.67745
0.68372
0.67745
0.71759
0.67279
0.68372
0.67434
0.68058
0.66051
0.69483
0.65445
0.67589
2.9032
3.2876
1.4417
2.4484
1.2131
5.4561
22.902
0.71594
0.79594
0.69804
0.67745
0.73093
0.7045
0.69643
0.70775
0.7394
0.68058
3.047
0.73093
0.72257
0.68215
9.9513
22.329
15.062
4.8292
8.2391
8.1635
49.531
18.36
18.788
28.7
21.129
21.472
28.899
22.797
2.9233
20.935
14.285
25.17
20.887
8.0701
4.0633
14.285
50.105
9.0548
0.69005
1.9993
8.2771
16.822
0.87273
18.403
24.259
4.6119
18.488
17.413
49.531
3.1833
26.908
20.039
14.584
13.088
47.52
13.896
24.371
4.0915
12.47
29.436
16.102
33.257
14.685
4.3439
6.5747
6.1642
6.5596
9.86
18.659
7.4624
0.76715
0.69965
0.70612
0.74452
0.70126
0.69643
0.7259
0.71925
0.69483
0.79046
0.72758
0.74624
0.67589
0.78141
0.79228
0.736
0.70775
0.70938
0.69804
0.69323
1.2413
4.9645
3.9163
1.9538
2.5994
1.9493
1.2879
1.9314
1.4187
3.98
1.3088
0.74796
0.70288
0.70612
0.6853
0.7143
0.74281
0.69643
0.6853
0.6853
0.7045
0.73093
0.73262
0.68688
0.69643
0.67901
0.87878
0.67279
0.66203
0.66816
0.72423
0.69643
0.6697
0.67279
0.64103
0.67434
0.68846
0.71265
0.67434
0.69323
0.71265
0.73093
0.68372
0.72925
0.76187
0.69005
0.68372
0.71594
0.72925
0.65747
0.70612
0.65899
0.70938
0.70612
0.70288
0.69804
0.71265
0.66203
0.66051
0.67124
0.69965
0.69005
0.7259
0.66816
0.74968
0.6853
0.72925
0.67745
0.71594
0.64995
0.71594
0.67745
0.67901
0.7377
0.67589
0.71925
0.70938
0.70126
0.66816
0.69804
0.69323
0.68688
0.68688
0.69323
0.6697
0.67901
0.69483
0.67124
0.64995
0.64845
0.67745
0.67901
0.67124
0.76187
0.68846
0.70775
0.67901
0.68215
0.66509
0.71265
0.69483
0.72091
0.69005
1.4753
1.5845
0.71594
0.68372
0.68058
0.7045
0.71265
0.69804
0.66203
2.1522
1.2047
1.4685
1.9448
2.0696
1.1038
2.7032
1.0183
0.93946
4.2548
1.1038
1.0517
1.1665
1.5663
1.2673
3.8448
1.282
0.80887
0.91808
0.80887
0.83537
1.0712
0.72091
1.8702
7.5662
10.712
0.92871
0.7377
0.72925
0.70288
11.452
9.9972
1.815
0.95913
0.75488
1.1937
1.0663
1.0937
2.3817
2.7157
3.9344
0.69323
0.80701
0.65899
0.70938
0.70126
0.68215
0.70126
0.67901
0.80701
0.7259
0.7394
0.69483
0.69323
0.80701
0.6853
0.71594
0.71925
0.7394
0.69804
0.97696
0.65596
0.71265
0.70938
0.71101
0.76892
0.70126
0.67745
0.66816
0.81073
0.72925
0.75837
0.71594
0.67589
0.68215
0.70612
0.74452
0.66356
0.78683
1.3864
0.94163
0.67745
0.70612
0.71101
0.71759
0.72091
0.69483
0.66203
0.7411
0.69804
0.70775
0.68846
0.69804
0.70288
0.71925
0.79961
0.71759
0.7045
0.6853
0.65145
0.75662
0.69483
0.66203
0.6853
0.74452
1.4351
0.69965
0.69643
0.69643
0.71101
0.66662
0.69005
0.80515
0.66662
0.7143
0.6853
0.70612
0.71759
0.71265
0.73431
0.78321
1.69
0.69323
0.69483
0.7259
0.73093
0.74281
0.70775
0.69164
0.7045
0.71759
0.72758
0.66203
0.73262
0.69643
0.69483
0.73431
0.76892
0.80887
0.70612
0.7377
0.76715
0.79046
0.7143
0.68058
4.2158
4.1675
11.166
0.92444
0.70775
0.69323
0.76538
0.86473
0.6853
0.6697
0.7045
0.66816
0.67279
0.76011
0.78321
4.2255
3.2128
2.0318
7.3093
3.6381
0.93299
0.78141
0.76715
0.78683
0.75488
0.90548
0.76715
0.70126
0.78864
0.74968
0.76715
0.7143
0.68846
0.76187
0.79228
0.70612
0.81824
0.77961
0.70775
0.71759
0.73431
0.70775
0.82012
0.67124
0.76538
0.69965
0.72423
0.71594
0.75837
0.73262
0.7259
0.7045
0.69005
0.76187
0.74281
0.75837
0.77069
0.76538
0.75141
0.75662
0.79046
0.74452
0.81635
0.73093
1.6477
0.986
1.1692
1.5131
1.0113
2.1571
1.0937
1.5342
0.97922
1.0987
0.96134
1.114
2.0743
1.6065
0.66051
0.6853
3.0752
0.91596
0.72091
1.2158
1.3424
0.67124
0.71101
0.78864
0.67901
5.9687
8.0887
4.4451
0.99513
0.80887
0.85483
1.324
0.83923
0.99742
0.8568
0.79594
0.9034
4.1675
8.6672
13.301
11.638
0.65747
0.68058
0.69965
0.70938
0.74452
0.69643
0.72257
0.72091
0.74281
0.65596
0.72257
0.69483
0.68058
0.73093
0.70612
0.68058
0.69643
0.71265
0.70126
0.79228
0.66816
0.75315
0.68372
0.67589
0.68215
0.66509
0.7259
0.72925
0.71265
0.7394
0.67279
0.69323
0.69005
0.70288
0.65295
0.71759
0.67124
0.67745
0.71925
0.67589
0.67434
0.70612
0.76538
0.70775
0.71925
0.72257
0.79594
0.67745
0.78864
0.69323
0.71101
0.7045
0.67589
0.71265
1.059
0.69164
0.71101
0.75315
0.72091
0.736
0.67279
0.70938
0.72423
0.76011
0.68846
0.70126
0.67279
0.72758
0.66816
0.69804
0.72423
0.69164
0.70288
0.74968
0.7143
0.74281
0.77246
0.6853
0.70938
0.69804
0.68058
0.70126
0.7377
0.71594
0.68215
0.69965
0.67434
0.77603
0.74624
0.69164
0.73431
0.76892
0.67279
0.71101
0.7045
0.77603
0.72257
0.68215
0.74796
0.68058
0.72423
0.71925
0.71925
0.69005
0.80145
0.7045
0.72423
0.69164
0.72423
0.7377
0.70126
0.78321
0.67279
1.4351
2.0648
3.198
1.8962
0.69643
0.85286
2.0225
0.70938
0.70938
0.7045
0.79777
0.73262
0.71925
0.6853
0.71594
0.77603
0.91386
0.71925
0.68372
0.68058
0.69005
0.66816
0.7377
0.69005
1.0301
2.7219
0.73431
1.3179
0.69804
0.72925
0.71594
0.70288
0.69483
0.71101
0.70126
0.67901
0.6853
0.67279
0.75315
0.74452
0.69005
0.7045
0.71101
0.6697
0.74281
0.67434
0.69005
0.66662
0.736
0.69164
0.69643
0.7259
6.9164
7.5141
1.1937
0.78141
0.92019
1.059
0.89511
0.90548
0.77782
2.552
0.79046
0.73093
0.77782
0.69323
0.69483
0.73262
0.68688
0.72925
2.6846
13.362
2.7982
1.4219
0.87878
1.5808
3.8008
2.3598
0.74452
1.5954
