16.939
23.926
11.665
28.832
3.1541
6.9804
3.3104
13.455
30.752
10.937
1.6706
6.0378
7.2091
6.4845
7.6362
28.502
19.359
2.7282
4.4348
12.103
1.3486
2.1275
1.2299
1.2356
1.0277
1.4121
2.5344
1.9628
26.356
11.452
10.23
6.7279
17.901
28.176
21.129
24.882
15.772
20.601
30.261
3.5308
6.1784
31.396
15.591
14.889
34.031
5.0802
14.318
21.032
18.53
7.3262
9.6134
25.112
6.5145
1.7737
1.3705
0.92019
3.6131
1.4651
0.89306
0.85877
1.0444
1.2586
1.0043
1.0396
1.3673
1.9005
2.2902
1.7615
1.8962
3.6634
1.5062
1.3992
1.5555
1.1827
2.3061
1.7737
1.5918
1.4651
1.1692
1.5413
1.3455
1.5772
1.9226
1.5663
1.7135
1.7214
1.3579
1.4584
1.7056
1.5413
1.1373
1.4219
1.9901
2.285
4.5173
2.7471
2.471
2.2797
2.3817
1.9583
1.1964
1.7778
1.3705
2.0271
1.6861
2.4037
1.4318
2.6417
1.9583
2.2125
1.9493
1.1114
1.1665
2.1972
4.0446
3.0261
3.4505
2.7535
1.8831
1.5484
1.815
1.3517
1.4821
1.4154
0.94815
1.7293
2.108
4.1675
2.2536
1.9538
2.5112
1.6326
1.7373
3.0894
2.2023
1.3209
1.5772
1.853
0.891
1.1964
2.7789
1.836
4.5591
2.2329
1.9493
5.3936
3.1108
1.6176
1.38
1.0861
1.5484
2.9032
2.3982
1.1692
1.8488
1.2528
1.5062
1.6477
2.1472
2.0935
1.2879
2.3982
1.4651
0.87878
1.1063
1.3301
0.92871
1.2215
1.1611
1.114
1.0962
1.0565
1.1611
1.6629
0.95693
0.99056
1.5448
2.6235
1.9226
1.9947
1.7135
1.2731
1.1665
1.6745
1.0786
2.8502
2.4148
1.3768
2.7032
3.2725
1.1964
1.0277
0.81635
1.3705
0.90966
2.349
2.3926
2.8241
1.9901
1.9764
2.3982
3.3953
1.6139
1.8025
2.3167
2.0085
1.6065
1.445
2.0271
2.1821
0.99742
0.93299
1.6553
1.5342
2.0225
1.2557
1.5027
1.4821
1.5881
2.7282
2.7535
1.853
3.8096
1.8918
1.3118
1.8616
1.4252
2.1571
1.2243
1.3928
1.3705
2.3762
3.7401
3.0682
2.3167
2.2692
1.4252
1.3209
1.6783
1.5954
2.1821
2.0459
2.2797
3.9526
2.8047
2.9777
6.3515
2.3436
2.3817
2.1472
2.3762
2.0225
1.9359
2.2176
2.1721
0.79046
1.7413
2.0085
2.1922
1.7942
1.5591
2.8766
3.1037
2.0601
1.38
1.4318
3.9073
1.6477
4.5277
2.6539
1.6822
2.1227
3.1614
3.5308
1.6288
0.97472
1.6439
1.8025
2.0839
1.4417
1.5271
1.0396
1.5772
2.8832
2.5054
2.0743
2.7789
2.0506
2.1472
0.77246
1.2731
1.9093
2.7282
2.108
3.5717
2.6235
2.66
2.5756
3.4031
2.7982
1.5201
1.2528
1.6251
4.0075
3.1614
1.9181
1.4719
1.8108
1.2528
1.1692
2.0365
1.3118
1.6139
2.1374
1.38
2.1472
1.1114
1.6364
1.6139
1.9493
2.1129
2.5697
2.1721
3.5882
1.4285
2.9368
1.5027
1.7901
2.4259
2.9504
1.5699
1.6214
0.89306
0.98374
0.99972
1.5772
1.8616
1.8025
2.1374
2.1374
2.1374
2.1374
2.1374
2.1374
2.1374
2.1374
2.1374
2.1374
2.1374
2.1374
2.1374
2.1374
2.1374
2.1374
2.1374
2.1374
2.1374
2.1374
2.1374
2.1374
2.1374
2.1374
2.1374
2.1374
2.1374
2.1374
2.1374
2.1374
2.1374
2.1374
2.1374
2.1374
2.1374
2.1374
2.1374
2.1374
2.1374
2.1374
2.1374
2.1374
2.1374
2.1374
2.1374
2.1374
2.1374
2.1374
2.1374
2.1374
2.1374
2.1374
2.1374
2.1374
2.1374
2.1374
2.1374
2.1374
2.1374
2.1374
2.1374
2.1374
2.1374
2.1374
2.1374
2.1374
2.1374
2.1374
2.1374
2.1374
2.1374
2.1374
2.1374
2.1374
2.1374
2.1374
2.1374
2.1374
2.1374
2.1374
2.1374
2.1374
2.1374
2.1374
2.1374
2.1374
2.1374
2.1374
2.1374
2.1374
2.1374
2.1374
2.1374
2.1374
2.1374
2.1374
2.1374
2.1374
2.1374
2.1374
2.1374
2.1374
2.1374
2.1374
2.1374
2.1374
2.1374
5.3074
4.6868
2.3762
9.4597
5.3936
15.591
4.1293
9.5473
0.87676
1.2673
1.0861
7.3262
2.1227
2.0743
1.0349
1.2158
0.80701
1.836
3.4425
1.4584
7.6187
10.786
7.5141
0.70775
0.736
2.6356
13.642
2.6417
3.0823
3.4904
2.1324
2.5403
3.1324
1.3517
3.8096
2.5697
4.054
3.2202
3.6634
23.436
12.299
3.0611
4.0915
23.926
13.517
8.5877
8.7273
2.7032
7.6715
11.638
18.616
0.72925
0.71101
0.68688
0.66509
6.4547
26.295
20.887
18.192
14.753
9.5693
19.81
20.648
21.178
2.0648
5.6608
16.745
17.942
17.778
19.855
0.67124
0.66816
0.64845
2.1178
1.1089
35.146
3.3719
14.45
22.278
12.356
20.601
25.875
34.904
0.80145
0.77425
1.0737
0.7259
14.719
13.642
6.9323
15.377
32.65
26.356
29.368
10.254
33.18
8.8487
27.471
11.063
28.899
32.276
37.315
15.954
26.661
29.032
5.8328
31.614
16.028
10.937
7.5837
28.047
5.0452
20.887
1.9673
54.185
16.028
40.915
16.401
39.254
11.746
15.201
44.348
2.3598
22.85
36.298
3.9708
8.4504
26.908
26.235
7.259
29.914
13.149
7.8864
19.81
48.515
29.708
17.017
7.6892
7.5315
31.76
11.166
36.381
14.285
7.6011
10.937
14.993
4.9875
7.9228
38.096
8.7878
3.2952
35.553
11.426
12.186
9.9972
9.6578
4.5069
0.77425
40.168
25.935
3.6972
7.9411
30.894
12.79
12.075
30.966
13.832
22.023
27.725
4.3041
10.254
31.037
30.682
14.318
67.589
7.1265
6.7745
13.028
25.875
27.725
5.2345
4.5591
3.9708
4.8292
31.906
16.629
18.788
35.471
2.964
3.9983
4.3041
4.2942
5.0452
3.7487
47.63
18.108
9.3299
22.902
34.425
21.08
24.484
10.468
10.09
9.8374
33.797
26.356
37.66
5.0452
11.611
32.5
2.3598
4.3942
5.3196
2.0984
2.4092
30.052
17.901
9.9972
1.5808
4.1388
24.484
24.259
2.3221
3.6549
3.0261
4.9875
34.904
19.137
3.98
4.6013
14.187
6.4696
26.175
27.662
68.058
19.901
26.478
16.439
3.4425
20.365
36.214
15.627
34.11
4.8739
4.2061
3.5717
9.7472
30.611
7.6187
23.167
26.417
35.635
14.517
28.176
8.0887
5.4435
15.699
2.0648
30.682
13.579
23.167
22.692
29.504
25.286
26.175
33.257
9.2231
12.586
26.661
2.2227
4.1964
12.158
3.2575
2.4996
5.5575
3.3719
2.1721
3.2054
3.0682
4.4553
26.97
16.668
6.3662
5.4561
10.492
18.831
41.868
3.5471
30.47
4.8071
8.6274
38.983
3.836
21.922
1.5131
0.82391
0.8431
17.696
31.541
4.8404
44.348
2.6417
4.4656
3.7747
2.9368
28.634
19.049
11.746
34.664
6.0657
34.744
8.7676
3.9708
7.9046
41.388
6.7589
34.985
20.601
11.063
22.797
22.955
41.964
7.9594
3.4904
5.4686
14.958
34.985
3.1614
4.1198
2.7282
4.8071
3.7921
3.5635
5.806
4.1579
4.2352
26.417
16.515
4.7302
9.0757
21.472
10.712
20.935
22.64
1.9314
29.845
4.6332
7.5488
10.23
22.278
29.64
6.1501
6.2788
41.198
19.093
28.241
2.9708
2.6723
3.6465
2.8568
8.2771
7.1101
31.541
10.09
29.845
4.6546
40.075
16.668
6.7279
6.1927
10.688
5.0685
9.1596
35.065
4.3041
36.465
24.597
6.4399
15.881
10.183
4.5486
2.9436
6.8215
13.642
13.673
16.553
27.725
25.17
3.2425
14.618
35.146
4.7302
7.1265
7.0126
6.1077
7.1759
12.243
34.824
2.9368
1.3455
2.8176
2.7219
2.8766
9.7922
2.5579
3.2425
27.789
20.743
4.5696
1.1992
1.2019
2.4882
5.2105
8.6274
9.5913
15.166
32.202
3.1906
4.8292
4.5801
2.4939
2.8832
3.2054
2.9777
1.5027
3.7747
2.6235
4.1964
27.535
29.436
4.4759
7.2091
8.1073
11.373
34.505
32.35
33.719
9.1808
28.437
15.772
42.548
17.534
5.8597
18.875
12.82
8.808
32.425
3.5635
5.0452
16.401
32.35
15.307
4.7085
19.359
19.403
5.3688
7.6892
6.4251
5.532
3.6298
3.0966
30.682
21.08
8.2771
1.6515
21.129
23.871
17.655
33.953
6.853
4.3639
9.4597
3.5227
6.7279
3.5635
35.146
0.71265
8.3537
46.439
18.318
8.2012
3.8448
17.819
35.39
3.318
4.1771
7.8321
3.1252
32.876
8.3345
7.7782
7.4281
4.976
6.7279
20.271
7.5141
23.008
14.855
39.163
22.381
24.597
5.914
11.611
15.062
0.95253
3.7747
2.7094
31.18
6.2356
3.6465
5.1272
7.394
34.505
14.821
9.1808
5.5447
5.7001
33.028
30.611
3.9891
4.0915
4.2646
4.2744
3.9983
2.9845
44.656
7.5315
5.0802
4.6225
8.2771
27.853
24.996
9.9056
8.7072
22.745
10.811
6.6509
30.052
28.502
3.8537
21.972
37.921
10.113
10.42
9.4163
37.229
1.4651
24.54
7.5488
3.8894
26.6
6.9323
7.9777
10.492
25.112
32.952
8.7676
3.411
3.4904
3.4744
2.7662
10.492
32.952
14.958
11.773
17.095
34.904
3.4985
7.1925
1.9005
10.183
3.0052
3.28
3.3487
38.008
17.095
24.484
37.747
32.575
18.573
8.1824
13.992
28.965
10.325
5.0568
4.3439
0.74452
0.736
0.71265
0.80887
4.026
30.611
8.91
36.131
2.8832
3.4664
21.972
35.308
7.6011
4.1484
3.9708
5.8597
5.5447
10.325
30.823
4.2061
2.3328
3.4346
4.374
2.8899
13.8
5.406
27.094
13.393
32.876
6.2644
3.1833
4.4246
15.271
29.166
5.9004
8.6274
18.067
0.7259
0.68058
24.939
5.1272
5.532
5.7528
15.735
32.35
7.6011
4.2843
1.4089
