0.76011
0.72091
0.69005
0.70938
0.69643
0.71925
0.7259
0.71101
0.7143
0.75315
0.69005
0.70938
0.7394
0.70288
0.69804
0.70126
0.72091
0.72091
0.7377
0.69323
0.71594
0.75662
0.69643
0.76362
0.69965
0.68058
0.70775
0.76538
0.7143
0.78141
0.75315
0.7045
0.69643
1.1321
1.1321
1.1399
0.83153
0.94815
0.90757
0.72925
0.80515
1.0911
1.0811
2.6295
2.6908
1.4351
1.4821
1.7942
2.0132
1.5991
1.1114
2.3544
2.6356
2.5875
5.9687
6.1359
7.1594
4.4246
5.7927
11.992
19.448
1.7984
2.0271
1.7293
1.6553
1.6326
1.8403
1.5201
1.6139
2.2381
2.1821
2.0178
1.2299
1.5954
1.2328
1.6822
1.7254
2.0085
1.4787
1.4719
2.1129
1.445
1.2385
1.2047
2.5054
1.8025
1.0614
1.6251
5.4686
1.2909
1.8659
1.3424
1.4584
2.5875
2.2381
1.5591
1.1399
1.552
1.2644
1.5591
2.2955
2.517
1.1827
1.1992
1.18
1.2385
1.7095
1.7942
0.9373
0.8808
3.04
5.1866
1.2271
1.7254
0.77069
0.86274
1.009
1.0541
1.0183
1.1992
1.1399
1.3705
1.0254
0.86075
0.8568
0.91808
1.0937
1.4121
1.1191
1.1373
1.016
1.6783
1.6745
1.18
1.7574
1.1114
1.2731
1.4318
1.0517
0.97696
1.2243
1.0786
0.92019
1.5735
1.0836
0.96801
0.98828
0.95693
0.86672
0.74796
0.84504
0.94163
1.2158
1.4651
0.82201
1.4219
1.0712
1.2702
1.1452
0.99742
1.9005
2.0648
1.0688
2.0506
1.6783
3.7058
2.0887
2.6356
1.6251
1.4187
4.6653
1.4121
1.8573
1.4351
2.8766
1.0325
10.663
7.9228
1.3179
1.0207
1.6515
1.4219
1.7615
1.927
5.9276
6.9483
0.95473
8.7072
6.4696
15.307
5.914
2.0412
1.2271
1.5201
2.1129
1.3611
1.4685
1.6028
1.0614
1.0372
2.6175
3.6972
1.1295
1.7017
0.95473
1.114
0.80887
1.0492
0.95034
0.92231
0.94597
1.1373
1.6401
1.1321
1.6861
0.91386
1.0183
1.3058
0.84894
0.96356
0.86473
0.98828
1.3393
1.3673
1.6288
1.3896
2.1571
1.38
1.2158
0.9373
1.0987
1.2356
1.5166
0.79046
0.92231
0.92231
1.0937
0.79046
0.82771
1.0688
1.3028
1.1992
1.0277
0.88487
0.85286
0.8509
0.82201
0.8568
0.80515
0.95913
0.81073
0.97922
1.1854
1.5699
1.2644
3.6718
3.7401
1.5342
1.3928
1.3517
1.3028
1.0372
1.2356
1.2356
2.7598
1.2075
0.8431
0.8033
1.4753
4.1675
4.8515
0.91176
2.8899
6.5596
1.4484
1.3832
1.1827
1.5342
9.2231
6.4103
1.4318
1.5845
1.4417
2.0085
7.6362
6.6203
1.1964
1.2271
1.3642
1.3928
3.8272
1.2131
2.0459
1.4651
1.3928
12.557
1.2702
7.394
1.9947
1.6668
1.6668
1.4993
1.023
2.2588
5.0802
9.8147
1.9226
8.0887
1.5663
1.5342
1.2075
8.2391
12.328
7.6362
2.7918
9.4815
10.301
1.8025
1.3088
1.1882
1.4685
3.7058
1.1558
1.002
1.6139
1.815
1.2075
6.7124
2.1472
1.1531
1.9359
3.3719
3.9254
1.9137
2.2125
2.9777
11.166
10.688
15.663
1.4821
1.5062
1.6439
3.8626
7.0288
1.552
1.2158
1.0861
1.4417
1.18
0.95913
1.0349
1.1611
0.8808
1.4384
1.1827
1.3149
2.1922
3.9617
1.4889
1.4618
10.02
1.2731
0.77782
0.79594
4.314
0.7259
0.72091
0.72091
0.69164
0.67589
0.72257
0.70612
6.9643
14.351
7.0775
20.839
1.2849
1.5555
1.4024
1.3548
10.396
4.9875
1.5448
1.5413
1.4651
1.7819
5.3688
3.235
6.6816
1.6176
10.09
3.0261
1.3579
1.1558
1.3864
1.2047
2.5112
1.1114
0.81635
0.95034
7.9228
3.6972
0.67589
0.70126
0.68688
0.65596
0.64399
0.77425
0.66509
0.65747
0.66662
0.66509
0.69643
0.68372
0.69164
0.68215
0.6853
0.69164
0.70126
0.66356
0.67901
10.42
14.484
4.0075
14.753
13.179
10.737
5.2466
11.505
34.425
7.6011
1.3928
2.8371
1.8702
2.0743
1.2849
4.2646
9.6356
1.3301
1.6176
1.5881
1.7534
1.3209
1.2442
1.2019
3.0261
11.773
4.5907
0.89306
1.1505
1.5342
1.1854
0.91596
0.83923
0.78683
0.69005
0.69164
0.891
0.98828
1.1426
0.95253
1.0836
1.3705
1.7778
1.6477
1.1038
0.99284
0.92019
1.4252
1.0541
0.94815
1.2909
1.0301
1.1217
1.0492
1.8234
1.7574
2.1374
1.8445
1.3992
1.5413
1.7901
1.2557
1.0183
0.98147
0.99972
0.84504
1.016
0.89306
0.97696
0.93299
0.94815
1.5271
0.89511
0.69643
0.85877
0.77961
0.95473
1.5377
1.4685
0.95253
1.1964
1.7901
1.7534
1.3486
1.2673
1.6326
1.9181
1.2938
1.1399
1.3611
1.0492
0.90757
1.3179
1.7453
1.2673
2.1621
0.9438
1.6139
2.5579
1.981
1.3118
1.016
0.98147
1.4889
3.0261
2.2176
5.8328
2.7982
0.65899
6.25
1.6668
1.4252
2.66
3.6465
1.5881
1.2047
1.0372
2.8241
3.318
1.4719
1.1692
1.0861
0.78321
1.0688
1.3673
1.2615
2.552
1.9359
1.4685
2.2381
1.282
1.69
3.6549
0.85483
0.82201
2.4315
5.1627
1.279
1.8445
2.2381
6.7124
1.9764
9.0548
8.1635
0.8126
0.87676
0.83537
0.79046
0.67901
0.7259
2.5228
6.3515
6.1077
12.557
1.9719
1.2215
0.83923
1.1269
0.95253
0.96356
0.87676
1.247
1.0396
0.92871
1.2299
1.1452
1.4089
1.3864
2.2955
2.5994
1.5555
1.853
1.836
1.2442
3.1108
1.69
0.65899
0.68215
0.72257
0.69804
1.3209
0.67124
0.70288
0.6853
0.68688
0.7259
0.70288
0.67745
4.2646
1.7214
1.4318
1.1191
1.38
0.83923
1.6668
0.93085
1.1665
1.0638
1.4318
1.3362
1.2356
0.95693
0.92871
1.0136
0.74452
0.75315
0.78864
0.94815
0.84894
0.92019
1.2103
0.80515
0.78864
0.84699
0.96578
0.92657
0.79411
0.94163
0.88895
1.1269
0.97248
1.6629
2.4204
1.6668
1.3611
6.9005
6.9005
6.9005
6.9005
6.9005
6.9005
6.9005
6.9005
6.9005
6.9005
6.9005
6.9005
6.9005
6.9005
6.9005
6.9005
6.9005
6.9005
6.9005
6.9005
6.9005
6.9005
6.9005
6.9005
6.9005
6.9005
6.9005
6.9005
6.9005
6.9005
6.9005
6.9005
6.9005
6.9005
6.9005
6.9005
6.9005
6.9005
6.9005
6.9005
6.9005
6.9005
6.9005
6.9005
6.9005
6.9005
6.9005
6.9005
6.9005
6.9005
6.9005
6.9005
6.9005
6.9005
6.9005
6.9005
6.9005
6.9005
6.9005
4.2942
1.8108
1.016
0.84894
0.79228
0.75662
0.90132
0.8808
0.7143
0.92657
0.7394
0.69164
1.9719
0.95034
0.92657
1.5097
1.4517
9.373
0.99972
0.99972
0.99972
0.99972
0.99972
0.99972
0.99972
0.99972
0.99972
0.99972
0.99972
0.99972
0.99972
0.99972
6.8688
1.0663
0.73093
6.207
1.3928
0.83153
1.1882
1.0886
1.2761
1.0786
1.3737
2.108
2.2745
4.4246
8.3153
4.919
7.0288
0.65747
0.64251
0.68846
0.66816
0.65445
0.66509
6.4251
9.3946
1.6783
1.2938
1.1665
1.815
0.79411
1.0183
1.114
1.279
1.815
1.9226
3.3028
1.0492
1.4517
1.279
1.8875
6.4696
6.1927
1.3028
1.0762
1.2243
0.90757
0.86075
0.74968
0.85483
1.0207
1.0349
1.0565
1.2849
1.4384
0.92444
0.82201
0.92231
0.98828
1.0541
0.8568
0.88691
0.8808
1.6326
1.0861
1.0468
1.7494
2.4882
1.6861
3.0682
1.4618
1.4584
2.1621
1.1321
1.3642
1.0541
1.6745
1.1937
0.83153
0.71925
0.74796
0.71594
0.67589
0.78683
0.78141
0.76892
0.95693
0.75837
1.1217
0.95034
1.0492
0.89925
1.0541
0.91596
1.2761
1.3424
1.927
1.2131
1.247
1.3209
0.90132
1.5166
1.4351
1.0762
1.9993
1.282
2.0459
2.0743
6.1927
1.5881
3.25
1.2075
1.5201
1.5166
1.9901
1.5954
11.321
0.97248
1.0614
1.0277
1.0444
0.90548
1.2186
1.6139
2.6295
0.72257
0.7411
0.736
0.69643
0.72091
0.7045
0.70126
0.70938
0.68058
0.75837
0.73093
0.6853
0.69323
0.69323
0.69323
0.68215
0.74452
0.68688
0.71101
0.73262
0.70938
0.69965
0.71594
4.1103
4.6013
11.089
9.6578
13.548
1.4889
1.1964
1.3579
1.9359
1.7174
2.8568
1.5097
5.4686
1.2328
0.84894
1.282
1.7333
1.5954
1.5271
1.445
1.4685
1.1295
3.2725
1.3832
3.7834
3.9891
4.6439
2.8899
2.0412
4.0446
1.5131
0.8509
1.2356
0.99972
0.85286
0.87072
1.1399
1.247
1.0565
1.1665
1.2413
1.2356
1.0517
1.4855
1.7095
3.0966
1.5201
2.2329
0.91386
0.736
0.99056
1.4618
2.6356
0.68215
0.6853
2.5815
4.8627
1.9005
1.4787
1.853
1.0254
1.7574
1.5484
5.8328
1.5342
1.5377
0.92657
0.85483
0.87878
1.2761
0.92019
1.016
0.77603
0.97696
1.2385
1.3301
1.6477
4.1675
2.8306
2.454
1.0836
1.4024
2.6539
2.6661
3.1833
1.6102
1.6477
1.8962
1.5699
2.0553
1.8962
7.1759
8.568
1.1269
1.1719
1.7655
5.3936
0.84699
0.74796
0.7394
0.77246
0.83153
0.7045
1.2615
3.118
3.9526
1.5097
0.74624
0.70775
5.2952
6.9164
15.881
1.4753
1.3673
1.5377
1.8659
2.1324
8.6473
4.0915
1.2586
1.4787
2.1621
1.9359
1.1321
1.1505
1.7135
1.5377
0.99056
1.0277
1.1063
0.84699
1.4484
1.7135
1.4584
2.0178
2.4037
2.471
6.9483
6.1077
12.849
0.7411
0.86274
1.1166
2.2692
0.70288
0.95473
0.7143
0.6697
0.69323
0.7143
0.6697
0.67745
0.67124
0.71759
0.68688
0.72925
0.70288
0.69965
0.68058
0.69483
0.64547
0.66662
0.67124
0.66662
0.65295
0.68846
0.65596
0.67589
0.65747
0.66816
0.65596
0.64845
0.65295
0.66356
0.67279
1.0468
0.72423
0.7143
0.69005
0.67434
0.70288
0.68215
0.6853
0.68688
0.6697
0.69005
0.67901
0.68058
0.67745
0.68058
0.68846
1.1611
1.4024
1.6706
0.79961
