6.4714
8.0168
9.2683
6.9502
7.3114
10.568
8.7902
1.8793
1.1885
0.80538
0.90157
1.3335
0.93325
1.1246
1.2882
2.5942
1.4791
10.94
16.943
12.764
13.836
6.0954
7.5509
1.3002
0.87297
0.75162
2.1135
2.1232
11.94
10.544
7.4817
10.162
10.839
6.9183
2.3605
1.9364
1.932
1.4158
1.3428
1.8155
3.5318
8.8512
2.138
2.138
5.5081
1.3032
1.1508
0.88512
0.88105
0.96383
1.0568
0.87902
0.9247
1.3552
0.86497
0.99312
0.92897
0.77268
1.1482
0.92683
0.97051
0.84918
0.96161
0.8356
1.9143
1.71
0.95719
0.82604
0.6792
0.70795
0.79616
0.85901
0.73282
0.7145
0.7145
0.74131
0.7145
0.84723
0.76736
0.86298
0.74473
0.78163
0.73451
0.8091
1.3397
2.0893
0.79433
0.69024
0.72611
0.64269
0.66681
5.2602
1.183
2.7479
0.77804
1.0495
0.69823
0.75336
1.8621
0.88105
17.906
2.541
1.2303
0.72778
0.68234
0.77983
0.73621
0.86099
0.69663
0.88512
3.1405
2.3933
3.4435
1.8323
3.342
4.0644
4.7643
1.3243
0.80353
0.80353
0.8892
0.99083
0.76384
0.72444
0.79799
0.69502
2.1878
2.2284
3.7931
1.074
0.76033
0.7656
0.77268
1.1324
2.4434
0.87902
1.8923
0.82035
1.2589
1.2023
1.0544
2.7479
1.5136
0.74473
0.8091
1.3552
2.1184
0.99083
0.98401
0.77625
0.93756
0.92897
0.89125
0.80724
0.78705
0.82604
0.7656
0.79433
0.7379
0.73282
1.4962
2.1677
0.94406
1.0423
2.904
4.2267
3.6813
2.466
0.98628
0.9506
0.79799
0.85507
1.4859
0.73114
1.7418
1.2134
1.3964
0.96828
3.5645
1.2972
4.4668
5.7412
2.2439
1.3335
0.74302
1.3002
1.0093
0.91622
1.2677
1.0965
0.76736
1.3677
1.2274
0.96383
1.5101
0.80168
0.76913
0.80724
0.70146
0.69663
3.3884
4.0832
0.89125
0.64269
0.83176
0.92257
1.7824
3.8905
3.4041
4.1115
1.9454
0.9247
0.88716
0.67608
0.97724
1.6943
0.7379
2.0701
1.6788
0.93972
1.1561
4.0272
2.2594
1.9724
2.958
3.9446
1.5171
0.90157
0.8995
0.72277
0.97275
0.75858
0.74131
0.86497
2.2284
1.2331
0.84723
2.9242
2.9648
1.875
2.1727
1.0162
1.0069
1.6749
1.2677
1.5524
1.0423
0.84528
0.75336
2.2699
2.9512
2.4946
2.0941
0.76033
0.85114
0.97949
2.704
2.7164
2.7925
3.6392
4.9431
0.80724
1.4757
1.1376
1.6749
1.074
0.7925
0.69984
0.74131
0.64565
0.68234
0.84918
1.135
1.1858
0.69823
1.3428
1.3772
0.80168
0.78524
0.74989
1.0375
1.0965
0.75336
1.5171
0.78524
0.7379
0.7709
1.1535
1.9861
1.1885
0.83368
1.4521
2.1086
0.97051
0.82794
0.92257
0.72444
1.135
1.6904
1.5346
2.3442
3.7154
2.8642
2.2029
2.0701
1.0139
1.1749
0.74473
0.70795
0.80724
0.70469
0.95719
0.95499
0.70795
0.66988
0.61802
1.8793
6.3241
7.7268
4.0087
1.2303
1.219
0.7709
0.8356
1.652
1.052
1.6255
1.2882
1.1912
0.85704
2.2751
1.5031
4.1879
1.0641
1.4655
0.83176
1.1272
1.4093
0.79799
0.73961
0.86298
0.75683
0.87096
0.88716
0.94842
0.77625
0.74645
0.80724
0.79433
0.75336
0.72111
0.82985
0.75858
0.73621
1.4355
1.1912
2.2909
1.0965
1.5776
3.3113
0.88716
1.1776
0.88512
0.7656
0.74473
0.86896
0.73451
0.90157
2.5003
2.0417
6.7298
2.5235
1.4622
1.0375
0.87498
0.67764
1.1402
2.4946
2.5942
0.92897
0.77804
0.78163
2.3496
4.8195
1.4962
0.9247
1.0093
0.81658
0.9594
0.68549
1.3092
1.0495
1.1614
0.81658
0.85114
1.1194
1.845
1.8621
1.1995
0.73961
1.0839
0.80724
2.2646
4.0179
7.0146
1.0209
1.5668
2.355
1.0914
1.2589
1.6444
2.5119
1.7179
2.7861
1.4028
1.1912
1.1535
1.0423
0.87902
1.0765
0.95719
2.1429
1.2503
0.98401
1.2417
0.84723
1.183
0.75336
0.95719
1.1376
0.96383
1.0864
1.1324
0.97724
4.5082
2.8379
0.81658
0.79433
0.79616
0.79799
1.3335
3.6475
1.1143
0.75509
0.70469
0.93541
0.82224
0.72277
0.79983
2.0989
1.2303
0.87297
0.71121
1.1324
6.9183
2.1577
1.5276
0.88716
0.7656
1.0765
0.74473
1.2912
1.4521
2.3605
2.9444
1.3459
3.767
2.7227
5.7148
2.4266
5.7412
2.4774
1.194
0.7379
0.91622
0.90157
1.2764
2.0654
1.5205
1.3836
1.0593
2.4266
1.71
1.1967
1.7906
5.7016
5.1168
1.5382
0.78886
0.74131
0.71779
0.77268
0.9977
0.73451
2.0559
1.766
2.6062
1.8493
1.4859
3.2734
8.4333
5.3333
2.3714
1.6827
9.8401
11.143
1.0666
1.374
1.2794
1.1194
2.4774
1.9099
0.8414
1.2303
1.4355
0.79616
0.95719
2.904
0.97051
0.79068
0.73621
1.2912
1.0423
0.89536
0.89331
0.63973
0.70469
1.7947
6.6527
1.0447
0.64565
6.368
1.714
0.96828
1.0209
0.73451
1.2912
1.3092
1.2853
1.3709
1.0046
1.2274
2.2284
8.1846
1.8072
1.4289
0.76384
0.77625
0.79616
1.5959
1.932
1.2388
2.0797
2.1232
3.4995
1.3552
2.5119
2.6303
1.2246
3.013
1.0889
1.183
0.91201
1.2794
2.6303
3.4277
4.529
2.7416
0.88308
1.0375
2.8774
2.0512
2.6242
2.1627
2.2439
1.8967
5.445
2.0941
1.3366
2.138
2.6122
2.5003
5.2119
2.4717
0.78524
0.76384
1.2589
1.3122
1.0789
1.4655
5.1286
2.0941
3.3037
3.3963
2.4378
1.8967
1.8923
2.8907
2.133
1.7061
1.4223
1.6634
2.3605
1.4655
1.1015
1.8493
1.3032
3.6644
3.1696
2.0045
7.5162
9.0157
3.013
2.4491
2.3121
1.875
7.1285
2.5177
2.1677
1.3614
2.4044
2.6977
3.3266
2.4889
0.71285
1.1535
2.0512
3.4435
2.2646
2.7606
1.6982
5.7943
8.0168
6.0256
0.83753
0.72277
2.2909
5.0816
3.7584
4.8417
1.6943
1.0139
0.83753
0.77625
0.71121
1
0.76913
3.6058
2.6607
1.845
4.8306
2.4774
1.122
6.5313
2.0845
3.3266
3.5645
3.1117
3.3806
1.7298
1.7947
0.82414
0.87096
0.70958
1.3032
0.94842
0.82224
1.2823
1.1614
1.3122
0.91201
0.78705
0.79433
1.3152
1.2706
1.8793
2.4099
2.3067
2.1184
2.5468
2.7102
2.5293
1.9409
10.023
1.9454
8.6896
2.7479
2.4717
1.7783
6.9502
2.138
3.281
6.3241
3.6813
0.85901
0.68391
0.79983
0.68865
1.074
0.65163
0.69024
0.9247
0.74473
0.89743
0.66069
0.69343
0.99083
1.0914
0.80724
0.8147
0.76208
0.69663
0.68234
0.75162
0.65313
0.71779
0.68077
0.71121
0.89536
0.73961
0.67764
0.67298
0.65917
0.76736
0.76384
0.79983
0.71945
0.77625
0.71945
0.71285
0.73114
0.78705
0.84528
0.65013
0.86298
0.88512
0.85901
0.80168
0.72277
0.80168
0.75162
1
0.70146
0.79983
0.66069
0.80538
0.7925
0.68865
0.87902
0.9528
0.73621
1.1885
0.66988
0.74473
0.88308
0.82794
0.73114
0.80724
0.83946
1.0351
0.77625
0.67143
1.1169
0.76208
0.66988
0.66834
0.68707
0.66222
0.66222
0.67764
0.95499
0.88105
0.71614
0.68549
0.74989
0.82414
0.74817
0.95719
0.93541
0.72277
0.75683
0.69663
1.0069
0.97724
0.81846
0.78524
0.75336
0.88308
0.65917
0.75858
1.0789
0.82985
0.91833
0.97499
0.83176
0.76208
0.9977
0.65917
0.94189
0.71945
0.89536
0.83176
0.75336
0.74645
0.74817
0.69823
0.82224
0.69343
0.75162
0.65615
0.69823
0.80168
0.67453
0.74645
0.82794
0.71779
0.65615
0.74817
0.83176
0.73621
0.78524
0.69502
0.69024
0.69663
0.86896
0.74302
0.71614
0.88308
0.71121
0.77625
0.74989
0.82224
0.76033
0.85704
0.67608
0.72277
0.77446
0.72444
0.84333
0.77446
0.83176
0.70632
1.0093
0.67453
0.89536
0.85507
0.77983
0.78163
0.9528
0.69502
0.93972
0.81846
0.85507
0.68707
0.74473
0.67608
0.85901
0.98855
0.77446
0.84333
0.74131
1.0328
0.72778
0.8147
0.79799
0.70307
1.0116
0.84723
0.95719
0.78886
0.85114
0.67298
0.75858
0.74131
0.69984
0.7656
0.71945
0.87498
0.78163
0.77983
0.88308
0.74473
0.70632
0.69343
0.80724
0.78886
0.72111
0.69984
0.70469
0.7379
0.69984
0.92257
0.65615
0.66834
0.7145
0.69024
0.76736
0.82414
0.90365
0.75509
0.87498
0.79983
0.71779
0.79616
0.69024
0.70469
0.68077
0.82794
0.70469
0.84528
0.75162
0.67143
0.72611
0.78163
0.73114
0.74817
0.68865
0.71285
0.86298
0.77268
0.73621
0.76913
0.75162
0.72111
0.84528
0.82035
0.69663
0.66988
0.91411
0.73282
0.77625
0.74473
0.74131
0.65163
0.70146
0.82035
0.8356
0.80168
0.75162
0.66069
0.67453
0.65313
0.67608
0.63826
0.68549
0.75509
0.79983
0.77268
0.71121
0.69024
0.87096
0.94406
0.69183
0.72946
0.79068
0.68707
0.82794
0.71614
0.83946
0.7379
0.76384
0.74473
0.75162
0.73451
0.73961
0.77625
0.69024
0.70307
0.70146
0.8531
0.72611
0.81096
0.69502
0.75162
0.80538
0.70307
0.75162
0.78705
0.85704
0.7656
0.70146
0.75336
0.87902
0.72111
0.69343
0.86298
0.75509
0.73621
0.92683
0.74989
0.74473
0.8531
0.74989
0.68549
0.65163
0.63973
0.65766
0.65615
0.6792
0.64714
0.67764
0.68077
0.65464
0.6368
0.68707
0.8892
0.7656
0.75683
0.99541
2.3014
4.8195
0.72444
1.3772
1.2078
1.0666
0.89743
1.0839
0.95719
0.87498
0.8147
0.86099
0.80353
0.74302
0.76736
0.97051
0.93756
0.83176
0.78343
0.81658
0.83946
0.81283
0.76208
0.79799
0.88512
1.1749
0.66069
0.79433
0.67608
0.68707
0.8356
1.0471
0.8147
0.7656
1.39
0.85114
0.73961
0.73621
0.66527
0.70795
0.85704
0.96161
0.73621
0.76384
1.1298
0.70958
0.72611
0.65615
0.69343
0.65917
0.69183
0.63387
0.68865
0.64714
0.6792
1.2162
0.76913
0.68707
0.72277
0.69823
0.6368
0.65766
0.69343
0.7145
0.65313
0.67453
0.64863
0.69183
0.63533
0.68707
0.64863
0.76033
0.70958
0.7145
0.66988
0.65163
0.84723
0.73961
0.68234
1.1668
0.66988
0.88308
0.68865
1
0.69823
1.1561
0.71121
0.90157
0.877
0.90782
0.67298
0.66834
0.69823
0.7145
0.66988
0.70146
0.87902
0.82035
0.69663
0.78886
0.67143
0.67453
0.64863
0.81846
0.78163
0.9977
0.72946
0.75683
0.70958
0.75683
1.0617
0.66374
0.63973
0.65615
0.72946
0.75683
0.72277
0.70632
0.71945
0.67298
0.70146
0.64714
0.67143
0.63973
0.62661
0.71614
0.64714
0.67298
0.70307
0.77804
0.65615
0.69663
0.65464
0.62951
0.67608
0.62661
0.66834
0.63973
0.70469
0.90782
0.67143
0.66527
0.6368
0.7145
0.63973
0.66222
0.65464
0.73961
0.68865
0.64417
0.66222
0.69663
0.67764
0.63096
0.64565
0.68707
0.6792
0.62087
0.69663
0.68549
0.69343
0.71945
0.70307
0.68865
0.66222
0.66834
0.66069
0.69663
0.7925
0.79799
0.66069
0.67143
0.64565
0.63533
0.69024
0.68391
0.66069
0.82794
0.84918
0.74989
0.72277
0.69183
1.1324
0.76384
0.73961
0.64863
0.98628
0.89536
0.89331
0.77625
0.77625
0.73961
0.65917
0.84723
1.0351
0.82414
0.81283
1.0839
0.69823
0.76913
0.82035
0.76208
0.66527
0.91622
0.65917
0.69663
0.8356
0.94842
0.66834
0.82794
0.66681
0.68391
0.65615
0.83176
1.0715
0.87297
0.70469
0.81096
0.98175
0.79616
0.88105
0.66681
0.69183
0.79433
0.82224
0.68865
1.0257
0.69984
0.6792
0.69502
0.70958
0.69502
0.65917
0.64714
0.72611
0.69024
0.65766
0.68234
0.70146
0.6792
0.70795
0.72111
0.66988
0.70795
0.69502
0.62806
0.67453
0.78343
0.68865
0.67608
0.71779
0.72778
0.7925
1.2246
0.72111
0.62517
0.64269
0.66834
0.65766
0.69663
0.63096
0.6792
0.67764
0.65615
0.67143
0.7145
0.69984
0.66988
0.76384
0.69663
0.69183
0.67608
0.69823
0.68707
0.70469
0.69823
0.70307
0.88512
0.66222
0.63533
0.65163
0.63973
0.70469
0.66222
0.67143
0.63826
0.65917
0.60814
0.63533
0.64417
0.67143
0.70469
0.69823
0.66374
0.65464
0.63973
0.66374
0.65917
0.65464
0.66681
0.64121
0.62806
0.67764
0.68865
0.69343
0.68707
0.64863
0.68234
0.71945
0.72111
0.64269
0.68391
0.64863
0.62806
0.67453
0.66834
0.69823
0.68077
0.64417
0.63973
0.65615
0.68391
0.65766
0.77625
0.64121
0.65163
0.68234
0.62517
0.66834
0.64417
0.64714
0.65013
0.67143
0.66222
0.62661
0.65163
0.75509
0.63826
0.61802
0.6792
0.67143
0.69663
0.64714
0.64565
0.66222
0.65464
0.65013
0.74473
0.74817
0.65313
0.86497
0.81658
0.69502
0.65464
0.68865
0.72946
0.74817
0.8531
0.86298
0.65464
0.69984
0.64565
0.65163
0.69823
0.71614
0.64121
0.64565
0.67453
0.71779
0.68707
0.66988
0.67298
0.67453
0.68077
0.66069
0.63241
0.65615
0.64714
0.67764
0.65163
0.65917
0.64269
0.64714
0.64714
0.67143
0.68865
0.64863
0.64269
0.66681
0.67608
0.67608
0.65766
0.66222
0.65615
0.67764
0.65766
0.64121
0.67143
0.66527
0.73282
0.6166
0.64863
0.63387
0.7145
0.65917
0.65163
0.72946
0.66069
0.68234
0.66988
0.65013
0.63241
0.69823
0.69183
0.68707
0.69663
0.66834
0.72444
0.71779
0.65313
0.73961
0.65917
0.69183
0.66834
0.70307
0.71945
0.65163
0.69663
0.67298
0.67608
0.75683
1.0046
0.67764
0.65163
0.67764
0.72778
0.7925
0.69343
0.65766
0.6368
0.70146
1.1066
0.72277
0.64714
0.71779
0.66069
0.71945
0.69823
0.68077
0.73451
0.67453
0.64714
0.65766
0.61802
0.66222
0.62373
0.62517
0.64863
0.67298
0.66834
0.71121
0.6792
0.68234
0.75858
0.71945
0.71614
0.67143
0.65766
0.68707
0.66374
0.70469
0.67143
0.68549
0.77804
0.65766
0.68077
0.64269
0.64863
0.64269
0.70958
0.61094
0.70795
0.65313
0.64565
0.67143
0.61376
0.63387
0.65766
0.64269
0.65163
0.67298
0.67608
0.71779
0.64417
0.74131
0.79799
0.66988
0.65917
0.73961
0.83176
0.67764
0.66834
0.66374
0.63973
0.67143
0.71945
0.94624
0.82985
0.75162
1.0116
0.69024
0.98628
0.83368
0.69502
0.89536
0.93756
0.65917
0.66374
0.94406
0.91411
0.74645
0.71779
0.93111
0.71779
0.99083
0.90573
0.82794
0.94189
0.78705
0.65313
0.91622
0.79616
0.81283
0.6368
0.82224
0.64565
0.69984
0.76913
0.70146
0.88716
0.69343
0.69183
1.0257
0.69502
0.86298
0.63973
0.70307
0.68549
0.85507
0.82414
0.82035
0.8892
0.66988
0.7925
0.8091
0.70632
0.66069
0.73114
0.65615
0.79799
0.92897
0.6792
0.68234
0.8531
0.62951
0.82414
0.66988
0.71779
0.7379
0.73114
0.65464
0.69343
0.83368
0.73961
0.66222
0.70958
0.9247
0.72277
0.69183
0.66374
0.68707
0.68391
0.64121
0.60674
0.65464
0.64417
0.66527
0.67608
0.62951
0.64863
0.66069
0.61944
0.66988
0.68391
0.64417
0.65464
0.63387
0.66527
0.69024
0.65766
0.71121
0.63826
0.69183
0.73451
0.65464
0.65615
0.64565
0.66222
0.73961
0.66681
0.69663
0.65313
0.66222
0.69183
0.66527
0.6223
0.63387
0.65464
0.65013
0.63826
0.64121
0.62087
0.6792
0.68707
0.64565
0.64714
0.65615
0.72778
0.65163
0.74645
0.69823
0.65615
0.71945
0.66834
0.73961
0.69183
0.65464
0.6792
0.61944
0.63096
0.66988
0.64565
0.65615
0.72444
0.65313
0.68391
0.64863
0.65464
0.68391
0.65615
0.75858
0.69024
1.0162
0.65313
0.63533
0.66222
0.67143
0.68077
0.68391
0.71121
0.66681
0.63533
0.69502
0.61944
0.64714
0.68077
0.71945
0.69663
0.70307
0.65464
0.70795
0.72277
0.64417
0.66222
0.66222
0.73114
0.64565
0.63973
0.67453
0.68077
0.77625
0.70469
0.80724
0.68865
0.65313
0.66374
0.69183
0.62806
0.66222
0.66834
0.65013
0.65917
0.68234
0.64269
0.71121
0.65013
0.68707
0.68234
0.66527
0.66374
0.63533
0.67453
0.65766
0.66681
0.71121
0.66069
0.64269
0.69183
0.72111
0.67764
0.72111
0.65464
0.65917
0.67143
0.69984
0.65313
0.68077
0.69024
0.78705
0.6368
0.70469
0.63387
0.65917
0.64269
0.71285
0.65464
0.67453
0.63973
0.70307
0.66834
0.72277
0.66834
0.64863
0.66834
0.66222
0.7145
0.74131
0.71285
0.74989
0.66988
0.6792
0.68391
0.72444
0.74473
0.73114
0.70307
0.74473
0.67764
0.73282
0.72946
0.8147
0.70307
0.7145
0.73621
0.74302
0.71285
0.69343
0.6792
0.65766
0.68077
0.67143
0.66222
0.71121
0.65464
0.69183
0.68234
0.70146
0.65917
0.65464
0.64417
0.76033
0.69343
0.65464
0.66222
0.65917
0.63973
0.69183
0.68234
0.64565
0.67298
0.62806
0.70307
0.64863
0.66374
0.67298
0.71285
0.71614
0.66988
0.65766
0.68549
0.67453
0.66988
0.66834
0.70146
0.66374
0.68707
0.68549
0.68865
0.68077
0.7379
0.68549
0.6792
0.67764
0.68391
0.65615
0.66069
0.62806
0.62951
0.6223
0.70307
0.72277
0.68549
0.68707
0.64863
0.64121
0.65464
0.69502
0.69823
0.66374
0.72611
0.70469
0.70958
0.66681
0.76913
0.80538
0.68077
0.68549
0.67608
0.65615
0.66988
0.70632
0.64714
0.7379
0.7145
0.72611
0.63826
0.92257
0.73961
0.79433
0.63826
0.66374
0.65313
0.85507
0.74131
0.74473
0.77625
0.78163
0.69823
0.69343
0.71121
0.66834
0.66527
0.65313
0.68865
0.67608
0.67298
0.70469
0.69502
0.69502
0.69823
0.73961
0.67453
0.68234
0.66222
0.65464
0.64121
0.69024
0.69502
0.69343
0.90157
0.71285
0.8892
0.82604
0.65163
0.67453
0.64863
0.69823
0.66681
0.67453
0.78163
0.83368
0.86696
0.66681
0.68391
0.72611
0.76736
0.67298
0.66681
0.86696
0.70307
0.66222
0.71945
0.66069
0.67453
0.70469
0.66374
0.66527
0.66988
0.74817
0.65464
0.69183
0.66527
0.64714
0.61802
0.69984
0.67608
0.63241
0.64417
0.69024
0.65917
0.8531
0.8356
0.66988
0.68707
0.67143
0.75683
0.71121
0.93756
0.69663
0.73282
0.67453
0.86896
0.70958
0.68865
0.72611
0.69984
0.63533
0.82224
0.68077
0.71121
0.76736
0.67143
0.69502
0.74473
0.76033
0.67143
0.65013
0.64121
0.72444
0.63387
0.65917
0.81846
0.66374
0.66834
0.64863
0.7145
0.71614
0.69343
0.70146
0.69663
0.67298
0.6166
0.71614
0.68234
0.68549
0.66374
0.75858
0.73282
0.66681
0.68391
0.68077
0.69984
0.71285
0.67143
0.69024
0.69663
0.74473
0.64714
0.70469
0.71121
0.66834
0.67764
0.64565
0.69823
0.65615
0.71121
0.66988
0.75336
0.71121
0.85114
0.89125
0.62661
0.68707
0.69183
0.68234
0.61944
0.65163
0.66069
0.64417
0.68234
0.64121
0.69984
0.65163
0.66681
0.71121
0.65464
0.67143
0.68077
0.80724
0.71614
0.66988
0.75683
0.97051
0.69502
0.66834
0.70307
0.66374
0.64269
0.6792
0.67764
0.74131
0.82794
0.67608
0.65766
0.69663
0.69984
0.71614
0.72277
0.70146
0.77804
0.70146
0.65917
0.76736
0.81658
0.78524
0.66988
0.68391
0.63387
0.68391
0.76736
0.69663
0.67764
0.69984
0.68391
0.64269
0.69343
0.66988
0.65013
0.68865
0.68391
0.69984
0.69984
0.67453
0.67608
0.7709
0.70146
0.70795
0.70632
0.74645
0.67453
0.71945
0.72778
0.70632
0.71614
0.81658
0.7709
0.70958
0.70958
0.6223
0.72444
0.77804
0.8531
0.6166
0.7656
0.74302
0.65615
0.86099
0.91411
0.87096
0.77625
0.98401
0.9977
0.86896
1.0116
0.82604
1.0186
0.97724
0.76736
0.9506
0.68077
0.70307
0.70958
0.6792
0.66374
0.72946
0.81658
0.65615
0.94189
0.83368
0.99083
0.67298
0.83176
0.78343
0.80168
0.75509
1.2503
1
0.63826
0.66834
0.91411
1.0023
0.91411
0.76736
0.84333
1.0495
0.66069
0.69183
0.77446
0.65163
0.6792
0.67453
0.67143
0.66222
0.62373
0.66834
0.68707
0.66988
0.70146
0.66988
0.66527
0.66834
0.66834
0.66527
0.68549
0.70307
0.63533
0.67453
0.6792
0.64565
0.71121
0.69024
0.63973
0.72946
0.6368
0.68391
0.65766
0.66681
0.68077
0.68865
0.67453
0.70307
0.71614
0.93972
0.71945
0.97949
0.87902
0.7925
0.68707
0.82604
1.1272
0.68707
0.66527
0.77804
0.70469
0.6792
0.75336
0.67143
0.79983
0.67298
0.72111
0.67608
1.074
0.92045
0.96161
0.89743
0.73451
0.75509
0.96383
0.69502
0.71779
1.2677
0.74473
0.75683
0.75336
0.88308
0.66069
1.1749
0.87096
0.66374
0.67453
0.67608
0.71614
0.66681
0.72611
0.69183
0.87297
0.8892
0.76736
0.70469
0.66834
0.63826
0.73114
0.68234
0.67453
0.69823
1.1858
0.69823
0.65766
0.65464
0.69663
0.64714
0.63973
0.64863
0.69024
0.63387
0.7656
1.0889
0.67764
0.71121
1.3002
0.68077
0.82604
0.95719
0.86497
0.72946
0.75336
0.84333
0.67608
0.70958
0.70307
0.76736
0.6792
0.77804
0.64565
0.67608
0.66988
0.64714
0.66681
0.69343
0.64121
0.67298
0.66834
0.69663
0.64863
0.68707
0.70146
0.67143
0.66681
0.67608
0.65917
0.67298
0.65615
0.63533
0.67608
0.65917
0.67764
0.62806
0.69823
0.73621
0.68234
0.65917
0.63241
0.62373
0.73621
0.70795
0.66374
0.62517
0.70146
0.69663
0.75509
0.6792
0.68549
0.65917
0.70958
0.65163
0.66834
0.6792
0.66834
0.67608
0.6792
0.66069
0.68391
0.66988
0.68391
0.65615
0.64269
0.66374
0.62951
0.70795
0.73451
0.67764
0.65917
0.66069
0.65464
0.72444
0.7145
0.91622
0.98175
0.84528
1.1508
0.93756
0.7656
0.97949
0.68865
0.67143
0.66681
0.66069
0.68549
0.65163
0.7925
0.69343
0.67764
0.68391
0.66527
0.69502
0.65163
0.72277
0.68077
0.81283
0.69024
0.78524
0.69183
0.69663
0.65766
0.67453
0.71779
0.70469
0.64714
0.66222
0.66834
0.6368
0.68865
0.71285
0.64269
0.65013
0.65163
0.6368
0.66527
0.66222
0.67143
0.66374
0.72277
0.68077
0.63533
0.68391
0.67298
0.68865
0.67453
0.68549
0.63387
0.68234
0.66527
0.67608
0.67764
0.70958
0.68549
0.66681
0.62373
0.67764
0.68234
0.67298
0.70307
0.70632
0.70146
0.64863
0.64121
0.65917
0.73282
0.63387
0.65163
0.6166
0.63826
0.68549
0.72277
0.70958
0.69343
0.70632
0.68549
0.65766
0.74645
0.68549
0.63096
0.68077
0.67143
0.63826
0.67764
0.72778
0.71285
0.72444
0.68391
0.6792
0.64121
0.64269
0.64565
0.66681
0.66527
0.65615
0.71614
0.84918
0.69984
0.66069
0.74817
0.65464
0.70795
0.67764
0.73621
0.65615
0.66069
0.68549
0.74302
0.72111
0.65917
0.65615
0.65013
0.66527
0.64863
0.70469
0.67298
0.72778
0.66222
0.61376
0.67764
0.67764
0.69663
0.65464
0.7925
0.76913
0.66988
0.68234
0.68077
0.68865
0.65313
0.63387
0.66834
0.67298
0.66527
0.67453
0.66069
0.65163
0.66681
0.74302
0.66834
0.67764
0.71614
0.67298
0.69183
0.69502
0.67453
0.63096
0.67143
0.64714
0.64121
0.65313
0.62951
0.64121
0.66069
0.61518
0.64269
0.81658
0.64269
0.65615
0.70469
0.7145
0.8147
0.68707
0.67453
0.65464
0.68707
0.63241
0.69183
0.67453
0.7656
0.65163
0.63826
0.70469
0.69663
0.69984
0.69024
0.72444
0.69823
0.68077
0.66374
0.66374
0.7145
0.66222
0.63096
0.66069
0.65313
0.70795
0.66069
0.63241
0.68077
0.67143
0.65766
0.69343
0.6792
0.66988
0.66069
0.65464
0.65615
0.64714
0.64863
0.7379
0.64565
0.72444
0.82604
0.66834
0.73451
0.65615
0.6368
0.74473
0.65313
0.69024
0.69183
0.67298
0.65766
0.69984
0.73961
0.69343
0.67764
0.69343
0.66069
0.69024
0.68707
0.71614
0.69823
0.67298
0.63826
0.69984
0.67453
0.65615
0.71945
0.66069
0.64121
0.70795
0.67298
0.72277
0.69343
0.70795
0.70958
0.68865
0.78524
1.0593
0.62087
0.68391
0.88512
0.95719
0.66834
0.6368
0.70307
0.68707
0.62951
0.69502
0.68549
1.1429
1.0116
0.99541
0.66988
0.93541
0.68549
0.69502
0.74989
0.66527
0.67143
0.76736
0.66681
0.69183
0.64269
0.63387
0.66527
0.71779
0.65615
0.80724
0.68234
0.69343
0.66834
0.64269
0.64863
0.65013
0.61802
0.66988
0.70469
0.85507
1.1535
0.69343
0.69343
0.66527
0.64714
0.64269
0.70469
0.67298
0.69502
0.68549
0.67608
0.65766
0.82224
0.84333
0.76913
0.68234
0.69984
0.70958
0.90991
0.69343
0.65615
0.65766
0.69663
0.66069
0.66527
0.6368
0.6792
0.64714
0.67298
0.67143
0.65163
0.84528
0.96161
0.66374
0.70958
0.64714
0.66681
0.64714
0.69183
0.68865
0.6223
0.6368
0.61518
0.64863
0.66988
0.66527
0.65464
0.68707
0.63387
0.67608
0.68077
0.69502
0.65917
0.66374
0.69984
0.68077
0.68707
0.62806
0.66988
0.69502
0.6792
0.66681
0.63533
0.76033
0.73451
0.64863
0.73282
0.65917
0.67608
0.72444
0.7379
0.70146
0.66988
0.63533
0.64565
0.72946
0.68234
0.66834
0.92045
0.63387
0.66527
0.66988
0.68707
0.67608
0.65615
0.6368
0.70307
0.62951
0.71285
0.78163
0.67764
0.69984
0.69663
0.73961
0.67608
0.62951
0.71779
0.72946
0.96605
0.69183
1.0691
1.0162
0.65615
0.72111
0.70146
0.69984
0.68077
0.67453
0.65313
0.69343
1.1117
0.72277
0.71121
0.66527
0.65013
0.66222
0.66069
0.65917
0.69823
0.69343
0.67764
0.66988
0.62661
0.66527
0.77446
0.68865
0.67298
0.66681
0.7709
0.70146
0.7145
1.0641
0.67608
0.69502
0.66527
0.87902
0.91833
0.67143
0.69502
1.0162
1.1482
0.97275
0.66222
0.64269
0.70146
0.66527
0.66834
0.69502
0.69984
0.71945
0.66834
0.66069
0.65766
0.67608
0.66374
0.66069
0.6368
0.73451
0.66681
0.68234
0.71779
0.70795
1.094
0.9977
0.68865
0.67298
0.65917
0.74645
1.1455
0.65917
0.67608
0.67608
0.6223
0.67143
0.6792
0.70632
0.71614
0.75683
0.6792
0.66222
0.66374
0.77983
0.72277
0.77804
0.88105
0.64714
0.65313
0.66834
0.67764
0.70632
0.70958
0.64417
0.69183
0.64121
0.68707
0.68077
0.65313
0.61235
0.67143
0.64565
0.66069
0.67453
0.66681
0.64269
0.67143
0.66069
0.64417
0.72277
0.68549
0.66988
0.65615
0.66069
0.70632
0.68234
0.67764
0.68234
0.70958
0.66681
0.6368
0.66374
0.68391
0.64714
0.65766
0.68549
0.70958
0.65615
0.96161
1.2106
0.74302
0.86298
0.66527
0.64269
0.75683
0.69663
0.66834
0.71121
0.72778
0.72444
0.69343
0.81283
0.7145
0.70146
0.65313
0.69823
0.67143
0.63826
0.66834
0.7379
0.68234
0.67608
0.65766
0.68865
0.68077
0.69502
0.84918
0.97949
0.78163
1.2647
0.72611
0.66222
0.63387
0.60814
0.6792
0.67764
0.68391
0.6792
0.71779
0.69663
0.66222
0.66069
0.65013
0.64269
0.63533
0.67608
0.94406
0.66988
0.67608
1.0304
1.0914
0.65313
0.71121
0.89125
0.65163
0.64863
0.71285
0.94842
0.8531
0.78705
0.97275
0.67608
0.6166
0.65013
0.63973
0.69823
0.66069
0.64565
0.65464
0.70958
0.69663
0.66988
0.75336
0.73114
0.63973
0.69823
0.8091
0.75162
0.66527
0.72946
0.88512
0.85507
0.63533
0.71614
0.69663
0.67764
0.61235
0.67608
0.65917
0.64714
0.63387
0.70146
0.68391
0.6368
0.6368
0.6223
0.65013
0.64417
0.73282
0.68549
0.68865
0.83946
1.1695
0.67764
0.72111
0.65013
0.66069
0.68865
0.63973
0.76033
0.69183
0.70958
0.66374
0.68077
0.68391
0.66069
0.67298
0.9528
0.85114
0.65013
0.65163
0.65464
0.66681
0.69343
0.70469
0.83368
0.64714
0.69024
0.72611
0.74645
0.74645
0.94406
0.92257
0.69343
0.66374
0.68549
0.65163
0.63241
0.65313
0.69663
0.69183
0.69024
0.63241
0.74131
0.64121
0.67608
0.67453
0.67453
0.65615
0.65464
0.67453
0.74302
0.67453
0.77446
0.70958
0.74989
0.84333
1.2972
0.95499
0.63387
0.62517
0.70307
0.65917
0.69823
0.69984
0.64121
0.71285
0.71779
0.9247
0.8892
0.72778
0.65917
1.0351
1.0023
0.90782
0.66069
0.65163
0.79616
0.8414
0.85507
0.64417
0.70307
0.88105
0.68707
0.73451
0.63826
0.66834
0.65615
0.72111
0.62951
0.65013
0.65313
0.65615
0.66374
0.65464
0.69984
0.64269
0.65615
0.61235
0.65163
0.68391
0.68234
0.65615
0.72277
0.70958
0.63387
0.64269
0.67608
0.72444
0.65917
0.64863
0.65313
0.76208
0.64121
0.63973
0.66834
0.73114
0.72946
0.76208
0.65615
0.65464
0.73282
0.64417
0.70632
0.67298
0.66834
0.7145
0.73114
0.66834
0.67608
0.85507
0.84723
0.9247
0.63826
0.74473
0.69024
0.79068
0.69024
0.69663
0.69024
0.69502
0.66681
0.67608
0.68391
0.65766
0.73282
0.93972
0.99312
0.7379
0.67143
0.68077
0.66222
0.70958
0.83946
0.89125
0.9247
0.65464
1.0864
0.83753
0.65766
0.7709
0.73451
0.69823
0.66374
0.65163
0.65615
0.65013
0.66834
0.67764
0.65464
0.65163
0.65464
0.6792
0.77983
0.64417
0.69984
0.70307
0.70307
0.68234
0.66222
0.73114
0.66374
0.72946
0.69502
0.67608
0.72111
0.87096
0.95499
0.85901
0.68234
0.61518
0.68549
0.66988
0.70795
0.63973
0.68391
0.65013
0.62951
0.67764
0.66222
1.0914
1.1376
0.62517
0.7145
0.72277
0.69183
0.72111
0.97949
0.68234
0.75683
0.78524
1.0139
0.7145
0.68077
0.66374
0.66374
0.68077
0.65464
0.68077
0.72277
0.66681
0.64269
0.64714
0.64417
0.65313
0.6792
0.63973
0.67608
0.74131
0.69343
0.69183
0.64714
0.77625
0.71945
0.69343
0.70795
0.71614
0.63973
0.6792
0.68549
0.70958
0.78163
0.66069
0.67453
0.66988
0.69663
0.68549
0.68391
0.69024
0.62951
0.70795
0.73282
0.69984
0.72611
0.67143
0.85114
0.97724
0.68549
0.65163
0.67298
0.82224
0.67764
0.65615
0.66527
0.69984
0.68391
0.66527
0.69502
0.68077
0.7145
0.73451
0.69663
0.62373
0.77446
0.97275
0.65313
0.65917
0.67143
0.66988
0.68077
0.66834
0.71945
0.63973
0.69502
0.69183
0.66527
0.63826
0.66988
0.76208
0.75509
0.69024
0.66374
0.71779
0.76913
0.90365
0.73282
0.70307
0.64714
1.0139
1.2134
0.81283
0.69823
0.65766
0.66988
0.69343
0.65464
0.68077
0.63387
0.66069
0.70469
0.63826
0.62373
0.70958
0.68391
0.66069
0.66527
0.65917
0.63973
0.64269
0.68707
0.66069
0.69183
0.70795
0.65313
0.65163
0.66527
0.70469
0.72778
0.65615
0.66834
0.66834
0.79433
0.66681
0.68077
0.63826
0.62806
0.66681
0.70469
0.67453
0.69502
0.63533
0.6368
0.68077
0.75162
0.70469
0.64269
0.70958
0.64565
0.65013
0.63387
0.68077
0.6792
0.66988
0.66988
0.66222
0.62806
0.68549
0.70469
0.64269
0.66988
0.68865
0.71779
0.63241
0.70146
0.63387
0.64269
0.71121
0.69663
0.65615
0.67764
0.68865
0.64714
0.68234
0.72946
0.66988
0.70632
0.65766
0.66988
0.78705
0.65313
0.71121
0.76208
1.1169
0.79983
0.75162
0.66988
0.70469
0.69823
1.2246
0.78705
0.64417
0.70958
0.69823
0.66527
0.66069
1.1749
0.8414
0.68234
0.68707
0.65917
0.66527
1.074
0.97499
0.83368
0.64863
0.66988
0.65163
0.64121
0.6223
0.64565
0.65615
0.67143
0.69024
0.68077
0.68234
0.68391
0.64863
0.69343
0.64714
0.68549
0.65917
0.66222
0.67298
0.71779
0.66069
0.63387
0.65013
0.68391
0.70795
0.62517
0.67298
0.63387
0.65313
0.65013
0.67608
0.66222
0.64714
0.66374
0.7379
0.65464
0.67764
0.68391
0.66834
0.63096
0.66681
0.68077
0.70146
0.70632
0.7145
0.64863
0.66222
0.66988
0.65464
0.72277
0.67608
0.70469
0.68391
0.70958
0.74131
0.68391
0.70958
0.64714
0.63826
0.63241
0.66222
0.62806
0.6223
0.65313
0.66374
0.64269
0.69343
0.69343
0.64565
0.72946
0.68707
0.66069
0.67453
0.68077
0.63387
0.70632
0.67453
0.65464
0.66069
0.71285
0.70795
0.6368
0.72946
0.70795
0.69823
0.63096
0.66527
0.66069
0.67764
0.64863
0.70146
0.68077
0.6368
0.73114
0.71945
0.69343
0.64417
0.72778
0.64714
0.71945
0.71285
0.69984
0.79983
1.0864
0.66222
0.67298
0.63826
0.65615
0.66069
0.69024
0.71614
0.64714
0.66527
0.66222
0.72277
0.74645
0.67143
0.64417
0.71121
0.65766
0.66681
0.69183
0.67764
0.68077
0.70632
0.69502
0.64121
0.65917
0.68391
0.74302
0.70632
0.67764
0.64417
0.74645
0.76913
0.67764
0.68391
0.71285
0.66988
0.69663
0.72778
0.69502
0.72444
0.62951
0.68865
0.68549
0.70632
0.67298
0.7145
1.0839
0.88105
0.67298
0.65917
0.65917
0.66988
0.6792
0.70632
0.67453
0.69024
0.80538
0.69502
0.65766
0.64417
1.1117
0.64714
0.71945
0.81283
0.82794
0.72444
0.68865
0.67453
0.65163
0.70146
0.8356
0.69823
0.64714
0.6792
1.0544
0.8414
0.8995
0.6166
0.66527
0.68391
0.66069
0.70469
0.82794
0.72444
0.77268
0.67453
0.66834
0.68234
0.69502
1.0864
0.69502
0.74817
0.66681
1.0471
0.84918
0.66069
0.86896
0.94406
0.65917
0.66222
1.0399
0.85901
0.73961
0.68865
0.73621
0.73961
0.76208
0.81846
0.82604
0.66988
0.68865
0.67764
0.68865
0.65013
0.64863
0.76736
0.80353
0.69823
0.61518
0.66374
0.67453
0.66988
0.65013
0.68077
0.64417
0.67453
0.68234
0.70469
0.66834
0.69183
1.1066
0.86497
0.74473
0.64417
0.67298
0.63096
0.65464
0.65013
0.74817
0.72277
0.8531
0.7709
0.65766
0.74131
0.8995
0.85901
0.72946
0.70307
0.66222
0.68707
0.86696
0.75162
0.76384
0.96828
0.85901
0.66681
0.67143
0.69823
0.70307
0.73282
0.64565
0.68077
0.68865
0.66988
0.61944
1.0069
0.7379
0.66681
0.65766
0.66069
0.65615
0.63826
0.80724
0.65163
0.67298
0.65313
0.78163
0.69024
0.63533
0.83176
0.84333
0.71285
0.69984
0.66681
0.7379
0.79616
0.75858
0.68234
0.65313
0.72444
0.65917
0.64565
0.6792
0.94189
0.90782
0.97275
0.89125
1.1482
0.68549
0.81096
0.69663
0.64863
0.70146
0.65464
0.76208
0.67608
0.64714
0.67453
0.65615
0.93325
0.84723
0.75162
0.80724
1.1995
0.61944
0.65013
0.77446
0.64121
0.66527
0.83176
0.63096
0.76033
0.66681
0.73621
0.66681
0.65163
0.81658
1.0544
0.87902
0.71945
0.65917
0.65313
0.67764
0.97275
0.82985
0.66988
0.66834
0.65766
0.64269
0.65163
0.78163
0.66988
0.67143
0.70958
0.86696
0.78524
0.97949
0.68865
0.76913
0.67143
0.82414
0.78886
1.0544
0.75162
0.66374
0.72778
0.70469
0.68391
0.64863
0.63973
0.71614
0.67298
0.70469
0.70795
0.80168
0.78524
0.99541
0.81096
0.9506
0.81658
0.74645
0.73282
1.183
1.0023
0.67143
0.97051
0.86696
0.68865
0.74302
0.66069
0.99541
0.71121
1.1092
1.0839
0.68549
0.70632
0.70307
0.73114
0.66527
0.63973
0.68391
0.69502
0.65917
0.68391
0.69183
0.66834
0.67143
0.65313
0.72611
0.93541
0.64269
0.66988
0.65313
0.66222
0.69183
0.68234
0.68077
0.70146
0.71614
0.71285
0.82794
0.66374
0.75858
0.90782
0.94189
0.87902
0.68234
0.64863
0.70146
0.91833
0.80353
0.74131
1.0765
0.93325
0.67608
0.88308
0.80538
0.87498
0.98175
0.69024
0.79068
0.69823
0.82414
0.82035
0.65766
0.72778
0.78886
0.6792
0.96383
0.93541
0.80538
0.96161
0.91833
0.68549
0.6792
0.77983
0.78163
0.78343
0.92257
0.81846
0.68391
0.9594
0.70795
0.7925
1.0209
0.91411
0.91833
0.74473
0.89331
0.94842
0.81846
0.7656
0.87096
0.67764
0.64269
0.72111
0.69343
0.70469
1.0209
0.79616
0.67764
0.99541
0.82414
0.70307
1.0641
1.0093
0.64269
1.1041
0.80538
33.343
3.3884
3.0549
3.0549
3.0549
3.0549
3.0549
3.0549
3.0549
3.0549
3.0549
3.0549
3.0549
3.0549
3.0549
3.0549
3.0549
3.0549
3.0549
3.0549
3.0549
3.0549
3.0549
3.0549
3.0549
3.0549
3.0549
3.0549
3.0549
3.0549
3.0549
3.0549
3.0549
3.0549
3.0549
3.0549
3.0549
3.0549
3.0549
3.0549
3.0549
3.0549
3.0549
3.0549
3.0549
3.0549
3.0549
3.0549
3.0549
3.0549
3.0549
3.0549
3.0549
3.0549
3.0549
3.0549
3.0549
3.0549
3.0549
3.0549
3.0549
3.0549
3.0549
3.0549
3.0549
3.0549
3.0549
3.0549
3.0549
3.0549
3.0549
3.0549
3.0549
3.0549
3.0549
3.0549
3.0549
3.0549
3.0549
3.0549
3.0549
3.0549
3.0549
3.0549
3.0549
3.0549
3.0549
3.0549
3.0549
3.0549
3.0549
3.0549
3.0549
3.0549
3.0549
3.0549
3.0549
3.0549
3.0549
3.0549
3.0549
3.0549
3.0549
3.0549
3.0549
3.0549
3.0549
3.0549
3.0549
3.0549
3.0549
3.0549
3.0549
3.0549
3.0549
3.0549
3.0549
3.0549
3.0549
3.0549
3.0549
3.0549
3.0549
3.0549
3.0549
3.0549
3.0549
3.0549
3.0549
3.0549
3.0549
3.0549
3.0549
3.0549
3.0549
3.0549
3.0549
3.0549
3.0549
3.0549
3.0549
3.0549
3.0549
3.0549
3.0549
3.0549
3.0549
3.0549
3.0549
3.0549
3.0549
3.0549
3.0549
3.0549
3.0549
3.0549
3.0549
3.0549
3.0549
3.0549
3.0549
3.0549
3.0549
3.0549
3.0549
3.0549
3.0549
3.0549
3.0549
3.0549
3.0549
3.0549
3.0549
3.0549
3.0549
3.0549
3.0549
3.0549
3.0549
3.0549
3.0549
3.0549
3.0549
3.0549
3.0549
3.0549
3.0549
3.0549
3.0549
3.0549
3.0549
3.0549
3.0549
3.0549
3.0549
3.0549
3.0549
3.0549
3.0549
3.0549
3.0549
3.0549
3.0549
3.0549
3.0549
3.0549
3.0549
3.0549
3.0549
3.0549
3.0549
3.0549
3.0549
3.0549
3.0549
3.0549
3.0549
3.0549
3.0549
3.0549
3.0549
3.0549
3.0549
3.0549
3.0549
3.0549
3.0549
3.0549
3.0549
3.0549
3.0549
3.0549
3.0549
3.0549
3.0549
3.0549
3.0549
3.0549
3.0549
3.0549
3.0549
3.0549
3.0549
3.0549
3.0549
3.0549
3.0549
3.0549
3.0549
3.0549
3.0549
3.0549
3.0549
3.0549
3.0549
3.0549
3.0549
3.0549
3.0549
3.0549
3.0549
3.0549
3.0549
3.0549
3.0549
3.0549
3.0549
3.0549
3.0549
3.0549
3.0549
3.0549
3.0549
3.0549
3.0549
3.0549
3.0549
3.0549
3.0549
3.0549
3.0549
3.0549
3.0549
3.0549
3.0549
3.0549
3.0549
3.0549
3.0549
3.0549
3.0549
3.0549
3.0549
3.0549
3.0549
3.0549
3.0549
3.0549
3.0549
3.0549
0.98175
1.4158
1.1858
0.65313
1.4689
1.4689
1.4689
1.4689
1.4689
1.4689
1.4689
1.4689
1.4689
1.4689
1.4689
1.4689
1.4689
1.4689
1.4689
1.4689
1.4689
1.4689
1.4689
1.4689
1.4689
1.4689
1.4689
1.4689
1.4689
1.4689
1.4689
1.4689
1.4689
1.4689
1.4689
1.4689
1.4689
1.4689
1.4689
1.4689
1.4689
1.4689
1.4689
1.4689
1.4689
1.4689
1.4689
1.4689
1.4689
1.4689
1.4689
1.4689
1.4689
1.4689
1.4689
1.4689
1.4689
1.4689
1.4689
1.4689
1.4689
1.4689
1.4689
1.4689
1.4689
1.4689
1.4689
1.4689
1.4689
0.877
1.0423
0.71614
0.71614
0.71614
0.71614
0.71614
0.71614
0.71614
0.71614
0.71614
0.71614
0.71614
0.71614
0.71614
