4.1591
3.0479
2.0701
1.349
1.6368
1.4388
1.8621
0.96605
2.7353
2.3878
11.272
5.0003
4.8084
3.0269
1.9907
2.8774
3.0903
0.93325
0.99083
0.78343
0.87498
0.90365
0.82985
1.3183
1.2647
0.78886
0.91201
0.78343
0.77804
0.76384
0.83176
0.69823
0.65766
0.7379
0.73282
0.66834
0.75162
0.69663
0.8147
0.66681
0.69984
0.71614
0.74473
0.85114
0.80353
0.75509
0.70632
0.69183
0.65163
0.64863
0.65163
0.74989
0.98175
0.68077
0.69663
1.0233
0.7656
0.68549
0.77446
0.72946
0.77983
0.71614
0.7145
0.68707
0.67298
0.65917
0.75509
0.8147
0.79433
1.3932
0.87498
0.74989
0.68234
0.66069
0.71945
0.75336
0.72778
0.72111
0.75509
0.6792
0.67608
0.77268
0.77804
2.0417
6.3096
1.2445
1.4125
1.2359
1.4521
1.7824
1.7298
2.5645
0.8531
1.3459
1.7701
2.958
2.799
3.3729
1.7298
0.79799
0.69984
0.70958
0.64863
0.65917
0.68549
0.92897
0.85901
1.2853
1.2882
1.3213
2.1827
4.4978
2.5235
2.6363
0.97724
0.88105
0.68234
0.80538
0.78886
1.7579
1.2764
1.4125
2.7733
4.3251
1.4791
0.93111
0.9247
1.6558
1.7258
0.78524
0.74302
0.78343
0.97949
0.85507
1.194
0.89331
1.2078
1.0023
1.5922
1.6144
0.85507
0.76033
0.79433
1.8707
2.0324
1.2912
1.0399
1.3305
0.95719
1.4028
1.652
4.2073
2.7797
2.2803
0.88512
1.0351
0.88308
0.75683
1.1246
1.2972
2.8774
2.4831
1.406
2.2594
1.1246
1.0023
1.8197
1.0447
1.1695
1.2023
1.3709
0.81283
1.6943
0.9506
0.69183
0.82414
1.028
1.9187
0.93756
1.0046
1.2162
0.7925
3.3729
3.7497
1.052
1.1614
1.4689
0.99541
1.4588
1.2162
1.875
1.0186
1.0046
0.86896
1.9409
2.2233
1.1614
1.2078
2.023
2.9174
1.1455
1.0209
0.75509
2.8642
3.2359
5.6494
1.7298
2.2909
1.135
3.5645
2.2439
3.2734
1.7022
1.0839
0.85114
0.88716
1.5382
2.9717
1.2972
1.1858
1.1117
1.1246
1.7458
1.6293
1.1143
1.3772
1.8578
1.6749
1.0351
1.9143
1.406
1.3428
1.0209
1.0691
0.86298
1.094
0.87297
1.6069
4.4875
2.2646
2.958
2.8249
2.421
1.349
0.83946
1.1194
2.2961
1.2647
1.1429
1.2794
1.6144
1.2274
0.74817
0.90782
0.9247
2.4774
1.7022
2.729
1.0641
0.86497
0.96383
3.1405
2.8054
1.9409
1.845
3.1477
1.2474
0.70469
0.69663
1.9231
1.4689
1.0864
1.8923
1.1967
2.5527
2.673
1.766
1.5382
2.0941
3.2137
2.0701
2.3605
1.6711
1.0447
1.0447
2.0941
1.9953
2.8642
2.958
1.194
4.9545
2.7353
2.421
1.9011
2.037
1.9187
1.0209
2.5823
2.0893
2.2387
3.7325
3.0339
2.421
2.4266
5.821
2.3174
2.0797
0.83753
0.82604
3.281
3.8905
2.6182
1.0544
2.3768
1.9907
2.2439
2.7479
3.1477
1.875
2.4266
2.3714
3.9537
1.39
3.0409
0.73282
1.0641
1.074
3.5563
4.4157
2.2961
4.3251
2.5823
5.821
4.4566
9.4406
3.4834
1.7378
3.7239
7.9983
2.729
4.2073
5.4954
3.3497
2.3281
0.89331
2.6546
2.6002
2.6002
1.4388
3.9355
3.3037
4.2462
3.4674
3.6559
2.6303
2.1429
3.3884
8.8105
3.2137
0.8091
1.8323
3.1842
3.4995
1.4689
1.1641
3.8282
3.8548
9.2257
2.9923
2.7925
4.8529
4.0551
2.0845
8.1283
18.621
7.4131
0.91411
0.62806
2.0893
1.1143
0.81283
0.67453
1.932
1.9011
4.1495
3.1117
1.8155
3.1623
3.2137
4.3053
2.2699
1.3552
2.4378
2.6853
1.6749
1.8836
2.0324
2.2856
1.4622
2.138
6.5313
2.3768
6.1802
4.3152
8.3946
5.2966
2.5763
6.4863
4.7534
4.1783
2.2751
2.3496
1.3868
3.8815
5.8884
5.4576
12.531
0.62951
4.102
0.9977
0.65917
0.66988
0.6368
0.62517
0.76913
0.85901
0.8414
0.70469
0.87297
0.99083
0.72946
0.67143
1.8239
2.9512
3.5237
2.799
1.0399
0.89331
0.86497
0.74302
0.99312
0.74302
4.0926
2.0464
0.96161
3.7239
3.1477
1.3804
0.70795
0.65917
0.81846
0.65464
0.81096
2.6669
0.93325
0.79433
0.80724
1.0568
0.8356
0.66988
0.73451
0.77446
0.82794
0.89743
1.0023
0.76913
0.80353
0.74473
0.80538
0.93541
0.91201
0.96828
0.87297
0.87297
0.90365
0.75858
0.87498
0.8147
0.80168
0.82035
0.97724
0.97724
0.71945
0.71121
2.2284
0.90365
0.97724
0.84723
0.78705
0.69663
0.82224
0.70146
0.67764
0.74989
0.9594
0.69024
0.80724
0.70632
1.5996
1.4521
1.1429
1.0186
0.66222
0.71121
0.68077
0.72946
0.80538
1.6255
0.70958
0.69343
1.5704
1.0495
0.88716
0.93756
0.82794
0.9247
0.81846
0.90991
0.8147
0.70307
0.66527
0.74131
0.70958
0.69183
0.75509
0.77804
0.76913
0.8995
0.93972
0.81658
1.0069
0.84723
0.92045
0.69183
0.88716
0.66374
0.79799
0.9977
0.68234
0.68549
0.70469
0.66681
0.76384
1.9634
1.4355
0.70146
0.8531
0.70146
0.72946
0.68234
0.8147
0.75858
0.68865
0.66681
0.69343
0.69502
0.83946
0.97275
1.0617
0.73282
0.95719
0.97051
1.0375
0.88105
0.70632
0.71945
0.94842
1.1066
0.98628
0.85901
1.9543
0.7145
0.66527
0.6792
0.73961
0.74473
0.73282
1.2618
0.90573
0.73114
0.90782
0.87096
1.0046
0.97949
0.82414
0.78524
0.78524
0.89536
0.81846
0.77268
0.77983
0.76736
0.72277
0.69984
0.72611
0.81096
1.0423
0.83753
0.76033
0.77268
0.76913
0.68549
0.75858
0.80538
0.67764
0.79983
0.68077
0.85704
0.98401
0.7925
0.78886
0.68865
0.65013
0.79433
0.71779
0.82985
0.67608
0.79616
0.78886
0.71779
0.78343
0.94189
0.78343
0.90573
0.80538
0.90573
0.82985
0.71121
0.67453
0.65163
0.68707
0.84723
0.88512
0.70958
0.66681
0.7709
0.8091
0.82414
0.8995
0.98855
0.76033
0.79068
0.70307
0.68865
0.70958
0.86099
0.90782
0.68865
0.75336
0.68234
0.78524
0.80353
0.69663
0.6792
0.77446
0.74817
1.714
0.92257
0.99312
0.79433
0.90365
1.7061
0.91622
0.83946
1.0093
0.7379
0.74817
0.89536
0.78343
0.74645
1.0351
0.93541
0.68707
1.5453
0.87498
0.81846
0.89536
0.80168
0.81283
0.87297
0.76913
0.87096
0.79068
0.84333
0.72778
0.71614
0.71614
0.74645
1.028
0.94406
0.80353
1.0471
0.93111
0.66069
1.766
1.1092
0.79433
0.68077
0.90365
1.1376
0.68707
0.79068
0.70958
0.70469
1.1858
0.64863
0.95499
0.71614
0.8356
0.67764
0.72611
0.92257
0.85114
0.83946
0.83176
2.0417
1.3804
3.4356
0.85507
0.78705
0.75509
0.76033
0.88716
0.71945
0.65163
0.74131
0.71121
0.67764
0.68234
1.3152
0.86497
0.84918
0.8147
0.65615
1.7539
1.977
3.4514
0.76736
0.68077
0.68391
0.81846
0.77446
0.86497
1.0617
0.66681
0.73621
0.70146
0.75336
0.87902
0.72946
0.78343
0.63973
0.81096
0.85901
0.69823
0.73961
0.76913
0.74989
0.89125
0.72277
0.69183
0.72611
0.80724
0.94624
0.69984
0.65313
0.64863
0.68707
0.76384
0.70469
0.76384
0.69502
0.74645
0.68234
0.67764
0.84918
0.98628
1.2106
0.7379
0.72277
0.92045
0.82414
0.80724
0.73621
0.64863
0.7656
1.0209
0.78163
0.78163
0.85507
0.95499
0.78705
0.83368
0.8995
1.0666
0.76736
0.7145
0.77446
0.71779
0.78343
0.69663
1.0069
0.71285
0.72277
0.79616
0.99083
0.82224
0.77446
1.1912
0.80724
0.79433
0.75336
0.88512
0.88512
0.7379
0.74131
0.65615
0.66988
0.64714
0.63387
0.6792
0.96605
0.78343
0.84333
0.73451
0.66069
0.65313
0.78524
0.71779
0.72111
0.73961
0.74302
0.75162
0.72946
0.82604
0.82604
0.78886
0.69183
0.88308
0.77268
0.84528
0.81658
0.72946
0.66374
0.68234
0.89536
0.77804
1.9907
0.84723
0.85114
0.69502
0.877
0.80724
0.69502
0.91622
0.76384
0.73451
0.77446
0.74989
0.66069
0.69502
0.66374
0.72444
2.0464
1.5885
0.81283
0.72778
0.71779
0.67143
1.0617
0.66527
0.74473
0.99083
0.80538
0.86497
1.2274
0.7709
0.7925
0.71779
0.77804
0.87902
0.82985
0.90782
0.76208
0.7145
0.69984
0.79799
0.78886
0.73621
0.77983
0.64417
0.68865
0.70795
0.79616
0.79799
0.6792
0.72277
0.66681
0.68865
0.75858
0.73961
0.74473
0.83946
0.84723
0.82414
0.68234
0.69024
0.67453
0.66527
0.88512
0.87297
0.82035
0.8995
0.71779
0.68865
0.6792
0.79068
0.74131
0.85901
0.65766
0.74131
0.69984
0.76736
0.81096
0.69984
0.90157
0.69343
0.68865
0.66988
0.65313
0.79799
3.7844
1.6482
1.2942
1.2331
1.6672
2.7797
3.8726
2.8119
4.0179
2.208
2.7479
1.7579
1.0839
2.9444
1.7742
2.5119
2.5468
6.2951
0.73961
0.62517
0.66069
0.76913
0.97275
0.72277
0.63096
0.71121
0.66069
0.65615
0.66374
0.67453
0.74473
0.6792
0.68707
0.6223
0.62517
0.66834
0.66834
0.71614
0.85901
0.93325
0.84918
0.67298
0.8892
0.73282
0.67764
0.67453
0.76208
0.8892
0.90157
1.5031
0.7379
0.7656
0.7379
0.85507
0.82604
0.69984
0.88105
0.88105
0.79433
0.68865
0.66527
0.65163
0.65163
0.68549
0.8091
0.68077
0.68865
0.82794
0.92683
0.78343
0.71121
0.85704
0.78705
0.79616
0.94842
0.66988
0.69984
0.69343
0.84723
0.77446
1.1535
0.83946
0.69024
0.7145
1.4521
0.87297
0.77446
0.69183
0.70146
0.76913
0.75509
0.72946
0.66527
0.63387
0.69024
0.72277
0.74817
0.6368
0.71285
0.76384
0.79799
0.69823
0.76384
0.69343
0.72444
0.65464
0.66222
0.69663
0.76384
0.77625
0.8147
0.74473
0.9247
0.75858
0.74645
0.85901
0.84918
0.8892
0.88308
0.73451
0.73621
0.80538
0.69502
0.87902
0.78343
0.84723
0.8414
0.73451
0.74989
0.66681
0.72611
0.91622
1.7865
0.71614
0.68234
0.72444
0.68549
0.71285
0.73621
0.90365
1.0544
0.69502
0.63826
0.74645
0.68077
0.66374
0.64863
0.69183
0.6368
0.63387
0.66527
0.67764
0.7145
0.67764
0.80538
0.65313
0.67143
0.69024
0.67764
0.65313
0.6223
0.68234
0.64714
0.67143
0.70469
0.61376
0.65313
0.68077
0.64417
0.66069
0.65163
8.8716
1.766
0.76913
0.69502
0.8356
0.68707
0.76736
0.86896
0.99541
0.89125
0.68707
0.69343
0.71945
0.73621
0.70795
0.7709
0.76208
0.67764
0.73282
0.65615
0.70958
0.70469
0.66069
0.85704
0.80353
1.194
0.91833
0.73451
0.8091
0.77268
0.69984
0.71285
0.89125
0.72444
0.73451
0.67143
0.68707
0.70146
0.73961
1.1668
0.95499
0.70469
0.73114
0.86696
0.7925
0.77625
0.94406
0.82035
0.86696
0.80538
0.8091
0.87902
0.95499
0.82985
0.82794
0.78705
0.86896
0.87498
0.82985
0.7379
0.70958
0.74302
0.79068
0.73114
1.1194
0.78163
0.84723
0.8091
0.89331
1.1885
0.69343
0.95719
0.8356
1.0233
0.72277
0.82035
0.74302
0.80538
1.1066
0.75858
0.70632
1.0139
0.78886
0.70469
0.69502
0.66681
0.7379
0.86896
0.84528
0.83946
0.75858
0.7379
0.65615
0.71285
0.77446
0.93111
0.6792
0.71945
0.6792
0.67453
0.67143
0.74473
0.74817
0.71285
0.64565
0.81658
0.68391
0.68865
0.68077
0.71121
0.70146
0.64863
0.67608
0.7379
0.73451
0.69024
0.73114
0.68865
0.70632
0.70958
0.72111
0.83368
0.87096
0.70795
0.72611
0.7709
0.68865
0.74302
0.72946
0.73114
0.71779
0.75509
0.70632
0.70469
0.76208
0.71121
0.73451
0.72611
0.66681
0.86298
0.82985
0.74989
0.94406
0.7925
0.71945
0.65615
0.6792
1.1194
0.73621
0.78343
0.8531
0.8147
0.73451
0.90991
0.86497
0.80168
0.78886
0.84528
0.71779
0.76384
0.63096
0.64863
0.69663
0.77625
0.77983
0.65013
0.91833
0.78343
0.66222
0.73621
0.76033
0.73114
0.76384
0.67298
0.73961
0.68234
0.64269
0.70307
0.68865
0.61944
0.72111
0.66527
0.74817
0.64121
0.67143
0.72444
0.71285
0.8147
0.66834
0.80538
0.73114
0.82035
0.73961
0.86099
0.74302
0.71945
0.76033
0.7145
0.76913
0.77804
0.72611
0.73114
0.69024
0.77446
0.78343
0.69823
0.66527
0.64121
0.72778
0.64863
0.72277
0.70958
0.67298
0.6368
0.64714
0.66988
0.66527
0.66069
0.68391
0.74645
0.65464
0.80353
0.7656
0.72611
0.72946
0.75683
0.66681
0.75683
0.68077
0.76736
0.69183
0.70469
0.64863
0.6368
0.70958
0.70958
0.72111
0.67298
0.69663
0.68549
0.82224
0.78524
0.65766
0.66834
0.71614
0.65766
0.66834
0.68391
0.74302
0.86099
0.6368
0.7709
0.70795
0.69984
0.74989
0.80724
0.72444
0.76208
0.90991
0.8892
0.81283
0.82035
2.7925
2.8774
3.0269
4.5499
3.9446
3.7325
8.6896
6.8865
7.4989
3.1261
0.65013
0.66069
0.63973
0.68391
0.68865
0.70307
0.63533
0.70632
0.66681
0.65163
0.6368
0.71285
0.68077
0.68391
0.63826
0.61802
0.67453
0.65013
0.75162
0.84723
1.094
0.74817
0.68865
0.70469
0.72444
0.62806
0.62373
0.68549
0.68549
0.69663
0.94624
0.75509
0.9528
0.71945
0.71945
0.6792
0.74131
0.7379
0.66374
0.72946
0.77983
0.96161
1.1429
0.7709
0.68549
0.66222
0.74473
0.66222
0.65313
0.85901
0.80168
0.74131
0.90991
0.65917
0.92045
0.88308
0.66527
0.71285
0.71121
0.71779
0.69024
1.0209
0.68549
0.67298
0.66527
0.69183
0.97051
0.73961
0.65163
0.68077
0.76033
0.69663
0.65766
0.75336
0.7145
0.68391
0.77268
0.9528
0.75162
0.82794
0.75336
0.70146
0.68707
0.69183
0.72111
0.71945
0.75509
0.70146
0.71121
0.66527
0.67298
0.7709
0.66527
0.72778
0.72111
0.65766
0.8995
0.80724
0.72778
0.72778
0.73114
0.75509
0.69502
0.76033
0.70632
0.9594
0.86099
0.68077
0.68549
0.84723
1.0046
0.75858
0.69024
0.66834
0.70146
0.7379
0.71779
0.67143
0.68077
0.67143
0.65766
0.70307
0.74817
0.70795
0.71614
0.73451
0.68865
0.74817
0.88716
0.80353
0.79983
0.65615
0.66527
0.69183
0.72111
0.66527
0.63387
0.65917
0.63387
0.70469
0.67608
0.67764
0.67453
0.71285
0.64417
0.82224
0.68234
0.67608
0.72277
0.73621
0.72946
0.64714
0.71614
0.65313
0.66834
0.69502
0.68549
0.69183
0.78886
0.68707
0.69343
0.76736
0.6792
0.68234
0.67453
0.66988
0.67298
0.65917
0.63387
0.69663
0.68391
0.64269
0.78163
0.73114
0.68707
0.69663
0.66527
0.65013
0.72611
0.66374
0.64863
0.71285
0.65163
0.66374
0.63096
0.69343
0.66069
0.62087
0.67764
0.63973
0.7145
0.64714
0.69024
0.65766
0.71614
0.64863
0.63387
0.66222
0.66527
0.65615
0.68549
0.82035
0.66834
0.64863
0.63241
0.6223
0.6166
0.74817
0.62951
0.67608
0.76384
0.66988
0.73282
0.63973
0.65013
0.66988
0.67298
0.61802
0.67453
0.77268
0.69984
0.67453
0.75336
0.68549
0.66222
0.70795
0.64121
0.68391
0.69343
0.65917
0.68865
0.66069
0.70469
0.68707
0.65766
0.68549
0.70307
0.70795
0.69663
0.70958
0.65464
0.72444
0.68865
0.62517
0.69183
0.77446
0.69502
0.65464
0.66988
0.68234
0.73451
0.69024
0.65464
0.69502
0.68077
0.68865
0.65766
0.72444
0.63973
0.72778
0.67143
0.69502
0.72946
0.69024
0.76208
0.75162
0.74302
0.68077
0.66681
0.70795
0.67453
0.67453
0.65013
0.70469
0.74131
0.75162
0.66527
0.79799
0.69823
0.72111
0.68865
0.66374
0.74473
0.68707
0.68865
0.65163
0.76736
0.71121
0.7145
0.70795
0.69024
0.70795
0.78705
0.68549
0.69183
0.72444
0.75858
0.70146
0.66222
0.6792
0.62951
0.65766
0.66527
0.74302
0.68077
1.0839
0.78886
0.70469
0.66222
0.69183
0.71945
0.73114
0.78524
0.70795
0.74645
0.66681
0.72946
0.68865
0.65464
0.6792
0.62661
0.62951
0.64714
0.7145
0.62087
0.6792
0.63973
0.6368
0.70146
0.74989
0.62951
0.68234
0.70795
0.71285
0.67143
0.72444
0.67608
0.76208
0.65615
0.7379
0.74817
0.74817
0.66069
0.71285
0.7379
0.63241
0.72444
0.70469
0.67764
0.71945
0.66222
0.69502
0.68865
0.66834
1.205
0.84333
0.87902
0.65163
0.69984
0.7145
0.66222
0.69663
0.71614
0.64714
0.70795
0.66222
0.65163
0.69984
0.92683
0.70469
1.094
0.91833
0.68077
0.74645
0.68077
0.65163
0.76913
0.67608
0.75336
0.67298
0.67298
0.71614
0.76208
0.69823
0.69663
0.67764
0.75336
0.63826
0.75683
0.71121
0.69183
0.67143
0.70632
0.68549
0.78705
0.69663
0.71945
0.69984
0.74817
0.70469
0.67143
0.69343
0.77446
0.77268
0.90782
0.79068
1.028
0.70469
0.67453
0.66069
0.67298
0.65615
0.67143
0.65766
0.75336
0.67298
0.72946
0.65313
0.76384
0.80353
0.93541
0.86298
0.62087
0.66834
0.62517
0.68865
0.63387
0.69823
0.67608
0.67764
0.66222
0.64714
0.6792
0.71779
0.67143
0.69984
0.71945
0.64714
0.68077
0.71945
0.62087
0.68234
0.64121
0.64417
0.68391
0.69183
0.68865
0.69984
0.68234
0.77446
0.70958
0.89536
0.97949
0.70146
0.65917
0.66527
0.6792
0.63387
0.66988
0.66834
0.66527
0.69823
0.69823
1.0209
0.71945
0.71121
0.77804
0.75683
0.70632
0.67298
0.63241
0.73451
0.76384
0.70632
0.66069
0.65917
0.74817
0.74989
0.70307
0.73621
0.68077
0.63973
0.65464
0.72111
0.69502
0.78163
0.74645
0.72111
0.76913
0.85114
0.96161
0.76736
0.70632
0.74302
0.64121
0.7656
0.66834
0.68391
0.75336
0.65013
0.71945
0.73961
0.75162
0.66374
0.75509
0.68707
0.79983
0.73282
0.77983
0.65313
0.67764
0.69343
0.65766
0.69984
0.72444
0.68234
0.67298
0.74989
0.72444
0.69823
0.83753
0.75162
0.73961
0.75509
0.67143
0.70958
0.67764
0.76208
0.66834
0.77268
0.61518
0.69343
0.79068
0.71945
0.67608
0.69183
0.72778
0.66988
0.65917
0.76208
0.68549
0.94189
1
0.7925
0.67143
0.68707
0.7379
0.68077
0.67453
0.68549
0.69343
0.69984
0.65464
0.63826
0.70958
0.72277
0.69823
0.71945
0.96828
0.96828
0.85901
0.83753
0.66527
0.72111
0.66681
0.75683
0.69823
0.81283
0.73621
0.73282
0.8091
0.70146
0.83946
0.76033
0.72111
0.6792
0.74645
0.75509
0.75683
0.66374
0.76384
0.71285
0.68549
0.75336
0.73621
0.66681
0.74645
0.78163
0.71945
0.70146
0.66681
0.73114
0.64417
0.69343
0.84333
0.79433
0.67143
0.74473
0.72946
0.77625
0.75858
0.76736
0.75683
0.65163
0.70958
0.64565
0.66834
0.72778
0.82035
0.75858
0.64417
0.68549
0.7145
0.75683
0.82414
0.68707
0.6792
0.72778
0.70469
0.65163
0.69343
0.73961
0.68707
0.64863
0.75336
0.72277
0.7379
0.72778
0.78705
0.69663
0.67143
0.65766
0.77446
0.69984
0.68234
0.71945
0.71945
0.69183
0.69024
0.72611
0.73451
0.69183
0.70469
0.74302
0.80724
0.65313
0.71945
0.68865
0.67764
0.69183
0.69823
0.68391
0.70469
0.74817
0.69663
0.68707
0.80724
0.66988
0.81283
0.67608
0.72444
0.73114
0.99312
0.85114
0.75336
0.64417
0.68707
0.72277
0.69502
0.82604
0.69343
0.81846
0.69823
0.67453
0.70146
0.69183
0.65464
0.63826
0.73961
0.79616
0.77446
0.8356
0.75336
0.72277
0.77983
0.65766
0.70958
0.70958
0.68077
0.66374
0.68077
0.70146
0.84528
0.73451
0.67143
0.65163
0.72277
0.71614
0.68077
0.8147
0.91622
0.88512
0.64863
0.69984
0.71614
0.6792
0.65917
0.62806
0.65917
0.65464
0.65766
0.67608
0.65917
0.62661
0.72946
0.70469
0.67453
0.90365
0.877
0.82604
0.66374
0.70795
0.68865
0.66834
0.69663
0.66374
0.66988
0.74131
0.72111
0.80538
0.72111
0.72778
0.65464
0.80353
0.65766
0.65464
0.70146
0.68707
0.77268
0.66988
0.65766
0.65766
0.72111
0.76913
0.76033
0.78163
0.73621
0.6792
0.63533
0.63826
0.72277
0.98175
0.68391
0.78886
0.70469
0.7379
0.66527
0.69663
0.7145
0.6368
0.68865
0.66527
0.69984
0.74645
0.69502
0.74645
0.71121
0.71121
0.90365
0.80538
0.70146
0.67608
0.73282
0.78705
0.74989
0.73621
0.69823
1
1.099
0.81846
0.88105
0.76033
0.77804
0.92897
0.70632
0.67453
0.6792
0.72111
0.63533
0.73282
0.70795
0.65615
0.73114
0.78705
0.73282
0.73451
0.83946
0.64714
0.75858
0.73282
0.83753
0.7709
0.75683
0.74645
0.74473
0.74131
0.84723
0.77268
0.69183
0.65917
0.81283
0.66681
0.68549
0.74131
0.63533
0.72111
0.73282
0.83753
0.80538
0.70958
0.71285
0.65766
0.69343
0.80724
0.84333
0.7379
0.86298
0.82604
0.67764
0.6792
0.92683
0.85901
0.69502
0.88308
0.68077
0.70307
0.68234
0.89125
0.82604
0.75509
0.7379
0.75336
0.70146
0.75336
0.70307
0.73961
1.0069
0.65013
0.71945
0.73451
0.78886
0.82414
0.78886
0.7656
0.73451
0.74645
0.7925
0.69183
0.72611
0.8892
0.84723
0.7379
0.73282
0.72778
0.72946
0.69502
0.69343
0.8147
0.74302
0.68077
0.75162
0.70958
0.76736
0.78524
0.71614
0.75683
0.76384
0.77446
0.77983
0.84528
0.71121
0.76384
0.7925
0.72111
0.73451
0.80724
0.79616
0.72946
0.77625
0.73961
0.70307
0.86298
0.69502
0.72277
0.69502
0.74302
0.70307
0.86696
0.82985
0.78524
0.74645
0.76736
0.71614
0.76033
0.72444
0.68391
0.71121
0.6792
0.7709
0.86298
0.74817
0.74131
0.72444
0.71121
0.71285
0.72778
0.83368
0.7145
0.82035
0.86896
0.66681
0.73114
0.73114
0.67453
0.69663
0.73282
0.77804
0.81846
0.72277
0.7145
0.8091
0.8091
0.68707
0.75683
0.74817
0.70307
0.8995
0.70958
0.82985
0.83753
0.69823
0.73621
0.70469
0.85901
0.73451
0.76736
0.79983
0.92257
0.86896
0.81846
0.69343
0.74131
0.77268
0.67143
0.72111
0.67764
0.68549
0.71614
0.84918
0.74473
0.72778
0.71121
0.78886
0.73282
0.78163
0.76913
0.92257
0.88105
0.66988
0.81846
0.68549
0.75162
0.75336
0.90573
0.80168
0.70632
0.78886
0.7925
0.73621
0.78705
0.8091
0.71285
0.80724
0.8414
0.75683
0.79799
0.77983
0.80538
0.68391
0.77446
0.73114
0.68707
0.73621
0.70632
0.77446
0.72111
0.90365
0.73961
0.8531
0.6792
0.83753
0.75683
0.73621
0.7925
0.75336
0.70307
0.76736
0.66527
0.7709
0.77268
0.78705
0.69823
0.69183
0.75162
0.80353
0.68707
0.69823
0.75858
0.84528
0.70146
0.68391
0.71285
0.75162
0.72277
0.73621
0.75336
0.73282
0.79799
0.69024
0.69663
0.6792
0.65163
0.7656
0.70795
0.81096
0.64863
0.66527
0.64714
0.78343
0.76208
0.67453
0.72277
0.82224
0.74473
0.73621
0.82224
0.69984
0.74645
0.69984
0.67608
0.70795
0.65313
0.68549
0.76913
0.79983
0.70632
0.77804
0.77625
0.88308
0.69502
0.71779
0.68707
0.74817
0.69183
0.70469
0.75336
0.69984
0.77983
0.75336
0.82604
0.66374
0.66374
0.69343
0.77625
0.75162
0.73282
0.6792
0.67764
0.79799
0.76384
0.81846
0.78886
0.84528
0.72277
0.88308
0.87902
0.82035
0.73114
0.82604
0.74817
0.74473
0.67764
0.7145
0.72946
0.73451
0.68549
0.71285
0.67298
0.68391
0.73621
0.80724
0.71614
0.69024
0.7379
1.0789
0.71121
0.74817
0.83753
0.72277
0.66222
0.74645
0.85114
0.69343
0.71945
0.73114
0.71614
0.78886
0.877
0.78343
0.97949
0.68234
0.73961
0.72111
0.7656
0.82414
0.71285
0.75683
0.8091
0.72611
0.72611
0.8356
0.74817
0.76033
0.76208
0.74473
0.71121
0.70307
0.73621
0.66681
0.68234
0.72111
0.75336
0.75162
0.68549
0.69984
0.7379
0.81658
0.82224
0.84528
0.92045
0.7145
0.64565
0.73621
0.72277
0.74473
0.73621
0.6792
0.65917
0.68707
0.70958
0.77625
0.70307
0.67608
0.66527
0.6792
0.68707
0.78886
0.88716
1.0116
0.78886
0.87498
0.67298
0.69183
0.70469
0.8091
0.7656
0.72111
0.89743
0.79799
0.72111
0.8892
0.80724
0.77446
0.78886
0.69823
0.73621
0.73114
0.71614
0.71779
0.75858
0.72111
0.74645
0.86896
0.78705
0.68077
0.70958
0.71121
0.72111
0.68865
0.81283
0.79799
0.76913
0.77983
0.72611
0.77983
0.69183
0.74989
0.7656
0.82224
0.8414
0.76913
0.69024
0.8091
0.61518
0.80168
0.77268
0.78163
0.81283
0.71779
0.74645
0.81283
0.76736
0.79983
0.71779
0.85704
0.72111
0.8356
0.90365
0.71285
0.78886
0.72111
0.70146
0.66527
0.88716
0.82985
0.71779
0.76384
0.79983
0.76033
0.7379
0.82414
0.68234
0.94624
0.72111
0.71945
0.79068
0.71614
0.7379
0.70632
0.80168
0.76033
0.67608
0.79068
0.70146
0.80724
0.71779
0.69502
0.69183
0.75683
0.71779
0.69502
0.87096
0.85114
0.76033
0.73961
0.76033
0.72946
0.8147
0.81096
0.76033
0.72444
0.82794
0.72111
1
0.8091
0.77625
0.73621
0.70146
0.69024
0.70958
0.74302
0.7145
0.77625
0.85704
0.86696
0.76208
0.74817
0.74302
0.7379
0.83368
0.82224
0.73961
0.87297
0.82224
0.8091
0.82224
0.68549
0.70307
0.80724
0.82604
0.71614
0.73961
0.81283
0.71121
0.73114
0.68077
0.68865
0.75683
1.0162
0.76736
0.91411
0.70146
0.73621
0.89536
0.80168
0.79433
0.80538
0.8091
0.75858
0.70146
0.71121
0.86298
0.70958
0.98401
0.77804
0.7379
0.74473
0.71779
0.73114
0.86099
0.72277
0.84333
0.66681
0.68391
0.86896
0.66374
0.80724
0.70795
0.74989
0.80724
0.65163
0.79983
0.72611
0.72277
0.74645
0.79983
0.83176
0.87498
0.86298
0.78163
0.68707
0.74302
0.75162
0.68707
0.67143
0.82604
0.79068
0.86298
0.86099
0.79983
0.71779
0.79983
0.76033
0.8995
0.74989
0.80724
0.75858
0.7709
0.74817
0.78343
0.82224
0.8091
0.68549
0.69984
0.7925
0.76913
0.72111
0.74473
0.89536
0.74473
0.8414
0.74817
0.84528
0.71614
0.76913
0.66069
0.77983
0.72444
0.66681
0.68391
0.78163
0.69984
0.90157
0.80353
0.72111
0.77625
0.7925
0.63826
0.69502
0.89331
0.84918
0.99541
0.75336
0.6792
0.70146
0.77804
0.81658
0.73961
0.81283
0.74131
0.79068
0.68707
0.82414
0.71945
0.69823
0.81096
0.70146
0.7709
0.7145
0.75336
0.82604
0.71945
0.79799
0.72277
0.69343
0.80168
0.91201
0.71285
0.74302
0.91411
0.75509
0.70795
0.79983
0.69502
0.79983
0.73114
0.83368
0.69183
0.71285
0.71121
0.79068
0.91411
0.77983
0.90782
0.73451
0.76736
0.82794
0.73114
0.77446
0.67764
0.77446
0.7379
0.7379
0.70469
0.81283
0.91201
0.80724
0.94624
0.90157
0.90991
0.68549
0.74131
0.70146
0.89125
1.052
0.75162
0.6792
0.69024
0.82414
0.88512
0.8531
0.8356
0.71945
0.71779
0.75858
0.77268
0.74989
0.7656
0.73961
0.75336
0.78163
0.68234
0.79799
0.74302
0.66374
0.80168
0.7379
0.80168
0.82604
0.69024
0.7145
0.71285
0.91201
0.88105
0.78524
0.64417
0.74817
0.88716
0.76033
0.82224
0.75683
0.75509
0.74131
0.77446
0.73451
0.71121
1
0.92683
0.77625
0.73961
0.71779
0.76033
0.8147
0.90573
0.79068
0.74131
0.69823
0.69502
0.79983
0.81283
0.77983
0.86298
0.8531
0.65615
0.91201
0.8531
0.71121
0.7379
0.84918
0.69984
0.81846
0.82035
0.73114
0.74131
0.90157
0.96161
0.71779
0.69502
0.79799
0.877
0.79433
0.74131
0.7379
0.86298
0.97724
0.8356
0.81283
0.75162
0.76913
0.72778
0.85704
0.70958
0.7379
0.77983
0.79983
0.80538
0.69183
0.77983
0.82604
0.90991
0.88308
1.0423
0.90991
1.0471
0.80353
0.84918
0.90782
0.74131
0.95719
0.9977
0.79068
0.70958
0.80353
0.9247
0.99541
0.72111
0.94406
0.8147
0.72611
1.0447
0.94842
0.83946
0.69663
0.75858
1.1066
0.9247
0.87096
0.87498
0.90365
0.84333
0.94189
0.92257
0.65313
0.73451
0.90782
0.98855
0.82224
0.66681
0.69823
0.75509
0.70958
0.73114
0.66834
0.83176
0.74817
0.73282
0.69343
0.80724
0.77268
0.7709
0.98401
1.0495
1.0864
1.0023
1.1668
0.7925
0.9977
0.9247
0.83753
1.0375
0.93111
0.74989
0.67143
0.76913
0.72778
0.72611
0.7656
0.74989
0.68865
0.89331
0.8147
0.7379
0.73621
0.76033
0.78343
0.76384
0.72946
0.77983
0.7379
0.67764
0.85114
0.84333
0.877
0.81283
0.90365
1.0914
1.2445
1.0839
0.75858
0.7709
0.90365
1.0447
1
0.79799
0.77625
0.7656
0.97499
0.69343
0.76736
0.84333
0.79433
0.94189
0.877
0.75683
0.92897
0.64269
0.69984
0.65615
0.69024
0.80538
1.0233
0.74989
0.80353
0.81658
0.86896
0.93756
1
0.91833
0.76384
0.93972
0.73451
0.90157
0.8147
1.1298
0.8995
0.92045
0.75509
0.70958
0.79068
0.7925
0.8531
0.77804
0.8147
0.87297
0.71945
0.8892
0.80168
0.90573
0.68077
1.0351
1.1246
0.83946
0.81283
0.76384
0.73451
0.83368
0.72444
0.92257
0.74645
0.86696
0.75858
0.74989
0.72946
0.69502
0.80724
0.92897
1.1015
0.80353
0.84723
0.76913
0.84333
1.1402
0.81096
0.88716
1
0.97051
0.95499
0.96828
0.87096
0.86696
0.9528
0.92045
0.75509
0.71285
0.75858
0.72946
0.8147
0.877
0.92897
0.74645
0.83176
1.0069
1.0814
1.0209
1.0023
0.79068
0.877
1.0093
0.81283
0.84723
0.80724
0.75683
0.94842
0.73961
0.94406
0.79433
1.074
0.92257
0.88512
0.77625
0.70795
0.94842
0.78524
0.8356
0.69343
0.83946
0.83368
0.95499
0.7925
0.68865
0.71121
0.73961
0.69663
0.67764
0.71285
0.8147
1.0423
0.86298
0.81846
0.81658
0.75683
0.79616
0.70795
0.70146
0.74645
0.78524
0.74989
0.86696
0.75336
0.8147
1.0186
1.0641
0.80538
0.69183
0.88105
0.84528
0.86696
0.73621
0.73961
0.77983
0.79433
0.73451
0.72444
0.84528
0.83753
0.75509
0.95499
0.87498
0.76033
0.9528
0.78163
0.83368
0.80168
0.95719
0.91411
0.93541
1.0789
0.98175
1.1092
1.0765
0.76208
0.877
0.74473
0.86497
0.73961
0.89743
0.8892
0.74473
0.70795
0.79068
0.9594
0.86696
0.70958
0.71285
0.84723
0.87498
1.0116
0.74817
0.81846
0.71779
0.76913
0.73282
0.73451
0.8995
0.93541
0.8091
0.71121
0.74473
0.76736
0.87498
0.94189
0.75858
0.9247
0.87297
0.74473
0.84918
0.73282
0.69823
0.79799
0.7656
0.70469
0.7709
0.69183
0.83368
0.69663
0.74131
0.77625
0.90157
0.84918
0.79799
0.65766
0.82794
0.8147
0.95499
1.0965
0.74302
0.67143
0.74645
0.8147
0.75858
0.68077
0.74645
0.73282
0.74302
0.86696
0.79068
0.81283
1.0139
0.74131
0.90365
0.91833
0.95719
0.82794
0.64269
0.85507
0.9506
1.0839
0.75858
0.75162
0.79616
0.93111
0.87297
0.8531
0.70795
0.87498
1.0839
0.89331
0.78163
0.70307
1.0046
0.79799
0.84333
0.8531
0.76384
0.85704
0.78705
0.90782
0.75162
0.73114
0.92045
0.78343
0.76208
0.74302
0.82224
0.76913
0.71614
0.84723
0.78343
0.82604
0.84333
0.76384
0.89331
0.90991
1.0423
0.79433
0.75336
0.74131
0.97051
0.85507
0.75336
0.77804
0.82604
0.7709
0.6792
0.72111
0.73114
0.77804
0.8414
0.78524
0.80353
0.81283
1.0375
1.1117
0.70795
0.72111
0.81658
0.72277
0.74131
0.67298
0.8995
0.82414
0.76736
0.86099
0.89331
0.91411
0.83753
0.8892
0.8091
0.82224
0.8414
0.87297
1.0495
0.87096
0.82985
0.77446
0.82794
0.8147
0.77804
0.70469
0.78524
0.79799
0.87498
0.71614
0.89743
0.93325
0.87297
0.69183
0.71121
0.73451
0.77804
0.81283
0.69823
0.89743
0.85901
0.78705
0.77983
0.77446
0.90782
0.77804
0.8091
0.74473
0.80168
0.8995
0.69024
0.80538
0.74989
0.80353
0.75162
0.77983
0.81658
0.81846
0.9247
0.95499
0.77625
0.93541
0.69502
0.72111
0.81283
0.79799
0.7145
0.65013
0.78524
0.89331
0.85901
0.76033
0.87498
0.74817
0.72778
0.72277
0.73961
0.74473
0.75509
0.80168
0.73282
0.84528
0.67764
0.75858
0.82224
0.86696
0.7379
0.96828
0.91201
0.76033
0.8356
0.74645
0.74645
0.99083
0.96605
0.8995
0.79068
0.82224
0.75858
0.78163
1.0116
0.91833
0.98628
0.74989
0.82604
0.77446
0.72778
0.7145
0.84723
0.88308
1.2735
0.78343
0.76208
0.70146
0.83368
0.91622
0.88105
0.80724
0.7709
0.79068
0.72611
0.76736
0.70307
0.73282
0.95499
0.8356
0.92897
0.76384
0.79433
0.75509
0.74302
0.74473
0.73451
0.72277
0.68391
0.80168
0.7379
1.0839
1.0544
0.84723
0.78163
0.76913
0.85901
0.76208
0.72946
0.7379
0.79616
0.77804
1.0069
0.93972
0.86896
0.81283
0.7656
0.71945
0.80724
0.78163
0.88105
0.93111
0.92897
0.98175
0.69343
0.72277
0.73961
0.69502
0.7709
0.85114
0.84723
0.73961
0.96383
0.73451
1.0471
0.89743
0.73621
0.8147
0.73114
0.88308
0.8356
0.77446
0.7925
0.99541
0.97724
0.97724
0.92683
1.0023
0.75683
0.95719
0.75858
0.85507
0.72778
0.69823
0.74131
0.71285
0.83753
0.67453
0.74302
0.74302
0.74473
0.72277
0.74645
0.70469
0.75683
0.81846
0.7656
0.76384
0.72444
0.87297
0.78886
0.70958
0.81658
0.75509
0.80724
0.81096
0.84723
0.97051
0.99541
0.71779
0.78163
0.77625
0.80168
0.72778
0.75683
0.86896
0.99541
0.85901
0.66527
0.71945
0.84918
0.91201
0.76913
0.89331
0.8091
0.78163
0.90573
0.89536
0.84723
0.76384
0.85901
0.71779
0.8414
0.78705
0.75336
0.80168
0.72611
1.0069
0.89331
0.9247
0.87498
0.98628
0.82604
0.73451
0.82794
0.98628
0.83368
0.97724
0.8356
0.86099
0.71121
1.0233
0.72277
0.85704
0.81283
0.78886
0.96161
0.74131
0.76384
0.79799
0.78705
0.8091
0.71945
0.70469
0.73114
0.66834
0.7145
0.74817
0.68865
0.71614
0.76736
0.76736
0.74131
0.85901
0.8531
0.82604
0.90782
0.8995
0.85507
0.75858
0.85507
0.91411
0.99541
0.84333
0.76208
0.74817
0.81846
0.86896
1.0375
0.9977
0.84528
1.0914
1.0046
0.82604
1.0162
0.6792
0.7656
0.76736
0.8356
0.70469
0.84528
0.80724
0.83753
0.69663
0.94189
0.76384
0.98628
0.92045
0.95719
0.96383
0.85704
0.81658
1.0069
0.88716
1.0617
0.81096
1.1015
0.88512
0.7656
0.72611
0.98175
1.1041
0.91411
0.76913
0.8147
0.7656
0.7925
0.80538
0.88512
0.88512
0.82414
0.83753
0.79433
0.84918
0.89331
0.90782
0.78524
0.71945
0.79799
0.91201
0.93541
0.70632
1.0375
0.79799
1.0069
0.81658
0.76208
0.92257
0.89536
0.76913
0.71945
1.0593
1.0023
0.87297
1.1246
0.76736
0.71614
0.82224
0.83368
0.82414
0.91833
0.79068
0.95719
0.85901
0.89125
0.8414
0.90782
0.877
0.8147
0.7379
0.71614
0.68549
0.71614
0.84918
0.8892
0.72444
0.82224
0.70795
0.82414
1.1066
0.6792
0.71285
0.80168
0.93972
0.83176
0.95719
0.74302
0.73961
0.83368
0.87498
0.74302
0.92257
0.82414
0.78343
0.78886
0.86696
0.99083
0.877
0.77268
0.84333
0.72444
0.89331
0.82414
0.70469
0.78343
0.76384
0.86298
0.8147
0.74473
0.74302
0.76033
0.70469
0.87498
1.0375
0.77625
0.79983
1.1169
0.96383
0.73961
0.6792
0.92045
0.95499
1.122
0.7656
0.70146
0.67608
0.82985
0.91411
0.72778
0.69663
0.72946
0.72277
0.99541
0.85507
0.84723
1.0544
1.074
0.76736
0.76208
0.95499
0.8414
0.74817
0.68234
0.89536
0.69823
0.77804
1.1695
0.66681
0.84918
0.89125
0.89536
0.71614
1.094
0.74989
0.72111
0.77625
0.79433
0.72277
0.70307
0.72444
0.69502
0.67764
0.73961
0.73961
0.73961
0.73961
0.73961
0.73961
0.73961
0.73961
0.73961
0.73961
0.73961
0.73961
0.73961
0.73961
0.73961
0.73961
0.73961
0.73961
0.73961
0.73961
0.73961
0.73961
0.73961
0.73961
0.73961
0.73961
0.73961
0.73961
0.73961
0.73961
0.73961
0.73961
0.73961
0.73961
0.73961
0.73961
0.73961
0.73961
0.73961
0.73961
0.73961
0.73961
0.73961
0.73961
0.73961
0.73961
0.73961
0.73961
0.73961
0.73961
0.73961
0.73961
0.73961
0.73961
0.73961
0.73961
0.73961
0.73961
0.73961
0.73961
0.73961
0.73961
0.73961
0.73961
0.73961
0.73961
0.73961
0.73961
0.73961
0.73961
0.73961
0.73961
0.73961
0.73961
0.73961
0.73961
0.73961
0.73961
0.73961
0.73961
0.73961
0.73961
0.73961
0.73961
0.73961
0.73961
0.73961
0.73961
0.73961
0.73961
0.73961
0.73961
0.73961
0.73961
0.73961
0.73961
0.73961
0.73961
0.73961
0.73961
0.73961
0.73961
0.73961
0.73961
0.73961
0.73961
0.73961
0.73961
0.73961
0.73961
0.73961
0.73961
0.73961
0.73961
0.73961
0.73961
0.73961
0.73961
0.73961
0.73961
0.73961
0.73961
0.73961
0.73961
0.73961
0.73961
0.73961
0.73961
0.73961
0.73961
0.73961
0.73961
0.73961
0.73961
0.73961
0.73961
0.73961
0.73961
0.73961
0.73961
0.73961
0.73961
0.73961
0.73961
0.73961
0.73961
0.73961
0.73961
0.73961
0.73961
0.73961
0.73961
0.73961
0.73961
0.73961
0.73961
0.73961
0.73961
0.73961
0.73961
0.73961
0.73961
0.73961
0.73961
0.73961
0.73961
0.73961
0.73961
0.73961
0.73961
0.73961
0.73961
0.73961
0.73961
0.73961
0.73961
0.73961
0.73961
0.73961
0.73961
0.73961
0.73961
0.73961
0.73961
0.73961
0.73961
0.73961
0.73961
0.73961
0.73961
0.73961
0.73961
0.73961
0.73961
0.73961
0.73961
0.73961
0.73961
0.73961
0.73961
0.73961
0.73961
0.73961
0.73961
0.73961
0.73961
0.73961
0.73961
0.73961
0.73961
0.73961
0.73961
0.73961
0.73961
0.73961
0.73961
0.73961
0.73961
0.73961
0.73961
0.73961
0.73961
0.73961
0.73961
0.73961
0.73961
0.73961
0.73961
0.73961
0.73961
0.73961
0.73961
0.73961
0.73961
0.73961
0.73961
0.73961
0.73961
0.73961
0.73961
0.73961
0.73961
0.73961
0.73961
0.73961
0.73961
0.73961
0.73961
0.73961
0.73961
0.73961
0.73961
0.73961
0.73961
0.73961
0.73961
0.73961
0.73961
0.73961
0.73961
0.73961
0.73961
0.73961
0.73961
0.73961
0.73961
0.73961
0.73961
0.73961
0.73961
0.73961
0.73961
0.73961
0.73961
0.73961
0.73961
0.73961
0.73961
0.73961
0.73961
0.73961
0.73961
0.73961
0.73961
0.73961
0.73961
0.73961
0.73961
0.73961
0.73961
0.73961
0.73961
0.73961
0.73961
0.73961
0.73961
0.73961
0.73961
0.73961
0.73961
0.73961
0.73961
0.73961
0.73961
0.73961
0.73961
0.73961
0.73961
0.73961
0.73961
0.73961
0.73961
0.73961
0.73961
0.73961
0.73961
0.73961
0.73961
0.73961
0.73961
0.73961
0.73961
0.73961
0.73961
0.73961
0.73961
0.73961
0.73961
0.73961
0.73961
0.73961
0.73961
0.73961
0.73961
0.73961
0.73961
0.73961
0.73961
0.73961
0.73961
0.73961
0.73961
0.73961
0.73961
0.73961
0.73961
0.73961
0.73961
0.73961
0.73961
0.73961
0.73961
0.73961
0.73961
0.73961
0.73961
0.73961
0.73961
0.73961
0.73961
0.73961
0.73961
0.73961
0.73961
0.73961
0.73961
0.73961
0.73961
0.73961
0.73961
0.73961
0.73961
0.73961
0.73961
0.73961
0.73961
0.73961
0.73961
0.73961
0.73961
0.73961
0.73961
0.73961
0.73961
0.73961
