0.87297
1
1.135
1.4555
1.5488
1.0544
0.9977
3.0269
1.932
1.5885
24.155
17.14
20.137
5.4325
5.7412
1.3459
2.9854
0.94406
0.91201
1.1194
1.0209
1.122
1.094
3.7239
1.2417
1.094
1.3152
1.1298
1.3183
1.1402
4.4463
16.106
10.593
13.183
15.031
22.336
1.0814
1.094
11.776
1.932
24.831
22.803
28.054
1.7906
0.82794
0.84723
1.0839
1.1912
1.5453
1.4689
0.86896
0.96383
0.88308
0.78524
4.0179
17.783
22.803
30.903
16.331
4.7534
1.7539
1.2218
15.241
9.3541
1.406
0.95719
0.81658
0.86696
1.3996
1.4588
10.864
0.69024
0.95719
0.89743
1.1246
1.1912
1.39
1.0889
1.6749
16.558
21.086
3.4594
14.894
10.495
0.73961
2.5351
15.631
1.0023
0.69984
12.531
0.76208
0.8531
0.7379
1.1429
0.78705
11.641
23.388
19.77
20.37
18.664
1.0814
22.439
1.1429
1.3366
2.7227
0.67453
0.83176
0.8147
0.74473
5.9566
1.0889
0.96383
0.99083
1.1482
17.378
16.406
14.723
3.5318
1.2445
1.6293
1.3583
0.72277
15.205
24.717
20.045
19.588
12.972
12.134
9.247
1.406
0.98175
0.91622
0.84333
1.205
1.0568
2.1429
0.81658
0.74645
1.0257
0.84528
2.5177
3.9084
3.0339
1.1614
2.3174
1.2303
0.76736
0.8414
6.8865
9.3972
1.0351
18.113
21.478
13.677
3.4754
0.93111
2.5645
11.143
11.668
20.37
12.474
10
3.9446
1.0046
2.1038
0.76208
0.74645
0.877
0.80353
5.9429
16.255
18.03
22.182
18.707
26.669
19.409
11.482
29.717
25.586
21.928
30.69
25.586
16.106
16.904
1.0765
12.274
17.179
11.561
15.812
2.1677
1.1668
1.2303
11.995
23.878
3.5645
1.1749
1.5812
3.3113
0.81096
5.1168
1.1066
1.1117
1.0447
1.0375
1.3428
10.423
0.99541
5.6885
5.188
0.73621
12.56
18.707
18.365
14.521
12.882
3.3574
15.631
15.311
11.858
1.1668
5.0933
14.655
27.733
18.45
26.546
0.81846
19.055
24.66
0.76033
0.96605
0.77804
0.88308
0.82035
1.0447
0.72111
0.77446
0.92897
0.78705
0.83753
1.0399
1.0423
1.0568
1.6904
1.1455
18.967
17.579
16.711
3.8107
18.923
1.122
1.8493
21.627
21.038
1.1143
7.8886
15.631
17.498
19.187
3.4754
13.677
16.069
0.82414
9.7275
1.1508
19.231
2.1727
2.0845
1.1749
0.69024
1.1776
1.9099
5.42
0.73961
0.9528
0.82035
0.79983
1.1995
4.2756
6.5917
11.776
17.783
22.08
22.594
1.6255
6.166
3.6308
13.772
1.8072
1.0789
1.4158
1.803
1.349
3.1117
6.5766
0.92683
0.80168
13.677
2.5003
0.8147
0.71945
0.80538
0.74817
3.4834
0.71779
12.19
13.583
18.967
13.932
1.875
2.0277
3.8548
24.831
0.64565
11.535
14.655
15.453
15.171
21.281
2.6669
20.045
1.7824
0.70146
0.99541
0.79068
0.87498
0.85114
0.82604
2.2491
0.64269
0.7145
0.66988
0.72611
1.1535
0.78705
0.90365
2.8119
1.3709
0.78524
0.72611
0.69343
0.67764
5.9841
16.904
13.428
15.382
0.82414
20.512
9.5719
4.1591
10.666
0.94406
4.4668
1.052
14.289
22.08
4.0551
23.335
1.3243
3.7239
10
7.4817
20.37
2.4604
1.888
0.77268
0.877
0.88105
0.89125
1.6482
1.1429
6.9823
2.9242
1.3836
3.767
4.4771
0.76736
0.78524
5.0466
1.7783
0.86896
8.4723
1.2735
1.3397
1.4289
1.6368
1.4622
1.574
2.4434
0.68865
32.584
0.8414
0.69984
3.3266
1
0.91833
0.84333
0.73282
0.66988
0.69024
0.84918
0.66222
0.69024
1.1967
3.3963
0.77625
0.68549
16.106
13.646
1.2677
3.1915
1.3397
1.4158
1.1169
1.074
1.0139
3.2659
1.3932
2.6182
1.8155
2.8249
1.1641
0.73114
0.79983
2.6242
0.70958
15.276
10.351
1.6106
1.3804
13.49
12.246
0.86497
1.8113
1.9543
0.66527
4.6881
0.8147
0.79433
1.3836
0.73114
0.74989
0.68077
0.7379
0.69502
0.65615
0.67298
0.66988
0.96605
0.77446
0.74645
0.76384
0.877
0.81846
0.90157
1.803
1.6711
0.97051
2.799
1.2706
0.86696
0.76384
1.3366
1.0765
0.87498
1.3521
1.3428
1.219
2.1677
1.2853
0.68707
21.38
10.423
0.99312
9.6383
0.78886
0.89331
0.92257
0.74989
0.79799
0.877
4.4259
0.68077
8.8716
11.117
1.5959
0.74473
0.84333
2.9785
0.85114
10.423
13.459
0.88512
0.96605
0.65163
0.96828
1.3092
2.2699
0.91622
0.91201
2.0417
0.68549
0.78705
0.72111
0.75509
0.67608
0.67764
0.67298
1.0471
1.0864
1.0666
0.70958
0.70632
0.63096
0.75683
0.70958
0.97724
0.73961
0.68865
0.7709
0.64269
0.7145
0.67608
0.74817
0.67608
0.63241
0.69823
0.68391
0.65464
1.6943
0.81283
0.79068
0.76913
0.75858
0.86099
0.87096
0.74302
2.037
0.90157
0.78163
0.99312
1.7458
1.0593
4.1115
0.66988
0.79068
0.73451
1.2647
0.73961
0.72611
2.1281
0.70146
3.4914
8.2794
12.942
10.447
1.6596
7.7804
16.293
11.912
0.68707
0.66222
1.7298
0.81283
0.76033
0.69343
0.76913
6.1802
0.90157
2.037
13.335
1.2388
1.3366
1.0691
3.3113
0.66988
0.74302
5.9429
0.8356
0.80168
0.85507
1.0351
2.1135
17.701
2.5061
1.9543
16.634
13.583
12.246
18.281
9.4189
0.72611
1.9143
1.9679
0.82035
0.7709
1.0641
0.72778
1.2735
1.4894
1.5136
10.839
15.205
1.7458
3.342
23.55
13.335
23.605
13.49
1.3932
6.9984
1.0593
10.789
0.80724
16.558
14.355
7.8343
13.366
12.942
35.645
15.136
0.66681
0.72946
0.89125
0.65917
0.64269
0.73282
0.75336
0.71285
0.69663
0.75683
0.70469
0.72778
1.0965
0.81096
0.75162
0.75336
0.85507
1.714
0.74817
1.1535
0.76208
0.8356
0.74645
0.79799
0.83946
1.8155
1.0186
1.2023
2.466
0.71945
0.72111
0.87297
0.77446
0.68077
0.71121
0.74645
0.85901
0.7709
0.76208
0.74302
0.76033
0.67453
0.7709
0.90157
0.76033
0.76208
0.72444
0.69183
0.65013
0.65615
0.93541
0.74473
0.69024
0.66374
0.68707
0.73961
0.74302
0.68707
0.65163
0.74817
0.70307
0.70146
0.70958
0.73961
0.7709
0.78705
0.68707
0.6792
0.77625
0.68707
0.64565
0.70795
0.70469
0.72946
0.69183
0.71285
0.74989
0.68549
0.67143
0.99312
0.75683
0.70958
0.77268
0.81283
0.73451
0.73282
0.73621
0.73621
0.72444
0.76384
1.094
1.9815
0.76384
3.4198
1.3032
7.5336
10.617
0.77804
0.75162
8.091
0.73451
0.69183
0.78343
0.82794
0.77268
1.1482
3.281
1.4388
2.1827
1.5276
0.95499
0.69502
0.7145
0.69343
0.69343
0.64269
0.68077
2.6002
1.2503
2.0184
1.3366
1.3614
3.3189
1.1967
1.0162
1.9231
2.9444
0.74817
0.69663
0.67453
0.78524
1.1588
1.1641
0.9247
1.714
0.76208
0.83946
0.77268
1.2162
1.1298
1.4689
1.2531
1.5031
1.2853
1.3677
1.3366
1.4223
0.9506
1.0046
1.4191
1.2218
2.0749
0.72111
0.83753
1.9679
1.3552
0.85507
0.74817
1.5596
14.894
13.964
17.298
13.183
9.7724
16.711
8.1283
0.76033
0.66988
2.0512
3.8194
1.0889
4.5186
0.76384
9.8175
20.091
0.91833
1.1995
20.606
18.578
1.3677
18.365
16.255
17.66
13.122
6.8234
1.3243
0.78705
0.66681
1.5417
0.90573
4.3451
0.72277
0.71614
0.69024
0.69183
0.68234
0.67453
0.78705
0.76736
0.68707
0.71121
0.7379
0.70795
0.69984
0.73621
0.78163
0.72778
0.77268
0.81096
0.81846
0.70795
0.67143
0.74302
0.69502
0.75683
0.90157
0.84333
0.77268
0.77625
1.0568
1.6711
2.1281
0.78524
0.74989
0.79433
0.86099
0.7656
0.93541
1.1324
0.94406
0.84528
1.3868
1.5596
1.1614
1.6943
0.7379
0.73114
0.66988
0.76384
0.7145
0.70307
0.9506
0.7656
0.75336
0.69823
0.71614
0.72611
0.75162
0.81096
0.67143
0.73282
0.83753
0.66222
0.7145
0.76033
0.70795
0.68391
0.67453
0.71614
0.75858
1.1015
0.68707
0.76208
0.67764
0.70958
0.72778
0.89331
0.74302
0.77446
0.7145
0.75162
0.79068
0.76913
0.70958
0.68077
0.75162
0.71614
0.71285
0.66374
0.73961
0.74817
0.67764
0.70146
0.66681
0.67453
0.67608
0.66374
0.70958
0.68549
0.7656
0.89125
0.76913
0.87902
0.71614
1.1967
1.888
0.67453
0.7145
0.7379
0.65464
0.69984
0.69502
0.74302
0.81096
0.75858
0.74473
0.78524
0.73451
0.76384
0.73451
0.71285
0.67764
0.71614
0.65766
0.81658
0.7925
0.85114
0.80353
0.75336
0.74645
0.76033
0.88512
0.74989
0.77446
0.78524
0.77983
0.75683
0.80168
0.75509
0.80168
0.72444
0.74817
0.74989
0.78163
0.80353
0.75683
0.76384
0.71945
0.77446
0.7925
0.6166
0.8356
0.76736
0.70307
0.74817
0.76384
0.8356
0.72778
0.74817
0.81096
0.68707
0.80353
0.76033
0.73451
0.76384
0.71285
0.70632
0.70307
0.72444
0.69024
0.74817
0.72611
0.71121
0.76913
0.75683
0.74645
0.76033
0.75162
0.72277
0.6792
0.70469
0.71285
0.74817
0.79433
0.71121
1.0471
0.95499
0.75509
0.93972
0.91411
1.0257
0.80724
0.83946
0.78705
0.68077
0.65464
0.77804
0.7379
0.97275
1.1041
0.7925
0.7379
0.91201
0.76208
0.77268
1.1482
0.77625
0.93972
1.4388
1.1246
0.86298
0.94189
0.8091
0.82604
0.8995
0.72778
2.2182
0.79068
0.75509
0.83946
0.77804
0.79068
0.95499
0.77268
0.78343
0.75336
0.87096
0.65917
0.81283
0.82224
0.75336
0.76208
1.052
0.82985
0.75509
0.7709
0.74817
0.82035
0.8356
0.67453
0.87297
0.8531
0.91201
0.79068
0.7709
0.77268
0.76033
0.82414
0.93325
0.78705
0.79799
0.76384
0.86099
0.86896
0.92257
0.79616
0.78705
0.74817
1.5453
1.7742
2.3335
2.8314
0.76208
0.69823
0.82794
0.8356
0.65917
0.68865
0.76384
0.74131
0.6792
0.69502
0.65464
0.80353
0.68707
0.69502
0.72277
0.69663
0.62806
0.68234
0.72277
0.70632
0.72946
0.74645
0.74473
0.68549
0.64863
0.71285
0.76208
0.69984
0.81096
0.69343
0.68391
0.71121
0.71121
0.71614
0.70958
0.67453
0.74817
0.7656
0.75858
0.68549
0.71779
0.69502
0.68707
0.72611
0.66527
0.66222
0.66222
0.67298
0.8147
0.6792
0.65163
0.65313
0.7379
0.64863
0.66681
0.66681
0.69823
0.64565
0.67764
0.65013
0.71614
0.67298
0.66222
0.68077
0.69343
0.65464
0.64417
0.72277
0.75858
0.7145
0.7709
0.66527
0.74473
0.69343
0.69984
0.65917
0.68865
0.66988
1.3213
1.194
1.9409
0.75162
0.877
1.406
0.69823
0.73621
0.72778
0.7379
0.70307
0.68707
0.75336
0.71285
0.72946
1.3583
0.66834
0.74817
0.7145
0.7379
0.64863
0.65917
0.65013
0.65313
1.1429
0.69984
0.75336
1.0351
0.96383
0.72277
0.79068
0.65013
0.70795
0.68549
0.63826
0.77804
0.69183
0.68549
0.65464
0.75509
0.68391
0.68077
0.68391
0.6792
0.70958
0.67764
0.70795
0.65615
0.70958
0.68077
0.74989
0.68707
0.70469
0.70469
0.68549
0.68234
0.85114
0.78886
0.68707
0.67298
0.69183
0.72111
0.62661
0.6792
0.67143
0.68077
0.70632
0.72111
1.0233
1.0715
0.70632
0.79799
0.72111
0.69024
0.7145
1.39
0.99083
1.194
0.76736
1.1588
1.219
1.0495
5.1523
11.35
9.7949
4.1976
0.73114
0.92045
1.1429
1.766
1.2134
4.5186
4.4055
30.061
17.14
17.742
16.406
18.88
15.668
21.727
1.3804
16.293
13.152
18.923
17.061
16.672
20.045
19.454
1.5171
4.102
11.35
1.2078
13.709
22.542
21.38
18.072
16.788
18.072
19.011
19.999
2.138
1.4454
0.67608
3.767
1.2331
0.87902
0.86497
1.135
1.0839
9.528
0.81658
1.3305
1.1015
0.71285
5.5847
17.62
12.764
19.634
15.704
16.406
18.197
1.5885
1.9724
17.022
1.8793
1.0399
3.54
0.8147
9.8628
14.191
20.701
14.588
8.8512
12.677
12.417
12.823
12.417
0.75336
3.9355
2.7164
0.8531
0.9528
1.1041
1.3243
1.3521
1.5066
1.3932
1.1668
0.86497
0.67608
0.87297
0.85507
1.0139
0.6368
0.65766
0.69343
0.65313
0.69502
0.71779
0.66222
0.70795
0.69823
0.69502
0.67298
0.68234
0.75683
0.68077
0.64269
0.74473
0.69663
0.71945
0.72444
0.74989
0.65313
0.68077
0.71614
0.68234
0.70307
0.67298
0.64121
0.70146
0.69823
0.71945
0.72611
0.70307
0.67764
0.74817
0.82035
0.68707
0.82035
0.70307
0.69823
0.69663
0.80353
0.8091
0.72444
0.7145
1.3836
0.6368
0.66681
0.66834
0.69343
0.69502
0.69663
0.69663
0.68234
0.69183
0.6792
0.69823
0.65615
0.66374
0.63533
0.6792
0.66069
0.73114
0.66222
0.66681
0.66069
0.67453
0.71614
0.74473
0.66069
0.66527
0.67764
0.63241
0.78163
0.69502
0.74645
0.7379
0.70146
0.65766
0.69984
0.66527
0.75336
0.73114
0.70469
0.65163
0.70307
0.70146
0.73961
0.7145
0.68549
0.71779
0.66527
0.68234
0.67143
0.7145
0.66527
0.68077
0.71945
0.71614
0.80538
0.65163
0.72444
0.72611
0.66681
0.66988
0.75858
0.69183
0.73961
0.67298
0.64863
0.70307
0.68234
0.70632
0.69663
2.1184
0.8531
0.90782
1.6181
1.2647
0.78886
0.79799
1.766
0.94842
0.83368
1.1482
1.5136
1.3804
1.2388
1.9409
1.1776
1.1885
1.2417
1.2853
1.2246
1.5382
1.1858
2.6182
0.67143
3.2885
1.1272
0.81846
0.97499
1.256
1.1092
1.5596
0.77625
0.78343
0.74989
0.82985
0.65917
0.68077
0.89125
0.72111
0.64565
1.3032
2.1928
1.4289
0.69343
0.64863
0.62517
2.5942
7.145
3.9446
0.72111
15.031
18.45
0.69183
0.74302
0.75509
0.84723
1.3677
9.4406
2.3121
1.5417
0.64121
0.68549
0.86896
1.3183
0.65163
0.77983
0.66069
0.69984
0.68549
0.7145
0.68234
0.62517
0.68234
0.66222
0.64565
0.70958
0.69343
0.65313
0.66834
0.66834
0.64269
0.69984
0.72946
0.72778
0.79799
0.72111
0.81283
0.70795
0.92045
2.0324
0.69024
0.69663
0.67143
0.64121
0.66988
0.63241
0.66069
0.64121
0.78705
0.66069
0.67298
0.7145
0.6368
0.67143
0.66222
0.68707
0.62806
0.74131
0.65615
0.69663
0.68707
0.65766
0.69024
0.65163
0.70307
0.73621
0.65313
0.69663
0.66834
0.67453
0.68077
0.72611
0.6792
0.67143
0.69663
0.64269
0.66222
0.6792
0.71945
0.64863
0.68234
0.66374
0.64417
0.66527
0.65163
0.66069
0.81283
0.62661
0.74645
0.68391
0.64565
0.66988
0.67453
0.68234
0.63241
0.66681
0.70307
0.69984
0.68865
0.67608
0.66069
0.62951
0.62517
0.64417
0.75858
0.63973
0.63826
0.65013
0.6223
0.66222
0.65163
1.2474
0.85704
1.2531
1.2303
0.71285
0.69343
1.4093
0.69024
0.66834
0.66222
0.67764
0.64417
0.70307
0.68549
0.62806
0.69502
0.66988
0.68391
0.67608
0.72444
1.7498
0.66681
0.64714
0.92897
0.75683
0.99083
0.74989
0.88716
0.71945
1.0789
1.6558
0.90365
1.0423
1.3092
1.1402
1.6181
1.4588
2.3659
0.87498
1.8493
0.69183
0.68549
0.62806
0.69502
1.1722
0.80168
0.77446
0.66988
1.7338
2.1727
0.67608
0.67143
0.67608
0.62661
0.67143
0.65917
0.65615
1.2359
0.69183
0.65766
1.052
0.67453
0.74302
0.64121
0.65917
0.64417
0.64714
3.3806
16.444
1.0914
2.0512
3.2885
0.76033
0.92683
0.70958
0.64417
0.85114
0.79983
0.72444
0.78163
0.78163
0.7656
0.68391
0.71285
0.85704
0.77983
0.75858
0.72778
0.75336
0.87902
0.80168
0.7145
0.86896
0.67764
0.73282
1.0399
0.79068
0.77268
0.76384
0.72611
0.75509
0.76384
0.73621
0.7379
0.69183
0.72778
0.83176
0.75162
0.73961
0.76736
0.7145
0.75683
0.74645
0.82794
0.86298
0.75162
0.72444
0.77983
0.94189
0.76913
0.71945
0.69663
0.75162
0.74989
0.69663
0.75683
0.84918
0.75336
0.86099
0.71614
0.89536
0.77804
0.89536
0.82604
0.8147
0.7656
1.1117
2.6546
0.73114
1.0814
17.865
10.74
19.187
0.67608
1.7989
1.1695
2.0941
1.4256
2.6122
0.80353
2.0091
2.0893
2.3388
3.0903
15.56
8.1846
0.89743
1.094
1.3836
0.97051
1.1041
2.1827
6.0256
5.8614
0.99083
1.5631
0.67453
0.69823
0.72111
0.68865
0.68549
0.71945
0.75336
11.092
4.4055
1.8793
1.7022
8.7902
0.93972
0.76736
1.3274
0.69984
0.76033
0.79616
1.2417
12.853
1.5382
2.3121
1.0864
0.99083
0.78705
0.79433
1.028
2.4547
0.89125
0.96383
0.78886
0.88716
0.77446
1.0617
1.2246
1.5776
3.3963
1.2162
2.6669
0.94406
0.6792
2.0417
1.0447
0.82414
0.71945
6.6222
13.183
1.3964
1.0593
20.324
10.447
0.71614
1.2589
0.6792
1.9231
1.2359
0.81096
5.6624
2.9242
0.69183
0.6792
0.63387
1.0593
3.7584
4.5082
2.0749
0.73621
6.9502
0.71779
0.75162
0.72277
0.69984
0.68549
2.3121
1.4191
0.65766
0.66681
0.74131
8.147
0.72444
0.6792
0.70795
0.73282
0.65464
0.76033
1.2531
0.70146
0.80168
0.64714
0.72111
0.74131
0.68234
0.69984
0.69343
0.77625
0.72111
0.75683
0.80168
0.69823
0.71945
0.80353
1.0046
0.76736
0.73961
0.82604
0.80353
0.78524
0.6792
0.67143
0.75683
0.76913
0.89331
0.74645
0.8091
0.86298
0.72778
1.3183
1.7418
3.7068
1.3836
1.0965
1.2823
1.2706
1.7539
1.3152
1.3213
1.205
0.8091
2.4774
1.3335
0.71779
0.66527
0.70307
3.062
0.67453
0.82604
1.2388
0.65464
0.69343
0.67143
0.72277
0.71285
0.65313
0.66681
0.68865
0.9506
19.634
0.69663
1.9724
1.094
1.1298
1.122
1.0423
21.777
1.5031
2.5942
2.1086
0.77983
0.68391
0.7145
0.80538
1.1508
3.6898
0.82794
0.76384
1.2474
1.6596
0.70632
1.1614
0.68234
6.4565
12.735
13.964
9.4842
12.218
15.959
15.849
18.03
17.906
13.996
0.69024
10.116
21.928
24.889
15.959
26.303
14.928
2.3496
0.65464
0.79616
0.85704
0.70958
7.3451
1.2331
1.8923
0.81096
0.79433
0.76033
0.8356
0.73114
0.72946
0.71779
13.305
5.2
20.464
19.143
1.0186
1.3062
11.695
10.328
0.72946
1.4588
2.9512
1.6032
0.68707
10.423
6.223
0.82794
2.9785
0.82985
0.93541
0.76208
0.81658
1.3836
0.76736
0.75509
0.82794
0.78343
0.73961
0.65615
0.79799
0.76208
0.73451
0.74473
0.76033
0.70469
0.76384
0.68549
0.72277
0.74989
0.78886
1.71
0.7709
0.73961
0.7145
0.8091
0.78524
0.76033
0.74473
0.70307
0.82985
0.68391
0.66681
0.73114
0.68549
0.70632
0.69663
0.70469
0.71945
0.68234
0.79616
0.69663
0.73451
0.71779
0.92257
0.73114
0.78343
0.78163
0.8356
0.8147
0.81283
0.82794
0.86896
0.91411
1.8323
0.90782
1.183
0.98855
0.81658
0.90782
0.83368
1.5668
1.5066
1.1722
1.0691
1.0116
0.7656
0.94406
0.66681
1.6672
0.72444
0.63973
0.68234
0.7145
0.71945
1.6827
0.65917
0.66222
0.65766
0.74473
0.70469
0.63533
0.68234
0.72277
0.64863
0.71945
0.69343
0.64417
0.75858
0.69823
0.69183
0.73621
0.65615
1.7219
0.69183
0.75858
0.71614
0.65464
0.74645
0.68707
0.70795
0.68549
0.65766
0.71614
0.71945
0.72611
0.70307
0.72611
0.75336
0.82035
0.69502
0.65615
0.67764
0.68707
0.70307
0.66374
0.65615
0.70307
0.70795
0.77804
0.76033
0.74131
0.70958
0.76736
0.70958
0.69663
0.69024
0.73282
0.70307
0.66681
0.63096
0.88105
0.77625
0.68549
0.76384
0.74817
0.73621
0.67298
0.65615
0.67143
0.69343
0.70632
0.7145
0.65163
0.73451
0.69502
0.66069
0.71614
0.65313
0.81096
0.69663
0.66527
0.66222
0.72111
0.72277
0.64863
0.7145
0.71945
0.7145
0.67453
0.7656
0.70146
0.72277
0.73451
0.72111
0.64417
0.66834
0.69502
0.78163
0.67298
0.69024
0.7709
0.70958
0.78524
0.65464
0.68077
0.66988
0.75509
0.67764
0.71285
0.69823
0.67453
0.73961
0.74989
0.66374
0.68234
0.70307
0.71121
0.69343
0.75683
0.6792
0.71779
0.6792
0.69663
0.68549
0.7656
0.66988
0.6792
1.1641
0.877
0.74645
0.77625
0.82414
0.79068
0.89331
0.8147
1.8323
1.1246
0.68077
0.79799
1.6106
0.96828
1.0162
1.9454
1.3305
1.1246
0.99541
1.1015
1.0715
0.98855
1.219
1.8707
0.72611
0.68234
0.71779
0.76384
0.68234
0.72277
0.73451
1.7061
1.3646
4.4566
0.69984
0.77446
0.74989
11.94
16.904
5.5208
6.8391
1.8707
20.512
10.423
20.23
14.289
21.232
12.794
18.923
10.093
1.1967
10.233
1.205
10.691
8.7498
0.66834
0.72111
0.77446
1.0765
3.8459
8.8308
0.71945
0.68865
0.70146
0.69024
0.73114
0.71121
0.68549
0.66681
0.93111
0.73282
0.69502
0.76033
0.67453
0.71945
0.69823
0.64565
0.70632
0.71779
0.75336
0.73282
0.76384
0.62373
0.70307
0.68234
0.82414
0.69663
0.70632
0.80353
0.80538
0.76384
0.68391
0.66527
0.72111
0.68865
0.73282
0.71121
0.72277
0.74817
0.70632
0.67608
0.71614
0.66988
0.68707
0.68549
0.76736
0.69502
0.75336
0.66988
0.71121
0.64565
0.67453
0.70795
0.73451
0.65917
0.73621
0.73621
0.74989
0.73282
0.69502
0.69183
0.72444
0.65313
0.64863
0.69024
0.73282
0.74302
0.64863
0.67453
0.6792
0.71285
0.75509
0.66527
0.67453
0.73451
0.72611
0.69984
0.71945
0.70795
0.69024
0.73282
0.71779
0.67764
0.76736
1.0209
1.4289
2.2491
0.86696
0.76736
0.69984
0.71285
1.0839
0.74302
0.71945
0.74645
0.74473
0.71945
0.7145
0.70958
0.79799
0.71121
0.68077
0.68391
0.74302
0.70958
0.85901
0.72444
0.7145
0.71614
0.72277
0.68077
0.72444
0.74473
0.75509
0.73114
0.75858
0.75858
0.85114
0.70469
0.65615
0.79616
0.7709
0.79433
0.73961
0.73621
0.78163
0.74817
0.7145
0.72946
0.69984
0.69823
0.76384
0.7709
0.72277
0.74302
1.3092
0.73961
0.71121
0.68865
0.75683
0.86099
1.2503
0.88716
1.6406
6.1518
0.78343
0.88105
1.1776
1.1324
1.3614
0.9977
1.0069
1.2359
4.0458
1.2359
1.1749
1.094
1.2972
1.9231
0.72946
0.77625
4.0272
0.69502
0.79983
0.73451
0.7145
0.7379
0.70795
0.69984
6.4863
0.68549
0.69183
0.72611
6.2661
0.74302
6.9024
10.375
0.72778
0.71779
1.1194
1.1015
1.9588
0.98175
0.98855
1.6711
25.645
19.999
13.804
11.749
13.335
12.618
27.29
13.428
14.723
0.64714
6.6988
1.2882
0.79068
0.81846
1.0116
1.1885
1.9409
0.9247
0.87297
0.86298
0.86696
11.668
0.69343
0.97949
0.79799
0.70632
1.094
0.71121
0.72444
0.94189
0.67298
0.68865
0.69663
0.74817
0.85114
0.74473
0.7145
0.72444
0.7656
0.72946
0.7379
0.70146
0.71614
0.69663
0.71779
0.72946
0.70795
0.68549
0.70469
0.73451
0.65464
0.72946
0.71614
0.65917
0.65766
0.83946
0.71779
0.77446
0.68234
0.79616
0.70146
0.68391
0.75336
0.70958
0.76033
0.67608
0.81283
0.72444
0.81283
0.71121
0.69502
0.69984
0.69663
0.79433
0.72444
0.76208
0.68707
0.71945
0.73961
0.71285
2.1232
0.77804
0.66681
0.71121
0.71779
0.74473
0.80168
0.82414
0.80168
0.70632
0.70795
0.72611
0.70632
0.74473
0.69502
0.73621
4.8084
1.2106
0.93541
0.8892
0.7925
4.1687
0.8892
2.5061
0.75858
0.71285
1.9231
0.86896
0.74645
0.6792
9.3541
11.508
0.71945
1.4689
0.8147
0.69502
0.84333
1.2445
0.70307
0.69984
0.82414
0.77625
0.74473
0.94842
0.94624
0.66681
0.83176
0.72277
0.81658
0.70469
0.8414
1.0864
0.87297
0.71121
0.84723
0.71779
0.82604
0.8414
1.6032
1.6749
2.8184
14.06
2.6122
5.0582
0.75336
5.728
3.7497
0.81096
0.7145
0.79616
1.2853
0.7709
0.65615
0.65615
0.65615
0.65313
0.71285
0.72111
0.67298
0.6792
0.88105
0.6792
0.62087
0.66681
0.65464
0.6166
0.68391
0.66681
0.71779
0.67764
0.67608
0.64269
0.71614
0.66988
0.67453
0.67453
0.65013
0.69024
0.65917
0.66834
0.65766
0.67453
0.64565
0.66222
0.65163
0.68234
0.70958
0.63241
0.68234
0.6792
0.65163
0.66069
0.67608
0.69823
0.65766
0.72277
0.66527
0.73451
0.62373
0.63533
0.65464
0.66834
0.66527
0.63973
0.65464
0.92045
0.68707
0.77983
0.66988
0.67298
0.67298
0.66988
0.67764
0.70958
0.66374
0.6792
1.2023
1.1246
0.75162
0.72444
0.7709
0.84333
0.72277
0.64863
1.3002
1.2677
2.0606
0.84918
0.98401
0.77625
0.92683
1.1376
4.5186
0.69024
0.69823
0.69502
0.72946
0.66374
3.8637
0.68707
0.69183
1.0914
0.67453
0.70146
0.71121
0.70632
0.68234
0.72611
0.69183
12.882
19.364
12.05
3.0549
10.399
15.704
1.5996
8.356
2.133
11.092
2.3823
13.552
12.972
10.093
0.70632
0.68234
2.3605
2.4099
0.82414
4.1591
9.2897
4.9204
0.81658
0.76913
1.2023
0.81658
19.498
11.776
11.641
16.672
11.695
16.788
12.503
23.55
6.5013
20.277
19.634
13.092
24.21
20.797
9.8855
11.508
15.171
3.8459
20.37
9.1622
1.3552
5.7148
18.239
14.928
16.368
1.6255
5.6885
0.77625
4.8417
3.5481
2.9309
1.2735
0.98628
6.4714
14.488
0.69984
0.69024
0.76913
0.65917
1.1482
0.73451
0.66834
0.73451
0.67143
0.66069
0.63241
0.70958
0.76384
0.69343
0.71614
0.66374
0.64863
0.69183
0.65766
0.66834
0.66069
6.5013
1.5812
1.6827
0.71945
0.78886
0.79616
0.86497
1.0495
0.76736
0.77804
0.76208
0.81096
0.82985
14.655
7.5336
6.9502
3.7844
18.281
17.219
14.825
4.9317
0.8892
1.9724
3.3574
2.0417
1.6444
14.125
8.7902
2.1135
1.3964
1.5241
16.866
12.134
20.989
19.588
11.194
9.506
2.6424
1.2023
1.183
1.2023
2.6792
0.84918
1.406
0.67608
0.93111
14.655
1.2303
0.66527
0.6368
0.67143
0.70146
0.67453
0.66988
0.66222
0.69024
0.68077
0.77983
0.77983
0.68865
0.62806
0.97499
9.6605
4.7863
1.2388
0.76736
9.0782
23.878
0.92257
0.78163
0.68077
0.9528
0.86497
1
0.84528
1.6144
0.6792
2.4266
0.68549
0.71945
0.66527
0.72277
0.8091
1.7378
0.67298
0.75162
0.69024
0.70469
0.75162
1.3583
0.73451
0.67608
1.219
0.69024
0.68865
9.1201
12.162
1.5959
1.1041
7.9433
19.32
20.797
16.144
21.979
16.144
18.03
14.125
17.219
0.67143
0.73114
0.66222
0.65313
0.68391
0.69823
0.69024
0.76913
0.72444
0.69343
2.9854
0.91622
1.1561
1.3397
1.0233
1.1041
4.9317
0.74645
0.71121
8.4333
0.9506
1.2162
1.3836
2.4434
0.97275
1.5417
1.8836
1.6406
14.322
6.3387
1.6069
1.4488
13.152
20.184
16.482
8.9331
13.583
12.19
3.2137
0.72611
25.823
10.789
0.66834
10.093
15.668
12.706
12.274
1.0139
0.75858
0.76736
0.74131
0.82604
0.74302
0.63096
0.6792
0.71121
3.9084
1.349
1.0715
0.8995
0.72778
0.71614
5.236
1.1402
2.4831
0.68391
0.64863
0.74131
0.71779
0.70795
0.70958
0.77983
0.71614
0.70795
0.69663
0.63973
0.77268
0.79983
0.7145
0.73961
0.76033
0.69502
0.71945
0.68077
0.71285
0.72277
0.70146
7.6384
5.5976
1.9231
1.5488
0.877
4.8417
0.76033
0.70958
0.90365
0.68707
0.69663
1.6904
0.65464
0.66222
0.65766
9.9083
10.399
14.488
19.187
15.812
23.823
9.7275
13.932
14.791
10.593
11.455
14.488
15.066
18.239
21.979
21.677
10.691
14.521
3.1989
1.8323
0.70146
0.67608
6.7764
0.98175
1.2134
0.85507
0.90782
1.3996
1.2735
0.88105
5.3827
0.71614
10.257
2.8445
1.8408
1.6293
14.388
12.05
0.69343
0.71285
0.71945
0.66069
0.70146
0.7145
0.7145
0.76384
0.73282
0.75336
0.69984
0.7145
0.7145
0.7925
0.71121
0.67608
0.7656
0.70958
0.73451
0.76384
0.74989
0.69024
0.73621
0.65013
0.65766
0.70632
0.71945
0.70146
0.74817
0.67143
0.77268
0.68234
0.73961
0.67143
0.73114
0.6792
0.72111
0.7145
2.4322
7.4131
7.3621
0.70958
0.7145
6.2087
18.45
19.634
14.421
15.136
0.91201
1.194
0.91411
3.1405
0.66834
5.4075
8.7498
7.0795
15.066
6.4121
0.94406
0.80168
1.8707
8.7902
3.8107
0.81096
0.75509
0.67764
0.74817
0.72111
10.99
15.276
22.08
16.634
16.106
10.568
12.735
20.845
3.4514
2.9923
0.7656
2.4378
3.342
1.3305
1.5136
0.66834
0.69343
0.67764
0.66374
0.70469
0.65313
0.72111
6.3973
7.2778
0.90157
11.83
0.72946
0.71285
0.75858
6.9024
21.928
15.74
12.882
14.655
17.219
11.885
0.89536
6.5464
7.8886
1.5812
0.83753
12.303
12.19
2.6242
3.7239
8.0538
9.3325
12.246
14.388
0.72111
2.421
2.1038
10.351
9.0573
17.378
0.81846
0.7656
8.0724
1.6711
0.70958
0.82985
0.79799
0.89743
1.0209
1.4093
0.85901
0.71945
0.70632
0.69984
0.74989
0.71614
1.0351
1.2303
0.67453
1.0257
0.66988
0.67764
0.75858
0.79616
0.74473
0.71121
0.78524
0.67143
0.66834
0.71779
0.66988
0.74302
0.71614
0.72946
0.6792
0.66681
0.97949
0.67608
0.72946
0.63973
0.68234
0.69502
0.7709
0.67298
0.66374
0.76208
0.72444
0.67608
0.72611
0.70469
0.68077
3.0269
0.64863
0.70307
0.69502
0.70469
0.70469
0.71779
0.63096
0.64121
0.70632
0.68234
0.71285
0.7379
0.66681
0.69502
0.73451
0.68391
0.65615
0.66681
0.66834
0.67298
0.65464
0.74131
0.69984
0.66222
0.70795
0.71779
0.67298
0.68865
1.0593
0.71779
0.70958
0.6792
0.69823
0.74131
0.70958
0.70795
0.66222
0.66527
0.65313
0.71945
0.66681
0.76736
0.68391
0.70146
0.71285
0.66988
0.67453
0.72444
0.70307
0.67298
0.75683
0.63387
0.65917
0.66834
0.66681
0.7656
0.70795
0.69024
0.72778
0.69984
0.69663
0.69663
0.69823
0.72444
0.71121
0.68865
0.70795
0.71779
0.75162
0.70795
0.69183
0.68234
0.72778
1.2445
0.84528
0.80353
0.82604
0.89743
1.4355
2.1429
1.074
1.3243
1.0304
1.1015
0.67764
0.71121
6.4417
0.75509
1.7906
0.74131
0.75858
0.78343
0.82794
1.4791
1.9815
0.67453
0.63826
0.77804
0.8356
0.68707
0.77268
25.061
25.351
3.069
14.289
1.7458
33.266
20.941
18.793
12.823
19.099
16.52
13.213
18.323
14.191
12.677
15.996
12.972
3.5075
10.52
16.558
16.943
3.0974
12.331
6.1094
11.695
18.707
25.527
22.284
15.453
20.749
1.8493
6.4417
3.013
9.528
19.679
11.376
15.704
16.866
2.9174
5.8479
9.3325
19.011
31.623
14.488
16.904
0.81846
0.6792
0.66681
1.2823
0.85901
0.87902
1.2218
1.0209
1.194
1.1482
1.2474
1.1066
1.1376
3.3266
2.3388
0.99312
0.78705
0.82414
0.85507
2.7733
1.2882
9.5719
12.162
3.9355
0.70958
11.94
7.8163
0.69502
9.4624
27.542
6.3533
15.101
5.7016
10.093
19.999
19.275
0.68549
8.5704
17.338
21.478
10.544
20.941
9.4406
1.652
0.67608
0.71614
0.7656
0.77268
0.72277
0.67764
1.7906
0.73451
0.75509
0.72111
0.73451
0.67453
0.71779
0.68391
1.3996
1.1995
5.42
0.70146
0.73451
1.1117
0.70958
0.73451
0.66069
0.64714
0.75509
0.71614
0.78343
1.1402
0.77983
0.86896
9.8855
0.7145
0.66681
0.75336
0.69343
0.73451
7.379
26.303
2.8184
29.04
27.669
23.659
24.266
21.429
19.055
17.865
12.677
0.73961
22.182
14.588
13.614
17.947
22.08
24.547
17.298
12.882
1.3002
1.1298
1.4622
1.2445
1.3428
1.0864
1.183
0.80538
5.0234
15.959
9.0157
1.4555
2.1677
15.488
14.723
0.72277
0.84918
0.70795
10.209
17.298
26.915
23.014
20.23
14.757
3.8282
1.194
11.885
3.3884
3.9902
16.032
11.912
21.281
16.482
21.38
0.78343
8.0353
18.365
13.772
17.579
5.7016
5.0003
2.4266
9.9541
11.995
17.742
0.68865
0.70146
0.65464
0.66988
0.68234
0.73961
0.76033
0.70958
0.69343
0.66527
0.89536
0.73282
0.68234
0.68391
0.76033
0.68865
0.66834
0.6792
0.70795
0.66374
0.76033
0.68391
0.68549
0.69024
0.68077
0.69343
0.73451
0.7925
0.77625
0.97949
0.73621
0.65917
0.69343
0.70632
0.70958
0.72444
0.78705
0.72444
0.79068
0.8356
0.74131
0.91833
1.074
1.2823
1.6331
1.2445
6.223
1.0423
0.68707
10.046
9.0573
9.0991
0.64565
0.65013
0.66527
0.63826
0.75336
23.768
14.689
15.668
11.22
21.281
17.418
19.498
19.679
10.28
13.243
18.197
0.7145
0.70958
0.65013
2.8973
0.71285
0.74645
0.76913
0.69024
0.69823
0.71779
0.72611
0.72778
19.011
14.223
29.107
14.06
26.915
14.997
2.1827
21.33
13.74
21.727
22.491
21.232
15.885
17.061
20.893
11.041
5.559
1.2359
0.94842
0.68865
0.97724
0.73282
1.2764
1.2218
1.2417
1.3213
1.0351
1.1482
0.88105
0.74302
4.217
2.3227
0.84918
0.95719
0.90573
1.9498
6.2373
22.594
12.331
11.995
20.091
21.478
7.8163
20.941
25.41
16.558
20.749
21.677
16.293
15.74
17.989
14.488
13.552
20.941
12.853
10.351
8.1658
22.594
16.144
14.223
12.882
12.474
9.0782
3.6728
12.023
1.5524
1.5631
0.77625
1.0257
1.4689
1.4825
1.1429
0.97499
1.0889
5.1642
1.39
0.70632
26.002
14.256
28.249
30.2
22.439
15.996
13.521
12.05
1.803
1.1298
24.774
15.596
20.559
12.331
13.183
23.823
2.0654
0.76208
1.9099
10.839
20.512
15.346
1.0139
14.322
15.56
19.815
17.061
18.578
10.447
28.642
14.125
17.783
16.069
19.099
0.67143
0.6792
0.73961
0.7709
0.8147
1.5205
3.2434
1.1535
2.2336
14.723
29.648
24.717
19.055
12.618
10.94
20.559
18.535
18.408
12.19
16.788
14.289
0.98401
1.2417
3.3497
1.5241
1.5417
0.69343
1.4191
7.2277
1.0864
1.0814
1.0814
1.0839
0.93111
0.91622
1.0471
0.877
0.77268
0.75162
1.8923
0.70146
0.70146
0.67764
9.2045
35.975
2.2751
2.2439
0.67608
7.2111
16.52
26.915
20.606
25.942
13.213
18.323
9.9541
2.0091
10.351
1.6711
25.704
12.388
19.231
24.889
11.22
25.468
1.4421
8.2035
6.2661
0.69024
1.7219
19.907
11.561
18.155
16.558
19.099
26.977
24.717
25.177
12.106
5.3827
12.134
18.281
11.995
17.989
19.907
25.119
16.255
26.792
25.293
17.061
21.528
16.866
17.539
5.3703
7.1779
22.387
13.709
23.55
0.67764
5.821
28.51
19.099
9.4842
8.147
1.1402
0.9594
1.1194
1.2972
1.0593
13.032
4.529
10.023
22.961
19.543
15.346
19.999
23.768
13.521
24.774
23.988
29.717
4.7753
7.6736
12.274
0.64714
0.70632
12.134
0.90573
0.69663
0.73282
0.78705
0.72444
18.281
3.7931
1.1482
1.1092
1.3772
1.5417
1.3521
1.0304
8.2794
7.0469
8.892
2.1777
1.5311
0.65766
4.2267
30.62
4.2756
14.791
9.2897
28.119
30.549
19.187
25.704
16.943
4.14
14.421
18.493
24.604
20.324
24.155
22.856
18.923
21.38
16.368
22.336
25.003
12.19
23.067
25.468
14.488
28.51
10.046
10.965
3.0903
23.933
25.003
26.242
13.521
9.247
5.0816
18.923
18.88
15.031
19.77
20.091
16.904
1.4622
8.356
17.418
0.71779
21.135
19.999
26.424
26.546
16.255
17.458
15.136
13.932
3.2509
0.62951
2.2182
20.23
16.144
27.542
12.794
21.577
16.406
12.618
16.52
11.912
14.06
12.023
14.223
5.035
9.7949
2.6002
2.355
2.7542
0.94189
17.258
27.861
23.442
25.942
19.099
24.099
3.0479
24.044
28.379
8.0538
3.5563
15.066
25.351
16.106
11.429
1.4488
13.521
0.8147
0.85507
8.1283
24.66
16.255
27.925
29.512
28.973
15.996
23.659
23.335
26.792
12.56
25.003
16.827
25.235
15.996
12.503
16.331
33.729
1.0814
1.3804
0.93111
1.0093
1.3932
1.6558
1.3964
1.0423
5.236
0.87297
0.84918
0.69024
1.5101
3.581
6.166
1.3614
1.5066
1.0304
1.1429
1.5885
1.39
19.409
14.093
18.664
17.179
13.9
12.531
20.701
24.604
15.382
12.445
19.999
15.066
21.429
26.977
18.113
16.032
25.351
15.453
22.233
15.136
22.646
22.439
16.144
7.2111
24.946
26.122
20.417
22.284
16.711
18.793
26.242
22.387
22.909
27.353
27.479
16.144
17.179
24.831
26.546
10.162
5.0699
1.1429
0.93756
1.2503
1.4962
1.39
1.3092
0.92683
1.028
3.9719
3.1333
0.73961
0.92897
0.8147
2.8642
23.121
23.121
13.002
13.183
13.062
18.75
15.276
25.061
33.574
26.669
20.749
14.622
0.75336
22.542
25.645
13.932
21.777
18.072
26.062
20.941
27.29
15.596
28.708
18.967
24.831
34.198
36.813
17.783
29.04
15.453
27.861
26.363
16.144
25.527
20.559
24.155
26.002
26.853
29.376
23.067
26.485
30.832
15.668
21.827
15.74
35.156
19.32
17.1
30.061
23.227
17.579
3.8107
17.539
16.368
10.023
25.061
13.002
21.281
30.2
25.645
28.249
26.669
22.387
28.184
31.117
14.454
26.915
19.953
21.135
27.925
21.627
16.827
20.464
27.102
31.333
20.091
27.227
17.418
8.8105
12.531
17.906
21.727
9.7051
21.827
13.772
12.331
22.542
20.512
29.923
25.823
25.177
13.521
17.338
23.605
4.2462
1.4191
5.42
16.444
13.868
13.062
1.9011
28.119
23.714
22.594
22.856
29.648
13.002
21.33
18.197
6.1518
1.9953
0.877
1.3152
1.4093
15.812
20.464
16.634
26.002
17.219
34.995
26.424
14.388
28.249
17.179
24.547
28.445
1.0023
8.9536
1.5631
2.3933
5.6754
29.04
14.928
20.045
15.171
26.853
23.988
15.959
29.107
21.727
3.2509
23.988
26.363
25.468
29.854
26.853
31.696
23.714
28.249
19.588
20.324
21.038
29.717
17.865
4.4259
6.8234
25.003
31.769
24.66
13.305
34.119
28.84
19.634
28.314
28.51
20.797
29.242
27.479
5.6885
23.605
12.503
17.824
30.62
22.131
28.642
30.69
32.734
7.6384
21.281
33.266
38.637
26.062
27.479
25.061
28.973
30.69
22.491
