3.6141
5.1168
2.0045
21.979
2.3605
0.80724
0.77804
1.0023
16.943
22.542
28.054
16.982
1.875
3.8282
0.97051
0.89331
0.85901
0.82224
0.76384
0.78524
0.74645
0.82414
0.83176
2.3933
2.6002
15.066
2.6182
1.888
1.5171
0.94406
20.045
21.677
24.434
20.989
15.066
19.999
13.49
19.679
23.496
18.197
14.588
22.182
18.408
2.2182
0.8995
1.2445
19.543
20.606
24.322
7.1614
2.5645
6.4417
4.6774
0.84528
0.83946
0.71945
0.78524
0.69663
0.70958
0.66834
0.81096
0.75858
0.75858
0.76913
0.79433
0.89743
1.3772
1.6788
1.2078
0.9247
1.7061
0.87096
0.78705
12.162
0.88308
0.85114
0.76913
0.74131
0.98628
3.7411
3.6392
3.6141
1.6672
1.6788
1.977
0.75336
17.022
22.909
22.182
23.388
26.242
26.915
23.823
9.6828
12.134
15.136
19.543
22.029
25.351
22.751
4.9091
2.0184
1
0.89743
2.8973
0.77625
1.2274
17.378
26.485
26.792
23.442
21.928
23.067
14.454
4.0738
11.695
15.311
9.8175
19.454
17.947
25.119
18.923
32.285
2.2646
1.888
3.0832
2.0417
7.2946
1.977
2.208
4.0179
1.4289
1.1776
1.3152
1.5382
3.5645
3.0479
1.7298
0.93972
3.155
0.94624
0.84528
0.87096
0.85704
0.77804
0.7709
0.82985
0.85901
0.76384
2.4378
0.9528
0.88105
0.74302
0.72611
0.71285
0.99083
2.5823
2.3768
0.96383
1.1858
0.86298
1.0641
1.8793
0.74817
16.069
15.136
28.184
22.699
36.141
29.376
26.122
18.03
20.606
15.346
18.197
18.923
27.29
19.275
1.349
0.9247
1.5959
10.94
5.7943
3.8994
8.7297
1.3772
6.5766
32.359
2.3768
5.6234
17.539
1.7701
6.2517
0.9977
1.1066
0.69823
0.7925
1.4689
1.0233
0.76913
1.2445
1.8621
1.7865
1.9679
10.046
2.5942
18.836
13.646
23.605
0.89536
0.86696
0.80724
0.79433
5.7016
1.7061
2.9992
15.704
16.482
30.549
20.845
31.989
23.878
21.727
15.849
2.6607
2.4831
1.3836
1.3709
3.02
8.0538
3.8548
16.52
19.953
19.099
21.086
22.699
27.102
24.044
25.235
34.356
34.277
33.574
27.102
2.4491
1.4825
2.7669
11.015
2.6062
1.1858
1.0544
1.0914
1.1776
1.3932
15.704
18.621
16.406
18.578
26.853
20.797
0.98855
1.5631
0.83946
7.6208
2.5351
3.1915
11.143
2.3823
1.39
1.4454
1.4454
1.5704
1.4723
1.122
1.135
1.5346
1.0069
1.3836
1.1614
1.0447
2.2284
1.9409
1.5382
2.2491
1.4256
1.9231
6.5313
0.85114
0.96161
0.80168
0.86099
0.83368
1.9187
0.81846
0.74817
0.78886
0.74817
0.8091
0.76384
1.6218
3.6224
1.0864
0.77804
0.75683
0.74645
0.74473
2.3768
1.4588
1.3032
1.3804
2.0417
1.5382
4.4463
5.9429
26.546
28.576
23.768
22.542
24.044
21.878
19.679
20.606
23.388
30.2
13.002
19.099
25.468
2.2029
1.556
4.3351
1.5453
12.445
19.77
21.928
29.04
24.21
23.714
25.061
21.677
1.5668
15.311
22.803
17.022
27.797
26.424
25.468
32.961
8.7498
4.3152
1.122
1.0914
1.1912
0.9247
0.7709
3.6559
2.4604
5.9566
2.3014
1.2677
1.094
1.7219
3.7584
0.85704
14.125
31.189
32.659
33.037
30.339
22.439
22.284
19.953
30.13
25.763
16.52
24.491
22.131
2.0184
4.5499
2.2751
5.4325
1.574
1.3243
1.8323
4.9545
2.8379
2.1478
2.4604
1.099
1.3459
1.6596
4.4875
7.0307
1.4757
1.0641
0.67298
1.3274
0.8147
1.7458
1.1858
2.138
1.256
0.86099
1.0069
0.78163
0.80168
2.1928
1.374
1.5136
1.6218
2.3878
1.4223
1.9231
1.6749
1.4655
1.0423
1.1482
1.9364
28.576
7.709
23.988
24.21
24.099
33.113
23.659
27.542
20.941
26.122
21.038
30.269
34.674
33.884
22.803
21.135
28.708
23.823
12.503
2.0845
1.6444
1.1194
1.4256
1.0447
4.4463
3.1989
3.3806
3.3963
25.293
22.233
24.21
25.586
28.054
1.3397
1.6181
1.1668
1.4757
1.2331
1.1776
1.556
3.2659
7.925
28.314
29.923
22.646
20.184
20.417
5.035
15.922
0.79616
0.9247
0.72277
0.76913
0.76736
0.72111
0.8356
3.3574
3.4754
2.1528
18.408
22.699
12.912
1.4093
0.92257
0.8531
0.94624
0.76384
1.2589
1.0765
0.85114
0.81096
2.3496
2.6242
2.9854
3.8637
1.3397
1.8493
2.0045
1.349
1.7418
10.304
1.3964
1.0641
1.0399
1.5101
1.0691
1.0233
1.2246
1.0328
1.2417
1.1695
1.1561
1.6943
1.3521
1.0375
0.91622
2.466
3.8905
3.1696
1.5668
1.6943
1.4454
1.4859
1.4723
1.3709
3.1769
10.399
4.9091
1.1272
0.84333
2.023
1.4223
5.0119
18.621
0.72444
7.9799
22.594
25.586
18.967
19.77
20.137
25.527
24.099
19.999
23.605
32.285
19.953
31.117
24.831
28.84
25.527
23.174
20.941
21.827
23.227
27.542
26.122
24.66
24.831
29.309
23.174
25.119
20.512
15.101
26.915
18.664
2.704
3.0479
3.2137
2.5704
5.3951
9.594
0.74302
0.76736
2.5586
8.4918
10.447
16.444
0.78343
1.1376
1.4191
1.1066
0.82985
1.5812
1.5066
0.8356
0.8356
0.86099
0.96161
0.69823
0.80168
1.1482
1.0023
0.85704
0.90573
0.92257
0.84723
0.87096
0.90991
1.2706
0.88716
5.5208
3.1117
2.7102
1.2134
4.2462
4.1687
8.1283
1.3335
5.9704
12.331
0.77268
0.76208
0.7709
0.73114
1.2445
1.3122
1.0186
1.845
1.2823
1.2706
1.2274
1.8155
1.2706
1.2162
2.0893
3.54
1.7539
8.7297
22.646
29.58
24.322
24.044
24.774
29.309
28.51
26.485
26.73
30.13
25.823
31.046
31.55
30.974
2.0091
2.421
1.5136
0.95499
0.74473
1.1668
1.4125
1.4894
3.9628
1.349
1.1588
0.91411
2.7227
0.91201
14.723
21.979
21.33
32.961
26.977
30.13
17.66
28.51
22.439
14.125
21.928
28.708
25.351
24.774
29.444
32.81
31.915
32.211
31.769
33.729
27.797
24.66
4.6559
17.865
24.66
25.177
25.061
34.754
26.303
33.343
31.55
28.054
23.605
27.861
25.823
6.2661
6.5464
33.884
31.623
27.797
5.0234
15.276
1.8493
3.9355
1.2735
1.7061
1.8281
1.888
1.3772
1.5885
1.5346
1.5417
2.4155
3.0409
2.5645
1.3459
0.94842
0.83368
5.0466
1.1455
2.6485
0.74817
0.72111
1.8365
1.2853
2.3496
1.8664
4.8195
9.6828
1.2882
0.7656
1.0447
3.2885
3.1842
1.349
1.5776
1.3305
16.672
28.184
25.119
27.164
30.13
27.669
29.107
33.497
32.285
26.242
21.627
7.4989
0.68077
0.71945
0.76913
0.76384
0.8147
0.79799
0.72778
0.73114
3.1769
3.6308
0.79616
0.66681
0.69823
0.71121
0.74473
0.70795
0.74473
0.68707
0.70307
0.72946
0.83368
0.82794
1.0641
1.8535
2.1232
3.6898
0.97949
0.83946
0.93541
2.2233
4.0365
2.0184
2.0989
1.6106
0.87297
0.8147
0.90782
1.256
1.3335
1.7947
1.4622
2.7416
0.80538
0.80168
1.4488
0.8995
0.77804
0.89331
0.82794
0.89536
0.74302
1.0568
2.0989
1.2764
0.99083
1.0544
1.4488
0.71779
0.92257
0.80353
0.75509
0.78886
1.2417
1.0641
0.65163
0.67453
0.79983
0.67143
0.66527
0.72111
0.71614
0.66834
0.73961
0.70795
0.67298
0.73621
0.68549
0.87297
0.68077
0.69502
0.88105
1.714
4.1783
0.74131
0.73282
0.66374
0.70795
1.4689
0.75683
0.69183
0.70632
0.86696
1.5849
1.122
1.5031
1.4622
0.74817
1.122
1.9454
2.2029
3.0761
0.71945
0.83753
0.70795
0.85114
0.86497
0.76384
0.98855
0.76736
1.3772
0.89331
0.71121
0.82794
1.4125
0.83368
1.0544
0.79983
0.74131
3.54
2.7925
7.2111
0.96383
0.86896
0.88716
0.90157
1.1015
1.1749
1.0715
0.89536
2.2336
1.1482
1.0046
1.0839
1.1776
1.4655
1.1143
1.2823
4.2954
2.4044
3.9902
0.74302
0.75858
3.7931
1.3366
2.0989
1.074
0.84723
0.91411
1.2474
1.4588
2.541
0.73114
0.88308
0.77268
0.8147
0.68234
0.73114
0.7145
0.76384
0.69343
9.1411
10.162
1.8621
0.85704
0.92897
1.1803
1.556
1.0965
1.1776
1.1015
1.0666
1.0914
1.2706
1.2764
1.1143
1.2417
0.99083
1.6827
1.0864
1.3583
0.73961
0.72611
0.80168
0.73621
0.69343
0.72946
0.77804
0.81283
4.0087
0.93541
1.8239
0.77804
0.81846
0.82604
1.5776
0.79983
0.81096
0.83368
0.7709
0.8414
0.89536
0.80168
0.82794
1.7579
1.3092
2.0749
0.74645
0.73114
0.73621
0.74473
1.7947
0.77804
0.70307
9.3756
1.6982
0.65766
0.72277
0.65013
0.74302
0.86298
0.90157
0.70146
0.72277
0.64565
0.67143
0.8414
1.0093
0.86298
0.76208
1.1995
1.3092
1.9999
2.0701
1.3122
1.9679
1.8836
1.1508
0.7709
0.72277
0.73282
0.80724
0.70795
0.72277
1.4555
0.69183
0.80168
0.69984
0.69502
0.75509
0.68549
0.6792
0.74645
0.66988
0.69024
0.89125
0.66069
0.68865
0.71121
0.71121
0.66988
0.67298
0.70632
0.67453
0.69984
0.67453
0.7145
0.68391
0.67453
0.68077
0.66681
0.68549
1.3335
0.70469
0.67298
0.69823
0.67453
0.65766
0.70795
0.63387
0.72946
0.72111
0.68707
0.70469
0.67143
0.67298
0.71614
0.66527
0.67298
0.74302
0.66834
0.69343
0.69183
0.71945
0.7379
0.69183
0.68234
0.70469
0.70307
0.6792
0.67764
0.75336
0.66527
0.7656
0.72277
0.65917
0.72778
0.66834
0.71285
0.89331
0.70469
0.73282
0.67298
0.69663
0.69502
0.70146
0.69024
0.70632
0.67764
0.66988
0.66681
0.69183
0.74131
0.70958
0.72111
0.74645
0.71779
0.70958
0.69343
0.83368
0.77268
1.1246
0.84918
0.73282
0.88512
0.69183
0.67298
0.68077
0.75858
0.74473
1.3804
3.7844
4.6666
6.7453
1.0257
0.89536
4.2267
0.63973
0.70958
0.65313
0.68707
0.70958
0.68707
0.72611
0.66834
0.67764
0.70146
0.73114
0.74302
3.4594
5.3333
0.8995
1.1402
1.099
1.3996
1.4488
1.3428
1.2417
1.3152
1.3002
1.0233
1.205
1.3366
1.4488
1.1803
1.5631
1.0965
0.73451
0.69343
0.82794
0.79616
0.85114
1.135
1.0789
0.82794
0.68234
0.77268
0.76384
0.8995
0.93756
0.78524
0.72444
0.74302
2.0749
2.0417
0.68234
0.73451
0.78705
2.7925
0.7145
0.70632
0.75336
13.335
11.695
18.707
28.907
16.331
24.604
20.045
28.184
22.439
16.866
30.761
16.032
24.21
27.102
22.542
13.183
14.588
16.032
27.353
18.03
24.434
27.861
24.66
22.233
2.6122
16.144
4.3954
20.045
26.73
16.144
25.351
24.547
25.468
26.242
21.429
18.493
24.717
22.08
17.338
29.174
33.113
28.576
24.322
17.418
5.902
3.5318
2.3227
8.5901
1.1561
2.2699
4.8753
2.7861
5.8076
1.8707
1.1776
1.5205
1.4555
1.3552
5.9156
0.78705
0.80538
0.77804
0.74817
0.83753
1.3614
0.93111
0.9528
0.76913
0.99541
1.5849
0.81846
0.81846
0.94842
3.069
2.3281
1.4355
3.2359
1.5631
2.3335
2.3988
0.66374
0.7145
0.73282
0.87297
0.7145
0.93325
0.93756
0.77268
0.89331
0.90991
0.77804
0.69663
0.68865
2.5351
5.8345
18.113
0.73961
0.70632
13.152
24.155
29.242
28.84
28.054
21.086
25.293
25.061
21.478
25.351
27.861
27.669
4.6345
26.853
33.266
28.054
31.623
29.854
26.853
26.977
31.989
30.69
27.606
22.594
27.479
18.113
5.42
25.823
21.727
24.946
28.84
29.717
25.704
26.303
30.409
21.33
18.323
24.491
2.7479
4.3251
2.9854
0.72277
1.0447
0.8414
0.76736
0.82414
2.2131
0.70146
3.8637
1.6032
0.96383
3.2734
2.037
3.1842
0.77446
0.93972
1.0914
0.9506
3.4435
0.70307
11.858
2.704
1.5136
0.98175
1.556
1.5922
6.0674
0.75858
2.2131
1.1995
0.79799
0.85704
0.84918
1.0814
0.89125
5.7677
1.7742
0.78886
16.52
17.989
4.6452
4.529
4.0458
3.1189
17.179
25.177
25.527
27.606
31.696
25.942
22.131
31.189
33.343
2.6485
0.7145
0.74302
1.1041
6.6681
3.6224
1.1668
1.2618
1.3243
2.138
3.1117
1.1041
1.5668
1.2531
1.3646
3.6983
1.4322
2.2029
8.6696
23.281
3.0832
1.2359
3.8194
1.1324
2.2803
0.86896
1.1588
1.135
1.5668
1.4191
1.5776
1.4256
1.714
1.39
1.3152
1.406
1.4555
1.0641
0.6792
0.67143
1.3152
0.70307
0.84528
1.8836
1.5596
1.4421
1.1402
1.2764
1.2388
1.1324
0.94189
0.79616
6.1235
0.9247
0.9594
1.0593
0.79799
0.83368
0.78163
0.84723
1.0351
3.8637
0.72778
4.3053
0.75162
0.70307
0.66374
6.4417
0.81283
1.6255
1.8836
1.7061
1.6827
2.8119
2.1878
1.9231
4.6345
0.77268
0.71779
0.8147
0.76384
0.68865
0.68077
0.74817
0.72277
0.73114
0.82794
1.5417
0.67453
0.80538
0.86896
0.75858
0.72778
0.90365
0.77983
2.5882
2.4889
1.3305
1.4421
1.5959
1.1561
1.4655
1.888
1.3583
6.8391
1.6069
0.71779
0.82224
0.72778
0.76384
0.74302
0.97499
0.73451
0.74645
0.74989
0.75683
0.78163
0.79433
0.80168
1.3122
0.82414
0.85507
0.80724
0.78705
0.74473
0.74989
0.75162
0.71945
0.74817
0.89125
0.82035
0.76384
0.85507
0.69823
0.7709
0.75509
0.75162
4.1783
0.75509
0.77268
1.3583
4.1591
0.83176
0.77983
0.73621
4.0551
1.9187
0.74302
0.83368
0.97275
0.81283
0.82985
0.79068
1.8493
0.76736
11.668
19.364
6.4565
0.71121
0.89536
0.74645
0.76913
1.3122
2.1429
4.8641
5.4576
8.7498
4.3853
11.967
19.679
28.51
18.836
28.973
16.749
25.351
27.479
26.424
33.884
20.701
30.2
30.69
27.99
26.546
33.113
24.889
22.439
36.141
31.046
24.322
19.498
28.054
20.091
35.645
8.2604
23.014
23.659
27.669
21.979
25.293
27.416
26.853
30.761
27.733
26.915
18.155
22.284
20.091
25.235
30.479
31.117
28.907
31.55
26.242
26.363
33.113
25.41
27.797
19.011
26.546
29.04
27.29
28.314
25.119
27.04
22.909
33.574
24.21
4.0087
2.4491
1.0139
3.8194
1.1722
13.397
26.546
43.451
18.967
26.242
24.378
29.107
32.659
33.884
29.512
25.293
32.137
34.435
29.242
2.4774
25.351
16.331
29.58
38.548
31.189
33.651
25.645
30.69
28.249
19.409
26.73
29.242
31.623
23.988
1.1967
2.5823
1.219
0.83368
1.3583
2.1135
3.155
5.1168
0.83946
0.87297
0.89331
1.0914
3.0903
4.9888
3.7497
1.6218
1.0023
1.2388
2.851
0.78163
0.96828
1.2972
1.3062
2.2131
1.2246
1.0789
0.7145
1.1376
2.4099
1.8923
1.1749
1.1298
1.3583
1.2417
1.6331
2.1878
1.1324
0.79068
0.71121
0.71779
0.70958
0.7379
0.75509
0.68234
0.72611
0.74131
0.73621
0.75336
0.73114
0.74131
0.77804
0.81846
0.69663
0.75509
0.72444
0.73961
0.86497
0.72946
0.71945
0.72946
0.67608
0.68391
0.72611
0.71285
0.78343
0.75162
0.74989
0.73451
0.69984
0.7709
0.77446
0.76033
0.93111
0.72946
0.77804
0.70958
0.79983
0.73961
1.9231
3.0903
0.75858
1.762
0.9247
0.73451
1.0593
1.3092
2.0091
0.82985
0.77983
0.80724
0.70632
0.83946
0.85704
1.0814
1.1641
2.0184
2.4434
2.8054
0.70958
0.72611
0.70795
0.73961
0.72444
0.74131
0.65313
0.72277
0.67298
0.73451
0.75683
0.73451
0.77625
0.87096
0.77983
0.83946
0.74989
2.1727
0.71285
1.3552
1.9907
3.1769
2.4946
5.4954
0.93541
0.85704
0.83946
0.73114
0.7656
0.85901
0.77625
0.74473
0.76913
0.73114
0.83753
0.74473
0.86896
0.79068
0.7379
0.73621
0.77625
0.76736
0.80353
0.72778
0.74302
0.7145
0.7145
0.80538
0.7709
0.76736
0.75162
0.78343
0.74302
0.73451
0.96605
1.4158
2.3067
1.6711
2.1777
0.70146
0.64714
0.72444
0.74302
0.70958
0.7656
0.70795
0.79616
0.69183
0.68391
0.76208
0.87096
0.79433
0.80168
0.71121
0.7379
0.72946
0.73451
0.76033
0.77983
0.7925
0.72946
0.74473
4.6026
1.1376
1.0641
0.9247
0.97949
1.3213
3.3963
1.1117
0.73621
0.94624
1.406
1.4655
1.1614
1.2882
1.5488
1.5346
2.4717
1.3122
1.4825
1.7824
1.194
1.3804
1.1858
1.4588
1.1995
1.5596
1.4355
1.6866
2.0184
1.3521
0.97051
1.3646
1.0864
2.0989
0.76913
0.71614
0.86298
0.71945
0.73282
0.70469
0.85507
0.81096
0.82794
0.98401
0.7925
0.77804
0.90365
0.82604
0.86896
0.76384
1.6181
0.71285
0.67453
0.64565
0.94624
0.90991
0.72946
0.69343
0.69823
1.406
0.69502
0.69024
0.69343
0.68234
0.74473
0.7379
0.66527
0.69024
0.72611
0.75509
0.71121
0.72778
0.7379
0.72946
0.68707
0.69984
0.68077
0.73114
0.77983
0.71779
0.65013
0.9506
0.67453
0.72611
0.65917
0.68865
0.72111
0.68077
0.69502
0.72444
0.70795
0.65766
0.68077
0.70307
0.68391
0.75336
0.72778
0.67143
0.74817
0.71614
0.70469
0.76384
0.66834
0.71945
0.68549
0.71614
0.68077
0.65313
0.72946
0.71121
0.68865
0.67764
0.72111
0.72277
0.7709
0.72946
0.71779
0.70307
0.68077
0.74473
0.69663
0.68549
0.76033
0.68865
0.74645
0.70795
0.7145
0.66834
0.73961
0.71945
0.76384
0.70795
0.75683
0.68549
0.93972
0.70307
0.65615
0.68707
0.70469
0.66681
0.69024
0.69502
0.69984
0.93541
0.71779
0.70307
0.69024
0.69183
0.73114
0.66374
0.68077
0.76033
0.68234
0.66988
0.65766
0.67143
0.72946
0.68549
0.79799
0.67143
0.74302
0.71945
0.70146
0.69183
0.68707
0.71121
0.74989
0.74473
0.68391
0.73282
0.68865
0.69502
0.69984
0.71121
0.70307
0.68234
0.68549
0.73961
0.65766
0.84528
0.68077
0.65615
0.68549
1.1695
0.9977
1.0715
0.79983
0.71779
0.71614
0.7709
0.71614
0.69984
0.74817
1.0839
1.0023
0.69502
3.2734
5.2602
6.6834
2.6424
8.6099
19.055
2.0045
0.68865
3.1989
1.2445
1.0641
1.1614
1.2246
1.2853
1.028
1.4289
1.1749
0.9506
1.2417
1.1455
1.2474
1.3183
2.2182
0.97724
3.4995
0.91201
0.69343
0.67453
0.70958
10.495
6.9024
8.0724
1.4555
7.2111
22.387
31.189
24.378
19.011
25.704
22.029
27.669
26.546
26.002
11.272
23.335
21.086
18.281
24.322
26.669
4.5499
2.4099
13.274
13.397
7.9799
21.38
26.303
27.479
25.468
26.669
22.699
27.925
30.832
24.044
29.376
25.763
25.823
16.558
22.856
22.594
16.788
6.8234
5.1404
2.0893
2.0512
0.95719
4.2756
0.93541
3.5727
0.78163
0.88105
2.7479
6.6681
0.74302
0.73621
1.0069
1.0666
1.0399
14.689
16.406
1.2912
1.122
1.6943
1.7906
5.445
3.6141
0.82414
12.303
20.749
2.0417
2.1184
1.0351
1.875
7.6208
0.77268
0.71779
0.75858
0.71945
1.2647
0.69343
0.7709
0.71121
0.69343
0.72277
0.79068
0.69183
3.2584
0.69343
0.67453
0.89743
0.79068
1.4223
2.2182
3.1696
1.3583
3.3963
0.73451
1.3614
1.1995
0.77983
0.81846
0.70632
1.3274
1.8923
2.6303
6.9502
0.72444
0.73961
0.94189
0.78524
1.6788
0.84333
1.0069
1.71
1.6711
1.2303
0.86099
0.9977
1.1429
0.86696
0.84918
4.8753
0.86298
0.74989
0.85114
0.74989
0.75509
0.88512
0.77983
0.9247
0.79799
0.74989
0.74645
0.79616
0.8147
0.87902
0.70469
0.78524
0.84918
0.7656
0.70632
0.78343
0.79799
0.7925
0.78163
0.74131
0.75336
0.70146
0.84528
0.76736
0.71779
0.73621
0.85704
0.84528
4.1495
2.8642
0.94624
0.84918
2.4491
5.1286
0.81658
0.73961
0.74473
0.75509
0.88105
0.8147
0.80724
0.83368
2.8708
1.4355
1.6331
0.90991
0.95499
0.93111
2.7164
0.76913
0.69984
0.72111
0.78343
0.84918
0.71779
0.82414
0.82035
0.69024
0.7656
0.80538
0.83176
0.76384
0.71614
0.80538
0.78163
0.84723
0.86298
0.80168
0.8414
0.71285
0.80353
0.81846
0.79433
0.7925
0.80168
0.6792
0.93111
0.8892
0.82224
0.72111
0.71121
0.80538
0.77804
0.86497
0.76384
0.77268
0.7709
0.81846
0.79983
0.87297
0.8147
0.72946
0.84528
0.75162
0.90573
0.82035
0.84918
0.88512
1.7498
0.73621
1.6866
3.5645
0.80724
0.78343
1.39
0.93972
0.70307
0.81658
0.88512
0.86497
1.7219
1.0423
0.73961
0.80168
5.3333
3.013
0.7709
0.81846
0.80538
0.75336
0.93541
0.77804
0.71779
0.74645
1.1668
0.77804
1.0186
1.1041
0.89125
0.9247
0.8356
0.85901
2.0845
2.5061
0.81096
0.80168
0.77625
0.83176
0.71285
0.75162
0.80353
0.80724
0.92257
0.77268
0.74645
0.80538
0.7925
0.7925
0.78163
0.76208
1.1429
0.73282
0.75858
0.75509
0.73451
0.69663
0.72277
0.73621
0.77268
0.78705
0.67298
0.73961
0.76033
0.79616
0.68549
0.88716
0.76208
0.73282
0.74645
0.73961
0.67608
0.79983
0.83753
0.83946
0.78343
0.70958
0.69984
0.77804
0.89743
0.76736
0.73282
0.77625
0.76384
0.75683
0.79799
0.76913
0.70469
0.74645
0.82224
0.75683
0.78705
0.80724
0.69343
0.75509
0.79616
0.73114
0.79068
0.78163
0.74645
0.82224
0.83753
0.8531
0.74131
0.74131
0.8147
0.77446
0.68077
0.78163
0.73114
0.78524
0.80538
0.86497
1.7258
0.85901
0.83946
1.2677
1.2882
5.3088
0.71779
0.73282
0.8147
0.73961
0.69984
0.74473
0.77625
0.8091
0.7379
0.69823
0.73961
0.73961
0.73282
0.75162
0.67453
0.74989
0.76208
0.68391
0.75162
0.71945
0.76736
0.68391
0.70958
0.78163
0.78343
0.77804
1.0351
1.5885
1.6827
0.82414
0.68077
0.68391
0.9528
3.8726
1.6181
0.72778
0.70469
0.70307
0.69343
0.65313
0.68865
0.70469
0.67453
0.68549
0.73621
0.69823
0.66069
0.68391
0.65917
0.69183
0.73961
0.70958
0.72778
0.70632
0.66988
0.73961
0.7379
0.69502
0.72778
0.72946
0.69984
0.74989
0.67143
0.67453
0.97499
0.65464
0.70795
0.66527
0.69984
0.73451
0.67143
0.70632
0.70307
0.70632
0.63096
0.69663
0.69663
0.69343
0.69343
0.65464
0.72444
0.65013
0.7145
0.71285
0.69183
0.69183
0.66069
0.65615
0.74989
0.68865
0.65464
0.72778
0.75336
0.70958
0.72277
0.68391
0.70632
0.68549
0.6792
0.69663
1.4223
1.5066
0.88308
0.8414
0.82414
0.79616
0.79983
0.82985
1.1668
1.0617
1.4622
1.374
1.3305
1.2388
0.84333
0.81096
0.96383
1.1246
1.3552
1.2359
1.1695
1.5959
1.4322
1.3804
1.9953
0.78705
1.7338
0.66069
0.69502
0.77446
0.75336
0.72778
0.71121
0.77625
0.65766
0.67298
0.65313
0.73114
0.71945
0.72611
0.75509
0.73114
0.77268
0.7145
0.69984
0.93972
1.3709
1.3964
0.98401
1.8664
2.7733
0.68077
0.70958
0.96161
0.73282
0.90991
0.90991
0.91201
2.6546
1.9634
0.80538
2.6363
0.84333
0.77268
0.83368
0.88512
0.83753
0.78886
0.75683
1.6749
0.64269
2.023
0.86099
0.83368
0.77804
0.79983
0.83753
0.91833
0.79433
0.7656
1.3521
0.79983
1.5453
0.85901
1.3366
2.3067
3.8548
0.9528
2.1777
0.73451
0.67764
1.8408
3.8637
0.69502
0.69024
0.70469
0.67608
0.69502
1.3836
1.5417
1.8793
1.3677
1.1722
1.7742
1.5812
1.2474
1.2134
1.349
2.5468
0.71121
0.75162
0.70632
0.71945
0.66222
0.68865
0.8531
0.66834
0.64121
0.67143
0.66834
0.65615
0.71945
0.67298
0.67298
0.65464
0.63826
0.70795
0.71779
0.69823
0.69663
0.71285
0.70146
0.68077
0.70146
1.2618
0.69502
0.71945
0.67298
0.7379
0.70632
0.72946
0.7656
0.79983
0.74645
0.89125
0.83946
0.98175
0.78886
0.78524
1.3932
1.1298
7.4131
4.592
0.75509
0.96383
1
0.73961
0.82035
0.88308
0.89743
1.4125
1.122
1.0666
1.3397
0.81283
0.77268
0.91622
0.7379
4.0272
5.3827
0.70469
0.74302
0.74302
0.72111
20.137
21.135
19.77
22.284
29.174
31.989
21.577
24.547
30.974
27.227
23.227
18.113
21.727
19.275
24.774
27.164
27.797
19.454
23.988
24.831
20.37
26.303
19.953
17.742
26.977
19.099
22.856
10.715
7.4131
0.69984
0.77804
0.75162
0.81658
0.79616
2.884
2.9648
2.4774
1.1246
1.5704
1.5417
1.0765
2.1528
3.3189
1.7742
1.4093
0.86497
0.97499
0.77446
2.5882
1.4588
0.7925
2.3605
0.86099
0.72946
0.75162
0.69663
2.5763
0.70146
0.72778
0.72778
0.74473
0.73282
0.73451
0.67764
0.71614
0.74817
0.69343
0.68549
1.1429
0.73114
0.73114
0.72611
0.70307
0.79433
0.70146
0.74131
0.74989
0.70146
0.69984
0.72277
0.72277
0.71614
0.69823
0.70795
0.78705
0.71285
0.74989
0.84333
0.69984
1.6293
2.3605
7.9799
1.0666
1.7378
1.6444
0.93756
0.67608
0.72946
0.80353
0.79983
0.81846
0.82604
0.79433
0.79983
0.7709
0.89536
0.79983
0.68865
0.78343
0.69183
0.71779
0.68077
0.70307
0.70146
0.77446
1.3996
0.69663
0.7145
0.72277
0.71945
0.70469
0.67764
0.66069
0.70146
0.77983
0.70795
0.72444
1.0544
0.68234
0.71945
0.69183
0.70307
0.71121
0.74473
0.65615
0.75162
0.76033
0.69024
0.67298
0.70146
0.70958
0.68234
0.72946
0.71121
0.74131
2.9444
2.4604
3.8459
2.884
0.87902
0.74645
0.74645
1.1194
1.2303
1.1117
1.5631
1.3213
1.9543
2.4889
1.3646
0.82224
1.0864
0.72778
0.76736
0.75858
0.69024
0.70795
0.7656
0.76208
0.71614
0.89125
0.78343
0.70146
0.73451
0.70795
0.79799
0.72611
0.78163
0.71614
0.97275
0.80353
0.70958
0.74817
0.75683
0.77268
0.78886
0.79983
0.73282
0.90782
0.82414
0.8995
0.88716
0.87498
3.4435
2.2336
1.4289
1.2706
0.95719
1.3996
0.81283
0.72111
0.86099
0.83753
0.82794
0.85901
0.83946
0.83368
0.86896
0.93972
0.7656
0.79616
0.87902
0.81658
0.94842
0.92045
0.8531
0.72778
0.8356
0.7925
0.76384
0.86896
0.77983
0.80538
0.75509
0.71945
0.7925
0.82604
0.79616
0.97051
0.8892
0.84528
0.70795
1.183
0.74817
0.92683
0.84918
0.80724
1.0715
0.91411
0.74302
0.74817
0.81283
1.1246
0.97724
1.2359
2.0654
6.223
0.82035
0.81846
1.1298
0.7145
0.67608
0.82224
0.89125
0.93325
2.023
0.8892
0.79799
3.4277
0.70958
0.76736
0.73114
0.67298
0.75858
0.70795
0.7656
0.72778
0.87297
0.67298
0.72611
0.76736
0.75509
0.69984
0.74473
0.68707
0.74131
0.71779
0.8356
0.72946
0.74817
0.76913
0.67298
0.67608
0.77268
0.70307
0.67453
0.72444
0.66834
0.77983
0.79799
0.89743
0.79799
0.8091
0.75683
1.0304
0.9594
3.767
0.81658
0.74817
0.7656
0.66527
4.2073
0.76736
0.80724
0.82985
4.6666
9.8855
11.22
17.906
24.491
22.491
27.925
21.827
24.434
23.442
26.062
26.182
34.435
27.733
15.74
24.155
29.444
19.815
30.974
18.365
19.275
21.38
23.659
30.269
27.925
23.174
5.0933
12.331
3.5075
1.5311
5.5081
3.581
14.421
13.521
18.664
26.669
23.227
27.04
26.853
23.496
22.029
23.714
23.988
24.434
26.062
11.967
26.122
20.989
20.606
20.417
29.854
17.378
28.184
29.376
23.933
18.707
2.8708
1.7824
2.799
1.803
4.0738
5.8749
8.5901
16.069
1.1535
0.68234
0.70146
0.88512
0.82414
1.406
1.4454
2.9107
19.454
6.2806
1.0789
1.135
1.0691
0.94624
1.256
1.0069
0.89125
2.0324
0.90573
0.82035
0.8531
0.76384
0.75509
0.90991
1.028
0.86696
0.91201
0.98401
1.0423
0.91833
0.98175
5.4325
1.3397
1.3772
1.5311
3.9719
0.90573
0.71945
0.88512
0.76384
0.87297
0.8356
0.89536
1.5241
0.81096
0.99312
0.79433
0.87096
0.86896
0.78343
0.91833
0.83753
0.70307
3.4435
11.912
15.136
25.061
27.227
28.119
16.866
21.878
25.177
26.182
23.659
32.81
24.044
25.003
23.823
39.446
21.979
34.198
32.734
24.099
27.797
30.903
20.749
26.424
2.138
11.429
16.482
0.9247
1.0209
1.3772
1.3243
0.98401
1.0495
3.0761
28.379
34.834
22.439
22.233
24.322
31.842
30.269
27.29
17.539
26.182
27.29
36.224
24.66
23.659
25.468
25.645
23.933
24.774
17.061
19.099
9.6161
1.4997
1.4723
1.3868
3.1915
2.1878
2.1727
5.3703
10.186
1.1455
1.7378
0.68077
11.803
8.8105
0.74473
0.7379
0.68077
0.69343
3.3651
2.7797
0.83946
1.0447
1.0814
1.3213
1.3868
1.4791
2.5823
2.0464
1.0328
0.73451
1.762
0.74473
0.82224
0.97275
0.77804
0.9528
2.4378
0.70146
0.70958
0.82224
0.78343
0.74131
0.69183
0.74131
0.70469
0.74131
0.76208
0.96383
0.65163
0.70307
0.68234
0.71945
0.73114
0.70632
0.72111
0.67298
0.68391
0.77625
0.68865
0.74131
5.8749
0.72778
0.75336
0.70146
6.223
0.73282
0.8414
0.81283
0.77983
0.75162
0.72611
2.1677
0.73621
5.3951
5.6105
0.72111
0.71614
0.77804
0.72111
0.70795
0.72277
1.7258
6.4565
0.76736
5.7677
6.7298
0.71614
1.4256
0.84918
3.5318
0.7709
0.8531
0.82604
0.88716
0.88512
0.77804
0.83753
0.85507
5.5208
7.4302
0.73621
0.74131
7.1121
26.363
25.061
24.155
24.547
26.977
21.777
35.4
27.606
29.309
30.2
35.563
27.925
31.989
27.669
28.708
24.66
23.878
29.174
22.439
19.231
22.542
10.162
2.2856
3.0269
28.445
19.543
14.655
21.184
21.38
15.136
23.823
25.645
26.303
22.856
25.882
16.032
29.376
29.174
36.392
29.512
18.072
23.605
23.335
28.973
13.964
18.197
24.21
29.242
23.768
25.704
22.336
25.003
13.521
18.578
14.997
21.086
18.03
17.865
15.596
21.928
25.061
25.177
21.979
25.468
23.067
29.717
24.491
29.04
37.584
27.542
30.832
27.353
1.5668
1.7865
5.224
1.094
1.8793
1.5922
2.6182
5.0466
1.2106
1.0666
1.205
1.2331
1.6749
3.2063
2.0277
1.5417
1.2218
0.99083
1.2218
1.3996
1.1885
2.6977
0.77625
0.75683
1.0691
1.0209
1.0023
2.8907
0.80353
0.7925
1.1722
0.80538
0.84918
0.877
0.8995
0.96161
1.1455
0.84528
0.9506
1.5524
1.3335
4.5499
3.5237
4.5604
10.233
0.74131
12.794
0.72611
0.71945
0.69663
0.71614
0.76208
0.72611
0.7656
0.70795
0.78524
0.80724
0.92257
0.74131
0.84918
0.68865
0.7379
8.2985
28.51
19.999
21.478
24.155
26.853
22.699
27.733
26.915
30.269
34.514
25.645
20.559
27.99
26.485
28.907
0.75509
1.6144
1.7947
19.275
22.284
8.9743
11.429
21.429
2.5942
20.23
23.988
24.491
23.121
24.66
27.102
27.29
4.6774
1.9634
2.3174
1.349
2.9717
1.6032
1.0965
3.5563
1.1194
3.7844
2.0512
1.3709
1.1092
0.97949
1.4488
3.02
3.54
0.73282
0.72111
0.69024
0.75683
0.81846
0.71121
1.0447
0.70958
0.69823
1.556
0.76736
1.0023
0.8995
0.88308
0.84333
2.1184
1.4555
0.8892
0.73282
0.72946
0.85114
0.76913
0.82985
0.8414
0.78524
0.86099
2.8774
0.78524
0.74817
0.76033
0.97275
0.86696
0.83753
0.81658
0.76208
0.7656
0.77625
0.80538
0.75336
4.9204
0.7709
0.79799
0.70795
0.7145
0.7379
0.79433
0.69183
0.72946
0.81846
0.74645
0.76913
0.71945
0.70958
0.78343
0.7709
0.73451
0.72946
0.73451
0.78886
0.76736
0.69984
1.4158
0.84528
0.77804
0.75162
0.73282
0.70632
0.81846
0.75336
0.75336
0.70958
0.7709
0.71779
0.82035
0.70632
0.77804
0.78886
0.74302
0.69984
0.70469
0.75683
0.68077
0.69663
0.73282
0.77804
0.70307
0.79068
0.74131
0.67453
0.76736
0.78163
0.77446
0.7379
0.75683
0.73621
0.68707
0.75509
0.75162
5.6624
0.69343
0.8091
0.79983
0.81096
0.78524
0.72277
0.8356
0.80724
0.74302
1.1508
0.69663
0.70795
0.68865
5.3333
8.8105
24.266
25.293
23.014
18.113
28.576
22.131
18.365
22.08
23.067
22.542
14.028
12.303
0.81283
2.1086
2.958
18.836
5.6624
6.3533
3.9811
8.0168
9.7949
0.68549
1.0069
10.495
11.508
0.77804
16.482
32.359
23.768
24.604
19.999
26.182
28.249
23.823
24.547
22.803
25.942
27.733
24.946
32.285
31.189
25.645
24.66
25.704
26.485
24.547
2.729
1.2474
0.89125
1.0471
0.79799
3.1915
1.1535
0.97499
1.3032
1.766
13.062
30.339
24.491
29.242
29.58
24.378
31.333
24.266
29.58
29.107
32.434
34.356
26.546
30.832
29.512
31.477
30.479
24.889
30.903
32.359
26.853
37.757
30.761
30.974
26.485
30.832
27.29
25.763
29.512
20.893
1.5382
3.5237
1.9364
1.556
1.3677
1.5849
1.9543
2.9717
1.0864
1.406
1.8365
1.4191
1.349
8.9743
14.588
0.78524
1.1092
2.3335
1.7498
5.236
5.9293
1.3183
1.3552
1.4791
1.8239
1.4028
1.4322
1.256
1.574
1.1194
0.9247
0.82035
0.82224
9.506
28.445
26.915
24.491
28.379
33.574
31.261
32.434
28.84
23.605
25.351
32.584
21.627
28.576
27.04
30.339
26.73
33.343
23.014
23.605
4.7863
31.915
28.054
25.704
27.29
28.184
35.727
23.714
0.7379
1.3964
2.958
25.527
18.707
18.967
29.992
26.977
33.343
30.761
22.08
27.797
23.014
24.155
30.62
33.037
22.594
28.708
19.679
29.717
12.106
28.973
24.889
34.356
21.429
22.439
29.785
19.454
33.963
19.498
8.6298
1.0495
1.4859
4.0926
15.704
1.6181
2.7925
1.3274
1.5311
0.9977
17.742
22.387
24.21
23.335
30.832
31.261
19.011
29.309
26.062
29.785
27.733
23.014
33.113
33.884
32.063
35.318
32.81
29.923
22.387
35.645
29.854
28.973
25.763
30.62
15.56
0.8414
0.85901
1.9679
6.1944
1.8365
2.729
4.4668
26.122
24.491
28.249
31.477
28.84
32.137
33.574
33.266
31.261
35.81
29.992
30.62
32.137
35.645
31.769
23.174
22.491
25.177
30.339
21.429
30.903
25.061
19.32
32.584
27.733
27.669
32.659
30.061
23.823
28.119
32.063
23.174
22.233
23.55
2.0324
0.90365
0.86497
0.94624
0.84528
2.7227
3.8107
12.106
6.0117
33.266
22.856
34.514
23.933
29.309
28.119
22.336
32.509
32.211
30.69
27.606
32.211
32.285
19.275
16.711
2.5468
34.514
33.884
26.73
30.339
26.424
26.363
29.992
30.761
29.923
34.514
32.137
22.751
28.774
32.211
31.623
33.266
5.0119
4.121
5.3827
7.6208
33.266
33.266
27.353
27.04
28.314
23.281
24.266
36.898
32.734
34.995
19.77
32.659
7.8343
23.714
5.1523
0.90573
8.3368
1.7865
0.97499
1.8408
0.9506
1.5959
1.3274
1.0495
0.98401
1.977
7.8886
1.205
1.2474
1.3996
1.5596
2.0941
1.5205
1.1776
1.2531
1.4928
1.1092
1.6144
1.6982
12.677
29.174
27.925
23.121
30.62
25.061
28.907
31.623
33.266
30.2
29.376
26.485
36.308
35.892
25.704
18.967
31.477
31.696
26.485
31.55
31.55
31.989
28.708
33.574
26.792
27.606
36.813
36.392
35.645
6.5615
1.0789
1.6032
1.3552
2.5293
5.3456
18.923
25.41
6.5766
0.82035
1.4454
4.8641
22.284
25.177
30.269
24.434
30.269
23.067
30.549
28.973
31.189
25.527
28.379
30.13
30.13
30.761
26.363
25.41
27.29
30.269
31.696
32.885
11.588
25.763
25.586
33.037
35.481
22.646
25.763
35.563
35.156
33.266
23.335
2.729
2.884
4.3652
30.903
36.475
28.379
24.044
29.04
33.189
31.915
21.38
33.113
30.479
12.246
26.607
34.594
37.239
30.69
27.04
16.904
27.416
25.41
7.145
3.8905
1.7947
1.1641
1.1561
1.3152
1.5136
1.5668
2.9309
1.4256
1.7378
4.0738
0.86099
2.7227
1.5996
1.5488
27.925
23.878
3.7411
1.8408
1.1749
4.1495
23.281
30.69
31.261
26.607
38.107
32.137
29.512
36.644
23.496
29.648
25.527
19.815
25.763
32.734
29.648
30.409
31.477
25.468
28.184
32.885
21.577
25.527
35.892
39.446
33.729
18.75
30.269
29.04
34.041
27.669
29.717
15.704
18.408
23.605
23.227
29.58
38.548
31.55
33.574
25.823
