12.823
12.706
18.113
17.701
13.552
17.783
5.2
9.977
13.614
13.305
12.942
12.274
15.524
13.49
20.941
16.255
12.912
12.942
1.183
7.7446
15.668
14.962
16.788
14.028
6.0117
15.453
17.061
13.366
19.588
19.588
15.812
14.322
11.668
12.274
9.528
12.106
15.311
12.078
12.882
13.152
15.704
13.583
14.289
13.152
16.711
14.997
16.596
14.894
14.355
11.858
16.406
13.366
8.9331
0.74989
3.1261
8.356
2.0654
2.4889
10.304
14.256
13.032
10.965
9.9541
13.428
0.78705
11.117
13.49
12.677
13.932
13.305
13.243
12.942
10.471
15.524
15.382
16.634
12.246
13.836
13.274
14.158
14.962
12.474
12.134
14.962
14.388
17.947
14.894
13.213
6.3973
11.722
12.823
15.776
13.397
13.646
16.032
9.2045
14.388
11.641
1.2078
15.488
17.179
16.444
17.783
12.303
12.274
13.397
10.666
15.311
11.967
17.338
11.858
8.6099
15.453
16.482
12.274
13.868
14.158
11.695
7.8343
16.406
14.06
12.417
11.482
13.243
8.5901
11.298
14.588
14.997
14.655
11.35
9.6605
12.218
11.995
9.7949
13.804
12.162
14.997
10.94
10.641
13.677
20.37
17.378
15.885
17.14
14.859
14.622
16.788
17.824
12.05
15.922
12.445
13.646
7.3961
11.535
15.276
12.647
15.668
12.503
14.388
12.589
12.078
13.9
12.56
16.406
13.9
9.594
15.596
12.823
11.695
1.4454
9.7949
5.8076
8.995
11.482
13.74
14.028
14.322
16.444
18.75
4.0458
14.028
15.596
14.191
10.765
11.722
10.914
10.399
14.894
10.28
9.977
2.1677
0.90782
11.695
12.912
10.495
8.6298
1.0375
12.794
12.388
13.092
16.788
5.6624
10.99
13.614
11.298
0.70469
7.656
12.618
13.459
13.772
13.335
18.155
14.488
11.668
10.495
9.7499
11.143
18.197
12.331
12.735
14.689
12.417
14.158
11.298
10.399
0.82985
5.445
12.023
10.399
11.429
14.997
9.506
13.459
10.864
13.9
16.032
11.508
14.622
6.8549
11.194
13.646
11.092
13.152
10.94
13.213
12.445
13.213
6.5313
11.912
14.223
10.28
13.243
14.191
10.789
14.454
12.078
9.3111
12.56
11.535
1.1272
1.6293
14.555
18.408
13.677
10.328
9.528
13.9
13.614
13.677
10.209
13.062
0.97724
1.4689
14.355
11.588
11.35
9.6605
13.274
11.35
3.1046
13.152
7.925
11.482
16.866
12.531
11.641
11.995
4.7534
8.2794
11.535
17.14
14.859
9.3541
12.853
11.749
4.2756
1.0069
10.28
11.803
9.977
10.691
11.83
11.641
11.272
13.552
6.4565
12.647
16.672
14.521
12.912
11.803
10.28
8.892
10.233
15.524
12.589
12.246
15.101
14.289
13.521
13.213
13.305
14.962
12.134
5.5847
10.162
12.218
9.7724
16.52
10.257
12.359
13.183
8.4333
11.94
12.474
15.488
13.062
8.8308
13.032
13.964
13.583
12.331
0.82414
0.76033
10.74
11.967
8.0353
8.7902
1.135
9.4189
13.397
9.8855
9.9541
3.7584
0.86497
1.5776
0.84723
0.8356
1.8664
1.3305
1.932
10.139
10.715
9.528
11.194
10.351
7.1779
5.0582
9.1411
8.414
0.97051
0.84333
1.2972
9.977
13.428
0.69663
0.90157
11.83
15.311
11.722
15.311
13.428
12.023
9.7499
8.6099
11.041
7.5336
3.2063
10.139
6.792
11.858
8.5704
13.772
12.359
11.092
13.305
13.274
10.666
9.3325
8.356
7.6208
10.99
11.614
10.495
13.459
11.641
15.885
14.388
12.19
10.447
9.7499
1.5031
1.7219
13.677
11.246
12.942
2.4491
1.1995
12.823
15.885
17.62
10.74
0.90157
0.80538
0.87297
2.958
7.9983
9.8401
11.246
13.274
14.962
12.19
11.508
11.455
9.2683
10.328
14.093
10.209
10.209
7.0958
11.803
10.471
12.647
9.2683
11.429
12.19
11.482
9.7724
16.293
13.366
9.6161
9.4406
12.078
12.134
11.561
9.4624
0.71945
6.0256
9.4406
11.695
11.614
13.002
12.023
8.4333
1.0641
0.82224
1.4454
0.8091
0.76913
0.98628
6.0395
0.81283
0.74645
7.0469
1.1695
1.1041
1.205
1.7742
0.90365
1.135
10.495
0.92045
1.7539
2.6792
10.715
12.647
11.885
8.0538
10.99
12.359
13.772
13.274
10.715
10.691
5.5208
1.0116
0.81846
1.4997
10.789
13.002
9.2257
8.2985
7.1779
13.49
11.169
11.015
10.814
11.535
11.561
12.912
13.836
13.583
3.9446
2.7227
3.8282
6.4269
0.89125
1.1117
10.617
11.246
11.092
14.256
10.839
14.622
16.069
4.0832
3.9537
13.932
10.046
11.429
9.2257
10.375
10.666
6.2806
7.2778
9.6161
13.772
11.402
10.666
10.233
11.967
1.0965
2.0797
13.9
15.066
12.417
9.3541
8.9743
9.4842
4.3853
12.531
15.776
13.49
14.655
10.495
19.454
15.922
13.964
15.346
14.158
11.995
12.218
12.19
14.825
11.015
13.335
13.032
11.041
12.445
0.89536
1.0864
2.2491
7.8524
4.8084
0.90365
9.2683
3.6224
0.8531
1.0789
1.0257
1.0965
1.0544
0.73282
6.7143
10.715
12.503
11.169
13.614
9.3756
16.943
8.5114
12.246
9.3972
12.331
11.588
11.722
14.521
13.397
11.066
8.2224
10.765
13.032
9.1201
3.3806
9.9083
9.8855
7.709
12.589
10.257
12.647
12.706
11.508
12.56
11.169
1.7539
6.7298
10.94
13.9
14.093
7.9068
4.6238
12.445
13.964
14.997
15.668
10.914
7.9616
0.95719
0.84333
0.75162
0.85901
0.877
0.82414
0.8995
0.71779
0.72946
0.8147
0.94842
0.73282
0.74645
0.71285
1.4289
0.69343
0.71285
3.2359
1.5031
1.0544
1.0209
0.98175
1.1429
1.1169
0.84333
14.488
9.7949
13.428
13.804
13.032
11.298
10.375
12.823
12.823
15.56
13.614
13.305
11.429
10.375
11.614
10.093
0.76033
11.668
12.05
12.162
11.561
13.428
12.445
14.962
9.0365
12.05
13.183
12.218
13.459
11.641
9.4624
8.4333
12.882
12.764
15.488
13.552
14.191
12.618
10.423
1.1858
10.399
21.232
1.2823
0.86896
2.6122
10.257
12.972
12.531
12.474
12.218
11.376
2.1827
1.2023
7.5858
7.6913
13.964
13.804
13.366
11.695
9.0365
10.28
12.882
8.5901
10.568
6.7764
1.2972
8.9331
9.4624
1.3804
1.8664
1.3032
0.71945
2.6977
0.65917
0.68391
8.2414
14.757
8.9743
0.70307
1.5171
10.814
10.471
11.995
10.28
14.962
9.6383
15.812
11.324
13.002
9.1622
8.147
13.122
14.791
11.092
14.997
10.139
8.7498
2.5003
12.388
11.912
12.218
10.641
9.8855
14.421
9.9083
13.804
12.853
10.023
11.749
12.359
14.521
5.7943
0.69502
0.70469
0.75858
3.3574
3.8194
11.35
9.4624
13.646
10.568
1.7338
6.9823
7.1945
5.9566
3.9355
9.1201
13.366
9.7724
13.428
8.2224
13.092
14.028
14.791
11.482
12.445
11.041
2.6977
9.3111
10.28
7.709
1.5031
0.88716
0.91833
11.885
11.967
1.5417
11.749
11.995
12.823
9.0573
7.9799
1.9999
12.942
9.8855
11.641
11.508
8.892
11.588
8.9743
10
11.94
14.588
10.423
10.99
12.618
12.735
10.568
8.6696
9.977
12.134
11.776
11.858
4.529
1.1722
2.2336
11.22
15.276
13.122
8.3946
0.74131
1.3183
0.98628
0.82604
0.98401
2.7669
7.2946
12.218
10.423
9.3111
11.749
7.6033
1.2647
8.8105
12.503
10.257
12.764
2.9717
12.19
12.474
13.49
14.791
9.7499
12.589
8.6696
6.3533
12.162
10.471
11.35
12.274
9.8175
10.116
6.4565
11.482
13.397
12.106
1.8197
11.885
8.3946
12.531
11.092
10.257
11.272
8.9331
9.594
11.402
10.889
0.91833
0.89743
0.89743
0.8414
2.3067
10.641
12.912
14.488
13.804
9.5719
12.359
9.3325
5.4828
9.4842
3.1915
4.6559
0.95499
1.099
0.99541
1.074
1.5171
0.91201
12.388
10.914
11.455
12.303
11.482
14.125
12.56
9.6828
11.722
9.3972
9.506
7.2946
2.3933
0.77446
15.668
12.531
11.015
13.868
12.474
10.74
1.4454
0.81846
12.677
8.414
12.531
10.423
9.3972
13.397
11.668
13.366
14.894
12.274
0.75162
0.84723
5.8345
10.447
9.3972
2.023
2.9444
0.71285
0.66988
0.71285
2.5823
9.7275
11.092
13.552
13.062
15.596
9.3541
2.2699
3.9446
10.715
12.882
10.116
8.6099
11.749
9.5499
12.503
8.7297
12.823
10.94
12.303
10.471
9.5499
3.0549
9.0573
5.6234
2.3933
10.399
3.7154
6.4269
16.982
11.508
13.002
10.495
14.488
11.695
11.324
17.1
11.83
10.069
12.823
11.885
11.015
14.588
14.655
11.776
12.531
11.194
11.041
11.041
9.0157
10.864
10.139
11.041
12.474
15.524
10.789
12.794
10.814
12.735
10.641
8.892
17.539
13.583
10.641
8.4333
6.3387
0.69663
0.72778
0.72277
0.72778
0.70307
0.7709
0.69663
0.7379
0.78524
0.69183
11.885
9.6383
12.823
11.668
11.298
12.677
12.912
11.22
1.0666
0.83753
3.8994
10.544
13.062
15.346
10.162
12.388
1
1.1995
1.7989
0.82224
1.135
0.66681
0.69663
1.1668
1.2106
1.2417
2.6242
2.5119
0.7925
0.70958
0.90573
0.91622
0.90573
0.95499
0.96383
0.97499
0.96828
1.0399
0.90991
0.74302
1.183
0.71614
0.68234
0.70146
0.68549
1.6032
11.482
13.614
9.6161
10.257
12.618
12.303
10.593
13.366
9.528
1.0666
4.4463
8.8512
12.162
12.417
9.0782
8.4528
9.2683
13.002
14.859
9.1201
8.414
0.77983
0.76913
0.77983
0.80724
0.76033
0.74817
1.7947
12.359
12.023
11.83
11.066
12.764
14.06
11.885
15.241
10.495
10.423
11.143
12.677
10.304
13.868
1.9275
14.125
13.996
10.304
10.093
0.85704
1.0765
0.7379
0.75162
0.82985
0.81283
0.84528
1.0023
1.3152
1.6406
0.71285
0.69024
0.70958
0.75336
0.74131
0.69984
0.70795
0.74131
0.74131
0.69502
0.65313
0.70958
0.70146
0.73961
0.84723
0.76208
0.73451
0.67298
0.68391
0.67764
0.71945
1.3397
0.74645
0.85901
0.8995
0.81658
0.89743
1.0139
1.1482
1.0568
0.70958
0.67608
0.69024
0.65917
0.69502
0.68865
0.69984
0.66834
0.70469
0.70958
0.67764
0.65615
0.70146
0.67608
0.72444
0.7379
0.70632
0.71614
0.72277
0.66374
0.69343
0.66988
0.69984
0.66527
0.72611
0.69502
0.65917
0.70469
0.68865
0.67298
0.74817
0.69663
0.66527
1.1535
0.7709
0.80353
1.4962
0.96828
0.9977
0.91411
1.0765
0.96161
1.6069
1.3002
0.74302
0.66988
0.64714
0.69823
0.68865
0.66988
0.71121
0.73621
0.75683
0.68707
0.6792
0.71779
0.68077
0.73621
0.75336
0.72111
0.70795
0.69024
0.72277
0.73114
0.73621
0.72778
0.70469
0.74302
0.69343
0.71614
0.72778
0.66374
0.72611
0.74817
0.70632
0.69024
0.69663
0.73451
0.68234
0.77446
0.81096
0.70795
0.85507
0.69343
0.69343
0.70795
0.65464
0.74302
0.77446
0.7379
0.69343
0.68707
0.70958
0.76033
0.70307
0.72277
0.95719
1.194
1.0023
1.8578
0.81846
0.90365
0.7379
0.86696
0.97949
1.652
1.1143
0.72277
0.73114
0.69663
0.69823
0.69663
0.70146
0.65766
0.70469
0.70632
0.70146
0.71779
0.72277
0.6792
0.73451
0.67608
0.68707
0.70307
0.69823
0.69024
0.70632
0.75162
0.69183
0.69024
0.72111
0.66222
0.69663
0.67764
0.69183
0.66988
0.70146
0.70146
0.69984
0.73282
0.70307
0.73114
0.71779
0.69984
0.70632
0.75683
0.69502
0.70469
0.7145
0.73282
0.70795
0.71779
0.67764
0.68549
0.66988
0.6792
0.66374
0.7145
0.70307
0.69984
0.73114
0.70307
0.72277
0.70632
0.66988
0.66988
0.68077
0.70958
0.72946
0.68549
0.71779
0.70307
0.72444
0.67608
0.70958
0.69502
0.72778
0.75683
0.70469
0.68391
0.70307
0.68391
0.70146
0.72111
0.6792
0.69502
0.68865
0.67143
0.77804
0.73282
0.71285
0.70795
0.67298
0.68391
0.70469
0.74131
0.69823
0.73114
0.68234
0.69502
0.67764
0.70958
0.69502
0.68865
0.72277
0.68077
0.67298
0.68707
0.70146
0.72111
0.69343
0.70469
0.71121
0.71779
0.72277
0.7145
0.68234
0.68865
0.68865
0.68865
0.67298
0.69502
0.68865
0.66527
0.66834
0.69502
0.69823
0.70795
0.71285
0.72611
0.84918
0.69823
0.79799
0.79983
0.72111
0.73114
0.71945
1.1402
0.69024
0.70632
0.76913
0.9594
0.78524
0.9247
0.80353
0.90365
0.94624
1.0691
1
1.1912
0.99312
2.2131
1.8072
0.72611
1.406
0.80538
1.5996
1.9679
1.0839
1.8493
0.72444
0.69984
0.66681
0.69024
0.68865
0.71121
0.75509
0.69343
0.72277
0.70632
0.74302
0.78886
0.73114
0.69183
0.69984
0.74645
0.7145
0.66222
0.71945
0.69984
0.71779
0.70795
1.0447
0.74989
0.72946
0.7379
0.70795
0.74302
0.77983
0.72778
0.69502
0.65766
0.72778
0.76033
0.74473
0.70307
0.67298
0.71285
0.67608
0.68707
0.68234
0.67453
0.68234
0.72778
0.66834
0.68865
0.66988
0.72611
0.67298
0.72444
0.68234
0.68549
0.68077
0.70307
0.70632
0.68865
0.70632
0.69183
0.69024
0.71614
0.71614
0.69663
0.69823
0.69663
0.66374
0.70795
0.73621
0.72611
0.71614
0.7379
0.74302
0.69502
0.70795
0.68234
0.74645
0.7379
0.74302
0.70146
0.66988
0.70795
0.69984
0.77268
0.66681
0.69663
0.76208
0.77625
0.71614
0.69823
0.68234
0.67453
0.74131
0.70958
0.68391
0.74131
0.70632
0.68549
0.75509
0.70958
0.66222
0.72946
0.70795
0.71121
0.67453
0.69343
0.73961
0.72111
0.72611
0.68707
0.74131
0.64714
0.75509
0.69663
0.74131
0.73451
0.73282
0.66681
0.70958
0.69663
0.68707
0.70632
0.71945
0.68234
0.71121
0.69984
0.77625
0.9247
1.0914
0.72444
0.87902
0.78524
0.72444
0.72277
0.69343
1.7498
0.73451
0.88716
0.99541
0.78705
0.76384
0.88512
1.4322
1.9815
0.74473
0.75509
0.76208
0.74989
0.69984
0.74302
0.79616
0.73961
0.67453
0.70632
0.72111
0.74131
0.76736
0.68549
0.71285
0.69502
0.72778
0.7145
0.70146
0.69343
0.70307
0.70958
0.7709
0.71285
0.7709
0.74473
0.7656
0.82035
0.78705
0.92045
0.84723
0.79799
0.73621
0.92897
0.90365
1.5668
0.69823
0.72611
0.65313
0.71945
1.1722
0.7709
0.82414
0.83176
0.88716
0.97051
1.0162
0.85507
1.0789
1.1912
0.84723
0.99083
1.6144
1.028
0.71285
0.68707
0.66527
0.71779
0.75683
0.74473
1.0641
0.99541
0.82224
1.1376
1.5524
0.83368
0.75509
0.7145
0.70795
0.70146
0.70795
0.70795
0.72778
0.66681
0.66222
0.7145
0.71779
0.69984
0.72946
0.74645
0.71945
0.68865
0.76033
0.76384
0.78343
0.77983
0.75683
0.80168
0.76208
0.72946
0.74645
0.72946
0.6792
0.77446
0.74131
0.70307
0.69823
0.76208
0.76736
0.71285
0.74817
0.75683
0.76913
0.76384
0.81658
0.69502
0.73114
0.72277
0.72611
0.73961
0.84333
0.72778
0.73961
0.69502
0.70146
0.76384
0.74645
0.74645
0.69502
0.71121
0.73114
0.67608
0.69823
0.68234
0.70632
0.66374
0.68707
0.70146
0.68077
0.72111
0.70307
0.70146
0.69343
0.72111
0.73451
0.70469
0.79799
0.73621
0.77268
0.70958
0.6792
0.69663
0.68234
0.72277
0.7379
0.72946
0.66834
0.69343
0.72946
0.70632
0.74645
0.71945
0.71779
0.70307
0.69663
0.71285
0.68077
0.66834
0.71779
0.71945
0.75683
0.68077
0.69984
0.69183
0.73114
0.74131
0.70307
0.76208
0.71614
0.76736
0.71945
0.75336
0.71945
0.75858
0.72111
0.71285
0.7145
0.68077
0.71121
0.7379
0.70795
0.79616
0.7656
0.70469
0.75336
0.71121
0.72611
0.72111
0.66988
0.81096
0.7379
0.74473
0.73451
0.72111
0.71285
0.7709
0.68549
0.75858
0.78524
0.78705
0.97724
0.89743
1.0544
0.75683
1.0423
0.70469
0.86497
0.77625
0.80168
0.72444
0.80353
0.8356
0.89331
1.1246
0.74989
0.80724
0.7709
0.73282
1.2589
0.65766
0.70632
0.69502
0.69663
0.74817
0.73621
0.72277
0.70307
0.72444
0.72111
0.72277
0.66527
0.70307
0.72277
0.7379
0.66374
0.75858
0.69663
0.65615
0.67764
0.66988
0.71121
0.70632
0.66374
0.70632
0.71614
0.70958
0.66374
0.70632
0.74817
0.65313
0.69343
0.73451
0.69823
0.73961
0.70795
0.68391
0.69823
0.78163
0.74302
0.71779
0.68234
0.69183
0.74131
0.79433
1
0.73282
0.85114
1.0471
0.74302
0.7379
0.72277
1.349
0.78163
0.67608
0.73114
0.75162
0.72111
0.73114
0.82794
0.78163
0.73282
0.71945
0.71779
0.74131
0.72444
0.74473
0.74989
0.71779
0.68234
0.67298
0.71945
0.75509
0.71779
0.75509
0.73451
0.75162
0.73451
0.72277
0.82604
0.68865
0.71779
0.72111
0.79983
0.7656
0.76736
0.71614
0.74645
0.68707
0.67143
0.70469
0.73282
0.76736
0.7379
0.74645
0.72611
0.73282
0.69663
0.68234
0.75858
0.72946
0.68707
0.71779
0.69663
0.74302
0.74645
0.70795
0.71614
0.68707
0.75162
0.71945
0.7379
0.69823
0.70958
0.76033
0.65163
0.73114
0.73451
0.69183
0.71285
0.68234
0.69502
0.72111
0.78524
0.68391
0.71614
0.72946
0.71945
0.68077
0.68077
0.71614
0.74645
0.69823
0.7379
0.73114
0.71614
0.70632
0.74131
0.74473
0.75509
0.74473
0.69183
0.73114
0.81658
0.73282
0.74989
0.72778
0.70795
0.66988
0.69343
0.69823
0.71121
0.72277
0.73114
0.7709
0.70795
0.72277
0.82604
0.74473
0.73961
0.7709
0.6792
0.68707
0.69183
0.73621
0.7379
0.69663
0.73961
0.75858
0.72611
0.69343
0.6792
0.75683
0.68234
0.71614
0.8147
0.68077
0.71121
0.75858
0.67764
0.73621
0.70146
0.69343
0.70795
2.6122
0.76736
0.8091
0.76736
0.77446
0.84918
0.70632
0.85901
0.78524
0.98855
0.90157
0.74645
0.74473
0.74473
0.78524
0.9247
0.74131
0.71779
0.74473
1.0593
0.71945
0.70469
0.72111
0.67298
0.68865
0.66374
0.65313
0.67143
0.74817
0.89125
0.85507
0.90573
0.81658
0.9528
2.355
0.66681
0.67453
0.70307
0.73114
0.67764
0.66988
0.69823
0.65917
0.70307
0.71121
0.65464
0.67764
0.74989
0.70146
0.7656
0.72611
0.70307
0.74302
0.71614
0.71614
0.70795
0.74473
0.74302
0.75336
0.71285
0.70795
0.77268
0.74817
0.71779
0.72611
0.72946
0.68549
0.66834
0.69663
0.71779
0.70795
0.70632
0.69823
0.72444
0.71121
0.76384
0.71779
0.70795
0.72277
0.76033
0.69823
0.72611
0.70146
0.74302
0.77446
0.76033
0.73451
0.70469
0.7145
0.70632
0.71945
0.69024
0.71121
0.70307
0.70307
0.69984
0.69823
0.72444
0.69823
0.67298
0.70958
0.67298
0.67764
0.72277
0.69343
0.69663
0.68234
0.70958
0.71285
0.65163
0.69984
0.69663
0.69984
0.69343
0.72111
0.67453
0.71121
0.70146
0.69663
0.73961
0.68077
0.6792
0.6792
0.69823
0.68707
0.71285
0.72111
0.71285
0.69183
0.69343
0.71285
0.69502
0.66069
0.68391
0.68707
0.64863
0.69024
0.67453
0.69663
0.69343
0.67764
0.66222
0.70958
0.67764
0.6792
0.69343
0.70795
0.72111
0.68234
0.69183
0.67608
0.7925
0.77446
0.74302
0.86896
1.1749
0.9977
0.86696
1.1324
0.94842
0.94624
0.89331
0.80538
0.76033
0.88512
0.96383
0.96383
1.1402
1.1508
0.79616
0.86896
0.80168
0.83946
0.97724
1.71
0.6792
0.71945
0.71285
0.68234
0.74989
0.67143
0.73282
0.70795
0.67453
0.68865
0.76913
0.68391
0.73282
0.68391
0.69183
0.70632
0.69663
0.70958
0.73114
0.68549
0.71945
0.69183
0.68234
0.72946
0.76033
0.68391
0.73114
0.71945
0.69343
0.76913
0.70795
0.69663
0.74302
0.67298
0.72277
0.69183
0.72277
0.69502
0.72111
0.68865
0.70795
0.70469
0.69024
0.68234
0.72444
0.69984
0.70307
0.70469
0.68549
0.66834
0.68391
0.76384
0.74302
0.68707
0.69663
0.68234
0.72444
0.67143
0.66069
0.68549
0.68707
0.68707
0.72444
0.74302
0.67764
0.69502
0.68391
0.72111
0.71614
0.69183
0.69502
0.70307
0.71614
0.69183
0.70469
0.65464
0.69343
0.70795
0.68707
0.69823
0.71945
0.65917
0.66527
0.68549
0.76384
0.72778
0.68707
0.72946
0.66681
0.70632
0.69024
0.68234
0.70469
0.68707
0.69183
0.64269
0.66069
0.7145
0.69183
0.65163
0.65917
0.66988
0.75336
0.66374
0.68549
0.6792
0.70795
0.75858
0.66069
0.69823
0.69183
0.69823
0.70795
0.6792
0.73114
0.70146
0.75858
0.6792
0.68077
0.73282
0.69343
0.68234
0.72444
0.66988
0.72444
0.69502
0.73451
0.65615
0.71121
0.69984
0.70469
0.68077
0.65615
0.68391
0.77804
0.7145
0.70307
0.69823
0.66527
0.67143
0.73282
0.67764
0.68707
0.68865
0.68234
0.68391
0.67143
0.71779
0.76913
0.67143
0.71121
0.66681
0.71285
0.65917
0.70632
0.71614
0.65917
0.73961
0.67143
0.69823
0.69343
0.70469
0.69343
0.67608
0.67453
0.68391
0.7145
0.69984
0.65163
0.70632
0.73961
0.69343
0.68234
0.70307
0.7145
0.70469
0.67298
0.68865
0.69024
0.69984
0.74989
0.70469
0.69502
0.69984
0.69024
0.67143
0.72111
0.72444
0.68234
0.67143
0.74989
0.70632
0.7145
0.72444
0.69663
0.69663
0.68707
0.68865
0.72277
0.67453
0.73451
0.67764
4.2462
0.87498
0.80538
0.75683
0.79983
0.74989
0.76736
0.9506
0.85507
0.70307
0.78163
0.66374
0.6792
0.76208
0.74302
0.75509
0.75336
0.71285
0.68077
0.66374
0.74302
0.64269
0.71614
0.7145
0.72946
0.96605
0.97949
0.90365
1.1143
0.9247
0.93541
0.82604
0.78524
0.97051
0.67608
0.70469
0.65464
0.66988
0.69663
0.69183
0.76033
0.73282
0.72611
0.72277
0.65615
0.86099
0.81283
0.68077
0.75509
0.68077
0.71285
0.69663
0.69984
0.7145
0.70146
0.69024
0.68707
0.65163
0.66069
0.69502
0.66988
0.67608
0.69663
1.0965
0.68077
0.68234
0.68707
0.70795
0.69984
0.69024
0.71614
0.70469
0.69823
0.68707
0.63826
0.69343
0.98628
0.67143
0.70146
0.69183
0.69183
0.68865
0.74131
0.70146
0.65615
0.66527
0.70632
0.68077
0.66069
0.82604
0.67453
0.66681
0.71614
0.6792
0.69024
0.70795
0.68865
0.71121
0.70632
0.71285
0.98628
0.71945
0.71945
0.69183
0.68865
0.69663
0.67608
0.67608
0.8091
0.69663
0.69024
0.68865
1.5205
0.71121
0.77268
0.76384
0.88308
0.77268
0.7925
0.76384
0.82985
1.4355
0.74817
0.96383
0.8414
0.79616
0.68234
0.68234
1.0965
0.70307
0.71121
0.73621
0.65615
0.77804
0.67453
0.75336
1.0399
0.71614
0.72611
0.69663
0.69343
0.74645
0.65917
0.74989
0.69663
0.77268
0.68077
0.66374
0.7145
0.66834
0.71121
0.69024
0.74302
0.71945
0.68391
0.73451
0.70632
0.76913
0.66988
0.70632
0.68234
0.68234
0.66834
0.70632
0.70632
0.6792
0.68077
0.67298
0.73451
0.67143
0.70146
0.72611
0.84723
0.68391
0.68391
0.69823
0.68234
0.68234
0.69183
0.71121
0.71614
0.73621
0.7379
0.70958
0.70632
0.72778
0.71614
0.69343
0.75162
0.78524
0.70469
0.68549
0.74817
0.75683
0.69502
0.70958
0.69183
0.73961
0.83368
0.68549
0.72611
0.76033
0.72111
0.71121
0.77446
0.72444
0.72111
0.68077
0.66222
0.76913
0.74302
0.71614
0.6368
0.71285
0.70632
0.69024
0.72444
0.77983
0.66988
0.74473
0.76736
0.69343
0.65917
0.64121
0.70795
0.6792
0.74645
0.69984
0.68234
0.69502
0.68391
0.72111
0.68707
0.7379
0.69343
0.70307
0.73114
0.66527
0.69024
0.69183
0.69984
0.70958
0.71945
0.69823
0.70958
0.70469
0.72444
0.68077
0.75683
0.70632
0.71285
0.76736
0.67298
0.72277
0.7379
0.72778
0.75336
0.69183
0.70795
0.70146
0.75162
0.66527
0.65013
0.68865
0.69183
0.69024
0.69183
0.68234
0.64714
0.71614
0.66374
0.66988
0.66069
0.7656
0.68077
0.6792
0.80538
1.2942
0.97949
0.91622
0.70146
0.67764
0.66681
0.68234
0.72611
0.71285
0.7145
0.6792
0.7379
0.69502
0.66988
0.71285
0.67143
0.70146
0.7379
0.70469
0.69823
0.68549
0.67143
0.67453
0.68865
0.73282
0.72946
0.96605
0.94624
1.1803
1.3305
0.84528
1.7179
0.72277
0.68077
0.8147
0.94406
0.74131
0.68865
0.67608
0.71779
0.73114
0.67453
0.75162
1.6866
0.72444
0.76913
0.74131
0.66834
0.6792
0.70469
0.68391
0.6792
0.69663
0.68077
0.7145
0.70632
0.74131
0.70958
0.69343
0.73451
0.72277
0.82414
0.75858
0.71121
0.70146
0.70469
0.70469
0.71285
0.73282
0.68391
0.69183
0.67764
0.69663
0.68077
0.69343
0.71614
0.72778
0.65615
0.65464
0.7145
0.72444
0.70958
0.72111
0.67298
0.66527
0.68234
0.73621
0.72611
0.74473
0.75858
0.82604
0.69984
0.65464
0.72946
0.69343
0.74131
0.68865
0.67453
0.72111
0.72111
0.72277
0.74645
0.70795
0.75162
0.72111
0.71285
0.71614
0.66988
0.69984
0.69343
1.349
1.0715
0.81096
1.094
1.0814
0.71285
1.7947
1.4125
0.73621
0.95499
0.73114
0.74131
0.74302
0.76736
1.2706
2.7542
0.70146
0.69502
0.70795
0.70632
0.68707
0.70795
0.74302
0.71285
0.76208
0.86896
0.75162
0.73282
0.71285
0.79068
0.7379
0.7145
0.74131
0.67298
0.71121
0.74645
0.72277
0.74645
0.72778
0.71121
0.73451
0.70795
0.73114
0.72277
0.67143
0.72778
0.69502
0.7145
0.71614
0.72444
0.67608
0.67298
0.69183
0.76384
0.66988
0.70958
0.70632
0.75683
0.82414
0.73621
0.69343
0.69024
0.69663
0.66834
0.72946
0.71779
0.70307
0.78524
0.69343
0.74817
0.82604
0.67298
0.71779
0.71614
0.68077
0.7379
0.70632
0.72277
0.78886
0.72946
0.72778
0.70146
0.69502
0.73114
0.71614
0.68549
0.76913
0.69984
0.73961
0.68391
0.70958
0.71614
0.73282
0.74817
0.69183
0.77268
0.73621
0.73451
0.71945
0.78886
0.74131
0.74989
0.74645
0.65917
0.75162
0.72946
0.68549
0.82035
0.71614
0.69024
0.71779
0.68391
0.72444
0.75162
0.86099
0.7379
0.74645
0.76736
1.2106
0.73621
0.68234
0.7709
0.69502
0.69823
0.71285
0.69984
0.72611
0.74989
0.73961
0.76208
0.70958
0.70146
0.71779
0.69024
0.67764
0.70307
0.6792
0.70469
0.68234
0.74473
0.72611
0.67143
0.74473
0.72444
0.69663
0.72611
0.7145
0.68234
0.66681
0.67298
0.70307
0.70146
0.71614
0.68865
0.68707
0.68391
0.72946
0.69183
0.71121
0.67764
0.74473
0.69663
0.78163
0.97051
1.0715
1.0765
0.7145
0.69024
0.68707
0.86896
0.7925
0.93325
0.71121
0.70469
0.70958
0.71945
0.71121
0.70307
0.70469
0.95499
0.81846
0.78524
0.81096
0.69343
0.7379
0.71945
0.73961
0.76208
0.74645
0.73621
0.73961
0.69502
0.73961
0.69823
0.73451
0.72611
0.75858
0.69024
0.78343
0.72277
0.75162
0.73282
0.70146
0.66527
0.76208
0.69984
0.75162
0.72778
0.7145
0.69663
0.69823
0.66681
0.74131
0.67453
0.71121
0.74302
0.69502
0.74817
0.78886
0.71614
0.70795
0.72778
0.75162
0.72946
0.96383
1.0046
0.7145
0.70469
0.90991
0.90782
1.2134
1.1246
0.73961
0.70632
0.69823
0.93325
0.84528
1.3092
1.0617
0.8995
0.70307
0.73451
0.69823
0.76736
0.67764
0.72611
0.71779
0.69984
0.80538
0.71614
0.66681
0.70795
0.71614
0.73451
0.71121
0.72444
0.72778
0.68865
0.71285
0.68234
0.69502
0.68234
0.86497
0.74645
0.93972
0.76033
0.76033
1.052
1.205
1.4655
0.73621
0.78163
0.9506
0.70469
0.68707
0.69343
0.70958
0.67608
0.71945
0.7145
0.69183
0.71614
0.68077
0.74131
0.69343
0.75858
0.78524
0.75683
0.72946
0.67143
0.71779
0.74989
0.67453
0.70958
0.67608
0.78343
0.69502
0.68707
0.94842
0.92257
1.3274
1.0375
0.8995
1.0914
0.95719
0.88512
0.98855
1.4093
0.79068
0.69663
0.72277
0.72611
0.70469
0.74645
0.69823
0.71945
0.71779
0.70958
0.70795
0.72277
0.75336
0.69502
0.75509
0.69502
0.78163
0.82794
0.70958
0.69183
0.70632
0.79433
0.68549
0.69663
0.69663
0.71614
0.71285
0.67608
0.82604
0.86099
0.67608
0.79616
0.69984
0.88105
0.79616
0.79616
0.68077
0.72946
0.69183
0.85901
0.74302
0.66222
0.72444
0.69502
0.68707
0.72611
0.71285
0.72277
0.71285
0.70146
0.72444
0.69502
0.71614
0.73282
0.74131
0.83946
0.70958
0.83176
0.82414
0.72277
0.71945
0.72111
0.72778
0.70958
0.75858
0.72778
0.73961
0.73621
0.81283
0.67608
0.6792
0.71121
0.68077
0.68865
0.70307
0.71285
0.66988
0.73621
0.71779
0.73282
0.69663
0.72946
0.68234
0.73114
0.70307
0.72444
0.74302
0.74817
0.75509
0.72611
0.68391
0.69984
0.72444
0.80538
0.71945
0.74302
0.69502
0.72111
0.70958
0.77804
0.79616
0.70146
0.72111
0.76736
0.81846
0.67143
0.69024
0.69823
0.70307
0.70146
0.72444
0.74817
0.98175
0.67453
0.73451
0.74302
0.66374
0.71945
0.70958
0.73114
0.71285
0.75509
0.73114
0.72444
0.69343
0.65615
0.73282
0.70632
0.74131
0.79433
0.71779
0.68391
0.75509
1.074
1.6368
0.84918
0.82604
1.0023
0.80353
0.85704
1.2882
2.4155
0.70632
0.67453
0.71779
0.69024
0.69502
0.7379
0.72277
0.76384
0.73282
0.70958
0.83753
0.7925
1.0257
0.88716
1.1066
0.90991
0.89743
0.77268
0.80724
1.122
0.90991
0.67143
0.72444
0.67143
0.68391
0.71779
0.6792
0.7709
0.6792
0.69984
0.69343
0.71285
0.69502
0.70958
0.6792
0.70146
0.68391
0.68391
0.77625
0.75336
0.70632
0.68865
0.72946
0.8892
0.9247
0.82414
1.219
0.73961
0.74131
0.72444
0.71779
0.77625
0.74131
0.76208
0.83946
0.84333
0.72444
0.96383
0.81096
1.9454
0.66681
0.69502
0.76736
0.69183
0.71285
0.82224
0.71121
0.66069
0.73282
0.72444
0.67608
0.66988
0.70958
0.8414
0.7379
0.68077
0.77983
0.71121
1.2706
0.89125
0.72611
0.72444
0.72611
0.74302
0.67608
0.6792
0.77446
0.73621
0.73451
2.6853
3.8548
8.2035
8.8105
2.8445
10.447
10
0.70469
0.6792
0.66374
0.69183
1.7865
1.1376
5.5208
5.6364
0.71121
0.74131
0.69663
0.69984
0.72946
0.71945
0.74302
0.71945
0.69502
0.68549
0.81283
0.72111
0.81658
0.75858
0.9247
0.80724
0.72111
1.4454
0.66527
0.72444
0.68077
0.76033
0.83176
0.79433
0.89743
0.83368
1.0257
0.96161
0.73114
1.256
0.68234
0.68234
0.71614
0.69343
0.68391
0.7145
0.73621
0.70632
0.71945
0.77804
0.69984
0.7379
0.70307
0.69024
0.69502
0.70307
0.67608
0.72611
0.70146
0.66222
0.67143
0.71945
0.69343
0.6792
0.69663
0.74817
0.66069
0.68391
0.75336
0.79433
0.72611
0.69984
0.76913
0.68865
0.71614
0.67764
0.68865
0.72778
0.77983
0.69663
0.76033
0.68391
0.68865
0.67608
0.7145
0.69343
0.75509
0.75162
0.70469
0.68707
0.68865
0.67764
0.66374
0.67608
0.69502
0.68707
0.70958
0.72778
0.68391
0.70632
0.70469
0.78163
1.4256
0.88105
1.5812
1.0864
1.7458
0.65766
0.71285
0.66222
0.70958
0.74817
0.70632
0.68707
0.70469
0.70632
0.79983
0.75162
0.70795
0.7145
0.71779
0.68707
0.73282
0.71779
0.68391
0.69823
0.71285
0.72611
0.68549
0.75509
0.69024
0.69183
0.78163
0.75509
0.72946
0.74302
0.69343
0.6792
0.76208
0.70958
0.78705
0.70958
0.74817
0.72778
0.69502
0.68865
0.69823
0.72277
0.7145
0.72111
0.69502
0.6792
0.71121
0.71121
0.74473
0.74473
0.69502
0.76384
0.69502
0.68391
0.72111
0.7379
0.67453
0.72277
0.73961
0.68549
0.7379
0.71945
0.67143
0.73961
0.71121
0.73114
0.7379
0.78163
0.73282
0.76736
0.67453
0.75162
0.72111
0.76208
0.76033
0.77983
0.71945
0.9506
1.0715
1.183
1.135
2.1577
1.0715
0.70632
0.74473
0.7925
0.69663
0.98175
1.3032
1.4289
1.1588
1.3335
1.2647
1.1749
1.0471
1.2274
0.98628
1.4928
0.6792
0.74302
0.7145
0.71614
0.76033
0.75162
0.73451
0.71121
0.75162
0.7709
0.74817
0.72611
0.70146
0.75336
0.81846
0.72111
0.71285
0.72778
0.70632
0.70958
0.70632
0.72611
0.70958
0.67298
0.71285
0.70632
0.69343
0.71779
0.72277
0.72611
0.70469
0.69183
0.72611
0.72778
0.74302
0.69502
0.72611
0.70632
0.66069
0.70795
0.67764
0.70307
0.71285
0.70958
0.75683
0.70795
0.72444
0.71614
0.73114
0.7145
0.70469
0.70632
0.67764
0.69024
0.70307
0.66988
0.76736
0.68234
0.72778
0.70146
0.69663
0.71121
0.70469
0.68865
0.73282
0.70469
0.70632
0.70632
0.7145
0.75336
0.70469
0.76384
0.71121
0.75509
0.69823
0.71779
0.72111
0.69984
0.74817
0.70146
0.70146
0.72946
1.3122
0.73451
0.71945
0.73621
0.70795
0.7145
0.69024
0.68707
0.70469
0.76736
0.65615
0.72611
0.69823
0.69502
0.69984
0.71614
0.69984
0.67764
0.69343
0.70632
0.72946
0.69823
0.71285
0.69663
0.72444
0.72277
0.69183
0.73451
0.70632
0.71121
0.67453
0.69183
0.66374
0.68077
0.68865
0.66374
0.70958
0.71285
0.70958
0.72611
0.6792
0.84918
0.68077
0.72277
0.70632
0.68077
0.72111
0.79068
0.69343
0.69823
0.66374
0.66527
0.65766
0.71285
0.7145
0.72778
0.96605
0.84528
0.84723
1.2023
0.97499
1.0139
1.1194
1.0093
1.4521
1.0715
1.1169
1.6032
1.2794
0.68077
0.65163
0.72946
0.71285
0.69343
0.71285
0.71121
0.70958
0.7145
0.7379
0.73621
0.70307
0.68549
0.71945
0.68865
0.74473
0.73451
0.72111
0.75336
0.66681
0.65766
0.67453
0.69183
0.66834
0.81846
0.85114
0.70469
0.92257
0.76913
0.73114
1.2331
1.3183
1.0328
0.68391
0.7709
0.73621
0.70632
0.68707
0.73621
0.73961
0.75509
0.68707
0.8995
2.1827
0.73961
0.69984
0.66069
0.68865
0.72277
0.6792
0.68707
0.67143
0.74302
0.71121
0.7145
0.70632
0.71614
0.68234
0.69343
0.71945
0.72611
0.97949
0.88308
0.98628
0.95499
0.98401
1.205
1.0965
1.0046
1.0814
1.406
0.7145
0.65163
0.68549
0.69823
0.66527
0.70795
0.75336
0.68234
0.69024
0.70146
0.68707
0.69663
0.74302
0.66988
0.70469
0.68391
0.71945
0.7379
3.4754
0.71121
0.74473
0.71779
0.69343
1.4723
2.2699
4.9659
8.0724
13.521
15.171
11.561
14.028
10.544
8.2985
0.77268
3.8637
0.76208
0.67298
9.528
15.631
10.257
13.836
16.634
14.355
15.704
14.622
13.213
14.894
13.274
11.508
14.06
11.508
13.646
10.641
11.117
11.776
15.885
14.962
12.589
10.186
12.706
13.152
17.061
16.032
10.666
11.995
11.912
10.495
15.849
13.74
11.83
12.531
11.858
16.711
16.069
15.171
10.864
11.885
10.471
10.765
9.8855
15.524
12.134
17.783
14.388
15.524
10.328
16.331
10.691
12.274
16.106
12.794
13.122
11.376
13.366
11.722
12.589
11.614
12.531
6.8549
9.3111
8.1658
17.061
16.032
11.83
8.7498
12.618
16.749
13.996
10.304
15.885
17.378
14.488
14.421
9.4842
12.274
11.298
10.328
12.794
13.428
12.246
8.8716
9.9541
1.6444
3.2063
1.8113
14.256
7.9616
12.912
10.093
14.355
12.388
10.74
12.794
9.7275
12.134
17.022
13.335
10.814
15.171
11.402
9.9083
11.995
12.246
13.677
13.74
12.794
11.83
7.4131
11.117
16.482
11.194
14.028
5.1523
18.707
13.062
9.3972
9.3541
13.183
10.864
10.814
12.05
15.205
12.735
11.561
10.375
10.375
13.964
10.715
11.508
10.99
13.428
12.942
10.233
16.406
16.672
10.495
15.276
15.276
12.218
11.041
16.069
13.002
12.19
13.552
1.1298
10.375
12.503
8.8716
11.535
12.942
18.578
10.162
10.209
13.397
14.962
13.305
15.382
1.5241
15.453
12.647
13.521
9.6161
10.99
13.932
9.7724
11.455
14.125
11.194
2.023
11.194
13.335
11.169
11.482
9.977
13.122
9.4842
10.351
13.428
13.122
9.594
15.524
15.346
14.622
15.704
10.139
12.134
9.2257
12.078
12.677
12.331
12.19
16.181
14.757
15.922
12.531
11.668
15.031
11.83
3.7411
0.81283
0.73451
0.79983
4.5499
13.552
18.45
14.894
14.388
15.488
10.233
7.8343
5.0933
12.134
10.568
12.417
13.243
14.588
3.1189
14.928
10.209
9.8401
11.967
3.1842
10.28
11.858
9.594
13.183
10.965
8.5507
13.614
10.093
9.2257
10.789
13.804
12.331
14.355
12.618
11.885
6.1376
15.812
17.061
11.535
8.5507
10.74
14.421
11.508
12.853
12.106
12.162
9.7051
11.22
11.194
12.531
14.521
10.914
7.0469
9.3541
9.2257
10.423
9.1622
9.9541
8.147
8.1846
15.453
6.4565
15.066
13.428
12.853
13.677
14.521
12.274
12.912
11.482
12.078
11.722
16.827
13.183
11.668
10.069
