12.794
2.023
3.6475
0.72277
2.7542
0.86696
2.3121
2.4044
2.0464
2.8314
2.2542
5.4702
7.8886
1.3677
2.3768
1.6069
1.932
7.2611
10.304
7.9983
9.4624
4.1495
11.561
6.9502
1.5885
1.4894
1.2445
1.9679
1.5922
8.531
1.3305
3.1405
5.2602
1.5776
2.1677
5.5719
6.3387
1.1429
1.0617
1.3459
1.5171
4.7424
9.0573
8.3753
1.7418
1.3932
5.6494
6.6527
3.5318
7.4989
1.5922
1.4555
1.4723
1.5346
2.2699
9.0365
7.3961
6.2806
1.7219
1.2618
1.3677
1.5776
1.3521
4.8641
8.1096
5.1286
5.5847
5.0119
3.0339
1.2942
1.1967
1.1995
1.406
6.7453
3.8194
2.8576
2.9648
2.1727
2.2856
3.7239
2.7669
3.0549
4.9204
1.9679
4.2658
4.2658
2.3227
2.6303
3.9811
3.6728
2.8576
2.5942
2.5586
4.0179
2.7606
1.6181
3.8815
2.8184
3.1989
1.4723
2.2439
3.5075
1.4622
1.2764
1.3614
1.2359
1.3002
1.0351
2.1627
1.1298
2.2542
3.6898
3.2063
2.4889
1.8967
11.117
13.836
1.652
1.6827
1.2647
1.2503
1.4825
1.2417
1.3428
1.3305
1.2942
1.2677
1.6982
1.3521
1.6904
1.5066
1.2972
1.2023
1.3274
1.2023
1.4894
6.792
1.8621
1.2794
2.3227
3.1769
4.8529
2.0184
1.9275
2.2387
3.8371
3.4198
3.8815
3.7931
2.8973
2.6853
2.7542
4.0272
3.6392
2.8184
0.91201
1.1455
0.99541
0.91622
0.89331
1.0814
1.0375
1.2388
1.1588
0.86696
0.91622
0.87498
0.90991
2.2029
2.6607
2.3823
1.2162
1.4158
1.0495
0.74989
1.256
1.3002
0.75509
1.374
0.79068
0.82414
0.77804
1.4997
2.6792
2.851
2.9854
3.069
2.2909
0.84528
0.69984
0.71779
0.76208
0.77983
0.7709
0.78524
0.76384
0.72611
0.76033
0.7379
1.5171
7.0632
2.3442
6.9343
3.2211
0.69823
0.73451
0.73451
2.4266
2.1627
0.72111
0.74302
0.71121
0.71945
0.98175
2.5177
1.4289
1.0691
6.0674
3.4435
3.1046
2.133
1.7179
1.6749
1.4158
1.6255
1.8535
6.1944
2.5003
2.6242
3.3884
1.3122
0.87498
0.79616
0.82985
0.93756
0.96828
0.97051
1.1429
0.7145
0.74302
0.79799
0.76384
0.72277
0.71779
0.76913
0.79616
1.1535
1.1561
0.96605
0.8147
0.72778
0.69343
0.68707
0.69984
0.70307
0.82224
2.884
3.7844
3.1696
4.3053
2.1878
0.71614
0.72444
0.76913
0.73961
2.9512
7.1285
3.7584
1.052
0.8147
0.88512
0.8892
0.78886
0.78886
0.71285
0.76913
0.78163
0.94406
1.3305
1.1967
1.2023
1.3996
1.1041
0.78886
0.86298
1.4555
1.2853
1.1324
0.67608
0.72444
0.76384
3.8726
1.4757
0.91622
0.79433
0.79068
0.73621
0.76208
0.69502
1.6106
0.68234
0.70146
0.79433
0.77268
0.88308
0.85507
0.79983
1.074
2.8314
3.1769
2.6669
0.69663
1.1246
1.4555
1.3274
1.3677
0.98175
1.3213
0.97275
0.7379
0.80168
0.70146
0.69823
0.71945
0.69502
0.69183
0.7709
0.78524
0.71945
0.72946
0.65464
0.67298
0.64714
0.69183
0.68234
0.65615
0.72444
1.0471
0.72778
0.79068
0.74817
0.70469
0.71285
0.73961
0.73451
0.71614
0.89536
0.75162
0.73621
0.91833
0.81658
0.78163
0.75509
0.75858
0.77804
0.77446
1.7701
1.7022
0.93325
0.70958
0.77625
0.90782
0.68549
0.69823
0.68391
0.71614
0.7145
1.0257
0.65917
0.71121
0.8531
0.71614
0.69823
0.64714
0.67608
1.4488
3.0269
2.1281
0.72277
0.76736
0.88105
0.78343
0.74645
0.77446
0.68865
0.73114
0.72611
0.81096
0.72444
0.72444
1.0568
0.81846
1.1066
0.81283
0.86298
0.8147
0.96828
1.0495
0.87096
1.1535
1.1803
0.73621
1.0715
0.78886
1.0568
0.99541
1.122
1.052
0.83176
1.1967
1.1749
1.3092
1.0399
0.81096
0.78343
0.84333
1.0889
1.0304
1.1092
0.79983
0.69183
0.9247
0.75336
0.76736
0.69343
0.73114
0.72946
0.66988
0.93756
0.80168
0.76208
0.74817
0.70469
0.76033
0.73451
0.7709
0.69984
0.7709
0.67608
0.73114
0.9247
0.7145
0.76384
0.69024
0.74473
0.69984
0.71614
0.77446
1.2618
1.4125
0.94189
1.219
1.3836
0.80538
0.69502
0.74131
0.74302
0.72111
0.73451
0.72778
0.74645
0.87297
0.88105
0.76033
0.71945
0.9977
1.7865
0.7145
0.7379
0.71121
0.71121
0.93756
0.74131
0.71945
0.75858
0.69183
0.73451
0.72444
2.0941
3.6983
2.5235
2.9444
0.81096
0.70795
2.2856
3.281
7.1614
7.8524
0.79799
0.71121
0.68234
2.1878
2.7669
9.1411
2.3496
0.73451
0.72778
0.6792
2.6424
2.5823
0.75858
0.73451
0.78163
6.3973
2.0893
0.68707
0.71945
0.75509
0.73282
3.013
3.6559
1.2589
1.2274
0.94406
1.1508
1.9187
1.6069
1.2246
0.73451
0.75683
2.2542
3.2885
0.89743
0.74302
0.78705
0.95499
1.3521
1.0375
1.0186
3.4594
1.7865
0.76208
0.75162
0.69984
0.7656
0.74473
0.76384
0.69502
0.69984
0.77268
0.68234
0.7709
0.73621
0.7145
0.68234
0.86497
0.84333
0.72444
0.72111
0.74473
0.69663
0.71614
0.70632
2.4378
2.6363
2.3281
0.73621
0.81846
0.95719
1.1429
0.92045
0.84723
2.0324
6.0256
1.7906
0.69183
0.70469
0.69502
1.2218
6.8077
0.9594
0.84723
1.028
3.5075
0.75858
0.7379
1.9543
3.3037
5.5335
2.9992
4.1687
2.0091
1.2331
1.2912
1.2246
1.0666
2.3823
2.6363
1.8239
1.888
6.7298
3.7497
2.2961
0.78705
0.72444
0.79616
2.4434
3.0761
1.7498
0.84333
0.98628
2.2646
2.421
2.2233
0.77804
1.4962
0.76384
0.70958
0.78886
0.75683
0.79433
0.84528
1.1641
0.87096
0.71285
0.73282
0.77625
0.92683
0.82224
1.1455
1.0666
1.1588
1.1041
3.5563
1.9999
0.98401
0.72946
4.2267
0.86696
2.9107
1.8281
0.68865
0.70469
0.72946
0.83753
1.5241
0.97949
2.2542
2.8314
2.4547
0.90157
0.89125
2.0941
1.5101
0.74989
0.73961
0.75336
2.3933
2.4604
2.9512
0.77983
1.3772
2.3878
0.92257
0.79616
1.2942
0.8892
0.75683
0.91411
1.0023
2.0045
2.0512
0.8892
0.78163
0.83176
1.8365
7.925
0.97275
3.9902
7.6384
4.8865
0.76033
0.86696
0.70958
0.76913
0.67143
0.76736
0.68549
0.65163
0.96161
3.5237
0.69823
0.77983
0.70307
0.81283
0.73114
0.75683
0.75509
0.73961
0.7145
0.7379
0.71945
0.96828
2.3768
2.8774
0.74817
0.71945
0.69823
0.69502
0.72277
0.73114
0.71945
0.68391
4.0926
6.5464
0.74817
0.73451
0.73451
0.72444
0.72444
0.68234
0.74817
0.70469
1.3614
0.8995
0.77268
0.69343
0.71945
0.70795
0.73114
0.73621
0.72778
0.74131
1.2218
1.5136
0.73621
0.77983
0.74302
0.71614
1.1429
2.5061
0.74302
0.69183
0.72778
0.76208
0.69024
0.74473
0.71614
0.72111
0.71121
0.69183
0.83368
1.7298
0.73451
0.71945
0.71945
0.96828
0.76384
1.0186
1.2706
0.74131
0.78343
0.90991
0.90991
0.76208
0.7709
0.81096
0.83176
0.81096
1.9861
1.7865
0.71614
0.78705
0.8531
0.76736
0.73114
0.7656
0.78343
1.0715
0.79616
0.7656
0.73451
0.76384
0.88105
0.74473
0.76384
0.77268
0.73621
0.77446
3.9355
1.1429
0.69823
0.72277
0.76384
1.2589
0.8091
0.78343
0.71945
0.69502
0.74131
0.73114
0.8995
0.78886
0.73114
0.76033
1.4289
0.91411
0.75336
0.73114
0.74645
0.71614
0.73621
1.0162
0.70469
0.7145
0.80724
0.69984
0.72778
0.79433
0.88512
1.1995
0.74817
2.0654
2.0417
0.82604
0.75509
0.73621
0.7656
0.77625
0.6792
0.75162
2.2594
1.652
0.69343
0.90991
1.9634
0.75162
0.83368
1.8578
5.4325
0.7709
0.73621
1.5382
0.75336
0.91411
2.1478
0.72778
0.82035
0.77446
0.85704
0.72611
1.0162
0.75336
0.72611
1.652
0.75336
0.99541
0.82035
0.79616
0.73282
6.4269
1.8664
0.75509
0.8892
0.72277
0.69024
0.88512
0.78886
0.78343
0.77446
0.72277
0.74302
0.78524
0.9506
1.2589
0.79433
0.82794
0.82035
3.3963
11.695
4.7315
0.71779
1.2972
5.2966
5.4325
0.73282
0.72111
1.0691
1.4421
0.66527
0.75509
0.71945
0.70795
1.0186
6.1235
1.0789
0.94624
0.7656
0.8892
0.83946
0.877
1.0116
0.91833
0.87096
0.79433
2.5763
2.133
2.0324
0.72277
0.74645
0.72778
0.85114
0.75858
0.81846
0.72611
0.77446
1.7783
1.0666
1.3092
1.5453
1.9011
0.72611
0.81846
0.79983
0.75858
0.74131
0.72778
0.72444
0.77446
0.81283
0.75336
0.77804
0.73114
0.74131
0.72611
0.76033
0.74817
1.932
7.7804
1.2942
0.81658
2.4717
1.3092
0.77804
0.72277
1.0328
1.556
3.7325
0.71285
0.70632
6.3533
8.3753
0.86099
1.9498
3.1696
5.8884
2.6303
0.73114
0.67608
0.68549
0.66374
0.71285
0.68549
9.7949
0.77983
0.70469
0.74989
7.7625
6.4269
0.71285
0.70469
0.69663
2.4044
4.2954
0.66527
5.236
8.77
2.208
2.3442
1.6032
1.1614
2.4099
2.8708
2.2131
1.2417
1.122
2.3014
10.304
1.8578
0.69343
0.72277
3.3113
1.0765
0.70307
0.75683
0.76208
0.76033
2.037
1.3552
0.73114
0.69984
0.71121
1.1169
0.72444
0.77804
2.2803
0.69502
0.70469
0.75162
0.71779
0.76913
0.75683
1.4322
0.9528
0.71945
0.74645
1.3213
4.6132
1.766
1.0423
1.6106
0.92257
1.2503
2.0091
0.69024
0.76913
4.7206
2.0845
1.9999
1.5276
0.78705
0.7656
0.80538
0.73621
0.90782
0.88512
1.4488
2.3121
1.9364
2.8249
1.2882
0.83946
0.80538
0.90991
1.9953
2.8379
3.0903
1.9099
1.6106
1.2618
1.7906
0.74302
1.6106
1.8967
0.71285
1.7458
0.8414
4.3853
6.5313
2.2856
3.4356
0.83368
0.85507
8.356
1.5668
1.0046
0.77983
0.94406
1.2274
2.1878
1.5101
1.0139
1.2647
0.75683
0.75509
0.81658
0.74645
0.87096
0.78163
0.82604
0.77268
1.0399
0.85507
0.78886
0.80538
1.0023
0.7379
1.0093
1.6866
1.6982
1.5453
1.1117
0.71121
2.7353
1.71
0.79799
0.74302
1.8621
2.8973
2.2909
2.4946
6.368
11.324
1.2106
2.3067
1.6672
0.87096
0.73451
2.208
1.7378
1.1246
2.2182
0.80724
0.71614
1.7458
1.556
0.65615
0.68865
0.71945
2.6303
1.7989
0.7145
0.68865
0.71779
1.3614
1.2106
1.4555
2.0137
1.762
2.6062
1.1298
0.71285
0.70632
2.2131
1.845
0.7709
0.85114
2.4491
2.3823
1.3397
1.0139
1.2417
1.556
0.74817
0.66222
0.90157
1.2706
1.4388
1.7219
0.74131
1.0617
1.8535
2.6607
1.8072
1.0641
0.85901
1.256
14.962
5.7677
1.3552
1.0789
1.1169
1.1272
0.88716
0.77804
1.4158
1.0116
0.86497
0.72946
0.71285
0.86497
0.90365
0.75509
0.83176
0.877
0.72277
0.68549
1.4028
2.2439
1.0617
0.7656
0.68077
0.84918
1.0889
1.762
1.7179
0.90365
1.9634
2.8314
1.3868
1.932
2.9512
0.98175
0.80724
0.77625
1.2942
4.256
0.877
0.77983
0.7379
0.71779
0.71614
0.76208
0.77804
0.76208
0.78524
1.0399
0.94842
0.78524
0.76033
0.69502
0.72444
1.0209
0.84918
0.92897
0.88308
0.89331
0.80538
0.81096
0.72111
0.78886
0.79799
0.99083
0.92683
0.69502
0.72946
5.4576
1.2274
1.074
0.78163
1.2706
1.6106
2.2182
1.556
0.7925
3.2285
2.1677
0.90991
0.8531
2.5235
4.3853
4.9091
2.1086
2.2961
0.72277
0.72946
3.8371
2.4044
0.82794
0.80538
0.91622
1.4322
4.7206
1.8923
1.3552
1.4894
0.79983
1.7579
1.8323
0.77268
0.7379
0.89536
0.87096
1.3335
2.2284
0.72277
0.91201
0.72111
0.69183
0.69984
0.70469
0.74645
0.71121
0.69663
0.72444
0.68707
0.69502
0.78524
0.68077
0.71285
0.81658
1.8621
1.349
0.71614
0.68234
0.89125
4.102
2.7606
2.9242
0.78524
7.3961
1.2303
0.75162
0.74989
0.84333
2.0184
2.6485
1.0617
0.8892
0.78343
0.89331
1.2359
0.89125
2.0797
2.3659
2.1577
0.75162
0.78886
2.3496
2.6915
0.7145
0.66527
0.74302
0.70795
0.73451
0.77625
1.0375
0.89125
1.0423
0.94406
0.77625
0.74302
0.70795
0.73451
0.77268
0.77804
0.72778
0.76913
0.70632
0.72277
0.7709
0.74645
0.72111
0.69183
0.71945
0.73621
0.74131
0.69024
0.78163
0.88105
0.80353
0.82224
0.72111
0.72778
0.73282
0.69663
0.79433
0.78343
5.1761
1.6672
2.4099
3.2063
1.9588
2.208
0.80353
0.72778
1.0889
5.7677
2.0277
2.8973
1.7458
0.72778
2.0512
0.76033
0.78886
0.69024
1.5885
3.3037
1.8281
0.86099
0.75162
1.9861
1.977
1.5205
1.3646
1.0864
1.1143
1.6406
2.9717
2.9444
2.8379
0.79433
0.72277
0.67764
0.71779
0.93325
1.0139
1.0209
0.91833
2.0184
0.86298
0.7709
0.72778
0.73961
0.85114
0.76208
0.86497
0.79068
0.75509
0.86696
0.78524
0.78163
0.78886
0.80724
0.84528
0.69343
0.80724
0.75858
0.83176
0.72611
0.74302
0.77804
0.75858
0.77983
0.81096
1.4555
1.3213
1.7378
1.3274
3.1046
1.9999
1.652
2.5061
2.6182
2.7797
2.704
0.92683
0.87096
0.92045
1.8535
2.0137
2.2803
2.3388
0.71285
0.78163
8.6896
2.958
2.7416
1.8365
0.68865
1.0328
0.97724
1.5066
0.8091
1.2134
2.9376
3.6392
2.7479
7.3621
7.2444
0.83368
0.91411
1.7378
0.78163
0.8356
1.1749
2.7353
2.4099
1.845
1.406
1.1402
1.5849
1.2972
0.83368
0.7379
1.3062
4.4157
6.9823
2.1878
0.75858
0.74989
0.78524
0.74989
0.70795
0.84918
0.78524
1.094
1.3092
2.3227
13.366
6.5013
3.281
2.5823
0.89536
0.90573
2.4946
2.8576
3.4754
1.2134
0.74302
1.1561
1.6672
3.4914
2.6002
0.93972
0.70469
0.91201
1.5171
1.3614
0.77625
0.80538
0.72111
0.76033
0.7656
0.70795
0.79433
0.79433
0.70632
0.73621
0.79799
0.83176
0.73282
0.88308
1.1272
0.77983
0.77625
0.86896
1.1402
1.0351
0.74817
1.2078
0.75858
0.75336
0.72111
1.205
2.6485
0.74473
0.78705
0.90157
1.2417
0.95719
1.9454
2.3988
4.1305
0.68707
0.74302
0.74817
0.68865
1.7338
2.2594
4.1115
3.4356
2.466
0.69502
1.4962
0.78524
0.68391
0.85507
1.2972
2.0797
4.6989
7.5683
0.88512
0.88512
2.8445
2.0701
8.0168
2.6363
2.023
2.8708
1.4723
1.4322
1.4521
0.8892
1.1803
2.1777
2.2542
1.9409
2.8249
2.355
5.5081
8.2414
0.8356
0.79616
0.97949
1.0233
0.82794
1.9543
1.7418
1.0864
1.3305
0.86298
2.3659
3.8994
1.0965
0.78524
1.8793
2.0512
1.7989
1.7022
2.0512
4.2364
3.0339
0.76384
0.96605
0.84723
1.0666
0.96828
0.79983
0.88308
0.76384
0.79068
0.74645
0.83176
0.74131
0.87902
0.99083
0.85704
1.0093
0.87096
1.5996
0.79068
0.81846
0.89125
0.79616
2.3335
3.8994
0.88308
0.71779
0.69663
0.79983
2.7797
4.0551
0.6792
0.64417
0.78705
1.1668
6.5766
2.6607
1.5031
1.574
0.7925
2.0797
2.7479
0.8892
0.85507
0.92897
0.86497
0.87902
0.83176
0.82604
0.8091
0.877
2.9174
1.9953
0.76208
1.2474
1.3868
0.80168
0.80538
2.2699
2.4491
2.9992
0.86896
2.4774
2.1086
6.4565
0.93541
0.98628
0.72778
0.72444
0.82794
0.74131
0.7656
0.81283
1.0046
1.1749
0.73621
1.4723
2.2284
1.8197
1.1749
0.84333
1.5668
3.342
1.1246
0.74817
1.0889
0.85114
0.82985
0.76033
1.099
3.0479
3.8459
0.65766
0.69502
0.8147
2.2336
3.1117
2.5293
0.81096
1.7061
4.9091
0.86298
3.1915
1.4256
1.1614
1.3062
0.88105
0.8414
1.5631
3.3343
1.6943
1.0889
1.094
0.77983
0.78705
0.89536
1.0814
0.78163
0.89331
1.2303
0.87498
1.2359
0.78343
0.89536
0.76208
0.76913
0.78343
0.66834
0.83946
0.90782
0.65917
2.0654
2.3988
0.74817
0.92897
0.78705
0.78886
0.75162
0.7656
0.74645
0.87297
0.73451
0.71285
1.3243
1.3868
0.79616
3.2509
3.6224
2.851
2.5003
0.82604
0.79983
0.73621
1.5101
3.0339
2.5351
0.74817
1.1722
0.81658
0.91622
0.82794
0.7709
0.72444
0.8091
0.73621
0.8531
0.73451
0.74817
0.81846
0.82985
0.78524
0.73282
0.78163
0.79616
0.8414
0.83368
0.77446
1.0209
0.73961
0.70632
0.83753
1
0.8091
0.8356
0.83176
0.75336
0.74473
0.76208
0.73114
0.76913
0.72444
0.7379
0.76384
0.76208
0.9506
0.77804
0.77804
0.76208
0.69024
0.72611
0.70307
0.68077
0.70632
0.80724
0.74302
0.75162
0.7379
0.73114
0.73961
0.72111
0.79433
0.75858
0.76033
0.75858
0.76913
0.75509
0.69984
0.7709
0.70469
0.7145
0.68865
0.90365
0.71779
0.80724
0.73621
0.72778
0.7379
0.71945
0.78163
0.92257
0.7656
0.90365
0.84723
0.78163
0.71614
0.75858
0.75336
0.81096
0.69823
0.70632
0.74645
0.87297
1.6218
3.3343
2.3335
0.73282
0.75858
0.98628
2.421
2.6002
3.581
2.9309
2.729
0.83753
1.6749
2.904
7.0632
3.1405
0.72277
1.7783
2.0654
0.87297
2.958
1.8923
0.69024
1.5812
2.2387
2.4717
2.1878
0.8995
0.82224
2.3121
3.6475
3.7154
0.80724
0.87096
2.466
2.2131
6.0674
6.368
0.64565
0.8356
0.71285
0.72277
0.67764
0.70632
0.69663
0.71779
0.83176
0.6792
0.7656
0.76033
0.84723
0.74989
0.73451
0.76736
0.74645
0.7379
0.71779
0.86696
0.71121
0.91201
0.67764
0.80353
1.3804
0.79433
1.0328
0.77983
0.74302
0.7925
0.97051
0.78163
0.82035
0.72946
0.89125
1.1588
0.8356
0.93756
2.2961
2.1727
0.7379
0.82035
1.0471
0.77446
0.70795
0.77804
0.79799
0.71779
0.84528
0.77804
0.70146
0.7379
0.80353
0.85114
1.0351
0.86099
0.72444
0.7379
0.75162
0.68234
0.68234
0.72444
0.79068
0.67298
0.86896
0.69183
0.74817
0.70146
0.78524
0.67608
0.75858
1.1143
1.3836
0.71285
0.82414
0.72778
0.72946
0.7656
1.8365
2.7102
1.7824
1.7458
1.8707
2.0989
0.72444
7.8705
2.4266
2.2699
0.80724
0.81096
0.78705
1.0162
2.2233
0.90365
2.0701
2.6915
2.0989
0.71945
0.71614
0.7379
1.5631
2.8907
2.2182
3.3037
1.2823
5.9429
5.445
0.85507
2.3067
0.73961
0.76208
1.1535
0.81283
0.77625
0.77804
0.72778
0.78524
0.83176
0.88512
0.73451
0.72611
0.75683
0.75683
0.83176
0.8414
0.69343
0.79983
0.92683
1.1749
0.73451
0.88308
1.2303
0.75162
0.69183
0.72277
0.67453
0.68865
0.68549
0.69984
0.64565
0.67608
0.68077
0.74989
0.79433
0.70958
0.69663
0.78343
0.74302
1.6943
2.4889
0.73451
0.72778
1.0471
0.86696
0.80353
1.7258
1.4488
0.7709
0.69663
0.78343
0.71614
0.69183
0.72611
0.69502
0.8414
0.73114
0.72444
0.78705
1.1041
0.76384
0.76913
1.6106
2.0749
0.71614
0.75509
0.78163
0.75858
0.76033
0.70795
0.71285
0.68707
0.73451
0.74131
0.69984
0.70307
0.75509
0.69663
0.72778
0.69183
0.71779
0.72611
0.74473
0.69984
0.76736
0.81846
0.93325
1.2303
1.8535
1.349
0.73451
0.7925
0.75509
0.86696
0.7145
0.68865
0.7656
0.75683
0.75858
1.3836
4.1976
0.74989
0.73282
6.9823
5.9566
1.5346
0.72611
0.72946
1.5922
1.099
1.8967
0.75858
1.5996
1.3152
0.75336
0.68234
0.92683
6.2373
5.8479
1.205
0.72611
0.70795
0.70146
2.5882
4.3954
2.6853
4.1115
0.71945
0.68865
0.69024
0.69823
0.73961
1.1722
0.76913
0.90365
0.7925
0.8414
0.79068
0.76033
0.87902
0.75858
1.5959
1.2331
1.1376
1.2503
3.8815
0.69183
1.7219
0.94406
0.6792
0.70307
0.72611
0.71121
0.77268
0.73282
0.77983
0.65615
0.75162
3.1405
2.5351
1.0351
0.9506
0.92257
0.98401
1.122
0.98175
0.97499
0.71945
0.69024
0.69183
0.72778
0.92683
0.7379
0.66069
0.7379
0.83946
0.92257
0.71779
1.3521
1.2618
0.73282
2.0184
0.89743
0.76208
0.76384
0.72444
0.66527
0.75336
1.2647
0.78524
0.68549
0.91411
0.70795
0.69024
0.68865
0.68391
0.69024
0.75509
0.70146
0.69663
0.6792
0.76208
0.78886
0.73114
0.71285
0.68865
0.66681
1.1066
1.0789
0.94842
1.122
1.2942
0.90365
0.86896
0.74645
1.6827
0.76913
0.74302
0.7925
1.9454
3.5237
0.72277
0.75509
0.72946
0.74989
0.67453
0.69823
0.72277
0.70146
0.73621
0.80353
0.71285
0.74473
0.72111
0.70307
0.70632
0.72611
0.69343
0.72111
0.71779
0.67453
0.82794
0.73114
0.71285
0.73282
0.82985
0.77625
0.7656
0.70958
0.69343
0.8091
0.89536
1.3552
1.3709
1.122
1.0641
0.99541
1.0617
1.0471
0.92257
0.66222
0.70307
0.71121
0.68549
0.70469
0.77625
0.78524
0.67298
0.75858
0.82985
0.69823
0.80724
0.74989
0.70146
0.68077
0.69024
0.7379
0.72277
0.73451
0.75162
0.70469
0.98175
0.71779
0.69183
0.67764
0.68865
0.64565
0.67298
0.67453
0.73451
0.72111
0.73621
0.66988
0.7145
0.69984
0.69183
1.1695
0.88105
0.75509
1.0423
0.66374
0.73282
0.69502
0.66527
0.65313
0.69024
0.6792
0.66681
0.65615
0.7145
0.8356
0.68865
0.70632
0.69502
0.69502
0.6792
0.6792
0.69984
0.66988
0.72611
0.70958
0.77446
0.70307
0.77983
0.66834
0.67453
0.74302
0.71945
0.73114
0.79616
0.81283
0.75683
0.72444
0.72611
0.70469
0.74131
0.72444
0.66527
0.71285
0.90365
0.71121
0.71121
0.66681
0.64269
0.71285
0.70307
0.68865
0.69502
0.68391
0.66834
0.81096
0.70307
0.68707
0.68234
0.68077
0.72111
0.72444
0.66834
0.72111
0.63387
0.80353
0.69984
0.67608
0.70469
0.70795
0.63826
0.65766
0.63533
0.68391
0.70795
0.67143
0.95499
0.65766
0.79433
0.67143
0.68707
0.71121
0.68234
0.70795
0.70146
0.70469
0.82604
0.93325
0.7145
0.70795
0.72778
0.68865
0.68391
0.67764
0.66222
0.79433
0.91622
0.65013
0.70958
0.6792
0.68234
0.67764
0.71614
0.70958
0.76736
0.8414
0.83368
0.69343
0.69984
0.72946
0.76033
0.69984
0.78705
0.72277
1.1015
0.7379
0.71121
0.6792
0.69183
0.74131
0.67453
0.69823
0.66527
0.66988
0.8892
0.79068
0.76384
0.66988
0.63973
0.72778
0.67298
0.6792
0.70146
0.75509
0.73114
0.66681
0.67764
0.68234
0.67298
0.66222
0.67764
0.69984
0.69183
0.7656
0.67453
0.70958
0.75509
0.65766
0.65917
0.72444
0.69343
0.70307
0.70632
0.68707
0.84333
0.78524
0.70307
0.67608
0.65615
0.68234
0.68707
0.70307
0.67143
0.72111
0.69024
0.87498
0.72946
0.69984
0.66222
0.63533
0.71945
0.68707
0.69984
0.69343
0.79983
0.96828
1.2274
0.93111
0.8892
0.80724
0.80538
0.81846
0.78163
1.6711
0.89536
0.80538
0.75162
0.92045
0.84918
0.8147
0.77446
0.96383
0.75162
0.73961
0.86298
0.78163
0.75858
0.7709
0.77983
0.78886
0.79068
0.83368
0.74989
0.81096
0.78163
0.75683
0.75509
0.74645
0.81096
0.81283
0.75162
0.78163
0.79433
0.82985
0.81096
2.1038
4.2267
0.68707
0.6792
0.72444
0.66988
0.69024
0.69984
0.68234
0.80724
0.72111
1.1066
0.72946
0.68077
0.79433
1.4289
11.015
2.9648
0.74131
0.6792
0.72946
0.72111
0.70795
1.9679
0.70469
0.74817
0.71614
0.71285
0.70795
0.69343
0.74302
0.94842
0.71121
0.67608
0.74645
0.75162
0.67608
0.7656
0.66988
0.78163
0.77804
1.1803
0.72946
0.74302
1.5101
1.6749
0.68391
0.70146
0.68391
2.1135
4.0551
0.72111
4.8641
1.1858
0.77446
1.0617
0.85704
0.69984
0.68549
1.1169
0.77625
0.70632
0.90991
0.90365
0.72277
0.68391
0.80724
1.5136
0.71121
0.75162
0.76208
0.74645
0.69502
0.69663
0.72611
0.74645
0.73282
0.7925
0.73282
0.877
2.3014
1.0965
0.74302
0.71945
0.68234
0.69502
0.70795
0.68707
0.72111
1.0093
0.84723
0.67298
0.70469
0.70146
0.71614
0.69183
0.69823
0.67143
0.72111
0.78343
0.71121
0.70632
0.69984
0.67298
0.65917
0.72611
0.67143
0.71285
0.90991
0.8147
0.78343
0.69183
0.71285
0.75336
0.99083
0.67453
1.4928
0.69502
1.6293
1.7378
2.0701
0.68549
2.2751
0.77983
0.65766
0.69183
1.6634
0.79433
0.7656
1.0351
0.91833
0.74817
0.71121
0.9528
0.72611
0.69663
0.69502
3.4754
0.94406
1.2764
0.70307
0.72444
0.74989
0.77268
0.71779
0.65615
0.70958
0.73621
0.73451
0.72111
0.69823
0.67764
0.70795
0.73451
0.73282
0.77446
0.74473
0.7145
0.70795
0.69502
0.69502
0.71121
0.69663
0.79799
0.96161
0.8147
0.71779
0.80168
0.69183
0.70146
0.68077
0.75683
0.73451
0.75162
0.85507
0.69502
0.7379
0.72444
0.69823
0.77268
0.85507
0.74645
0.72111
0.67764
0.74131
0.77983
0.86696
0.78524
0.7656
0.69984
0.68865
0.70795
0.99083
0.7656
0.74302
0.68391
0.68077
0.72946
0.73451
0.7145
0.74989
0.69502
0.73621
0.69343
0.74473
0.69183
0.74131
0.88512
0.71614
0.71614
0.77983
0.69183
0.70146
0.73451
0.75162
0.71614
0.84333
1.2078
5.035
0.73451
0.73621
0.76913
0.9506
0.82604
0.8892
0.80353
0.9977
0.88308
0.79616
0.76033
0.73621
0.70632
0.89743
0.7925
1.5524
2.208
2.2751
1.6904
1.6482
4.0926
5.4576
2.8249
1.4997
11.455
4.3251
0.65313
1.1561
1.7498
1.3614
1.9275
0.67143
0.68707
1.0495
0.87498
0.69663
0.68707
0.7656
1.4191
1.2735
0.70632
0.70632
1.2531
1.7783
0.69984
0.67453
0.70469
0.85901
0.93756
0.67298
0.65766
0.70146
0.68707
0.71779
0.72277
0.66834
0.66069
0.71285
0.78886
0.70795
0.67764
1.3709
0.77625
0.69502
0.69984
0.70307
1.122
1.4388
0.80353
0.70795
0.69024
0.68077
4.8641
1.406
1.1508
0.96383
0.84918
0.80168
1.4388
2.0045
1.3772
0.67453
0.7656
0.69663
1.3521
1.2912
0.82224
3.062
5.3827
4.4875
1.8664
0.66834
0.68077
1.6444
0.9506
0.82035
1.6982
9.0157
5.1051
0.81846
1.5704
1.4256
1.7378
0.7709
0.68549
3.2584
4.4259
0.73282
0.86298
0.85114
1.2359
5.781
1.4028
1.4689
6.6222
1.3964
1.3932
0.71779
0.68234
0.66681
1.3243
0.92045
0.71285
0.68549
0.66834
0.69343
1.3032
2.8973
1.094
0.93111
3.5563
4.9317
3.8637
0.68549
0.68391
0.97949
4.4978
2.7416
2.3823
0.78705
0.68077
0.73961
0.71285
0.65917
0.70632
0.72946
0.71121
0.89536
0.70795
0.73114
0.69823
0.66988
0.69183
0.68707
0.71121
0.69343
0.72611
3.8194
2.9174
0.7145
0.65766
1.9815
2.2856
7.8705
4.5814
1.8923
5.5335
1.5885
6.0117
0.90573
1.5136
1.6788
1.3459
1.4388
4.0644
0.8091
0.68234
0.72444
0.68865
0.66069
0.68549
1.977
2.1429
0.95719
1.0715
0.90365
0.91622
1.8113
1.4894
0.90573
1.1143
1.3002
1.3397
1.7989
1.5631
1.5031
1.1561
1.6106
1.349
1.3646
0.95719
1.219
0.84723
0.78163
0.71779
0.73114
0.74817
1.1376
0.98401
1.2274
0.72277
0.74131
0.69183
0.69343
0.68391
0.84528
0.76384
0.74473
0.82414
0.85507
0.77446
0.75336
0.68391
0.7145
0.70146
0.73451
0.7656
0.78705
0.77446
0.73282
0.74989
0.77804
0.73961
0.72111
0.8091
0.74473
0.79616
0.92045
0.82035
0.77268
0.70469
0.71614
0.72444
0.7709
2.2233
0.85704
0.74473
0.80168
1.4894
1.7298
0.71614
0.69984
5.728
6.4565
6.8391
0.69343
4.1783
2.1677
1.1803
1.803
3.1405
0.72277
1.0447
0.68549
0.71121
0.70146
0.69823
1.0691
0.84723
0.65013
0.70632
0.66834
0.66988
0.66834
0.7145
0.67298
0.76208
0.73961
0.69024
0.72946
0.67298
0.67608
0.72111
0.69823
0.68707
0.67453
4.2855
2.9923
1.7989
0.66069
1.8535
0.68549
0.70795
2.5586
1.6482
0.70307
0.72778
1.3428
0.68707
0.7379
0.66681
0.69663
0.67143
0.70795
0.68077
0.68391
0.67143
0.87096
0.7925
0.70146
0.72946
0.69663
1.1194
1.122
1.2417
1.7378
2.4604
9.5719
0.71614
0.68391
0.72444
0.74817
0.89743
0.73451
0.68549
0.7145
0.68707
0.90573
1.0093
0.70469
0.66527
0.71945
0.76208
0.70632
0.68549
0.70146
0.76913
1.2274
0.75336
0.70795
0.71121
0.69024
0.68865
0.75509
0.70146
0.79616
0.70307
1.0116
0.72111
0.69984
0.69343
0.7379
0.71121
1.0495
0.68077
0.68707
0.93541
0.86696
0.67453
0.67143
0.69343
0.69823
1.1803
1.0304
0.7709
0.65917
0.68707
0.77446
0.72111
0.7145
0.70469
0.8147
0.71945
0.69823
0.70307
1.0471
0.91622
0.80168
1.39
0.69984
0.72611
0.70795
0.68234
1.4355
2.8184
0.71285
0.75162
0.84333
0.95719
0.69024
0.70146
0.69823
0.69343
0.89125
0.76033
0.71121
0.70795
0.79799
0.72946
0.68077
0.66222
0.69502
0.70795
0.78524
0.72444
0.88512
1.2853
0.94406
0.96161
0.71779
0.66834
0.70958
0.86298
0.7145
0.75858
0.75336
0.82224
0.69663
0.70632
0.71614
0.74302
0.73282
0.75683
0.70469
0.76384
0.70632
0.87297
0.80724
0.69183
0.73451
0.74645
0.69984
0.74817
0.70469
0.9594
0.98628
0.80168
0.67143
0.70469
0.73621
0.70958
0.76384
0.71779
0.71945
0.69984
0.69024
0.69823
0.76208
0.68549
0.77804
0.70307
0.69343
0.74817
0.71779
0.72946
0.7145
0.75162
0.98175
0.90365
0.72778
0.6792
0.70469
0.70632
0.71121
0.71614
0.67764
0.69024
0.80168
0.69984
0.67608
0.66681
0.74645
0.68549
0.66681
0.69502
0.73961
0.9528
0.68549
0.69823
0.75858
0.66527
0.75683
1.0116
0.70469
0.66834
0.75509
0.88512
0.75162
0.71779
0.7145
0.70469
0.79983
1.0328
0.68865
0.69663
0.71945
0.73621
0.89536
0.72111
0.67764
0.74989
0.74817
1.0069
1.9815
0.72611
0.7709
0.73282
1.7179
3.3963
2.0845
0.69663
0.69183
3.8637
7.4473
4.217
0.73114
0.76033
1.1482
2.729
5.3703
5.6364
13.274
6.1235
2.8708
7.5162
1.6788
0.71614
0.90365
0.78705
0.87902
1.0375
1.3996
0.72611
0.81846
0.73451
1.8072
2.0512
3.3497
6.8391
5.0119
2.0464
3.8019
10.304
3.6813
2.729
6.9024
1.1588
2.1038
2.1528
6.3241
1.5668
0.69984
0.68234
0.66069
0.65615
0.67298
1.3213
1.7022
7.2778
10.52
7.0307
5.6624
1.3868
2.5823
1.5596
1.0116
2.0091
12.05
2.037
2.4547
1.2445
1.9143
3.1189
1.8072
0.66222
2.023
2.355
1.6672
1.3964
5.9979
7.4645
4.0551
5.8614
0.70795
0.91411
0.79068
0.74131
0.7379
0.80538
0.74473
0.73961
0.72277
0.72444
0.71614
0.75336
0.69024
0.71614
0.77804
0.67298
0.70795
0.67143
0.69024
0.72111
0.75509
0.70632
0.66681
0.79983
0.74302
0.70469
0.73451
0.67298
0.71285
0.86298
0.70795
0.72611
0.66681
0.69984
0.69502
0.75509
0.74645
0.66222
1.2388
0.69183
0.72277
0.84918
1.1695
1.9907
1.0093
2.6363
2.7164
1.6482
1.6032
1.6672
1.7458
1.5031
8.0353
2.9174
4.9204
5.5208
2.4099
0.69823
1.2882
4.3152
4.121
0.68234
2.0749
0.71121
1.6749
0.91201
2.6546
0.68865
0.88105
0.77625
1.5171
1.6672
2.2182
2.9444
0.68234
0.83753
4.8306
0.70632
0.78343
0.76208
2.1232
1.3335
1.1455
5.5208
3.3651
6.5163
1.3677
1.4962
1.0162
0.77446
7.709
1.1272
0.69343
2.2594
1.1066
1.6788
5.821
0.6792
1.9999
2.4604
0.69343
3.4674
0.88308
0.72444
0.68077
0.84333
3.4514
0.91201
0.66527
0.66222
2.6242
1.977
0.79983
1.3305
1.6711
0.88105
1.1376
0.69343
0.72277
4.4157
2.2131
4.5604
5.3951
4.8306
1.3213
1.9187
0.88716
0.78524
0.64269
2.0797
0.72611
0.72111
0.75162
0.76736
0.72778
1.4689
0.78705
0.80353
1.8239
0.85704
0.83753
0.73282
0.97949
1.2417
1.0093
0.79068
0.74302
0.82414
0.67453
0.75162
0.69663
0.68865
0.68549
0.69984
1.0965
0.93972
0.69984
0.73451
0.70469
0.73114
0.80168
0.9977
0.72946
0.71779
0.70146
0.75509
0.69024
0.77983
0.9594
0.8091
0.69984
0.73451
0.71121
0.71945
0.94624
0.94189
0.7709
0.67298
0.7145
0.67764
0.72946
0.85114
2.3281
0.99541
1.4289
0.70469
1.0447
2.0749
1.135
1.0447
0.70632
0.66681
1.4289
1.2589
0.75858
0.66222
0.71285
1.0375
1.0304
1.4028
0.9977
0.78886
1.1588
1.074
0.97499
0.68077
0.69024
1.6293
0.92045
0.68549
0.76208
0.68549
0.66988
0.87902
1.094
0.8995
0.64863
0.65766
0.68391
0.66222
0.66988
0.66222
0.77625
0.91622
1.2417
0.71121
0.66527
0.79068
0.70958
0.69343
0.70958
0.70632
0.93325
0.69024
0.69823
0.69343
0.66681
0.76913
1.2794
0.79068
0.6792
0.71945
0.91833
0.72611
0.70632
0.7145
0.65615
0.70958
0.74645
0.72277
0.73282
0.70146
0.81096
0.74817
0.78705
1.2078
1.2942
0.74989
0.73114
0.68234
0.68865
0.80538
0.80353
0.73451
0.71614
1.2912
1.1194
0.68707
0.73621
0.6792
0.70958
0.71614
0.80168
0.97051
0.73114
0.73961
0.71945
0.72778
0.74645
0.8995
0.83368
0.75336
0.93325
0.74302
0.78705
0.91201
0.69984
0.67453
0.67764
0.74817
0.74989
0.73282
0.70958
0.72611
1.0093
0.77625
0.69343
0.66988
0.65163
1.0023
0.90365
0.8892
0.71614
0.83176
0.77983
0.69343
0.69663
1.1885
0.84918
0.74817
0.69183
0.76033
1.1376
0.97051
1.074
0.82985
0.93325
1.1092
1
0.9506
0.94189
1.0257
0.98401
1.0447
0.93541
0.80353
0.74131
0.97275
0.82794
0.8091
0.93972
0.81658
0.80538
0.80724
0.84918
0.8414
0.89536
0.78163
1.0257
0.8995
0.76208
0.80724
0.75858
0.79983
0.79068
0.80353
0.90573
0.74645
0.71614
0.89743
0.75509
0.84528
0.80538
0.67143
0.90365
0.73621
0.80353
0.77983
0.94624
0.79068
0.79068
0.90157
0.78886
0.77983
0.9594
0.7709
0.64417
1.0069
0.81658
0.70307
0.75509
0.85704
0.77983
0.83946
0.69502
0.68234
0.73451
0.72778
0.73621
0.73961
1.1092
0.74131
0.73621
0.73282
0.72444
0.79616
0.71945
0.74645
0.72277
0.93325
0.83176
0.85507
0.75683
0.69024
0.79799
0.76384
0.78705
0.85114
0.72946
0.81283
0.99083
0.76384
0.90991
1.1117
0.98401
0.76384
0.99083
0.93972
1.0765
0.85507
0.85507
0.86298
0.97051
0.76384
0.81096
0.98855
0.72778
1.1429
0.7709
0.91622
0.8356
1.2531
0.92257
0.98855
1.205
0.91833
0.85114
0.94189
1.0046
0.98855
0.88512
0.86696
0.90782
0.73961
1.0069
0.8414
0.87297
0.85704
0.83368
0.86099
1.1641
0.9528
0.78343
0.79799
0.92257
1.0568
1
0.86099
0.77625
0.9528
0.73961
0.88716
0.70469
0.89536
0.7709
0.72444
0.86099
0.75162
0.8531
0.65917
0.66069
0.82604
0.70958
0.90365
0.86497
0.73114
0.8531
0.75509
0.75858
0.73451
0.72444
0.91833
0.65013
0.68707
0.78343
0.72277
0.78705
0.69663
0.72444
0.68865
0.79983
0.77804
0.86298
0.81846
0.71285
0.77268
0.92683
0.72444
0.8147
0.94406
0.75336
0.71285
0.7656
0.75858
0.7925
0.71285
0.73451
0.73621
0.85114
0.73451
0.74817
0.77625
0.69984
0.78705
0.70632
0.91201
0.83946
0.78705
0.77268
0.73961
0.77268
1.0666
0.6792
0.68234
0.64417
0.64565
0.72444
0.70146
0.69663
0.96605
1.0233
0.8531
0.80538
0.87096
0.78524
0.98401
0.73282
0.7379
0.77446
0.97051
0.75509
0.77625
0.75162
0.73282
1.1143
0.73621
0.74645
0.72277
0.78705
0.72111
0.72778
0.7379
0.71614
0.74817
0.71121
0.74131
0.76208
0.69984
0.70146
0.75336
0.77625
0.69823
0.7145
0.71945
0.70795
0.66527
1.1429
0.76913
0.68549
0.81096
0.70469
0.78524
0.68234
0.69502
0.74473
0.71614
0.69502
0.70958
0.75162
0.74645
0.68391
0.7656
0.97949
0.82985
0.71121
0.68549
0.79433
0.87297
1.0375
0.73451
0.72778
0.68707
0.70469
0.71285
0.84528
0.877
0.71614
0.76033
0.88512
0.76033
0.74817
0.72946
0.72111
0.75336
0.68077
0.74817
0.7656
0.72277
0.96828
0.79799
0.67298
0.69984
0.77804
0.70632
0.79068
0.74645
0.91411
0.93756
0.76384
0.79616
0.79799
0.80168
0.77625
0.72444
0.87498
0.74302
0.6792
0.79983
0.8414
0.70632
1.1614
0.88308
0.78705
0.78163
0.74989
0.74302
0.81096
0.78886
1.0069
0.71945
0.70632
0.67453
0.71285
0.73961
0.65917
0.74131
0.67453
0.88716
0.79616
0.69343
0.72611
0.68707
0.72611
0.77804
0.69343
0.67453
0.6792
0.70795
0.82604
0.78343
0.72611
0.71121
0.92897
0.95719
0.73114
0.68391
0.72111
1.0186
0.87297
0.71614
0.78705
0.87297
0.70632
0.67453
0.69984
0.92045
0.82604
0.73451
0.73451
0.83946
0.76208
0.79068
0.90573
0.7145
0.69663
0.68391
0.74473
1.1169
0.90782
0.73961
0.70958
0.73961
0.8147
0.74989
0.8147
0.81096
0.77804
0.77983
0.85901
0.80724
0.79799
1
0.9977
0.8091
1.0162
0.81283
0.80724
0.82224
0.8995
0.81658
0.71614
0.79433
0.77983
0.75858
0.7656
0.84528
0.80168
0.72611
0.77625
0.85114
0.74131
0.72946
0.7656
0.8091
0.8414
0.67764
0.6792
0.70632
0.71614
0.69343
0.72778
0.67608
0.68077
0.66527
0.69502
0.72946
0.85507
0.70958
0.92257
0.75162
0.77625
0.72611
0.70146
0.73114
0.69984
0.67608
0.77983
0.73282
0.72778
0.69984
0.91201
0.90991
0.75336
0.67453
0.71285
0.77268
0.71285
0.70307
0.79068
0.73621
0.69502
0.70632
0.77268
0.71614
0.70307
0.69183
0.77804
0.74645
0.77446
0.7379
0.7145
0.70469
0.78705
0.68391
0.69823
0.69663
0.85507
0.82985
0.74473
0.77625
0.7656
0.72946
0.91201
0.79799
0.69984
0.69663
0.82985
0.94406
0.75336
0.70958
0.76384
0.7709
0.78524
0.74645
0.72611
0.68707
0.70307
0.74131
0.8414
0.70146
0.75858
0.71285
0.73282
0.68549
0.72946
0.74302
0.69984
0.94842
0.76736
0.71614
0.72111
0.81658
0.69183
0.8147
0.69024
0.75336
0.75336
0.75336
0.76913
0.8356
0.84528
0.76208
0.69502
0.69502
0.74817
0.81658
0.98175
0.72111
0.77625
0.68234
0.69663
0.76033
0.7145
0.77983
0.66222
0.69024
0.7145
0.86696
0.75162
0.68707
0.70469
0.72946
0.67764
0.69183
0.73282
0.73621
0.72611
0.70146
0.71779
0.67608
0.67298
0.84528
0.74302
0.67453
0.69823
0.69823
0.79799
0.75683
0.72611
0.70795
0.71945
0.79433
0.72277
0.7145
0.73961
1.052
0.72778
0.75336
0.74817
0.7145
0.73282
0.73451
0.88716
0.74131
0.80538
0.74473
0.78886
0.72946
0.69823
0.74817
0.90991
0.75336
0.72277
0.78343
0.75162
0.83946
0.72444
0.80538
0.75509
0.79068
0.70469
