2.8576
1.6368
0.74817
1.6943
1.5488
1.9588
0.86696
1.1194
1
0.97499
0.75858
0.84723
2.8642
1.1776
0.87498
6.7143
0.98855
1.3122
1.3804
1.2331
1.4723
1.5488
2.0797
0.92897
0.81846
1.1455
1.205
0.83946
1.8072
0.83368
0.96605
4.4463
1.1246
31.117
26.792
25.061
7.9983
1.2853
1.8113
15.346
13.646
19.634
30.2
18.793
11.22
17.579
1.1066
1.2794
2.7164
1.5031
21.038
28.708
24.66
25.41
24.378
2.2961
0.84723
9.2683
16.711
27.353
22.387
21.184
33.884
26.977
27.606
26.669
23.335
11.803
21.281
21.528
37.844
28.973
31.333
32.434
31.623
13.709
1.0328
0.85704
20.23
25.41
31.769
23.442
28.445
23.496
22.336
24.155
29.309
22.594
12.942
1.5668
0.87902
21.429
18.836
0.8091
22.182
35.975
26.546
26.122
10.139
21.878
26.669
20.512
26.242
26.182
34.995
21.086
25.527
17.742
8.4918
6.0117
11.376
25.235
22.284
21.727
24.21
0.94624
1.1695
0.82604
29.376
29.58
15.417
33.343
20.749
32.211
16.406
19.055
22.856
13.428
5.2723
25.177
1.2246
0.88512
0.77804
25.645
23.714
23.55
1.0209
1.0568
1.1272
1.2331
2.0045
1.4223
0.93325
3.4754
4.0926
1.9099
1.7418
1.3335
1.4388
1.2823
1.5996
1.4256
1.3305
1.5417
9.4189
16.331
0.74645
1
0.85114
1.8664
3.9811
13.521
20.37
22.803
32.285
30.974
24.831
19.724
18.836
1.0691
0.9977
1.2274
1.1092
1.0162
21.135
26.002
22.909
19.679
17.62
19.32
7.8343
9.7051
0.7709
0.80538
0.76208
0.84723
0.81283
0.76736
1.2023
1.9861
0.89536
1.1194
2.037
0.96383
0.84918
0.9506
1.1885
1.1455
19.055
0.92257
1.1695
1.2303
1.2218
1.1695
1.349
1.6444
1.2531
1.1912
1.1194
1.0304
0.96828
1.094
1.0139
0.92683
0.89743
1.1776
1.0495
1.6444
0.98175
1.052
0.80724
0.72111
2.5119
0.90573
12.823
11.298
18.493
22.233
19.011
0.81658
0.92897
0.99083
1.0864
0.77268
0.80168
1.4588
10.399
6.2087
15.031
1.0691
0.76736
1.1776
7.0958
8.1846
0.72946
0.79068
0.84528
0.72277
0.81846
0.90573
0.80353
0.81658
0.7379
0.99312
0.96605
1.0666
2.0893
6.9343
0.77446
1.2218
1.1641
9.6383
32.584
28.708
29.242
18.493
19.588
21.38
23.768
17.498
7.2111
18.535
2.2751
0.8356
1.2078
0.92045
1.0715
0.97499
1.1324
1.5136
1.122
1.3152
1.5417
1.205
1.1858
1.0351
1.6444
0.82604
0.82604
0.90573
1.2853
1.0304
0.90573
0.77625
0.72611
3.4754
4.1879
0.79616
0.8995
0.78886
0.79799
0.86896
0.79068
0.81096
0.81096
0.85507
27.99
19.099
21.232
23.281
20.464
21.627
7.925
11.143
23.335
17.022
5.9429
21.478
19.634
17.865
14.997
34.674
22.961
1.3397
9.5719
0.80168
0.88716
1.4093
1.0023
1.052
0.98401
0.89536
3.4995
0.84918
1.4158
6.3973
0.81283
0.82414
0.82794
0.71614
0.82794
0.81846
0.75336
1.1429
0.83368
0.91411
1.0186
2.9242
0.74131
0.73621
0.73282
0.87096
0.82985
0.81846
0.84528
0.83753
0.79799
0.78705
2.0941
0.73282
1.1858
9.2897
7.8524
24.774
22.803
0.78524
1.8793
14.06
30.13
17.14
16.218
14.223
5.2
4.9888
0.9247
0.89536
1.0641
1.0423
1.052
0.9977
1
1.5885
0.9977
1.0351
1.1695
1.0399
0.91411
0.99083
0.92257
0.93111
1.0186
1.1169
0.97275
1.0069
0.97724
0.79616
1.0471
0.85507
2.9992
0.89125
2.4774
0.89536
0.9528
1.2303
1.1912
1.0351
0.97949
1.8621
0.92683
1.3305
1.0257
0.94406
9.4842
8.5901
18.365
18.621
10.864
14.894
14.521
23.659
1.7989
0.7925
0.85507
0.75509
0.88308
0.82794
0.8091
0.83368
0.80168
1.2942
1.3366
1.0593
1.2388
3.8371
0.94406
6.5917
0.77268
1.0471
0.76736
0.81658
0.80168
0.877
0.91833
1.3092
0.69502
0.82414
0.88716
0.91201
0.79433
0.79068
0.80724
0.89743
0.99541
2.1528
2.1878
1.8408
0.86099
0.81283
0.69823
0.77446
0.8892
0.98401
0.75336
0.77446
0.86298
0.83753
0.78705
0.75858
0.78524
0.72946
0.81658
0.88716
0.72111
0.91201
0.76208
1.0116
0.85507
0.79068
0.78163
0.75858
0.80353
3.4277
1.4388
0.75858
0.8091
1.2618
0.76736
0.76208
0.86696
0.85114
0.79068
0.83753
0.91201
0.7379
0.877
0.76736
0.82604
0.72111
0.80724
1.0593
0.77446
0.86696
0.83368
0.75162
0.72611
0.71945
0.78705
0.8892
0.73282
0.80538
0.87096
0.8091
0.7656
0.83753
0.78524
0.76913
0.7145
0.78524
0.76033
0.7709
0.90157
2.9785
0.81096
0.80538
0.77268
0.75336
0.99541
0.77983
0.92683
1.0765
0.8892
0.84333
0.8995
0.74817
0.76384
0.83753
0.80724
0.86099
0.80538
0.73961
0.8892
0.78886
0.79799
0.78886
0.84333
0.8414
0.86099
0.79068
0.84528
0.90782
0.86298
0.7925
0.82604
0.8531
0.77625
0.77804
0.78524
0.99541
1.1803
1.0864
0.77268
0.82604
0.75858
2.9648
0.9977
0.82224
0.91833
0.78163
0.83753
0.8995
0.77804
5.4325
8.5901
10.666
9.8175
0.70146
0.83753
1.7378
0.79616
1.0093
3.2961
0.99541
0.77804
1.0351
1.0423
1.099
0.90157
0.82224
0.83176
1.2531
0.78705
0.94624
1.1169
1.1455
0.9247
1.2912
1.0233
0.77446
6.3241
1.7179
1.0046
0.93541
1.3583
0.74817
1.3552
6.0814
7.9983
12.078
8.6696
6.6069
1.2388
0.96605
1.5488
0.85507
0.9506
0.73282
1.4655
14.723
9.5719
10.069
2.7227
1.4555
6.7608
1.39
1.1885
1.5631
3.02
6.5766
8.892
2.3605
0.93325
1.1508
1.1455
1.2618
1.3335
0.78886
0.877
2.3933
10.447
2.3496
1.2823
1.4355
0.88512
0.79068
1.2912
1.0839
2.6977
1.0471
2.0324
1.0328
0.96605
1.888
2.0989
1.5311
1.183
1.4093
0.75336
0.86298
1.2162
7.1285
9.4406
7.5683
7.8163
12.218
10.814
5.728
1.256
4.6132
0.90573
11.83
0.72778
2.8054
9.8175
7.9799
0.80353
2.3174
1.8155
0.82414
0.75858
0.78343
0.90782
2.8642
13.243
7.5509
14.555
11.143
1.3932
0.85901
0.93541
0.80724
1.0399
0.98628
0.89331
1.0116
1.1482
1.0328
0.90365
0.89331
0.8892
1.1695
0.75162
0.86497
3.4119
3.6898
0.80724
0.96605
0.86696
0.79983
0.76913
0.79799
0.76384
0.83753
0.75509
1.1803
0.83753
0.69823
0.79068
0.80538
0.79799
0.99312
0.84918
1.3183
1.0568
0.8995
1.1298
0.82224
1.1535
0.90157
1.2972
0.80724
0.81846
0.86896
0.94624
0.84918
0.86696
0.90573
1.3932
0.97499
6.3096
1.1169
1.0495
0.84918
0.93111
0.93756
1.406
1.0666
1.099
1.0046
1.5382
0.77983
0.73621
0.75336
0.74817
1.0233
0.76208
0.88716
0.74989
0.79799
0.78705
0.89536
0.88105
0.97499
0.89743
1.845
0.89331
0.71945
0.75858
0.70469
0.73961
0.74473
0.69663
0.80168
0.79068
0.77446
0.71779
0.72277
0.77804
0.77983
0.69502
0.7709
0.81283
0.87096
0.86896
0.90365
0.94406
1.0116
1.0139
1.1482
1.122
0.84333
1.3583
0.94189
1.2706
1.2445
1.1776
0.96605
1.3772
1.1066
1.2972
0.84333
0.85507
1.2162
1.0351
0.79983
1.0447
0.75162
0.90573
0.79799
1.5996
0.82035
0.69823
1.0186
0.77804
0.90991
0.82985
1.0304
0.79799
0.8091
0.77268
0.73961
1.205
1.0839
1.2823
1.9011
1.2706
1.5171
0.98628
0.77446
1.5205
0.96383
1.6444
1.652
1.5276
0.82794
0.80353
0.74989
0.85901
3.9264
1.6866
1.4791
0.83946
0.84333
1.1668
1.7219
1.219
0.74645
0.76736
0.77625
0.70307
0.70469
0.69823
0.88512
0.77625
0.74131
0.76208
0.74302
0.72277
0.76913
0.7379
0.87498
0.72277
0.86099
0.69183
0.66681
0.79616
0.74645
0.74817
0.8414
1.1967
1.4928
0.88105
0.75858
0.78343
0.77446
0.80353
0.87902
0.76033
0.75683
0.81846
0.94624
0.91411
1.2078
0.77804
1.094
0.93111
0.93972
0.97724
1.3305
1.4028
1.6672
1.0495
1.3932
0.80168
0.89743
0.72111
0.88716
0.79799
0.8531
0.72611
0.68865
0.70469
0.73961
0.65917
0.67608
0.70795
0.70958
0.69502
0.74989
0.84723
0.81283
0.96605
0.73961
0.83946
0.80724
0.81846
0.74302
0.88716
0.72946
0.8414
1.1041
1.1588
0.93325
0.7709
0.73114
0.79068
0.74817
0.75509
0.77983
0.75336
0.78705
0.97949
0.74645
0.86099
2.2336
0.70795
0.76033
1.1912
0.78163
1.5346
0.79799
0.93541
0.90573
0.8147
0.76208
1.0186
1.0162
1.2474
1.0162
1.2078
1.1482
1.052
1.1117
0.69343
0.69502
0.70469
0.73621
0.77625
0.72946
1.3868
0.74131
0.89331
0.80353
0.97275
0.8414
1.052
0.74645
0.77446
0.76913
0.67608
0.69343
0.78163
0.81283
0.75858
0.77625
0.7656
0.69663
0.72444
0.7379
0.74302
0.7145
0.73961
0.78163
0.72946
0.72946
0.71285
0.70307
0.70307
0.71614
0.71945
0.73282
0.7379
0.77804
0.72444
0.76736
1.3459
0.87498
0.79433
0.84528
0.76736
0.77268
0.86099
0.81658
0.79799
0.85114
0.73114
0.94189
0.81283
0.74131
0.84918
0.8091
0.78524
0.80538
0.83368
0.877
0.74131
0.76033
0.79068
0.70958
0.87498
0.7925
0.83176
0.80724
0.7656
0.80168
0.76208
0.7709
0.79616
0.7656
0.72277
0.79983
0.76384
0.74989
0.93541
0.75162
0.70307
0.8531
0.85901
0.86099
0.81846
0.85507
4.0272
0.87297
0.72611
0.86896
0.8414
0.7925
0.77446
0.87498
0.79068
0.81658
0.88716
0.78705
0.82604
0.99083
0.94189
0.76033
1.2274
0.90991
0.86099
0.81846
0.88308
0.7656
0.75336
0.89743
0.90573
0.87902
0.8414
0.89331
0.81658
0.96828
0.74989
0.76208
0.82224
1.1482
0.92257
0.79068
0.8356
1.0914
0.93325
0.81846
0.8995
0.77446
0.91201
0.82035
0.83753
0.83176
0.91411
0.93972
1.0139
0.80538
0.76384
0.95499
0.82794
0.76736
0.7656
0.89536
0.82035
2.4717
1.5311
0.80168
2.1528
0.70958
0.71121
0.75162
0.73451
0.82794
0.7709
0.79433
0.76384
0.74645
0.82985
0.74302
0.84723
0.7145
0.82224
1.1508
0.88308
0.92683
0.84528
5.6105
0.77268
0.99312
0.94624
0.98175
0.82794
0.88105
0.90365
0.7709
0.83753
0.72277
0.86896
0.7656
0.75683
0.76033
0.7379
0.7145
0.75858
0.78886
0.94842
0.80353
0.81846
0.90782
0.90157
0.82604
0.76208
0.81846
0.79983
0.78886
0.81846
0.86696
0.93111
0.88105
0.92257
0.78886
0.93325
0.82794
0.78163
0.71614
0.71121
0.75336
2.2284
0.77804
0.74131
0.7379
0.69183
0.83176
0.74645
0.90157
0.80724
0.96605
0.87297
0.82985
0.74817
0.97051
0.8531
0.83368
0.85901
0.86896
0.8892
0.93111
1.7989
0.80724
0.78343
0.93756
0.79068
1.0544
0.96383
0.92683
0.93325
0.82414
0.83946
0.87498
0.87902
0.93972
0.88512
1.0046
0.90365
0.96828
1.0093
1.1668
1.0544
0.9247
0.90365
0.98401
0.72778
0.8995
0.85704
0.86497
0.82224
0.81658
0.89743
0.82035
0.86896
0.86896
1.0765
0.74645
0.96161
0.86696
0.79433
0.93111
0.877
3.3113
1.9011
0.72946
0.72946
0.7145
0.74817
0.77983
0.79433
0.71945
0.70632
0.73282
0.7709
0.71779
0.75683
0.85901
0.77625
0.8414
0.83753
0.73282
1.7783
1.5488
1.0447
1.6558
0.84333
0.78886
0.99083
1.8113
1.1803
0.89125
0.7379
0.84333
0.83176
0.80168
0.74817
0.8147
0.82224
0.8531
0.76913
0.74131
0.73621
0.83368
0.80168
0.80353
0.78163
0.73282
0.74473
0.78343
0.74302
0.7925
0.77268
0.69502
0.80724
0.72111
0.78705
0.77983
0.72444
0.78886
0.78524
0.72778
0.72111
0.74131
0.78343
0.80168
0.71121
0.74302
0.8091
2.4434
1.1508
0.83946
0.91201
0.79616
0.77983
0.877
0.78524
1.0864
0.91411
1.5596
0.9506
0.86099
0.85901
0.8147
0.96828
0.73451
0.74989
0.77625
0.71779
0.72778
0.70632
0.77983
0.77446
0.82035
0.72946
0.7925
0.84918
0.70469
0.74131
0.80353
0.74302
0.75162
0.7709
0.77983
0.76384
0.75336
0.74989
0.74473
0.8147
0.84333
0.78886
1.7579
0.80353
0.82985
0.79616
0.91201
0.7925
0.88105
0.85114
0.75509
0.8414
0.8091
0.75162
0.96828
0.76033
0.78886
0.80353
0.83368
0.80353
0.74473
0.8414
0.74645
0.78163
0.81846
1.0304
0.98401
0.7656
0.77268
0.75336
0.87902
0.77983
0.70958
0.78705
0.78343
0.76913
0.8147
0.80538
0.81846
0.74817
0.72111
0.72277
0.70307
0.68865
0.74302
0.77446
0.76913
0.70307
0.67143
0.75858
0.68865
0.7379
0.79799
0.70795
0.96161
0.7709
0.95499
0.86497
0.75858
0.72111
0.76736
0.70958
0.72946
0.72611
0.78163
0.7709
0.82604
0.79616
0.8356
0.67298
1.194
0.9247
0.72611
0.79616
0.7925
0.69823
0.77268
0.76384
0.78705
0.7709
0.73961
0.79068
0.93756
0.92683
0.82604
0.80353
0.73621
0.73621
1.1402
1.205
0.98628
1.1429
0.90991
1.074
0.86298
1.0839
1.3521
1.3804
1.1482
1.1722
1.5417
0.96161
1.0162
0.69663
0.7145
0.68549
0.75858
1.1749
0.81283
1.1885
1.0162
0.82035
0.8147
0.69502
0.90365
0.71285
0.75162
0.71945
0.79433
1.2942
2.5527
0.91201
1.7061
0.71779
0.70632
0.67764
0.67764
0.66834
1.2794
0.93972
0.8091
0.71779
0.7709
0.69343
0.6792
0.74131
0.78343
0.75858
0.8892
0.78524
0.74645
0.70469
0.74131
0.74302
0.72277
0.74473
0.75162
0.7656
1.3804
0.92897
0.84528
0.75336
0.92045
0.78163
0.75336
0.71285
0.74302
0.78163
1.1995
0.93325
0.77804
0.70795
0.68234
0.69502
0.66834
0.72778
0.7925
0.70146
1.3335
1.0839
0.8414
0.82224
1.3772
0.97051
1.0139
0.97724
0.72946
0.8892
0.69183
1.135
1.0495
0.89331
0.81658
0.88308
0.74302
0.74817
0.77446
0.74817
0.79068
0.66527
0.73114
1.4454
0.86696
0.85114
0.8892
0.85901
1.1455
1.2794
1.1092
0.87902
1.0399
1.2882
1.6558
1.8793
1.2942
1.6943
0.81096
0.91201
0.95499
0.74989
0.75509
0.76736
0.71945
0.72778
0.68549
0.73282
0.72111
0.72946
0.72946
0.69823
0.76736
0.72611
1.6982
0.85114
0.85507
0.8531
0.75336
0.92683
0.70469
0.7145
0.78705
0.68549
0.72778
0.71945
0.69502
0.73621
0.69183
0.75336
0.7709
1.2706
0.86298
0.83753
0.76208
0.79433
0.70795
0.70795
0.72277
0.67608
0.70795
0.69663
0.74302
0.68549
0.72444
0.79799
0.75858
0.67298
1.3709
0.7656
0.73282
0.72111
0.69823
0.76913
0.80724
0.75683
0.7145
0.75858
0.68707
0.8091
0.78343
0.76384
0.88105
0.81283
1.1066
1.4997
1.8836
0.75683
0.72111
0.80168
0.80353
0.76208
0.82224
0.71945
0.87498
0.81096
1.0889
0.68391
0.7709
0.69024
0.69024
0.69343
0.74645
0.72444
0.78524
0.71945
0.73621
1.8535
1.2359
0.97499
0.90991
0.8356
0.99083
0.83176
0.87297
0.86696
0.83753
0.81096
0.80353
0.78343
0.92257
0.84918
0.83176
0.94842
0.72778
0.82414
0.82985
0.87297
0.74645
0.81658
0.78886
0.75509
0.82414
0.77446
0.74473
1.0162
0.82414
1.0889
1.0375
0.7656
0.89331
0.72611
0.76033
0.89536
0.8091
0.73114
0.75162
0.81658
0.90782
0.86099
0.74645
0.74645
0.75162
0.78524
0.74645
0.82224
0.99312
0.80353
0.82224
0.76384
0.83946
0.75858
1.2331
0.89331
0.82794
0.72778
0.91201
0.93325
0.877
0.77625
0.86497
0.8414
0.79799
0.77625
0.87096
0.78886
0.86896
0.84333
1.3459
0.75162
2.8708
0.73282
0.79068
0.877
1.0839
0.93756
0.84723
0.7925
0.78163
0.78886
0.78343
0.74989
0.8147
0.88512
0.79983
0.69984
0.8091
0.86298
0.86497
0.77446
0.73451
0.79433
1.0351
0.99541
0.76033
0.86696
0.84918
1.2246
0.76384
0.83946
0.73961
0.82794
1.1535
1.0069
0.8147
2.0464
4.4157
1.6982
0.89536
0.79983
0.91622
1.0304
0.83946
0.86696
0.877
0.86696
0.8356
0.72444
0.88716
0.77804
1.2706
0.8995
0.94842
3.8107
10.116
7.2946
7.145
1.0593
0.90991
3.342
7.9799
8.0168
1.1885
1.6788
0.84723
0.76736
3.4198
0.80724
0.99312
0.85507
0.98855
3.5237
0.85901
0.87096
1.4997
0.70632
0.83176
0.76913
0.78705
0.76384
0.71121
0.76033
0.7925
0.80353
0.92683
0.74302
0.80168
5.2119
6.7143
9.1411
8.1283
11.641
0.98628
1.4962
0.97499
0.7656
2.5527
4.5709
1.374
0.98628
0.77446
10.666
9.4406
0.7925
0.72611
0.84528
0.90991
0.99083
2.1677
0.76208
0.74302
0.68077
7.0632
9.6383
4.1115
1.0257
0.81658
0.77446
0.96605
1.6069
0.77268
0.82035
0.70795
0.7379
0.76384
0.74817
0.8414
6.9663
12.942
0.9528
0.85114
0.80168
1.1614
0.85704
0.79983
0.8356
0.70307
0.92683
0.99083
0.73451
0.76208
0.85704
0.77446
1.0889
0.96161
1.0116
0.77804
0.84918
0.9594
0.68234
0.71121
0.79068
0.94406
0.84528
0.81096
0.82604
0.73282
0.79433
0.98628
0.72111
0.79616
2.6002
1.0691
1.1092
0.79799
0.92897
0.89743
0.74302
0.87498
0.87902
0.78163
2.0045
0.88308
0.77804
1.7989
0.79616
0.85507
1.052
0.70795
0.78524
0.83368
0.81846
0.74645
1.4421
0.8531
0.8091
0.97499
0.72778
1.0186
0.8147
0.78705
0.86497
0.73114
0.77446
0.79799
0.74817
0.77804
1.0914
0.93541
0.83176
0.71614
0.79433
0.79433
0.79068
0.72111
0.78705
0.80724
0.75509
0.68865
0.78705
0.81283
0.74131
1.8197
0.75336
0.69984
0.76208
0.83176
0.81658
0.80168
0.78343
0.72778
0.76913
0.8892
0.77625
1.052
1.1246
2.3878
0.72444
0.68391
1.1324
0.76033
0.82035
0.72111
0.74302
0.75683
0.78163
0.76033
1.2972
0.89125
0.74645
0.86497
0.88105
0.80168
0.76736
0.75683
1.4388
0.91833
0.83946
1.3274
1.0814
1.5668
0.68234
1.0864
0.71614
0.75336
0.74645
0.74817
0.71285
0.79068
0.73961
0.79616
0.7656
0.82794
0.76384
0.78524
0.77983
0.84528
0.71945
0.80538
0.79616
0.77446
0.70632
0.877
0.69183
0.8091
0.77625
0.7379
0.82035
0.98401
0.77268
0.82794
0.8892
1.1246
0.87096
0.86298
0.75336
1.4223
0.83368
0.75683
1.1482
0.82794
0.68391
0.69984
0.73961
0.87902
0.76736
1.0093
0.99083
0.79616
0.95719
0.93111
0.79799
0.87297
0.83176
1.1995
1.2764
0.79799
0.76384
1.1508
0.83176
1.1429
4.8084
1.714
0.72778
0.71285
0.69343
0.72111
0.7709
0.71614
0.76736
1.6069
0.85704
0.69502
1.074
2.2029
0.83946
0.96161
0.91622
0.98175
0.97949
0.77625
0.79616
0.8414
0.78886
0.78524
0.86099
0.92045
0.7709
0.77625
0.67143
0.75336
0.76033
1.0351
0.88308
0.77983
0.75509
0.83946
0.79068
0.84528
0.7379
0.77983
0.86099
1.0914
0.87498
0.76208
0.68865
0.85507
0.68077
0.74131
0.78524
0.77446
0.72277
0.72946
0.67298
0.69502
0.69183
0.7379
0.69343
0.69024
0.76208
0.68865
1.1722
1.0568
1.0162
0.81658
0.86298
1.135
0.77804
0.71779
0.78524
0.8531
0.85507
1.3996
0.86896
0.81658
0.78705
0.78163
0.78343
2.4547
0.93972
0.90157
0.75162
0.76384
0.94189
0.8892
0.82794
0.84918
0.97949
0.93972
0.83176
0.81846
0.90782
0.99541
1.0304
0.93756
0.91622
1.1324
0.80353
0.72946
0.75858
0.87096
0.76736
0.78163
1.194
0.75683
0.77268
0.78886
0.91411
0.90365
0.83176
0.76033
0.72111
0.83176
0.7379
0.78886
0.69183
0.77446
0.80168
0.7709
0.79616
0.74131
0.69343
0.75162
0.83176
0.80538
1.3335
1.0691
1.135
1.4588
1.0864
0.84333
1.875
1.6482
0.96605
1.0162
0.68549
0.74989
1.3709
0.72611
0.74989
0.7709
0.72946
0.72444
0.74817
0.77804
0.79616
0.79068
0.79068
0.7379
0.73961
0.72111
0.73961
0.70795
0.76913
0.70795
0.70469
0.7709
0.7709
0.80353
0.79983
1.074
0.83368
0.7656
0.91833
0.77446
1.0641
0.91622
0.7379
0.78343
1.0209
0.91622
0.79616
0.88512
0.80353
0.88716
0.76033
0.76913
0.73282
0.79433
0.72611
0.69502
0.73114
0.8356
0.74473
0.73621
0.75336
0.74473
0.74473
0.79799
0.75683
0.79799
0.72778
0.82794
0.79433
3.2137
1.0328
0.7379
0.83368
0.81658
0.88308
2.4266
0.73451
0.73961
0.82224
1.0789
0.75336
0.78886
0.79433
0.93541
0.86099
0.78886
0.86696
0.76208
0.93325
0.92897
0.84333
2.0845
1.4191
0.67608
1.0447
0.82794
0.79433
0.7379
0.81096
0.71945
0.8531
1.5241
0.75858
0.71121
0.73114
0.75509
0.97949
0.8414
0.73282
0.72611
0.86696
0.83753
0.8414
0.79068
1.0328
0.84918
0.77983
0.83368
0.74645
1.1749
0.79983
0.78524
0.8531
0.77625
0.76208
0.79616
0.79616
0.82604
0.78524
0.81283
0.80353
0.97499
0.77446
0.77446
0.94406
0.75336
0.87902
0.94189
0.75509
0.78886
0.72111
0.73621
0.75336
0.67453
0.98401
0.7379
0.84333
0.8531
0.78163
0.82604
0.92045
0.9977
0.83753
0.88716
0.8091
1.2503
1.5524
0.69823
0.76208
0.7145
0.75509
0.79799
0.7379
0.86497
0.79616
0.80353
0.69823
0.77983
0.75509
0.75858
1.1015
1.3032
0.90365
0.77983
0.75509
0.82985
0.87902
0.83176
1.1482
1.1668
1.0691
1.4028
0.82985
1.0233
0.87902
0.94189
0.86896
0.9977
0.99312
1.2359
1.0617
1.1995
1.074
0.95719
1.0375
1.0046
0.79068
1.0116
0.74302
0.79068
1.0351
0.8091
0.88716
0.71121
1.1967
0.79799
1.1535
0.75336
0.93756
0.8531
1.3305
0.97051
0.89743
0.82794
1.0093
0.95499
0.81658
1.1376
4.6774
0.75162
0.7379
1.4158
0.90991
1.0447
1
0.78886
1.0069
0.90782
0.79068
1.0116
1.1092
0.77446
0.74473
0.79433
1.4588
2.4717
0.74989
0.8356
0.8091
0.9528
0.9247
1.1995
9.9312
6.3241
8.2035
12.972
12.56
6.9663
0.74473
0.72611
0.71779
0.79433
0.74131
0.8414
0.87498
0.9594
0.78163
0.96383
1.0139
0.83176
1.1194
1.0209
1.3032
1.0544
0.92897
0.88512
0.93756
1.094
0.90157
0.90991
1.7418
1.5276
1.8621
0.93972
0.79433
0.877
1.5417
1.0093
0.90782
0.8414
0.8995
0.93111
0.91622
1.2359
9.2045
8.0168
1.2735
0.8892
0.80724
3.0269
1.205
0.74473
0.8892
0.86696
0.84333
0.80168
0.84333
0.97949
0.77804
0.7925
2.3605
4.4463
1.0139
0.94406
0.8995
0.7145
1.5668
0.9528
0.79616
2.4831
1.2162
0.84333
0.8531
0.95499
0.74302
1.0765
0.89331
1.0209
0.82794
0.83176
2.0893
0.9977
0.79983
0.89743
0.86099
0.93756
1.0257
0.8091
0.87096
0.8892
0.92045
0.84918
0.81846
0.87096
0.93541
0.87902
1.0471
0.84333
0.79616
0.81096
0.87498
0.86896
0.79799
0.88308
0.8892
0.89743
0.81658
0.72444
2.5235
5.9566
4.3853
14.125
14.962
0.98628
0.877
0.9506
0.81283
0.75162
0.82035
0.8531
0.83753
0.78163
0.88716
0.75858
0.80538
0.97499
1.0423
0.81846
0.81658
0.77983
0.8147
0.91833
3.5237
1.1117
0.70958
0.90782
0.73621
0.93111
0.72946
0.72946
1.3305
0.76736
0.8147
0.8414
0.79068
0.77446
0.76913
0.8531
0.74302
0.81096
0.73451
0.80538
0.78163
0.86298
1.2134
0.92897
0.83946
0.96605
0.84333
0.77446
0.73282
0.95719
3.9355
0.73114
0.8531
0.8091
0.82224
0.91833
0.68391
0.72444
0.92897
0.77983
0.76208
0.71614
0.81096
0.82604
0.88105
1.9634
0.73282
0.89743
0.75162
1.3804
0.83176
0.86099
0.73451
0.86896
5.5208
7.3961
1.2303
0.80724
3.1333
1.0209
1.1324
0.78524
0.89331
1.2218
0.7925
0.92683
1.2303
0.97949
0.89536
0.85114
0.8892
1.0691
1.3428
1.2882
1.0186
1.1967
0.72778
0.78524
0.86099
0.87096
0.79616
3.2584
0.74131
0.9977
0.89743
0.96383
0.86099
1.0423
0.98401
0.85114
0.91833
0.79616
0.79068
1.0965
0.90573
1.1749
0.8414
1.0046
1.1246
0.91411
0.93972
0.72444
1.3836
1.8197
1.205
0.79068
0.85901
0.94189
1.1695
0.98175
1.0093
0.90782
0.8892
0.82035
0.86696
0.81283
1.0093
0.73451
0.8147
0.90782
1.0257
0.75509
4.2658
6.2951
11.272
0.74817
0.94624
1.2474
2.6242
0.86099
0.84918
2.8379
0.74817
0.82985
0.80538
0.78343
0.74131
3.2509
5.821
0.74131
0.76736
3.4435
0.85704
0.85704
0.82985
0.94406
0.72277
0.90157
0.75162
1.2823
0.98175
1.194
1.3397
0.76033
2.9512
5.0119
0.877
0.79799
3.1261
14.125
0.81846
0.93111
8.147
9.0157
4.9545
5.224
1.0257
0.70307
0.83946
0.82985
0.76033
0.9506
2.4044
0.98401
1.1194
0.78705
5.6105
1.556
0.86896
0.7656
0.81096
0.84333
0.9528
4.7643
0.82604
1.2503
0.82985
0.86497
2.5942
0.78524
1.1117
1.1066
1.1066
0.82224
0.84333
0.88308
0.88512
0.91622
0.98628
2.541
0.79616
0.78705
0.72778
0.9594
0.7925
0.91622
1
0.78705
2.1232
0.78705
2.7102
4.7315
11.246
16.788
15.417
7.8705
9.7051
0.99312
0.87096
0.87096
1.194
1.1722
0.84723
0.83753
0.82414
0.88105
0.77983
0.8414
4.5186
0.86696
0.89536
0.93756
0.8147
0.76384
0.88512
0.91833
0.87297
0.93325
0.84918
0.82035
0.98175
0.82414
0.74989
0.76913
0.9247
0.74302
1.0304
0.86497
0.88105
0.86099
0.99312
1.0023
1.0568
0.86696
0.98628
0.9594
0.8356
1.1508
0.96605
0.98628
1.1885
0.83946
1.0186
0.87498
0.92897
0.74645
0.8892
0.8356
0.8892
0.89125
0.96605
0.90573
0.88716
0.8356
0.78163
0.73282
0.80168
1.3583
1.4859
1.4322
1.7824
2.0606
3.6898
0.74473
0.74645
0.97275
0.8414
1.1117
1.7298
1.2246
0.76208
1.1092
0.82224
0.8414
0.90991
3.1477
0.94406
1.1995
1.0351
0.8147
0.80538
1.1482
0.82035
0.79068
0.72778
0.9528
1.0617
0.77625
0.92257
0.93325
0.82794
2.6485
4.3053
1.2589
0.86298
0.94189
1.6406
0.7709
0.73114
0.73451
0.69183
0.77804
0.83176
0.88308
0.75336
1.0209
0.90573
0.8531
0.96161
1.1015
1.052
0.91622
0.93111
0.82985
1.0666
0.79068
1.0257
1.3305
1.4757
1.1169
1.2531
0.97051
0.94842
0.99312
0.8892
1.1092
0.97051
0.97949
0.9528
1.4488
0.82035
1.4322
0.69823
0.69024
0.7656
0.80168
0.78343
0.70795
0.76913
0.84918
0.7145
0.8091
0.7925
0.77804
0.82604
0.78524
0.76208
0.76033
0.78886
0.84528
0.70146
0.82604
0.79068
0.72778
0.78343
0.68707
0.69663
0.98175
1.6482
1.0666
1.0328
4.2267
0.93325
0.71121
0.69343
0.80168
0.84723
0.88308
0.98855
0.76033
0.82794
0.90365
1.0617
1.0447
0.9594
0.72778
0.7145
0.7709
0.78163
0.69343
0.82035
0.78163
0.80538
0.72946
0.7656
0.8531
0.7145
0.73114
0.7379
0.8414
0.72778
0.75509
1.4622
0.90365
0.877
0.91201
0.81846
0.82224
0.80353
1.0375
0.82794
0.88308
1.7579
0.8531
0.74817
0.70307
0.73961
0.75336
0.79799
0.72277
0.7925
0.80538
0.73451
0.80168
0.74817
0.7709
0.69663
0.75858
0.72444
0.78343
0.78886
0.73114
0.73114
0.78705
0.7379
0.78705
1.2417
0.84918
0.82414
0.877
1.2647
0.95719
1.0544
1.2445
0.79616
0.72778
0.80724
0.79433
0.77625
0.76913
0.7145
0.76736
0.71779
0.80724
0.7656
0.71614
0.71121
0.78343
0.77983
0.74989
0.76208
0.70795
0.73114
0.69183
0.74131
0.74131
0.72111
0.70469
0.70795
0.76208
0.72444
0.74989
0.72111
2.0893
0.77804
0.90991
0.86497
0.91833
0.99083
1.0116
1.1041
0.9594
0.99541
0.94406
0.96383
0.92683
0.78343
0.77983
0.70146
1.0544
2.421
0.93972
0.74131
0.67143
0.74989
0.88716
0.81846
0.74131
0.73114
0.7145
0.68234
0.65917
1.4223
0.8892
0.72778
0.72277
0.73282
0.7145
0.72611
0.74645
0.7145
0.69343
0.74473
0.66069
0.72111
0.70307
0.75683
0.76736
0.77983
0.71614
0.72444
0.68865
0.72444
0.72111
0.77268
0.76384
0.69663
0.7709
0.73282
0.71285
0.75858
0.73114
0.74989
0.69024
0.69984
0.68077
0.76384
0.69823
1.6218
0.93325
0.85507
0.76208
0.72778
0.67764
0.70469
0.8356
0.8531
0.82794
0.83753
0.84333
0.82035
0.81283
0.88105
0.72444
0.75162
0.80538
0.74473
0.74473
0.88512
1.9143
0.84918
2.1232
4.6132
0.70146
0.73282
0.70307
0.70146
0.78343
0.72946
0.67764
0.71614
0.65163
0.67608
0.70795
0.75336
0.71285
0.69183
0.74817
0.82035
0.72111
0.66988
0.7145
0.73282
0.70307
1.6032
1.2882
0.90365
1.2942
0.77983
1.099
0.74473
0.9977
0.69343
0.77446
0.70469
0.70469
0.70146
0.66374
1.406
0.7709
1.2503
0.80353
0.8356
0.79983
0.98401
1.3677
0.84918
1.3305
1.1668
1.0965
1.1776
1.205
1.0544
1.3459
1.6672
0.75858
0.77268
0.72444
0.71121
0.74473
0.73961
0.67298
0.72111
0.7925
0.66681
0.7709
0.68234
0.72444
0.68234
0.97949
0.71285
0.81658
0.70632
0.66069
0.66988
0.73961
0.69663
0.75858
0.66527
0.71121
0.75162
0.71779
0.70958
0.66222
1.1588
1.0046
0.68549
0.86497
0.81658
0.75336
0.69823
0.70469
0.70958
0.73451
0.73621
0.69663
0.68707
0.74817
0.74645
0.69663
0.7379
0.72277
0.69663
0.69024
0.69663
0.69343
0.70632
0.73282
0.75683
0.68549
0.73114
0.73621
0.75683
0.78886
0.69183
0.69984
0.74817
0.72778
0.73114
0.72444
0.73282
0.69823
0.7379
0.70307
0.72277
0.71285
0.74131
0.68077
0.71779
0.69502
0.87297
0.8356
0.74131
0.74131
0.83946
0.8356
0.78343
1.977
5.9704
0.7925
0.69024
0.70146
0.76208
0.76913
0.75336
0.69343
0.76208
0.74989
0.75162
0.78886
0.73451
0.86298
0.74302
0.81846
0.7709
0.77268
0.78163
0.72277
0.72277
0.68549
0.76208
0.74473
0.73114
0.70795
0.74817
0.82224
0.75858
0.82414
0.75509
0.70795
0.69984
0.73961
0.86497
0.76736
0.7379
0.72611
0.73282
0.7656
0.70469
0.78163
0.76033
0.79616
0.68391
0.69984
0.83946
0.72946
0.97275
0.77804
0.86497
0.7145
0.81846
0.72444
0.70469
0.82794
0.92897
0.71945
0.8531
0.68549
0.70146
0.72611
1.0765
0.81283
0.79983
1.1092
0.85507
1.1535
0.8414
0.84918
0.78524
1.1455
0.98855
0.8892
1.0666
0.83753
1.4388
0.69024
0.72778
0.69183
0.76033
0.69183
1.2706
0.89536
0.89743
0.71779
0.82414
0.7709
0.91622
1.8072
2.2182
0.98401
0.68865
0.76208
2.2131
0.79433
0.88308
0.93325
0.81096
0.90157
2.7669
0.80353
0.87096
0.88716
0.89125
0.8995
0.78886
2.6242
5.781
6.5163
14.158
6.8707
1.052
0.96383
0.87096
1.0233
5.3456
4.7534
1.4928
0.78705
0.75509
0.97949
0.75683
0.72277
1.0423
0.8995
0.88308
0.8531
1.0399
1.0666
1.1272
0.79799
0.84333
1.0351
0.69663
0.69343
1.1066
0.77625
0.7709
0.75509
0.81096
0.84723
0.78163
0.83753
0.82985
0.82224
0.77446
1.052
0.77804
0.74473
1.0495
0.7925
0.78886
0.68549
0.78705
0.75509
0.88105
0.92897
4.0832
2.3768
0.69024
0.72946
0.72444
0.69502
0.7925
0.73621
0.75858
0.79983
0.80353
0.79068
0.7145
0.75509
0.7709
0.76033
1.2706
0.75858
0.84918
0.69823
0.76033
0.73621
0.8531
0.75509
0.82604
0.73961
0.74645
0.74473
0.81283
3.1989
5.4954
1.0046
0.69183
0.77268
0.79983
0.83176
0.7925
0.73961
0.93756
0.75858
0.71121
0.74473
1.2706
0.69183
0.7379
1.1668
0.92045
0.93756
0.80538
0.79616
0.76913
3.6813
0.80168
0.69183
1.0423
0.76736
0.81658
0.80168
4.0087
0.75509
0.80168
0.72778
0.91201
1.0093
0.84333
2.3768
0.80538
0.74473
0.71614
0.71779
1.1995
0.91201
0.79616
0.69823
1.0304
1.1803
0.78886
0.82794
3.4277
0.8091
0.70469
0.77625
0.71614
0.74989
0.69823
1.4555
1.6788
0.81283
0.7709
2.2182
1.3366
1.0641
0.86896
3.8726
5.6494
7.4131
8.8105
7.5336
9.6828
9.8855
3.7497
0.72111
0.80168
1.71
0.80353
6.0534
0.74131
0.93972
1.1858
1.2303
0.78886
2.8379
1.0864
0.92683
4.9431
10.593
9.9083
11.402
0.80724
13.552
10.94
11.722
12.246
10.186
10.568
9.1833
1.1117
7.1945
5.1286
0.73282
1.1402
0.91622
0.9506
7.2444
8.3368
10.715
12.794
8.2414
7.7625
16.406
9.4842
6.7298
7.925
8.0724
10.691
1.0789
0.77625
6.5615
0.82035
1.2735
3.5075
0.72111
0.85114
4.6452
6.792
0.90157
3.4356
0.76384
5.3703
6.3241
0.76208
9.9312
10.186
11.298
4.4463
8.4918
7.2946
0.74817
4.7973
1.1169
1.0209
0.84918
0.83753
3.2509
6.9823
9.2683
11.912
5.9566
6.3533
5.3211
6.9823
1.1117
1.2162
1.183
1.1535
0.8531
0.84333
8.3753
4.4463
0.99083
5.7016
0.78705
0.82604
6.3096
5.781
2.6977
5.5719
2.9376
0.69183
0.71285
8.0168
4.6452
1.052
2.884
1.2706
1.2023
1.4555
4.3152
1.1912
0.77983
0.77625
0.79068
0.7709
0.73114
0.75336
0.68549
0.82985
2.6485
5.3703
7.8524
4.2756
0.8531
4.7863
0.92045
1.1641
5.8076
0.82604
0.8147
1.2503
6.1094
8.3753
8.414
7.6208
10.447
5.0699
5.6105
6.7764
4.0738
0.90991
0.86497
1.028
1.0889
1.3646
1.3583
1.4289
4.0926
14.757
6.0814
0.9506
1.0093
0.85114
0.70632
0.70795
0.76208
2.3442
0.8531
0.85901
0.79983
4.6238
1.0666
0.80724
0.76913
0.74989
0.93111
5.6364
1.9679
1.6406
0.99083
1.2474
1.2445
0.9594
4.2073
0.8531
0.79983
0.97275
0.85704
0.77983
0.74473
0.74302
0.88308
0.7709
0.87498
0.82794
0.78163
0.79616
0.73451
0.8995
2.0701
0.92045
0.91833
0.8995
0.9506
0.91622
1.0046
0.88716
1.1429
0.8091
0.93541
3.1769
6.7298
5.3456
0.96383
3.069
7.2444
1.2078
0.99312
0.78705
0.81283
1.205
0.9247
3.1696
1.888
0.88308
0.76033
1.0233
1.0495
1.0568
1.1668
0.87498
0.98628
0.93111
1.888
1.0471
0.82224
0.80353
0.8356
0.72778
0.85114
2.9512
2.0559
0.68549
1.2647
2.2182
1.2106
0.72277
0.68077
0.77446
5.6234
7.9983
6.5766
5.3333
5.4954
6.4565
7.379
6.3241
6.3096
3.7325
5.2119
5.7544
5.3703
5.781
3.7757
8.1283
1.074
0.93972
5.1642
10.28
6.4863
5.7412
1.3772
0.75336
1.0186
0.86099
3.9264
0.84528
0.91201
0.86298
1.0666
2.5235
6.9183
0.81283
4.3954
7.4817
6.2373
1.3459
1.0715
0.92897
2.8054
6.3096
6.1802
0.93325
0.82224
0.7709
5.0119
6.5464
2.1827
5.6494
1.4825
0.79433
4.3954
5.42
0.84528
0.77625
0.81658
0.90782
1.0544
5.0003
0.8356
7.8524
4.4771
6.1376
7.0958
6.6069
0.79068
4.7315
5.2723
2.851
1.0023
4.6666
9.0573
0.76913
8.0724
0.75336
4.4875
0.97724
0.9247
0.74131
7.2611
7.145
14.962
8.7902
6.2806
10.52
1.4791
1.0304
1.3964
0.83753
0.8892
0.82985
5.781
6.3826
0.7925
0.78163
3.2509
8.147
0.9528
1.2764
3.2063
0.81283
0.82604
0.84723
0.86696
0.81096
0.86497
0.90573
5.7148
6.5917
2.4155
1.028
0.73282
1.2417
5.7016
1.3213
3.3729
1.3868
0.79799
0.79068
0.80724
3.4914
7.656
0.84333
0.81658
0.89125
1.0789
0.88716
0.87902
0.83946
0.87096
0.88105
0.90365
0.85507
0.82604
0.94842
1.5488
4.5814
6.1094
4.7098
4.5186
1.4488
3.5156
0.82794
3.6898
0.85901
1.052
0.78343
3.1117
0.81658
0.84723
0.71779
0.81096
0.7925
0.95719
0.93972
0.79799
0.72778
0.72444
0.94842
0.83368
0.78343
6.1376
0.8414
0.84723
0.78163
0.88105
0.78343
0.80538
0.77446
0.78524
0.79983
0.79799
1.1298
0.86896
1.1376
0.9528
0.94189
1.028
1.0233
1.0666
1.0233
1.6293
0.8091
0.95499
1.7378
0.91201
1
1.0116
1.194
0.92045
1.0375
1.0375
1.1169
5.3703
1.1995
0.89536
0.87096
0.80724
1.2359
0.78886
0.8147
0.98175
1.1858
1.1482
1.0046
0.93111
1.1041
0.93111
1.0375
1.0593
1.0186
0.81096
1.0328
1.0814
0.92897
6.5615
7.8705
0.9594
1.256
1.2531
0.8414
0.98401
0.80724
5.2119
1.0715
1.0116
1.5885
1.0471
1.1588
0.67453
0.72946
0.76208
0.79616
0.8147
0.76384
0.78163
0.69663
0.72778
0.8995
0.71945
0.75162
0.77804
0.79433
0.86696
0.7656
3.5075
4.2855
0.94624
0.88512
0.76033
0.80353
0.87498
1.406
1.4223
1.8197
6.7453
4.7643
7.3282
10.139
11.912
10.914
13.243
13.74
9.247
13.804
12.912
9.8175
8.9331
6.0117
7.4645
1.349
15.453
12.303
0.81658
12.706
13.709
5.5847
3.8815
7.8524
1.9099
9.0157
0.78705
1.0093
0.98855
12.706
12.972
0.74817
0.85507
0.91201
1.1455
2.0654
3.3189
0.84528
6.0534
10.617
11.429
7.5683
10.139
0.94624
0.94842
1.0069
1.0209
14.791
14.622
11.94
12.134
5.7943
11.298
8.3176
9.1833
11.912
1.1749
1.2162
0.91833
1.3032
1
0.98628
1.3183
1.1324
1.2246
1.0889
0.98628
0.98628
2.6546
1.1194
1.0328
0.91201
0.9594
1.2503
1.0423
0.98401
1.1194
1.0593
0.93756
1.0046
3.2285
8.2604
0.89743
1.2417
0.90365
1.2706
0.7925
1.0765
1.1508
1.0839
1.0864
2.4889
1.3305
0.93541
0.877
0.90573
0.7656
0.92257
0.77804
0.89536
0.73451
0.79983
0.84723
0.8091
0.93325
0.8147
0.8147
0.89743
0.96161
5.3951
2.9376
1.3614
6.4714
5.728
10.423
1.219
0.97949
1.094
1.1455
1.0765
1.3366
1.2503
1.1402
1.0593
1.0351
1.1194
1.1967
1.052
1.1066
0.877
1.099
1.1117
1.4191
1.0186
9.0365
19.634
11.668
5.5719
18.45
14.689
14.256
2.0277
1.219
6.1518
1.2764
1.0423
13.646
4.8417
4.0179
17.1
4.3251
1.6069
10.209
1.8493
3.7844
17.783
17.219
17.989
13.964
2.8314
2.1979
1.4355
1.8578
2.3496
1.5311
1.5776
1.8197
2.4099
1.6482
1.8621
