3.3266
7.0469
1.8408
0.82604
1.074
0.90991
1.0023
0.98855
1.6904
2.5235
4.6132
1.135
2.3335
0.93756
1.1066
1.0399
1.39
1.2388
0.89125
2.851
11.83
1.9907
0.92257
2.1827
1.6032
1.3614
14.859
8.9125
3.2359
4.2267
4.4771
16.711
9.0991
12.706
1.1015
2.6977
1.2274
1.1695
1.4388
2.8774
0.86298
3.8994
14.555
18.707
20.845
18.535
20.606
13.583
13.335
14.256
8.9536
1.4521
1.6943
2.0797
1.5101
2.4322
1.8113
0.8892
0.83946
0.77983
0.80538
0.80538
0.8147
1.3614
0.72111
7.6033
9.5499
11.508
3.2434
8.2414
0.85704
1.0765
0.97499
1.0116
1.0715
0.83753
1.3428
0.91201
0.85704
1.0814
1.0351
0.91622
0.86696
0.98855
0.80168
0.87096
2.8973
3.8815
2.9107
2.7227
0.90573
0.74131
0.77804
0.72111
0.74473
0.71614
0.75336
0.7379
0.68865
0.9594
0.91833
0.8091
0.71945
0.79616
0.74989
0.87902
0.79616
0.69663
0.85114
0.74302
0.70469
0.86497
0.82604
1.1803
1.8578
3.6728
0.88105
2.3121
2.3988
1.1803
1.0617
2.6977
2.2233
2.673
2.0989
1.2162
1.0789
1.1508
1.1912
1.0715
1.5668
1.3092
0.84723
0.89536
0.86099
0.93325
0.93541
0.7656
1.5311
0.74645
0.86099
0.79983
0.82794
1.9011
1.8239
0.76033
0.93972
0.74131
0.96605
0.96383
0.92045
0.91411
0.90782
0.94406
1.2589
0.92045
1.4256
2.7102
0.80724
0.75162
0.7925
0.83176
0.91201
0.75162
0.77268
0.88512
0.85704
0.86497
0.88512
0.81658
0.84333
0.68234
0.8356
0.94189
0.80724
1.0023
0.82414
2.6182
2.023
0.84723
1.4894
1.5031
0.79983
0.77446
0.83753
0.88512
0.79616
0.74817
1.6293
1.349
0.86696
0.90365
1.1776
0.97949
1.183
1.7539
1.4894
1.3243
1.4355
1.0471
0.93972
1.3274
1.4028
0.98175
4.7534
3.0903
1.4454
0.82414
0.8147
0.79616
0.82985
0.94842
0.86896
1.1066
1.4997
1.1722
1.9679
0.97949
0.88716
0.92683
0.89125
0.85901
0.76208
0.81846
0.73114
0.77804
1.1194
2.5882
0.74473
1.7338
1.6069
0.93325
0.74302
0.86497
0.8091
0.91833
1.3804
0.85901
0.81096
0.89743
1.4388
0.84723
0.88105
1.0116
0.77446
0.84723
0.76736
0.8147
0.78705
0.96383
1.0447
0.94842
0.93972
0.85114
0.88308
0.82604
0.74817
0.81846
0.82604
0.84528
0.78524
0.79068
3.2659
2.8774
2.0989
2.2542
1.9724
6.8865
2.0184
1.7378
1.0593
0.77446
0.87498
0.88308
1.5241
1.3868
2.2131
2.5823
1.4256
0.94624
1.1912
2.6303
1.2853
0.99083
0.77983
2.7669
2.673
1.4521
0.66069
0.94189
1.4928
1.374
2.1135
7.7983
2.2646
2.6546
2.8907
1.6368
2.0989
4.256
3.1189
2.2803
1.5311
2.6182
0.63241
0.68391
1.8365
2.208
3.2659
7.0469
2.5235
3.3113
1.3305
1.7061
8.9536
1.5704
4.0738
2.3768
1.6255
1.2677
1.349
1.7865
2.4831
1.762
1.5276
2.2439
1.7418
2.0606
1.7783
1.5417
1.9409
1.1376
1.1246
1.2246
0.78343
0.64863
0.65766
1.6482
2.0845
1.5311
1.6558
4.4978
1.9815
1.2445
2.3988
0.8356
0.65615
0.69024
0.69024
0.69024
0.66988
0.74302
0.77446
0.68391
0.75858
0.67143
0.65766
0.65464
0.71614
0.78343
0.68077
0.7379
0.70307
0.7379
0.6792
0.67298
0.69183
0.73451
0.65464
0.71945
0.73961
0.66069
0.70469
0.66374
0.7145
0.75858
0.70307
0.65766
0.70632
0.72277
0.67608
0.68707
0.67608
0.74131
0.67143
0.66988
0.69502
0.70958
0.64714
0.66681
0.68549
0.78886
0.78886
0.64565
0.62661
0.69343
0.80724
0.69024
0.65615
0.66834
0.70958
0.71779
0.65313
0.74645
0.70146
0.6223
0.65766
0.69183
0.68391
0.63241
0.69024
0.62373
0.70958
0.66374
0.63826
0.67298
0.74302
0.74645
0.68549
0.64121
0.7379
0.71121
0.71945
0.67608
0.71779
0.70469
0.68391
0.77983
0.69823
0.68865
0.72277
0.63973
0.65615
0.71614
0.66681
0.67764
0.66527
0.70632
0.68391
0.65917
0.78705
0.72778
0.63973
0.65163
0.73621
0.73282
0.68549
0.63096
0.67143
0.67143
0.73282
0.68707
0.68707
0.62951
0.67143
0.66222
0.65917
0.67143
0.73621
0.69343
0.67143
0.68865
0.65615
0.67453
0.66374
0.68549
0.70307
0.64269
0.74645
0.78524
0.64863
0.70307
0.68549
0.75858
0.68865
0.69984
0.71614
0.73114
0.68707
0.71121
0.66374
0.65013
0.68077
0.66988
0.68234
0.62951
0.63387
0.60954
0.62661
0.61376
0.66069
0.75509
0.71121
0.67764
0.71779
0.73282
0.63533
0.67143
0.73282
0.69502
0.71285
0.68865
0.63826
0.71121
0.69183
0.69502
0.68077
0.71614
0.61376
0.62661
0.64714
0.62806
0.62806
0.59704
0.63826
0.63533
0.62373
0.6223
0.65163
0.70958
1.3002
1.9588
1.2359
0.72111
0.69984
0.66069
0.72444
0.62373
0.64121
0.61944
0.72277
0.77268
0.65917
0.72778
0.70795
0.68707
0.63241
0.64121
0.69823
0.62806
0.70958
0.68077
0.66069
0.66527
0.65766
0.64565
0.65163
0.61802
0.68391
0.68077
1.6406
0.65917
0.62951
0.67143
0.61376
0.59293
0.62517
0.59704
0.62373
0.63387
0.72277
0.66222
0.65766
0.65615
0.65013
0.77804
0.75336
0.63241
0.79616
0.66988
0.68077
0.69984
0.73621
0.69183
0.68077
0.64863
0.66527
0.66069
0.7145
0.67453
0.72444
0.75683
0.63387
0.64269
0.64714
0.73621
0.74473
0.6223
0.62087
0.6368
0.64269
0.62517
0.7709
0.72277
0.65313
0.70795
0.66681
0.73961
0.65766
0.63096
0.59841
0.59979
0.77268
0.70632
0.62661
0.62087
0.64565
0.61518
0.61376
0.75858
0.70632
0.70795
0.73114
0.69502
0.67453
0.63973
0.67608
0.68391
0.71285
0.72778
0.66222
0.71285
0.67143
0.77268
0.7379
0.76033
0.70307
0.71945
0.71614
0.71614
0.65313
0.68234
0.63241
0.70958
0.76736
0.71779
0.66834
0.74302
0.70146
0.71945
0.69502
0.69663
0.72946
0.69024
0.68865
0.65615
0.62087
0.65464
0.66681
0.63826
0.6368
0.61235
0.63387
0.69502
0.69984
0.70632
0.67608
0.61518
0.68549
0.78524
0.70146
0.62806
0.72444
0.74302
0.78886
0.68234
0.67453
0.74131
0.7709
0.64417
0.70307
0.66374
0.61094
0.82035
0.6792
0.63533
0.69343
0.70632
0.68234
0.63973
0.74817
3.54
0.75336
0.66069
0.65917
0.68549
0.69024
0.66527
0.69024
0.66374
0.65766
0.73114
0.70958
0.71614
0.65464
0.73114
0.66374
0.72946
0.71779
0.69024
0.72444
0.67143
0.68391
0.75162
0.70795
0.66988
0.71779
0.68865
0.73114
0.69663
0.70632
0.71779
0.66988
0.74817
0.65917
0.68707
0.68391
0.68549
0.60534
0.76208
0.63241
0.67608
0.65615
0.61802
0.64269
0.65917
1.406
1.1169
0.67298
0.64269
0.65917
0.71285
0.69984
0.65615
0.7145
0.67453
0.64417
0.65013
0.73451
0.71285
0.84918
0.67298
0.63387
0.8356
0.71779
0.7379
0.7709
0.75858
0.65313
0.66988
0.76913
0.7709
0.66834
0.74645
0.70958
0.67298
1.8155
0.69343
0.71285
0.7656
0.69343
0.70469
0.8414
0.82414
0.69183
0.67608
0.68391
0.73961
0.6792
0.65163
0.65766
0.66527
0.8356
0.70469
0.70469
0.63096
0.78343
0.7925
0.79068
0.65766
0.65013
0.64714
0.66988
0.72277
0.6792
0.73621
0.68234
0.69343
0.75683
3.1189
0.74131
0.64417
0.76913
0.71121
0.65013
0.63096
0.78524
0.78705
0.71285
0.7379
0.63387
0.76208
0.88512
0.70146
0.70795
0.65917
0.77983
0.71945
0.63973
0.64565
0.63387
0.62373
0.61376
0.61376
0.64269
0.63387
0.62373
0.63533
0.6368
0.6166
0.62806
0.60954
0.61518
0.61235
0.6223
0.61376
0.66374
0.65615
0.61802
1.5205
0.85114
0.82035
0.73451
0.72111
0.78886
1.1402
0.67608
0.73114
0.74131
0.79616
0.75509
0.61944
0.63826
0.62087
0.61094
0.6368
0.63533
0.63096
0.64121
0.62661
0.66834
0.76384
0.75336
2.673
0.62951
0.79799
0.70795
0.66527
0.6223
3.0409
0.81096
0.69183
1.4454
0.65313
0.69024
0.63241
0.64269
0.62806
0.83946
1.183
0.63096
0.71945
0.71614
0.81283
0.63973
0.73621
0.73282
0.69183
0.66069
0.72611
0.76913
0.64417
0.65917
0.67143
0.68549
0.66069
0.64269
0.62806
0.62806
0.62661
0.64417
0.69984
0.70795
0.61235
0.62661
0.63096
0.61802
0.62661
0.62806
0.63533
0.62517
0.63533
0.6792
0.72277
0.64565
0.63973
0.75509
0.62806
0.61376
0.64863
0.64269
0.63973
0.62806
0.65163
0.63387
0.69663
2.6182
0.80724
0.65163
13.772
0.71779
0.69663
0.72277
0.79616
0.70307
0.77625
0.70146
0.6166
0.75683
0.82224
0.78886
0.63973
0.73114
0.74645
0.64121
0.75683
0.72444
0.71614
0.62951
0.66834
0.65464
0.6792
0.69663
0.68391
0.63826
0.67453
0.70469
0.75336
0.68549
0.73451
0.6223
0.63241
0.60395
0.65013
0.64714
0.62517
0.62661
0.64714
0.6368
0.63533
0.61802
0.62517
0.62087
0.6166
0.59704
0.63387
0.61944
0.62661
0.63096
0.63387
0.60256
0.62951
0.64121
0.64565
0.6166
0.64269
0.65464
0.6368
0.63387
0.61094
0.67143
0.6368
0.60534
0.62373
0.61944
0.64121
0.65313
0.62517
0.60674
0.63241
0.64121
0.65013
0.65615
0.65766
0.69663
0.74645
0.73621
0.78705
1.4223
0.64269
0.64121
0.64269
0.63973
0.61235
0.59566
0.64121
0.62951
0.64417
0.62661
0.63096
0.61235
0.64417
0.72946
2.0512
0.79616
0.86696
2.884
0.62373
0.60534
0.6166
0.60395
0.6223
0.71779
0.61802
0.62087
0.60674
0.61944
0.60117
0.6166
0.61376
1.2078
0.72946
0.63533
0.63241
0.63973
0.62517
0.62806
0.62517
0.61518
0.62661
0.61518
0.63387
0.64863
0.62087
0.61802
0.62951
0.61518
0.62806
0.6166
0.61518
0.60674
0.60395
0.65013
0.62951
0.63826
0.61518
0.6223
0.65013
0.76208
0.80168
0.65163
0.60117
0.61376
0.61518
0.60674
0.65464
0.62373
0.60814
0.65917
0.62373
0.60814
0.62087
0.6368
0.62661
0.61944
0.61944
0.62661
0.63826
0.65917
0.65013
0.63241
0.62087
0.6223
0.61376
0.60954
0.65013
0.61094
0.65313
0.65464
0.63533
0.63387
0.62517
0.61376
0.61376
0.61094
0.61518
0.6166
0.61944
0.63387
0.61235
0.62661
0.60534
0.69663
0.86099
0.6166
0.62087
0.64269
0.63096
0.70307
0.64121
0.62087
0.6223
0.61376
0.63826
0.63826
0.62373
0.61944
0.61518
0.82794
1.6943
1.8072
1.1015
0.61944
0.60814
0.62087
0.62087
0.6223
0.61802
0.60954
0.63096
0.61518
0.61802
0.61944
0.61235
0.64417
0.61518
0.63387
0.61802
0.63096
0.62661
0.60814
0.62661
0.65163
0.63826
0.6368
0.61518
0.65766
0.64269
0.66681
0.62661
0.63533
0.61518
0.59293
0.62517
0.64121
0.62951
0.6223
0.63533
0.60395
0.62951
0.62517
0.6223
0.6223
0.62951
0.64269
0.64121
0.67608
0.64863
0.65163
0.60674
0.62373
0.62087
0.60674
0.62951
0.63973
0.62373
0.63387
0.62517
0.61802
0.6166
0.63387
0.62661
0.61518
0.66374
0.6368
0.62661
0.63973
0.63826
0.63096
0.63241
0.65917
0.63096
0.62951
0.62661
0.70307
0.75858
0.62087
0.60674
0.62373
0.63387
0.6166
0.61802
0.60674
0.61094
0.6368
0.62951
0.63387
0.61235
0.62517
0.63826
0.6368
0.62951
0.6368
0.63096
0.6223
0.60954
0.6223
0.6166
0.61094
0.66681
0.61802
0.64714
0.62087
0.67143
0.62517
0.62661
0.64269
0.62951
0.63241
0.62951
0.62373
0.64269
0.89743
1.3583
2.1184
2.3388
0.61944
0.59841
0.64121
0.63387
0.63826
0.61944
0.61944
0.64269
0.66681
0.86099
1.845
1.8967
0.61376
0.63241
0.65163
0.63533
0.62087
1.0233
1.6406
1.845
0.60395
0.62087
0.60954
0.63241
0.60814
0.63387
0.63533
0.6166
0.60674
0.62661
0.6223
0.62373
0.62951
0.64863
0.6166
0.61944
0.60674
0.63387
0.6368
0.69183
0.63973
0.62661
0.78524
0.65464
0.63533
0.61518
0.90782
1.6032
1.7701
0.63096
0.62661
0.62806
0.61235
0.62661
0.61094
0.60256
0.61235
0.63241
0.60395
0.61518
0.62517
0.62806
0.62806
0.62373
0.61944
0.64121
0.61376
0.60954
0.69984
0.9594
1.4859
1.1803
0.9528
0.87902
0.81846
0.62373
0.60534
0.6166
0.61094
0.64269
0.63241
0.61094
0.64121
0.7379
0.69024
0.83753
0.62517
0.70958
0.68077
0.64417
0.63973
0.79799
0.86298
1.0257
0.8091
0.63241
0.61802
0.80353
0.6792
1.7989
2.0749
0.63533
0.65615
0.87902
1.6218
0.66834
0.62517
0.63387
0.79799
1.6144
1.2417
1.7338
1.5631
0.64121
0.63387
1.4962
1.6293
0.6792
0.877
1.9543
2.0559
0.64714
0.61802
0.6368
0.62087
0.6368
0.65163
0.63973
0.61376
0.68077
0.62661
1.349
2.2491
0.75336
0.62661
0.6223
0.62373
0.7656
0.72946
0.93541
0.98175
1.7865
1.4622
1.0257
0.65013
0.63241
0.64417
0.79983
0.72946
1.6255
2.2131
0.68077
1.6866
1.4723
0.71614
0.64121
0.70632
0.63387
0.62373
0.62661
0.8356
3.0903
3.4435
2.541
0.63973
0.62087
0.6368
0.6223
0.61235
0.62087
0.66681
0.64565
0.63826
0.62806
0.62806
0.65615
0.63387
0.63096
0.63241
0.66374
0.63533
0.64121
0.65013
0.66069
0.66222
0.65464
0.64417
0.71121
0.77446
1.0544
1.3274
2.9376
0.93111
0.63973
0.6166
0.63826
0.64565
0.64417
0.62373
0.66988
0.62087
0.60814
0.61094
0.6166
0.66681
0.63826
0.62661
0.62517
0.62087
0.61235
0.64714
0.63826
1.1803
1.349
1.0423
1.2331
0.62373
1.7947
1.71
0.63533
0.62951
0.61944
0.71614
0.6368
0.84918
0.71945
0.64269
0.79799
0.69183
0.70795
0.69024
0.81096
0.73114
0.77268
0.70795
0.65163
0.65917
0.66681
0.90991
0.94842
0.74473
0.69502
0.79068
0.81283
0.76736
0.77446
0.81096
0.66527
0.72946
0.83368
0.78705
0.91833
0.70958
0.70795
0.75858
0.66527
0.87902
0.77446
0.74817
0.8147
0.80538
0.72946
0.8531
0.89331
0.8356
0.69823
0.66069
0.69183
0.77804
0.72946
0.91622
0.86298
0.91411
0.64269
0.69984
0.70958
0.8531
0.82224
0.66681
0.82604
0.67298
0.67608
0.86298
0.8091
0.83176
0.77983
0.78524
0.67143
0.68077
0.61802
0.74131
0.89536
0.63533
0.84333
0.90991
0.63533
0.68077
0.67608
0.67764
0.72946
0.62373
0.60954
0.65313
0.7145
1.7906
1.5596
0.75858
2.2751
0.86497
0.64714
0.79616
0.87297
0.76033
0.67298
0.74989
0.65464
0.66374
0.77625
0.65917
0.69343
0.70307
0.65013
1.3459
0.90157
1.8281
1.6218
0.65464
0.68549
0.73451
0.65163
0.6223
0.63387
0.64269
0.63973
0.74645
0.72611
0.80724
0.64417
0.74989
0.76913
0.78343
0.66681
0.81096
0.84723
0.81658
0.70795
0.83946
0.82414
0.7656
0.80724
0.6368
0.66527
0.69343
1
0.77804
0.69823
0.7656
0.71121
0.76736
0.62373
0.66988
0.69502
0.87096
0.72111
0.66834
0.81283
0.70958
0.66222
0.81658
0.66988
0.74473
0.64121
0.67453
0.67608
0.79068
0.66527
0.70146
0.63826
0.62373
0.75858
0.65766
0.68549
1.6788
1.0139
0.79983
0.7379
0.84723
0.87498
0.74473
0.82985
0.74989
0.77804
0.69024
0.67143
0.87902
0.62951
0.70795
0.98855
0.67143
0.74302
0.6368
0.7656
0.92683
0.84723
0.69984
0.65313
0.90157
0.96161
1.6293
1.3122
0.63387
0.63241
0.67143
0.64269
0.62806
0.63096
0.64863
0.66527
0.91622
0.65013
0.68234
0.8414
0.70795
0.65615
0.74131
0.65464
0.75162
0.94406
1.3772
1.1995
1.5488
0.89331
0.66681
0.78163
0.63241
0.65013
0.63826
0.63826
0.67453
0.65163
1.1298
1.0814
1.1749
0.86099
0.89743
0.81096
0.86099
0.69663
0.69024
0.66374
0.63533
0.63826
0.64121
0.66527
0.66988
0.62806
0.62806
0.64121
0.62661
0.64121
0.63387
0.63826
0.63241
0.65917
0.63533
0.65313
0.66374
0.6368
0.64121
0.66988
3.581
0.97949
0.89536
0.90157
0.80168
3.3497
0.98175
1.0399
1.3804
0.78524
1.3122
1.3964
3.0974
0.70469
0.64863
1.2618
1.6255
1.4093
1.3583
0.72444
0.71121
0.69984
1.0233
3.1623
1.3996
0.64417
0.73451
0.66834
0.6166
0.80168
0.82035
0.66988
0.63973
0.65313
0.76736
0.82414
0.71285
0.64417
0.65013
0.7656
0.68865
0.78524
0.69984
0.88308
0.74989
0.85114
0.82604
0.877
0.75683
0.97724
0.69984
0.8995
0.80724
1.1967
1.1117
1.2106
1.2218
1.2474
0.76033
1.5849
2.1827
0.89125
1
1.3804
0.6368
1.0495
1.2942
0.87297
1.0257
0.84333
0.89331
1.1246
1.0617
0.92045
1.1641
0.76736
0.62373
0.68077
0.66681
0.65163
0.91622
0.62087
0.67298
0.77446
0.67764
0.62373
0.74989
0.98401
0.7145
1.2647
0.84528
0.79616
1.1402
0.7145
0.72611
0.80538
1.3122
1.71
0.69024
0.79068
0.84918
0.64714
0.65013
0.98175
2.5293
1.6293
1.7061
0.88716
0.67608
0.66988
1.5205
2.5942
3.1769
3.1046
1.2218
1.5488
8.3946
3.6308
2.2182
1.1641
1.0593
1.0471
0.86696
0.66681
1.0691
0.65917
0.65917
1.0715
1.3366
0.76208
0.62661
0.63096
0.62373
0.60954
0.6368
0.62661
0.67143
0.63973
0.61235
0.65013
0.61094
0.64417
0.6166
0.61944
0.62373
0.60814
0.65013
3.281
1.1668
1.1272
0.81658
0.94406
1.2794
1.1402
0.86896
0.68707
1.6181
0.61802
0.7709
0.94842
0.62951
0.62661
0.75683
0.71779
0.76208
0.74989
0.68234
2.9512
1.4158
1.7947
2.1727
6.6222
1.5922
1.3032
0.76384
0.63826
0.71285
0.66222
0.73621
0.6223
0.63387
0.7656
0.70307
0.65013
0.78343
0.80353
0.66681
0.84333
0.66527
0.7145
0.79799
1.0209
1.2972
0.78524
0.71614
0.82035
0.7656
0.88105
0.78343
1.1041
1.0069
0.81658
0.70469
0.69984
0.72444
0.84723
0.97949
0.68707
1.5276
1.714
3.9811
1.1695
1.1995
0.74989
1.9275
0.9506
1.4588
5.6624
1.3397
1.183
1.7022
0.83368
0.91833
0.6368
3.9084
2.4155
0.99541
1.4655
0.68865
1.1482
0.69343
0.69663
0.72778
0.68707
1.028
0.74645
0.67298
0.93325
0.75509
0.82414
0.75858
0.6792
0.63826
0.91833
1.2303
0.90991
1.5704
0.79433
1.4859
0.74302
1.6904
1.1535
2.7227
3.2285
1.5101
2.1135
0.78343
0.70469
10.641
6.9984
1.5885
0.98628
0.6792
0.78524
0.80724
0.78524
0.85507
0.64121
0.87902
0.67298
0.69343
0.79799
0.77625
0.6792
0.67764
1.0069
0.68077
0.69183
0.63096
0.68707
0.65766
0.78524
0.78343
0.88512
1.1455
1.219
1.0257
0.66222
0.73961
0.81283
1.3183
1.5276
0.75162
5.5719
2.3281
4.6132
0.77446
0.63533
1.0617
0.82794
0.63096
0.65917
0.61802
0.60674
0.60814
0.64121
0.62087
0.62517
0.72946
0.81096
1.875
0.67608
0.71285
0.78705
0.84918
0.70958
0.65163
0.70958
1.0046
0.7656
0.81658
0.82604
0.87096
0.65917
0.67298
1.2331
2.4889
1.2942
0.83753
0.62806
0.64269
0.61376
0.63533
0.62087
0.61094
0.61518
0.63973
0.61235
0.61802
0.61944
0.7145
0.66681
1.3122
0.74817
1.5417
0.65917
1.0568
0.80168
0.71779
0.8531
0.84723
0.92045
0.98628
0.79799
0.88308
0.79799
0.8892
0.88512
0.77804
0.68549
0.77268
0.64565
0.64269
0.70958
0.68865
2.1135
1.3032
1.4757
1.2972
0.65917
0.93325
0.69183
1.2618
4.6559
1.406
1.7906
1.9679
0.90573
3.1117
1.7378
0.73961
0.70632
0.66834
0.64269
0.66527
0.63973
0.66988
0.65917
0.67608
0.78343
0.94842
0.78343
2.884
3.6644
2.3768
0.64417
0.64714
1.5596
1.0328
1.0544
0.62517
0.60256
0.59979
0.59566
0.6223
0.65163
1.028
0.72277
0.71614
0.60954
0.61376
0.59841
1.4289
2.9512
2.7416
1.5668
1.0495
0.86896
0.62806
0.61235
0.61518
0.65766
0.60395
1.3366
0.84528
0.71121
0.62517
0.60534
0.60674
0.61094
1.4521
0.85901
0.65615
0.63973
0.7379
1.1749
0.66834
0.70146
0.75162
0.90365
1
1.1066
0.93325
0.72444
0.61376
1.2618
0.82985
0.61094
0.84918
0.6223
0.64121
0.83753
0.83368
0.65013
0.88512
0.83946
1.0593
2.1135
1.9364
1.3243
1.1246
0.61094
0.60395
1.0495
1.0544
0.91622
0.97724
1.5171
1.2735
0.62373
0.60395
1.1588
1.714
0.67143
0.63241
0.60674
1.028
1.8923
1.6866
0.69663
0.62661
0.80538
0.71285
1.3366
0.63533
0.60814
0.62517
0.69024
0.91201
0.85901
1.0139
0.74989
0.72277
0.91201
1.0209
1.2218
0.61802
0.61094
0.94406
0.67764
0.69823
0.85114
0.70632
0.77446
0.71614
0.79799
0.83176
0.72611
1.0046
0.65917
1.1776
0.62373
0.62517
0.68865
0.69183
0.62661
3.155
0.74645
0.67298
0.67298
0.63241
0.75162
0.95719
0.82794
0.8147
1.4555
1.1402
0.81846
0.87498
0.66681
0.74131
0.8892
0.8414
0.71779
1.1776
0.73451
0.64863
1.1995
0.76913
0.61376
0.6223
0.6223
0.61235
0.60256
0.60117
0.59979
0.62373
0.59841
0.61235
0.60814
0.63241
0.6166
0.61235
0.59566
0.87498
2.4434
0.82035
0.8892
0.61944
1.2331
1.1066
1.652
2.3227
2.5003
0.96383
3.9537
5.4325
0.62661
0.61518
0.62087
0.74131
0.62087
0.61094
0.60117
0.74817
0.81658
0.64269
0.60395
0.64269
0.6368
0.62087
0.64121
0.62373
0.60534
0.61944
0.61518
0.62661
0.62951
1.0471
0.63387
0.60256
0.61944
0.59429
0.6166
0.63826
0.6368
0.60534
0.62951
0.62087
0.63826
0.61944
0.6223
0.64714
0.61518
0.65615
0.8356
0.7145
0.63241
0.61518
0.61094
0.62661
0.59841
0.63096
0.74989
0.76736
0.79068
0.60395
0.61094
0.60395
0.60954
0.65013
0.63533
0.66222
0.63533
0.63096
0.61944
0.61376
0.62951
0.62806
0.59704
0.61376
0.60534
0.62087
0.62517
0.62661
0.63826
0.60256
0.66374
0.61094
0.61518
0.6368
0.61944
0.61802
0.62087
0.64269
0.60117
0.59429
0.65163
0.74989
0.82604
0.67608
0.62087
0.60674
0.6368
0.62661
0.72946
0.68077
0.64269
0.64121
0.6368
0.70146
0.61944
0.62661
0.63096
0.78705
0.72111
0.77625
0.66222
0.62661
0.63096
0.62087
0.60534
0.61802
0.65464
0.59979
0.61802
0.62806
0.60954
0.61235
0.61094
0.61802
0.60395
0.61944
0.61235
0.59704
0.60534
0.60256
0.61518
0.70795
0.82224
0.88716
0.7145
0.61518
0.60954
0.73961
0.66069
0.62951
0.80353
0.62517
0.60954
0.61518
0.62517
0.66681
0.63096
0.60814
0.65013
0.62951
0.62806
0.65163
0.62087
0.59156
0.62373
0.61944
0.60534
0.61802
0.60395
0.60256
0.63533
0.62661
0.61802
0.65766
0.70146
0.63387
0.64417
0.64121
0.61518
0.61944
0.6166
0.6223
0.61802
0.61376
0.61235
0.59704
0.61376
0.62087
0.61376
0.68077
0.5902
0.60256
0.60954
0.61235
0.59704
0.6166
0.61094
0.61802
0.61094
0.61376
0.59704
0.59704
0.61094
0.61518
0.60814
0.63387
0.63241
0.61376
0.62661
0.60674
0.62517
0.61518
0.65766
0.64863
0.60954
0.65163
0.61235
0.6166
0.6166
0.6223
0.60954
0.60814
0.60395
0.61094
0.63533
0.62951
0.60814
0.59841
0.61944
0.64269
0.63533
0.61802
0.61235
0.61376
0.60395
0.65464
0.63533
0.59841
0.61235
0.60954
0.60674
0.61802
0.70795
0.60534
0.59704
0.6792
0.62087
0.64121
0.63096
0.61094
0.65313
0.63826
0.61094
0.66069
0.66222
0.67143
0.7925
0.83946
0.70307
0.60954
0.61094
0.60395
0.61944
0.60814
0.63241
0.60954
0.78705
0.76913
0.67764
0.86497
0.61944
0.60674
0.60395
0.60534
0.63533
0.8091
0.64417
0.60256
0.60954
0.59979
0.65013
0.60954
0.61235
0.66681
0.66222
0.62806
0.65013
0.62517
0.6223
0.8091
0.64121
0.61376
0.69183
0.8356
0.80538
0.71121
0.61802
0.62806
0.6166
0.61802
0.63096
0.62517
0.61376
0.60534
0.60954
0.61802
0.62373
0.6166
0.63096
0.61518
0.60395
0.6166
0.6368
0.62951
0.60954
0.79616
0.70632
0.62517
0.61518
0.60674
0.60256
0.6223
0.62661
0.63533
0.61235
0.62806
0.62087
0.61518
0.60814
0.6166
0.62373
0.62661
0.63241
0.61235
0.6368
0.62661
0.6166
0.61235
0.60954
0.60814
0.62087
0.60954
0.61235
0.61518
0.60534
0.62373
0.61518
0.60674
0.6166
0.63387
0.62087
0.62087
0.61802
0.62661
0.61518
0.62087
0.59429
0.61235
0.66222
0.60395
0.61235
0.69502
0.78705
0.67298
0.64269
0.61518
0.61235
0.60117
0.6368
0.59979
0.62373
0.66527
0.73451
0.65917
0.82414
0.61518
0.6223
0.67298
0.73282
0.68707
0.61518
0.60674
0.68077
0.61944
0.62087
0.63096
0.62087
0.67608
0.62373
0.63533
0.63241
0.61094
0.6166
0.62806
0.65013
0.61802
0.64269
0.78163
0.64269
0.63973
0.65013
0.62517
0.65917
0.64565
0.62517
0.74473
0.69823
0.62517
0.65615
0.61235
0.68234
0.67143
0.62087
0.61094
0.7145
0.76208
0.6166
0.61518
0.65917
0.61802
0.65313
0.64269
0.63533
0.62517
0.63973
0.67143
0.66222
0.60395
0.61376
0.60534
0.63533
0.65917
0.63241
0.71121
0.75336
0.72946
0.65163
0.60674
0.62087
0.61518
0.6223
0.61802
0.59841
0.62373
0.67453
0.61802
0.61235
0.62951
0.62087
0.78163
0.72444
0.78524
0.66527
0.69183
0.61235
0.61235
0.60256
0.61094
0.62087
0.61518
0.61944
0.60117
0.62951
0.61944
0.74131
0.77983
0.60117
0.60954
0.73282
0.72611
0.65917
0.60534
0.70307
0.61094
0.6166
0.61094
0.62373
0.6166
0.62373
0.62087
0.66222
0.75509
0.70146
0.65615
0.6792
0.65917
0.71779
0.78343
0.76913
0.71945
0.66374
0.62661
0.66527
0.67298
0.74302
0.75162
0.62517
0.77983
0.76913
0.70958
0.62951
0.66374
0.60674
0.62517
0.60674
0.63241
0.71285
0.70958
0.59566
0.61518
0.61518
0.63387
0.64417
0.61802
0.61802
0.73961
0.80538
0.6223
0.62373
0.65766
0.77268
0.6368
0.61235
0.63096
0.63096
0.60534
0.60534
0.63096
0.60674
0.65615
0.63387
0.62517
0.64863
0.61802
0.64269
0.61235
0.66222
0.73282
0.75336
0.6223
0.65313
0.59841
0.62661
0.61376
0.63241
0.60117
0.61376
0.6223
0.63826
0.63973
0.64121
0.62661
0.61376
0.61235
0.62373
0.6166
0.61944
0.60814
0.62517
0.63973
0.61802
0.65313
0.62517
0.61802
0.61944
0.76913
0.72444
0.76913
0.62517
0.60534
0.62087
0.78705
0.69823
0.63241
0.73282
0.71614
0.77804
0.68707
0.60954
0.61944
0.6166
0.60674
0.60814
0.6166
0.61802
0.60395
0.62087
0.60117
0.60117
0.63096
0.62661
0.61802
0.6166
0.62373
0.62806
0.73621
0.61518
0.60954
0.64121
0.6166
0.62087
0.63826
0.61094
0.62661
0.6368
0.62517
0.65013
0.6166
0.60256
0.64269
0.6223
0.69183
0.75162
0.72111
0.77625
0.64269
0.61802
0.60534
0.59429
0.60395
0.62517
0.61094
0.79433
0.61944
0.65917
0.80724
0.72611
0.60534
0.60395
0.63533
0.73451
0.62806
0.63096
0.68077
0.62661
0.63973
0.79983
0.63241
0.62661
0.61094
0.60534
0.63387
0.6166
0.63973
0.62661
0.64269
0.70795
0.62373
0.66834
0.67298
0.65464
0.60117
0.63973
0.64565
0.62373
0.65464
0.62373
0.60674
0.60954
0.62806
0.60814
0.60534
0.6166
0.70469
0.61235
0.62661
0.61518
0.61518
0.66834
0.67608
0.62806
0.67764
0.74302
0.69024
0.62087
0.64863
0.62517
0.63241
0.62951
0.65013
0.63096
0.63387
0.7925
0.81283
0.60814
0.6223
0.62373
0.68234
0.71779
0.73114
0.69663
0.60674
0.61376
0.68391
0.61235
0.6368
0.65464
0.60395
0.61802
0.62087
0.61802
0.62517
0.62087
0.60256
0.62517
0.60117
0.62517
0.62661
0.68077
0.72444
0.72111
0.64121
0.61235
0.60814
0.60117
0.74131
0.77446
0.62661
0.60534
0.6368
0.63533
0.60534
0.63241
0.60534
0.63387
0.65917
0.63973
0.62517
0.62806
0.71945
0.67298
0.62087
0.69502
0.77268
0.72444
0.62087
0.61094
0.61094
0.68077
0.61518
0.6223
0.61802
0.63973
0.60256
0.62373
0.64269
0.64714
0.64417
0.62373
0.66069
0.62517
0.61376
0.64121
0.63973
0.63973
0.63241
0.68707
0.65464
0.64121
0.59293
0.62661
0.62373
0.6166
0.63533
0.68077
0.64417
0.65163
0.65163
0.67453
0.63533
0.66374
0.61376
0.61094
0.61094
0.65917
0.61376
0.66834
0.64565
0.63387
0.83176
0.62373
0.60534
0.61802
0.62087
0.6223
0.62517
0.63826
0.63826
0.6223
0.62087
0.63096
0.62806
0.63826
0.67143
0.63096
0.62087
0.6166
0.60395
0.60256
0.6223
0.64269
0.71121
0.65615
0.66834
0.80724
0.62373
0.61094
0.60814
0.61376
0.61802
0.59429
0.5902
0.61235
0.60256
0.62087
0.67608
0.65013
0.62661
0.64269
0.61235
0.74645
0.70632
0.63533
0.83946
0.73451
0.63533
0.61376
0.60395
0.61944
0.61235
0.62517
0.75509
0.78705
0.62087
0.67608
0.74131
0.66374
0.63387
0.69183
0.76208
0.72611
0.74989
0.63533
0.62517
0.70146
0.60954
0.59566
0.60395
0.60674
0.60534
0.6166
0.74131
0.7709
0.61376
0.60534
0.63973
0.62087
0.67764
0.63096
0.61944
0.62951
0.64565
0.62087
0.62087
0.61235
0.63973
0.61944
0.6223
0.67764
0.62373
0.72611
0.60256
0.63973
0.63826
0.63241
0.61376
0.76736
0.63241
0.64863
0.61944
0.60256
0.59979
0.80168
0.74302
0.68549
0.63973
0.61094
0.66069
0.6368
0.71614
0.60534
0.6223
0.62661
0.60395
0.62087
0.67453
0.79068
0.73621
0.60814
0.62087
0.61094
0.59979
0.65766
0.77804
0.70958
0.76913
0.68077
0.59841
0.64863
0.60674
0.62661
0.65013
0.61944
0.65464
0.6223
0.62373
0.62373
0.74645
0.81658
0.60395
0.60256
0.68865
0.77268
0.77983
0.7379
0.65615
0.65464
0.61802
0.61094
0.60674
0.61376
0.65917
0.60395
0.63973
0.62661
0.61376
0.6223
0.62517
0.65464
0.62517
0.61235
0.63387
0.61802
0.65163
0.62661
0.63826
0.76033
0.79983
0.66834
0.61376
0.61518
0.63241
0.59841
0.80353
0.65013
0.62373
0.60954
0.59429
0.60954
0.60674
0.6223
0.59429
0.60674
0.62517
0.69343
0.75858
0.79433
0.81846
0.60117
0.61518
0.66222
0.64121
0.61518
0.76384
0.76736
0.68549
0.60954
0.60674
0.62951
0.6223
0.79433
0.82604
0.75858
0.81283
0.79799
0.6166
0.59979
0.60256
0.61802
0.7925
0.74473
0.84333
0.60534
0.67764
0.61094
0.62373
0.80168
0.67298
0.63096
0.62087
0.61376
0.66069
0.75336
0.77446
0.66069
0.60534
0.65313
0.60674
0.62661
0.63241
0.62661
0.8091
0.60674
0.62373
0.60534
0.60814
0.59979
0.62951
0.62373
0.62517
0.62517
0.61518
0.70307
0.63973
0.69024
0.73114
0.62517
0.60954
0.60814
0.59841
0.67143
0.59841
0.60256
0.62517
0.63096
0.75858
0.7925
0.61376
0.61802
0.60117
0.65615
0.63096
0.6223
0.82604
0.74302
0.63096
0.69502
0.6368
0.62661
0.64121
0.61094
0.65013
0.62806
0.6792
0.64417
0.77983
0.7656
0.71285
0.61802
0.81283
0.8531
0.62661
0.59979
0.60674
0.59841
0.65615
0.64417
0.64417
0.67608
0.82224
0.65917
0.6223
0.6166
0.60814
0.62087
0.59841
0.62517
0.64863
0.63533
0.61376
0.7656
0.64121
0.66834
0.6223
0.65615
0.7145
0.77446
0.89331
0.79616
0.64269
0.61235
0.62087
0.6166
0.6223
0.61376
0.6223
0.65013
0.66681
0.60814
0.61235
0.60395
0.63973
0.63096
0.61802
0.61802
0.62806
0.60395
0.62087
0.60395
0.61094
0.64417
0.62517
0.60674
0.61376
0.6166
0.66681
0.64417
0.66222
0.62517
0.64269
0.63096
0.61944
0.62951
0.62373
0.60256
0.62373
0.61094
0.63387
0.68391
0.72444
0.74645
0.6368
0.82414
0.69823
0.6368
0.82414
0.64121
0.61518
0.74817
0.87096
0.65464
0.75858
0.6368
0.6223
0.65615
0.62517
0.60954
0.59979
0.60395
0.61376
0.62661
0.61944
0.85114
0.76033
0.97949
0.6792
0.7145
0.63241
0.78886
0.83946
0.6792
0.61802
0.66069
0.69343
0.62806
0.60954
0.63973
0.63241
0.67143
0.72444
0.66988
0.65313
0.65313
0.62661
0.62806
0.60534
0.60814
0.6223
0.63096
0.6166
0.65464
0.76033
0.78705
0.64417
0.61376
0.85901
0.61802
0.62806
0.61944
0.64417
0.64863
0.66069
0.73114
0.90782
0.99312
0.80168
0.74989
0.6166
0.6166
0.67764
0.91833
0.70146
0.77625
0.72444
0.63096
0.62373
0.64417
0.77268
0.65615
0.63096
0.68234
0.81846
0.86896
0.76033
0.67453
0.76208
0.60117
0.63973
0.61944
0.87902
0.84528
0.80168
0.81283
0.6368
0.6166
0.6166
0.60674
0.61094
0.64417
0.8147
0.95499
0.88716
0.61944
0.59704
0.63973
0.60395
0.6368
0.60814
0.69183
0.61944
0.62373
0.62951
0.63533
0.64565
0.6166
0.63241
0.87902
0.8995
0.64121
0.91201
0.85114
0.61094
0.64417
0.67764
0.6223
0.62373
0.63826
0.61376
0.66222
0.63826
0.64863
0.6223
0.63387
0.65163
0.63973
0.62806
0.63826
0.63387
0.73961
0.66069
0.80724
0.64269
0.74302
0.79616
0.82414
0.77983
0.96383
0.86696
0.67764
0.74473
0.88105
0.91833
0.6368
0.60814
0.78705
0.70795
0.87902
0.61376
0.62517
0.60534
0.66374
0.8356
0.96161
0.78524
0.70307
0.61235
0.61235
0.6166
0.62806
0.60814
0.61944
0.63973
0.63973
0.68865
0.62661
0.62661
0.6368
0.61802
0.62517
0.61518
0.61094
0.63973
0.62806
0.75336
0.82414
0.91201
0.79068
0.77446
0.79068
0.64121
0.64269
0.76913
0.8356
0.62661
0.59704
0.6166
0.59979
0.70795
0.80724
1.0965
0.83753
0.63533
0.61944
0.6166
0.65313
0.75683
0.84723
0.7709
0.69663
0.62373
0.81846
0.71614
0.6166
0.68707
0.79983
0.83176
0.60674
0.60256
0.67453
0.84918
0.87498
0.88512
0.61944
0.6223
0.62661
0.64714
0.70795
0.83368
0.68707
0.8995
0.71779
0.64714
0.64417
0.62661
0.61518
0.63533
0.62806
0.62373
0.60674
0.82035
0.65013
0.67764
0.63533
0.62087
0.63096
0.80168
0.91201
0.80724
0.60395
0.66988
0.6166
0.64269
0.6223
0.60674
0.62373
0.65766
0.63826
0.62951
0.61802
0.61518
0.61944
0.61802
0.64417
0.62373
0.66222
0.64121
0.62806
0.64714
0.75509
0.63241
0.62373
0.61235
0.64565
0.62661
0.63973
0.62806
0.80168
0.66988
0.65163
0.62661
0.79799
0.86896
0.62661
0.94189
0.82985
0.84528
0.64863
0.61376
0.69343
0.64121
0.70146
0.63533
0.62517
0.61518
0.63096
0.65615
0.61944
0.61944
0.66374
0.64417
0.98175
0.91411
0.63096
0.61518
0.63973
0.67143
0.60674
0.60954
0.64565
0.63096
0.60814
0.61518
0.64565
0.62951
0.62806
0.63096
0.64714
0.63387
0.61944
0.63533
0.61802
0.63826
0.63533
0.61518
0.71121
0.68865
1.0116
1.0069
0.85901
0.82414
0.82985
0.6223
0.59841
0.82604
0.86497
0.87096
0.93111
0.87297
0.81283
0.62661
0.63241
0.62806
0.79433
0.98628
1.0257
0.80538
0.73961
0.61376
0.62951
0.65615
0.70632
0.77804
0.93111
0.84918
1.1429
0.66069
0.82224
0.73282
0.93756
0.86696
0.93756
0.78524
0.65013
0.63387
0.93111
1.0257
0.87297
0.62373
0.66681
0.94842
0.96828
0.79068
0.86099
0.89536
0.83753
0.60534
0.65464
0.62373
0.62373
0.67608
0.65163
0.60534
0.61094
0.75683
0.64863
0.83753
0.85704
0.62806
0.75509
0.69984
1.2882
0.81096
0.85507
0.69984
0.63096
0.6368
0.6223
0.61802
0.72946
0.65464
0.61376
0.6166
0.61518
0.64565
0.63241
1.0715
0.64565
0.63826
0.62087
0.65766
1.1455
1.0617
0.6368
0.61518
0.64121
0.84723
0.89331
0.61518
0.88308
0.81283
0.79068
0.88308
0.60814
0.66681
0.66988
0.62661
0.62951
0.60954
0.61094
0.82794
0.78343
0.79433
1.1508
1.0593
0.79433
0.82985
0.65464
0.62951
0.88716
1.256
0.73282
0.97051
1.0093
0.59979
0.70958
0.79616
0.8414
0.69663
0.75683
0.69502
0.70958
0.80168
0.76033
0.61094
0.59566
0.71285
0.82985
0.8147
0.71121
0.66988
0.65766
0.73961
0.61802
0.66834
0.63533
0.70795
0.6368
0.62806
0.67143
0.78163
0.7656
0.7379
0.75336
0.61944
0.68865
0.66988
0.67764
0.60117
0.61376
0.6166
0.60395
0.59979
0.63241
0.74645
0.62951
0.85114
0.75683
0.73114
0.69024
0.74473
0.74473
0.61094
0.60954
0.64565
0.62373
0.59841
0.60256
0.59841
0.60954
0.61235
0.62373
0.64417
0.67764
0.7145
0.81283
0.79983
0.61518
0.83176
0.74989
0.60814
0.61802
0.60814
0.60954
0.62517
0.63241
0.60954
0.61094
0.62806
0.61094
0.6166
0.61376
0.60674
0.6223
0.60256
0.60534
0.61376
0.61802
0.61944
0.60395
0.66374
0.65615
0.70632
0.77983
0.66527
0.61944
0.65766
0.72444
0.73621
0.7709
0.82794
0.78886
0.60814
1.1722
0.80353
0.87498
0.70146
0.68077
0.86497
0.7145
1.0691
0.75336
0.75336
0.74302
1.2134
0.76208
0.75858
0.91411
0.80724
0.82985
0.70469
0.71614
0.66222
0.6166
0.6223
0.59979
0.60534
0.61094
0.60814
0.6166
0.63387
0.61518
0.64269
0.6223
0.61518
0.61518
0.69343
0.62806
0.65163
0.71779
0.74989
0.78163
0.72946
0.63533
0.61235
0.61235
0.60814
0.6166
0.61235
0.68865
0.67143
0.72111
0.85901
0.89743
0.77446
0.89331
0.82414
0.92897
0.65464
0.70146
0.77804
0.97499
0.81283
0.7709
0.72778
0.8147
0.78343
0.6166
0.81283
0.76033
0.72277
0.61944
0.66069
0.59841
0.67298
0.60954
0.61094
0.61376
0.62373
0.59566
0.60814
0.66374
0.67143
0.61802
0.6223
0.71945
0.74473
0.73282
0.71614
0.7379
0.75683
0.75336
0.8531
0.85114
0.81846
0.70632
0.59704
0.6166
0.77983
0.77268
0.74473
0.68707
0.6166
0.75509
0.73621
0.70307
0.79616
0.64714
0.71945
0.74989
0.84918
0.68865
0.6368
0.63533
0.62087
0.80724
0.83368
0.74131
0.75336
0.83946
0.9594
0.97499
0.62661
0.8147
0.77804
0.73961
0.68549
0.69183
0.63096
0.61944
0.72111
0.72946
0.88105
0.8414
0.76913
0.64269
0.73451
0.76736
0.73961
0.83753
0.76033
0.7709
0.8531
0.68077
0.68234
0.73114
0.65766
0.72611
0.9594
0.70307
0.8531
0.82414
0.80168
0.69502
0.79616
0.75683
0.8091
0.8356
0.98401
0.65313
0.67298
0.66681
0.84723
0.91411
0.78524
5.8749
2.7164
1.0889
1.0328
1.0839
0.68549
2.037
1.0471
0.9977
0.97275
0.74473
0.63241
0.78343
0.94624
1.0471
1.1722
0.66527
