3.9902
3.0061
1.1455
1.2764
1.5241
9.3111
2.8119
2.5293
1.7865
1.2078
0.9528
13.521
15.171
1.0617
0.94189
1.6482
3.062
6.3533
11.912
8.1658
2.6669
19.32
6.2806
1.5849
5.6494
2.6122
1.4223
2.0845
1.3709
1.9409
2.3014
12.417
2.4717
16.943
3.4119
6.223
3.5075
1.7378
1.8323
4.1115
4.9317
8.8105
15.922
13.74
17.378
2.0417
13.772
10.568
20.941
8.147
0.82794
0.9506
18.281
1.7906
12.794
7.0632
17.906
6.1944
1.3183
2.1135
4.8978
1.4859
1.4622
1.39
2.0091
2.1038
1.094
20.654
18.967
6.0534
1.2706
1.1041
1.8923
4.2855
19.275
2.4044
0.87297
13.183
17.783
11.22
0.99083
1.2823
0.80168
4.2364
19.231
17.458
1.0617
1.2106
1.0093
1.0023
1.1995
0.92897
0.99083
11.749
18.88
4.6132
2.851
19.588
21.281
18.967
15.776
11.429
12.05
1.2531
1.8535
1.0839
20.559
22.491
18.323
19.099
1.0304
0.82224
0.98855
0.85704
0.78705
0.82035
0.90991
0.84723
11.015
18.493
18.664
16.672
1.5101
2.0845
2.7164
1.9724
6.6988
1.6181
2.1577
12.823
7.3282
19.815
9.2045
1.0351
10.715
9.9083
22.131
22.751
0.92045
2.8054
5.2723
7.9983
10.889
8.2035
18.793
0.8995
0.72444
0.83176
8.8308
0.91201
0.80538
0.7925
3.7931
16.866
1.4962
2.7164
8.9743
15.066
2.2336
1.7906
8.995
2.138
1.3397
1.5101
2.9242
10.914
1.1995
0.74817
0.79433
0.78886
3.1046
1.6069
1.5996
15.136
1.4421
1.0046
12.503
16.672
18.578
19.999
22.594
20.941
13.366
3.7154
14.622
23.878
22.491
4.102
0.82604
0.70958
0.81096
5.5463
17.579
12.445
1.1298
1.0186
1.3062
3.4914
1.9011
3.4435
1.1695
2.9512
1.7865
2.5823
2.9992
19.275
12.274
8.1658
1.3152
13.305
2.7925
1.6711
0.75858
0.74645
0.74989
0.80538
0.86497
0.78524
0.77446
0.83946
0.76033
0.75509
0.74989
0.75509
22.029
19.861
20.37
18.239
1.5382
2.4322
13.9
1
2.5003
0.88716
7.7804
9.3325
20.045
22.803
0.86497
2.7606
10.94
1.4521
19.634
21.677
13.614
20.277
0.97949
1.714
1.2972
1.9454
4.6559
2.1928
1.9364
1.0544
2.6853
3.4754
16.181
21.928
21.232
1.122
2.3014
3.0339
3.2885
0.86298
4.1687
8.5507
1.1429
1.9634
1.875
1.8365
5.3703
1.4859
17.783
22.751
21.478
26.363
6.9502
1.6069
2.0417
19.364
22.856
2.0464
3.4834
5.5335
11.885
1.2445
3.0339
18.75
17.824
9.1411
12.303
0.86099
9.0782
19.543
26.915
5.7677
7.145
0.87096
0.90991
1.0765
0.84528
1.7061
0.83946
0.77625
16.904
24.774
26.122
3.7844
1.2794
1.3552
1.9454
2.1135
1.9907
1.6866
1.1429
16.672
21.777
2.0277
17.742
19.099
2.3281
1.9634
2.7797
1.4588
6.6222
1.3964
1.6943
1.5959
2.1281
7.6384
7.4989
1.2972
1.6144
17.947
15.417
1.1912
0.97724
19.724
2.2182
1.762
18.75
7.925
0.97949
21.478
21.38
19.409
25.468
13.335
1.135
0.91833
0.85114
0.79983
1.1092
0.77268
0.71285
13.9
16.293
22.751
5.0699
19.099
1.3709
3.9811
17.701
13.274
1.8113
5.8076
1.6711
6.1094
1.7298
16.255
21.038
22.594
20.417
22.08
0.92897
0.99312
3.5975
2.5351
2.1478
1.977
14.454
19.907
25.763
18.707
20.941
2.8642
1.1641
3.4914
0.81846
1.5885
0.93111
1.4894
0.8147
0.87297
0.78343
0.84723
15.241
15.922
9.8401
1.2618
2.4831
1.7458
1.4757
3.9902
1.3274
1.4191
3.6898
20.417
19.055
1.4355
3.6983
14.825
1.1092
10.447
2.6977
6.1944
1.9907
2.1827
6.1376
21.33
27.416
32.81
26.792
20.23
23.335
23.823
14.588
1.5136
3.0903
3.6224
7.0146
4.3954
4.3251
7.9616
22.856
21.429
15.885
2.2699
6.9183
2.6424
3.6813
1.1508
6.2087
1.6558
2.421
1.574
1.3552
2.1979
1.5959
6.1944
1.8281
11.912
23.496
28.51
19.77
3.2063
13.74
19.815
1.1885
21.577
20.701
2.1928
4.0738
4.5814
4.3451
1.4555
5.9841
16.218
26.915
18.707
8.77
20.324
11.117
1.0046
5.6364
17.62
12.618
0.82794
1.0328
0.78524
7.7446
13.032
23.496
24.099
28.119
23.335
22.542
24.266
18.493
3.8815
3.0974
0.87096
1.0162
4.0926
2.799
1.5417
1.7418
1.6331
1.8664
7.2111
2.7669
1.374
1.5704
1.1695
1.1508
1.3366
10.814
2.6853
1.0544
1.1561
23.227
18.793
2.0654
3.4277
1.0593
1.3366
7.9068
7.6033
0.877
1.2794
8.0724
15.101
16.711
2.5586
0.9977
0.9506
0.94189
0.79983
0.7925
0.90365
0.93541
0.86696
0.79616
0.92897
0.8147
0.93325
0.76736
8.5704
19.275
5.9429
2.958
8.5507
0.69823
1.5101
2.4491
4.3451
10.495
17.022
24.491
20.324
0.88716
0.83176
12.474
18.239
19.815
21.727
23.174
20.091
9.8175
2.9923
2.3768
13.428
16.331
17.458
18.155
19.275
21.429
21.777
5.8345
3.0409
1.374
3.2734
1.0257
0.88716
0.87498
1.4289
1.2823
2.2387
1.4521
3.6813
14.06
17.989
20.893
15.812
3.2659
0.68391
2.2131
2.0989
2.884
3.5075
20.512
20.091
24.21
20.606
3.062
21.827
24.155
7.379
22.233
24.491
2.3174
20.701
16.672
5.3951
3.7068
1.5276
3.767
15.704
19.32
4.2364
9.9541
3.8637
1.1324
2.6669
0.83753
0.85704
1.1402
1.8836
0.97499
5.5847
0.77804
18.072
18.621
21.429
17.824
1.6255
3.6813
1.3243
1.0069
2.3988
13.459
0.85507
0.90157
1.9588
1.2942
8.356
0.68077
1.1588
19.32
18.365
20.512
18.88
22.182
21.979
20.701
6.5163
18.967
7.6736
2.3768
10.328
1.205
2.1577
4.3053
15.346
22.284
24.266
24.547
19.634
20.37
1.7906
19.724
23.605
23.335
16.52
19.275
18.281
22.336
23.496
22.131
20.464
19.409
22.542
15.136
11.967
3.7497
6.3387
0.90573
1.028
0.81096
1.0617
14.928
17.14
18.155
21.135
23.227
20.654
19.275
7.3114
4.217
1.7338
3.5156
1.4388
3.02
3.2359
18.75
16.866
0.91201
1.5171
1.6672
0.8356
1.0864
0.79433
1.0209
0.87096
0.87498
1.5031
13.74
19.861
4.4566
20.277
10.399
15.849
24.547
25.763
7.2611
21.478
11.776
18.197
20.512
19.77
4.4361
1.574
3.1623
2.3121
12.19
14.622
2.7925
4.6026
2.1979
14.723
20.184
35.237
22.751
19.498
2.6182
5.9841
7.2444
10.116
0.66681
1.4825
1.0162
1.5849
12.764
18.967
6.8549
20.045
16.904
4.9317
19.543
0.78163
0.69183
1.2794
0.78705
1.1272
1.6069
2.7733
1.8113
0.89331
1.0233
3.3884
12.474
22.08
19.543
0.81283
0.88308
0.9506
0.86298
0.93325
0.8995
0.80353
2.2491
3.7411
0.79983
2.884
3.9174
2.2594
1.4256
1.4355
5.445
16.032
13.964
4.8084
4.9317
16.293
23.227
22.387
22.387
16.032
14.894
5.1286
1.6596
1.8967
1.3583
2.3496
5.0582
1.845
14.622
10.447
17.66
16.255
21.281
24.099
37.239
16.181
23.174
20.845
0.89125
18.707
22.029
18.113
21.478
12.05
0.71779
1.9231
0.7656
0.74817
0.76208
1.2474
1.094
0.8091
0.76736
0.71945
1.2823
0.69024
3.3189
9.8175
5.902
1.8836
3.4277
4.9091
1.4521
1.9588
2.0184
3.2659
8.2985
3.013
2.0091
1.7539
4.2756
1.3397
9.3111
8.1658
7.379
1.714
8.6099
19.275
23.878
20.701
24.717
8.356
0.91833
3.7154
7.0632
2.355
8.5507
23.281
22.439
25.003
22.336
22.08
21.577
2.8907
20.512
4.8529
10.715
19.815
17.219
20.941
20.045
18.923
23.281
21.038
21.232
23.335
19.861
21.777
17.989
21.827
8.9536
12.589
4.3152
10.814
21.135
22.909
5.0003
3.9537
4.102
18.88
18.113
21.528
23.388
20.989
10.617
5.7016
6.0814
2.4831
1.1995
3.2961
4.1591
18.707
13.583
1.4997
1.2823
0.81658
0.94189
0.76913
0.76913
1.6406
0.87096
1.652
0.79068
0.77983
6.0117
0.68707
1.7219
12.274
2.1232
0.81283
0.94624
0.88105
0.75336
9.6828
16.596
5.188
1.8281
2.2284
5.6105
4.0458
2.2803
1.1561
13.996
17.783
1.135
20.23
22.751
23.659
14.289
21.232
22.233
8.091
1.1749
6.4863
1.1272
1.6331
2.2909
6.5013
2.9923
1.9815
4.0179
1.9815
2.0797
1.5524
1.9999
4.1783
2.5586
1.0889
0.99083
1.7865
0.8531
0.93111
5.2
5.7016
0.81658
3.5075
1.0046
0.81658
0.79433
0.87096
0.75336
0.74131
1.2274
13.152
19.409
10.375
16.558
21.281
21.677
23.55
23.442
20.797
23.442
18.75
14.622
22.233
17.783
21.727
22.751
22.029
20.559
16.866
22.08
23.714
22.491
27.479
23.823
25.293
23.227
22.491
11.429
0.79616
16.982
11.885
18.535
20.893
28.379
18.408
12.106
22.233
24.946
22.439
22.594
21.281
20.941
2.2131
2.5586
2.5763
1.3772
0.70958
0.72444
2.3121
0.78343
17.219
16.331
21.184
22.182
23.335
21.627
23.067
23.768
27.164
20.137
23.335
24.155
21.979
19.231
13.428
1.9724
13.305
18.493
12.972
0.81846
2.208
2.355
0.98855
1.8239
1.8113
14.723
21.727
25.41
22.909
23.121
23.878
20.277
19.099
22.594
19.588
10.544
0.82985
1.5596
1.5066
3.9994
2.4547
2.2491
2.4322
3.3497
2.9242
1.5101
3.9084
1.2023
1.5849
4.5394
2.851
13.274
19.32
14.521
6.9024
5.445
15.031
17.022
20.23
18.365
21.577
20.37
19.498
18.239
19.409
21.135
19.588
2.9444
2.1677
0.75509
1.6218
4.592
3.767
3.9537
1.4191
1.6904
1.3459
3.02
4.9659
2.884
1.4997
2.5351
8.356
1.4555
6.3533
0.85114
1.2023
0.74989
0.92683
1.0304
0.85901
0.80538
0.91833
0.81283
0.91411
1.0046
0.76384
1.0093
0.87498
0.89536
0.79983
0.77268
0.99083
2.2751
0.82414
0.73621
1.135
1.4158
0.72946
0.76913
0.69343
1.4093
0.74473
0.72111
0.70632
0.77446
1.6943
2.4099
0.86497
0.75683
0.68391
0.7145
3.6308
3.3343
2.7227
3.8815
1.9143
1.3836
1.349
1.5171
1.4894
1.2853
1.2764
1.2972
1.6032
3.4356
1.3002
1.3366
2.355
2.729
1.6827
1.9275
1.7539
2.0045
1.6218
1.3243
1.2388
1.3274
1.205
2.7227
0.74473
4.5082
8.9125
7.3282
0.82985
0.71779
0.79983
0.73114
0.80353
9.1201
7.6033
8.0724
1.4355
7.2611
10.495
14.962
18.239
19.861
20.989
22.542
21.878
21.878
23.281
20.512
21.33
19.099
17.62
20.277
12.303
1.652
2.8774
17.906
15.066
21.627
21.928
22.856
21.577
26.73
16.866
9.4842
18.281
0.72277
0.91411
0.87498
0.75162
1.9907
1.1272
3.2285
1.1641
1.5776
2.1528
2.2029
1.052
6.8391
19.815
17.179
1.9364
1.5311
6.3973
23.55
20.797
21.827
23.659
22.594
2.5177
2.7164
1.6368
0.77983
0.79983
0.88512
1.7906
0.78524
0.82604
0.7925
0.87297
2.0184
1.6368
3.1696
1.2134
1.803
1.39
2.9174
2.3988
3.3497
1.888
1.2912
1.5417
3.6813
1.7783
3.1769
9.506
9.7949
0.64863
0.69502
14.06
19.32
21.232
19.187
18.707
24.378
23.014
14.028
4.0179
0.88308
5.5847
0.73451
2.037
2.2182
0.70146
0.69663
8.5901
10.617
1.5524
2.541
3.9446
0.80724
0.7656
3.1696
0.81096
0.70146
0.80168
2.2856
1.2823
16.444
6.6374
7.1779
1.4825
7.379
8.995
2.1184
1.4622
11.83
0.81096
0.80538
0.7925
0.74473
0.72611
0.73451
0.72946
0.66681
0.76208
0.76384
0.72444
0.73451
0.83176
1.4791
2.3014
1.7418
3.5975
2.1038
12.531
4.6345
1.5066
2.2961
2.5235
5.1761
2.4266
11.885
1.803
1.9409
2.3067
1.028
0.71614
1.194
9.9541
1.5849
15.885
20.559
22.131
24.717
24.044
23.227
24.889
4.5186
0.69183
0.73282
0.76208
2.9512
15.776
20.137
19.907
25.003
25.468
23.014
21.677
25.003
22.646
23.496
25.119
22.284
21.878
22.131
19.999
19.011
1.9815
4.1591
4.5186
5.5463
21.777
20.797
20.417
13.709
21.677
20.464
18.578
24.774
23.714
24.717
23.55
22.699
31.769
20.893
21.135
21.979
22.182
17.947
20.701
19.953
15.311
7.5162
18.621
10.162
3.0269
0.8531
7.2946
16.672
2.1928
10.28
7.6913
1.3709
1.2853
13.836
7.0307
1.4223
13.932
23.659
23.823
18.03
22.439
26.607
20.559
22.336
23.605
21.478
21.429
18.535
23.121
12.706
14.289
7.1121
21.928
21.33
26.792
19.724
21.429
21.878
25.882
20.941
14.689
1.5631
13.583
21.528
22.909
22.439
21.478
21.878
21.827
23.281
19.364
22.594
20.893
22.751
5.9429
3.6898
7.2946
19.275
19.454
21.528
23.388
23.281
22.961
0.74302
0.69663
0.73621
0.77983
2.3878
1.0691
11.298
1.9187
1.3772
1.8155
4.1783
4.3351
15.136
19.099
20.091
20.045
18.967
21.677
23.878
19.953
19.143
16.368
15.276
2.3878
18.408
13.183
17.865
12.162
20.845
23.823
21.577
22.029
22.646
6.6374
1.6558
3.8994
4.7753
2.3768
3.1769
2.2751
1.3305
3.7584
19.543
19.907
17.061
11.482
18.967
20.845
19.999
21.827
23.988
23.281
20.654
19.099
0.77446
1.7989
2.0417
1.2764
1.406
1.374
1.0233
1.2823
1.1912
1.2106
1.6943
2.5763
1.4622
1.1803
4.8306
20.045
6.3387
5.0466
11.117
18.323
20.37
21.928
20.137
9.9541
2.9174
4.1591
14.388
20.417
0.68077
0.74302
0.69024
18.239
22.439
24.21
23.659
24.099
23.281
20.797
19.679
26.182
21.677
22.542
15.885
12.331
10.186
3.7411
15.56
18.75
23.988
21.528
20.23
16.749
21.928
20.845
23.121
16.218
1.2618
0.79433
0.71779
0.85704
0.78343
0.81096
0.76208
0.76913
0.80724
0.79433
0.77625
0.82604
0.76913
0.72778
0.88308
5.0699
1.4723
0.82985
1.3062
0.95499
0.79616
1.1885
0.87902
0.94624
1.3996
4.529
12.677
1.7906
1.3122
0.88105
1.2589
0.93756
3.6141
3.9994
3.1769
21.627
20.417
7.2111
1.2303
1.574
1.875
2.9309
1.4757
4.1783
1.099
12.162
1.4388
12.162
19.953
17.338
21.727
22.131
23.281
17.022
22.646
21.33
21.281
20.606
0.74989
1.0715
2.5177
2.2284
3.8459
3.5645
1.4256
1.7258
2.1577
1.9275
2.0417
1.6144
1.5346
2.2542
6.3241
0.66834
0.73621
9.6828
11.588
1.2388
2.3442
1.8408
14.962
7.4989
17.298
18.281
19.679
30.13
23.067
23.281
22.699
15.959
21.878
21.627
22.646
21.135
23.714
17.338
15.276
23.933
27.797
21.429
17.378
4.8306
2.9309
1.8578
2.2131
1.8621
1.052
1.7824
2.1627
0.82604
4.7424
17.947
14.997
20.417
9.594
21.086
20.091
20.845
20.277
23.067
16.788
0.72611
0.76913
0.7145
0.83176
1.3152
1.3397
0.78886
0.84528
0.84333
0.77625
0.82985
2.208
0.74473
1.7824
2.037
3.1989
3.1117
3.3497
0.67143
1.135
1.9999
0.72111
0.6792
0.80168
6.9024
2.0941
1.875
2.2803
1.5276
1.3709
3.3343
7.4473
9.7949
14.521
9.9312
14.223
23.605
22.961
22.856
21.38
20.797
25.645
17.258
20.606
17.66
17.1
0.71779
0.79616
3.4041
4.14
18.408
19.231
19.143
2.3496
2.704
4.4259
8.8716
2.3227
3.4119
0.72946
0.78886
0.72778
1.8155
0.66988
1.9953
1.1561
6.1518
12.078
17.701
10.495
0.70307
0.71945
0.69984
0.82985
10.375
6.6988
0.7145
0.69024
0.72277
3.2434
2.9785
0.75162
1.1015
1.3213
0.8414
2.6303
4.2954
0.67298
4.0738
7.7268
12.274
12.647
12.274
21.281
1.6711
6.4269
5.1168
18.75
19.724
21.429
18.365
22.491
20.845
22.439
19.77
24.266
1.2972
5.105
0.89125
0.91833
0.91411
2.1478
9.7499
5.1761
5.1523
2.3605
8.1283
14.322
17.539
16.672
22.856
22.029
21.827
12.912
17.742
6.8234
0.76913
0.70469
0.70469
0.71285
0.71121
0.69663
0.73451
0.72277
0.72111
0.9247
0.72111
0.72444
0.7145
2.0749
0.70958
0.93541
2.466
10.617
11.35
4.121
3.8194
1.2078
6.5013
3.0479
5.6494
2.7353
5.6885
0.96828
1.3709
1.6634
1.4322
1.6106
1.1272
1.7783
1.5101
10.186
11.614
19.907
19.011
10.839
0.72778
5.5847
2.8379
1.4158
1.2303
1.2706
2.6977
0.71285
0.71779
0.68549
0.8414
0.73114
0.76033
0.74989
1.3521
0.78705
3.02
11.22
11.429
2.3174
8.1846
0.75509
14.093
16.634
18.967
2.8907
0.76736
0.87297
1.8836
1.4355
1.3032
7.2611
0.75683
4.6774
1.8664
0.94624
4.3152
13.092
2.1038
6.9984
8.5507
13.305
2.6853
4.9545
17.539
21.727
0.70146
5.2602
5.5335
0.69183
0.70958
0.70469
2.0512
0.66527
0.69823
0.69502
0.67143
0.71614
0.87297
0.68077
0.66681
0.68707
0.74645
0.69183
1.3213
0.68549
0.66374
0.72444
0.70469
0.67143
0.66988
1.4859
0.72277
0.72611
0.70307
0.73114
0.84333
0.84333
2.2646
0.94189
1.0864
0.7145
0.72611
0.6792
0.69183
0.72946
0.66222
0.95719
0.82604
0.87902
0.97275
1.39
2.8119
0.81846
0.72611
0.73621
1.3868
1.1995
0.69823
2.0091
2.2961
0.96383
1.2162
2.0464
11.722
5.728
1.3521
7.3114
3.2063
13.092
22.542
25.061
27.861
23.496
19.861
24.434
24.434
30.409
27.29
18.239
16.52
23.496
22.387
23.496
22.387
23.174
12.972
1.9861
4.9545
19.588
26.002
20.559
18.967
23.281
22.803
21.232
22.803
19.907
16.672
18.323
18.578
3.5237
2.5527
0.93541
5.4075
1.1429
7.0958
3.8282
1.2078
4.5394
1.8621
5.035
7.1945
3.0479
1.1508
5.3211
16.711
16.218
12.912
8.9536
2.3496
10.74
9.4189
14.488
3.1842
0.74989
0.69823
0.67608
0.70146
0.78524
0.70146
0.66681
0.71121
0.66681
0.7145
10.617
22.131
24.434
23.659
25.823
22.182
24.378
22.131
21.33
12.706
2.2336
0.9528
15.488
21.928
20.797
21.478
23.55
20.893
30.903
24.66
19.679
22.909
22.336
21.727
21.528
23.605
15.776
22.491
19.724
19.907
3.3651
0.73451
2.6485
3.6141
0.93325
1.2823
1.4723
2.6546
8.2224
20.417
1.7498
1.2912
2.0464
1.6106
6.4714
11.885
3.4435
4.4875
2.3388
1.205
1.7458
2.0941
8.6497
4.6132
4.217
4.2954
20.37
19.77
9.9541
10.023
20.324
25.586
22.131
22.029
21.281
22.491
21.281
23.014
18.707
0.77446
14.488
11.885
19.634
18.75
23.988
21.777
24.322
11.858
13.366
6.1235
1.6255
2.1878
3.4356
8.3946
16.181
19.634
16.52
23.281
20.845
21.232
22.751
19.275
20.989
23.227
20.045
21.928
9.1833
9.5719
16.596
20.845
15.346
20.559
20.137
20.324
18.493
0.88308
0.89331
1.7701
8.2414
0.90365
0.80168
0.88716
0.76384
0.77446
0.75858
0.71779
9.2683
18.535
17.865
16.106
8.5901
4.0272
0.70469
0.72778
0.66374
0.71779
0.69502
3.4198
0.90157
3.7497
3.4198
2.6363
1.6749
4.1305
1.556
1.4894
8.8105
0.71614
14.06
18.323
22.233
19.999
23.174
21.727
22.594
23.933
22.751
20.23
24.044
17.62
24.66
20.941
18.535
11.94
5.4576
0.80538
1.1995
4.7098
7.4989
1.6368
2.9309
1.3868
15.922
0.69183
3.0903
3.5481
0.71285
0.77625
0.71779
0.66374
0.78163
5.3456
10.399
1.7783
1.6672
1.3428
0.82794
0.79068
0.83176
0.82224
0.74989
0.88512
0.84723
0.73282
0.9247
0.73961
1.5346
1.7824
1.3964
2.2336
0.8356
3.2434
1
0.81658
1.3459
0.8356
0.76913
0.72611
0.68391
0.70632
0.75162
0.74817
0.70795
1.4191
0.99312
2.208
1.2882
1.1858
1.3709
4.8306
4.1976
18.664
1.3646
5.2966
0.81658
0.8531
0.66988
0.70795
2.8973
0.85507
0.74989
0.74645
0.75162
0.69984
0.76033
0.75683
0.72778
0.75858
0.70307
0.70632
0.7379
0.74989
0.68234
0.75509
0.7145
0.74817
0.76033
0.73961
0.67608
0.72277
0.73114
1.2218
1.6558
1.6293
0.70469
0.68234
0.69663
0.74989
0.69343
0.67608
0.69343
0.69984
0.71945
0.70307
0.65313
0.75162
0.73282
0.78524
0.71285
0.74473
0.7145
0.74302
0.68391
0.69183
0.74131
0.72778
0.69823
0.72611
0.74645
0.6792
0.69502
0.69823
0.68707
0.72277
0.67453
0.66527
0.68391
0.68234
0.84918
0.69823
0.66374
0.73451
0.74131
0.67298
0.72277
0.64269
0.76208
0.68391
0.69024
0.71285
0.73621
0.69183
0.67608
0.73451
0.69343
0.72111
0.68865
0.97499
0.71121
0.98175
1.1858
0.72611
0.72778
0.76913
0.77983
0.79433
0.73961
0.70958
0.76384
0.71285
0.73282
0.75509
0.69024
0.74645
0.72111
1.052
0.76033
0.77804
0.7709
0.76208
0.76736
0.68391
0.80724
0.83753
0.69984
0.72778
0.73621
0.70307
0.9528
0.68391
0.64714
0.69343
0.70795
0.6792
0.69984
0.74645
0.9594
0.68707
0.68865
0.6792
0.72444
0.76384
0.70632
0.66069
0.70632
0.74645
6.1944
1.1298
1.0023
1.4588
2.5119
1.5776
1.5136
1.3932
1.0839
1.4454
1.9907
3.8282
5.8614
1.9588
2.3714
1.9953
0.98855
1.3868
1.8281
1.5382
3.0549
1.135
0.83753
1.0399
0.8531
0.80538
0.83946
0.78524
0.80168
0.75858
0.73451
1.4894
1.1092
13.74
14.555
15.996
2.8054
0.83946
1.3032
2.0137
4.8978
3.1261
6.0534
4.7424
1.9275
5.188
2.7102
1.1995
1.2823
1.7061
2.355
1.8578
0.78524
0.67298
0.97949
0.79433
0.80353
1.2274
0.88716
5.9841
0.89125
3.1915
0.71121
0.70307
1.4223
0.67143
0.72946
0.67608
0.72277
0.7379
0.78524
0.74989
0.71614
0.75336
1.8836
11.143
1.3996
9.594
16.634
18.578
19.187
20.941
21.38
20.654
15.101
7.8163
8.9743
17.338
20.23
18.45
19.364
25.41
19.231
19.543
22.439
21.478
14.289
5.9841
5.5976
19.454
18.365
17.989
22.439
20.324
10.74
3.2885
1.4521
17.62
19.634
22.284
22.542
18.707
18.072
22.336
19.543
0.72778
0.78163
11.35
9.0157
0.8892
0.86298
0.79799
0.76736
0.83753
0.8356
0.86696
0.82035
0.77268
0.89331
0.84918
0.86099
0.72611
0.74473
0.75336
2.2233
6.1802
1.4289
12.853
4.0644
1.9907
9.594
15.488
16.032
16.558
20.23
23.714
20.045
16.218
19.187
19.861
19.679
10.162
4.1591
2.8907
8.0353
12.823
8.531
17.742
16.711
20.989
22.284
19.679
13.964
1.3366
0.90365
0.88308
3.4834
5.6494
16.106
2.6915
11.749
0.74645
17.418
16.904
18.281
18.88
15.56
20.23
21.184
19.77
20.701
28.314
20.324
21.827
17.579
19.011
20.989
15.996
0.91201
10.351
16.866
17.539
16.711
15.417
16.218
26.915
20.797
19.953
18.578
7.379
0.73282
0.67608
0.68234
0.68234
0.71285
0.76913
0.69343
1.1749
5.5976
18.664
15.704
6.8234
13.062
2.2961
4.3053
12.764
5.1761
16.181
10.233
21.38
20.701
26.792
19.815
14.223
10.839
17.14
0.78343
0.70795
0.76033
0.69183
0.88716
1.4191
0.93756
0.80724
0.74473
0.81283
4.2756
4.9204
14.689
21.577
19.543
18.155
27.164
19.861
21.727
21.38
12.56
1.183
1.4825
1.1117
1.4928
1.8793
0.96383
8.9743
6.4417
12.05
9.594
7.6033
11.695
17.1
20.464
13.583
8.3753
20.137
16.788
1.2823
4.5814
3.1696
7.5858
17.906
15.922
23.442
12.912
15.311
21.038
21.677
17.498
19.679
12.794
18.239
22.233
22.336
20.324
17.66
0.70469
0.75336
0.74989
0.75858
0.77446
11.614
14.223
19.815
3.8905
12.474
0.75162
6.6988
2.5527
1.714
1.7378
2.3988
1.9409
7.2444
1.7061
1.8408
5.0816
17.579
7.7446
25.41
26.853
12.912
15.346
21.038
21.878
21.677
19.187
1.0139
0.78886
2.8445
5.6364
1.7179
1.256
2.6853
1.1776
1.1912
1.4655
6.3096
17.906
21.429
21.38
23.496
22.803
21.232
18.621
15.205
20.559
22.439
19.231
14.962
17.865
19.724
10.765
0.85704
1.2134
2.3121
0.74302
11.117
4.4771
0.72611
0.71614
3.0339
5.2966
18.88
20.137
18.664
21.677
16.596
26.485
12.303
18.239
18.239
19.634
10.471
0.74645
0.9977
1.4454
4.592
1.8281
1.7258
3.3651
14.894
10.814
20.941
7.9433
15.704
3.0974
1.5417
0.72444
2.3933
3.3574
1.7824
1.652
4.6881
6.1235
17.947
21.33
18.707
17.418
21.677
20.23
23.988
4.4668
1.6255
3.9264
13.804
1.0328
0.85507
0.73282
2.6303
3.2434
7.2444
2.5823
20.091
5.0933
3.5075
1.6634
1.8408
1.4256
2.5763
1.9634
5.8479
4.3152
6.8234
17.258
19.543
21.38
22.803
19.454
17.865
11.995
0.83753
0.9247
0.81658
3.342
4.7315
0.78886
0.77268
0.8531
0.85507
0.76033
0.86497
0.83176
0.75683
0.78524
0.90365
0.78524
0.9506
5.2119
7.145
7.2444
1.6069
0.77446
2.1979
4.3853
3.155
5.8884
3.0974
2.0989
1.3397
2.1827
0.69183
1.9409
0.72778
0.73451
1.71
0.73114
0.71285
0.67298
0.69984
1.5849
0.70307
0.72444
0.73621
2.037
0.73621
0.73451
0.70469
1.0069
4.3251
4.121
3.4995
1.6331
3.2885
9.4406
14.521
16.52
17.783
20.091
23.388
22.751
12.503
8.4333
20.464
18.75
22.284
22.699
17.298
20.091
16.293
19.143
18.923
1.0139
1.1272
10
15.171
17.298
20.045
18.239
20.184
21.281
17.701
0.78524
0.70795
0.71614
2.2961
1.1194
0.92257
0.81658
0.79799
0.79983
0.78524
1.2417
0.91201
0.7379
2.4717
1.0162
0.84333
0.8356
5.2119
7.5336
8.77
3.2434
0.8091
2.2491
2.2439
15.849
10.889
1.7179
2.1979
0.71779
6.8549
10.351
3.342
13.964
1.0617
1.4256
0.73961
0.68707
0.84333
5.3951
10.889
2.3121
2.8184
3.3806
1.8621
1.9861
1.2503
14.125
21.038
21.577
22.699
21.232
18.967
26.915
26.303
21.429
21.135
17.219
23.067
21.135
22.646
3.4041
0.74473
6.2806
18.45
1.2274
1.0233
8.7902
1.052
3.0061
4.0644
2.4322
14.622
15.417
13.305
1.5996
2.4434
1.0375
1.3868
1.3002
1.9143
1.8535
1.1588
1.3274
2.3388
7.2444
14.588
19.724
22.284
19.815
19.364
23.067
21.429
21.38
20.277
24.604
19.011
16.293
17.14
23.714
14.723
1.9011
21.478
15.205
15.631
23.496
21.528
19.634
22.803
20.989
20.893
8.4528
0.84918
0.82414
0.73282
0.84333
3.3806
9.6161
10.814
0.70632
14.125
2.1577
10.691
0.96828
10.447
5.9156
2.5763
3.4356
9.1833
16.106
13.996
15.136
19.498
20.23
18.493
20.137
20.845
19.231
19.77
20.37
16.672
4.6989
0.73961
6.166
0.74302
0.7145
0.74473
0.70146
7.2444
13.335
6.7608
1.9187
3.8994
1.6368
3.7844
3.2509
2.7669
1.9187
14.158
17.579
22.284
11.117
1.977
1.2359
5.5208
0.69343
12.647
1.0447
2.1135
2.4044
1.0233
1.3868
0.77268
0.84333
0.8995
1.3032
2.0749
3.9174
1.6672
1.122
1.374
1.6982
11.482
15.031
8.7297
18.072
21.184
21.38
21.627
21.677
28.84
18.072
20.797
19.953
1.0209
0.98175
0.91833
14.223
12.764
20.701
20.797
23.55
20.137
21.33
20.277
0.68865
11.885
16.866
7.6033
10.765
0.77625
0.91411
0.74131
0.85704
0.91833
2.7102
7.1945
17.022
1.0889
3.6308
1.5959
0.75336
9.3972
15.996
0.95499
16.788
15.959
19.999
21.727
20.559
11.967
0.71614
1.2134
1.1429
1.3366
12.078
0.71121
0.73451
0.74989
0.71945
0.71121
2.4889
3.0832
1.0186
0.86099
0.83946
0.9247
0.8147
0.85704
0.86696
0.93111
0.73451
0.75509
0.83176
0.78886
6.8549
22.491
18.621
25.061
18.493
14.028
21.677
19.498
19.364
12.162
23.878
22.131
16.749
20.606
21.878
19.055
15.776
2.3121
5.3951
5.9704
17.906
18.197
21.979
21.577
22.909
17.579
1.2303
0.88716
0.92045
0.78705
0.85704
1.6634
1.7418
10.99
4.4157
5.7412
1.4488
3.8548
13.243
18.578
19.055
22.08
17.865
22.751
19.543
21.827
20.184
11.402
2.2387
4.1115
3.9537
1.3092
2.3659
5.1168
2.0893
11.858
19.011
18.75
3.767
1.1749
4.2756
11.092
10.471
1.7947
4.3451
1.4488
0.90365
0.94842
4.7534
14.894
11.508
18.967
18.113
16.788
15.417
19.275
20.797
21.577
21.086
21.184
18.88
20.893
20.654
24.774
17.179
3.3963
0.84333
0.71945
17.298
16.293
1.6788
1.3397
7.2111
11.22
17.458
20.893
17.62
18.323
5.821
14.158
19.454
22.08
21.232
20.893
21.281
14.689
0.84333
1.0139
1.4256
12.162
14.825
3.3189
3.8282
15.417
1.7298
0.80168
1.0186
2.8445
2.5061
3.5892
2.208
0.72277
2.5003
4.8306
0.66527
0.71614
0.82794
1.2912
9.3972
16.032
15.311
5.5719
7.8705
2.1478
1.8113
3.1623
1.3032
2.0512
1.194
2.7353
2.0417
1.8155
11.858
11.143
3.0339
0.76033
16.069
17.061
20.989
17.061
2.4889
1.9815
5.2723
5.5335
7.0146
0.80724
6.792
10.186
9.594
1.4322
1.7989
1.0186
0.90157
0.83753
1.9907
0.81846
0.80353
0.81846
0.86298
0.9594
1.9999
0.85507
1.5205
1.1722
1.6827
2.6607
1.7539
1.6904
6.5013
2.6242
1.4125
9.5719
2.0417
8.2604
7.0632
4.3351
2.6002
5.8614
13.335
6.7764
2.7416
5.2845
6.4417
14.859
14.723
16.827
17.62
17.906
17.498
1.3804
0.74473
0.71779
0.69823
0.75858
0.78705
0.78524
1.0568
0.73451
0.82794
0.90365
0.7709
0.80353
0.8531
0.97949
2.2131
6.8077
2.8642
6.8549
13.9
16.904
20.559
21.528
19.634
19.634
24.099
21.577
21.429
22.491
15.56
10.023
8.2224
13.274
1.3122
3.2434
19.099
18.155
24.21
20.417
22.233
15.596
3.7931
16.106
20.845
19.231
18.239
21.677
2.9107
0.76913
1.3062
4.2658
4.2364
2.2029
10.568
11.995
6.8077
6.5313
18.03
7.4302
0.98855
1.6982
2.023
2.0893
2.5763
14.355
17.258
21.827
23.496
19.275
20.606
15.56
13.804
19.32
16.558
4.6238
20.559
18.664
7.8705
18.03
22.131
15.996
0.78886
0.72778
0.72277
0.69183
3.0479
1.1695
14.158
22.08
2.9512
0.88716
1.977
3.2211
0.75509
0.89125
0.93541
3.0903
19.77
20.23
17.1
11.298
15.704
0.71945
1.4158
2.2699
1.9231
1.1066
0.95499
0.80168
1.5241
0.82224
0.77268
0.9528
0.99312
3.6392
2.4044
10.209
10.28
4.2267
5.5847
5.728
4.4566
18.281
18.493
20.277
16.181
16.788
11.83
0.84333
0.7925
0.9506
0.90157
13.092
17.742
15.524
19.498
2.0417
0.72778
20.989
15.959
21.086
9.4624
0.74817
0.73621
0.68077
0.68865
0.73282
0.71945
1.3804
1.1117
2.1878
4.1687
1.4093
1.4859
0.84333
0.84333
1.5885
13.709
14.06
18.621
21.135
22.856
19.588
17.14
2.7925
0.67298
0.70307
0.68391
0.71285
0.69502
0.65766
4.9317
0.76736
1.2764
4.2954
4.5814
3.9174
2.9376
2.037
5.902
6.223
2.3442
8.1096
13.868
21.577
15.704
18.408
16.711
14.028
16.672
16.596
20.749
17.378
16.106
8.4333
20.845
19.32
8.3753
9.9312
0.76384
5.5976
2.2491
0.78343
1.3614
0.7145
1.5417
0.81658
0.80168
1.4723
2.9376
3.5156
2.8576
2.8379
3.6058
2.3605
2.5645
3.0761
3.1117
6.0674
12.134
19.187
20.324
17.418
17.338
12.078
0.69984
0.73961
1.4191
0.8356
3.342
5.8749
1.3183
4.7643
5.8076
0.72778
1.652
2.6669
1.3032
13.9
6.1944
9.7724
18.281
21.184
23.121
18.621
2.1627
2.0091
0.82035
0.90157
0.69663
0.74817
0.81283
0.76208
0.7709
0.74131
0.78163
0.83946
0.84918
0.77625
0.72611
0.79433
0.79799
0.81846
0.90573
0.75509
0.82985
0.77983
0.78886
1.7947
2.5704
2.0324
1.2474
1.8493
8.9743
1.4454
1.6181
10.304
15.996
18.239
18.113
12.531
1.2912
0.80353
0.72611
1.8072
2.2594
8.3946
13.366
18.323
19.999
19.724
16.672
14.791
0.7709
1.0069
7.5683
1.8535
1.0351
0.79983
0.90782
1.0889
2.2751
1.0375
0.9977
0.84333
0.9528
0.89536
0.90157
0.87902
0.81283
1.5885
2.8119
0.76384
4.2267
3.6141
9.7275
6.2087
7.7446
17.579
18.197
16.634
17.579
15.668
7.0469
0.76033
0.77625
0.66834
16.788
12.274
12.445
0.66681
0.69984
3.8726
11.967
17.989
19.187
1.7022
0.7145
0.67764
1.762
0.72611
0.68234
0.77625
0.70632
0.65313
0.79983
0.8531
0.85114
5.0466
1.3243
1.71
0.8892
0.87498
0.877
1.1482
1.4894
2.1577
1.3583
2.2387
2.2182
1.8707
10.889
15.101
19.77
14.093
4.9317
11.858
11.885
1.374
1.4894
1.4322
2.0464
1.5704
1.9861
3.2584
21.528
21.928
2.6363
1.094
2.2182
1.349
5.1642
5.358
8.77
1.0765
0.84918
1.1614
0.96383
0.87297
0.74473
1.7298
1.1749
0.84723
1.3646
4.7973
18.535
4.3451
17.66
22.131
21.627
20.37
2.3933
17.219
9.7499
7.5858
1.8664
3.3113
7.2111
8.3368
19.588
16.032
4.9888
1.7298
2.037
1.3243
5.6494
0.94842
1.5136
1.094
0.83176
4.4259
20.606
3.8815
16.181
18.072
23.227
19.815
15.959
26.062
1.5136
0.70469
2.5293
2.8314
13.583
23.714
19.364
2.0797
19.055
23.823
20.277
22.284
16.368
13.002
4.8417
12.972
19.231
8.8512
0.71121
6.2806
0.71614
0.71285
0.82985
0.81658
3.2285
0.77268
0.82604
0.75509
5.5719
11.803
0.94624
0.91622
0.74989
4.2267
14.928
20.464
10.691
0.9247
0.8147
12.647
18.493
20.941
17.783
9.0991
0.71121
0.74817
13.062
17.378
19.231
19.454
19.815
9.247
16.406
0.97499
0.77625
0.73114
0.9594
0.73621
0.79616
0.75336
1.8113
13.122
20.559
11.588
1.5101
3.7584
2.7479
3.9628
3.1117
11.749
16.406
17.061
0.71945
14.825
16.943
18.707
16.866
17.539
1.122
0.67764
0.70469
15.453
25.41
20.23
21.677
21.135
0.69183
0.75683
0.71614
0.76384
1.6069
8.77
0.7925
0.8147
2.2284
1.7418
17.742
17.865
22.131
6.166
9.1411
16.255
11.535
21.33
22.131
14.622
0.7709
5.8479
18.072
5.9841
21.727
14.894
0.72277
1.4028
19.724
19.055
21.232
20.559
4.217
1.2706
2.9923
1.5241
6.1944
4.4668
11.194
21.281
19.275
19.32
14.723
23.823
21.038
15.136
0.68707
7.1945
0.85507
0.79616
0.96161
0.74302
1.1776
2.2856
1.9187
13.428
15.74
17.742
23.442
17.378
8.7498
0.81658
0.74817
1.2647
0.74989
0.97499
2.9174
0.72111
0.87297
0.75509
0.74645
1.1803
0.75683
2.6062
1.5066
2.6122
6.5615
1.6144
1.4622
1.3521
3.3963
9.7275
1.8155
9.7949
3.9355
19.32
18.281
21.184
5.5081
0.74473
19.588
19.231
21.878
20.184
21.677
19.498
19.011
0.66834
0.77625
1.135
7.5683
20.091
14.125
0.89743
23.335
19.724
20.701
22.491
0.91411
17.906
20.464
19.011
5.3951
20.749
16.069
17.66
2.3227
7.4302
17.539
22.751
22.233
18.621
13.243
5.2602
0.8414
2.4831
4.3551
18.323
18.707
20.091
17.022
10.093
0.69343
0.69663
0.70146
15.704
22.699
20.893
20.184
27.479
7.5683
1.7378
1.3583
0.90573
0.93541
2.7227
7.379
12.106
1.1482
2.1979
8.7096
1.2218
17.989
1.6866
12.134
18.493
26.424
10.328
18.239
20.464
14.622
18.03
19.543
20.184
15.959
21.777
21.086
20.559
16.672
0.70958
6.0256
7.2778
0.92897
0.93111
17.458
19.588
27.99
22.233
23.281
21.577
11.94
15.171
2.7353
21.677
17.378
20.654
15.56
14.894
1.714
0.7709
0.81283
7.0307
21.478
19.231
16.788
21.135
22.961
20.512
18.923
19.999
23.227
17.783
17.458
8.356
16.749
25.645
11.169
2.4322
2.7733
1.8493
3.6898
10.375
16.144
25.586
25.942
22.491
18.75
25.942
17.824
26.242
22.491
17.783
18.408
19.055
23.442
24.66
21.827
19.815
17.458
22.646
23.823
17.906
27.227
3.1117
25.351
19.679
16.982
0.79983
1.762
15.74
24.322
3.2137
20.559
18.365
22.029
21.928
0.82985
0.8147
0.88308
0.79616
2.9717
19.409
2.3014
4.8865
9.506
11.066
22.803
27.733
25.003
22.909
11.35
9.3972
11.749
0.92897
14.825
0.73114
22.336
19.543
22.909
22.182
22.594
16.711
12.417
0.9594
0.77268
0.83368
0.80168
38.905
24.044
22.751
24.66
22.594
24.155
29.04
29.174
32.063
29.923
29.242
27.479
26.853
26.242
26.853
27.99
24.044
26.062
25.235
20.941
7.0146
21.232
22.387
24.491
29.107
27.164
28.774
27.861
24.099
25.882
21.827
27.797
27.164
25.645
26.242
28.119
25.119
28.708
24.831
26.977
24.66
26.669
10.641
4.9204
22.233
