1.9724
2.9648
1.219
1.256
0.92257
0.8091
0.82985
1.6293
1.3274
4.8865
0.82794
18.88
19.498
18.239
13.335
2.1827
0.91411
0.86298
0.8147
3.9994
0.82985
3.2885
1.5101
2.5882
5.4576
19.953
21.038
20.941
18.967
3.4914
1.3366
0.78343
1.3092
2.2856
0.82985
0.93325
1.028
0.91833
1.7378
0.87498
0.77983
0.7656
2.0941
1.0914
21.038
17.418
14.158
19.143
23.067
21.979
2.4831
4.6881
18.155
24.155
22.542
4.2267
0.90991
4.1879
3.1333
2.6424
16.032
26.853
6.6834
21.979
23.933
10.99
2.1727
0.78524
22.08
24.946
23.55
28.119
14.622
18.621
26.122
1.1508
0.95499
0.83946
2.2751
0.98175
0.82224
22.856
24.155
15.56
24.155
19.409
2.1281
9.1622
0.82035
0.9977
5.9429
22.182
24.889
23.014
2.5527
0.98628
4.8306
1.0914
26.363
22.646
12.853
3.3651
0.9528
3.7154
2.5468
24.774
26.424
27.227
24.099
13.366
4.1495
21.038
21.232
26.242
27.04
2.7542
1.3152
4.1687
0.7709
18.621
16.827
22.387
25.823
0.79068
2.9854
16.406
21.38
25.763
24.266
24.044
1.8707
1.3183
1.1508
0.9977
7.8524
6.6681
13.74
23.878
0.92257
0.85704
0.75509
0.75858
0.79616
0.81096
0.71779
0.88105
0.7925
1.9409
0.92897
22.856
26.853
9.1201
2.0797
1.0093
6.2087
1.0328
19.907
26.062
23.605
25.41
19.815
1.6218
1.0641
3.069
11.272
1.2218
1.9953
9.0991
18.75
2.6792
0.95499
7.4302
26.424
27.164
19.231
20.845
27.227
18.664
0.83753
1.4191
17.66
22.803
25.704
25.468
23.067
24.491
1.766
0.87902
11.912
1.0162
25.763
17.378
26.669
17.258
1.9011
3.8994
19.999
17.258
30.479
33.963
16.106
4.0738
1.2531
2.6424
2.0893
3.155
15.241
19.953
26.977
25.003
24.547
20.797
2.2961
1.5631
1.4859
20.23
13.804
1.1995
20.797
17.865
23.55
24.21
26.363
1.028
21.135
9.7051
22.131
15.74
23.605
21.232
1.5849
1.5668
1.7783
1.8072
1.2677
10.544
12.647
23.55
24.378
24.774
26.546
22.803
8.6497
21.827
22.856
23.714
24.266
23.55
1.5346
0.95719
9.7949
0.87902
0.82604
0.88308
1.932
7.3451
0.89331
4.2756
19.679
1.3772
21.827
26.122
29.309
25.061
23.768
15.524
22.336
24.155
23.121
22.856
2.3442
0.88105
7.8886
18.155
0.91201
5.7412
25.003
25.586
3.8548
0.86497
1.3772
0.80168
0.9247
22.751
12.764
1.6596
0.7656
4.2462
1.0233
0.84723
1
0.82035
0.94406
1.0965
0.68549
2.0941
0.79799
11.614
29.785
22.387
26.424
26.062
28.445
24.21
22.961
19.364
2.6485
5.1286
1.3996
16.181
1.574
1.2912
22.803
31.189
6.8549
22.491
23.605
27.227
23.281
25.704
10.399
5.3703
5.236
22.699
18.75
24.21
17.258
20.701
23.878
24.378
23.121
8.2224
0.83368
5.6234
0.86896
0.94842
0.75858
0.82985
1.2912
22.542
6.1094
25.527
27.542
26.363
24.946
4.8417
0.96605
3.9264
9.8855
0.98628
10.209
11.722
1.4723
1.8493
2.3442
1.2823
8.7902
16.293
1.1143
1.9187
1.0666
1.2677
1.0162
16.827
2.0417
21.038
21.727
21.528
25.763
20.654
20.701
10.94
15.205
10.889
24.717
26.607
25.061
22.182
25.527
10.641
16.982
3.342
13.552
1.1455
19.953
24.946
24.946
27.733
28.119
25.41
25.763
27.416
23.605
20.989
24.322
20.749
1.0715
9.7949
2.5293
17.539
21.979
23.823
23.014
20.893
20.797
26.242
25.645
26.303
23.878
3.5975
2.4434
1.2942
3.4041
7.9799
21.577
24.099
25.645
25.763
26.607
19.634
22.336
18.365
24.547
26.303
23.878
27.99
24.322
22.439
19.32
24.491
21.928
23.442
0.75683
1.4757
22.336
18.493
20.797
12.531
1.0423
7.7983
22.542
25.942
23.121
26.607
21.232
15.74
1.2503
17.579
23.659
22.909
18.45
21.429
21.577
2.704
0.90782
5.9566
0.78886
0.87096
4.1495
8.7096
22.284
27.227
29.444
21.577
23.227
25.882
22.08
24.831
0.70307
0.81096
21.38
20.184
4.9659
23.281
22.08
10.765
1.099
21.135
26.792
24.155
26.915
21.777
19.364
2.8119
16.672
16.672
25.942
22.909
24.322
22.029
0.89125
1.2162
0.91201
11.749
22.233
25.003
26.122
23.496
19.588
11.535
25.41
20.091
7.6033
4.5186
0.85901
2.3121
1.1885
14.689
5.5847
16.106
2.9923
2.0989
22.909
24.044
22.284
20.989
23.227
21.528
21.627
23.878
17.701
15.631
16.558
19.099
0.7925
1.0399
0.69663
0.82985
1.0209
0.76033
0.68549
27.353
25.061
23.768
24.044
20.324
23.496
4.0644
4.3251
10.99
20.701
29.107
19.454
23.335
20.654
23.335
21.627
6.2951
14.158
21.928
1.6293
2.3605
4.4259
10.046
12.56
24.946
1.1668
0.86696
1.1668
2.5468
0.9247
0.9506
26.002
20.184
25.823
23.659
21.627
24.774
11.614
18.197
13.366
1.0965
0.95499
1.9861
1.0666
0.98401
1.3366
5.236
17.906
5.7544
22.284
23.823
20.654
17.783
28.708
12.882
21.281
22.856
23.714
26.303
17.219
2.8642
1.1776
8.2035
18.281
23.014
25.704
25.882
23.281
20.184
26.485
21.627
25.177
22.182
19.143
20.184
6.3533
14.388
20.893
22.08
23.442
18.45
0.79799
5.9566
2.9444
12.972
3.9537
1.7179
5.035
11.508
24.604
24.378
22.387
6.5163
14.894
22.08
17.14
1.2531
2.0417
1.8923
2.799
1.0233
1.9275
0.96161
1.9099
0.7656
23.227
23.768
21.429
22.909
24.322
26.546
18.75
11.722
0.74473
0.83176
2.4889
22.961
24.831
21.677
23.55
21.281
13.366
1.2246
2.3768
16.444
20.606
24.21
28.973
25.061
25.003
22.387
24.434
21.727
12.218
9.2045
12.677
0.92257
1.2589
1.3804
1.4723
10.233
9.0573
17.418
22.646
24.434
23.823
22.182
22.803
25.119
18.664
20.23
0.74473
23.496
18.365
22.594
21.777
0.71285
0.67608
0.66834
0.91201
0.65163
0.72277
0.68865
0.69343
0.72778
0.73621
0.97724
0.97499
1.3032
1.1455
2.2542
0.78163
0.79983
1.0715
0.81846
0.9247
0.99312
1.8281
1.6032
3.7325
3.4754
4.3451
1.6482
1.0617
1.2023
1.0233
5.8076
7.6033
0.69984
1.5241
1.0304
0.84333
1.3552
1.4962
0.8147
0.8091
0.81096
0.74302
1.3868
1.1324
1.5066
1.3243
1.052
0.69663
0.74302
1.1376
2.4266
1.3062
2.4044
1.5524
1.6181
1.406
1.7498
2.1777
1.1508
1.9409
3.3806
0.78524
0.75683
1.4488
4.5499
0.65464
0.76384
1.6788
12.618
15.417
0.76384
0.75162
0.65917
1.122
0.73961
0.73114
0.69343
0.71945
1.0864
0.79433
0.73282
0.75336
0.92257
0.88716
0.98628
0.9594
1.2618
0.75162
1.9724
1.0375
6.6069
0.86099
0.90157
0.82985
1.3868
0.82414
1.7742
0.9247
1.0399
3.2285
0.74817
0.73621
0.74473
0.87096
0.68077
0.65766
0.69823
9.9541
12.274
18.365
3.2359
0.9977
0.88716
0.93541
1.0864
1.7742
2.7416
0.74989
0.68391
0.71779
1.9634
0.73282
0.70632
0.72611
0.74645
6.3826
0.66527
0.70469
0.67143
0.69984
1.7783
2.4889
5.8479
6.9823
1.4555
8.3946
0.72277
0.96605
19.543
24.266
20.417
17.219
20.37
21.979
18.493
20.324
21.429
17.258
15.488
19.055
19.011
16.788
19.099
13.868
15.959
0.71614
0.6792
0.77983
18.578
24.21
25.645
10
0.70307
5.6364
2.421
3.013
1.5922
1.3213
1.5885
1.5453
1.6069
7.4989
14.355
12.912
19.32
2.2284
14.723
24.66
25.41
24.155
27.99
17.824
23.121
22.387
17.579
17.701
31.046
23.714
18.408
9.506
2.9717
3.5237
3.3806
17.418
21.184
26.485
21.086
26.485
25.119
24.266
24.322
20.137
23.174
23.335
19.588
23.442
26.546
11.376
0.73282
0.74302
0.72444
2.1878
0.77268
0.69984
0.68234
1.183
1.8323
1.2218
1.2853
3.062
1.6827
1.4928
1.4825
3.3729
1.2134
1.762
1.9815
0.877
2.3121
0.76736
0.85114
0.78163
0.82985
0.72277
1.1508
0.75336
0.78705
0.74473
0.8091
0.95499
0.99541
1.0162
3.2137
0.77268
0.70795
6.5464
1.3459
2.2751
5.445
0.97499
1.3709
0.67453
0.77625
0.72946
1.1561
0.70307
0.71779
0.90365
0.7925
0.73451
1.5668
1.1169
1.219
1.1912
1.9679
5.4828
2.3121
1.4723
1.5031
3.1623
1.7906
7.145
0.73451
0.92045
1.3092
0.67764
0.68391
2.958
0.80538
0.71945
0.95499
0.70469
1.5922
1.4997
0.72277
1.028
0.73451
0.71121
1.1722
2.3014
1.7824
1.803
1.71
0.78343
0.76384
1.7418
0.74131
0.68707
0.7656
0.8147
0.6792
0.96828
0.8892
0.73621
0.71121
0.73621
0.68707
0.74302
1.5171
0.70146
0.67764
0.70307
0.76736
0.74302
0.68865
0.67143
0.70469
0.68391
0.91201
0.68707
0.68077
0.75858
0.78886
0.68865
1.1668
0.68707
0.74817
0.70795
0.73961
1.3122
0.68707
0.75509
0.79616
0.75509
0.75509
0.73961
0.8414
0.72277
0.77446
0.72277
0.69183
0.74817
0.71614
1.135
0.72444
0.7379
0.73451
0.71614
0.73961
0.75162
1.0914
1.1885
0.73282
0.72778
0.69024
2.2699
0.74131
8.1658
17.906
22.131
24.491
23.659
20.749
21.827
19.77
12.531
0.85114
10.495
0.6792
0.70958
12.023
6.4714
12.706
0.72611
0.74302
2.4547
12.823
0.69663
0.82224
0.77446
0.75162
5.559
0.72444
0.77804
0.70958
0.70632
5.0699
12.474
0.73114
23.014
18.707
20.277
24.889
16.482
25.119
26.485
23.496
21.281
19.099
3.9174
0.78524
0.86497
14.655
8.5901
17.298
17.906
25.882
23.442
22.803
10.209
0.69663
1.4791
12.218
10.447
0.75336
1.3614
1.9543
3.5481
8.5507
1.8836
3.4198
1.977
4.5604
0.69984
12.882
18.535
19.77
18.923
2.3659
0.9506
7.2444
19.679
17.824
19.815
21.232
14.723
3.8194
0.8091
0.82985
2.3014
0.74645
0.69183
3.1405
1.1455
1.7783
1.0304
1.5885
1.5136
1.0351
7.8886
1.2106
1.4256
2.2387
1.4859
1.5241
1.2417
1.1995
1.6106
1.3002
2.1928
0.87902
1
2.5586
1.4962
1.9679
0.69024
0.67608
2.0797
0.75683
0.71945
0.72111
0.74473
0.79799
0.86896
0.7709
3.8726
8.2414
0.67764
0.73961
0.68707
0.84723
0.75509
0.77625
0.75336
1.7179
0.83368
1.5066
0.88308
0.79068
0.89743
0.81658
0.877
0.8995
0.87297
0.73621
0.97051
0.78705
0.78705
0.74131
0.74645
1.3183
2.2491
0.77983
0.67608
1.7906
0.73451
0.67453
0.70958
0.70307
0.70632
0.7379
1.6331
0.91622
0.96828
1.1803
0.96161
2.3988
1.2677
1.8281
0.71614
2.2961
0.6792
0.71945
0.77446
0.68549
0.73282
0.75858
0.75683
0.66527
0.7379
0.7925
0.73961
0.75683
0.79616
0.72111
0.75683
0.79799
2.2803
0.73621
0.72611
0.73282
0.72277
0.7925
0.74473
0.74473
0.72111
0.72111
1.5311
1.1272
1.1722
1.256
2.6062
2.7606
20.277
23.335
17.022
0.74131
1.7022
14.355
0.78705
0.71945
0.76208
0.83946
0.77446
0.74817
0.84918
0.69024
0.69183
0.78343
1.5101
0.69502
0.82985
1.1376
1.0715
0.73451
1.1967
0.68549
0.70469
0.73961
0.69343
1.0814
0.70958
0.76736
0.82985
0.74473
0.71614
0.70469
0.68549
0.71121
0.72111
0.7145
0.79799
0.7925
0.7145
0.77446
0.76913
0.73282
0.8091
0.7379
0.86298
0.7379
0.69823
0.8091
0.69183
0.76913
0.74817
0.72444
0.67298
0.65163
0.73961
0.73961
0.72111
0.71121
0.69502
0.74473
0.73282
0.73621
0.68707
0.76384
0.71614
0.69502
0.7709
0.69663
0.68549
0.66069
0.91622
0.72444
0.70146
0.6792
0.68234
0.7145
0.69343
0.83946
0.68391
0.7925
0.65313
0.76033
0.79983
0.74302
0.70469
1.1508
0.66374
0.72946
0.76384
0.69183
0.69663
0.76384
0.74645
0.88512
0.72778
0.69663
0.73114
0.68391
0.77446
0.6792
0.69663
1.1749
0.77804
0.69024
0.69663
0.7145
0.68707
0.72444
0.79799
0.67298
0.69984
0.70146
0.76033
0.77446
0.74302
1.0423
0.69502
0.68391
0.71614
0.71614
0.66681
0.67764
0.73961
0.71614
0.70795
0.66681
0.72277
0.70469
0.71614
0.68077
0.73961
1.3932
0.70632
0.65766
0.76208
0.68707
0.69343
0.67608
0.6792
0.83176
0.82604
0.66681
0.70469
0.65917
0.68707
0.72946
0.71285
0.70958
0.9528
0.70146
0.75858
0.67608
0.83753
0.7379
0.75509
0.8414
0.71121
0.82985
0.73961
0.71779
0.72778
0.71945
0.71121
1.094
1.0914
1.205
0.83368
1.2303
1.3521
2.4831
0.68707
0.91622
0.8356
0.79983
0.80538
0.85114
0.80538
0.90365
0.73961
1.4962
0.80168
0.76384
0.83368
0.90365
1.8793
2.8973
0.8147
1.2912
1.2134
1.5631
2.0324
4.0644
2.6002
1.3459
1.6558
1.3521
1.5205
1.3152
2.5293
1.6982
1.4125
2.0941
0.69343
0.94189
2.0606
3.3113
0.76736
0.76033
0.69984
0.68707
1.5959
1.122
1.1776
0.72277
0.88512
0.99541
2.6792
0.98855
1.7418
2.5177
0.8414
0.98401
0.8531
0.78705
0.80353
0.91411
0.77446
0.99083
0.75336
2.0893
0.69343
1.3836
0.72946
0.82794
1.1561
0.66834
0.69024
0.70146
0.84918
0.73282
0.73282
0.71945
0.66527
0.78163
0.71779
0.68234
0.7145
1.0399
0.66681
0.74131
0.72111
0.67143
0.67453
0.71285
0.66988
0.68391
1.2735
0.63826
0.77804
0.71121
0.72946
0.70146
0.76033
0.79983
0.70958
0.67453
0.7379
0.69024
0.71779
0.7709
1.1776
0.74131
0.71945
0.71614
0.86099
0.67143
0.68077
0.69663
0.70795
0.65013
0.81283
0.66527
0.69663
0.70469
0.71285
0.71614
0.84918
0.72111
0.64863
0.66222
0.74645
0.70632
0.89743
0.66681
0.75683
0.6792
0.68549
0.70146
0.65464
0.72611
0.70146
0.65917
0.70146
0.68549
0.71945
0.70795
0.69183
0.68865
0.75162
1.0186
0.68707
0.87498
2.1038
1.2853
0.70958
1.1508
0.78343
0.74989
0.76736
0.74817
0.83368
0.6792
0.72611
0.77625
0.7656
0.73621
1.406
0.66222
0.72277
1.374
0.7145
0.79433
0.72611
0.82794
0.67608
1.0471
0.77446
0.69024
0.66222
0.71285
0.71945
0.74302
0.69663
0.72778
0.6792
0.82224
0.72444
0.8091
0.67143
0.74302
0.73451
0.70469
2.1577
0.66527
0.68234
0.68077
1.5417
1.5524
1.6293
1.4355
0.75509
0.66681
0.72946
0.68707
1.5488
2.3442
0.81283
0.98628
0.99083
1.9498
1.977
1.4859
1.652
1.0233
9.4842
9.1622
16.866
21.429
21.478
25.235
18.621
23.442
24.378
18.621
23.067
18.323
19.543
28.84
22.08
18.836
0.77804
18.836
26.182
21.429
17.539
21.528
17.179
21.232
1.888
0.92045
1.8793
2.6002
0.71614
0.65615
1.4962
1.7498
2.2751
8.3753
13.152
14.555
21.086
18.621
25.468
18.836
18.408
16.406
19.32
19.679
16.069
1.5885
0.6792
0.74302
0.70307
0.72611
0.70795
12.19
16.634
18.621
22.594
17.579
17.539
22.699
21.38
1.5311
2.2387
4.3053
5.358
1.1117
1.4555
1.1429
1.4894
1.3868
2.8054
6.9502
1.194
1.4928
1.4791
1.1402
1.3459
1.5171
2.6977
2.1429
0.70958
18.621
1.71
1.1561
0.78524
0.73282
1.9543
0.82414
20.37
18.197
21.677
20.797
19.454
17.061
0.84528
2.7479
2.1777
1.5382
0.8892
0.83176
0.78705
0.83176
1.1169
0.90782
0.85901
0.86497
0.85704
0.90365
1.5453
1.8967
0.74473
1.3243
2.5293
10.069
0.80353
11.041
14.421
9.528
22.856
21.777
23.496
26.182
27.542
24.774
22.909
21.33
1.4125
13.646
7.1285
1.4355
2.1627
9.1411
0.77268
21.38
22.284
27.925
24.099
24.889
23.227
23.496
21.928
23.388
27.353
20.797
17.579
21.979
1.9588
1.1561
1.9588
1.7947
0.84918
2.0559
9.0991
2.8973
0.71285
15.382
25.882
23.878
23.605
24.266
25.527
24.889
24.044
23.768
20.989
15.849
1.1324
21.727
6.3096
6.3973
0.88512
0.78343
2.3933
5.8749
20.797
0.75509
19.953
22.233
20.091
24.378
20.749
26.607
23.823
16.749
20.989
25.177
23.121
21.777
23.067
23.55
16.144
16.255
13.092
4.0644
17.458
11.912
22.803
16.069
1.1246
2.2029
1.135
1.2303
1.7338
3.3113
0.72111
0.76384
7.4131
1.7906
0.74645
0.72111
0.70795
0.74302
0.77804
0.82035
0.72444
0.76736
0.8356
0.66069
9.7724
1.1169
1.2882
1.1641
1.6106
1.2764
5.4828
5.821
1.4158
1.0691
2.1777
1.5922
1.0765
1.1967
0.9977
2.6242
2.2491
8.7297
8.2794
0.66834
0.71779
15.311
20.37
23.067
25.645
27.227
23.878
21.135
13.152
0.70307
1.1588
0.9247
0.77268
0.79068
5.4954
1.1143
0.72778
16.827
16.711
21.429
18.75
25.119
22.387
25.293
24.774
24.099
22.856
16.788
6.2373
11.508
2.3823
2.2131
7.4131
0.75509
0.76208
0.68549
0.76033
0.81846
7.8886
1.3552
0.9506
0.7656
0.6792
0.70795
0.71121
7.9799
0.77804
0.76208
0.74989
0.71779
0.72111
0.79068
0.79433
0.74473
0.75683
0.70307
0.7925
0.76384
1.0495
0.77625
0.78343
0.72946
0.79983
0.88716
0.7656
0.82035
1.3243
1.574
0.9506
2.3335
1.0495
1.0139
0.86497
1.1482
1.094
1.1967
1.5136
1.0233
1.1912
1.4388
0.79068
1.1066
1.7947
0.67143
0.69183
18.239
22.646
20.37
22.233
25.061
21.627
25.704
24.378
23.823
18.664
0.68234
0.80353
0.69663
0.87498
3.4834
12.853
0.74989
5.5976
1.5849
0.8414
0.70632
6.7764
1.1117
1.256
2.7164
1.5524
1.9999
1.6368
16.749
18.75
25.003
18.365
25.119
22.491
21.677
22.336
23.933
21.429
18.75
9.0991
22.284
20.23
25.704
20.749
17.539
13.868
0.71945
0.65615
3.2584
2.1135
1.1143
2.1281
4.9091
7.7804
0.67298
0.72946
0.66222
0.68865
0.69183
0.75683
0.78343
0.74645
0.82985
0.72611
0.72444
0.74131
0.78343
1.8836
0.79068
0.71285
0.72946
0.73114
0.70307
0.70958
0.72778
0.73282
0.74131
0.68865
0.75683
0.71285
0.72277
0.68391
0.67143
0.96161
0.86497
0.75858
0.79068
0.72946
0.92045
1.0233
1.8493
0.91411
1.1169
1.4454
1.3062
2.7861
1.1967
0.72946
7.7983
5.224
1.39
1.71
1.2078
1.3964
1.3122
1.2882
0.89536
0.90991
0.93541
1.3646
2.4946
1.3836
1.4322
1.3428
2.6122
10.186
0.76384
0.76208
0.74645
0.71779
0.73282
0.75683
0.69343
0.8147
0.69984
0.71121
0.67453
9.7499
1.1092
1.3459
3.342
1.3002
9.8855
6.9343
14.454
0.71614
0.8356
0.71779
0.7379
0.73961
26.242
23.121
24.099
21.429
27.733
23.878
16.904
11.858
8.5507
19.32
11.94
19.498
0.7925
15.488
13.709
20.701
28.184
24.946
22.594
22.439
24.889
23.227
20.277
19.099
26.242
21.577
22.751
12.647
0.69984
0.72778
0.78886
0.81658
1.845
4.2073
0.77446
0.68549
0.72277
0.74989
18.578
12.388
0.77804
0.83753
1.5311
0.85704
1.099
0.8995
0.91833
1.1041
0.73282
1.6255
0.73621
0.75858
0.74645
0.74473
0.82414
0.86298
1.3274
0.72778
0.82224
0.76913
0.79799
0.80538
0.71121
0.72946
0.66834
0.74645
0.79799
0.82794
0.7145
1.1695
0.72611
0.76736
0.73114
0.74131
0.87498
0.70469
0.71614
0.71121
0.88716
0.77804
0.73114
0.78705
0.76736
0.73961
0.71945
0.71945
0.77446
0.74473
0.71285
0.68865
0.68077
0.69823
0.69343
0.76033
0.6792
0.85704
0.71121
0.72778
0.71285
0.73961
0.70632
0.72611
0.74302
0.70469
0.92897
1.0351
0.75683
0.70958
0.72946
0.73451
1.0209
0.7379
0.7379
0.78163
0.77804
0.76736
0.75162
0.67453
0.75162
0.97499
0.76736
0.81283
1.0351
0.73114
0.86497
0.91411
1.574
2.1232
1.3459
0.72778
0.71779
0.73282
0.69984
0.75509
0.88512
1.0641
0.75683
0.72111
0.75336
0.75858
1.0304
0.77804
0.74645
0.70795
0.67143
0.76913
1.3002
0.71779
0.76913
0.76736
0.72444
0.72277
0.7379
1.4689
0.8995
2.0989
0.73282
2.2387
0.91411
0.72946
1.0789
1.1722
4.0458
0.86696
1.7579
0.7656
0.74817
0.90157
0.84333
0.7709
0.78886
0.74131
1.4028
1.7579
0.84723
0.83368
1.6444
1.4158
0.74473
0.72444
0.70469
0.75509
0.77625
0.93541
0.68865
0.69343
0.7145
0.69024
0.71779
0.69024
1.6827
0.71945
0.73621
0.69183
0.72946
0.69343
1.256
0.79983
0.71779
0.69343
0.7379
0.71779
0.97949
0.73961
0.72111
0.70307
0.68391
0.77625
0.93111
0.81096
0.74817
0.78163
0.80168
0.64121
0.75683
0.78343
0.69343
1.0666
0.81096
0.83176
0.71121
0.84333
0.70795
0.73282
0.67764
1.349
0.7379
0.74817
0.75162
0.82604
0.72277
0.69984
0.79799
0.69183
0.877
0.72778
0.81283
0.73621
0.68549
0.68549
0.78524
0.79068
0.92257
0.71121
0.70795
0.74473
0.6792
0.68391
0.71779
0.98175
0.72946
0.71945
0.76208
0.75683
0.68865
0.8531
0.68707
0.87096
0.70958
0.7379
0.77268
0.73114
0.81283
0.69823
0.75162
1.122
0.99312
0.68234
0.75162
0.76208
0.69663
0.7145
0.77446
0.71614
0.71614
1.2853
1.766
0.74473
0.70795
0.72444
0.72946
0.75683
0.77268
0.94406
0.78343
0.72946
0.80353
0.71779
0.70632
0.79799
0.68865
0.73961
0.72778
0.72778
0.69984
0.69024
0.73282
0.79616
0.72778
0.74989
0.66834
0.74302
0.69343
0.76913
0.76384
0.80168
0.74302
0.75858
0.70632
0.70469
0.87902
0.78524
0.74473
1.6144
0.7379
0.70146
0.81658
0.73282
1.0666
0.8892
0.80538
0.877
0.77446
0.86696
0.78524
0.80168
0.75162
0.8356
0.84528
0.82985
0.76736
1.205
0.69024
0.70307
1.2023
1.374
0.78163
0.96383
2.8774
1.349
1.4421
1.5812
1.8239
1.3305
1.1272
1.7298
1.6482
1.3521
1.5136
1.6406
1.1376
2.0464
0.73621
0.90782
0.81283
1.1066
0.68707
0.72277
1.0447
2.5351
1.9724
4.0087
0.72778
0.91622
1.0789
0.96161
0.72444
0.74473
1.1376
1.5776
3.8637
2.1232
2.421
0.96828
0.71121
0.75162
8.9331
7.6384
4.2855
0.81658
1.4355
0.7709
0.72277
0.70146
0.70958
0.74131
0.74989
0.69823
0.78343
0.77625
0.72946
0.77983
0.69502
0.71779
0.70469
0.78343
0.68865
0.80168
0.74131
0.74645
0.83946
0.69183
0.7709
0.75336
0.70146
0.75509
0.79983
0.86696
0.73451
0.80538
0.82224
0.92683
0.82224
1.1066
0.82985
1.4256
0.97724
2.8576
8.4528
6.4121
0.71121
0.72444
0.72778
0.77625
0.71614
2.5527
0.75162
0.73451
0.88308
8.356
21.429
19.011
20.464
13.964
15.668
16.368
25.177
21.038
15.101
10.641
0.72778
3.7239
4.6345
0.69183
8.8105
11.722
1.205
0.74302
0.74473
1.0209
0.7379
1.8707
0.7925
2.023
1.1803
0.66834
0.72444
6.5615
3.3343
1.3213
0.68707
0.71779
3.155
1.5031
0.96605
1.8664
0.76208
0.7145
9.3111
0.73621
0.7145
0.71945
0.77446
0.75336
0.74645
2.729
0.72946
0.76208
0.69183
0.66681
0.78705
0.78343
0.72277
2.6363
0.72277
0.68865
0.73961
0.70469
0.70958
0.68234
0.68234
11.298
17.66
17.865
21.827
23.014
18.239
18.621
0.79799
13.868
18.75
25.119
24.66
23.335
26.242
28.249
24.21
18.072
16.982
22.233
27.797
21.928
24.434
20.606
2.9785
4.9545
2.7861
21.038
7.7804
2.2646
7.1614
2.3605
0.77446
15.776
18.323
17.338
0.66988
0.70795
0.71285
0.84723
2.9512
0.67608
1.1015
6.0256
1.803
0.78343
0.72111
0.72277
0.78705
0.75683
1.1143
19.32
17.783
21.038
22.699
25.235
24.434
22.336
7.9983
0.68865
0.72611
0.69502
0.95499
1.3032
1.2331
4.2756
2.9648
0.78343
0.74817
0.76384
0.71285
0.84333
0.7379
0.70632
0.77625
0.74473
0.87096
0.83368
1.0257
0.7379
0.80168
0.70469
0.84333
1.9907
1.099
2.1979
2.6607
3.3266
1.2706
1.6181
1.6069
1.7539
1.205
11.967
2.1928
9.2683
11.858
0.7145
0.73961
0.70469
0.69024
0.69984
8.2794
0.73114
3.342
0.69984
0.70469
0.65615
0.70958
3.5645
10.814
0.75162
0.77983
0.70146
23.659
19.187
4.1305
0.71285
1.3335
2.8445
14.06
8.6099
0.83176
0.7709
0.69343
0.72778
0.72444
0.73114
0.6792
0.7145
0.69823
0.65766
0.73621
0.68391
0.68865
1.6596
0.68865
0.73451
0.73961
0.67764
0.69024
0.68707
0.75336
0.65917
0.65013
0.8091
0.68391
0.70469
0.69984
1.1588
1.6255
0.66374
0.72611
0.65917
0.68865
0.69823
0.77268
0.99312
1.762
0.7145
0.66222
0.74817
0.72946
0.76384
0.73621
0.72277
1.1561
0.72444
0.69984
0.67298
0.76384
0.71285
0.72946
0.7709
1.0471
17.378
18.03
19.999
18.03
23.281
21.577
8.4528
1.4928
1.1967
1.3397
1.4655
2.3496
2.208
11.092
12.246
1.3305
0.85704
2.4889
6.0256
1.2972
1.4962
1.349
1.4622
1.4355
1.6144
2.4322
2.2803
0.71285
6.2517
0.78343
8.0353
21.232
14.689
22.131
20.137
0.84918
2.5823
20.37
24.099
20.893
23.823
25.351
25.235
24.604
20.137
20.749
9.0573
16.331
9.2045
0.83753
4.0365
0.67453
1.8535
3.5645
8.0168
0.74645
0.72611
0.71285
0.69183
6.3973
0.82985
0.72277
0.75162
0.76033
0.69183
0.70958
0.77446
0.79433
3.7411
1.1324
1.2735
0.96828
0.97499
0.81846
0.82035
0.74302
2.3878
2.4774
0.73282
1.8707
20.045
20.654
21.727
24.889
25.527
26.182
19.143
3.4198
0.70146
5.2119
8.9743
1.7378
2.2803
8.5704
0.72778
0.74131
16.181
18.113
18.281
24.322
15.205
17.338
20.137
23.988
23.174
24.774
17.298
23.335
17.62
18.323
17.378
11.912
0.68234
0.69663
0.70146
16.596
18.664
17.061
19.543
4.3053
1.7865
1.3274
2.2542
2.9444
4.6989
3.2285
1.3772
3.9355
1.8281
2.0277
11.722
0.76736
0.71945
0.74131
2.1727
0.70307
0.70795
0.71121
0.71614
0.72277
0.67764
1.3709
0.93541
0.87096
0.77268
0.78705
0.77625
1.3646
1.6711
2.0091
2.2856
1.9409
0.69502
0.73621
9.1201
16.558
15.524
23.335
24.717
16.788
13.183
0.69984
0.71779
0.84723
0.68077
11.668
19.055
21.777
19.011
25.645
22.08
19.231
18.493
2.0137
0.79068
2.2029
1.574
1.8072
1.4355
0.90157
0.92045
0.99541
0.85114
1.0889
1.2764
0.96161
0.88716
0.76384
1.2531
1.5704
2.4044
0.71945
0.71285
0.72444
0.72111
8.2985
2.0137
1.2303
1.2359
2.799
6.7608
14.859
19.953
17.378
25.41
25.645
22.336
25.061
23.121
24.831
23.659
20.324
22.182
22.491
24.491
14.655
9.0991
8.0724
10.666
0.68865
0.72111
14.322
2.3067
0.68391
0.75858
0.67298
15.812
14.555
0.70469
2.3014
19.498
18.535
17.179
19.231
15.241
26.062
23.714
23.55
17.539
22.131
15.74
10.914
0.76913
0.70469
1.4158
3.8548
0.73114
0.76208
0.74817
4.1305
4.1687
0.69984
0.68549
0.66988
0.66222
0.68865
0.67143
0.69823
0.70307
0.69823
0.69984
0.68549
0.69183
0.69343
0.65917
0.65917
0.91833
0.71945
0.67453
0.72946
0.72277
0.73282
0.67298
0.68707
0.73114
0.8531
0.75162
0.87498
0.77625
0.72277
0.75162
1.1561
0.79983
0.83753
0.82224
1.0162
1.3932
2.5586
8.6298
7.6913
1.0715
3.5727
1.5922
1.1695
1.4289
1.8967
1.7179
5.7677
0.67608
0.66681
9.6383
15.631
20.091
16.827
21.777
26.424
22.909
21.135
19.454
22.909
20.045
1.3062
2.9444
0.74473
0.70469
9.7949
18.967
23.55
17.418
19.187
2.729
0.71779
0.74817
7.379
18.836
21.478
25.235
18.281
24.491
10.257
1.3836
2.9648
0.75509
11.272
7.3451
3.069
1.5453
7.0307
0.67143
0.72946
0.78343
6.0395
1.6866
0.81846
2.6792
1.9143
0.99083
0.78343
0.83753
2.799
2.8119
1.977
1.2445
1.4125
1.7258
1.4388
1.1015
1.6866
1.2972
3.0409
0.69024
2.4717
3.9174
0.78343
0.7379
0.70958
0.68077
15.524
22.336
19.231
23.014
21.33
20.559
14.322
6.2373
0.71779
0.73451
0.80353
0.7379
0.77446
0.68549
8.2224
0.7145
0.70146
0.72778
0.68549
0.80538
4.121
7.6208
22.336
22.856
26.303
28.576
24.66
24.434
17.947
23.988
19.055
23.659
14.588
7.6736
1.7742
1.1535
1.0116
1.3062
2.6303
0.74645
5.236
1.074
0.70632
13.583
18.578
20.184
25.468
19.454
23.442
25.293
23.388
22.336
28.642
25.119
25.177
27.479
18.155
14.555
0.70958
0.71285
0.70632
1.6368
0.69663
6.6988
3.4594
18.072
2.9107
1.3366
1.0965
1.4791
1.3583
5.821
9.1622
0.70469
0.70958
0.71945
0.73961
0.72444
0.76913
0.70307
0.70958
2.6182
18.281
19.143
20.701
18.836
18.113
22.699
24.774
23.014
25.293
18.967
1.5596
0.83946
0.78163
0.84723
0.95719
0.76384
0.86696
0.86497
0.92683
2.3823
11.967
3.3729
0.72444
12.56
0.71779
0.7656
0.73961
0.68391
0.68707
24.66
27.164
22.542
25.235
19.454
17.498
1.9099
1.7022
1.0965
0.82224
0.97275
0.82604
0.82985
1.0023
1.5812
3.7154
0.77446
0.74989
0.76033
12.303
21.038
23.227
21.528
23.823
20.277
29.242
19.364
23.014
24.266
25.704
9.4189
1.0691
1.5382
17.418
4.1783
0.70469
0.69984
0.71779
0.81096
19.543
17.458
18.493
24.044
20.989
19.588
21.038
17.298
21.232
22.699
1.8113
0.79983
0.9506
0.85114
0.89743
5.4702
11.455
0.74473
0.66222
0.68707
0.76033
1.9187
0.71945
0.7656
0.80353
0.74302
17.66
17.824
19.32
25.119
20.701
24.099
24.774
23.988
23.496
22.803
19.861
16.293
12.647
9.6161
0.83368
0.88105
4.0926
8.147
4.7973
19.588
15.382
10.965
5.105
10.617
19.275
24.66
25.527
17.947
2.884
5.2
0.70632
21.627
13.335
1.6827
0.81658
10.914
17.906
21.135
23.227
21.086
21.777
26.485
20.37
25.645
21.827
22.284
0.7656
23.768
13.335
6.5163
5.2
0.76913
0.71614
16.827
25.527
26.792
28.907
26.669
20.277
19.999
19.055
22.131
1.8535
0.84723
0.82985
0.88716
0.79068
0.77804
0.7925
0.88512
0.85507
1.0209
0.84723
0.88308
0.86696
0.97275
0.83946
0.92045
0.97499
0.88512
0.85704
1.0914
1.1169
0.97499
2.6062
6.792
3.0903
0.68865
5.3211
0.96828
1.803
1.2706
2.2029
1.1482
4.7315
9.8401
20.23
24.155
23.281
27.797
13.646
22.08
24.21
20.845
9.4842
2.2856
1.9454
0.79983
0.73282
0.77983
0.80168
0.74473
1.0814
0.72611
0.77983
18.408
18.793
16.711
10.046
14.223
1.7701
0.70795
12.218
17.179
20.324
0.72277
2.2699
0.82985
0.8147
0.75683
0.8147
1.8923
0.88308
2.0893
8.8105
0.74817
1.205
1.2589
1.256
1.5453
0.85901
0.75509
0.75683
6.9183
5.6624
1.714
0.97275
0.97051
1.6634
3.02
2.6242
2.6062
5.8479
0.71945
0.78524
0.67143
0.66527
0.68549
3.5237
0.71614
0.79433
0.70307
0.77268
0.68865
7.4473
0.70958
0.72277
0.68865
0.75336
0.84918
0.72946
10.715
0.73451
0.69984
3.3806
0.7709
19.454
20.654
19.634
21.184
27.04
22.387
21.727
22.961
12.05
7.709
1.1298
0.66681
0.72444
0.70146
0.76033
10.691
11.402
8.1096
25.061
20.797
23.227
21.677
1.1967
1.6218
7.8524
7.2444
25.351
17.989
23.281
23.442
1.714
8.147
0.75683
16.331
22.233
23.442
15.812
1.7298
0.99541
1.5346
1.0399
1.0423
0.98401
1.3868
13.002
18.197
23.496
20.941
19.543
19.634
20.701
25.823
1.8578
0.82985
0.70632
0.93756
0.9977
0.81096
0.78705
10.715
0.83946
0.98855
4.9545
20.045
15.704
20.893
20.701
20.701
21.777
21.086
21.33
23.714
23.388
9.5499
15.74
6.3096
3.3574
3.2659
14.894
14.191
2.5586
0.96383
1.7418
21.232
16.827
15.668
21.184
19.099
23.014
23.227
24.322
15.959
17.14
1.6482
2.4155
0.8531
0.88512
0.79616
0.7709
0.86298
0.89743
0.78163
0.82604
0.83753
1.1402
11.169
9.2897
23.823
17.906
22.439
23.714
20.654
10.52
0.83946
0.72277
22.131
19.231
21.038
22.131
15.311
4.3451
2.8054
1.932
3.7411
16.866
20.797
19.32
22.029
16.181
0.92897
3.9994
5.1642
1.3335
4.7424
3.1915
11.614
2.1184
5.2723
15.959
14.421
22.909
24.322
23.442
17.061
19.907
22.594
19.679
21.677
18.323
19.953
21.135
19.099
23.878
30.061
19.907
10.023
18.03
24.099
12.078
0.72111
11.749
13.646
6.9823
20.045
16.482
0.70795
0.70958
0.76913
13.213
17.947
2.9648
2.8379
21.677
22.131
27.04
24.66
19.861
21.928
25.823
22.439
11.455
7.3621
21.979
23.281
32.584
27.353
22.699
31.333
25.704
27.29
27.353
25.763
1.9275
12.531
30.269
24.155
14.521
26.122
26.303
21.979
21.727
21.627
19.498
7.4817
2.3442
1.1722
0.89125
0.79616
6.1944
11.668
0.97724
2.958
1.5524
2.1677
2.2439
5.1642
25.645
24.099
23.281
21.577
11.508
12.764
18.967
1.0304
3.0903
20.559
0.82035
5.5335
0.76384
0.77804
3.6728
0.74131
21.33
16.106
28.249
24.378
22.542
22.336
26.242
22.439
21.38
22.646
27.606
19.953
15.631
26.303
18.113
15.417
0.69024
20.797
26.002
25.586
18.967
23.605
15.417
0.91622
14.454
1.7258
3.6983
4.3853
23.335
6.8707
3.3266
1.5996
2.7102
30.479
29.717
28.576
27.102
20.37
23.933
25.645
24.21
24.717
19.231
22.439
25.704
27.669
17.418
15.596
1.5776
6.9502
0.78886
4.3551
0.74817
18.664
24.946
20.277
17.947
22.646
20.091
25.645
26.122
24.547
24.044
25.293
22.131
24.604
21.979
20.37
0.72946
0.70958
0.70632
0.90573
0.79983
0.93325
0.85704
0.80724
0.90573
0.78163
0.7656
0.82794
0.89743
0.77983
0.76033
0.75509
0.73451
0.80724
0.86497
0.83753
5.4954
9.4842
13.183
3.0339
1.3964
1.5101
1.9679
1.9099
21.528
23.281
32.734
18.155
23.605
29.854
27.29
21.928
21.878
20.941
27.102
24.155
27.416
10.28
15.346
19.187
20.893
26.424
27.102
25.003
27.227
27.416
26.363
23.067
0.74131
8.9743
26.607
26.303
24.266
24.66
28.708
23.878
20.37
25.41
22.803
21.232
26.062
26.363
20.845
24.831
2.8907
27.164
20.091
24.491
20.654
22.751
15.488
2.3174
2.3933
18.239
10.691
4.3152
2.3014
5.1168
8.2985
22.856
26.122
19.634
25.763
24.774
21.928
25.177
29.309
20.512
27.542
20.277
24.946
21.827
23.067
21.777
27.29
17.906
4.6881
12.274
24.044
28.054
20.045
27.606
29.174
21.086
23.227
6.1518
0.73621
0.71121
0.7379
0.68865
0.7656
1.4322
1.1092
1.3709
0.98855
0.8892
0.76913
0.77804
0.71614
0.74473
0.81096
0.76736
0.79799
0.82985
3.342
9.3325
8.3753
20.701
3.9811
20.559
26.062
24.099
22.856
28.84
14.555
17.378
16.711
18.967
26.915
10.568
19.679
10.093
24.434
24.774
23.768
25.704
28.314
32.063
15.812
18.75
27.797
22.439
20.749
17.701
10.375
0.71779
2.9512
20.845
26.607
16.482
1.8323
0.86497
10.641
25.645
28.576
27.353
24.774
27.606
24.66
26.182
28.774
27.29
27.29
25.882
0.85507
3.7844
19.953
1.7989
2.0512
17.022
15.066
24.378
30.479
33.806
28.054
27.102
26.792
23.281
26.122
6.8234
9.5499
1.219
16.634
25.468
26.303
27.669
28.84
23.281
26.792
26.915
26.182
27.04
25.527
23.281
25.119
22.751
22.491
29.58
27.542
24.547
31.623
26.977
6.368
25.351
29.992
25.468
28.708
29.309
4.7315
23.174
23.768
28.119
22.961
26.915
22.029
15.922
20.23
24.66
26.73
27.925
23.388
22.542
24.66
25.41
26.485
26.73
18.75
21.33
21.528
20.606
19.011
1.0914
0.97949
23.659
22.182
22.233
23.55
20.137
27.861
32.584
23.281
25.235
26.607
29.04
18.365
4.0365
0.79433
25.882
15.704
22.131
8.5114
23.878
26.669
26.792
25.351
26.242
26.062
28.184
26.915
27.227
21.086
30.2
29.58
26.062
26.303
26.424
3.02
2.5586
14.223
12.078
8.2224
22.08
26.485
24.547
29.309
26.122
29.309
31.696
25.061
25.586
21.281
16.596
30.69
23.55
28.445
32.211
24.889
17.701
9.528
31.842
20.045
23.121
29.923
22.803
27.416
0.83176
0.75683
19.454
24.547
21.878
21.827
19.231
29.376
25.119
25.527
20.606
29.309
27.542
17.022
28.445
24.155
24.434
33.729
28.576
29.444
25.882
25.763
24.774
27.99
0.82985
9.6605
15.136
9.8401
23.933
26.853
28.445
19.588
13.243
1.3709
0.8531
1.2246
22.594
27.925
24.21
15.488
28.708
29.58
27.99
29.992
27.861
34.041
30.62
28.642
29.717
32.434
30.339
31.405
28.84
28.576
36.898
30.69
29.512
26.002
29.512
31.189
25.823
30.13
28.119
26.977
27.797
29.58
28.314
27.925
26.062
26.977
31.842
29.717
28.576
30.62
29.785
20.417
5.3211
1.7865
0.93756
19.543
26.002
27.797
34.198
30.2
29.512
32.063
25.645
30.409
25.645
28.973
