17.418
12.618
5.8749
8.6099
9.3325
0.90782
0.9247
0.86298
0.79068
0.84723
0.72946
0.8356
0.9247
1.0447
1.1376
1.0162
1.1535
1.3964
3.3037
3.3037
9.4189
1.0162
0.8091
0.73621
0.81846
0.83368
0.97724
0.9247
1.1246
0.77983
0.88512
0.97949
0.82035
0.89331
1.8323
8.4723
6.2087
10.186
2.3121
1.4825
1.0399
0.89743
1.1508
0.97051
1.0447
1.0765
1.1535
1.0399
1.183
1.3062
1.2503
1.0715
1.074
1.0965
0.8995
0.87498
1.1117
0.8091
1.3646
0.95719
1.5205
1.2503
1.4191
1.4256
10.304
9.3325
0.78343
6.2517
13.183
0.80168
0.80168
0.8531
0.88512
0.80168
0.90991
1.1912
1.349
0.79616
0.77446
1.2474
9.2683
2.851
0.77268
0.75858
0.78524
0.80538
0.69343
0.70307
0.78705
0.71945
0.68549
0.72111
0.72946
0.75509
4.3551
6.4269
1.3335
1.122
1.0641
1.0691
1.3305
1.39
1.2531
1.556
1.1429
1.4555
1.3243
1.2647
1.7418
0.84723
0.80353
0.8892
0.9247
0.8356
1.8664
1.2274
2.0797
0.75683
0.97724
0.89125
0.87902
0.7925
0.96828
1.5524
0.83753
0.8356
0.75683
0.85507
0.78343
0.76208
1
2.1979
0.82794
1.0162
1.1561
0.91622
0.83176
0.91622
0.98175
1.1246
0.7656
0.93972
0.79068
0.84333
0.78705
1.0593
1.9679
4.8753
1.135
1.0593
1.9454
0.77446
0.69343
0.70795
0.70632
0.70146
0.72778
0.74817
1.4825
0.73114
0.78705
0.72111
0.78163
0.79983
0.78163
0.7656
0.73451
0.71945
0.80538
6.4121
8.6497
0.93111
0.83176
0.88308
1.0257
1.0839
0.79799
0.82794
0.97051
1.135
1.3274
0.98855
0.99541
1.3677
0.72611
0.81658
0.75162
0.85901
0.87297
0.79616
0.87096
0.78524
0.78163
0.75162
0.79983
0.75683
0.79433
0.78343
0.81846
0.76033
0.76736
0.79616
0.77268
0.80168
0.80538
0.84528
0.74989
0.78343
0.76384
0.79983
0.91622
0.74131
0.73114
0.73451
0.71614
0.71614
0.78524
0.77625
0.84918
0.89536
0.74817
0.71945
0.77268
0.79983
0.8356
0.80168
0.75683
0.81846
0.76033
0.74989
0.73282
0.72778
0.7379
0.77804
0.81283
0.80724
0.76033
0.87096
0.82224
0.87297
1.0233
0.77804
0.85114
1.0116
0.85704
0.79616
0.88308
0.92683
0.90991
0.92257
0.7925
0.79799
0.7379
1.0116
0.83176
0.87902
0.80538
0.84723
0.82035
0.86696
0.86298
1.0139
0.86896
0.85114
1.4962
1.0965
0.89331
1.0209
1.0889
0.72444
0.73451
0.74817
0.69984
0.72778
0.72778
0.69024
0.69502
0.71945
0.71285
0.69502
0.75162
0.79433
0.7379
0.74131
0.71121
0.69984
0.69984
0.71121
0.72778
0.69502
0.71945
0.72946
0.71285
0.72778
0.72444
0.67298
0.75162
0.70146
0.69343
0.74645
0.75162
0.81096
0.70307
0.79433
0.78343
0.72444
0.69024
0.76384
0.76736
0.72444
0.82604
0.84918
0.91411
0.78886
1.0471
1.5205
1.1695
0.74817
0.73451
1.0186
1.0328
0.66988
0.70795
0.70146
0.69024
0.75683
0.73961
0.75683
0.70469
0.70469
0.69984
0.71779
0.6792
0.69343
0.69343
0.76033
0.76913
0.71779
0.85507
0.71779
0.70795
0.81658
1.2106
0.79799
0.78524
0.72778
0.70469
0.70795
1.1722
0.73282
0.93111
0.87498
0.74645
0.73282
0.74989
0.69502
0.67453
0.76736
0.67764
0.8356
0.97724
1.0495
1.0139
1.4322
1.0617
0.70146
1.0209
0.98855
0.93972
0.86298
0.97275
0.84528
1.3122
0.77446
0.84723
0.73114
0.80538
0.80724
0.81096
0.82794
0.78886
0.84528
0.81283
1.1614
1.256
1.1535
0.83946
0.88512
0.94189
0.88512
0.7145
1.1455
0.72778
0.68077
0.77446
0.75336
0.82414
0.72946
0.83176
0.73451
0.74645
0.78705
0.80538
0.79433
0.82414
0.70307
0.69984
0.76384
0.81283
0.74989
0.7925
0.78886
0.73114
0.7709
0.79983
0.71614
0.69183
0.71945
0.79799
0.79616
0.72111
0.83176
0.8147
0.76913
1.4028
2.3768
0.95499
0.96383
0.92257
0.80168
0.82414
0.8091
1.3428
1.1695
0.96605
1.1041
0.99312
1.0162
0.85704
0.86497
0.79433
0.95499
0.92257
0.99541
0.89331
1.0093
1.0568
1.5346
0.80538
0.7925
0.9528
0.82794
1.122
0.72444
0.81658
0.82224
0.74473
1.0069
0.90365
0.81283
0.77625
0.9506
0.78524
0.75336
0.76033
0.93756
0.96828
1.1561
0.78163
0.79983
0.7145
1.406
1.0116
0.9247
0.83176
0.76208
0.8892
0.7709
0.78524
0.77804
0.75858
0.74302
1.0889
0.80353
0.74989
0.89743
0.8414
0.78524
0.87297
0.83946
0.87096
0.83946
3.8726
5.1404
6.8391
0.70632
0.72277
0.76208
0.69823
0.74989
1.4622
1.0304
0.69984
0.75683
0.72277
0.73114
0.70795
0.75509
0.74302
0.67143
0.72611
0.72277
0.75509
0.65766
0.6792
0.71121
0.70469
0.73282
0.69984
0.68549
0.68707
0.72778
0.70469
0.68549
0.75858
0.72946
0.73114
0.73621
0.75858
0.74817
0.69183
0.71945
0.74989
0.78343
0.71779
0.70632
0.79068
0.69984
1.1722
1.2162
0.83946
0.74302
1.4028
0.93325
0.76033
0.9506
0.89125
0.78705
0.75336
1.9364
1.0375
1.5922
1.4388
0.72111
0.73961
0.80724
0.73621
0.92257
0.88308
0.81283
0.70958
0.70146
0.75683
0.90157
0.7145
1.0715
0.76384
0.71779
0.70958
0.70307
1.0069
0.69984
1.122
1.8967
0.71285
0.69823
0.73451
0.70632
0.74817
0.73114
0.69343
0.71779
0.66069
1.0789
0.7656
0.73282
0.69343
0.74645
0.72946
0.76208
1.0691
0.72611
1.1143
0.84723
0.76384
0.93972
0.74645
0.93756
0.81283
1.2503
3.7154
0.76913
0.77804
0.82985
1.3552
0.85704
0.72444
3.4277
5.0699
5.7943
0.76033
0.80724
0.9506
0.92897
1.1015
0.8995
0.76913
1.5171
1.122
0.78343
0.71121
0.73114
0.72111
0.69823
0.71121
7.1945
0.81283
0.84333
0.85114
0.87297
0.96383
2.1184
3.3037
0.98401
0.99083
1.2647
0.7379
1.094
0.81658
0.71121
0.72111
0.73621
0.75858
0.74989
0.75162
0.7656
0.88716
0.71614
0.76033
0.79433
0.73621
0.78163
0.72611
0.71779
0.69343
1.574
1.3646
0.70795
0.74131
0.82224
1.2134
2.1928
0.78886
1.803
2.0559
1.1298
0.877
0.82604
0.72444
0.78524
0.8356
2.0559
2.4044
0.68865
0.88512
0.7656
1.1066
0.9977
0.86497
1.3677
2.541
7.9799
0.83176
1.2445
0.78886
0.80724
0.75858
0.77268
0.82794
0.71945
0.73282
0.77804
1.4388
0.69502
0.82035
0.70795
0.74473
0.78886
2.8119
3.7844
4.9774
3.6392
1.5596
0.90573
0.78886
0.9247
0.8995
0.8414
1.0139
0.9594
0.93325
0.877
0.8147
0.86696
0.91411
0.88308
1.2162
2.1627
0.91201
0.9977
0.76736
0.86497
1.0069
1
0.78886
0.90991
0.83946
0.81658
0.74989
0.74131
0.78343
0.7656
0.7379
0.77268
1.4723
2.2646
0.81846
0.73961
0.71121
0.72111
2.7479
2.0845
0.70795
0.69823
0.72111
0.78343
0.8356
0.79799
0.7379
0.80724
0.7709
0.93111
0.74989
0.86099
0.76033
0.77268
1.5922
0.70469
0.7379
0.77804
1.5241
1.1641
1.1535
2.6485
2.904
1.4388
0.78886
0.78524
0.75162
0.75858
0.93325
0.76208
0.8147
3.013
2.5293
1.8923
2.7861
2.1478
0.93111
1.052
0.82035
1.1015
0.90157
0.8995
0.89743
1.932
2.5586
0.79983
0.81096
0.72277
0.80168
0.73621
0.72277
0.7925
0.76736
0.77983
0.80538
0.77268
0.77446
0.8531
0.74989
0.73621
0.74131
0.81658
0.76913
0.75509
1.1455
1.1246
0.93756
0.81096
1.7022
0.81283
0.76033
1.3868
0.81096
0.80168
0.77804
0.73621
0.83946
0.95499
0.74645
0.68865
0.77446
0.77625
0.82794
0.81283
0.76384
0.78886
0.83368
0.77268
0.71121
0.76033
0.83368
0.80724
0.81283
0.76208
0.82224
0.96383
0.74302
1.5417
0.98401
0.74473
0.79799
0.85901
0.71121
0.76208
0.72778
0.66681
0.72611
0.81658
1.3002
1.0069
1.0186
0.81096
0.79799
0.8892
1.0495
1.1508
1.5776
0.76913
1.8967
0.85114
0.81658
0.82414
0.76384
0.89331
0.83753
0.76384
0.74645
0.78524
0.79616
0.92683
1.1776
1.8793
1.8923
0.71121
0.7709
0.87297
2.0137
3.0549
0.95499
0.84528
1.0116
0.79068
1.0233
0.76736
0.78524
0.80538
0.75858
0.72611
0.8147
0.76913
0.7145
0.73114
1.0471
3.0479
5.1286
1.6982
0.68234
0.82035
0.76736
0.87297
0.84333
0.8995
1.0814
0.84918
0.8356
0.81846
1.3366
2.729
1.0209
0.75162
0.7709
1.0233
1.0666
1.0889
0.76208
0.93111
0.81846
0.79616
0.81846
1.1272
1.1402
1.5101
2.0941
0.75683
0.76033
0.7925
0.70307
0.70632
0.77446
0.71285
0.71779
0.70958
0.74645
0.68077
0.76033
0.73114
0.71614
0.70958
0.74989
0.70632
0.7379
1.2503
1.1015
0.97275
0.7925
0.76208
0.73451
2.0464
5.1523
2.8249
6.1376
3.6728
0.72111
0.77446
0.9506
0.74817
0.67608
0.79983
0.82224
0.74473
0.74131
0.96605
2.6242
2.6122
0.75683
0.7379
0.70795
0.77983
0.8091
0.78343
0.94406
2.4946
2.2961
4.0458
1.6982
0.73282
0.74817
0.69343
0.67143
0.7656
1.7865
9.7051
1.9588
1.6368
0.84918
0.87902
2.4322
10.715
2.3496
3.7497
2.851
0.83946
0.91622
0.82794
0.74645
0.80168
1.0666
0.82414
0.96161
0.77983
0.77446
0.72111
0.78524
0.72444
3.7154
4.0179
0.877
0.8147
0.74473
0.72778
0.74817
0.74817
0.69823
0.75683
0.76913
0.75858
0.7925
0.73114
0.97051
0.72611
0.7145
0.82414
1.71
1.094
0.81096
0.8531
0.70469
0.7145
0.72778
0.80538
0.77446
0.7925
0.75858
0.79616
0.75858
0.75509
0.73451
0.74473
0.88512
0.76913
0.73961
2.1528
0.77983
0.81283
0.81658
1.2303
1.3521
1.5101
0.94189
0.8995
0.91833
0.86298
0.8091
1
0.8147
1.6634
3.1405
2.0701
2.2961
2.1577
1.8113
1.7824
1.3868
4.4771
2.5003
1.3397
0.79433
0.7656
0.71945
1.4488
3.7931
2.0654
0.83368
2.1577
0.93325
1.888
1.1092
2.9512
1.0046
8.1096
1.4655
9.2683
1.6368
7.9433
2.2336
1.6368
6.7764
8.147
2.6242
1.7742
1.5631
2.6485
1.1967
1.1194
2.1727
0.78524
1.1561
0.86298
0.8091
1.9275
0.77625
0.85704
0.89331
0.74131
0.68391
0.68865
1.1912
0.96605
0.8091
1.183
7.7268
3.3574
1.1066
0.71121
1.0399
0.88308
0.99541
1.0093
0.80353
1.0423
1.0328
0.81846
0.66834
0.94406
8.8716
2.023
0.86696
0.86896
0.79616
0.76913
1.0423
0.93111
0.9506
1.3932
1.6943
1.0069
1.1402
0.77983
0.90365
0.82414
0.79983
0.89743
0.90782
1.2735
0.95719
0.94842
0.79983
1.8365
4.1879
1.3868
0.79068
0.74989
0.77625
0.8091
0.77446
0.79616
0.79068
1.0814
0.72946
0.72611
0.74817
0.79068
0.7379
0.82035
0.81658
0.75858
0.72111
0.81846
0.76736
0.71614
0.65766
0.71779
0.84528
0.75509
0.8414
0.7379
0.82794
0.79983
2.1827
2.3014
0.89536
1.1092
0.89743
1.2618
1.7219
2.0277
1.9055
0.93756
0.77804
1.4355
1.7179
1.4421
6.6527
1.6943
1.5136
1.2531
1.5488
0.9247
0.7925
0.86896
0.90573
5.358
3.9264
0.92257
0.94624
0.91622
1.0162
1.3305
1.2023
1.5704
2.6062
1.2023
3.1117
2.0559
2.5003
4.4361
1.5922
3.4119
1.2445
1.7378
1.6144
1.2794
1.4757
1.4928
1.1967
1.7458
1.5668
6.0674
1.2794
2.421
1.0864
0.88308
1.2162
1.0765
1.2503
1.3836
1.7418
1.4191
1.8621
5.3088
2.799
2.466
1.4894
0.7656
0.74473
0.82985
0.70958
0.70632
1.3366
0.82224
0.79433
1.5031
0.93325
1.2618
0.80353
0.85901
1.4191
2.9242
1.3062
2.1777
1.6482
0.92045
1.374
1.1614
0.71614
0.74473
0.76033
0.82035
0.8091
0.81096
0.88512
0.77625
0.90573
1.7298
1.4757
2.6669
1.0568
0.86896
0.81846
0.7925
0.87902
1.8197
1.2474
4.3551
1.8923
3.3729
3.0761
0.96605
0.91201
0.9528
0.85704
0.86099
0.94624
0.75336
0.79799
0.86896
1.7783
1.8707
1.6558
0.84333
0.69024
0.75162
0.79616
0.80353
0.84723
0.98401
0.87096
0.76913
0.80538
0.8356
0.88716
0.90782
0.9506
0.83946
0.81096
0.82604
0.83368
0.76208
0.81846
0.86298
0.85507
2.1777
2.0137
1.2882
1.888
1.1482
2.3605
5.6364
1.9588
1.9454
2.0941
1.0116
0.91833
0.99541
0.88716
1.0399
0.877
0.877
0.9247
1.3772
1.2823
1.4521
0.68549
0.7709
0.72778
0.72778
0.75336
0.70958
0.83753
0.67764
0.71614
0.72946
0.77446
0.71121
1.1143
1.1749
0.97499
1.3677
1.406
0.99083
1.6293
1.5631
1.4962
1.8239
4.7206
1.4125
0.90573
0.94842
0.88716
0.84333
1.766
2.2131
2.4099
1.9011
0.75683
0.82414
1.1803
1.3646
0.79983
2.037
1.6596
1.2359
0.81283
0.8356
0.81283
0.75336
0.76208
0.70958
0.73451
0.93541
0.8147
0.8147
1.0864
2.5704
1.6368
1.3804
5.3333
2.8054
1.7418
2.3659
2.9107
17.498
1.9011
2.138
1.9409
1.0617
1.6368
0.72611
1.3677
1.9543
1.4894
1.1455
1.256
1.2474
1.3122
0.93325
0.76913
0.72111
0.77625
0.69343
0.69823
0.72444
1.4488
1.4997
1.3583
0.97275
1.3213
0.82985
1.0617
1.4757
1.1508
1.0495
0.75509
0.73451
1.4125
1.3459
4.6238
1.3092
0.80168
1.4555
1.2303
0.73282
1.4028
2.1232
4.2756
1.8239
2.4434
3.4435
1
0.94842
0.73451
0.67608
0.70632
0.74817
0.71945
0.78163
0.81658
1.0139
1.5241
1.3152
0.8414
0.84723
1.4223
1.5596
0.75162
0.82224
1.0023
1.1967
0.78343
1.2618
0.85114
0.72778
1.6672
1.1455
0.81283
0.97724
1.1885
4.2073
2.4099
0.81096
0.93972
0.77446
0.77804
0.8091
0.75683
0.89331
1.0839
1.1194
1.0423
1.3213
1.074
1.0814
1.2246
0.87498
0.96828
1.0447
1.0351
1.7947
1.0139
0.88512
0.77268
1.1614
0.78886
0.83946
0.8414
0.82794
0.85114
0.7656
0.71779
0.72277
1.2417
0.97499
0.81283
0.9977
0.89331
1.0093
1.1246
0.97724
0.88512
0.87297
1.0691
0.85507
0.80538
0.84333
0.77804
0.79983
0.73114
0.73451
0.70469
0.7709
0.7145
0.73621
0.72444
0.71614
0.7709
0.79433
0.97724
0.83753
0.90157
0.79799
0.76736
0.72444
0.73114
0.72111
0.71285
0.74131
0.75336
0.68865
0.70795
0.71779
0.74131
0.79616
0.74473
0.84918
0.71285
0.79616
1.0375
0.75858
0.72611
0.98628
1.1858
1.9454
1.6596
0.92683
1.1092
2.3067
1.0423
0.86099
1.0617
0.85901
0.9506
0.96161
0.89743
1.0233
1.0304
1.219
1.2882
0.75336
0.9247
1.0023
1.0568
1.803
1.6634
2.1232
1.4191
2.3605
9.9312
5.1404
0.77268
0.75509
0.76384
0.73282
0.8091
0.84333
0.89125
0.74131
0.8091
0.80724
0.74817
0.74645
0.77625
0.77625
0.74645
0.75336
0.73282
0.7925
0.87096
0.77268
0.89331
0.8091
0.7925
0.75162
0.73451
0.80724
0.88512
0.74473
0.74989
0.79983
0.85114
0.78705
0.7656
0.81096
0.78524
0.71945
0.70795
0.74989
0.72111
0.75683
0.72277
0.83946
0.8414
0.82794
0.81658
0.73451
0.70469
0.76736
1.2417
0.96383
1.2853
1.5524
1.6181
2.5468
11.614
3.062
10.789
0.87498
0.73961
0.7925
0.79799
0.8091
0.89536
1.0914
0.85114
1.1015
0.81283
0.88716
1.4859
1.9634
2.1528
5.3211
2.1086
0.72111
0.7656
0.83946
0.75683
0.75509
0.82794
0.83946
1.6181
0.78886
0.72277
0.8091
1.2823
2.1827
1.0304
1.6982
0.78886
0.81096
0.7925
0.87498
1.0233
0.7925
0.77983
0.95499
1.3428
1.205
1.8621
1.6982
1.3964
1.2162
2.023
1.0257
0.8414
0.9247
1.6596
2.7542
1.406
3.3963
1.71
0.877
0.80168
0.79799
0.8531
0.94189
1.1246
1.094
1.2794
3.062
1.6943
3.3037
1.6406
0.84333
1.028
1.1614
2.1627
1.2972
0.80724
0.82985
0.80538
0.89331
0.8147
0.94406
0.82224
0.78705
0.83946
0.7925
0.9528
2.9242
1.1117
0.78343
0.7379
0.83753
0.74131
0.79068
0.77625
0.69663
0.77625
0.69343
0.69502
0.74302
1.3428
1.6293
1.1092
0.86298
1.4322
2.3281
1.3062
0.82414
0.88308
0.89536
0.79068
0.83176
0.84333
0.81846
0.86896
1.0023
1.1194
1.0765
1.219
1.2618
0.87902
1.1885
0.99541
0.97949
1.6032
0.94189
0.86497
0.99312
0.90573
0.88716
0.91833
0.8147
0.8414
0.72444
0.7925
0.79068
0.80168
0.90782
0.86896
0.87297
1.0965
0.94189
1.219
0.75858
0.82224
0.86497
0.7709
0.95499
0.79799
0.8356
1.7298
0.98401
0.78705
0.85704
0.79616
0.89125
0.99541
0.94406
1.028
0.75336
0.74131
1.099
1.0691
0.83753
0.877
0.83176
1.0093
0.83753
0.86099
0.73114
0.86099
0.82985
0.77268
0.81283
0.89331
0.87096
0.79433
0.90365
2.6363
0.74302
0.7925
0.8414
0.78705
0.81846
0.84723
0.7925
0.73282
1.0351
0.87096
0.94189
0.86298
0.78163
0.75858
1.1455
1.219
1.0666
0.89743
0.91411
0.80353
1.0864
0.87902
1.2445
0.9506
0.94189
0.96605
0.97724
0.85901
0.81846
0.877
1.0328
1.0471
0.78705
0.79983
0.87297
1.0864
1.0046
0.89125
0.93541
0.93325
0.86497
0.90157
0.82224
0.83368
0.83946
0.8892
1.0715
1.0789
1.0691
0.9506
1.2106
0.9594
0.93325
0.88512
0.88716
0.86298
1.0495
0.92257
0.87498
0.98175
0.87297
0.89536
0.81658
0.95719
0.76208
0.82985
0.7656
0.93756
0.91833
0.83946
0.93541
0.82604
0.94842
0.8414
0.8091
0.69984
0.71614
0.79068
0.92897
0.84918
0.91622
0.9506
1.0304
1.1194
0.95719
1.0023
1.028
0.84723
0.90782
1.4421
1.0328
0.8356
2.0941
2.9512
3.1623
2.7353
1.1066
1.0715
0.8414
0.91201
0.94842
0.99083
0.94624
0.93541
0.93756
0.98628
0.72946
0.74645
0.8091
0.73961
0.71945
0.80168
0.79068
0.78886
0.79983
0.81283
0.77983
0.77804
0.76913
0.70307
0.81658
0.76913
1.0116
0.7145
0.84723
1.6293
0.7379
1.183
0.83946
1.0233
0.84918
0.74473
0.78163
0.74473
1.0375
0.8356
0.83946
1.028
0.90365
0.88105
0.89331
0.96161
0.8995
1.0328
0.81283
0.88716
0.80353
1.0186
0.99541
1.1749
0.97275
0.9528
0.92257
0.86099
0.86298
0.89536
0.7925
1.0116
0.87498
0.90157
0.78163
0.92257
1.0069
0.86497
0.82985
0.96383
0.8356
0.8356
0.87096
1.0116
0.93541
1.0839
0.94189
2.4491
3.5237
1.6943
0.82414
0.78524
0.93325
2.704
0.73282
0.7145
0.72611
0.80724
0.76384
0.83946
0.9506
0.96605
0.9247
0.92045
0.89331
0.95719
0.8531
0.91201
0.93972
0.9506
0.79068
0.79799
0.80724
0.8531
0.7656
0.77804
0.93325
0.77268
0.85704
0.76208
0.86696
1.3552
1.0069
1.0617
1.39
0.85507
0.96605
0.82414
0.85114
0.75336
0.81283
0.74817
0.96161
0.74131
0.99312
0.99083
0.84918
3.3884
2.2646
0.77625
0.77804
0.99083
2.0512
4.7206
3.1915
0.8356
0.91622
2.3121
0.76913
0.78343
0.93756
0.77268
0.77983
0.82414
0.85704
0.87902
0.83753
0.88308
0.76033
0.77804
0.85507
0.84528
0.78524
0.77804
0.86896
0.80724
0.79068
0.95719
0.7925
0.83946
0.80538
0.82794
0.87297
0.91833
2.5527
2.9107
3.2961
1.9815
3.2885
4.0365
4.0458
1.2106
1.1429
0.73621
0.93541
1.1641
1.6032
0.77804
0.89536
0.92897
0.76384
0.79799
0.93756
0.79433
0.79433
0.83176
0.88512
0.83368
0.97949
0.90365
0.90782
0.89125
0.93325
0.7709
0.7709
0.8531
0.76384
0.92683
0.87902
1.1015
0.77446
0.91201
0.90157
0.79433
0.87297
0.8892
0.8995
0.82985
0.75336
0.89536
0.85901
1
0.79799
0.7925
0.83368
0.91833
1.0399
0.93541
0.9594
0.87498
0.74645
0.80538
0.75162
0.84528
0.86099
0.97275
0.79799
0.78343
0.82794
0.78524
0.78163
0.75336
0.82794
0.7656
0.77268
0.78886
0.77625
1.0568
0.89331
0.84333
0.88105
0.8356
0.78163
0.81846
0.79068
0.88105
1.0914
0.91411
0.7656
0.76208
0.76913
1.205
0.97051
1.0914
1.2531
1.4689
1.766
0.7925
0.87498
0.76913
0.92045
0.80724
0.82985
0.8995
0.86298
1.0257
0.8091
0.77625
0.84528
0.77804
0.83368
0.92897
0.93756
0.85114
0.88105
0.74131
0.9528
0.93111
0.81283
0.92257
0.7925
1.0023
1.0447
0.98855
1.0593
0.94842
1.1041
0.9247
1.0375
1.2417
1.2417
0.74817
0.74817
0.82604
0.80538
0.72277
0.74989
0.81846
0.77983
0.87498
0.76736
0.81846
0.90782
0.76033
0.86497
0.79433
0.78163
0.78705
0.877
0.91833
0.81658
0.79616
0.95499
1.2023
0.9247
1.0814
2.4946
0.70795
0.78524
0.83946
0.82224
0.81658
1.0914
0.79068
0.75509
0.77268
0.7656
0.72778
1.094
0.84528
0.8995
0.95499
0.85901
0.84528
0.75336
0.8091
0.77446
0.78163
0.82035
0.77446
0.74645
0.89125
0.8147
0.96828
0.89125
1.1298
0.75162
1.0186
1.1508
0.72946
0.7379
0.75858
0.80353
0.83753
0.90782
0.79616
0.87096
0.9594
0.97499
0.99541
0.91833
0.90782
0.97949
0.89125
0.89743
0.79799
0.76033
1.4521
0.84918
0.94406
0.97051
0.83368
0.84333
0.83946
1.0447
0.73114
0.877
0.80353
0.82035
0.78705
0.70958
0.7379
0.7379
0.7145
1.0209
0.69502
0.80538
0.73961
0.75683
0.73621
0.72946
0.81658
0.85704
1.0328
0.82794
0.9506
0.84918
1.6032
0.96605
0.78524
1.2078
0.94406
0.94406
1.0304
0.7925
0.87096
0.77804
0.75683
0.75858
0.76033
0.88716
0.72444
0.75683
0.70795
0.76913
0.7925
1.0617
1.0093
1.2618
0.87902
0.8147
0.87096
0.79433
0.79068
0.7379
0.90782
0.75509
0.93756
0.94624
0.85114
0.90365
1.1194
1.0593
0.83368
0.86099
0.77804
0.97275
0.89743
0.97275
0.79799
0.8147
0.81283
0.78524
0.94189
0.7145
0.73621
0.74817
0.83753
0.8147
0.74302
0.88105
0.8091
0.81096
0.82224
0.8414
0.81658
0.77983
0.70146
1.1641
1.1695
0.72778
0.73621
0.75336
0.67764
0.88716
0.73621
0.76208
0.82414
0.78343
0.77268
1.3152
1.7783
1.6788
0.87498
1.0965
0.72111
0.80538
0.7379
0.78705
1.1272
1.028
0.74473
0.79616
0.74645
0.73282
0.69024
0.68391
0.75336
0.71121
0.76384
0.72277
0.93972
1.6943
1.5488
2.2961
5.8884
3.7068
2.2803
0.71945
0.75509
1.1995
2.1184
1.3868
0.88512
0.75858
0.82224
0.76033
0.72111
0.84528
0.80724
0.7145
0.75683
0.73282
0.7379
0.77446
0.7656
0.75336
0.8091
0.70146
0.72946
0.7379
0.8995
0.73621
0.71945
0.73621
0.75858
0.73282
0.97949
0.72277
0.73961
0.73114
0.71285
0.7379
0.77983
0.75336
0.72778
0.72277
0.7379
0.7145
0.74817
0.68865
0.74817
0.78886
0.72277
0.75509
0.73621
0.73114
0.76913
0.68707
0.74473
0.81096
0.73451
0.75683
0.76913
0.84333
0.78524
0.74302
0.84333
0.74817
0.79616
0.76384
0.73961
0.7379
0.86099
0.75509
0.81846
0.71779
0.73451
0.83753
0.74302
0.74645
0.73451
0.75336
0.77446
0.7145
0.75336
0.80168
0.78343
1.0814
0.8147
0.77983
0.78343
0.97499
0.86099
0.85901
0.87096
0.79616
0.83368
0.79068
0.86896
0.8995
0.75162
0.90782
0.90365
0.73621
0.78524
0.71779
0.99312
0.79433
0.74645
0.70307
0.79433
0.81096
0.7145
0.74473
0.91622
0.82035
0.69984
0.73282
0.88512
0.69984
0.74645
0.72611
0.71285
0.83753
0.83368
0.72444
1
0.89743
0.72111
0.83368
0.83176
0.96383
0.82035
0.74131
0.73621
0.74645
0.80724
0.69343
0.82985
0.74131
0.82224
0.84333
0.75683
0.73282
0.91622
0.87297
0.93756
0.87297
0.84528
0.76384
0.7709
0.80538
0.73451
0.70632
0.72778
0.74817
0.70469
0.72444
0.7656
0.7145
0.7656
0.7379
0.74645
0.74473
0.83176
0.89536
0.80724
0.8147
0.76208
14.191
0.80538
0.87902
0.92683
1.0093
1.0814
0.81283
1.1117
26.303
22.387
0.72277
0.74302
0.75858
0.72444
0.75683
0.70632
0.71614
0.73114
0.7656
0.76208
0.69502
0.78705
0.75162
0.70307
0.76033
0.76384
0.78705
0.71779
0.74817
0.73961
0.70632
0.76736
0.82604
0.85704
0.77446
0.83176
0.76913
0.71285
0.79983
0.89743
0.7925
0.7656
0.76033
0.88105
1.0666
2.0845
1.3804
7.0958
1.0965
1.0495
0.80724
0.79616
0.71945
0.70469
0.79068
0.69183
0.78886
1.3305
2.3067
1.2162
0.81283
0.77446
0.71779
0.73621
0.83368
0.95719
0.77446
0.81658
0.75858
0.73451
0.85704
0.73114
0.73961
0.74989
0.69502
0.73961
0.78524
0.78343
0.69024
0.82414
0.83368
0.78163
0.80353
0.77446
0.8091
0.76736
0.75336
0.70795
0.74473
0.94406
0.76033
0.69823
0.73621
0.99312
0.94406
0.81658
0.68549
0.75509
0.78343
0.70795
0.73451
0.73114
0.73961
0.76384
1.0351
0.99083
0.76736
0.87096
0.82794
0.79433
1.1995
1.6943
0.94189
0.85704
0.78886
0.73282
0.72277
0.76384
0.77804
1.0691
0.8995
0.8356
0.72778
0.86298
0.81658
0.88308
0.7709
0.74989
0.74645
0.77625
1.0069
2.0845
1.7298
1.5241
0.98628
1.5136
1.1508
1.2853
1.2078
0.72444
0.79799
0.78886
1.1194
1.7022
1.7906
0.74645
0.87297
0.83946
0.80538
0.94842
0.89125
0.8091
0.84528
0.77804
0.77804
0.81096
0.72111
0.75683
0.67608
0.77804
0.75162
0.7709
0.73282
0.79068
0.7925
0.77625
0.85901
0.68549
0.73621
0.77983
0.78705
1.4454
1.2531
1.4421
1.1535
0.77625
0.83176
0.80724
0.88308
0.87297
0.79616
0.88716
0.86696
0.91201
0.87096
0.82414
0.80168
0.78705
0.79068
0.86497
0.82414
0.82414
0.79616
0.77446
0.88512
0.83753
0.78886
0.82035
0.81096
0.78705
0.89331
0.91201
0.89331
1.2162
1.2912
1.8493
0.9528
1.2794
0.83753
0.81846
0.75683
0.72778
0.7145
0.74302
0.71945
0.78886
0.7709
0.76208
0.74302
0.83368
0.71614
0.8414
0.84528
0.85114
0.85704
0.85114
0.77625
1.0162
0.92683
0.77268
0.77804
0.77983
0.72277
0.80538
0.75683
0.76736
0.8414
0.8091
0.86497
0.8091
0.81283
0.81846
0.79799
0.81846
0.91411
0.83368
0.81283
0.84918
0.80538
0.73114
0.74131
0.80538
0.84333
0.90365
1.0544
0.82794
1.1066
0.75683
1.1376
0.75336
0.80724
0.79983
0.76384
0.74817
0.70958
0.69823
0.69663
4.3053
1.6482
1.219
1.2303
1.1015
0.90365
0.88308
0.84528
0.76208
1.0864
0.78343
0.86896
0.80353
0.75162
0.81096
0.77446
0.75509
0.79068
0.8531
0.73282
0.72444
0.74302
0.73114
0.72611
0.85507
0.83368
0.84723
0.82794
0.75683
0.76913
0.78886
0.72611
0.82604
0.79068
0.76384
0.78163
0.73961
0.76736
0.78524
0.99312
0.8147
0.75509
0.75162
1.5488
0.78163
1.0593
1.0864
0.98401
0.78705
0.7379
0.79433
0.78343
0.73451
0.85704
0.77804
0.87297
1.028
0.76736
0.81846
0.87096
0.9506
0.75858
0.80538
0.76736
0.78705
0.74473
0.84918
0.76033
0.78705
0.74131
0.78343
0.85507
0.89536
0.86497
0.83368
0.73114
0.77446
0.78163
0.79799
0.79068
0.80538
0.81658
0.90157
0.78886
0.7379
0.75858
0.76033
0.76033
0.72111
0.75509
1.1169
0.80353
0.78886
0.95499
0.81283
0.83946
0.75509
0.78886
0.84918
0.90365
0.76033
0.89743
0.75162
0.75509
0.82035
0.82414
0.81096
0.74302
0.75336
0.80538
0.77446
0.82604
1.1508
1.4028
1.0641
0.71779
0.69823
0.74817
0.69984
0.77268
0.71121
1.2417
0.74473
0.8531
1.2794
0.74645
0.96161
0.68391
0.82414
0.8147
0.72946
0.85114
1.0593
0.94842
0.8892
1.2853
1.2794
1.5066
1.5417
0.73621
0.70307
0.76033
0.66988
0.79799
0.74302
0.74131
0.73451
0.76736
0.75509
0.7145
0.70307
1.0544
0.73621
1.1429
0.72111
0.69343
0.7656
0.83176
0.76913
0.75336
0.80168
0.84723
0.74131
0.78163
0.80724
0.70469
0.94842
0.83753
0.83368
0.77446
0.75683
0.82985
0.74817
0.75162
0.79616
1.0447
0.7379
0.93111
0.74131
0.7379
0.71945
0.69183
0.70632
0.76208
0.74473
0.79983
0.81283
0.7656
0.75858
0.73114
0.78343
0.75509
0.76736
0.78343
0.78163
0.77983
0.75858
0.80168
0.80353
0.8147
0.75162
0.74645
0.80168
0.92045
0.74645
1.0116
0.90991
0.79433
0.7709
0.95719
0.87297
0.77446
0.78886
0.89536
0.82224
1.3002
0.99541
0.90991
0.91833
0.99541
0.83753
0.89331
1.0209
1.0023
0.86896
0.93541
0.79983
0.90157
0.8356
0.75336
0.79983
0.7379
0.75509
0.92683
0.73621
0.74131
0.8892
0.77804
0.75336
0.76736
0.81096
0.8414
0.92897
0.86896
0.74302
1.4757
0.9977
0.8414
0.81658
0.97949
0.88512
0.86298
0.73282
0.8995
0.99541
0.81096
0.75509
0.74302
0.73282
0.78163
0.9247
0.7656
0.77625
0.70146
0.76033
0.71945
0.73451
0.72611
0.76208
0.88308
0.80168
0.73961
0.72444
0.80353
0.75336
0.77446
0.8091
0.73961
0.75336
0.74302
0.72778
0.79799
0.84918
0.7379
0.81283
0.80724
0.80538
0.80168
0.72111
0.8091
0.75509
0.77446
0.91411
0.69343
0.75336
0.73451
0.70632
0.75683
0.7709
0.72444
0.73451
0.78886
0.99083
0.877
0.83753
0.89125
1.2853
0.84333
0.74473
0.8892
0.7709
0.76384
0.84918
0.84528
0.84723
0.79983
0.77625
0.75509
0.91411
0.76736
0.81658
0.81096
0.8531
0.96605
0.74302
0.73961
0.78343
0.72277
0.86696
0.81096
0.6792
0.74989
0.70146
0.7925
0.77983
0.74302
0.73621
0.77983
1.122
1.1376
0.89125
0.92683
1.0186
0.83368
0.8356
0.82414
0.71779
0.69343
0.72111
0.70958
0.70958
0.74645
0.85507
0.68707
0.76384
0.83176
0.74645
0.77268
0.74302
0.74473
0.9506
0.76208
0.81846
1.0765
0.8531
0.71614
0.74473
0.81283
0.7379
0.76913
0.88308
0.89125
0.74645
0.84723
0.75683
0.7709
0.69823
0.74302
0.85114
0.8995
0.7656
0.77625
0.73451
0.74989
0.93756
1.0544
1.9143
0.87096
0.81096
0.79068
0.8091
0.9247
0.85507
1.1092
0.89331
0.9247
0.96161
1.1272
0.8147
0.78886
0.76736
0.89331
0.86696
0.81846
0.75336
0.8147
0.76384
0.79433
0.8147
0.91411
1.0423
0.7656
0.70146
0.70469
0.78705
0.93325
0.74302
0.77804
0.74302
0.79799
0.83946
0.71945
0.72611
0.74817
0.78705
0.91411
0.79616
0.84918
0.92897
0.91411
0.90782
0.93325
0.82604
0.84528
0.83176
0.86497
1.0046
0.74989
0.73114
0.77446
0.80724
1.0447
0.83753
1.0666
0.79068
0.9247
0.82794
0.86696
0.97949
1.2331
1.4521
1.5171
1.6293
1.4355
2.1086
1.6106
1.0423
1.0593
0.89125
0.81096
0.8147
0.79983
1.4488
0.84918
0.79068
0.82414
0.7925
1.3836
2.4717
1.1995
1.4588
0.9506
0.86696
0.96383
1.1194
0.95499
0.72277
0.85704
7.0307
1.4289
1.2388
1.3583
1.4757
0.76736
0.82985
0.79433
0.7709
0.9506
1.6181
1.2677
1.219
1.4028
1.4962
1.39
1.5885
1.5812
0.81658
0.76208
0.72277
0.76033
0.81846
1.4622
1.1508
1.2764
1.5596
0.77804
0.83753
0.75336
0.79799
0.85114
1.2331
0.7925
0.82414
0.89125
0.80538
0.78343
0.74645
0.8892
0.90157
0.82414
0.75858
0.70146
0.90365
1.1912
1.074
0.86298
0.98401
0.92257
1.3772
2.7733
1.9143
0.82224
0.83176
0.83946
0.877
0.81658
0.77804
0.7925
0.72111
0.82414
0.92045
1.0789
0.68549
0.73114
0.77625
0.85114
0.88308
0.81283
0.79068
0.88105
0.97949
1.0691
0.90782
0.78524
1.0568
0.76033
0.77268
0.74131
0.97949
0.83946
0.91833
0.94189
0.73282
0.71945
0.76913
0.86298
0.91622
0.76384
0.78524
0.81096
0.84333
0.81283
0.79068
1.1912
0.88716
0.78886
0.80538
1.0186
0.98175
0.77983
0.88512
0.79983
0.79799
0.75683
0.77804
0.7925
0.71779
0.69502
0.72277
0.76736
0.81283
0.72778
0.84333
0.81846
0.92045
0.78524
0.84528
0.77983
0.73451
0.71121
0.68549
0.70958
0.78343
0.77804
0.77804
0.70307
1.0914
0.83753
0.70795
1.0765
1.2134
1.0351
1.0447
0.90157
0.75683
0.75336
0.72111
0.70958
0.73961
0.94842
0.75683
1.0139
0.79983
1.1117
1.0914
0.93111
0.69823
0.80168
0.75162
0.85704
0.80538
0.76033
0.89331
0.93756
0.75162
0.83946
0.69984
0.85901
0.87096
0.75683
0.71614
0.78705
0.76208
1.205
0.99083
0.81096
0.92897
0.84918
0.71285
0.77446
0.7656
0.89125
0.8091
0.84723
0.81658
0.74302
0.73282
0.73961
0.83946
0.82604
0.75336
0.75509
0.9528
0.76913
0.73114
0.79799
0.79616
0.79433
0.85704
0.82035
0.94624
0.77446
0.80168
0.7656
0.80168
0.8892
0.74817
0.76736
0.81846
0.82414
0.79799
0.83946
0.75336
0.75509
0.77804
1.2503
2.6122
5.7677
1.0375
0.89536
1.0233
0.8531
0.8356
0.90782
0.95719
0.78163
1.0447
1.2445
1.1455
0.7925
0.84918
1.1066
0.84333
0.78886
0.84333
0.95499
0.89536
1.0162
0.78705
0.9247
1.2503
1.5704
0.74302
0.78343
0.82035
1.4125
0.99312
1.3614
1.4588
2.7861
0.70146
0.65766
1.4355
1.6866
0.75509
1.2589
1.3183
0.95499
0.88105
0.70146
0.70307
0.70307
1.0046
1.3804
1.2023
0.79616
0.80353
0.82414
0.75509
0.74989
0.88512
1.3583
1.0257
0.77804
0.75858
0.86696
0.80724
0.80538
0.82035
0.82604
1.0139
0.94189
1.0691
0.86896
0.8147
0.71285
0.8091
0.93756
0.98628
0.89743
0.76208
0.85901
0.74302
0.80353
0.73451
0.82224
0.77268
0.8531
0.92897
0.88308
0.78343
0.8147
0.78886
0.7925
0.76913
0.73961
0.68077
0.79983
0.7709
0.877
0.86099
0.90782
1.6331
1.0544
1.0304
0.74989
0.78343
0.80168
0.81846
0.72611
0.7925
0.91622
0.88105
1.0839
0.74989
0.73621
0.79983
0.77983
0.72444
0.7379
0.70958
0.91833
0.83176
0.74473
0.79068
0.75336
0.75509
0.8147
0.75683
0.8892
1.39
0.96383
0.70795
1.0186
0.78524
0.9528
0.92257
0.8147
0.77268
0.70958
0.78705
0.78524
0.77625
0.77983
0.83176
0.7379
1.094
1.0139
0.92897
0.77268
0.93325
0.87902
0.8414
0.88105
0.89743
0.80353
0.96605
0.91201
0.75858
1.0471
0.81846
0.81846
0.96383
0.78886
0.78886
0.76384
1.0889
0.97275
1.2503
1.0839
0.78886
0.72111
0.82035
1.0765
0.75858
1.0351
0.97724
1.2134
1.714
2.1677
1.4223
1.0617
1.6482
0.78343
0.82985
0.72111
0.6792
0.67298
0.81283
0.97499
0.75162
0.66834
0.75162
0.69024
0.76384
0.82604
0.75509
0.77625
0.77268
0.76208
0.77268
0.74817
0.71779
0.73621
0.74817
0.77804
0.91201
0.7379
0.78524
0.79616
0.76913
0.76384
0.76736
0.68234
0.74302
0.75162
1.6596
1.2589
1.3583
1.1429
1.2078
0.75858
0.74645
1.2359
1.2303
1.3804
0.90157
0.74131
0.88512
0.8414
1.5101
1.0423
0.7925
0.92683
0.87498
0.84723
1.3459
2.6002
2.8054
1.8197
0.84723
0.92045
0.74131
0.9528
0.79983
0.78163
1.0495
1.7824
0.86099
1.2303
3.155
3.2434
3.7411
0.76736
0.84723
0.9594
0.75509
0.77983
0.81096
0.80353
1.074
0.90991
0.8995
1.0593
0.86497
0.89743
0.90157
0.86696
0.74645
0.75509
0.81096
0.87096
0.76736
1.1776
1.5101
0.84723
2.5586
1.4125
0.76208
0.84528
0.7379
0.86896
0.87902
0.83753
0.99312
0.7656
1.2647
1.1482
0.82035
0.87297
0.79983
0.91201
0.94189
0.9977
0.96828
0.86696
0.8892
0.82414
0.80353
1.0069
0.88512
0.89125
0.82414
0.80538
0.86696
1.2942
1.1143
1.7579
0.99541
0.8892
1.9498
0.9506
0.8414
0.78524
0.82414
0.77446
1.0069
0.66681
0.94406
0.72277
0.9506
0.73621
0.82985
0.92045
0.75509
0.83753
0.79799
0.92257
1.7783
1.1858
0.80538
0.76736
2.3605
2.2646
1.932
0.76913
0.74473
0.76913
0.9247
1.1246
0.69663
0.90782
0.9528
1.0447
1.1641
0.93541
0.93541
0.82985
0.84918
1.0162
0.80538
1.1066
1.1535
1.2942
1.2503
0.68234
0.8414
0.86696
0.877
0.81283
0.92683
0.79616
0.7925
0.99541
0.68865
0.80724
1.1749
1.1117
1.0069
1.2735
1.0328
1.3002
0.98175
1.052
0.89536
0.99312
0.90365
0.85114
0.71945
0.75162
0.68865
1.4289
0.72778
0.73961
0.71945
1.0093
1.3274
1.0447
0.83176
1.2274
1.0069
1.0544
0.89331
0.877
0.90365
0.92257
0.81096
0.90573
0.92897
0.82794
0.95499
1.6749
0.93111
0.76384
0.75683
1.1376
4.6452
1.0471
0.87096
0.77983
0.74473
0.73282
0.86497
0.75683
0.73621
0.80724
0.80353
0.99083
0.74131
0.70307
0.81658
0.78886
0.80168
0.77983
0.77983
0.94842
0.73621
0.69823
1.194
0.77625
0.7709
0.76208
0.73961
0.70632
0.75683
0.74131
0.79068
0.74645
0.71121
0.79068
2.3067
0.72444
0.90157
0.79616
0.87498
0.74473
0.87096
0.87096
0.73114
0.70146
1.0046
1.7022
1.845
0.78524
0.82224
0.7379
1.0715
0.84918
0.78886
0.85704
0.877
0.78343
0.74131
0.72778
0.76913
0.83176
0.76033
0.74131
0.8414
0.72946
0.79983
0.68707
0.75858
0.72946
0.77625
0.8414
0.86099
0.85901
0.77446
1.0544
0.86099
0.79616
0.80538
0.78524
0.86497
0.9506
1.1641
0.72778
0.73621
0.75858
0.81283
0.77625
0.93541
1.0375
0.79433
0.84918
0.82985
0.74302
0.88308
0.84723
0.98401
0.877
0.72111
0.77446
0.74473
0.8356
0.80168
1.0544
0.97275
0.93541
0.92257
0.80724
0.72111
1.094
0.91833
1.2677
1.0568
0.74989
0.77268
0.80353
0.81846
0.9247
0.79068
1.3932
1.4521
1.5171
2.0559
3.4119
1.0495
0.70307
1.1995
1.2503
0.87297
2.4266
1.0186
1.0116
0.71285
0.81658
0.81658
0.7925
0.79799
1.6144
1.845
3.1842
2.9444
0.74817
19.055
2.3933
1.9634
2.0464
2.1677
1.8836
1.0351
0.93972
0.88716
0.99312
1.0965
1.1561
0.93325
1.0351
0.88512
0.9247
1.0257
1.4191
1.4256
1.0304
0.77625
0.84723
0.86896
0.81283
0.77446
0.94406
1.0666
1.1803
1.0328
0.82414
0.97724
0.87096
0.80538
