6.7764
12.853
12.106
23.174
13.152
16.368
11.015
38.371
15.241
17.458
1.122
1.0839
1.5031
18.113
39.264
21.627
25.235
24.491
25.645
19.364
13.996
23.227
18.155
17.458
22.803
27.04
17.947
26.669
23.768
25.351
1.1695
1.5311
7.0632
20.37
12.882
6.8391
0.79433
0.82224
2.5235
1.4928
25.942
22.646
17.824
23.933
10.99
2.6242
1.205
14.588
26.546
11.94
3.2584
6.4417
0.76208
7.7446
2.5235
0.75336
0.79983
0.74302
1.3964
1.3521
0.82604
5.6885
17.783
20.701
25.527
26.122
20.23
13.521
9.6605
30.69
19.364
24.547
17.219
21.577
26.73
21.33
17.14
6.3973
2.8184
1.5417
1.9187
1.2735
1.3709
0.90157
1.1402
15.668
9.506
19.815
1.5524
1.4555
1.2942
1.3709
1.183
1.1143
18.664
12.359
0.877
1.8923
1.3964
1.349
6.9663
2.9923
25.41
15.171
6.8865
1.194
1.0399
13.459
18.281
14.191
23.174
19.32
12.359
17.378
18.323
0.86696
8.7096
2.8774
23.174
11.143
24.044
14.723
12.531
19.231
19.055
20.417
16.406
7.7446
9.0365
13.092
15.596
6.5917
15.849
13.677
20.606
23.659
16.331
13.646
20.845
15.849
15.101
16.788
0.91411
0.78705
0.76033
0.82414
5.0466
4.6881
1.574
1.0209
19.634
18.45
17.298
5.4954
12.134
2.2439
1.1641
1.9999
12.303
11.695
18.88
14.388
14.06
13.9
0.78343
0.73961
0.79433
1.1776
1.2706
1.0593
0.85704
0.77446
0.87498
3.4914
0.68549
0.68234
0.66681
0.86099
0.68391
1.6634
1.5776
0.84528
0.88105
1.6406
1.1722
1.3243
1.3996
1.194
1.1722
1.1588
1.4125
0.85114
1.0023
1.0328
1.1402
1.0162
7.709
0.72444
0.8356
0.76736
0.76736
0.68234
0.94406
0.73451
0.77268
3.1261
0.65917
0.67764
0.77983
0.7656
0.73621
0.71779
0.72277
0.77625
0.66374
0.68077
0.73282
0.73114
0.71945
0.69502
0.71614
0.67298
0.69183
0.74473
0.73114
0.69343
0.71121
0.67764
0.69502
0.99312
0.67298
0.80168
0.70958
0.74473
0.75858
0.72444
0.67298
0.75683
0.69183
0.76033
0.82794
0.68549
0.68234
0.71945
0.66988
0.78705
0.69823
0.70469
0.73451
0.75162
0.68707
0.72277
0.70795
0.72444
0.70146
0.64565
0.70795
0.73621
0.69343
0.67608
0.86298
1.5066
1.9543
1.1561
1.2531
1.0023
0.77268
0.71945
1.183
2.023
1.0139
0.69343
0.73114
0.71945
0.68707
0.66681
0.75509
0.76384
0.67453
0.67608
0.69984
0.74473
0.76033
0.74473
0.66834
0.7145
0.66527
0.73451
0.73621
0.70795
0.65163
0.67143
0.74645
0.68077
0.73282
0.76913
0.68549
0.82224
0.72277
0.70632
0.72277
0.77983
0.877
0.79799
0.73961
0.76033
0.77804
1.2503
0.68234
0.67298
0.73114
0.74131
0.69984
0.70958
0.79616
0.76913
0.68234
0.67453
0.63533
0.64565
0.70307
0.68234
0.67608
0.69183
0.72778
0.65917
0.66069
0.68707
0.73114
0.63533
0.64863
0.78343
0.66988
0.70958
0.72277
0.6792
0.68865
0.68391
0.68865
0.66681
0.76208
0.70632
0.7145
0.69984
0.72277
0.72444
0.70958
0.75858
0.65163
0.68707
0.71945
1.6827
0.90991
0.7145
1.1561
0.97051
1.1588
1.4555
1.1324
0.84723
1.1588
0.9247
1.0233
1.052
1.1588
1.2735
1.3335
0.82604
0.78524
0.71285
0.70146
0.66988
0.73282
0.74989
0.69024
0.71285
0.74989
0.66527
0.67764
0.69024
0.66222
0.68865
0.81658
0.65615
0.71945
0.66988
0.68234
0.72946
0.68865
0.67143
0.69502
0.70632
0.69823
0.76208
0.68707
0.72611
0.71779
0.70958
0.73282
0.71121
0.68549
0.70632
0.66681
0.74473
0.82224
0.6792
0.7145
0.68549
0.66374
0.63387
0.70307
0.68391
0.68549
0.68549
0.69823
0.64863
0.68707
0.71945
0.67608
0.72111
0.71945
0.68391
0.92683
0.75858
0.72277
0.69984
0.69984
0.63973
0.81096
0.66988
0.66374
0.68549
0.70469
0.72111
0.72444
0.71614
0.72277
0.73282
0.73621
0.68865
0.66069
0.70146
0.77983
0.67608
0.71779
0.78163
0.74817
0.73961
0.75336
0.78886
0.82224
0.73961
1.0715
0.7379
0.87498
0.6792
0.74302
0.85704
0.69183
0.71285
0.71285
0.66681
0.66527
0.77804
0.89743
0.85704
1.5311
0.98175
1.0116
1.256
1.0471
1.2823
0.92683
1.1722
1.1858
1.3804
1.0162
0.93111
1.074
1.4289
1.5631
1.1588
1.7418
1.2388
1.4028
1.1995
1.6255
1.4521
1.3183
1.2388
1.9275
0.70958
0.70469
1.2023
0.70307
0.68391
0.6792
0.66374
0.75683
0.66681
0.70146
0.69343
0.68549
0.69502
0.67453
0.70632
0.88105
0.70307
0.66988
0.69823
0.67764
0.71614
0.68234
0.70469
0.73282
0.72444
0.74131
0.71945
0.67143
0.68391
0.74989
0.67453
0.72778
0.75683
1.1535
0.70146
0.74989
0.73621
0.69984
0.68234
0.71945
0.6792
0.84333
0.64714
0.68549
0.71779
0.68707
0.73961
0.70307
0.84528
0.73451
0.75162
0.76384
0.71614
0.65013
0.67608
0.72611
0.72778
0.72946
0.73451
0.65464
0.70146
0.63826
0.69663
0.67608
0.64863
0.66374
0.80168
0.69823
0.69663
0.7145
0.73961
0.63533
0.75336
0.69984
0.69984
0.69663
0.71121
0.78343
0.71121
0.82794
0.70632
0.67143
0.66988
0.71945
0.66988
0.66222
0.80538
0.72778
0.72444
0.70958
0.6368
0.65917
0.75509
0.7379
0.69183
0.72444
0.70958
0.76033
0.69024
0.67608
0.71614
0.72111
0.64269
0.69984
0.65464
0.69823
0.69183
1.0375
0.82414
1.4655
0.66834
0.74645
0.7145
0.77804
0.7145
0.71945
0.76736
0.66222
0.71614
0.72946
0.70469
0.69343
0.72277
0.74473
0.69343
0.64565
0.70307
0.73282
0.65163
0.72111
0.69984
0.65163
0.63826
0.71121
0.69343
0.68865
0.78163
0.80538
0.84333
0.89743
0.7145
0.83753
0.69343
0.74989
0.88308
1.1641
1.2531
0.77804
0.68077
0.82035
0.73451
0.75336
0.66374
0.69183
0.66069
0.69984
0.72946
0.68391
0.73451
1.0641
1.3614
0.92683
0.8531
1.6634
1.3213
1.2106
0.7379
0.69024
0.67453
0.67453
0.75683
0.73621
0.68077
0.75509
0.72111
0.86298
0.6792
0.71945
0.68865
0.67298
0.65163
1.8621
2.3714
0.66222
0.68234
0.72277
0.68077
0.72611
0.69343
0.68865
0.72946
0.69823
0.76736
0.68707
0.69502
0.70469
0.70307
0.66527
0.72778
0.69343
0.72444
0.76033
0.77446
0.63973
0.68707
0.69663
0.72778
0.71945
0.67143
0.69663
0.65013
0.69663
0.66222
0.67764
0.69502
0.68077
0.76736
0.71121
0.63533
0.68077
0.67298
0.67143
0.6792
0.66988
0.6368
0.70795
0.71121
0.73621
0.83368
0.70958
0.70632
0.67143
0.7656
0.68707
0.85901
0.73451
0.68391
1.1967
1.7579
0.80724
0.80168
0.68707
0.66681
0.68549
0.69823
0.64863
0.65917
0.69984
0.68549
0.68549
0.66222
0.69024
0.72111
0.69024
0.66069
0.66834
0.68707
0.66834
0.72111
0.65917
0.68707
0.72778
0.67143
0.79616
0.73621
0.67143
0.71285
0.67298
0.75336
0.68234
0.74473
0.69984
0.66527
0.84333
0.66374
0.66374
0.70146
0.64565
0.67608
0.69984
0.74131
0.66374
0.88512
0.64269
0.8147
0.72778
0.68077
0.69663
0.66834
0.69502
0.66374
0.7145
0.63973
0.66834
0.63096
0.68707
0.69502
0.69183
0.69024
0.67608
0.67298
0.66681
0.67143
0.69183
0.65163
0.70469
0.70795
0.65013
0.72778
0.7145
0.65917
0.65766
0.74645
0.71779
0.74817
0.86099
0.72277
0.80538
0.75683
0.82604
0.68391
0.63973
0.64714
0.71121
0.71121
0.66527
0.68549
0.64121
0.69502
0.66374
0.68391
0.68549
0.65917
0.67298
0.85507
0.68707
0.67764
0.74645
0.71779
0.71121
0.65615
0.63096
0.66374
0.69984
0.75858
0.68549
0.66069
0.68391
0.66527
0.66988
0.66681
0.69663
0.68391
0.65766
0.66988
0.77804
0.70146
0.74645
0.68077
0.69823
0.65917
0.67143
0.69663
0.79983
0.71779
0.69984
0.65313
0.70795
0.67764
0.68077
0.71614
0.65615
0.66988
0.69024
0.66988
0.66069
0.66069
0.66222
0.66374
0.67608
0.68865
0.69183
0.66527
0.71945
0.69502
0.68391
0.66834
0.65313
0.72111
0.67764
0.72611
0.6792
0.66681
0.66069
0.70146
0.68077
0.73451
0.65163
0.67453
0.65917
0.66527
0.74302
0.67143
0.68865
0.71121
0.66834
0.73961
0.74473
0.72277
0.68234
0.67298
0.6792
0.68549
0.67143
0.62087
0.67298
0.70146
0.68391
0.67764
0.64863
0.67764
0.68234
0.69343
0.64863
0.81846
1.028
0.79068
1.1066
0.87297
0.99312
1.0304
1.0328
1.1482
1.1092
1.2359
1.1722
2.4434
0.80168
0.64714
0.72111
0.69984
0.75509
0.75509
0.70632
0.69663
0.72611
0.7656
0.65766
0.68865
0.66681
0.71285
0.64863
0.68077
0.66222
0.69502
0.66681
0.65766
0.6792
0.63096
0.65313
0.64863
0.65766
0.64417
0.66988
0.67608
0.69343
0.87096
0.73282
0.69024
0.66681
0.71121
0.64714
0.67143
0.67453
0.69024
0.67298
0.69984
0.65313
0.66834
0.68234
0.66988
0.64121
0.63826
0.68391
0.68234
0.68077
0.76384
0.69343
0.66222
0.75683
0.65313
0.63826
0.66527
0.72277
0.71945
0.68391
0.7145
0.6792
0.65615
0.67764
0.67298
0.67453
0.72277
0.70795
0.70632
0.72277
0.66069
0.75336
0.70146
0.71285
0.69823
0.67143
0.69183
0.73451
0.67143
0.77804
0.70307
0.68549
0.70632
0.72111
0.67764
0.73114
0.73961
0.70146
0.70307
0.73114
0.71285
0.71614
0.71779
0.67453
0.68549
0.68865
0.64714
0.70958
0.66374
0.72444
0.69024
0.68549
0.70795
1
0.76736
0.94189
0.89125
0.72946
0.88308
1.1641
0.71945
0.76208
0.68391
0.68865
0.66527
0.83946
0.65464
0.75162
0.72778
0.6792
0.70146
0.71614
0.63973
0.66527
0.6792
0.6792
0.67143
0.64121
0.72444
0.64863
0.69502
0.65163
0.66069
0.66988
0.65766
0.70469
0.69663
0.68234
0.64714
0.65464
0.63973
0.67608
0.76384
0.66834
0.69183
0.74131
0.72111
0.71614
0.67453
0.63973
0.63826
0.65163
0.68549
0.69663
0.65615
0.6792
0.70795
0.69024
0.71614
0.70307
0.70632
0.69183
0.76736
0.73621
0.72277
0.68549
0.67143
0.69823
0.67453
0.69343
0.74131
0.67764
0.69823
0.75858
0.65766
0.69024
0.70795
0.70307
0.69024
0.68865
0.72778
0.67143
0.72778
0.70632
0.74131
0.65163
0.77804
0.71285
0.90573
0.67764
0.87902
0.69024
0.75683
0.67143
0.67764
0.65013
0.6792
0.7145
0.66527
0.70469
0.68391
0.69502
0.65464
0.7145
0.69663
0.65163
0.72277
0.64565
0.64417
0.71945
0.6792
0.80724
0.78705
0.72111
0.72611
0.75162
0.83368
0.71121
0.84918
0.72946
0.74989
0.69343
0.66681
0.71121
0.8531
0.69984
0.67764
0.77268
0.70146
0.7379
0.68865
0.70146
0.70307
0.77268
0.65464
0.8147
0.73114
0.66681
0.89536
0.70146
0.67608
0.69343
0.68549
0.69663
0.66988
0.66988
0.66069
0.65313
0.65464
0.74473
0.70795
0.66527
0.63241
0.65313
0.68077
0.67453
0.65464
0.65766
0.67453
0.68391
0.68077
0.66988
0.66681
0.64417
0.65464
0.69663
0.69823
0.6792
1.3032
1.1561
0.8531
0.79068
0.81846
0.74817
1.2445
0.80724
0.99312
0.99083
0.93541
0.92897
1.1402
1.0715
0.94842
1.0375
1.2589
0.72444
0.74302
0.69183
0.67608
0.72778
0.69024
0.86896
0.70958
0.65766
0.67453
0.68391
0.64714
0.69502
0.71614
0.69984
0.71285
0.65615
0.75162
0.72111
0.67764
0.66681
0.77804
0.69502
0.6792
0.74131
0.64121
0.66834
0.90573
1.1995
0.71285
0.6792
0.70795
0.66374
0.66374
0.69502
0.67453
0.67143
0.74302
0.68865
0.73451
1.0023
1.0617
0.74645
0.80538
0.90782
0.97275
1.6368
0.72111
0.66374
0.73451
0.7379
0.67298
0.70307
0.71285
0.81096
0.66988
0.66834
0.67608
0.71285
0.69024
0.70469
0.67453
0.65615
0.76033
0.70795
0.66681
0.65163
0.71285
0.66988
0.66527
0.73621
0.72277
0.74131
0.74131
0.6792
0.69502
0.75336
0.82035
0.68391
0.68549
0.80724
0.68549
0.68391
0.75162
0.68549
0.67453
0.67453
0.69024
0.70469
0.74817
0.70146
0.68391
0.73961
0.67764
0.72111
0.66988
0.63973
0.71614
0.72111
0.67298
0.7379
0.70795
0.68077
0.66527
0.73114
0.69024
0.71121
0.74131
0.67298
0.69823
0.66527
0.71945
0.69823
0.66834
0.69183
0.67764
0.70958
0.74473
0.69183
0.68549
0.65013
0.68549
0.67453
0.69183
0.75509
0.6792
0.68549
0.70958
0.66988
0.69984
0.70146
0.66527
0.74817
0.66681
0.71285
0.66681
0.69663
0.88716
0.79068
0.75509
0.79616
0.77625
0.79983
0.78524
0.7145
0.67453
0.74131
0.67764
0.68234
0.62661
0.63826
0.84528
0.65766
0.66222
0.69823
0.70146
0.69984
0.7709
0.67143
0.69663
0.63241
0.66988
0.6792
0.70307
0.67453
0.67764
0.72946
0.68234
0.62951
0.68077
0.69502
0.69663
0.64269
0.66374
0.65464
0.65013
0.8356
0.89743
0.67608
0.72946
0.72946
0.71285
0.72946
0.68234
0.74302
0.65917
0.73961
0.71945
0.72946
0.67608
0.69663
0.70469
0.75336
0.7145
0.8995
0.66222
0.71121
1.4093
0.8531
1.4757
0.97949
0.87096
1.0162
1.0789
0.91622
0.69343
0.71779
0.66988
0.91833
0.69663
0.69343
0.72778
0.72778
0.69343
0.7145
0.71614
1.0471
0.75336
0.68077
0.65917
0.74302
0.71779
0.89331
0.68234
0.67453
0.70795
0.69663
0.72778
0.66222
0.66222
0.65464
0.64714
0.66834
0.67143
0.73621
0.67298
0.68234
0.67453
0.68234
0.74645
0.73282
0.68077
0.66834
0.67453
0.69663
0.64714
0.70307
0.66374
0.7925
0.68549
0.67143
0.72277
0.64714
0.67298
0.70632
0.72611
0.68549
0.65766
0.7145
0.80353
0.7145
0.66527
0.7145
0.72946
0.65464
0.69984
0.71945
0.66988
0.74989
0.69663
0.65615
0.68865
0.73451
0.69984
0.73451
0.75858
0.92897
0.74645
0.79983
0.84723
0.72444
0.75858
0.84723
0.73114
1.9409
0.71779
0.71285
1.1402
0.72111
0.70469
0.75162
0.67143
0.7379
0.65615
0.67143
0.68391
0.75858
0.65917
0.65917
0.70632
0.71945
0.69024
0.63096
0.74302
0.73621
0.6792
0.7709
0.71121
0.7709
0.73114
0.71121
0.70958
0.67764
0.68865
0.76208
0.67764
0.68077
0.75858
1.0715
0.82414
0.82794
0.82224
0.87498
1.0864
0.8531
0.83176
0.84723
0.96828
0.73451
0.7145
0.66222
0.71614
0.7656
0.72277
0.70958
0.72444
0.72778
0.69984
0.7379
0.71121
0.72778
0.71779
0.66069
0.7379
0.72946
0.7145
0.7656
0.81283
0.76033
0.79433
0.69823
0.72778
0.76208
0.75162
0.7709
0.6368
0.72111
0.89331
0.8414
0.78163
0.77446
0.72778
0.79068
1.2735
0.72778
0.87902
0.73114
0.69183
0.67608
0.75683
0.67764
0.71121
0.6792
0.68549
0.69024
0.72444
0.69024
0.78705
0.67298
0.71614
0.70958
0.70307
0.67298
0.72111
0.69823
0.70469
0.63241
0.67764
0.73282
0.77268
0.70958
0.71285
0.67143
0.73451
0.71614
0.72111
0.71779
0.69502
0.67764
0.75509
0.66222
0.68865
0.69183
0.76033
0.69183
0.69663
0.68391
0.65163
0.68707
0.65013
0.72444
0.70795
0.69502
0.69183
0.74302
0.66374
0.66527
0.74473
0.71945
0.74817
1.1455
0.77446
0.66834
0.76208
0.68865
0.70795
0.68865
0.71121
0.67298
0.69823
0.75336
0.74989
0.69343
0.73451
0.67453
0.66988
0.70632
0.69823
0.63973
0.6792
0.70795
0.68549
0.68077
0.73114
0.69663
0.68707
0.70146
0.73282
0.73282
0.80168
0.69183
0.74989
0.72946
0.68549
0.76384
0.70307
0.67764
0.70632
0.69183
0.67143
0.73451
0.68549
0.70632
0.66069
0.71945
0.70307
0.72277
0.78343
0.68707
0.94624
0.69024
0.71779
0.64269
0.70307
0.70795
0.68707
0.68391
0.77268
0.85507
0.69183
0.81283
0.66681
0.66681
0.69024
0.68391
0.69024
0.66988
0.71945
0.65917
0.74817
0.66527
0.66988
0.69663
0.70146
0.68707
0.70795
0.65163
0.67298
0.65766
0.64565
0.66834
1.8239
0.66681
0.74131
0.69823
0.77983
0.69663
0.64269
0.64863
0.68077
0.69502
0.67453
0.68549
0.69823
0.76033
0.66222
0.69343
0.71779
0.66681
0.7709
0.7145
0.79068
0.66374
0.66988
0.65766
0.66834
0.70146
0.6792
0.82224
0.68707
0.68865
0.68549
0.73621
0.68865
0.66988
0.70795
0.68234
0.73114
0.82035
0.72111
0.73621
0.68391
0.68077
0.66222
0.90991
0.68865
0.65615
0.68549
0.71614
0.81846
0.68391
0.76913
0.66527
0.68707
0.68865
0.66527
0.74131
0.84723
0.78886
0.80353
0.94189
1.1015
0.94189
1.1194
0.9247
0.8414
1.0914
1.3772
1.0765
1.0351
1.0023
0.85704
0.8995
0.8531
0.77804
0.74473
0.69343
0.72444
0.73114
0.68549
0.68549
0.63387
0.75858
0.67453
0.66069
0.69663
0.70958
0.76736
0.72444
0.66681
0.71945
0.69183
0.69502
0.7379
0.68865
0.63826
0.66527
0.75162
0.69663
0.73114
0.77446
0.71614
0.71779
0.73114
0.67143
0.75683
0.73621
0.71945
0.67453
0.82604
0.7925
0.69984
0.72277
0.75858
0.70469
0.70632
0.76913
0.68077
0.70632
0.73114
0.75683
0.71779
0.75162
0.72946
0.82224
0.67608
0.70469
0.69183
0.68707
0.70146
0.82604
0.72277
0.79983
0.74817
0.77983
0.99083
0.82414
1.2503
1.2677
1.6943
0.68549
0.71285
0.66681
0.70958
0.66988
0.80168
0.66988
0.68549
0.68549
0.68707
0.71121
0.68707
0.92257
0.78524
0.68549
0.76208
0.70469
0.70469
0.76033
0.70795
0.75858
0.68707
0.77446
0.67453
0.73451
0.74302
0.66681
0.66374
0.71779
0.74817
0.73114
0.69343
0.76913
0.70632
0.7656
0.69663
0.74645
0.67143
0.69823
0.67764
0.68549
0.69183
0.71121
0.69823
0.77268
0.7379
0.79616
0.74817
0.68549
0.70307
0.69183
0.70795
0.75509
0.71779
0.67298
0.6792
0.69502
0.73282
0.65615
0.68707
0.76033
0.74645
0.71614
1.0328
1.0375
0.69663
0.8531
1.5311
0.8414
1.099
1.3397
0.94624
0.75509
1.3243
0.65163
0.74131
1.2359
1.8535
0.78886
0.77268
0.77983
0.93111
1.3772
1.2912
1.0257
0.74473
0.72946
0.78343
0.7925
0.78886
0.66374
0.73621
0.74302
0.69984
0.69823
0.70469
0.67608
0.66988
0.67143
0.71121
0.63973
0.7145
0.72611
0.69183
0.72444
0.68549
0.68391
0.64121
0.74131
0.72277
0.72444
0.7709
0.69183
0.74817
0.64714
0.68234
0.65464
0.70307
0.75336
0.66988
0.70307
0.89536
0.70795
0.82604
0.79433
0.81658
0.80538
0.71614
1.2218
1.2474
1.1066
0.78163
0.70632
0.79616
0.70307
0.72946
0.75336
0.69663
0.66988
0.75858
0.73282
0.7379
0.73114
0.79799
0.68707
0.66374
0.70307
0.66834
0.69823
0.71945
0.70632
0.66834
0.69823
0.7379
0.74645
0.73451
0.70795
0.75858
0.72946
0.70958
0.70632
0.69663
0.75162
0.72111
0.73621
0.70146
0.74131
0.68077
0.68707
0.69343
0.71121
0.76384
0.67764
0.74817
0.72946
0.68865
0.66988
0.74302
0.65917
0.65163
0.65163
0.69183
0.71285
0.73961
0.75336
0.74645
0.69343
0.71945
0.69823
0.66069
0.72111
0.74817
0.76913
0.66374
0.6792
0.71121
0.70632
0.68707
0.75683
0.69024
0.72946
0.70146
0.74645
0.70632
0.73961
0.77625
0.75162
0.66374
0.69984
0.69663
0.7145
0.67143
0.67143
0.73114
0.67608
0.7145
0.67764
0.68077
0.65163
0.76208
0.67608
0.6792
0.9528
0.81846
0.66222
1.4388
1.3836
0.72611
0.69183
0.72444
0.67298
0.68391
0.72277
0.65917
0.65464
0.67298
0.90365
0.8414
0.68865
0.69502
0.70632
0.74817
0.7925
0.75162
0.70632
0.72111
0.72778
0.65615
0.71121
0.69024
0.68234
0.64565
0.71285
0.71121
0.85507
0.93972
0.69343
0.67453
0.66681
0.68077
0.68077
0.67453
0.70795
0.85114
0.74302
0.70958
0.71945
0.73114
0.66681
0.71779
0.70307
0.6792
0.65313
1.0568
1.0139
0.79068
0.66681
0.73621
0.67298
0.73961
0.73282
0.7379
0.70469
0.66374
0.66069
0.65766
0.66681
0.68391
0.89125
1.0069
0.93111
1.2912
0.91201
0.94624
1.0864
1.0889
1.6032
0.8147
0.74645
0.71779
0.75858
1.0914
1.2162
1.0471
0.8531
0.86298
1.5849
1.4825
0.70632
0.69663
0.70795
0.77268
0.72444
0.64863
0.6792
0.70469
0.69343
0.66374
0.70795
0.69984
0.70958
0.77983
0.6792
0.70469
0.7656
0.71614
0.69024
0.71285
0.69502
0.73114
0.68234
1.1776
1.3092
1.1776
0.8531
2.1878
0.89331
0.89331
0.78343
1.1272
1.0839
0.74473
1.0814
1.028
0.8995
1.205
0.90782
1.1749
1.1695
0.76913
0.69183
0.69663
0.68077
0.63387
0.6792
0.69024
0.70469
0.65163
0.69343
0.70632
0.69663
0.65464
0.70958
0.67608
0.70795
0.71614
0.68707
0.62806
0.67764
0.73451
1.3614
0.73961
0.76736
0.76033
0.82224
0.73114
1.0593
1.5631
1.3964
0.86696
0.99312
1.3366
0.70469
0.71614
0.72946
0.66988
0.65917
0.66222
0.7379
0.64863
0.68865
0.70146
0.67764
0.69502
0.65615
0.68077
0.71285
0.69823
0.67453
0.62373
0.70958
0.66374
0.69502
0.65615
0.71945
0.70958
0.69183
0.65766
0.74645
0.68549
0.72946
0.68234
0.73282
0.77983
1.8072
0.69663
0.68391
0.68707
0.72277
0.67298
0.66527
0.72778
0.65917
0.65917
0.69343
0.69502
0.66069
0.66527
0.70632
0.68391
0.66527
0.69823
0.66988
0.66374
0.66527
0.69663
0.7145
0.70795
0.66069
0.64565
0.68549
0.71779
0.68707
0.70146
0.69024
0.65013
0.74302
0.66222
0.67453
0.75509
0.66834
0.66527
0.66374
0.70795
0.66681
0.74989
0.66988
0.66681
0.66069
0.65766
0.65917
0.66681
0.72611
0.68707
0.72946
0.68077
0.70146
0.67298
0.73114
0.68391
0.64269
0.69502
0.67453
0.77804
0.67143
0.65615
0.82414
0.70958
0.67608
0.68391
0.70632
0.69984
0.67608
0.74817
0.74473
0.68391
0.75509
0.66681
0.71945
0.66988
0.71614
0.72111
0.68549
0.68865
0.74473
0.67453
0.69183
0.64565
0.7379
0.66988
0.69984
0.68707
0.72111
0.74302
0.66988
0.77268
0.77804
0.70958
0.70632
0.65013
0.68391
0.75858
0.65917
0.67608
0.72444
0.71614
0.68077
0.71779
0.69343
0.69502
0.68549
0.76033
0.68391
0.72111
0.69343
0.72946
0.72111
0.71285
0.71945
0.65917
0.71285
0.69343
0.67143
0.72277
0.71779
0.66988
0.6792
0.69984
0.90573
0.78705
1.1455
1.3932
0.96828
0.70958
2.4604
0.74989
0.71121
1.2706
0.92257
0.71779
0.75858
0.9506
0.74817
0.83368
0.64863
0.65615
0.67608
0.72111
0.77983
0.74473
0.73114
0.66988
0.7709
0.72444
0.67453
0.8414
0.8531
1.0814
0.89536
0.93111
1.122
0.71945
0.72946
1.2078
1.8578
0.91411
0.67298
0.71121
0.80724
0.72946
1.2764
0.70469
0.70632
0.67608
0.85901
0.69183
0.75336
0.72946
1.3243
1.0351
1.1535
0.78524
1.0568
1.3122
1.1194
0.98628
0.91201
0.87297
1.2023
1.1885
1.1143
1.0375
1.9679
1.1641
0.84333
0.93756
0.85704
0.67608
0.69343
0.83368
1.074
0.71779
0.75858
2.1777
0.68234
0.66374
0.66988
0.71945
0.68549
0.84333
0.73961
0.82035
0.78343
2.133
0.90365
0.69024
0.68549
0.66988
0.69183
0.68707
0.80724
0.70632
0.71779
0.68234
0.75162
0.68077
0.70795
0.65766
0.75858
1.0046
0.69183
0.75162
0.65464
0.69024
0.69984
0.79433
0.64863
0.69663
1
1.6943
0.75509
0.70146
0.67298
0.7379
0.75509
0.68077
0.69183
0.68549
0.64714
0.67608
0.69502
0.74131
0.67143
0.64417
0.67608
0.73114
0.65615
0.66374
0.66222
0.69663
0.68234
0.78524
0.70307
0.65766
0.64417
0.72277
0.70958
0.68549
0.63826
0.68549
0.64863
0.67453
0.77446
0.66374
0.68865
0.67453
0.70469
0.75162
0.67453
0.68234
0.68549
0.67453
0.66681
0.65917
0.60674
0.68865
0.69024
0.65464
0.68391
0.67453
0.70958
0.69024
1.1858
0.69823
0.72946
0.69343
0.69823
0.70146
0.67453
0.72778
0.72946
0.77446
0.70632
0.68865
0.70469
0.74131
0.70307
0.66374
0.66374
0.68707
0.70632
0.93756
0.66069
0.73114
0.69984
0.6792
0.71945
0.68707
0.67143
0.68234
0.67608
0.74817
0.70146
0.69183
0.69984
0.68234
2.7227
0.69502
0.72611
0.62951
0.67453
0.7656
0.73451
0.72611
1.122
0.8356
1.074
0.70469
0.74302
0.65917
0.8147
0.68077
0.65313
0.72111
0.70958
0.67608
0.65766
0.69343
0.71614
0.70307
0.63533
0.66988
0.65766
0.69984
0.68549
0.76384
0.77625
0.70469
0.72111
0.66681
0.74989
0.65313
0.66069
0.66681
0.7145
0.70958
0.70958
0.72111
0.63973
0.66988
0.69984
0.66834
0.70307
0.71945
0.66681
0.82224
0.79068
0.76736
0.71779
1.0023
0.95719
1.0186
3.5318
0.66527
0.877
0.75336
0.81283
1.9679
1.556
0.86696
0.82985
0.92257
0.91622
1.556
0.71779
0.69183
0.73961
0.70795
0.66374
0.6792
0.7145
0.72111
0.68865
0.73621
0.75858
0.70958
0.73114
0.70307
0.66222
0.69663
0.70146
0.7379
0.68865
0.75162
0.70469
0.74817
0.75683
0.99083
0.77625
0.78886
0.87902
1.2589
1.1482
0.96161
1.6482
0.74473
0.69502
0.7145
0.78886
0.69984
0.80353
0.70958
0.76384
0.74989
0.72946
1.2474
0.78163
0.72611
0.69984
0.72277
0.69502
0.69663
0.71121
0.72444
0.72277
0.83368
0.71779
0.74817
0.7379
0.82414
0.71614
0.68234
0.66681
0.69343
0.73961
0.70146
0.65464
0.65917
0.71945
0.74131
0.72611
0.69502
0.67608
0.70632
0.69823
0.7709
0.67764
0.69823
0.72778
0.67298
0.68549
0.75336
0.72277
0.7709
0.71945
0.70632
0.76208
0.68865
0.68707
0.68707
0.69984
0.68549
0.78886
0.73114
0.74989
0.7709
0.68865
0.83176
0.70469
0.72111
0.68077
0.72611
0.8531
0.69343
0.71779
0.91201
0.97724
0.93325
0.70958
0.7656
0.76208
0.72611
0.7379
1.052
1
0.90157
0.81846
1.9953
0.68707
0.74131
0.76033
0.72778
0.66222
0.67453
1.1246
0.95499
0.71779
0.71614
0.78524
0.67453
0.68234
0.71779
0.74645
0.70307
0.69663
0.76033
0.72611
0.67143
0.69823
0.6792
0.71614
0.69343
0.69183
0.66374
0.69343
0.70146
0.66681
0.85704
0.65766
0.74989
0.71614
0.66681
0.7379
0.68707
0.70795
0.69024
0.74302
0.68865
0.68391
0.68077
0.70469
0.76384
0.68865
0.85114
0.68234
0.77625
1.2134
0.70469
0.80168
0.88512
0.95719
1.1561
1.0186
1.0304
0.70632
0.68077
0.64565
0.68077
0.67608
0.65464
0.65615
0.68549
0.74302
0.82985
0.66834
0.66069
0.67298
0.66834
0.72277
0.70307
0.75858
0.70958
0.66222
0.72444
0.65464
0.79616
0.84528
0.69823
0.72277
0.70146
0.92257
0.85114
0.65917
0.93325
0.877
0.82985
0.76208
0.76736
0.72778
1.5205
0.72611
0.71614
0.72277
2.673
2.3988
0.80353
0.68234
0.70795
0.76384
0.70632
0.71285
0.71945
0.72611
0.67143
0.76736
0.71779
0.67608
0.82794
0.7379
0.71779
0.72111
0.75336
0.76913
0.69343
0.68391
0.66988
0.73114
0.75336
0.82035
0.72444
0.72611
0.75683
0.72277
0.74645
0.75858
0.73621
0.72444
0.77268
0.75858
0.72946
0.76033
0.69343
0.71779
0.74131
0.73451
0.71285
0.75683
0.68707
0.88716
0.8091
0.8147
0.75162
0.71945
0.79799
0.72611
0.70795
0.75683
0.75509
0.79433
0.68707
0.69024
0.80538
0.6792
0.83368
0.69024
0.86298
0.81846
0.71614
0.73282
0.71121
0.67608
0.86298
0.6792
0.73961
0.77983
1.8239
1
1.2274
0.77983
0.80168
0.78163
0.77268
0.75336
0.74473
0.79983
1.9143
1.1722
0.90365
1.8535
0.69343
0.85704
0.87498
0.75509
1.6106
1.1722
0.80168
0.87297
0.86298
0.8147
0.71121
1.0304
0.73961
0.7379
0.73621
0.7145
0.7145
0.71779
0.67608
0.73114
0.77446
0.86896
0.71614
0.7379
0.70958
0.74817
0.68707
0.75683
0.71614
0.70469
0.77625
0.74302
0.70469
0.69984
0.67143
0.68549
0.76384
0.6792
0.72277
0.7145
0.76913
0.70958
2.023
2.208
1.0568
1.0889
0.68391
0.73621
0.65917
0.75683
0.99312
0.75683
0.70795
0.65766
0.75162
0.73961
0.71285
0.7925
0.71121
0.7379
0.71779
0.72444
0.70795
0.68391
0.70469
0.73621
0.70958
0.73621
0.69502
0.73451
0.72444
0.8995
0.69024
0.72277
0.65163
0.76033
0.74302
0.73961
0.72277
0.74645
0.69183
0.87096
0.70958
0.81096
0.68077
0.68077
0.71285
0.66527
0.73451
0.72611
0.72444
0.79983
0.69663
0.73621
0.7145
0.69663
0.80538
0.77804
0.7379
0.65615
0.74302
0.68707
0.73451
0.76736
0.74817
0.80353
0.75858
0.71779
0.66988
0.72277
0.71285
0.73282
0.76913
0.69183
0.79799
0.73114
0.94406
0.74989
0.75336
0.6792
0.7709
0.96161
0.82414
0.80724
0.75858
1.2246
1.0666
0.9528
1.2388
0.83946
1.256
0.88308
0.73282
0.71945
0.70307
1.7258
1.3552
1.4894
0.8892
0.99312
1.1695
1.1272
1.0839
1.1641
1.1429
1.1066
0.93541
1.0186
0.98628
1.1143
0.97724
0.94189
1.0186
0.88512
0.86099
0.71945
0.76384
1.9498
1.2618
1.2331
7.9068
8.8512
13.122
12.05
20.845
13.804
14.894
15.417
14.894
17.742
16.444
13.366
9.7499
14.388
12.972
2.4604
5.9156
1.5346
1.9724
6.2661
14.191
14.388
13.9
17.742
14.859
13.243
14.689
14.555
16.52
14.622
10.304
12.274
16.866
12.942
10.74
11.298
18.707
17.579
18.323
16.482
18.239
14.388
15.959
18.323
17.022
18.793
4.1879
7.5683
10.864
14.757
15.885
17.989
17.179
0.79616
0.73282
7.379
11.402
14.454
10.889
13.552
11.803
13.836
6.8865
15.205
12.647
6.4863
13.274
13.996
10.069
15.241
15.704
2.1281
2.7606
4.4463
9.0573
16.255
14.825
18.493
10.965
14.488
12.106
18.493
11.535
11.324
8.0353
4.8978
11.995
9.7724
1.2246
5.728
0.77268
0.82224
0.83753
0.78705
1.7579
8.3946
0.93972
1.3521
0.98401
0.97275
2.2131
8.9743
7.9799
0.76913
0.69502
0.73282
5.3088
1.4158
0.68391
0.73961
0.7656
7.7446
7.925
17.418
16.672
9.528
7.8705
15.596
13.183
12.303
14.256
17.742
7.6033
10.889
9.1411
15.276
9.1201
11.94
2.673
0.78705
0.7656
0.7925
2.0559
11.35
1.1995
11.967
19.77
10.257
13.152
10.914
9.4406
0.72611
0.73114
0.73114
0.69823
2.3605
2.0091
0.65464
0.78886
0.67453
11.143
11.967
6.7143
14.723
8.8105
7.7625
11.885
14.158
6.792
16.181
1.2023
11.376
7.8343
12.303
0.76208
0.66222
2.138
3.2434
9.0365
8.7498
7.7983
8.5114
1.3932
0.74473
3.1117
1.5417
6.6222
10.023
15.311
13.804
9.2683
13.092
0.71285
1.803
5.8749
2.2182
0.89536
0.65766
0.70958
0.68234
2.1528
0.74131
0.76033
0.7379
0.81846
1.4093
5.3703
6.3826
0.68865
0.70146
0.70469
0.72277
0.68391
0.64714
0.65766
0.67764
0.66681
0.70958
0.67608
0.7145
0.68707
0.66834
0.64269
0.64714
0.74989
0.73114
0.76033
0.66988
0.73621
0.72611
0.66374
0.69343
0.65163
0.69984
0.73621
0.66988
0.74473
0.78343
0.66222
0.68865
0.75683
0.69024
0.72111
0.68234
0.72611
0.72611
0.68234
0.70469
1.7061
1.1455
1.6904
0.78163
5.7677
3.8194
11.324
15.996
14.825
10.568
9.6161
0.75509
0.70307
8.9331
16.749
15.704
11.508
14.028
0.72611
0.69663
6.5917
9.528
12.19
0.76736
14.289
11.272
14.521
15.066
15.56
5.821
0.90573
0.81096
0.79433
5.358
13.002
13.122
11.22
13.213
14.859
18.365
12.589
15.74
7.5683
10.423
9.6605
3.0974
1.5596
7.9983
14.997
7.5336
10.375
7.6384
6.6222
9.8628
4.6989
10.351
8.2224
3.3113
0.67143
0.72778
0.74645
0.70146
1.0423
0.94624
1.122
1.3213
4.9091
13.772
10.046
9.3111
6.166
10.94
8.6896
7.2277
0.66834
6.3096
10.889
1.1668
1.1402
4.1976
15.776
3.8107
1.5066
5.1404
7.6736
11.194
0.7656
0.77268
0.70469
0.73621
0.71945
1.4894
0.75509
0.75336
0.77983
0.68391
0.73114
0.72444
0.7709
0.71945
0.69024
0.72611
1.0186
0.71779
1.0257
1.2445
2.1281
5.4702
10.447
12.647
16.032
14.894
16.181
10.593
13.552
14.723
9.8855
10.568
0.69502
2.7925
8.2794
11.455
12.618
16.711
0.72277
0.75683
0.74645
0.8091
0.73114
1.2912
5.7016
9.0157
7.4131
11.066
0.73282
0.77268
0.83368
0.81846
0.89125
2.7479
6.5615
12.134
13.213
8.9743
13.152
0.75683
0.77268
0.82035
0.75336
3.0479
5.6885
12.023
11.535
1.4454
0.74989
2.3281
1.0641
0.98855
1.2303
1.2331
0.98401
1.0666
1.2764
1.2735
1.3521
2.3388
0.74989
2.7227
5.8749
1.2735
4.8753
0.75162
0.75858
0.77446
0.73114
0.81283
0.67608
0.73621
0.75336
0.85704
0.66681
0.6792
0.71779
0.77268
0.73961
0.65615
0.67764
0.76384
0.70632
0.70958
0.70146
0.76208
0.75162
0.74817
0.68707
0.84528
0.75509
0.76736
0.86099
0.70307
0.78886
0.73114
1.0046
1.1668
1.8072
0.71614
0.73451
0.77625
0.68549
0.68077
0.68865
0.72111
0.69343
0.70795
0.70795
0.68549
0.70469
0.68391
0.67764
0.81846
0.71121
0.68865
0.68707
0.70795
0.86896
0.91833
0.76033
0.97275
0.87096
0.73621
0.70958
0.7379
0.93541
1.5885
1.3092
0.73621
2.4322
0.66681
0.65163
0.67453
0.68707
0.70795
0.70469
0.63826
0.69663
0.66681
0.72611
0.67764
0.67764
0.75858
0.67453
0.65013
0.69024
0.68391
0.68077
0.64565
0.65766
0.66374
0.66527
0.66069
0.75683
0.67143
0.65615
0.64417
0.65766
0.64714
0.66834
0.66988
0.65313
0.66069
0.66069
0.66988
0.65766
0.69024
0.67608
0.7145
0.66834
0.67143
0.64565
0.67453
0.69183
0.68391
0.66988
0.68077
0.64714
0.66374
0.65464
0.64714
0.69343
0.68865
0.65917
0.66988
0.69823
0.68707
0.68234
0.68707
0.66988
0.75858
0.69024
0.69343
0.70307
0.68865
0.66681
0.69823
0.67298
0.68549
0.70958
0.74131
0.67608
0.71945
0.68707
0.69663
0.63826
0.66988
0.68707
0.68391
0.67298
0.72111
0.73114
0.65917
0.68234
0.69823
0.71285
0.65766
0.65013
0.69663
0.64417
0.63241
1.7258
0.81846
1.0304
1.5136
3.062
0.8995
1.6255
2.2909
1.4191
1.1092
1.0399
0.8414
1.3152
1.6106
1.4791
1.1143
1.3122
1.766
1.0328
2.2961
1.0023
0.72111
0.68234
0.64121
0.69823
0.75858
0.72611
0.70469
0.72444
0.65163
0.73451
0.70632
0.75509
0.66834
0.67453
0.69502
2.037
9.4842
13.868
10.304
8.5114
7.0632
0.72444
0.75683
0.7379
0.82794
0.69183
0.78343
0.70632
0.78524
0.7379
0.74131
0.72946
0.69984
0.7145
0.92257
0.70307
0.73114
0.8414
1.0789
0.86298
0.75683
0.79068
1.0304
0.69343
0.69343
1.6331
0.71121
0.74302
0.69024
0.73621
0.70795
0.74989
0.69024
0.69343
0.71121
0.79433
6.792
12.417
11.912
11.35
9.7499
13.243
16.558
11.641
12.274
13.062
8.892
10.864
4.9659
4.8641
0.67608
6.0674
7.1614
1.4962
0.75858
0.65615
0.67143
3.8107
1.2706
7.7983
0.76384
0.7145
0.71945
0.68234
3.3343
0.7145
0.75683
0.70469
0.70146
0.69183
5.6105
16.749
12.078
13.428
12.134
13.583
11.912
8.3753
10.351
11.066
11.83
1.3804
0.87498
2.3605
5.6105
8.6696
9.6161
8.9125
10.666
9.7051
4.2267
4.9888
0.81846
0.877
8.7902
6.6374
10.139
9.8175
13.032
12.503
7.1779
1.3552
2.5942
6.8549
8.6696
6.0395
8.5507
11.561
0.76736
0.73621
0.7145
0.86696
1.6368
4.8417
0.96605
1.3521
4.6881
7.1614
7.5683
6.7453
7.4302
0.65766
0.71285
0.71285
0.72111
0.75683
0.73621
0.68707
4.3954
9.3111
1.9409
5.5081
3.9537
8.1096
8.5114
7.656
2.2909
7.8524
10.328
7.9983
1.5776
2.5351
0.96383
0.96161
1.1117
5.2
5.6754
12.078
11.641
8.6298
0.72778
0.66834
0.87297
0.93972
2.6853
0.71779
0.81283
0.71614
5.4576
1.0328
0.8995
1.6711
0.97949
1.074
1.1169
1.0139
0.8892
1.1246
0.86497
0.86497
3.9084
0.79983
0.71945
0.82414
0.94624
0.7925
0.94189
6.0534
0.73451
0.7379
0.85704
0.94842
0.8414
0.77268
0.69343
0.74302
0.74131
0.74989
0.73961
0.79983
0.75162
8.9743
11.668
4.5082
9.5499
9.2897
10.447
14.689
12.218
2.4434
3.5318
1.5885
5.2602
0.70146
0.74645
2.8774
6.2517
6.0534
7.3961
10.209
7.8524
0.74989
0.68234
0.69663
0.66069
1.3964
7.6033
2.0324
4.3652
0.83946
0.69502
0.73451
0.7145
1.6596
5.6754
0.85507
1.2078
1.9907
11.614
5.42
19.953
6.6834
5.3456
10.351
11.995
12.331
5.8345
9.3541
7.8343
9.9083
0.7656
2.6363
12.823
8.0724
9.977
8.147
7.8524
25.586
9.9312
11.22
0.75336
0.68865
5.5335
0.83946
0.69984
1.7179
2.8907
5.8345
0.70469
0.71779
0.69663
1.2106
0.90365
0.68865
0.76384
0.81283
0.97724
5.2966
14.962
11.695
8.0353
14.894
10.99
10.328
6.0256
6.8391
8.2224
7.7983
11.482
8.2604
8.8512
9.4624
9.0157
7.9068
4.9774
1.5596
2.9309
3.1477
0.94624
6.2087
1.9999
9.9541
9.2257
11.041
0.74817
3.4834
11.508
15.276
9.0782
8.7297
7.8705
20.277
6.2373
5.3088
2.6546
1.6827
1.0186
1.2417
8.147
3.6224
2.2542
7.9983
13.305
8.892
9.5499
7.3114
6.4417
6.5464
3.6224
4.6666
3.6813
5.2119
7.3114
7.9433
4.9888
7.925
4.7534
0.74131
5.2723
1.556
2.0137
2.7669
0.72444
0.83946
0.78524
0.72778
0.78886
3.8019
6.6834
1.1298
0.80168
2.0091
0.83753
0.97724
1.0093
1.1776
1.0399
0.83176
3.7411
12.677
10.864
6.0117
15.171
6.9984
8.0353
10.209
1.2706
4.2855
6.9343
7.5336
11.803
6.9984
4.0365
8.0538
6.6834
5.5847
9.506
1.1561
2.1281
1.9999
6.5163
7.656
6.1944
14.06
6.8865
9.5719
24.044
9.1201
7.2946
1.2246
0.67453
1.6032
5.4702
12.474
44.978
30.061
25.351
9.8628
12.023
5.781
3.1696
9.1622
5.2
8.6099
9.3325
9.3111
0.79616
1.3183
1.1858
0.85507
0.95719
5.358
8.0168
1.1169
5.358
14.655
9.8855
7.1614
6.4714
7.7625
9.5719
9.2045
8.8512
