4.3152
0.86896
15.382
18.45
3.6898
1.9543
1.0139
1.2417
17.539
18.365
0.95719
1.5524
2.8314
16.368
2.0893
0.89125
1.1588
1.7179
2.4266
0.94842
1.4223
1.9724
16.711
19.724
12.56
15.668
16.634
11.614
20.893
2.3878
4.0458
17.66
18.967
17.14
15.849
19.055
24.378
2.3121
3.1333
10.046
2.037
29.309
14.859
0.85114
2.7797
0.7656
1.4191
0.99083
1.2162
1.9861
16.331
4.0458
1.3152
0.83368
6.8234
1.5959
0.71285
0.74989
1.5311
1.2706
1.766
0.78343
0.69183
10.52
36.983
17.14
20.845
16.634
18.239
21.827
20.606
9.1833
5.0699
13.335
11.749
0.85507
0.93756
0.94406
1.5849
3.2137
1.183
1.7458
2.3067
10.28
10.304
12.589
16.52
16.255
24.946
21.777
18.155
16.982
11.298
13.274
16.634
13.677
6.6681
11.246
18.45
18.967
3.6813
0.88308
1.2388
0.89331
1.219
1.8323
23.496
15.885
17.1
14.191
12.162
4.2267
14.894
14.028
18.45
15.56
18.923
14.825
20.23
13.552
16.218
20.23
15.776
16.982
12.134
12.764
16.144
14.894
15.959
16.672
0.97949
1.6904
9.8401
0.90991
1.4757
1.2445
12.794
16.827
20.845
15.136
12.589
10.99
6.5013
8.6099
0.99312
6.6374
0.7145
0.92683
1.1376
16.406
16.749
20.797
25.704
19.454
32.211
22.08
21.827
1.8578
0.75858
11.535
12.417
17.418
18.155
17.061
16.672
4.9431
17.258
13.366
1.8664
0.90991
6.5013
21.979
21.281
18.88
1.4093
11.912
23.014
10.304
0.78886
0.91411
0.68234
0.64714
0.69502
0.94624
1.0069
0.9247
6.3387
18.664
1.766
1.2134
0.97051
1.6032
13.74
19.861
21.979
20.606
11.246
11.169
11.324
26.607
29.58
15.205
18.664
19.011
22.542
1.3552
5.224
11.561
6.5464
1.028
1.5524
9.6828
12.303
1.0423
1.1776
1.2972
1.6788
1.7579
1.7022
1.0046
19.724
19.011
3.9902
18.621
15.205
21.33
29.174
23.174
21.478
19.815
17.219
19.275
15.922
9.4189
14.355
5.6234
1.0209
1.5524
0.96828
14.689
5.1642
8.0538
3.54
0.84918
0.78705
0.87297
16.52
3.2359
4.8417
0.9977
1.2331
17.62
15.346
18.323
14.859
0.77804
18.75
15.524
2.4774
8.9536
0.93111
0.94189
1.9364
18.03
17.219
16.482
14.223
14.488
0.90573
1.2303
10.568
14.555
15.812
4.2756
3.9264
1.1429
0.94624
0.7379
11.35
1.0593
9.7051
17.298
0.877
6.6527
25.177
20.277
19.099
17.378
18.967
21.478
20.701
20.045
16.788
18.323
0.98401
3.6475
7.4131
1.8365
0.73282
0.72611
0.79068
9.2045
1.3459
15.812
13.521
5.7016
23.067
26.242
22.182
18.239
17.378
15.524
23.281
23.933
18.75
13.932
3.4914
20.989
3.7757
0.68549
2.8379
1.4555
1.3646
2.5704
5.9704
0.73621
0.71614
0.86099
0.78524
0.71614
0.70795
1.1561
1.3183
0.72946
9.1833
2.3014
6.8549
30.13
18.621
21.33
24.378
28.84
23.174
22.961
15.922
6.2087
1.3459
1.9011
3.6141
10.186
12.972
17.824
20.324
17.66
3.0061
20.893
17.418
15.136
23.714
21.528
19.77
17.783
3.8905
1.7022
1.4454
1.1066
1.1298
0.92257
15.74
1.3122
22.542
1.4997
0.75162
5.9841
9.7051
30.409
20.417
20.654
21.429
20.091
21.677
1.4191
0.98175
0.82794
0.82035
3.5237
1.094
3.5237
0.77446
14.488
0.86099
0.67143
0.64714
1.1995
8.4723
17.865
17.824
23.121
20.417
21.184
24.946
12.764
16.482
22.08
17.62
32.961
2.2646
4.0926
1.0069
3.155
6.1376
1.1885
0.7925
7.9799
0.68707
0.76208
0.71121
0.82035
0.98855
15.205
1.1803
1.5704
1.0965
2.7669
0.97051
1.1402
8.9536
2.5293
5.445
1.0471
0.7656
0.89743
12.823
3.3497
0.73961
1.0544
0.91622
0.75683
3.4041
2.8642
0.93972
1.0046
0.87902
0.8531
2.1086
1.6444
0.81658
0.86099
0.90991
0.69502
4.4875
8.2985
1.5668
9.4842
0.69502
0.70632
0.75858
7.1285
23.659
20.749
25.061
2.4044
1.074
5.42
3.3497
12.589
1.4191
0.9528
7.2946
10.814
7.8705
1.4997
6.6374
0.63826
0.75858
4.6559
0.63533
0.68707
0.8892
0.92683
0.74131
0.7145
1.3772
0.87096
0.88308
1.0257
1.0162
2.0606
12.359
26.122
27.733
26.977
18.836
19.275
18.45
14.555
21.878
21.627
19.77
23.714
22.803
8.9331
12.359
14.289
2.6792
0.78343
3.7068
10.375
16.866
10.864
28.51
18.75
24.434
21.281
16.788
20.324
19.724
18.836
26.062
17.947
14.521
22.751
17.179
23.014
16.181
7.379
1.099
0.84528
3.8459
1.3836
0.8356
5.445
0.97724
0.89331
0.97949
1.0593
1.0399
1.1117
1.0691
1.71
11.535
1.875
0.71285
0.75683
0.73961
0.7379
5.358
5.781
1.1588
4.0365
0.65917
0.71614
1.8493
0.83753
1.0023
2.3714
0.65615
0.62951
0.67298
1.4622
1.028
3.7411
4.4668
4.102
24.099
25.468
20.464
17.579
25.468
21.038
10.666
1.0351
1.1324
1.1614
0.71121
0.80724
0.74989
1.2417
0.99541
2.7164
1.1614
1.2823
1.1668
0.72444
0.92045
1.8155
1.8493
10.328
2.7164
5.6234
15.101
12.735
29.444
19.275
18.578
20.749
0.76208
2.6853
16.444
15.066
10.691
17.579
26.607
25.003
17.783
22.491
28.642
22.751
5.1761
25.882
27.542
25.527
21.038
37.239
25.177
23.335
18.578
25.823
17.539
0.94406
13.9
14.555
14.256
7.4989
14.757
20.37
20.606
20.23
21.232
7.5336
13.9
18.923
19.498
15.812
26.002
18.793
16.255
12.823
1.3614
14.962
14.894
6.9823
0.69183
0.64269
0.92897
0.66222
0.84528
1.8967
2.2387
5.9704
0.6792
0.77804
0.89331
0.87498
1.6866
0.93756
1.6904
1.1324
0.92683
1.2474
14.028
22.542
20.606
22.131
16.634
20.701
27.29
20.654
22.699
20.091
20.559
11.695
2.6607
0.85507
15.596
19.907
23.442
20.893
1.3709
1.256
2.2542
2.1528
1.3062
1.4028
1.1912
1.6032
13.9
19.999
13.932
6.2517
2.5763
8.0353
21.577
17.539
1.074
0.87096
1.8664
0.72778
0.70307
0.81846
0.7145
0.74131
0.70958
1.574
3.9719
3.1477
1.9143
0.96383
0.69984
1.0233
3.4995
1.8923
2.5119
2.1038
0.8147
0.93541
1
1.0399
1.2647
1.0641
0.8147
0.84723
1.0162
1.1614
1.7783
4.3752
0.67764
0.66834
0.61944
1.652
20.464
17.742
15.136
25.586
1.574
0.81846
1.7539
0.66681
0.70795
0.74302
0.75509
0.79799
0.91411
0.76384
0.65464
0.69343
0.67764
0.70795
7.4131
1.6558
2.0559
2.2284
1.5812
6.4714
0.72277
0.66834
0.67453
1.3152
0.98628
1.1614
0.74302
0.66069
0.68077
0.66988
0.80724
0.65917
1.0568
2.3121
0.91622
0.83946
1.3677
5.236
1.1402
0.68234
0.70632
0.71614
0.72946
0.72111
0.8091
0.75683
0.83946
0.73451
0.75858
1.8578
1.2359
0.98401
0.6792
0.70632
0.68234
0.66069
0.64714
0.69823
0.66681
0.74473
0.69663
0.69343
0.70307
0.75162
0.69343
0.66988
0.64121
0.73282
0.72611
0.69823
0.66374
0.71614
0.67143
0.76208
0.7379
0.69502
0.66222
0.84723
0.74131
0.77268
0.69343
0.64714
0.68865
0.68707
0.73961
0.68707
0.70795
1.0471
0.83753
0.94842
0.87297
0.82604
0.91622
1.4028
0.66069
0.65163
1.0965
1.2912
3.0832
1.0864
0.61235
0.63973
0.69984
0.70307
0.69502
0.65766
0.68549
0.65615
0.74817
0.68234
0.69343
0.66527
0.69183
0.67298
0.71614
0.75509
0.68077
0.65163
0.7656
0.65464
0.82035
0.69024
0.67143
0.73282
0.64121
0.71614
0.69502
0.66834
0.78705
0.6792
0.72778
0.64714
0.70958
1.977
1.7498
0.66988
0.76033
0.67608
0.71285
0.66527
0.85507
0.69024
0.79983
0.78163
0.68865
0.71945
0.74989
0.69183
0.69663
0.77983
0.74302
0.6792
0.7379
1.3677
1.3428
1.8155
0.75162
0.80353
1.0328
1.256
1.0914
1.2106
1.3243
0.82794
0.87096
1.0839
0.72611
0.7925
0.89743
0.8147
0.66527
0.66834
0.68707
0.7379
0.65917
0.68549
0.74131
0.71121
0.77446
0.78886
0.75162
0.86099
0.72444
0.68077
0.79799
0.75683
1.0069
0.91411
0.81096
0.68234
1.2503
2.0091
2.0701
1.8967
0.84333
0.97275
1.7418
2.1232
1.0423
1.8793
0.65313
0.75509
0.80724
0.66222
0.78343
0.69024
0.79799
0.62087
0.75683
0.69343
0.64121
0.63826
0.77625
0.69663
0.65013
0.67143
0.69823
0.71285
0.80353
0.67453
0.69823
0.68391
0.70146
0.68549
0.67608
0.83753
0.78343
0.67608
0.64863
0.64863
0.68865
0.64121
0.62806
0.67453
0.68707
0.69663
0.74131
0.66681
0.69984
0.72277
0.69502
0.71945
0.69984
0.63973
0.67608
0.73451
0.63533
0.74131
0.65163
0.77625
0.82035
1.4125
1.5346
1.1858
0.72778
0.72444
0.71779
0.70795
0.83368
0.73961
0.72111
0.68865
0.64417
0.67298
0.69663
0.71614
0.73961
0.7145
0.75336
0.67764
0.69502
0.77268
0.77268
0.66527
0.63241
0.69183
0.64417
0.62373
0.65313
0.71121
0.64714
0.67764
0.65013
0.70958
0.64269
0.68865
0.69343
0.67764
0.8147
0.6792
0.71614
0.74645
0.65313
0.72946
0.69024
0.71614
0.68391
0.65917
0.66988
0.71121
0.69984
0.66988
0.66988
0.66374
0.7379
0.63973
0.76208
1.9143
3.581
1.39
1.9634
1.9953
3.3651
1.4223
0.70632
0.68549
0.6223
0.64417
0.67608
0.6792
0.69984
0.71285
0.64121
0.69024
0.65766
0.83753
0.68391
0.69024
0.74473
0.66834
0.66069
0.65615
0.67453
0.64269
0.7925
0.67143
0.99083
0.73961
0.7145
0.7656
0.79068
0.74645
0.71614
0.69823
0.70632
0.9506
0.87297
0.65464
0.70469
0.67143
0.76384
0.68865
0.66222
0.65163
0.68707
0.70632
0.66069
0.63826
0.69183
0.6223
0.67298
0.74817
0.97499
0.78163
1.6218
0.69984
1.0423
0.88308
0.85704
1.4289
0.99541
1.0568
1.4125
0.68865
0.70632
1.1324
1.71
4.3551
9.7051
13.804
5.4576
0.85704
0.70469
0.70307
3.155
1.7539
4.6345
1.7989
2.3823
2.5293
5.5976
10.544
20.559
21.727
13.062
1.2942
0.76033
3.4594
0.8356
0.79799
0.70307
1.3428
0.98628
4.7315
1.183
1.9364
6.8391
3.5318
3.6141
1.71
0.69823
7.0307
0.67453
0.67608
0.65766
2.1135
1.3183
0.68391
0.6223
0.64121
0.64269
0.64565
0.61518
0.65163
0.64565
0.65313
0.63533
0.68077
0.64417
0.7145
0.67453
0.64121
0.67608
0.86896
0.64417
0.68234
0.67298
0.69024
0.68234
0.66988
0.64714
1.2388
0.96383
0.75509
0.93972
0.67764
3.9811
6.8707
17.14
10.914
0.67608
0.65917
0.64714
0.85114
0.63096
0.70632
0.63826
0.68391
0.75858
0.66834
0.66069
0.70469
1.5031
1.1298
1.1967
0.97275
1.2359
20.091
1.2503
1.6827
0.8147
1.1695
5.3456
0.74645
0.65615
0.7145
0.63826
0.67453
0.75858
0.6792
0.65766
0.66834
0.74817
0.68707
0.68865
0.65163
1.1482
2.1777
1.0715
8.1846
7.4302
0.69502
0.65615
0.81846
0.87297
0.71285
0.92683
0.67608
1.3521
0.77625
1.1561
0.65615
0.8995
0.72111
1.3836
0.89125
0.68077
0.64269
0.67608
0.79433
0.68234
0.67453
0.71614
0.66834
0.66527
0.67764
0.87096
0.6223
0.68077
0.6223
0.66069
0.67764
0.64565
0.6368
0.69984
0.71614
0.65313
0.65766
0.64565
0.66069
0.67298
0.65615
0.69663
0.67764
0.66527
0.67764
0.69823
0.66069
0.64565
0.66222
0.70795
0.69823
0.70146
0.6223
0.67453
0.66069
0.66988
0.72111
0.72444
0.66527
0.69343
0.6792
1.1508
0.70632
0.62517
0.65766
0.66527
0.67608
0.67453
0.65766
0.63973
0.68707
0.62087
0.65464
0.6792
0.62373
0.69183
0.69183
0.65313
0.69183
0.70958
0.69663
0.7145
0.69823
0.64565
0.69663
0.62806
0.62806
0.63241
0.70958
1.1015
0.67453
0.61802
0.63533
0.69823
0.67608
0.68391
0.63241
0.65615
0.66069
0.66222
0.64714
0.61802
0.63826
0.66527
0.67143
0.67453
0.60814
0.67453
0.69823
0.67298
0.66527
0.66527
0.65013
0.64863
0.97724
0.81096
3.8019
0.62806
0.6792
0.76913
1.1298
0.63241
1.0399
0.70469
1.3804
0.91411
0.83176
2.0324
0.9594
1.0544
1.7022
0.81283
0.70632
0.65013
0.65917
0.78343
0.83753
0.95499
2.1827
4.7973
3.7584
1.5276
0.69984
0.72778
0.66222
0.86099
0.8892
0.76208
0.72277
3.8994
0.68391
0.64417
0.73621
0.70307
0.68077
0.68234
0.70795
1.5812
0.92897
0.67453
0.64714
0.65766
0.76736
0.69823
1.2359
0.67608
0.64121
0.76384
0.66527
0.72111
1.135
1.0495
0.8147
0.97499
0.78163
1.1194
1.3092
1.0351
1.1995
1.1169
1.9861
0.83753
0.70632
0.66834
0.74989
0.90782
0.70307
0.74302
0.80724
0.90991
0.73961
0.83176
0.94842
0.66834
0.63241
0.67143
0.65163
0.75509
0.73451
0.82224
0.70146
0.68549
0.69024
0.73621
0.78705
1.0789
4.1591
1.4859
1.803
0.71121
0.75162
0.78886
0.68391
0.65464
0.66069
0.67608
0.71779
0.69343
0.66681
0.72111
0.68707
0.70469
0.76913
1.2647
0.88512
0.96828
2.5882
3.4198
6.5013
0.96605
1.5668
0.7145
0.82035
0.72611
0.71614
0.7656
0.69984
0.66069
0.66988
0.72277
0.73621
0.74302
0.79616
1.5031
0.93325
0.85114
0.84918
0.85901
0.64121
0.80724
0.89743
0.66681
0.6792
0.68549
0.71945
0.71121
0.69984
0.71614
0.63973
0.78524
0.72946
0.74473
0.73114
0.78524
0.70632
0.69823
0.68549
0.66222
0.80168
0.73621
0.92257
0.73621
0.66527
1.0447
2.3121
4.6881
0.83368
4.4361
0.6792
0.72111
0.66834
0.6792
0.69183
0.68391
0.64417
0.64417
0.63826
0.64714
0.76384
0.65464
0.66681
0.65313
0.70632
0.70146
0.73621
0.68707
0.76913
0.63241
0.74817
0.69823
0.70307
0.66834
0.71285
0.71945
0.64565
0.68077
0.65163
0.77804
0.60954
0.74989
0.69502
0.69823
0.65163
0.66527
0.66222
0.62661
0.73451
0.74989
0.67143
0.73451
0.69502
0.71945
0.69343
1.3002
1.0304
1.1015
0.96605
0.7709
0.79983
1.4655
0.68549
0.66834
0.72111
0.70632
0.71779
0.70307
0.70632
0.66834
0.71121
0.66374
0.69663
3.0832
1.5101
8.0724
0.64565
0.72111
0.65464
0.80168
0.75858
4.9204
13.062
10.495
0.65013
0.63387
0.63826
0.89125
0.62951
0.70307
0.77983
0.70795
0.69183
0.79433
0.70307
0.6792
0.63533
0.65464
0.69663
0.74645
0.8995
0.79616
0.66222
0.68549
0.83753
0.73621
0.7145
0.70146
0.7379
0.65464
0.90782
1.0544
0.63387
1.135
0.76736
1.4322
1.094
0.93325
26.303
0.70795
0.71945
0.77446
0.70469
2.2646
1.7701
1.71
1.6596
1.3213
1.4028
1.0093
0.9528
1.1776
4.1591
0.81658
0.64714
0.85901
0.99083
0.97949
2.8119
1.3772
13.646
0.67143
0.65917
0.69183
0.66527
0.70307
4.1305
3.2434
0.61944
0.68391
0.72778
0.82035
1.1749
1.1455
19.498
18.493
19.543
28.84
23.388
24.547
29.309
19.187
2.6915
8.7498
1.4421
15.311
22.909
24.322
22.699
25.763
27.479
22.909
5.9841
17.498
21.38
24.099
20.184
18.707
2.3442
2.5763
8.3946
1.0617
6.166
14.655
12.503
2.4322
16.444
22.594
21.577
18.281
19.861
21.827
22.336
2.8642
0.82604
1.1641
1.3243
1.9011
0.8356
9.4406
5.4325
1.0839
1.4125
19.77
31.477
18.88
28.708
24.889
19.815
23.768
24.491
18.621
24.717
19.907
2.0559
7.3621
18.45
1.0328
2.2751
2.3014
1.6218
0.85507
1.256
4.4668
1.1482
1.374
1.1402
1.9231
3.281
1
14.06
0.63973
0.72277
0.65464
9.0782
0.93541
0.70958
0.69823
0.68391
0.74302
1.1535
0.69024
0.80538
0.65464
0.67298
0.82604
3.6559
18.793
14.158
4.5604
5.7016
0.89743
1.3397
1.8072
2.8576
2.2646
17.539
28.119
22.751
23.933
20.845
15.885
17.022
0.74989
0.81846
0.89536
0.94189
6.2661
0.87096
0.69024
0.71945
0.75858
0.73451
0.75683
1.4655
1.977
0.69024
2.421
1.3964
0.67298
0.67143
0.67298
0.68707
0.96383
0.76913
1.0715
1.4757
1.374
1.1641
1.2162
1.6672
2.1232
0.81283
3.6392
3.4435
1.762
0.71121
0.67764
0.70958
0.67764
0.67143
0.68707
0.64121
0.73451
1.3335
0.78886
0.88716
0.94842
0.98175
0.65313
1.2503
0.66222
0.65615
0.72778
0.70146
0.69984
0.69183
0.72946
0.65163
0.73114
0.66374
0.71121
0.76736
0.73621
0.70146
0.68234
0.66527
0.76384
1.2589
1.2023
0.86298
1.5276
2.0701
1.9275
1.1722
0.88716
1.1272
1.0233
1.3274
2.1232
1.3062
1.4158
0.69984
0.7379
0.66374
0.68234
0.68234
0.71121
0.97949
1.0399
1.1803
1.3521
1.0889
0.86298
1.0839
1.0233
1.1668
1.3964
0.9977
1.0162
1.8072
1.1015
4.3152
0.86696
12.303
0.65163
0.73621
0.66527
0.65313
0.67298
0.66374
0.75858
0.71121
0.65313
0.66681
0.70469
0.67453
0.70469
1.3996
0.68234
0.67143
0.66834
0.68865
0.7145
0.72277
0.69183
0.73114
0.68077
0.63533
0.8356
1.9187
3.02
0.65313
0.67298
0.64417
0.64269
0.77625
2.6853
5.6624
0.75683
0.72111
0.66681
0.6792
1.0423
1.9999
1.1246
1.7418
0.62087
0.63533
0.69343
0.70958
0.68077
0.64121
0.62373
0.92045
0.72946
0.68549
0.66374
0.73114
0.69823
0.66222
0.66988
0.72111
0.72946
0.66374
0.68234
0.90573
1.122
3.1333
1.3152
0.71779
3.2885
3.1261
0.69984
0.71285
0.7656
0.66681
0.68707
0.68234
0.74473
0.76913
0.8147
0.74131
0.69183
0.68234
0.69823
0.73114
0.67764
0.73114
0.81096
0.65917
0.7709
0.68707
0.72611
0.75162
0.68549
0.69183
1.0328
0.69984
0.72277
0.68391
1.4723
0.73282
0.72946
0.78524
0.75162
0.71285
0.65013
0.63826
0.7145
0.66222
0.65615
0.79799
0.63826
0.75162
0.71945
0.70632
0.65013
0.7925
0.7379
0.80538
0.92897
0.81283
0.76208
0.74473
0.68234
0.69183
0.68707
0.6792
0.74473
0.70146
0.65013
0.66069
0.62806
0.76913
0.66988
0.76208
0.73451
0.69502
0.65313
0.87902
0.68865
0.72444
0.74302
0.82224
0.70795
0.87096
0.70958
0.78524
0.74989
0.68391
0.68234
0.69984
0.74302
0.68865
0.69984
0.71614
0.69343
0.69024
1.0789
0.86896
1.3122
0.86696
0.81658
1.1535
1.205
0.60954
0.71945
0.71121
0.8147
0.68865
0.67453
0.75162
0.70958
0.63973
0.69183
0.68391
0.69183
0.80538
1.0544
4.1305
0.66988
0.70469
0.67764
0.67143
0.6368
0.74131
0.62661
0.68865
1.1912
0.90573
0.68549
1.6181
0.87498
0.93541
1
9.9541
18.621
12.531
13.709
25.003
28.774
21.677
25.468
25.061
16.368
19.815
21.677
20.845
26.122
24.378
19.187
27.164
8.9125
18.707
24.434
7.6033
17.783
21.928
18.88
21.086
27.416
19.679
26.792
26.977
17.989
0.9528
0.75858
0.73282
0.73961
0.77804
1.1092
0.76913
0.79068
1.3213
0.93972
1.2303
1.5631
3.3189
1.1298
1.5812
1.556
1.8197
3.9446
3.2885
1.9999
1.9498
0.82224
1.0233
1.9588
0.97724
2.851
8.4333
11.912
1.4859
0.69024
1.1967
0.92897
1.0889
12.331
22.961
20.045
23.823
15.631
21.429
21.429
17.579
21.777
18.408
11.695
20.23
29.648
0.98855
0.78705
0.76384
0.88716
1.122
13.002
22.336
0.74302
0.69502
0.72946
0.73621
0.72111
1.6904
0.95719
0.68549
0.69984
1.1298
0.7379
0.88512
0.65464
0.76736
0.65313
0.96828
0.70958
0.65013
0.78524
0.72778
0.63826
0.76208
0.68234
0.68391
0.65313
0.66374
0.91201
0.61518
0.71779
0.66988
0.66988
0.67453
0.67453
0.65013
0.64121
1.0209
0.67608
0.8995
0.69502
0.67764
0.6368
0.65013
0.65313
0.63096
0.6368
0.70632
0.70307
0.63973
0.63387
0.63241
0.79433
0.64714
0.65163
0.66527
0.65766
0.66527
0.72611
0.64565
0.65464
0.69502
0.65917
0.67453
0.63826
0.65615
0.65013
0.64269
0.65313
0.64714
0.79433
0.66834
0.63387
0.72778
0.71285
0.70146
0.62517
0.69823
0.68077
0.69502
0.6792
0.69984
0.68391
0.69823
0.70632
0.66527
0.66374
0.66681
0.64863
0.68549
0.63826
0.64417
0.66069
0.69663
0.65013
0.65313
0.64565
0.66834
0.68234
1.0093
0.65766
0.63096
0.64417
0.64863
0.80353
0.65766
0.69502
0.7145
0.74473
0.78524
1.5171
0.65464
1.5812
0.66834
0.65313
0.66374
0.68391
0.67143
0.88512
0.72946
0.87498
1.074
0.88716
0.84723
0.91833
0.92683
0.96828
0.68865
9.4406
0.6792
0.66988
0.66527
0.68549
0.68549
0.6368
0.73282
0.65464
0.61376
0.67298
0.69343
0.82035
0.67608
0.7145
0.66222
0.65013
0.70307
0.65163
1.7378
14.158
7.7268
0.72946
2.138
0.79799
1
1.5453
17.824
22.182
23.55
23.281
22.909
22.594
15.849
24.21
19.999
22.182
14.825
6.1944
5.8479
2.0654
1.5849
1.1695
18.239
1.7418
12.735
1.9815
1.6866
0.79433
1.1803
1.2162
0.74989
0.82224
0.98401
1.0328
1.1722
1.1803
1.3868
1.3183
1.1092
2.0654
1.3032
1.0304
1.5631
0.7656
3.1623
1.8408
2.2961
4.5709
0.72444
0.69823
2.7227
0.8147
3.0479
2.5823
2.3659
4.6026
2.2751
18.323
15.959
18.45
31.189
18.365
22.284
19.409
0.66681
0.69024
0.65163
0.66222
0.65163
0.61376
1.0666
0.69984
0.77983
0.70146
0.74989
0.9594
1.8535
1.4322
0.9528
0.9247
0.77446
1.6032
1.0814
0.72277
1.219
0.64121
0.64269
2.4889
1.9724
4.6132
1.0093
2.9717
2.7733
1.1967
0.67764
0.68391
3.4435
17.1
1.977
0.67608
0.77446
0.79068
0.69183
0.68234
0.66222
0.70632
0.68549
0.73114
0.95499
0.65615
0.6368
0.68077
0.64565
0.64714
0.73282
0.64863
0.64417
0.69502
0.66834
0.66988
0.65464
0.66681
0.65013
0.75162
0.74645
0.72111
0.74473
0.66988
0.72444
0.82224
0.86099
1.1641
0.65615
0.65163
0.66681
0.60954
0.65615
0.66988
0.68077
0.6792
0.6792
0.64269
0.74817
0.68234
0.79983
0.77268
0.84333
0.78886
1.8923
0.69663
0.69984
0.78343
0.97499
0.65013
0.78886
1.0139
1.052
1.762
0.86696
0.69343
0.70146
0.65917
0.66374
0.6792
0.67453
0.62951
0.68707
0.81846
0.72277
0.6223
0.61376
0.68865
0.70469
0.75683
0.66527
0.66069
0.75162
0.79799
0.67608
0.64121
0.61235
0.61376
0.68077
0.6368
0.69663
0.69183
0.68391
0.68549
0.97724
0.70632
0.68549
0.72277
0.69343
0.68707
0.73451
0.65766
0.74645
0.64565
0.64714
0.62806
0.65615
1.9099
2.4378
1.3964
0.74989
0.71945
0.83176
0.66834
0.65464
0.67764
0.66527
0.6792
0.68549
0.69984
0.86696
0.65313
0.62661
0.67143
0.74473
0.65917
0.71614
0.70795
0.65464
0.67298
0.69984
0.66069
0.68549
0.66988
0.60395
0.68707
0.73114
0.70632
0.69183
0.80168
0.62517
0.65766
0.73114
0.67453
0.63973
0.68707
0.60954
0.68549
0.63973
1.0328
0.61235
0.59293
0.65163
0.6166
0.66834
0.68391
0.64863
0.69024
0.61802
0.63387
0.63387
0.71945
0.67764
0.66222
0.65615
0.63533
0.6166
0.65163
0.67143
0.62661
0.69984
0.62661
0.70958
0.64565
0.64565
0.66374
0.61094
0.67764
0.65615
0.69984
0.64269
0.63387
0.68077
0.86696
0.67143
0.65464
0.72611
0.65615
0.59841
0.61802
0.65163
0.64565
0.6792
0.73961
0.75858
0.66069
0.71945
0.89125
1.6032
0.99541
1.6255
0.77983
0.72111
0.80538
1.766
1.0544
0.77804
0.94842
0.80724
1.845
1.2531
1.4125
1.0839
0.9247
0.64121
1.1668
1.2246
3.5318
0.65615
0.64417
0.71285
0.68549
0.59979
0.67298
0.65615
0.70307
0.64121
0.68549
1.5704
0.75509
0.84528
0.93325
0.98175
0.67143
0.65766
0.72111
0.67764
0.70632
0.65917
0.65163
0.66222
0.63826
0.65163
1.2388
2.6242
3.342
1.7219
0.65163
0.68391
0.69024
0.72444
0.70795
0.73451
0.62806
0.66374
0.63241
0.66988
0.64565
0.72611
0.7145
0.65917
0.64269
0.65313
0.75162
0.67143
0.6792
0.76033
0.69343
0.74131
0.70632
0.68234
0.67298
0.64121
0.74131
0.75858
0.63973
0.64121
0.73451
0.67298
0.75683
0.73451
0.71285
0.69502
0.72111
0.68234
0.76208
0.72444
0.65464
0.66222
0.73961
0.67453
0.63533
0.71121
0.64714
0.64417
0.78343
0.66988
0.74473
0.61235
0.67298
0.94624
1.2972
2.4099
1.9588
0.77983
1.5346
1.5596
0.77983
0.7709
1.4256
4.3752
2.4434
0.72111
0.79799
0.61376
0.79068
0.68707
0.68077
0.73114
0.63241
0.73621
0.66222
0.75162
0.65766
0.62661
0.69183
0.73451
0.78524
0.73961
0.73621
0.75162
0.70632
0.75509
0.65464
0.78343
0.87498
0.90782
0.91201
0.78343
0.77268
0.67143
0.72946
0.67453
0.65013
1.3772
0.69183
0.75336
1.3868
0.877
1.1912
1.4928
1.256
0.88105
0.97499
0.83946
1.0186
0.75509
0.75683
0.63533
1.3335
1.2531
1.1298
1.1967
1.2474
0.67764
0.70795
0.68077
0.69343
0.87096
0.78524
0.94189
1.5136
1.1194
1.0495
1.052
0.77625
0.64863
0.65163
0.70307
0.8892
3.1623
1.4859
2.6607
0.69024
1.2303
0.60954
0.67608
0.69663
0.69183
0.71945
0.69183
0.71945
0.64714
0.63096
0.72111
0.66834
0.72946
0.65013
0.76208
0.69024
0.62087
0.65464
0.65766
0.69823
0.66988
0.66834
0.75162
0.70307
2.4491
0.75683
0.76384
1.4555
0.79616
0.65766
0.83946
0.68391
0.69502
0.71285
0.7145
0.61802
0.65917
0.78524
0.68234
0.66374
0.70958
0.70795
0.61518
0.74645
0.67453
0.82414
0.70469
0.62951
0.63826
0.6368
0.73451
0.75336
0.68234
0.66988
0.76384
0.67298
0.72444
0.67608
0.61802
0.71779
0.66374
0.65013
0.62373
0.70146
0.66988
0.76384
0.62806
0.73961
0.65766
0.7379
0.7145
0.64565
0.69343
0.63241
0.64714
0.66069
0.65766
0.64417
0.70307
0.70795
0.75509
0.66834
0.72444
0.66069
0.68707
0.90991
1.3366
1.7338
2.5468
2.4322
2.2336
0.67298
0.66988
0.73451
0.64863
0.66222
0.59979
0.74645
0.65917
0.60954
0.76033
0.67764
0.70632
0.67608
0.70469
0.66988
0.62951
0.67764
0.68865
0.69663
0.69984
0.84918
0.68234
0.70795
0.67608
0.72111
0.69502
0.71121
0.66069
0.74645
0.68707
0.68077
0.70795
0.65313
0.82224
0.65313
0.65464
0.68865
0.6223
0.73114
0.67298
0.67453
0.7379
0.6368
0.62951
0.66222
0.65313
0.64417
0.71779
0.73114
0.69343
0.70146
0.66374
0.69183
0.65766
0.63387
0.6368
0.92257
0.71614
0.61376
0.64863
0.64863
0.68549
0.67453
0.63241
0.66527
0.69024
0.7379
0.74302
0.63096
0.63533
0.64269
0.68391
0.73451
0.66834
0.60814
0.70795
2.0417
2.0893
1.932
0.64863
0.63096
0.89743
0.66527
0.65766
0.99312
0.64269
0.63973
0.63096
0.70307
0.68391
0.66069
0.70146
0.7925
0.8892
0.68707
0.68077
0.63533
0.70632
0.77983
1.0568
1.0568
0.97275
0.66834
0.65766
0.65313
0.65163
0.64269
0.66222
0.64714
0.66222
0.96828
0.65163
1.0495
1.1668
0.70632
0.63533
0.65013
0.66834
0.65313
0.62661
0.66988
0.62373
0.64565
4.0738
0.96828
0.6166
1.7989
1.4223
1.0399
1.6788
0.96161
0.61944
0.9528
0.68707
0.65917
0.64121
0.65313
0.67298
0.64417
0.60534
0.63096
0.65766
0.66222
0.61376
0.63826
0.65766
0.67608
0.70307
0.67764
0.66988
0.65313
0.68865
0.72946
0.66222
0.66681
0.66988
0.66681
0.62661
0.69183
0.68549
0.67764
0.6223
0.7379
0.66374
0.64417
0.67143
0.68391
0.65313
0.70632
0.6792
0.65917
0.66527
0.8091
0.68865
1.0965
0.62517
0.65917
0.64863
0.69183
0.69024
0.67764
0.66222
0.67764
0.82985
0.66069
0.64417
0.64417
0.69343
0.65013
0.63973
0.64121
0.63096
0.7145
0.71945
0.65013
0.69823
0.68707
0.61235
0.73282
1.2106
2.0184
1.9815
0.62951
0.68234
0.63826
0.93111
0.9977
0.69984
2.4717
0.7656
0.65615
0.78524
0.68549
1.4488
2.3768
1.8707
1.762
1.5812
2.466
0.71285
0.74302
0.70307
1.2417
0.76913
0.79068
0.72277
0.6792
0.77625
0.66988
0.71121
0.72946
0.66222
0.68234
0.72946
0.71121
0.68391
1.0209
0.66834
0.69343
0.64417
0.70307
0.65615
0.68391
0.68865
0.64714
0.7379
1.2218
0.86696
0.9528
1.875
0.93111
0.81096
1.5311
1.2162
5.4576
11.722
0.69823
0.74989
0.67143
0.65615
0.69663
0.70958
0.65464
0.75683
0.68234
0.67143
0.63826
0.70795
0.69663
0.62661
0.68077
0.68865
0.64863
0.93541
0.69663
0.68391
0.63387
0.68865
2.1677
5.3703
1.8281
0.97051
1.3677
1.094
1.4388
0.63096
0.70469
0.64565
0.65464
0.65313
0.68234
0.66222
0.64417
0.6368
0.67298
0.64863
0.68077
0.66681
2.3388
1.3677
1.5849
0.74302
1.0715
1.0069
2.8379
7.1285
0.68077
0.69502
0.69823
0.65464
0.65615
0.7145
0.65163
0.70958
0.61235
0.66681
0.67453
0.65163
0.69502
0.66374
0.66069
0.76736
0.70632
0.67143
0.66527
0.68234
0.63826
0.68865
0.66222
0.62087
0.69502
0.72946
0.70632
0.65313
0.66681
0.63973
0.65917
0.75509
0.65313
0.66222
0.66222
0.68391
0.64565
0.67608
0.64863
0.66834
1.2078
2.0464
2.1577
0.89536
2.6182
1.9231
0.78163
0.80724
6.5163
18.75
15.311
19.543
0.65313
1.5668
8.2604
12.942
1.0864
0.96383
23.281
13.772
21.38
21.727
19.498
1.0765
21.979
11.885
14.859
15.276
22.387
18.155
15.488
19.999
8.0724
0.70469
1.6444
6.2661
3.8994
0.78524
7.4473
1.6982
15.56
21.979
19.724
25.003
19.953
19.588
16.943
17.579
14.125
1.9143
0.97051
0.84723
2.8054
5.6234
17.906
21.429
21.528
24.322
16.672
22.594
16.634
14.791
2.6915
8.4723
0.84333
6.9343
2.6977
6.1802
1.0471
1.4622
1.0046
1.1015
1.3459
1.1194
2.8184
2.0137
0.74645
0.69502
0.72611
10.74
0.96605
0.69984
0.7656
0.66069
0.81658
0.70632
0.77983
0.72946
0.81658
0.68707
0.70469
0.97275
1.183
0.8531
0.81846
1.0093
0.83946
0.70469
0.7379
0.74302
1.074
0.69663
0.66988
0.71614
0.80168
0.70795
0.71945
0.7145
0.63533
0.65917
0.67298
0.67298
0.64565
0.68707
0.69663
0.75162
0.6368
0.69183
0.68234
0.68707
0.63973
1.2388
1.9679
1.4859
1.9634
1.39
1.1967
0.72277
0.7709
2.0137
7.8524
12.106
0.9247
3.6644
0.67764
0.66988
0.64417
0.77268
4.3954
0.98628
2.1429
1.0471
5.7412
1.0328
11.092
20.464
21.232
23.605
22.751
19.231
23.768
20.606
20.989
5.3456
0.63973
1.1066
0.98401
0.81846
3.8194
9.8175
19.099
8.7902
20.512
17.458
17.418
21.928
6.1094
23.067
21.038
20.941
20.941
22.699
19.275
12.246
2.0701
3.6308
18.45
1.0965
1.0814
0.91411
6.3826
16.293
0.68391
0.70469
0.68549
0.66527
0.61802
0.71121
2.9376
0.877
28.973
27.227
21.086
16.788
15.488
19.679
17.061
17.061
16.331
20.091
13.428
15.417
6.6222
1.6368
6.0395
15.524
0.78524
4.8641
2.3496
8.356
8.1846
1.3614
1.2417
4.3053
20.559
19.099
14.125
24.378
19.724
23.988
16.749
18.408
19.143
20.137
16.069
0.68391
0.92257
5.5081
1.3274
4.7098
1.8793
0.89331
1.7947
8.77
13.804
7.1779
1.0641
1.0233
1.0423
1.1995
1.1041
0.89125
1.0471
0.87902
0.75683
3.6392
3.6475
10.375
3.013
0.68077
0.68865
0.72444
1.5704
5.3827
13.521
29.512
25.119
20.464
19.143
16.144
23.659
17.338
17.66
20.137
22.439
21.979
0.66681
0.90573
2.3714
2.4604
4.1591
2.2646
1.0233
1.1561
0.80353
0.76913
2.6122
0.8995
2.8184
0.95719
7.5858
16.218
17.418
20.091
19.187
17.498
2.4717
1.9679
23.014
20.941
20.701
21.727
21.281
22.233
0.82985
1.3804
1.9634
0.88308
2.2439
2.5823
17.14
1.1272
1.219
0.86896
1.0889
1.2078
1.2106
1.4859
0.93111
1.6827
2.0045
1.1041
0.94406
1.9099
1.3002
3.2734
2.1038
1.9679
0.8892
0.83946
0.72611
2.3067
3.4277
1.028
0.70958
0.82414
0.75683
0.72946
0.79983
0.72946
0.88105
0.76384
1.1482
0.98175
0.80538
1.094
1.0093
1.1429
1.1455
1.4191
0.68549
0.66222
0.82985
0.68234
0.78524
0.70469
0.7379
0.80168
0.65313
0.82985
0.65163
0.96383
0.68234
0.72444
0.79433
0.68865
0.77625
0.68707
0.74817
0.69502
0.69183
0.7925
0.72611
0.73961
0.79068
0.75336
0.66527
0.72111
0.83946
0.70307
0.69984
0.70632
0.62951
0.68077
1.0666
11.324
1.3996
11.695
4.8195
3.8194
0.76913
1.4289
1.1324
3.9902
0.70795
0.71779
2.3388
2.3121
20.749
0.63387
0.73282
0.63826
0.68234
0.64269
0.61376
0.66834
0.72444
0.66069
0.73114
0.65163
0.64565
0.76913
0.66374
0.68549
1.4521
0.64714
0.66527
0.6792
0.65464
0.74473
0.7925
0.73621
0.81096
0.70146
0.70469
0.74645
0.6792
1.0864
9.8855
0.78524
0.85507
0.89125
1.135
1.0471
1.4388
0.84528
4.8417
9.4624
0.68077
0.68707
0.75336
0.71614
0.80724
0.70469
0.67453
0.82794
0.75509
0.72111
0.66527
0.69343
0.65766
0.75509
0.67298
0.70795
0.67298
0.73961
0.65313
0.70795
0.72277
0.66374
0.71121
0.85704
0.68234
0.68865
0.73451
0.70469
0.72277
0.68077
0.68865
0.66681
0.66374
0.62087
0.63826
0.68234
1.052
0.68234
0.67764
1.5453
1.0116
0.93756
5.9704
26.182
20.654
10.023
0.91833
1.8323
4.8753
16.293
19.724
21.878
21.827
4.6666
10.28
19.099
14.791
7.4817
12.794
15.276
16.943
10.399
23.823
20.845
21.038
29.923
15.812
1.4256
12.764
17.1
19.907
21.38
22.029
18.75
16.943
16.672
3.1189
0.92897
17.539
14.962
7.379
13.092
19.77
7.1121
12.589
14.158
21.184
18.793
18.88
20.797
23.281
28.119
27.29
18.239
22.336
24.322
20.941
3.9537
12.331
0.93541
1.1066
5.2119
4.3251
0.72611
1.094
7.8524
1.9011
6.9502
21.979
25.763
29.512
10.965
2.5351
9.5499
20.893
12.735
4.5814
1.0593
0.9977
1.219
1.2972
1.3868
1.4322
1.3521
1.2764
2.3388
1.4521
1.1912
12.359
2.2594
1.2331
5.7148
19.187
24.378
25.41
5.728
1.0375
3.1261
2.5527
0.87096
0.93972
0.92683
0.9506
0.82604
1.1246
0.82604
0.81096
0.71285
0.85114
2.6002
0.68391
6.1235
27.861
2.1777
14.158
16.982
23.281
26.424
23.768
20.701
17.458
0.91622
1.2764
2.037
5.7412
15.101
1.0789
1.7989
0.90573
1.7783
2.6363
1.1041
0.9594
0.89536
1.1588
1.0023
1.4928
0.91411
1.2794
0.91833
2.0845
2.0559
1.6982
1.2162
1.0375
1.0617
1.4421
0.70632
0.69183
0.72277
2.3067
0.73961
10.423
1.3646
4.4259
2.0797
0.90157
2.3281
15.704
14.588
27.797
23.335
20.417
0.97499
1.7022
0.81283
0.68077
21.979
19.907
2.9376
0.64565
0.74131
0.70146
1.2023
0.70146
0.67143
0.68234
4.9204
21.677
23.496
9.4406
0.65313
1.1066
6.5464
19.231
31.696
19.099
17.947
17.783
18.88
20.749
22.961
15.885
18.03
19.454
12.388
11.22
5.0816
3.0903
1.3836
10.839
28.184
29.923
18.923
21.478
19.724
18.88
22.961
28.708
3.2063
5.0699
11.455
2.3442
3.6728
10.328
11.776
0.8995
2.2961
1.652
2.1827
5.8076
15.812
23.933
20.893
21.827
25.942
1.6293
2.3605
2.8445
15.488
15.346
22.909
20.797
20.137
22.961
19.953
8.8716
18.707
29.107
16.331
17.906
13.583
15.066
22.029
21.928
3.8107
16.482
20.277
23.714
16.106
23.335
23.067
2.5177
20.464
15.205
25.235
0.82414
15.524
25.41
23.227
1.3397
1.028
5.9293
19.231
24.889
33.037
9.3325
0.82985
0.77268
0.79433
1.3183
2.0559
2.5003
0.87902
0.77268
0.98855
0.82035
2.6062
2.2542
5.6754
1.3032
0.82224
0.8892
2.0893
2.5763
1.7338
0.83753
0.83946
0.84918
1.3868
0.95499
16.106
19.055
1.3459
23.605
25.586
23.335
23.121
22.336
23.227
24.155
17.742
1.8323
2.1038
1.6827
1.9861
1.0023
0.87297
1.7742
0.8892
2.0845
2.6182
1.5885
0.80724
0.76736
2.6303
0.70469
0.74473
2.0654
1.2531
1.1402
1.0641
1.2912
0.97724
1.1066
0.93541
1.094
1.256
0.87297
4.4157
16.144
1.0839
0.65615
1.5241
2.3014
19.454
27.669
23.605
15.74
21.184
25.293
26.242
9.9312
8.5114
13.366
26.122
11.194
2.6122
2.2233
7.5162
24.66
19.143
23.659
23.121
27.102
22.542
18.707
1.3677
17.022
6.6374
21.777
1.4757
4.2364
4.4875
0.92683
0.93756
1.1143
2.0559
1.0186
4.592
26.122
3.4995
2.6242
3.1405
0.72946
3.7584
10.186
14.093
6.0954
0.73114
0.81283
0.72444
0.87498
0.80538
1.7947
0.76033
0.63387
0.80724
0.87498
0.7709
2.7227
1.9679
2.7102
3.2659
3.3037
0.69183
26.363
19.588
1.0666
1.5346
1.7824
2.4044
32.734
21.038
27.416
17.258
28.642
19.275
1.4322
1.3428
18.239
32.584
19.724
22.233
17.219
22.131
18.408
24.946
22.08
19.055
17.66
13.335
4.3053
6.0534
6.0534
30.339
15.136
15.74
28.642
27.29
29.992
30.549
22.029
13.274
1.0423
1.0889
4.0926
2.8054
17.742
26.242
28.51
29.58
26.242
30.903
24.21
2.8774
1.5922
1.074
1.6596
1.9861
2.2233
1.2106
2.2284
15.382
30.2
31.623
25.882
23.281
23.988
36.898
