1.1092
1.5241
1.6218
11.376
6.7143
6.5464
5.0003
3.02
12.589
5.3088
3.7239
5.9704
14.791
9.0157
4.1976
4.4157
2.4044
11.83
2.8184
5.8614
2.5586
6.3096
2.6122
2.355
7.2277
9.6161
3.4198
5.5719
11.429
15.776
15.311
6.9343
2.0184
3.1261
4.0087
11.482
16.144
13.804
2.1577
2.2182
7.8163
10.162
2.5235
2.421
11.194
4.3451
15.311
2.4831
1.7179
6.3826
6.6222
2.2439
14.191
3.2359
13.213
16.032
3.4674
2.2542
9.6383
13.122
14.191
16.444
20.893
4.102
15.812
16.982
13.868
3.3266
11.94
19.32
2.5645
4.8529
4.0551
4.3251
15.311
17.498
22.08
22.699
17.498
11.508
3.1769
6.4417
7.7804
5.0933
9.0573
3.1915
13.709
11.041
6.7298
6.2806
4.8195
3.5481
3.4435
3.155
2.023
15.56
15.959
21.577
18.072
13.274
3.6898
6.5163
17.579
19.055
13.583
1.714
25.882
18.493
2.5061
7.5336
2.8379
1.652
6.0534
16.672
21.281
12.303
8.5704
11.35
2.5061
0.9528
1.2303
1.4191
1.6943
1.1749
3.3189
1.4093
1.1749
1.1092
1.4093
0.92683
1.2972
1.194
1.2764
0.83368
0.80538
1.0839
0.88308
3.3266
0.89536
19.454
21.281
7.3282
1.1803
8.3946
15.596
16.672
1.0447
0.8531
16.596
19.099
3.342
0.93972
0.74989
27.797
0.87498
0.87498
0.8892
1.0641
1.0914
1.1588
1.0162
1.0965
2.3605
3.0974
4.6345
12.531
22.182
19.231
21.184
14.421
1.256
14.689
4.1495
0.78524
1.0765
1.1535
1.7458
3.2285
1.0162
0.93325
1.7418
11.588
1.4757
1.0209
1.2388
1.1429
1.1561
1.5524
1.3122
2.9309
7.7804
1.1561
6.3387
1.1376
1.205
1.8365
1.0069
0.97724
2.1184
0.90157
0.90157
1.3804
1.0257
1.3122
0.87096
0.93325
3.3113
2.7925
1.6069
1.3804
1.6749
1.8365
1.2134
3.7931
1.8323
0.75509
0.83946
0.82985
0.79983
0.82604
10.914
0.83946
0.87498
13.002
23.121
15.346
2.7102
1.1246
2.9174
3.6224
18.365
20.137
17.783
6.5163
0.92045
1.2735
2.0606
4.1495
10.233
1.1588
1.1429
1.6711
1.0495
1.2764
1.3122
1.349
1.2677
12.706
3.0549
0.71779
0.70795
0.80353
0.76736
1.0023
1.0495
1.0568
3.4674
1.3646
1.6106
1.2474
2.2233
2.0606
1.5136
1.4454
4.3251
0.71285
5.1642
0.72277
0.98628
0.72611
0.71285
0.73282
0.8414
0.73114
0.69024
0.77446
1.1455
0.72946
0.97499
0.73451
0.71779
0.72444
0.92683
2.1627
0.98628
1.7179
2.0845
1.219
0.71285
0.74645
0.75336
1.4588
0.80724
0.7709
0.87096
3.8905
0.75162
0.76033
0.73451
0.71779
0.79433
0.81096
0.7925
22.803
0.7709
0.72946
0.77983
0.72444
0.82794
0.71614
0.83368
0.73282
0.96161
0.8147
2.466
0.73621
0.74989
0.77983
0.89536
0.77446
0.8414
0.93756
1.0304
1.1041
1.3836
1.9143
2.6485
0.99541
0.75336
0.75858
0.79983
0.8147
0.81283
0.70958
0.76913
0.72946
0.85114
0.88308
1.6144
2.9242
17.258
0.78524
0.77804
0.72611
0.84723
0.79068
0.71285
0.75683
0.77446
0.7656
0.84333
6.3826
0.90365
0.73114
0.71945
0.74302
0.75858
0.74473
0.81096
0.80353
0.72444
0.69823
0.68707
0.7379
0.74131
0.85114
0.76913
0.75336
0.75162
1.3397
1.2503
1.094
1.1482
1.0186
2.3659
2.4044
5.4828
10.186
1.2106
1.1508
1.2359
2.3768
1.2589
1.4555
1.2388
2.1038
4.1976
12.023
0.82414
1.7022
1.219
1.3772
1.7947
0.89125
0.80168
0.88308
7.2277
2.3442
0.72946
0.70795
0.74817
0.81658
0.91201
0.74473
0.73282
1.194
2.3605
1.6596
0.7656
0.75683
0.877
0.80168
0.76033
0.75162
0.90991
0.82985
0.84918
0.89125
0.82414
0.72946
0.72111
0.76913
0.74302
1.0641
0.74473
0.76913
0.83753
0.72778
0.72444
0.77983
0.77268
0.80168
6.3533
0.71285
0.7656
0.72611
0.70958
0.76913
0.7379
0.73451
0.76736
0.7925
0.8091
0.72611
0.74989
0.75509
0.76736
0.74989
0.72778
0.74473
16.749
0.82414
0.75858
0.7925
0.77983
0.72444
0.81283
0.73621
0.75858
6.2661
0.8091
0.78886
0.76033
0.75162
0.72277
0.78163
0.71614
0.77268
0.72277
1.0789
0.76208
0.78705
1.0423
2.0845
3.8019
0.97724
2.8119
0.74302
2.3442
1.9907
0.70469
0.80168
0.75683
0.73621
0.72946
0.70958
0.69823
3.5892
1
1.5959
0.94842
1.2303
1.6982
3.6644
1.219
0.75162
0.75683
0.97949
17.701
0.82985
1.0351
1.0691
2.0137
0.68549
0.72611
0.70469
0.82794
0.71285
0.83176
0.73961
0.84333
0.8091
0.78705
0.88512
0.71285
5.2
0.70307
0.94842
0.72611
0.7379
0.72444
0.72778
0.73114
0.68865
0.7145
13.836
0.74989
0.75858
0.74817
0.74645
0.73114
0.79068
0.72611
0.7656
0.79068
0.70795
0.72111
0.82414
0.70307
0.69663
0.73114
0.72277
0.73961
0.74302
0.82794
0.75858
0.72611
0.70632
0.71945
0.70146
0.73961
0.71121
0.75683
1.0666
0.72611
0.71285
0.71285
1.1535
0.73621
0.70146
0.69183
0.71614
6.6681
16.596
0.7709
0.71779
0.72778
0.75162
0.73282
0.77983
0.92683
0.76913
2.1281
0.69502
0.72611
0.77983
0.71779
0.73114
0.75162
0.70958
0.72611
0.73282
0.7656
8.5114
0.74473
0.70958
0.72277
0.70146
0.76384
0.72778
0.73114
0.76033
0.70958
0.8356
0.81846
0.66988
0.71945
0.7709
0.74645
0.75336
0.69984
0.72778
2.1135
0.69984
0.71121
0.71285
0.74302
0.71121
0.74989
0.70632
0.77983
0.77625
0.70307
0.72444
0.72946
0.76384
0.69823
0.69502
0.72611
11.194
0.7709
3.4914
1.8923
1.0765
0.92897
1.0023
1.2303
1.4093
2.4099
0.78343
0.74473
0.72444
0.76208
0.70632
0.76033
0.72277
0.75683
0.74131
0.75683
0.72444
0.73961
0.76913
0.71285
0.81846
0.73621
0.73621
0.99312
0.81096
0.71121
0.70469
0.69502
0.87096
0.87498
1.0116
3.1477
0.71614
0.94842
0.79433
0.73282
0.74302
0.73621
0.74131
0.76913
0.72946
0.85901
0.75509
0.75509
0.71121
0.72611
0.78886
0.80353
0.71121
0.94189
0.70146
0.71945
0.74302
0.92045
0.71945
0.73961
0.7379
0.72778
0.72611
0.75336
0.7656
13.213
0.74645
0.72611
0.72277
0.77268
0.74473
0.77625
0.74817
0.74645
0.93972
0.83368
10.641
0.82985
0.82224
0.7709
1.028
0.78163
1.1912
0.70632
1.0765
1.0839
0.70958
0.96828
0.70469
0.71614
0.8147
1.1402
0.80538
0.69984
1.762
19.187
0.78705
0.72111
0.70469
0.68865
0.71945
0.72946
0.70958
1.0093
1.6331
0.74473
0.77804
0.70469
0.92045
1.5066
2.1281
1.714
1.0914
1.0641
2.133
1.4289
1.5996
5.0119
0.75336
0.77625
0.95719
0.79616
0.94189
0.95499
0.78524
0.93756
0.72778
0.78524
1.3459
0.84918
0.74817
2.2699
3.4674
1.2445
3.4119
0.7379
0.74645
0.74817
0.7709
0.77268
0.72778
0.75683
0.73621
0.73114
0.72277
0.72946
0.77983
0.74645
0.69984
12.359
0.83753
0.72444
0.72444
0.74131
0.75858
0.78163
0.74473
0.74645
9.3111
7.8343
0.8147
0.70795
0.8091
0.75336
0.74989
0.7656
0.76913
1.8578
0.93111
0.75509
0.78163
0.74817
0.81658
0.73621
0.72444
0.75683
0.77804
0.9594
0.74989
0.7656
0.73114
0.74645
0.73961
0.73621
0.76033
0.75162
1.4997
0.75336
0.74817
0.76913
0.89331
0.82604
0.81846
0.93111
1.2912
6.8865
0.90573
0.76208
0.76033
0.75509
0.72946
0.75162
0.74817
1.0495
0.82035
0.8147
0.73961
0.68391
0.76033
0.76736
0.76736
0.73961
0.76033
0.73114
13.996
0.83946
0.74817
0.7145
0.75336
0.75683
0.72778
0.70795
0.80538
0.74302
0.74645
0.72778
0.73282
0.7656
0.71121
0.77625
0.78886
10.99
0.75858
0.82035
0.72444
0.74473
0.71779
0.74131
0.79983
0.79799
8.2604
0.80168
0.7656
0.83176
0.73621
0.79799
0.75858
0.77804
0.75162
0.76736
0.77446
15.776
0.83368
0.9247
0.7709
0.81658
0.74473
0.74473
0.69823
0.85704
8.8308
1.135
0.76033
0.74989
0.79068
0.75336
1.4622
0.73451
0.70795
0.85704
17.1
0.72946
0.89743
0.73621
0.77268
0.72111
0.72111
0.70958
0.8356
0.76033
0.86497
0.72611
2.6062
1.5031
1.0568
1.1143
1.0765
1.5776
0.75336
16.331
0.76208
0.73621
0.71945
0.74989
1.3996
1.1376
2.1184
1.205
1.1169
0.77625
0.72111
0.77625
0.8892
0.75162
0.78886
0.70469
0.77804
0.72277
17.338
0.7709
0.84918
0.73282
0.85507
1.3677
0.72611
1
0.77804
0.9977
0.75858
0.7925
0.78524
1.762
0.72611
0.72611
0.74989
0.74817
0.8091
0.98175
0.79616
1.094
0.76033
0.76208
1.2618
1.7865
0.74989
0.98401
0.87096
0.96828
0.80168
1.0789
0.72946
0.72277
0.73621
0.71779
0.78524
9.8628
1.0544
0.79616
0.74473
0.72946
1.0914
0.8091
0.71779
0.72778
1.205
1.1482
1.205
1.5136
1.5417
1.5276
3.6392
1.406
0.92897
1.6255
8.5507
1.4355
0.76913
2.3823
1.2388
0.91201
2.9648
0.74989
0.7145
11.246
8.6099
1.135
0.81283
0.8531
0.81096
1.7947
2.0324
0.7656
4.0087
19.275
0.73282
0.71779
0.74131
0.75509
0.73451
0.75858
0.72111
1.0889
0.8995
0.7379
0.69183
0.72611
0.74302
0.88105
0.78705
0.71945
0.70795
10.423
14.093
0.74817
0.73451
0.74645
0.86099
0.70795
0.69343
0.69343
0.85704
0.84528
0.79433
0.69024
0.73451
0.71285
0.77268
0.72778
1.3366
1.4555
2.851
0.73621
0.74131
0.70146
0.70632
0.7145
0.69024
0.73282
0.78343
0.72277
7.8886
0.75336
0.74817
0.90157
0.71614
0.82414
0.71121
0.75509
0.84918
4.5186
0.73451
0.72444
0.76913
0.82604
0.81658
0.70632
0.8531
1.5205
0.7379
1.0162
0.69024
0.74131
0.80724
0.78705
0.71945
0.87297
0.73451
13.583
1.4962
2.7353
3.8459
3.4356
0.8147
0.90782
1.1749
1.1695
1.1912
2.3121
1.6181
2.1577
1.2647
4.8306
1.1246
0.75858
0.75858
0.77804
0.81096
0.92683
0.7656
1.3062
0.73621
0.73114
0.76208
0.77983
0.85507
9.8401
6.8077
2.7733
2.4266
0.84723
0.96161
0.8147
1.1376
2.3174
0.94624
8.9125
0.75162
1.2882
0.74131
1.2677
0.74131
0.91201
0.80168
1.0304
1.0715
4.1976
13.092
0.97724
1.6634
4.592
0.75858
0.74989
0.74473
1.1967
6.368
0.75509
0.77625
0.72444
0.82414
1.052
0.69663
0.90157
1.5031
0.7145
0.85901
0.8531
0.76736
0.86298
0.88308
0.74989
1.2303
0.78343
1.3122
0.77446
0.8091
0.82224
0.75336
0.81846
2.1928
11.641
0.82985
0.8147
0.9506
0.87498
14.388
0.86896
1.6181
0.97051
1.5812
0.71285
0.76913
0.73961
0.74131
1.8967
0.72611
0.71614
0.74473
0.74473
0.71285
0.71945
0.71614
0.7379
0.76736
19.77
16.331
22.029
25.351
25.351
24.21
21.577
15.346
15.346
9.7275
2.5527
5.1168
2.5235
20.893
26.122
22.182
16.866
17.906
0.96383
19.724
22.491
22.909
20.989
17.179
17.338
17.539
16.106
1.5959
1.7865
0.96161
0.8414
2.8576
5.8076
17.824
21.184
24.491
22.233
15.922
22.029
20.137
19.231
6.368
1.652
1.4488
0.94189
1.875
17.989
22.08
21.827
22.646
22.182
4.9888
18.113
22.491
1.1194
17.179
21.677
22.233
20.989
21.429
17.418
18.155
1.4928
2.5003
1.8621
2.2439
9.528
1.2618
1.2589
1.1298
16.52
18.072
21.979
23.442
20.893
15.066
1.6982
0.81096
22.284
11.298
20.701
21.429
20.184
4.8417
9.8175
1.4689
1.0593
1.3397
0.83753
5.2723
3.9628
20.845
21.429
19.543
19.999
19.231
17.701
18.75
21.727
17.701
2.7669
1.0544
15.776
13.614
22.542
19.907
1.2106
17.579
18.578
21.281
19.77
16.982
13.459
19.231
3.4277
2.8708
1.9364
2.2909
6.5917
13.868
19.77
19.634
25.003
19.409
18.493
12.445
9.0365
3.8637
1.0789
1.1885
18.493
10.965
1.4689
1.5136
1.977
2.6485
17.378
19.679
18.707
22.387
21.727
16.558
10.691
17.539
18.239
22.131
0.9977
1.71
0.81283
1.6293
5.6624
16.106
20.654
22.387
19.143
16.218
15.631
17.298
17.298
2.1281
14.388
14.757
1.0257
0.93541
13.868
1.5776
1.0023
5.728
9.3541
1.0641
1.3772
1.3583
1.3996
1.9815
1.4158
12.912
20.749
23.281
18.578
22.387
18.408
20.797
11.402
2.0277
1.2388
1.205
1.219
2.704
1.1695
1.7865
1.9231
3.9994
16.788
15.668
22.646
23.823
20.559
17.947
20.184
19.953
19.588
3.1842
0.74302
1.0186
1.0568
0.85901
0.90365
0.91411
1.6596
7.2946
5.3827
2.3121
1.3459
4.6666
0.78524
0.72778
0.71779
0.88716
0.76384
0.72111
0.77268
0.73961
12.647
1.0789
1.256
1.1668
1.4223
1.1143
1.2106
2.3281
1.5849
1.5922
5.0582
17.179
0.74817
0.76913
0.77625
7.145
19.32
20.512
20.749
17.989
3.54
2.3933
0.7145
0.71945
0.75162
0.79983
0.70958
0.73282
0.72444
0.92045
2.5119
1.0471
0.86298
2.3714
1.8239
1.9588
0.94624
11.641
9.594
0.74473
0.82414
0.79068
0.89125
0.86298
0.78163
0.76913
0.78524
19.275
0.76208
0.77983
0.81658
0.80538
0.73451
0.76208
0.74473
2.3878
3.6224
0.79068
0.7925
0.70795
0.78524
0.75683
0.78886
0.76913
0.78343
15.631
0.85114
0.877
0.72946
0.70469
0.72277
0.78886
0.72946
0.73282
0.8531
0.78163
0.77983
0.7379
0.76208
0.76736
0.71285
0.69984
0.90157
0.77804
0.74645
0.80724
0.8091
0.76913
0.74817
0.79983
0.73621
0.78524
0.73451
0.77446
0.83368
18.923
0.74473
0.72277
0.82794
0.75683
0.71285
0.76736
0.80353
0.76033
0.82035
0.71945
0.74473
0.73961
0.82035
0.75509
0.74645
0.73621
0.74131
2.2646
0.74645
0.74473
0.75683
0.81846
0.79983
0.69024
0.69183
0.83176
18.408
1.9143
0.72611
0.72111
0.72277
0.77625
0.71779
0.76736
0.7145
9.4624
1.7701
0.79799
0.72444
0.86099
0.76384
0.77625
0.7656
0.77804
14.06
0.75683
0.73621
0.77983
0.70146
0.79616
0.75858
0.82035
0.78524
9.6161
0.74473
1.0666
0.72111
1.0023
0.72946
0.72946
0.78705
0.82604
0.83368
0.86099
0.74817
0.76033
0.74302
0.69823
0.77268
0.88512
0.74989
1.1041
0.92045
0.74302
0.78163
0.75509
0.7145
0.71614
0.77983
2.1038
3.0974
0.74989
0.75162
0.80538
0.72111
0.72611
0.72611
0.73961
0.76208
3.2063
0.69343
0.73621
0.71614
0.73114
0.73451
0.70469
0.77268
0.74817
8.6298
1.5346
0.90365
0.97499
0.82035
0.76033
0.77446
0.79433
0.80168
1.1143
1.0666
1.2218
0.72111
0.71945
0.70146
0.72277
0.90365
1.2677
1.6788
0.88308
1.5311
1.0544
6.2661
2.023
1.3677
1.256
0.93111
1.3183
0.90157
0.87498
1.1194
1.194
2.133
1.4928
1.7338
1.2677
1.5453
1.5776
1.5136
1.6482
1.762
0.7379
0.74645
0.79616
0.82414
0.74131
1.2589
0.75858
1.2647
0.80724
0.74817
0.79068
0.74302
0.76736
0.73621
0.71614
0.75162
0.71614
0.9506
1.0209
1.194
1.7022
1.0839
0.84528
0.97949
0.8531
1.0351
0.92257
0.73282
0.88512
0.71945
0.71945
0.90991
0.80353
0.73451
0.80538
0.70632
0.79068
0.72946
0.74817
0.70795
0.79799
0.71121
0.73451
0.70795
0.70146
0.83753
15.524
0.71614
0.78524
0.73621
0.77625
0.69823
0.71945
0.70469
0.69343
0.92045
0.80353
0.74131
0.72611
0.72611
0.76384
0.74817
0.73961
0.72277
0.73451
0.74989
0.74817
0.72778
0.69502
0.72778
0.74645
0.93325
0.71779
0.76033
0.69183
3.5563
0.70307
0.72277
0.71285
0.72444
0.70632
0.72946
0.73451
0.72111
9.9312
0.72778
0.77625
0.74131
0.7379
0.71614
0.74645
0.74645
0.76208
0.75858
0.73961
17.579
0.72277
0.73451
0.79983
0.71614
0.73961
0.88512
0.91201
0.73451
0.72611
0.79616
0.72778
0.71285
0.75683
0.77804
0.71779
0.7379
0.74817
0.78705
0.74131
0.75509
0.7656
0.8091
0.79068
0.76033
0.76913
0.73621
0.73114
16.827
0.75858
0.74473
0.72778
0.78886
0.82035
0.73451
0.82794
0.79983
10.28
0.78163
0.71121
0.77804
0.71614
0.70146
0.78163
0.72611
0.81283
0.78163
7.1614
0.78163
0.78524
0.77625
0.75162
0.81283
0.79068
0.7709
0.82035
0.71121
9.6383
0.84918
0.78886
0.71614
0.74302
0.73961
0.86896
0.88716
15.382
15.74
0.73621
0.76736
0.73114
0.71945
0.75858
0.79616
1.0139
0.81658
0.92045
0.80724
0.75336
0.92683
0.81283
0.76736
0.73621
0.73282
0.90573
0.97499
0.74989
0.7709
0.79616
0.71945
0.72277
0.74302
0.77804
0.76208
0.90365
0.68707
0.75336
0.72111
0.74302
0.75683
0.70307
0.93972
0.75509
0.7379
7.3114
0.87096
1.1015
1.0864
0.98175
0.68077
0.85507
0.75336
0.72444
8.9125
0.76033
0.7145
0.72111
0.76208
0.72611
0.72778
0.74989
0.74989
0.72111
14.555
0.71945
0.70146
0.75509
0.73282
0.74989
0.76913
0.69663
0.70958
0.72778
0.78886
0.77268
0.73451
0.77268
0.77446
0.72444
0.73114
0.73621
0.7379
0.75162
23.335
0.70469
0.74302
0.74817
0.75509
0.69502
0.75162
0.76208
0.8147
0.82985
0.75336
0.81846
0.75683
0.73114
0.74302
0.73621
0.73621
0.80353
0.7379
13.583
0.85507
0.79433
0.74817
0.71945
0.8147
0.76384
0.7656
0.75162
0.77446
0.87297
0.70958
0.69502
0.7656
0.73451
0.77268
0.7145
0.74645
3.7497
0.79616
0.74302
0.74817
0.73451
0.74989
0.7145
0.72611
0.71945
0.71779
0.80538
11.912
0.71945
0.78343
0.73451
0.7925
0.75683
0.71945
0.7379
0.91622
0.7145
0.69984
0.75683
0.75162
0.7709
0.76208
0.73961
0.74473
12.882
5.7148
0.72946
0.76033
0.82985
0.74473
0.7379
0.72111
0.7656
14.859
20.417
0.75683
0.74302
0.75509
0.76384
0.70469
0.69343
0.73961
0.74131
11.455
0.79068
0.69984
0.71614
0.77268
0.82414
0.75336
0.74645
0.7925
13.243
1.7022
0.79983
0.85901
0.93756
1.1194
1.0093
1.0304
1.1169
1.4454
1.0889
1.0093
0.97724
1.099
1.2942
1
1.6444
0.82604
1.3002
0.94406
10.593
1.9679
1.2474
0.68865
0.70958
0.71945
0.80538
0.73114
0.8147
0.74131
0.72946
0.69823
0.75509
0.71614
0.74989
0.73451
2.6792
1.1066
0.74645
0.7709
0.74302
0.73114
0.72611
0.70307
0.75509
0.71285
0.73282
0.76033
0.72111
0.76736
0.69502
0.73451
0.71614
0.73114
0.73451
14.757
0.74817
0.75509
0.75509
0.74645
0.74817
0.72444
0.7145
0.74817
0.77625
11.995
0.82414
1.4093
0.80724
0.82794
1.4289
1.1614
1.7906
1.4256
0.79616
0.70795
0.76736
0.70307
0.75858
0.77268
0.76384
0.71779
17.701
0.7379
0.76208
0.70632
0.74817
0.72946
0.71779
0.70632
0.72277
21.528
0.77625
0.74645
0.73621
0.73282
0.70958
0.79433
0.70795
0.74645
0.69502
6.6069
0.69502
0.77446
0.75683
0.76033
0.71285
0.74817
0.71614
0.89536
0.96605
0.71121
0.70632
0.73961
0.72946
0.75336
0.75336
0.73282
0.70632
8.2035
11.885
0.73114
0.7379
0.69823
0.71614
0.83368
0.71945
0.71285
5.4828
0.7656
0.78705
0.73114
0.75509
0.78524
0.74473
0.74989
0.73114
0.74817
9.0991
0.72611
0.70632
0.71945
0.71121
0.73451
0.70795
0.78705
0.75683
0.7656
0.74302
0.77983
0.73282
0.71945
0.72778
0.73114
0.71121
2.037
18.493
0.74473
0.7925
0.74302
0.78524
0.7379
0.69343
0.69343
0.77983
14.894
0.72611
0.77446
0.75858
0.7925
0.73282
0.75858
0.74645
0.78343
22.751
0.72611
0.78524
0.7145
0.79983
0.74817
0.74989
0.75858
0.7145
0.83753
0.77268
0.72277
1.6827
0.78163
0.75336
0.73451
0.70146
0.70469
0.74817
0.79068
0.70146
0.74473
0.72277
0.71614
0.72778
0.83946
0.75509
21.627
0.72444
0.77446
0.73282
0.73621
0.71121
0.73961
0.84723
0.74645
0.75162
17.14
0.70469
0.73451
0.72946
0.72778
0.70469
0.7709
0.72946
0.71121
0.79068
0.71285
0.72444
0.73961
0.71121
0.71285
0.78524
0.73961
0.72277
1.1776
0.78886
0.69343
0.75509
0.75509
0.73114
0.72778
0.77983
0.77268
9.8175
0.74817
0.69343
0.74645
0.83946
0.74645
0.76913
0.71121
0.74473
0.70469
4.0365
3.0903
0.68077
0.71945
0.76033
0.72444
0.74473
0.71779
0.72277
4.4463
0.72444
0.71121
0.72111
0.74989
0.70632
0.75858
0.69663
0.7145
0.75336
9.506
0.75162
0.71285
0.70795
0.75509
0.71285
0.7656
0.76208
0.71285
0.72444
0.75858
0.71285
0.71285
1.1092
0.82794
1.5136
1.2331
0.76033
0.72778
0.75683
1.3804
3.281
1.2647
0.75509
0.7656
0.9977
1.5812
1.2274
0.73114
0.80538
0.74131
0.75509
0.76736
0.77268
0.75683
0.74473
0.74302
0.75683
0.7379
0.90991
12.764
0.76033
0.73961
0.74302
0.78886
0.72946
0.73114
0.7379
16.943
0.71285
0.72778
0.73961
0.75336
0.74473
0.75858
0.7379
0.73621
0.73282
0.72611
0.98175
0.71614
0.73961
0.71285
0.74302
0.73114
0.70146
0.71779
0.74989
0.75162
0.72778
0.71945
0.73451
0.76736
0.73451
0.7145
0.72111
0.86696
0.72611
0.73114
0.72111
0.78524
0.72611
0.70958
0.73961
0.7709
0.71779
10.304
2.1627
1.3305
1.4859
1.6982
0.95719
0.84333
0.8531
0.90991
0.89125
0.80168
0.86298
0.78886
0.90157
1.8707
0.7656
0.7656
1.6032
1.2942
1.2882
20.654
0.92683
1.0162
1.3804
1.2942
2.0989
1.6106
0.73621
0.7709
0.80353
0.76384
0.82035
0.73282
0.73451
0.89743
0.81096
0.74302
0.77625
0.85507
0.75858
4.1115
0.72778
0.70795
0.72946
0.70307
0.69663
0.74817
0.74131
12.56
4.9659
0.75162
0.7379
0.74473
0.72946
0.73961
0.73961
0.76913
0.74989
0.7709
0.78343
0.74817
0.71614
0.76033
0.74645
0.72946
0.73961
0.73961
0.81283
0.77268
0.75683
0.74131
0.76033
0.72778
0.77446
0.73961
0.75162
3.4041
0.70632
0.73114
0.76033
0.81096
0.69502
0.71614
0.77983
0.73282
0.89125
0.73621
0.70307
0.72111
0.72611
0.71121
0.71285
0.74473
0.74302
21.429
0.77625
0.71779
0.70146
0.73961
0.7145
0.73451
0.72611
0.73451
0.74989
0.70958
0.74817
0.70146
0.82604
0.69024
0.74473
0.71614
0.69343
11.35
4.102
0.74302
0.76736
0.74645
0.80538
0.71779
0.72778
0.7145
0.74131
0.88716
0.70632
0.68391
0.72111
0.71614
0.71285
0.75509
0.70795
2.4547
0.80724
0.70795
0.75336
0.69823
0.71121
0.75162
0.72778
0.72946
0.70469
5.4828
0.72946
0.72277
0.74131
0.73282
0.73282
0.80724
0.84723
2.6303
1.977
0.73621
0.72946
0.70469
0.74131
0.71285
0.71614
0.75162
0.69024
0.74473
0.72111
0.72946
0.74645
0.76913
0.77268
0.76208
0.71945
0.71614
1.6982
2.0559
0.94842
0.9506
1.6982
1.0139
1.5524
1.0304
1.094
0.96383
1.8793
2.8907
1.1912
1.3032
0.9594
1.2162
1.3243
1.7258
1.1246
1.4757
1.3397
1.3002
1.4223
2.6669
0.79799
0.9977
0.7656
0.71945
0.88512
1
1.0814
2.037
1.2445
1.5849
1.0093
0.72778
0.71285
0.73451
0.73621
0.74645
0.82035
0.92683
0.75336
0.79068
0.82604
0.81846
0.74473
1.1482
0.82035
0.85507
0.86298
1.7378
0.9247
0.76208
1.0715
2.1979
1.3996
1.7338
3.2509
2.2131
2.4322
0.75162
0.74302
0.74989
0.74645
0.73961
0.84723
1.2218
0.82604
0.75336
0.74302
0.75336
0.70958
0.73451
0.78705
0.7709
0.71945
0.85114
6.8391
0.77804
0.75509
0.78343
0.76384
0.70307
0.72277
0.74302
0.7656
0.89331
0.79068
0.86298
0.75509
0.69502
0.77983
0.78343
0.76384
0.76384
11.995
4.6026
0.74989
0.76384
0.76913
0.72778
0.71285
0.75683
0.74989
14.588
4.6026
0.86099
0.87096
0.81096
0.88308
0.84528
0.91833
1.1614
1.8365
1.3062
1.6482
2.1577
2.3121
0.70958
0.72277
0.78886
0.70632
0.80353
0.72611
0.82224
0.7656
0.80168
0.75509
0.73961
0.7145
0.7709
0.75683
0.81096
10.641
0.75683
0.74131
0.69823
0.68549
0.77804
0.77446
0.72946
0.7656
0.75336
0.74989
0.75162
0.78343
0.78886
0.74473
0.71945
0.73114
0.76736
0.88308
0.70958
0.8091
0.77268
0.73451
0.74989
0.69823
0.73961
0.7709
12.853
0.76208
0.75509
0.76736
0.69502
0.76736
0.73451
0.74989
14.997
10.116
0.69502
0.73282
0.76384
0.74473
0.72444
0.79616
0.73282
0.87297
0.76033
0.69502
0.71945
0.70146
0.75162
0.7709
0.72778
0.7379
0.68865
0.79799
4.7863
0.72111
0.71285
0.71285
0.78163
0.72778
0.70958
0.69823
0.72611
0.7709
0.78343
0.75336
0.73621
0.74645
0.71121
0.71945
0.72946
0.74302
1.8923
0.70307
0.75509
0.69343
0.73282
0.73282
0.79433
0.71121
3.9537
0.97275
0.75336
0.71285
1.0691
0.93111
1.1015
0.82035
1.0116
18.113
0.9594
1.0593
0.91622
0.72611
0.90573
0.73621
0.76913
0.75858
0.83368
0.94406
0.82985
0.85704
0.8356
0.78343
0.72778
0.74302
0.71285
0.7925
9.4842
0.8091
0.78524
0.75162
0.75858
0.77804
0.76033
0.72611
0.71779
0.77804
0.96383
0.84723
0.70146
0.75683
0.71614
0.69663
0.78705
0.80538
0.81846
0.83946
0.75162
0.75858
0.77804
0.77446
0.82794
0.7925
0.7925
0.74817
0.90782
0.83368
16.032
0.72111
0.69663
0.7709
0.79433
0.72611
0.87902
0.75509
0.76736
0.72611
0.72611
0.70469
0.74131
0.72778
0.79799
0.73451
0.74131
0.71614
0.7145
0.82035
0.75336
0.71945
0.75336
0.74302
0.70795
0.7379
0.74817
0.72111
8.7498
0.73961
0.71945
0.75162
0.75683
0.70146
0.76033
0.72946
0.73961
2.4266
8.2604
0.72111
0.71121
0.76033
0.75336
0.78886
0.74302
0.76033
0.75683
0.77446
0.73282
0.76208
0.72111
0.83176
0.72444
0.74473
0.85704
1.4825
5.7544
1.0914
0.77446
0.75336
0.73451
0.72778
0.73451
0.74645
0.81846
0.78343
0.77625
0.81283
0.68549
0.78886
0.75683
0.75683
0.74817
0.75336
0.77983
1.6749
0.76736
0.76384
0.76384
0.72778
0.76913
0.75336
0.7925
0.85114
0.7709
0.75162
0.73621
0.72277
0.72611
0.73451
0.80353
0.80724
0.7709
12.417
0.7379
0.72946
0.71285
0.69984
0.76033
0.79799
0.76033
0.70469
7.6384
0.79983
0.72611
0.7379
0.71285
0.72277
0.81658
0.75509
0.8356
0.8091
19.055
0.9506
0.97051
0.9247
1.0046
0.76033
0.71614
0.82794
0.92683
10.209
0.82224
1.2912
1.3932
2.1627
2.0464
1.2647
1.4555
15.668
8.4528
1.0046
1.1535
1.0328
0.82035
1.2023
2.3227
0.72946
0.71779
1.122
0.75858
0.80724
0.73114
0.73282
0.74645
0.75162
0.77268
0.75336
1.0889
0.88105
0.76736
0.74473
0.72277
0.76736
0.7145
0.75858
0.80168
0.71614
0.80353
0.78343
0.72946
0.7145
0.83753
0.73961
0.74473
0.73451
0.72946
7.709
1.9679
0.78886
0.7379
0.74817
0.7709
0.77983
0.75509
0.7656
0.75858
0.79068
0.73114
0.7379
0.72111
0.73282
0.73961
0.76736
0.79068
0.74473
0.74131
18.365
0.7145
0.72611
0.71614
0.7145
0.79433
0.80538
0.74989
0.71614
0.74473
0.80168
8.9536
0.71121
0.72444
0.86099
0.77804
0.73621
0.76913
0.80353
0.80353
0.82604
0.77446
0.79616
0.85901
0.75162
0.75336
0.71779
0.75858
0.74131
0.76736
0.75509
0.73451
0.68707
0.76384
0.76736
0.87297
0.8147
0.76913
0.78705
0.73621
0.73114
0.79068
0.75509
0.78343
0.71121
0.72111
0.79983
0.72946
0.75509
0.7145
0.77625
0.76384
1.0593
0.92897
0.79799
0.81283
1.8113
0.86497
0.82985
0.79433
1.1246
2.0277
1.3335
0.9977
0.85704
8.3368
1.0447
1.0965
1.0641
1.5276
0.95719
1.2246
1.3552
2.0893
18.578
2.3335
1.7701
1.7579
1.9815
1.0209
1.2794
1.1194
1.6032
12.162
2.0654
1.3274
4.1879
0.76384
0.75162
0.74645
0.74473
0.71614
0.8531
0.73282
0.77804
0.74302
0.8356
0.79068
0.82224
0.75509
0.72277
0.82794
0.82224
0.82224
0.75336
0.71285
0.72946
0.97275
0.7709
0.74131
10.233
0.78524
0.82035
0.7379
0.7379
0.71614
0.70958
0.76384
0.78524
0.77625
0.77983
0.74302
0.72778
0.73114
0.72111
0.72611
0.76736
0.77804
0.72444
0.86497
0.86497
0.72611
0.72277
0.81283
0.73961
0.70958
0.74473
0.72946
0.82035
0.75858
0.79068
0.74131
0.9506
0.71121
0.71779
0.71285
0.73114
0.73114
4.1591
0.78524
0.74989
0.82414
0.80353
0.71285
0.71779
0.8091
0.78343
0.73451
0.76208
18.88
0.76208
0.73451
0.70146
0.72946
0.75858
0.79799
0.72611
10.423
0.76913
0.72778
0.7925
0.73621
0.73621
0.7656
0.86896
2.355
1.9861
0.75509
1.2912
0.81846
0.82604
1.4791
0.75509
0.72946
0.74473
0.73961
0.79799
17.179
0.74989
0.74645
0.70632
0.78343
0.74645
0.76384
0.78163
12.794
16.749
0.77268
0.82985
0.77625
0.74817
0.76208
0.70632
0.73961
0.76913
0.72111
0.87902
0.70958
0.80353
0.83946
0.75683
0.81283
0.73621
0.73282
0.76736
1.0375
0.73621
0.73114
0.70958
0.79616
0.73451
0.79799
0.74817
0.83368
0.73961
0.84333
0.80353
0.7925
0.76384
0.78163
0.74131
0.79068
0.72611
1.0765
1.135
1.0233
1.3092
1.3183
0.75858
0.77446
0.81283
0.74645
7.4302
0.74817
0.70469
0.83176
0.71779
0.74131
0.76208
0.79983
0.72946
0.84528
16.069
0.80538
0.78524
0.79616
0.73451
0.75683
0.86696
0.73114
0.72277
14.588
0.82794
0.79068
0.81096
0.77268
0.7656
0.79433
0.72778
0.76033
19.999
0.85114
0.89125
0.81658
0.81846
1.4555
1.4289
1.2794
1.0471
1.3032
5.358
1.8793
5.6754
1.9409
3.7497
0.81283
1.0544
1.3002
1.5031
1.374
1.3213
1.3868
0.9977
1.4723
1.7824
1.2882
0.92683
1.6069
3.342
0.8414
3.0269
0.77268
0.72111
0.8091
0.78705
0.71945
14.125
1.7989
1.6218
1.6943
0.77983
0.78343
0.76384
0.71121
0.74817
0.75858
0.78524
0.72277
0.72946
0.73621
0.72946
0.72778
0.69823
0.75858
0.74131
0.69984
0.78163
0.74473
0.69663
0.74645
0.72111
0.70795
0.69663
0.73282
3.9811
0.72778
0.72611
0.72111
0.72277
0.7925
0.69502
0.70958
0.73114
0.69984
0.78886
0.72778
0.70146
0.75336
0.7656
0.70632
0.80538
0.75858
0.73961
0.74473
0.73621
0.75858
0.72111
0.79068
0.75336
0.72277
0.82035
0.72444
0.71945
0.72778
0.7709
0.72111
0.71945
0.68549
0.71614
0.71614
0.77804
0.72444
0.75683
0.78524
0.71779
0.79068
0.73451
0.77983
0.71121
0.75336
0.7145
0.7925
0.73621
3.6308
16.368
0.72111
0.87096
0.91622
0.8091
0.76208
0.84528
0.77983
0.8091
0.87902
1.349
2.7102
0.76208
0.93111
1.0471
1.875
1.3397
2.5061
3.0339
4.7753
0.75858
0.7379
0.74989
0.72277
0.73451
0.70469
0.75336
0.67764
0.70146
0.71614
0.71121
0.70958
0.7379
0.72611
0.7145
0.73621
0.91411
0.85114
0.77268
0.73114
0.7656
0.7656
0.74817
0.73282
0.73451
8.1283
0.85114
0.76033
0.76208
0.71285
0.75336
0.73961
0.70469
0.73451
0.74645
0.7145
0.72611
0.70795
0.70795
0.74131
0.69663
0.72444
0.73114
0.82794
9.7051
0.80168
0.70146
0.73114
0.79068
0.68865
0.75509
0.70632
0.7925
8.531
0.74131
0.78524
0.6792
0.69502
0.82224
0.74989
0.79616
0.71779
0.72778
9.4842
0.84723
0.70958
0.69663
0.68707
0.74989
0.75162
0.72444
0.7709
0.7656
0.78163
0.72946
0.71614
0.72946
0.69663
0.70632
0.7379
0.73451
0.72111
3.5075
3.5727
0.70958
0.72111
0.70958
0.76033
0.73451
0.73451
0.73451
0.70958
0.8414
0.72611
0.76208
0.75858
0.76384
0.75683
0.73114
0.76208
0.70469
0.92897
0.74645
0.78886
0.76736
0.72277
0.83176
0.72444
0.69663
0.76913
0.77983
7.2111
1.5812
1.2023
1.0257
1.2246
1.5776
0.74473
0.92045
0.89331
0.76736
0.71945
1.1668
3.4754
0.74645
0.74989
0.71121
0.72778
0.98855
0.81096
0.877
0.89331
5.3333
0.77446
0.90365
2.6853
1.3274
1.0046
0.78343
1.2942
0.74645
0.71779
8.2604
0.72444
0.88512
0.71614
0.70958
0.76913
0.74817
0.86896
1.0304
17.947
0.73961
0.73282
0.80353
0.8356
1.0023
2.4889
1.0023
0.73451
10.233
0.72778
0.7145
0.73961
0.77804
0.7145
0.78163
0.75509
0.73282
0.74131
0.8414
0.81096
0.70958
0.74302
0.70632
0.77983
0.71945
0.74645
1.2359
8.0353
0.76208
0.7379
0.75336
0.73282
0.71121
0.78705
0.72946
0.74817
16.596
0.7656
0.73621
0.75162
0.73282
0.80538
0.73451
0.72444
0.70307
0.87902
0.74817
0.82985
0.83753
0.98855
1.6255
0.7709
0.9977
2.4266
11.912
4.121
3.1915
6.792
3.1842
3.3189
3.2211
1.0495
1.0715
6.6681
1.3397
1.194
1.1614
1.0593
1.1298
1.5101
0.95499
1.6749
15.922
1.3243
1.1272
1.0423
1.2218
1.574
10.99
2.2961
19.498
14.689
5.2481
5.7677
4.0551
1.574
1.0765
1.2912
1.1376
1.0328
1.3614
2.421
19.364
2.1979
2.3988
8.7297
14.555
3.5237
22.803
28.445
25.003
15.812
17.458
19.679
6.5917
22.439
26.242
22.542
8.0538
2.5823
17.378
23.496
25.41
23.014
23.605
26.546
16.866
22.029
2.6669
0.77446
12.503
22.856
21.827
21.184
22.336
20.701
18.621
5.3703
3.2584
1.2303
9.2045
22.646
22.08
19.999
18.967
18.281
13.583
14.588
16.406
20.23
20.606
20.23
15.031
1.1324
2.0893
1.6982
14.894
1.6444
1.3366
1.1092
7.9433
0.75162
0.77446
0.74302
0.71779
0.89125
7.8163
1.8793
0.72946
0.79983
0.72277
0.78163
0.82224
0.76208
0.82414
9.5719
1.1041
3.7154
2.2029
1.4289
1.3243
0.92897
1.4655
0.7709
0.74302
9.4842
13.836
0.70307
0.7145
0.72277
0.8091
0.71121
0.7656
0.75336
1.4622
1.0069
1.4028
1.1995
1.0209
1.9953
6.2661
2.0464
18.03
18.323
23.768
23.335
19.953
18.88
17.219
4.2073
18.323
22.131
20.137
10.399
1.2972
1.0375
16.749
26.062
20.989
19.679
17.061
1.9498
0.99083
5.0699
7.1614
2.7733
10.023
18.88
22.029
19.634
22.182
23.067
23.067
4.8978
21.33
14.723
1.7865
1.3583
2.2803
4.0179
18.535
23.067
23.121
13.092
6.4121
1.6711
1.3335
1.3213
7.5162
22.803
24.604
19.231
23.335
2.7164
17.14
24.044
23.55
23.388
1.2078
2.0989
1.9187
2.6607
3.2211
19.454
25.468
25.061
17.742
22.08
19.907
9.594
16.144
6.4714
17.62
23.014
18.072
1.0666
2.9444
23.335
23.605
18.45
21.878
21.232
1.5101
14.289
18.493
6.4565
23.388
22.08
22.646
18.793
12.445
5.4954
4.8084
1.4894
1.349
9.1201
9.5499
3.5318
5.0234
15.488
25.763
23.067
23.227
24.717
18.281
3.8019
1.6331
3.4119
1.4825
0.93972
2.1429
2.2387
2.7861
5.5335
14.757
21.577
21.677
20.464
22.491
16.331
16.711
25.061
23.605
19.32
18.03
3.7411
17.742
15.996
16.106
23.335
22.131
23.174
21.827
22.336
24.155
17.258
6.0534
3.1477
3.0974
1.0069
1.8493
12.618
20.091
26.242
26.303
18.88
17.022
15.959
14.289
0.82414
13.772
7.7625
1.6749
2.4378
2.2336
15.704
1.4289
1.5136
11.402
1.6482
3.7931
2.9512
11.668
23.174
21.038
20.23
8.4528
21.135
20.23
9.7499
16.069
21.135
25.119
25.119
6.6374
18.578
19.861
18.45
13.552
21.478
17.022
1.1749
8.0353
1.9364
23.605
21.38
21.429
17.498
18.365
10.495
12.05
20.23
23.281
21.577
17.219
24.266
21.979
24.21
18.239
17.989
13.614
3.7239
1.0691
4.9091
9.4406
8.3176
21.281
19.861
20.37
5.8479
21.33
9.5499
7.0795
20.045
4.0087
1.5996
19.011
21.777
20.512
21.777
4.4771
1.5276
8.7498
15.488
25.293
24.547
16.904
1.0139
2.6122
4.217
1.5205
2.799
7.8886
16.406
20.654
22.233
17.338
20.989
21.33
16.106
14.355
18.88
22.542
25.003
17.824
21.827
16.982
17.906
17.14
2.6485
14.093
21.827
20.512
15.56
18.578
19.011
17.742
2.7353
2.4889
1.8707
5.7148
6.2373
4.2855
16.634
21.777
25.235
19.543
16.672
17.539
0.92683
14.388
19.055
17.14
21.184
20.559
14.859
11.749
2.1281
3.013
2.0091
16.596
23.281
18.408
18.88
18.836
18.365
16.331
1.0139
1.0965
7.4989
6.1518
2.6607
20.749
23.768
20.324
18.967
14.928
6.5615
16.444
16.711
21.281
18.923
21.727
19.055
17.458
19.32
14.894
15.849
12.823
24.889
23.335
19.679
1.4289
12.735
13.305
1.0715
1.074
2.6363
7.2444
13.932
1.2331
1.6368
10.233
10.375
0.92683
22.387
22.646
18.281
19.364
18.75
17.62
2.1928
17.947
15.596
17.783
24.266
19.364
18.836
25.003
20.37
14.488
0.78343
16.52
23.55
22.491
19.32
4.6452
5.8614
8.1658
2.2491
20.749
20.893
19.498
22.233
17.865
17.865
17.219
0.77625
0.73114
12.05
14.093
24.044
22.439
20.417
16.943
17.62
12.19
17.783
22.646
17.061
18.75
14.723
24.21
16.069
11.402
1.0914
22.233
19.588
15.241
6.7764
0.79799
20.989
21.777
25.468
20.893
18.155
17.458
16.866
8.4528
2.2803
8.3176
16.482
5.5463
12.764
20.23
20.512
19.588
21.038
12.503
23.014
20.417
21.184
19.77
15.311
14.322
18.493
20.37
19.498
19.815
22.909
20.045
20.277
5.6364
13.183
12.303
27.353
20.324
22.803
19.454
19.454
20.324
11.066
3.5075
18.793
18.621
21.727
26.485
19.187
18.072
11.143
13.868
16.558
2.9923
3.9174
8.9331
10.375
1.8323
15.382
20.654
25.586
20.045
21.086
19.861
9.1622
15.524
19.588
17.579
20.606
16.406
33.574
20.045
20.417
16.982
24.322
20.606
22.803
15.849
13.74
18.836
21.232
17.022
20.797
21.478
22.387
28.576
