5.7943
3.3343
9.7949
15.205
12.794
19.055
12.853
11.776
1.8365
1.1722
0.68234
19.231
12.942
0.9977
0.72444
0.85507
1.2794
3.0339
1.0162
1.1066
1.1749
0.99083
5.9704
0.96383
1.6106
5.728
10.093
16.368
13.397
1.3552
1.6106
4.3954
1.3305
1.39
1.0116
1.3397
1.3836
1.3804
1.1194
2.0091
1.219
1.0351
7.7804
1.0914
0.85507
2.0654
1.2853
2.3768
1.1803
1.052
0.76033
1.3521
0.92045
0.82985
0.75336
1.2647
1.3772
0.81846
2.2387
0.91833
1.8621
1.4256
1.875
1.5776
6.9502
11.858
3.3113
1.9907
2.9376
2.0512
2.673
1.4997
1.9231
0.93325
0.92683
6.2661
15.417
12.218
11.092
6.5464
2.4044
4.8865
0.77268
4.0926
2.3442
3.6058
1.2647
3.767
2.8907
2.8379
0.96605
1.2134
4.7534
15.171
6.0395
2.5235
3.7584
9.2257
8.2985
6.0954
10.715
17.579
19.543
14.028
3.8019
6.8077
1.4093
4.14
2.7164
2.884
2.0941
3.5237
0.88716
1.2445
1.2134
1.3428
0.80724
0.65917
0.7925
0.95499
0.87902
1.0023
0.84918
0.93972
1.9143
0.8091
0.87498
0.81846
0.81846
0.7925
0.7145
1.6827
0.93111
0.81846
0.67608
1.7378
0.72778
7.9983
4.256
2.4322
3.281
0.9594
1.1041
7.9799
2.8184
1.6596
6.9024
0.80724
0.74131
0.72778
3.5892
6.4417
1.1482
0.85704
2.8184
2.2646
0.80168
0.69984
0.79983
0.77804
1.0375
0.87297
3.6392
1.8493
1.6069
1.6069
2.3388
2.8708
2.0989
2.6062
2.0324
2.851
2.6546
1.8578
1.6749
0.82604
1.1376
1.8493
0.90573
4.7424
1.0765
0.7656
0.77625
2.1528
3.7154
4.7098
1.4028
1.0139
1.1588
0.8356
0.83753
1.7579
1.1429
0.8147
1.094
0.72277
2.3281
0.83368
1.5488
2.9923
1.9364
1.3002
1.0666
0.98628
0.97275
0.84333
0.70469
0.7709
0.84723
0.79616
0.74302
0.69663
0.81846
0.81096
0.81283
0.88512
1.094
0.80168
0.79616
1.0423
0.7656
0.69343
0.69663
0.8414
0.83176
0.83368
1.0691
1.1298
0.7145
0.98401
1.2912
0.74989
1.0544
2.7164
1.3552
0.9247
2.3988
1.3002
2.0184
2.8249
2.5468
1.845
2.0045
1.4757
0.74473
0.79433
0.8356
0.92683
0.7656
0.8356
2.6669
3.6559
1.4622
0.80168
1.4028
1.1803
0.71614
0.77804
1.1272
0.82224
1.1092
1.7498
2.1727
1.4588
3.3963
0.89331
0.877
0.75336
0.71779
0.86298
0.67764
1.0715
0.69502
0.73621
0.6792
0.7656
0.79433
0.66988
0.69663
0.77804
0.79616
0.73451
0.75683
0.72277
1.0209
1.3521
1.3122
1.1535
0.98628
1.6255
0.75162
1.4894
0.77625
0.9506
1.2023
0.7656
0.79433
1.374
2.6607
4.2954
5.4954
2.2233
0.73451
0.82794
0.79433
0.85704
0.70632
0.76913
2.0417
1.1117
1.5668
0.72444
0.79983
0.65013
7.4473
1.6406
0.70632
0.86298
0.7656
2.5704
0.98175
0.68234
3.6392
0.76384
0.7145
1.7701
1.5276
2.5823
1.9011
2.8119
5.0816
5.1404
3.1477
6.1094
1.3183
1.2942
0.89125
5.6234
0.8892
2.9992
0.93325
0.79616
0.73114
3.6058
0.94189
3.1189
0.85114
2.0091
1.0691
0.77625
7.8343
2.799
1.4622
2.8249
1.4125
1.1561
2.5119
1.5849
3.4356
0.8414
0.79616
0.75336
0.82035
0.72946
0.85507
0.84528
0.71614
1.5631
5.5335
3.1842
0.79799
0.74473
0.75858
0.67453
0.70307
1.7742
1.5776
1.4093
1.7498
1.9498
1.932
0.72611
0.71945
0.77268
2.2233
4.9204
1.4125
1.6144
1.1194
1.3092
2.7479
2.884
1.1722
2.2751
2.2803
3.2211
2.3442
2.1135
0.85507
0.92257
0.88512
0.72277
0.72778
0.8414
0.75336
0.8995
0.86896
1.3804
0.80168
0.8995
0.7656
0.82604
1.8323
1.8072
3.6813
1.6672
1.9409
0.82224
0.81283
0.87498
0.72444
0.76033
3.2137
4.1305
2.2233
1.8493
1.6444
1.7458
2.1184
0.69663
1.1143
0.72778
0.96605
0.84333
0.75336
0.76384
0.67764
0.82414
0.70307
1.256
0.75683
1.652
2.5527
0.71945
0.74645
0.7709
0.76736
0.66069
0.97724
3.1842
1.6866
1.1092
2.4547
2.6002
2.4266
2.037
1.4894
1.3335
0.79983
0.75683
0.73114
0.67298
0.71614
0.69823
1.2417
0.8892
0.8091
0.67608
0.78886
0.70958
0.67453
0.82604
0.80538
0.65313
0.69823
0.72111
0.86099
1.4454
0.7379
2.4266
0.85507
0.88105
0.65464
0.72444
0.70795
1.6634
0.77446
0.69024
0.68707
0.7709
2.6485
6.6374
1.0139
5.2602
2.6424
1.9999
1.9907
0.67764
1.256
1.3152
0.90365
2.9717
0.93972
1.0139
0.77625
2.1281
1.1041
1.8707
1.2417
0.71779
0.90991
0.79433
1.6181
2.5177
1.135
0.94406
1.3062
1.0023
0.93325
1.4388
1.4997
1.3152
1.8365
2.6424
0.73282
2.0464
4.102
4.1783
0.86696
0.72778
1.2134
0.7145
0.74473
0.74817
2.6607
0.91833
0.75858
0.70146
0.70469
0.86896
1.5136
2.5293
0.82224
1.1324
0.66222
4.0087
1.2677
0.74989
1.3521
4.8306
3.54
1.9409
0.89331
4.9204
0.77446
0.66834
1.5812
0.81846
0.72778
0.93541
0.77625
0.80724
0.84723
0.9528
0.79799
0.78524
2.0184
0.68549
0.98628
1.0304
1.0691
1.028
0.74473
0.99083
0.7656
2.884
0.67764
0.6792
0.67608
0.74817
1.4093
1.0765
1.2134
0.73451
1.2853
0.73961
0.83753
3.9537
0.71779
2.2909
0.68549
2.0749
4.5499
2.1928
4.1687
1.0116
0.97949
0.66834
0.77804
0.75336
0.78163
0.69663
0.65313
1.1508
2.6182
1.2417
0.97499
0.66222
1.1885
0.78886
0.82035
0.89743
0.8414
0.85507
0.98855
0.82224
0.9506
1.0641
2.2233
1.3092
1.3804
1.074
0.81658
0.86696
1.2764
0.91201
0.85507
0.80538
0.97499
1.8113
3.4277
0.8892
0.67608
1.0691
0.62806
0.61376
0.94406
2.3014
1.8967
1.3836
2.2646
1.1749
1.8365
2.0324
1.9634
2.3714
1.7783
3.7411
1.5704
0.66222
0.76033
0.84723
1.122
0.93325
0.80168
0.7925
0.87498
0.81846
0.98628
1.7824
0.78705
0.72111
1.3335
2.0184
1.2106
0.81283
0.8091
0.89125
1.3062
0.69183
0.71614
0.877
1.6069
1.2531
0.63387
0.68234
1.4928
4.1305
1.4894
3.4995
1.9275
2.3335
0.73451
0.76736
0.83753
0.68391
0.89331
1.0328
0.74131
0.88105
2.0989
0.77446
2.5235
1.4191
1.7701
5.4954
3.6308
1.5066
2.5119
1.2503
0.75509
2.3121
1.0162
1.0691
0.89125
0.74817
0.91411
0.75336
0.73282
1.4894
1.6749
1.0209
0.93541
0.83368
0.80353
0.75162
0.72444
0.67764
0.76736
0.84723
0.68077
0.8356
0.75683
0.70632
0.71945
0.86099
0.76033
0.80168
1.2078
0.70307
2.3281
0.88512
1.9953
0.75509
0.78705
0.76913
0.69984
2.133
0.96383
1.1015
1.6866
0.93972
0.78163
1.5959
0.72277
1.099
2.3496
1.4355
1.5668
5.2119
1.6444
0.88105
0.65766
0.64121
0.83368
1.1482
1.0375
0.82414
0.75162
0.72444
0.74989
0.73451
0.86696
0.80538
0.68391
0.72277
0.80724
0.83946
0.78343
1.4223
0.68865
0.69183
0.77268
0.78524
0.70795
1.0765
0.65615
1.8365
2.6792
0.74817
0.74131
0.82414
1.6749
1.1803
1.9409
2.3388
0.91411
1.4997
0.72946
0.76913
0.96605
0.7379
0.74302
0.9506
0.72946
0.7656
0.74989
0.77625
1.7378
0.8995
0.79433
1.39
1.3836
0.87096
1.2912
0.76208
1.6827
0.97949
1.1776
0.80353
0.71121
0.75162
0.76913
0.68707
0.83368
0.76033
0.72778
0.76913
0.75162
0.70632
0.7925
0.98855
0.66834
0.74302
0.70632
0.7379
1.5276
0.86896
0.80168
0.81846
0.94842
2.1577
2.4099
2.6485
2.5468
3.9355
5.0582
1.2589
1.2882
2.1232
1.652
1.4256
1.3804
1.6827
1.6827
2.7606
1.183
2.5468
2.7227
0.87902
0.89536
1.0186
0.81283
0.79433
0.86497
0.84333
0.83176
0.70958
0.71779
1.9724
1.888
5.6234
2.9992
3.1261
1.4825
0.93756
1.256
1.3428
0.74473
0.82035
0.89743
0.83176
0.85901
0.79433
0.93972
0.90991
0.97949
2.9107
2.2751
2.3714
5.5208
2.3878
0.74473
0.69823
0.6792
2.7479
0.65917
0.71285
0.63533
0.82224
3.5727
3.5563
22.182
16.52
7.0146
4.5814
4.1115
1.8072
5.4828
17.179
3.5318
2.6915
2.0512
1.4928
5.2119
0.82985
1.0864
1.2359
1.6218
1.0328
0.96383
0.80538
1.135
0.87498
0.90365
0.72277
0.93541
0.83753
0.68391
0.74131
0.75858
1.7539
1.9187
2.6002
4.9091
3.8459
1.9099
4.1783
1.6711
1.932
0.7379
0.88512
0.92683
0.91411
0.85507
0.97949
0.98175
0.87902
0.73621
0.8531
0.82224
0.68865
0.82985
0.78343
0.69823
1.3709
0.79433
0.77625
0.84723
0.78524
1.9634
3.3651
3.062
4.0926
2.4774
1.652
1.0447
2.799
1.0399
1.39
0.93541
1.2106
1.2531
0.75162
1.39
1.7061
1.2303
3.0061
1.5453
1.7179
1.714
2.0045
2.1528
2.4099
0.75858
1.0233
0.92897
1.4962
4.3652
3.2434
3.8548
3.013
2.6607
2.1135
3.7068
1.5453
2.0893
0.90991
1.0423
1.5959
1.2331
1.9634
1.0691
1.7219
2.2803
1.9409
0.96605
17.219
14.521
8.8308
12.677
2.8708
2.1677
3.3651
4.1879
0.83368
1.6634
0.93972
0.7145
0.78524
0.96605
3.1915
1.0162
3.0549
1.3932
1.4454
1.374
0.78886
1.1117
0.79616
0.69502
0.79799
0.77804
0.83946
0.93756
0.69984
0.66374
0.70632
0.78886
0.85901
0.95719
0.72277
0.68865
0.70307
0.70958
0.83176
0.75162
0.79616
0.69183
1.1324
1.2794
0.7145
0.70469
1.977
0.89331
1.3996
0.66681
1.8155
0.80168
2.2439
2.4774
1.0186
0.65013
1.5704
1.5453
1.8365
0.89743
1.5849
0.98175
0.90365
0.74989
2.5235
3.9174
1.6406
2.1979
2.3067
0.68549
0.66988
0.66527
0.89331
0.8147
1.5101
0.70795
0.75336
0.82224
0.77446
1.2023
1.0351
1.8197
2.2439
4.9659
0.89743
0.99083
0.84333
0.82414
0.76033
0.78886
1.4454
0.82414
0.76208
0.77625
0.81846
0.76384
0.80724
0.70146
0.82414
0.85507
0.70958
0.94189
2.2182
0.69984
0.86696
0.77446
0.82414
1.9275
0.86298
0.67298
0.72611
0.76913
0.67608
0.82224
0.67298
0.72778
0.81846
0.76384
1.0814
1.574
0.69343
0.76913
0.73451
0.71121
0.86298
0.77625
0.76913
0.68549
0.68077
0.75683
0.82985
0.72946
2.0893
0.73282
1.1041
0.77268
0.72946
0.75683
0.91201
2.5119
1.0257
2.3227
0.79068
0.76384
0.83368
0.89331
1.1117
0.65013
3.3497
2.1928
1.7061
2.3388
0.87498
0.80353
0.6792
0.78886
0.75509
0.75858
0.75509
0.76736
0.70469
0.95719
0.81283
0.72111
0.73114
0.8531
0.89331
1.1803
0.88512
0.79068
0.76208
0.93541
1.1041
0.79799
0.75509
0.83753
1.4689
3.7325
1.7498
1.9143
1.0162
0.75858
0.86696
0.77268
0.72111
0.72946
0.63241
0.72277
1.122
1.5996
2.673
2.133
1.7824
1.122
3.1623
1.3709
2.3281
1.0328
1.0399
4.0644
3.5156
1.1722
2.0277
2.6002
0.86497
0.77983
0.77983
0.77983
0.88512
0.68391
1.2882
1.2331
1.028
1.5417
2.2856
1.3868
1.5382
1.9815
1.9861
3.4834
1.2218
2.208
1.9275
2.1928
2.1086
1.2162
1.5241
0.78705
1.7742
0.67608
0.88105
1.2503
0.89331
0.74645
0.73114
0.7925
0.71945
0.71779
0.63973
1.4388
1.4825
0.8531
1.0375
0.71779
0.877
0.93111
2.7227
0.72946
0.74989
0.69502
0.8356
0.72277
0.70958
0.71779
0.66527
0.72444
1.7458
0.86099
0.7656
1.9588
0.81283
0.68077
0.92045
0.63826
0.64863
0.6792
0.65163
1.2912
0.67453
1.1858
1.5812
0.9506
1.39
3.3729
0.75162
1.7179
1.3868
0.79068
0.70469
0.82035
0.76033
0.67608
0.78524
0.77804
0.88105
0.7709
1.4125
1.8323
1.5276
2.8314
0.81846
0.91411
0.76913
1.0423
0.82035
0.86298
0.73114
2.5586
1.4028
0.90365
0.96605
0.80538
1.2794
2.1232
0.86099
1
3.2584
4.2954
2.2131
1.8493
2.1677
6.5766
2.3768
2.6182
4.3551
3.7068
1.71
1.4962
0.8892
1.374
0.67608
1.3213
0.82414
0.79068
0.6223
0.72277
0.78343
0.86696
0.73282
0.70958
1.5631
0.84723
0.82224
0.96161
0.86497
1.6368
2.7227
0.86896
0.86298
0.86497
0.76913
0.77446
0.75336
0.75162
0.82604
0.7709
0.80168
0.73114
1.0093
0.85704
0.78705
0.89125
1.135
0.84723
0.98855
0.62806
1.5031
0.84333
1.1015
0.8091
0.77446
0.69343
1.6368
0.73451
3.0339
1.9099
2.3442
1.1668
1.4689
0.9506
1.1858
0.96605
0.86896
0.72277
0.80353
0.82604
0.73961
0.93325
1.1194
1.2735
0.91201
0.98855
0.96828
1.5031
1.845
2.3496
1.9055
3.3497
2.133
3.5563
2.4434
3.7239
1.3646
3.1696
1.8535
2.3174
2.6363
1.0351
0.96828
0.86896
0.82604
0.78705
0.70307
0.82224
0.77268
0.77625
0.66527
2.3768
0.68865
0.99312
0.73114
0.73621
1.1803
0.87498
0.7656
0.73114
0.98175
0.86696
1.7378
1.7783
2.0091
2.4378
5.2
6.1376
1.1668
0.74817
1.0814
1.122
1.5524
0.72444
2.9785
2.6792
1.6943
4.4259
3.1915
3.5318
2.9242
5.6364
5.1761
3.9174
2.851
1.5488
1.5996
1.8621
3.2137
4.8084
7.0307
1.7539
0.86896
0.9528
0.89125
0.85704
1.256
0.86696
0.87096
0.89536
0.86896
0.7925
0.82035
0.91201
0.75858
0.87297
0.74645
0.78163
0.69343
0.80168
0.7379
0.71285
0.7709
0.89743
1.9231
0.8531
0.73282
0.77446
0.94624
0.72277
0.7379
0.71614
1.1967
0.82604
1.5959
1.3062
0.80724
0.74817
0.74302
1.2162
0.84333
0.8892
0.69024
0.8892
0.75683
1.8365
0.78524
0.69183
0.76033
0.82414
0.71779
1.1324
0.7709
0.73114
3.0061
1.5453
0.64863
1.0814
1.1117
0.86298
5.6885
0.70469
0.7925
3.6058
7.656
1.4454
1.8197
1.0162
1.2972
2.7733
1.3836
1.9187
1.8408
1.5996
2.8119
3.2359
2.3174
2.884
2.6424
1.6866
1.4689
3.0832
2.1827
1.6904
0.95499
3.8194
1.5346
1.0093
1.2531
1.0139
1.2647
0.85704
0.94189
0.9977
0.82035
0.75858
0.75858
0.82035
1.0328
1.5922
3.281
2.6363
4.7098
1.406
1.094
1.5276
1.8493
0.67608
0.76384
1.803
0.82035
0.70307
0.75509
0.70795
0.84333
0.69502
0.96383
0.93756
2.3014
0.88512
2.1677
0.91622
0.93972
0.85901
0.7656
1.5524
1.3459
1.8408
1.6181
1.932
2.0989
2.0417
1.766
1.4158
1.4894
2.4266
3.6898
3.8637
1.9634
2.7669
1.6982
1.6368
1.4689
1.2134
1.714
1.028
1.0495
1.1912
4.4259
2.5882
3.9994
5.728
8.5114
4.4055
11.776
0.74302
5.7412
3.6475
1.5276
0.78524
1.1429
0.83368
1.3092
0.90782
1.762
0.81096
0.89536
0.81846
0.76736
0.85901
3.3884
2.4434
2.673
3.4995
1.9454
2.4044
6.2806
9.1201
1.6032
2.1135
1.1641
0.81846
1.0399
1.2359
1.1641
0.82035
0.96605
0.83368
0.98175
0.97949
0.88512
0.83176
1.0209
0.80724
0.74131
1.0139
0.9247
0.88308
1.0715
1.5417
1.0765
1.3366
0.74473
1.6749
0.79433
0.82604
0.88512
0.8356
0.72111
1.122
2.2182
1.7989
1.5031
2.3768
4.1305
4.7863
2.8054
0.88512
1.2882
0.91833
2.2131
2.1627
2.2336
1.7418
2.8379
1.9953
2.4044
1.5031
2.0559
1.8239
1.0765
1.0233
1.3397
2.9444
1.256
1.7947
2.4378
3.2063
1.4894
2.9242
10.814
2.4491
1.2388
5.3703
6.1235
6.1802
14.454
8.3368
3.6983
8.6896
2.0654
2.9107
1.1169
1.0839
0.93756
1.8707
0.80353
0.78524
2.3659
1.1041
1.0257
0.89125
0.9247
0.84723
1.0257
2.1478
1.6255
0.74645
0.68707
2.1232
1.5704
2.6915
0.77446
1.1641
0.86896
0.89331
0.67608
0.74302
0.85901
0.87096
1.0069
0.8414
0.91833
1.052
0.8995
0.89743
1.1508
0.70958
1.0351
2.3714
1.6943
2.5763
1.8707
1.7947
5.358
3.6898
1.3122
1.3092
1.7022
5.7677
4.0551
1.5241
5.188
1.8197
1.4757
2.6182
1.7298
1.8493
2.3878
2.6607
2.6669
2.0277
3.8459
4.0832
3.4356
3.7497
2.1429
0.82985
0.74473
0.64417
0.70469
1.135
0.72778
0.65013
0.7925
0.69343
0.79799
0.86298
0.78886
0.8091
0.82604
0.74645
0.80538
0.84333
0.72111
0.68391
0.85704
0.73451
0.70958
0.7145
0.88105
0.76033
0.96828
0.69343
1
0.98175
0.91833
0.72277
2.3335
0.82985
0.69663
0.71779
0.75162
0.96828
0.69663
0.78343
0.74645
0.68707
0.62661
0.72111
0.73451
0.84918
0.73961
0.71945
2.5763
1.1429
1.7022
0.79799
2.037
0.64269
0.70632
1.7418
3.5563
1.094
1.0765
1.8923
2.2439
1.1298
0.97051
0.77625
0.80538
0.81283
0.71121
0.80353
0.74302
0.74131
0.71945
0.79799
0.79433
0.91201
1.39
0.93541
1.0765
1.4894
1.3964
0.98855
0.81658
1.7498
1.2162
1.0691
1.4289
3.3651
1.9498
1.2417
1.4588
1.2706
1.099
1.3062
1.3646
1.135
1.2359
0.91622
1.2531
1.888
0.8995
1.1143
0.83946
0.75858
0.68865
0.79983
0.80168
0.96383
0.85704
0.69502
0.74473
0.78886
0.71285
0.76736
0.93541
0.7656
2.1627
0.88716
1.7458
2.3496
2.8054
2.4491
1.7865
1.9679
3.4674
3.0409
0.75858
0.79983
0.93541
0.76384
0.69663
0.75336
0.77268
0.88105
0.68865
0.75162
1.0046
0.88308
0.82414
0.76208
2.0893
0.88716
0.86099
0.7379
1.5205
0.69663
0.75509
0.75162
0.85114
1.7742
1.2764
1.349
1.7989
1.3305
1.8578
1.3366
2.8642
4.1495
1.4223
2.2542
3.2961
1.9588
3.0832
0.7709
1.349
1.0162
0.79616
0.89125
0.73961
0.80724
0.80168
0.78705
1.0257
0.92683
0.80353
0.8531
1.7824
1.7498
1.0889
0.89536
0.81096
0.72946
0.86696
1.1376
0.77804
0.83368
0.73961
0.86298
0.76208
0.74989
0.97499
0.7709
1.205
1.0814
0.93541
1.0593
0.85114
1.4723
2.2387
1.2023
1.2882
0.93756
0.69502
0.77625
1.0889
0.87096
0.78886
0.72778
2.1827
1.8836
0.84723
0.7925
0.71121
1.1015
1.0023
0.79983
0.8356
0.82985
0.94189
0.8414
0.82414
0.82414
1.0351
1.3122
0.76913
0.74131
0.85507
1.1194
0.79799
1.6368
0.82035
0.68391
1.094
0.82414
1.5631
4.4463
2.5293
1.9953
2.2439
1.652
1.194
1.3305
1.9815
1.875
2.2439
5.8614
1.5031
1.1508
1.1912
1.3677
1.3305
4.6345
10.965
2.3496
2.6303
5.9429
3.8282
8.1283
3.155
7.5683
3.9628
10.328
9.528
7.4302
9.3756
2.1184
2.5119
2.6424
2.421
1.6293
1.4723
1.7865
1.888
1.8072
0.8995
1.4588
1.099
0.85507
0.77446
0.9506
0.98855
0.88105
0.82035
1.71
4.8753
2.0045
2.5235
2.9376
2.6792
2.4889
4.8753
1.0186
1.4655
0.81283
1.0691
0.81658
1.5066
0.93111
1.1324
1.0093
1.0447
0.93541
1.5241
2.3388
2.2961
3.9264
2.2439
1.8923
1.8923
1.5382
5.035
4.8529
9.594
14.588
2.9309
4.6774
6.8707
1.4125
2.0045
1.4421
3.7239
2.5293
5.7943
2.5942
3.2285
13.964
19.77
18.072
17.66
17.179
13.183
13.092
12.647
2.4889
1.4928
1.0593
0.7656
1.3521
1.0139
0.72778
1.194
0.75858
1.9498
1.1588
1.3709
1.2764
1.7498
0.98401
0.71779
0.79983
0.8531
0.95499
1.2274
0.84918
0.78524
1.1455
0.82794
1.6711
6.3387
2.904
2.6303
1.9364
3.3497
3.8459
3.281
3.5156
1.4997
0.7656
2.421
0.94842
0.71614
1.1695
0.61376
0.96828
0.67764
0.62517
0.69663
0.6792
2.5235
2.3014
3.6813
3.2885
1.8323
4.0365
3.4356
3.155
1.8072
3.0974
1.3772
4.4668
1.8365
3.5645
2.2284
5.7148
3.1333
2.8576
1.4454
1.406
2.1827
1.0765
1.0544
3.5645
6.4417
2.8576
0.95719
1.2474
4.0365
3.2961
0.8356
1.1995
1.714
0.85704
0.76208
0.79433
0.78524
0.75858
0.70958
0.90573
0.89331
0.75336
0.69183
1.5101
1.0209
0.72111
0.82224
0.71285
0.81658
2.0606
1.1722
1.0399
1.0162
0.77268
0.98628
0.93325
0.94624
1.1588
0.76208
0.84528
0.87498
0.97499
0.97949
1.0889
0.82035
0.94624
0.92045
0.97499
0.82794
1.0093
0.90157
1.0914
1.9187
1.0544
0.73961
0.7656
2.3988
3.5645
1.0839
0.90991
1.1429
0.85704
0.85114
0.75509
0.9506
0.93111
0.70307
0.68549
1.1535
0.82224
0.90782
1.122
0.93325
1.256
0.73961
0.8091
0.77804
0.70307
0.81658
0.85704
1.099
1.0046
0.90573
0.71779
1.2942
0.92683
0.79799
0.78163
1.1117
0.92683
0.81846
0.93756
0.73451
1.4125
0.87297
4.9204
2.3227
2.5942
2.0512
2.7227
1.4655
2.9107
1.7219
2.138
0.81658
0.72111
0.86099
0.96828
0.74302
0.73961
0.73114
0.8091
0.83368
1.4093
0.91622
1.6482
0.71121
1.135
1.1429
1.052
0.68077
1.1776
1.5885
1.9679
1.3552
3.0269
1.3709
2.6303
1.6982
1.4655
1.2218
1.7947
7.7983
0.74989
0.79983
0.84528
2.4266
1.6788
1.9907
1.5488
2.2856
1.1169
1.5812
0.69343
0.69183
0.8356
0.85507
1.4488
0.8892
0.89743
0.67764
0.66527
0.93111
1.0116
1.1995
0.70795
1.2882
0.77983
0.72611
0.96383
1.4355
1.0257
0.85507
0.69984
1.0399
1.219
0.83368
0.76384
0.78524
0.75683
0.78524
0.68077
0.8356
1.0691
0.72946
0.98401
0.74817
0.73621
1.1535
0.72946
0.83753
1.0889
0.81096
0.73961
0.88716
1.2764
0.75336
1.2078
1.2246
1.0209
0.80538
0.97275
1.1749
0.76913
1.0666
1.2474
0.91833
0.91201
1.9634
1.0162
0.7656
0.86896
0.81283
0.86497
0.75162
0.85901
0.75858
0.92683
0.71121
0.75858
0.72444
1.094
0.72611
0.78886
0.76384
1.1092
0.68077
0.7709
1.0447
1.2531
1.028
0.82985
1.074
1.2218
1.074
1.1092
1.5488
1.5101
3.3729
4.102
1.1015
1.2531
1.3459
1.1376
1.0789
0.75162
0.93756
1.3646
0.99312
1.0666
0.98628
1.1535
0.8892
0.8147
0.75683
0.8531
1.4962
0.82604
1.0069
0.79433
0.80724
1.7783
1.0209
0.69183
0.86099
0.82035
0.88308
1.1246
1.7865
2.8973
1.9999
1.1041
0.93756
0.67143
0.79799
0.72946
0.80168
0.68865
0.69823
0.69502
0.68707
0.73621
0.70469
0.72611
0.82985
0.81658
0.77983
0.70795
1.6069
1.3868
5.9566
2.0989
1.1668
0.81283
0.98175
0.95499
0.69663
0.74989
0.74645
1.0593
0.73961
0.88105
1.932
0.88308
0.89743
0.84528
0.7379
0.7656
1.5346
0.88512
0.70307
0.72946
0.77446
1.0162
1.094
1.4723
0.80353
0.72111
0.76033
0.94189
1.3964
0.88716
0.86298
2.133
1.028
2.2336
2.0277
0.78524
0.63533
0.80353
2.2387
2.541
2.3714
1.0889
4.0551
1.1535
3.0832
3.3574
2.8576
4.6345
13.772
14.962
10.28
2.3823
2.9923
3.7068
2.4434
1.074
0.71121
0.67143
0.83753
0.77983
0.74645
0.82794
0.78524
1.5524
0.71121
0.7925
1.0471
0.7656
0.72778
0.95499
1.5959
1.1885
2.1827
1.1995
1.6293
1.4388
1.4928
1.5031
0.78524
0.77804
0.86896
0.84528
0.97499
1.4093
0.76384
1.4894
1.2823
0.87498
1.5171
0.86497
0.79616
0.78343
1.9143
1.5996
2.673
0.98401
0.72611
0.73961
0.76033
0.68707
0.89331
1.574
0.85114
1.1641
1.2794
0.90991
0.69823
0.92683
0.90157
1.6866
2.5704
3.3651
4.7973
3.8548
3.9719
1.4825
2.4604
0.77625
0.95719
0.67608
1.3583
1.1776
1.7947
3.6898
5.105
2.3878
2.4604
2.466
2.5003
1.099
1.1117
1.6106
1.7022
3.8194
2.6915
1.2735
2.6977
2.9992
2.9512
3.3884
0.94624
3.8548
2.5942
1.3677
0.73282
1.2445
0.73114
1.4355
1.1015
1.6827
0.87498
2.0091
1.1324
1.0641
1.5453
0.81096
0.78705
0.72946
1.6943
2.5177
5.4075
5.8614
2.8973
3.8548
4.3251
1.4488
2.7861
2.9309
2.3496
1.6634
1.0593
0.93756
0.73621
0.93325
1.1298
0.97499
0.85901
1.2331
1.0889
1.2023
0.75162
1.1508
0.90573
0.78886
1.7947
1.2503
1.0209
0.93541
0.85507
0.91622
1.1169
0.88105
1.0889
1.5171
2.5003
1.5101
1.8072
1.0093
0.69984
0.77625
1.2246
1.1885
0.76033
0.75683
1.0691
0.82985
1.0691
0.79799
0.9528
1.7824
1.3804
1.1092
5.3456
6.4863
0.74817
0.98628
2.6002
1.6293
1.9588
1.5417
2.5942
5.4828
8.9536
4.6559
6.5163
13.552
2.6546
1.71
0.95719
1.0617
2.4774
0.8356
0.85704
1.766
1.8365
2.1429
1.9907
1.2023
1.1535
0.88308
1.6255
0.99312
0.76384
1.6982
1.2303
0.82224
0.98855
1.1749
1.7338
1.0186
1.1668
0.84333
1.0814
0.9247
1.219
1.6069
0.78886
1.8197
0.78163
0.86298
1.1722
0.93111
0.87498
1.219
1.3397
1.1066
3.1842
3.0269
7.6913
1.5488
1.8793
0.75683
2.3605
1.0399
0.72946
3.2734
1.6482
2.2542
1.1668
3.0903
7.5858
16.181
13.092
1.3274
2.7416
2.5704
7.5683
16.52
18.664
17.219
12.417
12.331
8.4333
12.706
18.707
20.559
16.943
14.191
15.136
9.528
1.7498
0.97499
0.94189
1.205
0.80353
1.2331
1.1117
0.97275
1.2589
1.1455
1.0544
0.94189
0.9594
0.93972
1.3709
1.7219
4.5186
1.1298
1.5171
0.88512
0.95499
0.80538
1.7298
0.97275
0.77983
1.9543
0.86696
1.2503
4.1879
2.0654
1.4454
4.9659
4.3451
1.6558
1.1858
1.3366
2.2751
2.9242
0.8091
3.5645
0.74473
0.8892
1.2531
0.99541
1.2853
0.81658
0.98175
0.8531
0.92045
0.96383
0.90782
0.7656
0.86497
1.4355
0.90365
0.9506
0.8892
1.4962
1.0864
1.0093
1.2589
1.052
1.0544
1.2388
1.7824
1.3646
1.1749
1.1776
0.70958
1.0093
0.96383
0.97275
0.72778
0.89743
1.7179
1.0544
1.5704
1.5959
1.2359
1.5668
1.0023
1.556
0.86497
0.84333
1.6904
1.1776
1.6144
1.0965
2.7164
3.0903
0.96383
1.5524
0.72444
0.82985
0.89331
0.69823
0.72778
1.0641
0.9528
0.82414
0.7145
0.66681
0.75858
0.97724
0.89125
1.099
0.75683
0.79616
1.0864
0.79799
0.76033
0.85901
0.79068
0.75683
1.0691
0.89536
1.6711
1.8281
0.82224
0.92683
0.97499
0.93325
0.87498
0.90573
0.97051
0.87498
1.0889
1.3274
0.73621
1.875
0.75336
1.2303
1.0162
1.4421
0.85507
0.82224
0.87297
0.70469
0.91411
0.74302
1.7258
0.82604
0.7656
0.84528
0.88512
1.9953
1.3062
1.1912
1.766
1.205
1.0304
1.0593
1.1858
1.122
0.89331
0.98175
0.89536
0.9506
1.0789
0.78524
1.3964
0.87902
0.87498
0.78524
2.0512
1.5311
1.8323
1.2303
1.3614
3.155
2.9444
3.2137
4.9204
3.281
2.9444
2.421
2.9242
1.4158
2.2233
4.5499
3.3806
1.6032
2.851
1.1535
0.98628
1.7179
0.94842
0.877
1.8535
0.77625
0.86099
0.80538
0.85507
2.138
3.4435
3.6475
3.2885
1.5205
1.3062
1.3996
1.977
2.6122
2.4378
7.5162
3.9628
3.9264
1.7298
1.5596
1.5812
1.099
1.2794
1.9588
1.6558
4.6774
11.508
14.028
21.281
16.788
17.498
17.579
21.038
15.488
14.521
11.776
14.521
18.45
10.914
4.5499
17.14
15.74
7.2444
1.349
2.2856
1.4256
1.5488
0.8995
1.6749
1.3335
0.97949
1.0666
0.99541
1.122
1.0116
0.96828
1.0304
0.71614
1.803
1.4723
1.4894
1.1455
0.73621
1.7947
0.85901
0.66222
0.82414
1.3002
0.94406
1
0.82035
0.8531
0.83753
1.2647
0.94189
0.76913
0.95499
3.1117
3.1189
1.845
2.0701
0.76208
0.75858
0.8414
1.3092
0.82985
0.72946
1.1092
1.2794
1.2023
1.5488
0.83368
1.1298
1.9143
1.1015
1.2445
1.1066
0.84333
1.1967
1.2972
1.1429
1.2303
0.77983
2.5942
2.4604
3.8548
3.2137
1.6827
1.205
1.5849
1.2445
1.9543
3.4041
1.7219
2.2961
6.0954
1.3274
1.2246
2.037
2.4266
1.0691
1.5417
1.1722
2.4322
4.5604
3.9084
2.2131
0.82794
1.219
1.9907
1.9907
0.8091
0.97949
1.0046
1.1482
1.9231
1.932
2.1627
2.2491
1.2331
1.8793
0.85901
0.66374
0.86497
0.86896
1.0328
0.90365
0.77625
0.69343
1.1429
0.82794
0.89536
0.77268
0.7379
0.73282
0.76913
0.9977
0.75336
0.75336
2.0277
0.74645
0.80168
1.1995
1.2388
3.5975
1.6255
1.7824
1.1967
1.094
2.3988
2.6669
1.1885
1.8408
4.9545
1.8365
1.5276
0.64714
0.64269
1.1535
1.8707
1.1429
2.8249
2.2909
1.5311
1.8323
2.4378
1.3552
1.5311
3.2211
1.3335
1.7179
1.3122
2.4322
3.8282
2.1627
1.1967
1.2274
2.3067
2.0941
1.8113
1.256
1.0965
0.95499
0.74645
0.71945
0.75509
1.1246
0.7709
0.9506
1.1143
0.85901
0.74131
0.74817
0.82035
0.68549
0.82604
0.85507
1.3213
0.76033
0.85704
0.67298
0.75683
0.77983
1.2589
0.93325
0.75336
0.89743
0.74817
0.79068
1.1482
0.71945
1.099
0.84918
0.84528
0.877
0.68077
0.80168
1.2246
1.1885
1.3459
0.8414
2.0893
3.6559
5.6885
0.72277
0.75336
0.89331
0.77625
1.4256
2.4717
2.138
1.9498
1.1668
1.4825
1.6144
1.9815
2.1135
4.4055
1.7022
3.0832
1.3646
2.0417
1.932
2.2284
2.7542
0.83946
1.0186
1.0162
1.5453
1.3552
1.2589
1.3459
2.4378
2.6242
1.0889
1.6749
0.72946
0.68549
1.6943
0.98175
0.81283
0.87902
0.83368
1.2445
1.2972
0.82604
0.90782
0.78886
0.99541
0.80168
0.71285
0.877
0.80724
0.67608
0.99083
1.845
2.1478
3.8107
2.7353
2.3014
1.6596
4.2073
2.4434
2.9376
4.1115
1.122
2.6002
0.72111
1.3366
1.1722
1.219
1.0447
0.73282
0.94406
2.3388
1.4355
2.2856
0.90991
0.80538
0.81096
0.90365
1.3964
2.138
1.7947
0.96605
1.6069
3.9264
3.3189
1.4928
1.4521
2.4155
1.9907
2.1827
3.4754
1.2474
1.7906
1.5704
2.1627
1.5488
0.83946
1.0209
0.877
1.9187
2.7164
2.851
0.8147
0.77268
0.77804
0.8147
0.72946
0.76384
0.80168
0.82224
0.86896
0.79616
0.81846
0.83176
1.5417
0.80724
0.71285
0.81283
0.70469
0.87096
0.76384
0.75509
1.3274
0.72946
0.72277
0.75858
0.85901
0.92045
1.1858
1.6904
1.1641
1.1641
1.1508
0.71945
1.099
1.6904
1.7498
1.6106
1.9861
1.875
3.7411
1.7579
5.6624
3.1261
0.88308
1.3397
0.66374
2.2029
2.3335
1.5311
8.1096
11.722
11.83
15.776
17.298
18.072
19.999
23.878
22.699
19.861
17.742
9.8175
13.243
21.827
20.606
18.836
17.865
13.521
20.606
15.74
18.155
14.928
15.668
15.668
10.069
15.922
13.996
14.322
1.7498
0.78343
0.74131
0.68865
0.84528
1.5996
1.4928
0.98401
1.0304
0.96605
1.0666
0.98175
1.0544
0.96828
0.8147
1.0814
2.673
2.673
4.3853
2.2961
0.8091
0.91411
1.1402
1.1041
2.4889
1.0023
1.7061
2.2439
1.2246
1.4454
1.2218
1.4421
3.9628
16.943
0.75683
1.5631
1.2677
9.0573
19.999
24.099
31.117
25.882
30.974
30.69
17.298
18.664
22.233
34.041
23.605
24.774
25.061
14.588
6.9024
5.821
2.6122
3.6392
1.3032
0.90782
1.0914
0.97724
0.82224
0.8091
1.1803
1.0139
0.98855
1.3152
0.98855
1.2474
1.3274
1.4555
1.1015
1.4289
1.1143
1.4622
1.3804
0.85901
1.2677
1.219
1.1695
1.9454
1.0715
1.0328
1.2531
1.1885
1.028
1.0641
1.2853
1.3213
1.0093
5.5081
2.1878
3.5645
3.8815
1.4521
4.7973
4.0926
9.5719
5.3088
1.6144
2.2751
2.3014
1.9454
5.358
1.3062
0.8414
1.028
1.2823
1.0257
1.0839
1.0375
0.80724
2.851
1.2162
1.0375
1.5241
0.78343
2.673
1.1588
1.0864
0.94624
0.90782
2.4889
2.5235
1.8197
0.88716
0.94624
1.1588
4.0832
1.1246
1.3709
2.5351
13.772
1.9187
2.7925
4.4771
2.2439
1.2388
2.2699
19.999
30.061
22.699
27.797
25.351
24.889
25.119
26.915
24.434
26.485
18.408
11.143
30.2
23.659
20.464
24.604
17.742
18.535
17.458
8.3946
1.7219
1.8323
1.2417
1.0069
0.95499
2.6062
9.6161
1.5704
1.3274
1.4622
1.0691
1.4191
0.99541
2.2029
1.5524
1.7258
1.2972
1.3836
0.90573
1.0186
1.7579
5.6105
25.061
26.182
22.387
21.627
21.677
23.496
18.75
19.907
21.677
15.996
22.08
16.634
18.923
9.528
18.493
19.543
26.73
22.029
22.909
19.724
22.336
23.442
22.491
26.669
24.604
12.359
14.093
15.276
16.144
12.359
2.0701
1.0069
1.1143
0.98401
1.1614
1.3032
0.83753
0.79799
0.83753
0.74817
0.84723
0.80168
1.028
2.1232
3.3266
2.0512
2.2803
0.92257
1.3614
0.98175
0.95499
1.0233
1.8072
5.0119
1.7458
1.5668
5.3088
18.88
3.0832
5.1761
8.995
19.634
21.677
20.797
23.227
28.774
27.164
24.604
26.853
15.205
22.182
15.631
19.275
7.0795
5.9566
2.2803
1.7579
1.0423
1.5311
1.205
1.1858
0.83753
0.74302
1.3002
0.73961
0.71285
0.94189
0.70958
1.0399
0.70469
0.94189
1.2445
0.81846
0.85114
2.1038
0.89743
1.0162
0.76033
1.4191
2.9444
2.5177
6.1802
2.0137
1.8113
1.2972
1.5922
2.9717
5.42
7.2611
1.6672
4.4875
6.9502
23.988
22.961
26.669
27.479
21.928
21.677
21.135
23.496
26.485
25.293
22.182
29.648
24.266
5.9293
4.7534
1.7179
1.0093
1.2503
4.0738
3.155
4.5604
2.6669
1.5776
0.93541
1.3002
4.4566
1.052
4.4668
2.2961
4.2267
3.2063
3.2509
1.5171
2.2439
22.856
25.177
26.303
26.607
27.542
24.491
16.982
21.184
28.314
19.231
21.038
3.5645
1.6788
1.3709
2.3121
0.98628
1.3243
1.2589
0.77446
0.85114
0.78524
0.94189
0.81096
0.79799
0.72778
0.70469
0.80353
1.5524
2.0512
1.0889
1.1885
1.2162
1.1641
0.79068
1.205
1.2764
7.2778
7.2111
1.7022
1.6293
22.182
22.909
21.38
30.339
23.121
17.1
24.889
21.777
16.904
17.498
18.88
20.091
21.777
12.359
11.967
2.7542
3.2359
1.2764
2.6062
1.6749
1.3243
1.3062
1.0666
0.80538
1.0495
0.96828
1.0593
1.1092
1.0399
1.8923
5.6624
5.8884
4.3451
1.8072
3.1769
5.781
3.0269
7.7625
5.7677
5.2119
1.9275
4.4463
3.767
4.2462
24.044
21.135
23.014
22.909
25.704
20.845
18.072
25.061
24.491
30.409
20.464
23.174
18.967
24.66
10.304
21.577
9.4189
6.2806
2.9648
4.3853
3.9264
1.39
1.6827
3.3343
1.3614
1.0965
2.9107
1.7906
3.0409
2.2387
2.421
1.9953
5.0234
4.3752
2.4155
11.272
26.853
25.942
21.677
21.184
21.038
18.664
25.003
15.417
13.74
11.272
3.6898
1.8836
0.98401
2.7733
5.188
24.155
19.999
23.388
22.336
22.751
22.029
23.823
19.498
24.266
15.959
18.408
24.831
21.429
23.014
20.749
7.7268
1.0544
6.1376
3.1405
18.03
25.763
21.184
23.605
16.596
11.429
24.491
21.429
20.989
10.691
11.561
9.4842
5.42
16.482
5.188
21.478
22.856
20.277
19.861
14.355
14.125
0.73282
0.80353
1.6672
1.3305
1.4757
1.3996
3.7497
1.3709
1.2134
2.2856
3.1769
2.5468
2.5942
1.4757
2.8642
1.2882
2.3442
1.1776
0.90782
0.92897
0.85704
0.78163
0.74131
0.72946
0.81658
0.7709
0.91411
0.82794
0.91411
0.79799
0.9594
0.80724
1.2388
1.0593
0.84918
1.2331
0.70469
0.70146
0.75683
0.75336
0.93325
0.71121
0.81096
0.75858
0.94189
1.4723
1.0814
3.9811
4.2855
1.7742
0.90573
1.0116
0.94842
0.84333
0.77446
0.85114
0.79068
0.81846
1.2106
0.85507
0.77804
0.80353
1.0304
1.2589
1.0023
1.4622
0.84918
0.8356
1.0423
0.85901
0.86099
0.80168
0.69024
0.84333
1.2246
0.79068
0.93756
0.79068
1.4723
1.1641
3.2961
3.02
3.1842
1.2853
1.7458
3.0832
1.1776
0.86696
0.73451
0.78343
0.97949
0.83368
1.1376
1.3932
0.78343
0.8414
0.70632
2.2387
1.1561
1.1298
1.0471
0.99541
0.85114
0.81846
0.78163
1.4928
2.0045
1.0233
0.91833
2.2961
0.89536
1.099
0.83176
0.91411
0.877
0.82794
1.6255
1.0715
1.7378
1.8113
3.8282
1.0593
2.2594
3.0409
1.4388
2.3878
2.2856
1.6672
1.4488
1.8967
1.4223
2.0749
6.2517
8.9125
1.5417
2.8054
2.2284
2.4831
4.8529
1.556
1.1143
1.1614
1.8535
0.81846
0.93111
1.5704
1.2023
0.87297
2.0091
1.3677
0.91622
1.5136
2.0324
0.96383
0.90365
0.75509
0.77983
0.85507
0.93111
0.82035
0.98628
1.0691
0.8356
0.70795
2.3335
1.0864
0.69024
1.0965
0.72111
0.81846
0.74473
0.82985
1.4488
1.1376
1.3932
1.2274
1.714
3.7757
0.83946
2.1232
6.7143
5.3088
12.823
2.3227
20.893
24.434
24.491
21.878
20.137
29.923
22.336
24.547
25.119
23.659
17.989
14.723
17.219
17.865
12.706
21.33
19.498
21.038
24.604
19.999
23.174
26.915
22.909
19.999
6.1518
14.689
17.338
24.378
20.701
20.324
22.387
25.942
33.729
31.117
19.055
26.242
20.749
25.061
17.179
21.478
20.464
22.336
22.182
21.979
17.783
23.878
27.479
13.428
4.6345
2.2336
1.3996
22.336
17.701
21.827
16.827
21.878
28.51
9.9312
20.989
20.464
25.351
24.831
27.416
20.37
16.827
11.246
21.038
23.659
20.845
24.604
23.335
29.648
31.696
26.977
9.1833
25.527
22.856
28.314
21.528
16.672
25.235
19.275
17.783
21.33
22.182
23.768
19.099
6.1944
3.3729
1.7498
2.4831
6.9502
2.8774
2.8642
5.0003
6.6374
26.303
23.988
23.496
24.266
21.827
25.351
23.121
25.177
24.604
23.442
27.797
28.119
25.882
34.514
20.989
19.907
22.387
27.861
19.724
20.464
22.182
24.434
24.491
31.046
30.903
30.549
28.642
27.542
27.797
26.182
22.233
28.054
28.774
11.858
21.184
26.062
