0.7925
0.9594
0.79433
0.81846
0.78163
0.89125
0.82604
0.85901
0.9594
3.6898
2.5527
0.91622
0.88105
0.93756
1.1272
0.75336
0.7709
1.099
0.76033
0.76208
0.70632
0.79799
0.78163
2.4044
0.83946
0.75509
0.70958
0.71945
0.76913
2.1777
1.9498
0.85901
0.90365
1.0423
1.0839
2.1232
1.0375
0.78343
1.6444
0.72444
1.194
1.3366
0.76384
1.2735
0.71945
0.73621
1.3243
0.75683
1.4289
1.5205
0.8147
0.78163
0.81658
0.74989
0.74817
0.73621
0.73282
0.76033
0.7925
0.74131
0.70632
0.77268
0.73114
1.0814
0.86298
0.8995
0.93111
0.90157
0.82224
0.72611
1.0471
0.74131
0.79433
0.73961
0.74473
0.78524
0.94842
0.74473
1.3092
0.84528
1.5241
0.85704
0.77804
0.84528
0.74302
0.84333
0.7379
0.73621
0.76208
0.76913
0.74473
0.76208
0.76208
0.72444
0.86497
0.75336
0.75683
0.82985
0.79433
0.88512
0.77268
0.80353
0.75336
0.78705
0.78886
0.74131
0.7656
1.7906
1.028
0.8147
0.74473
1.0209
1.0765
0.74817
0.72277
1.2331
1.2706
0.71614
1.4928
0.7925
0.7379
0.82414
0.68077
0.76913
0.73282
0.8892
0.77268
0.72611
0.75509
0.79799
0.75858
0.74473
0.76736
0.7709
0.70146
0.84723
0.77446
0.74131
0.76033
0.7656
0.8147
0.76913
0.83176
0.77446
0.73114
0.72946
0.85901
0.74645
1.4289
0.71614
0.76033
0.70146
0.70958
0.7379
0.80168
0.77804
0.74131
0.77446
0.72444
0.75509
0.77268
2.4155
0.76913
0.72778
0.71285
1.2218
0.73114
0.86298
1.4757
1.0023
0.7925
1.0617
2.6122
2.2131
0.74131
0.77983
0.69984
0.72778
0.75509
0.73282
0.71779
0.74989
0.73451
0.76033
0.7379
0.80724
1.7258
1.0209
0.81283
0.76736
0.77625
0.70146
0.76913
0.72111
0.79616
0.77983
0.76736
0.76736
0.73621
0.80168
1.1885
0.77446
0.87096
0.8414
0.73282
0.78524
0.77804
0.71121
0.74131
0.72277
0.75162
0.77804
1.5136
0.81283
0.72444
0.72111
0.71945
0.70469
0.71285
0.74817
0.77804
0.70469
0.84333
0.71779
0.73114
0.71945
0.79799
0.79983
1.5922
0.75162
0.79983
0.74817
0.72611
0.86298
0.69183
0.77804
0.73114
0.82035
0.75858
0.71285
0.72111
0.68391
0.70795
0.77625
0.7709
0.76913
0.81283
0.73282
0.78886
0.76384
0.73114
0.75683
0.75162
0.77983
0.72946
0.78163
0.71614
0.74817
0.7656
0.76736
0.73961
0.77625
0.9977
0.72111
0.71121
0.75683
0.79799
0.76384
0.75162
0.79983
0.71285
0.74131
0.78524
0.86497
0.82985
0.79799
0.74473
0.73621
0.74131
0.78163
0.74817
0.74645
0.77268
0.74645
0.70958
0.88308
0.74645
0.76208
0.74302
0.75162
0.73621
0.79983
0.74473
0.75683
0.76736
0.77446
0.75509
0.75509
0.79616
0.70958
0.73961
0.77804
0.73114
1.7906
1.1015
0.99312
0.7379
0.71945
0.75858
0.72778
0.72444
0.74817
0.70795
0.72946
0.68865
0.69343
0.69502
0.77983
0.74131
0.72778
0.72277
0.73451
0.70632
0.75509
0.74817
0.76913
0.95719
1.5205
0.72611
0.76384
0.75858
0.72111
0.69663
0.74473
0.7656
1.0046
1.0914
0.8091
0.69984
1.4689
0.78705
1.0495
1.052
0.75509
0.72444
0.73961
0.72444
0.71614
0.70958
0.7925
0.77625
0.77268
0.75162
0.75858
0.78705
0.72277
0.80538
0.76384
0.75162
0.75858
0.77625
0.76033
0.72277
0.72778
0.75683
0.78343
0.71945
0.75509
0.97724
1.2474
0.76913
0.7709
0.72778
0.99312
0.95499
0.7145
0.86099
0.74131
0.73114
0.72611
0.78163
0.84918
0.82414
0.94189
0.74302
0.78343
0.73451
0.73114
0.8414
0.76913
0.75858
0.73621
0.74989
0.74645
0.73114
0.79983
0.7379
0.77625
0.72444
0.7145
0.7379
0.74817
0.76208
0.79433
0.72946
0.71285
0.74131
0.69663
0.72111
0.74302
0.70146
0.72444
0.76736
0.74473
0.71614
0.7656
0.74817
1.8836
0.85114
2.3335
0.75336
4.8641
1.0423
0.7145
0.72946
0.76033
0.74302
0.7379
0.77446
0.99312
1.0765
0.7656
1.7824
0.91833
0.81846
2.208
0.95719
0.82604
1.0116
0.82414
0.76033
0.75858
0.74817
0.73451
0.77804
0.72778
0.74989
0.72277
0.75683
0.74989
0.74131
0.70795
0.7656
0.78343
0.73621
0.72277
0.82224
0.76736
0.7379
0.74989
0.83176
0.72611
0.7709
0.78705
0.75509
0.78705
0.72444
0.76033
0.71285
0.8091
0.69984
0.78524
0.77625
0.74817
0.73961
0.71121
0.74817
0.85114
0.82414
0.77983
0.73451
0.7656
0.82414
0.71121
0.72444
0.7145
0.73451
0.85114
2.037
4.2855
1.5959
0.73451
0.73621
0.69823
0.73282
0.84723
0.75683
0.8414
0.74989
0.7145
0.88512
0.75858
1.7906
0.9247
0.83176
0.79799
0.98175
0.74473
0.83368
0.78524
0.74989
0.79983
0.72778
0.89743
0.88716
0.77804
0.78886
0.77268
0.73114
0.74473
0.81283
0.79983
0.78343
0.76033
0.71945
0.78163
0.80168
0.73282
0.77625
0.7709
0.79433
0.87297
0.84333
0.77446
0.74302
0.76913
0.71945
0.74645
0.79433
0.74645
0.8147
0.79983
0.76208
0.76033
0.76208
0.76208
0.9977
0.74473
0.73621
0.78524
0.80353
0.76208
0.7709
0.73961
0.85114
0.77268
0.78524
0.72444
0.8531
0.75336
0.74473
0.70958
0.77804
0.72946
0.82794
0.78886
0.74817
0.73282
1.0471
0.7379
0.76208
0.75858
0.7709
0.74645
0.75683
0.77268
0.74989
0.75509
0.73282
0.78886
0.77625
0.86298
0.77446
0.74131
0.74131
0.72444
0.74645
0.72778
0.79616
0.7925
0.78886
0.79616
0.79068
0.84333
0.75162
0.79068
0.77804
0.74302
0.91201
0.75336
0.78163
0.85704
0.8091
0.74989
0.71285
0.80724
0.7709
0.76736
0.79983
0.79616
0.74817
0.73282
1.7989
1.2706
0.96828
0.81096
0.74989
0.71945
0.74817
0.76736
0.7379
0.71285
0.77446
0.74817
0.72946
0.73961
0.81283
0.78886
0.7925
0.73282
0.71945
0.72444
0.77625
0.73114
0.81846
0.82414
0.74989
0.76384
2.3933
1.9588
4.4259
0.94842
0.75162
0.75858
0.73961
0.77804
0.75509
0.86099
0.73451
0.80724
0.82985
0.73961
0.8356
1.574
0.94189
0.86099
0.78705
0.78343
1.2417
0.7925
0.78524
1.845
0.82414
0.8147
0.7379
0.79983
0.8147
0.75509
0.82604
0.72778
0.76913
0.79068
0.78705
0.78705
0.72778
0.79616
0.70307
0.8091
0.75683
0.76736
0.8091
0.79799
0.77983
0.8091
0.72111
0.70958
0.77268
0.77625
0.77268
0.75336
0.73451
0.73961
0.78705
0.75683
0.78705
0.79983
0.80724
0.73451
0.76736
0.74989
0.74645
0.78163
0.77446
0.79983
0.74989
0.75509
0.74645
0.84918
0.76033
0.82985
0.7925
0.8892
0.74817
0.78886
0.82035
0.80168
0.70958
0.75509
0.8531
0.80538
0.8892
0.85114
0.88512
0.81846
0.73282
0.76736
0.97724
0.79068
0.7709
0.8147
0.78343
0.8356
0.86099
0.77268
0.78705
0.82794
0.87096
0.74131
0.78886
0.8147
0.81096
0.80538
0.77804
0.83753
0.96383
0.76208
0.78705
0.73282
0.72611
0.77625
0.82985
0.77268
0.7656
0.94189
0.8356
0.78886
0.74645
0.75683
0.74473
0.87297
0.88512
0.8414
0.86099
0.88308
0.82035
0.78163
0.77804
0.77625
0.78343
0.72946
0.8147
0.80168
0.78705
0.80353
0.82794
0.74989
0.74131
0.78705
2.6915
1.1995
0.77446
0.82794
0.74131
0.83176
2.2182
0.8414
0.82794
0.75162
0.73621
0.77625
0.83176
2.5586
1.2647
0.77446
1.0375
2.8249
1.4962
0.73621
0.80538
0.81846
0.7925
3.1696
3.3574
0.82604
0.79616
0.81846
0.76736
0.77446
0.76384
0.8356
1.71
0.8091
0.82224
0.78886
0.87297
0.80538
0.7709
0.71614
0.76913
0.76736
0.79433
0.78524
0.80538
0.78343
0.75683
0.79799
0.72111
0.7656
0.78343
0.75858
0.72778
0.72444
0.85507
0.76913
0.93325
0.78163
0.75336
0.77446
0.81096
0.82224
0.86298
0.79799
0.85114
0.75509
0.82224
0.81846
0.79433
0.8531
0.82414
0.82035
0.7709
0.80538
0.76033
0.78163
0.8091
0.78886
1.5171
1.8707
0.75858
0.74817
0.72946
0.77625
0.69502
0.8356
1.0864
0.72111
0.73451
0.84723
0.73282
0.8147
0.83753
0.76384
0.77804
0.74473
0.82604
0.75683
0.99083
0.7925
0.78705
0.86896
0.83946
0.78343
0.8091
0.77625
0.87096
0.83368
1.9815
0.78343
0.76913
0.80353
0.84918
0.8892
0.75858
0.82224
0.79983
0.7925
0.87096
0.78343
0.75162
0.7709
0.77983
1.0116
2.673
1.7906
1.5776
0.94406
0.82414
0.7656
0.75336
0.77625
0.73621
0.82604
0.76736
0.8147
0.80538
0.78705
0.78886
0.76033
0.90157
0.72111
0.77625
0.877
0.80724
0.77804
0.7656
0.73621
0.72611
0.77804
0.77446
0.82035
1.2106
1.8578
0.77625
0.76736
0.74989
0.8531
0.74302
0.79983
0.76736
0.83176
0.78343
0.74645
0.75683
0.77268
0.76208
0.79983
0.79983
2.0137
1.4689
1.0814
0.93756
0.75162
0.78705
0.74645
1.932
0.86896
0.77804
0.77625
0.73114
1.1272
0.73451
0.76033
0.71779
0.79068
1.3459
0.78886
0.77268
0.78343
0.75858
0.91622
0.73621
0.73282
0.7379
0.74473
0.80168
0.76736
0.74645
0.74645
0.81658
0.8147
0.72277
0.75162
0.78705
0.80538
0.78524
0.80168
0.74989
0.84723
0.83946
0.78343
0.83946
1.556
1.1858
0.73114
0.78343
0.74645
0.7709
0.74817
0.79983
0.72946
0.7656
0.79616
0.72277
0.76033
0.76033
0.87498
0.74302
0.80724
0.7656
0.76913
0.75683
0.8414
0.81096
0.75162
0.74989
0.78524
0.82224
0.80168
0.72277
0.74473
0.81846
0.79616
0.72111
0.80724
0.79799
0.73621
0.75509
0.75683
0.82035
0.82035
0.77446
0.7656
2.1727
0.78524
0.79983
0.7379
0.72611
0.74645
0.73114
0.75509
0.69984
0.72778
0.75683
0.74302
0.71945
0.76033
0.77983
0.76208
0.72946
0.70795
0.74473
0.74989
0.75858
0.74302
0.8091
0.69183
0.82224
0.72611
0.75683
0.75336
0.74473
0.74645
0.72611
0.76736
0.73961
0.73282
0.86696
0.73114
0.71285
0.72277
0.71285
0.7379
0.71121
0.75336
0.74131
0.75162
0.71614
0.74645
0.76913
0.7925
0.76913
0.7709
1.0304
1.1015
0.81283
0.74302
0.75162
0.8414
0.70958
0.75858
0.68865
0.76384
0.74131
0.7145
0.69502
0.70795
0.72611
0.79983
0.69343
0.85507
0.80724
0.76736
0.78705
0.74131
0.75162
0.71779
0.75858
0.77625
0.74131
0.72611
0.75162
0.73451
0.79433
0.77625
0.77268
0.7379
0.75509
0.71614
0.7709
0.72444
0.75162
0.69823
0.7709
0.74817
0.75858
0.80353
0.7379
0.74131
0.85901
0.75858
1.6406
0.79799
0.70307
0.75509
0.69343
0.73114
0.78524
0.70146
0.70632
0.79983
0.75162
0.80168
0.7709
0.74302
0.75858
0.76913
0.74645
0.77268
0.71779
0.76208
0.82985
0.78886
0.7925
0.8147
0.77625
0.73621
0.77625
0.71121
0.76208
0.76384
0.74645
0.74817
0.7709
0.72611
0.72946
0.79068
0.71779
0.70146
0.72111
0.79068
0.72778
0.71779
0.77268
0.76033
0.8091
0.7709
0.73621
0.71779
0.80353
0.7709
1.0691
0.84528
1.6032
3.1405
2.1777
2.5704
1.6069
0.75858
0.79616
0.83368
0.77983
0.73961
0.72277
0.8356
0.77983
0.72611
0.8995
0.84528
0.85704
0.74473
0.82794
0.79983
0.82604
1.0495
0.75509
0.84333
0.81283
0.77268
0.82794
0.79616
0.79983
0.90782
1.3366
1.2503
2.5119
0.75162
1.9907
1.71
1.2677
1.3772
2.4155
1.6866
2.0417
1.7179
0.95719
1.0965
1.9011
1.5704
1.8493
1.7378
2.7606
2.2029
2.9992
2.2594
8.1846
7.9616
7.5509
4.8417
1.1482
1.1376
0.72778
0.72277
0.72444
0.71779
2.3174
3.8282
1.4256
3.5075
3.2961
1.7498
2.9648
0.78705
3.3651
0.79068
0.74817
2.2909
0.76208
2.0606
0.73114
1.4421
0.82794
0.80724
1.6293
0.75509
7.4645
0.92045
2.0184
1.5066
3.1623
0.88716
1.0423
2.9648
0.76208
2.0091
0.76384
3.0269
0.78886
0.8356
0.76736
0.78524
0.8531
0.8414
1.2618
2.1184
0.78886
2.8642
0.72778
1.7539
0.8414
0.89331
0.92897
0.75509
0.76033
0.75858
0.74473
0.76033
0.8147
0.75162
0.75858
0.79433
0.74989
0.79068
0.74817
0.73621
0.76033
0.73451
0.77446
0.73451
0.83368
0.7656
0.75858
1.0328
0.77268
0.74989
0.7925
0.82414
0.71945
0.82414
0.79433
0.84918
0.79433
0.77804
0.82604
0.80353
0.79433
0.81283
0.75509
0.82604
0.76033
0.78343
0.82604
0.79433
0.8091
0.89743
0.75683
0.75162
0.73282
0.82035
0.78886
0.74302
0.71779
0.75509
0.84528
0.74817
0.85507
0.77983
0.74302
0.82224
0.70632
0.81846
0.78524
0.75683
0.78886
0.72444
0.74302
0.7656
0.77625
0.83368
0.8356
0.85114
0.77625
0.79068
0.75858
0.78705
0.78163
0.72444
0.78524
0.76208
0.77268
0.80353
0.85901
0.7925
0.76384
0.75336
0.7656
0.76384
0.72611
0.81658
0.72277
0.82035
0.79983
0.78524
0.74131
0.80538
0.79616
0.74989
0.74989
0.80538
0.74473
0.75683
0.86099
0.81658
0.7145
0.7709
1.3521
0.85507
0.8091
0.79068
0.78705
0.80724
0.90573
0.70632
0.73961
1.3305
1.3964
1.9543
1.8578
1.8493
2.1528
0.76208
0.89331
3.1915
3.3497
0.90157
0.82604
0.74302
1.6788
3.8194
3.2961
4.1879
1.7458
1.1169
0.76736
0.79616
0.8147
1.094
1.2246
1.4488
0.91622
0.8091
0.77268
1.0304
0.71945
0.69984
0.77625
0.7379
0.8356
0.75858
0.7379
0.7656
0.81658
0.7656
0.78343
0.82414
0.7656
0.82035
0.76913
0.7379
0.77804
0.7656
0.83753
0.71945
0.7709
0.76913
0.72611
0.78163
0.7709
0.72946
0.74302
0.85704
0.74989
0.70307
0.79616
0.78524
0.71614
0.76384
0.82604
0.74473
0.75683
0.74989
0.71779
0.82794
0.78886
0.74989
0.79983
0.75683
0.79983
0.77446
0.76736
0.72778
0.75509
0.7709
0.77804
0.79433
0.77268
0.72946
0.75858
0.74473
0.72611
0.74302
0.7925
0.71779
0.77804
1.205
0.78163
0.74989
0.74131
0.79433
0.77446
0.75162
0.75683
0.80724
0.79983
0.81658
0.7656
0.78343
0.76033
0.77625
0.74817
0.75683
0.76736
0.76033
0.77625
0.83176
0.72277
0.74302
0.83946
0.76208
0.86497
0.79068
0.72946
0.85704
0.92045
0.73961
0.7656
0.78343
0.69823
0.73621
0.76736
0.77983
0.78163
0.72778
0.87498
0.7925
0.73114
1.2274
0.73451
0.74473
0.7656
0.7145
0.77268
0.85114
0.80724
0.76208
0.76913
0.73621
0.75858
0.84918
0.80353
0.71614
0.73451
0.78524
0.78705
0.7709
0.77268
0.74989
0.76033
0.83946
0.82414
0.84333
0.7656
0.73621
0.72111
0.76033
0.76033
0.77804
0.74645
0.69343
0.79433
0.76208
0.75683
0.73961
0.77625
0.86099
0.74131
0.7379
0.75683
0.77804
0.71945
0.76736
0.72277
0.73451
0.76736
0.80538
0.77268
0.74473
0.73451
0.72611
0.71285
0.76033
0.7656
0.69343
0.8147
0.77446
0.76033
0.69663
0.81283
0.71285
0.75162
0.78163
0.79068
0.82604
0.73451
0.7145
0.76033
0.69024
0.77625
0.74302
0.75336
0.76913
0.74473
0.80538
0.95499
0.75162
0.77268
0.73282
0.7925
0.71285
0.83946
0.80168
0.74817
0.78524
0.70469
0.75336
0.7379
0.74989
0.78705
0.72444
0.75858
0.71945
0.76208
0.77268
0.75509
0.73451
0.79799
0.72778
0.72611
0.78886
0.72111
0.74473
0.74131
0.75858
0.78886
0.72277
0.77804
0.72444
0.72111
0.83753
0.76913
0.75509
0.75336
0.80353
1.0447
1.256
1.1482
0.94624
1.8113
0.87297
0.72946
0.72778
0.75683
0.74989
0.73282
0.74645
0.78886
0.80168
0.74817
0.73282
0.75336
0.72611
0.72444
0.72611
0.8995
0.78163
0.80724
0.75162
0.70307
0.83946
0.84918
0.78705
0.72946
0.77446
0.79433
0.82224
0.91833
0.78163
0.72444
0.73451
0.79983
0.76736
0.86298
0.7709
0.69823
0.76913
0.7709
0.87902
0.71121
0.85901
0.71945
0.84918
0.86696
0.74473
0.85114
0.82224
0.90782
0.77983
0.91411
0.90782
0.79616
0.81846
1.1482
0.74989
0.86696
0.69984
0.74989
0.74645
0.88716
0.77625
0.90991
0.96605
0.9594
2.3933
0.8356
0.91411
0.71779
0.91833
0.75858
1.9588
1.2359
1.2274
0.99083
0.85114
1.2618
0.85114
1.4125
0.76913
0.92045
0.88716
1.7258
1.3677
0.8995
0.83176
0.79616
0.88716
0.86497
0.76913
0.81658
0.72778
0.75336
0.75509
0.82604
0.79433
0.79616
0.83176
0.75509
0.76033
0.7379
0.75858
0.77983
0.72444
0.82414
0.77804
0.83946
1.1092
1.1092
0.74473
0.79068
0.75162
0.81096
0.72778
0.8892
0.81283
1.8072
1.0093
0.8892
0.71121
0.85114
2.0845
1.2764
0.7656
0.79433
0.80538
0.8414
0.97499
0.77446
1.0889
0.74989
0.92897
0.89743
1.1776
0.7656
1.1508
0.7379
1.0351
0.70958
0.877
0.86896
1.1272
0.71614
1.1041
0.74473
1.0116
0.74989
1.1246
0.76913
1.1535
1.0139
1.4158
0.88308
0.74817
0.9594
0.93972
1.4894
0.80353
1.0914
0.74302
1.1117
0.76208
1.2106
0.7925
1.2331
0.9977
1.1967
0.78524
1.0889
0.88716
1.4322
1.3804
2.1727
0.69984
0.82794
0.73114
0.85704
0.76913
1.0116
0.73114
0.88512
1.349
1.6368
0.78343
1.3092
0.71285
0.82414
0.90573
1.4757
0.71285
0.68707
0.7145
0.71285
0.82414
0.72611
0.7709
0.83753
0.86896
1.3305
0.72444
1.1272
1.3183
1.0593
0.82035
2.138
3.1117
1.4655
1.2023
2.9923
0.7709
0.92257
3.6728
0.71945
1.1455
0.71121
0.72611
0.97051
3.5645
1.4028
2.2961
2.421
0.71779
1.3932
0.77625
2.1627
0.7379
0.76384
0.90365
0.74817
0.84723
0.71614
0.78524
1.1885
0.7379
1.3335
1.0046
0.77446
1.8197
1.1194
0.70632
1.3709
0.86896
1.0069
1.1614
0.93541
3.4435
0.73961
0.87498
1.7865
0.75509
1.2359
0.82604
0.69663
1.183
0.76736
0.75683
0.96161
0.75162
0.75162
0.88716
0.69823
0.91833
0.72778
0.85114
1.5885
0.74989
1.0889
0.86497
0.72277
0.9977
1.0046
0.76208
1.0889
0.72778
1.1402
0.72277
0.74989
1.1402
0.70795
0.71285
1.4223
0.73282
1.3583
0.85704
0.9247
1.7579
0.81658
0.84918
2.1928
1.714
2.3442
2.6363
5.9429
0.77983
0.73114
1.1776
0.76736
0.71945
1.1143
0.72778
0.90365
2.2961
1.0162
2.8314
2.9785
0.9506
1.1015
0.71285
0.74131
1.094
0.71614
0.70632
1.0093
0.71614
0.74645
1.0641
0.90991
1.9409
0.8414
1.0116
1.7418
0.76913
1.8072
0.72277
0.69663
0.77268
0.72444
0.71945
0.97275
0.70958
0.72277
0.76736
0.74131
1.0304
0.77625
0.72444
0.94189
0.72778
0.69502
0.97724
1.6444
1.205
0.94189
0.72778
1.7338
1.6827
0.80168
1.0093
0.7709
0.70632
1.2359
0.69663
0.84528
0.76913
0.68707
1.2023
0.74645
0.68707
0.84723
1.2503
1.1858
1.7458
0.72277
1.5136
0.89125
0.72946
1.5205
0.72778
0.70146
1.0715
0.69984
1.4125
0.82224
0.8356
1.2162
0.70795
0.72611
1.1885
0.74302
0.86298
0.72444
0.72778
1.3032
0.75162
1.3521
0.75858
0.78886
1.1749
0.98175
0.74817
0.86298
0.73621
1.3274
0.74817
0.70795
1.1912
0.78524
1.1668
0.74473
0.70632
1.1482
0.98628
1.1695
0.78705
1.9634
1.406
0.73961
2.1878
0.94624
2.0749
0.84528
0.78163
1.2589
1.0046
0.77983
2.2751
0.74131
1.8323
0.77804
0.81658
1.3552
0.7145
1.9231
1.349
0.76208
3.3497
0.74645
0.75162
2.2284
1.1614
1.5922
0.71779
0.87498
1.2162
0.78705
1.6218
0.99083
0.78705
1.8072
0.71614
1.5066
0.9528
0.81846
1.8621
1.6634
1.1194
2.133
0.88716
1.3183
0.74989
0.74131
2.2961
0.81096
1.1402
0.91622
0.74645
2.2336
0.7925
1.3428
0.77446
0.72277
1.4588
0.78524
2.2233
0.81846
0.87902
2.3659
0.86696
0.73451
1.3804
0.7656
1.6255
0.96383
0.82035
1.0666
1.0864
1.5382
0.79799
0.75683
1.6943
0.79433
1.7258
1.2023
0.90157
1.2882
0.90573
1.5136
1.3804
0.93541
0.76736
1.2417
0.71121
2.1827
0.72611
0.70146
1.0233
0.75683
0.74989
0.90782
0.76033
1.7989
0.79799
0.75683
1.0691
0.72111
1.8493
0.82035
0.81283
1.6943
0.72778
0.76384
1.4521
0.72444
1.2303
0.8356
0.75336
1.052
0.73451
2.0606
0.82604
2.0045
1.4588
1.1376
0.76913
2.1429
0.90365
1.2474
0.82035
0.86497
2.884
0.77268
0.74131
2.1232
1.8113
1.2218
3.9537
0.72946
2.421
0.74302
0.73621
1.6982
0.77268
0.92045
1.374
0.7709
1.4355
2.9309
1.8113
2.9648
0.7709
0.7379
2.0277
0.78163
0.73621
1.4723
0.80168
1.8408
1.0593
0.79799
1.9999
0.96605
0.8147
2.3988
0.81283
0.78705
1.2794
0.81096
1.1776
0.8995
0.73621
1.8707
0.90782
0.85704
1.374
0.83368
0.72277
1.2589
0.75683
2.9992
1.0162
0.7379
1.0965
0.89331
0.77446
2.0606
0.73621
0.91833
0.96828
0.88308
2.2699
0.78886
0.79616
1.8072
0.74817
1.2474
0.82985
1.0544
1.5171
0.7709
0.72444
1.349
0.70307
0.78705
1.7742
0.72946
0.72277
1.7378
0.73961
1.5885
0.81283
1.5631
3.4356
0.82414
0.79799
3.4594
0.92683
1.8578
1.2218
0.79068
1.5849
0.78343
0.86896
1.4256
0.86099
0.75683
2.6363
1.1995
1.9275
1.0765
0.82414
2.7861
0.78886
0.82035
1.1169
0.72111
0.7145
2.7227
0.79433
0.7656
0.74989
0.75336
1.4689
0.89743
0.89743
1.5812
0.92045
3.6475
2.5527
0.79799
0.77446
0.74302
0.88308
1.2972
2.7102
4.6559
2.851
1.3932
0.73621
1.1535
0.90782
0.75509
1.8664
0.79799
0.77804
1.2972
0.79616
0.72111
1.9454
0.74989
2.0184
0.97275
1.2735
0.77804
1.7539
0.79433
1.977
0.97499
0.79068
2.0184
0.79983
1.5101
1.2359
1.4757
0.7145
1.8323
0.75162
0.80538
1.2677
0.78343
0.72946
1.1324
0.76736
1.3002
0.90991
0.72946
2.2233
0.77804
0.81658
2.4322
0.82985
0.74989
2.2542
0.70307
0.79616
1.0789
0.73621
1.3836
0.80724
0.7379
0.98855
0.877
0.74473
0.78343
1.2474
3.0339
4.4875
1.7258
0.73282
1.8578
0.8356
0.98855
1.406
1.094
3.9628
0.93541
0.74645
2.0137
0.83368
0.74302
1.7418
0.75858
0.75336
1.3583
0.73114
0.73282
1.9231
0.87096
0.73114
1.6982
0.71614
1.0375
0.76913
0.75162
1.0046
0.82224
0.77804
1.4125
0.92897
1.9099
1.2882
2.3878
0.75858
0.76033
1.5849
0.92897
0.80724
0.77625
1.3709
0.76208
0.7709
1.7418
0.79616
0.79433
1.4859
0.90157
0.83753
1.3932
1.0116
0.70958
1.5276
0.79799
0.78163
1.4723
1.2618
0.74131
1.8281
1.2218
0.82224
0.77804
2.6546
0.73961
0.78163
3.3343
1.0257
0.7925
0.75162
1.5346
1.0046
0.75858
2.7733
0.96383
1.0447
3.2961
0.83368
0.79799
0.7145
2.0941
0.74131
0.79799
0.73114
1.9364
0.88512
0.77625
0.73282
0.9528
0.73114
0.73621
0.70469
1.6482
0.76208
0.71945
0.76208
1.6558
0.82224
0.72277
0.75162
3.9537
1.2474
1.1776
1.1429
1.3152
1.1482
1.4454
0.84333
3.4277
0.7925
0.78163
0.73961
2.3878
0.87297
0.76033
0.79433
1.4421
1.3583
1.8239
0.76384
2.8314
1.6406
0.87297
0.73961
1.094
1.1912
1.0399
0.74989
1.0544
2.7861
0.9594
0.76033
0.75162
0.71285
1.9953
3.1117
1.5959
0.76913
0.70307
1.8793
0.72111
0.81658
0.7379
0.71945
1.2823
0.79799
0.75162
0.7709
0.74473
0.77983
0.73282
3.3651
0.75162
0.81658
0.78886
0.77804
0.72444
1.8113
2.1281
1.4125
0.7145
0.74302
0.73282
0.74131
3.8019
0.75336
0.71121
0.70958
0.89743
0.73961
0.76913
0.71779
0.74645
0.71614
0.72946
3.6224
0.76033
0.7379
0.79983
0.68865
0.70632
0.82604
0.76033
0.74989
0.71779
0.72611
0.72611
0.73451
0.71779
0.76384
1.0304
0.80724
0.75509
0.72778
0.80538
0.7145
0.77983
0.70958
0.74645
0.70795
0.74473
0.72611
0.7379
0.75683
0.73282
0.75162
0.68391
0.71779
0.72611
0.73621
0.70795
0.71945
0.74302
2.4774
0.86497
0.82035
0.73114
0.80353
0.72277
0.92257
0.69502
0.7145
0.82604
0.69984
0.75683
0.71945
0.72946
0.75336
0.69663
0.74645
0.69502
1.3646
0.88716
0.75683
0.79799
0.72111
0.75858
0.73621
0.71285
0.71121
0.74473
0.70469
0.82985
0.69984
0.75509
0.74989
0.74131
0.74473
0.68234
0.75336
0.83946
0.72611
0.70795
0.74131
0.70632
0.7145
0.76033
0.76033
0.7145
0.69502
0.68234
0.74473
0.72444
0.75683
0.74645
0.72946
0.72277
0.73114
0.71614
0.77268
0.70307
0.69502
0.73451
0.72778
0.73961
0.67764
0.68234
0.72946
0.72111
0.74131
0.77804
0.71779
0.78524
0.70469
0.70795
0.74817
0.7379
0.70632
0.77983
0.72946
0.73451
0.75858
0.72277
0.70958
0.7709
0.71779
0.70958
0.76736
0.77446
0.69663
0.70795
0.71285
0.70632
0.70469
0.78524
0.73451
0.72444
0.74645
0.72611
0.72444
0.70795
0.70307
0.77446
0.72778
0.72277
0.75336
0.73961
0.80353
0.76913
0.76913
0.69663
0.73114
0.69502
0.72444
0.70795
0.71779
0.72946
0.7379
0.69663
0.73451
0.7379
0.7656
0.72611
0.69823
0.69024
0.73114
0.79616
0.77268
0.7379
0.73961
0.74989
0.73621
0.74989
0.76736
0.70469
0.75336
0.78705
0.79068
0.70795
0.76913
0.71779
0.70958
1.183
0.7709
0.79068
0.71945
0.76208
0.73961
0.78163
0.72111
0.73451
0.76384
0.72946
0.83753
0.70958
0.70146
0.73621
0.75683
0.71779
0.69183
0.70632
0.79433
0.74131
0.82224
0.72111
0.71945
0.73621
0.73621
0.75683
0.79433
0.86696
0.80538
0.72778
0.78524
0.73961
0.76033
0.7379
0.74131
0.69984
1.2417
0.82794
0.75509
0.76033
0.77804
0.73621
0.79068
0.7925
0.71121
0.70632
0.74473
0.76736
0.71945
0.7379
0.71779
0.72778
0.76208
0.70795
1.0209
2.2646
0.73282
1.5066
0.99541
0.75858
0.75162
0.70632
0.74131
0.72611
0.73961
1.1015
0.80538
0.81658
0.72778
0.70632
0.82794
0.79983
0.76033
0.88308
0.71779
0.77446
0.73621
0.70307
0.74817
0.82414
0.72111
0.73282
0.8091
0.75336
0.77804
0.72611
0.77446
0.75858
0.75162
0.8091
0.71945
0.77268
0.74989
0.80168
0.95499
0.86099
0.93325
0.7379
0.74645
0.75162
0.84918
0.78163
0.79068
0.79983
0.73621
0.73114
0.81658
0.80538
0.71614
0.79799
0.74131
0.77625
0.8356
0.77983
0.81096
0.75858
0.74989
0.8414
0.94842
0.74473
0.81096
0.73961
0.74645
0.82035
0.70795
0.71285
0.76913
0.79799
0.78886
0.78343
0.8091
1.0328
0.73282
0.74302
0.72111
0.7709
0.78886
0.72946
0.78163
0.75683
0.79433
0.72778
0.72444
0.97275
0.72444
0.7379
0.99083
0.7379
0.74817
0.69183
0.74989
0.72444
0.73282
0.69502
0.73621
0.78524
0.72611
0.73621
0.7145
0.7656
0.70469
0.97949
0.72611
0.85114
0.73621
0.75509
0.77268
0.8414
0.80724
0.87902
0.82604
0.72444
0.75162
0.73451
0.77446
0.78343
0.72111
0.7379
0.8091
0.79433
0.83946
0.96828
0.78524
0.74817
0.7709
0.76736
0.72111
0.70958
0.78524
0.72611
0.72946
0.76736
0.71121
0.72277
0.71121
0.75162
1.8155
1.4355
0.75858
0.74817
0.70469
0.74645
0.78343
0.76208
0.78163
0.69663
0.74817
0.8356
0.77983
0.8147
0.78163
0.79068
0.80724
0.75509
0.75858
0.76736
0.7656
0.69663
0.76913
0.78524
0.75509
0.90157
0.79433
0.77804
0.76384
0.76033
0.74645
0.83946
0.76033
0.74302
0.76913
0.70469
0.79983
0.73114
0.89331
0.78343
0.71945
0.73114
0.73451
0.72611
0.72111
0.80168
0.72778
0.74473
0.74645
0.71945
0.70632
2.6669
0.73282
0.68391
0.70958
0.78524
0.77446
0.72611
0.72111
0.72778
3.013
0.85507
0.74989
0.76913
0.74989
0.8091
0.74817
0.77268
0.74645
0.8414
0.72111
0.77983
0.7925
0.76913
0.74131
0.90782
0.74989
0.72277
0.69183
0.77446
0.73114
0.72111
0.82604
0.99312
0.9594
0.79983
0.76208
0.74473
0.83176
0.82604
0.73114
0.74473
0.77804
0.79799
0.76384
0.78524
0.72111
0.75509
0.73114
0.76033
0.76736
0.79983
0.78163
0.77804
0.99541
0.75162
0.78343
1.4962
0.74131
0.73621
1.0544
0.71614
1.1298
0.72444
1.0715
1.205
0.73451
1.0257
0.77625
2.466
0.72111
0.91833
0.88105
0.73282
1.1641
0.92897
0.87096
0.79983
0.76913
0.81096
0.7379
0.77983
1.028
0.71945
0.82035
0.75509
0.84528
0.76208
0.96383
0.84528
0.74302
0.73451
0.84528
0.877
0.8531
0.73114
1.7458
0.98628
0.71614
0.91833
0.77804
0.76208
0.7145
0.9528
0.73282
0.74989
0.7925
0.73621
0.7709
0.72778
1.1749
0.79799
0.7656
0.82224
1.3804
0.77983
0.95499
1.0186
1.0715
0.82224
0.79983
0.91622
0.76384
0.87096
1.256
0.72611
0.77625
0.81846
0.74989
0.77446
1.3614
0.80168
0.89331
0.86696
1.0375
1.1803
0.72946
0.92683
1.0209
1.5922
0.75683
0.88716
0.74473
0.70146
0.9977
1.1508
1.4555
0.77804
0.96605
0.72277
0.82414
0.78163
0.79983
1.4859
1.1169
1
0.9506
1.2677
0.77446
1.9099
1.7298
0.75336
0.83368
0.75162
1.0209
0.97499
1.122
0.94406
1.9055
0.72946
1.7179
0.74989
0.72444
0.99312
0.85901
0.71285
0.79983
0.72611
1.1272
0.76208
0.76736
1.2388
1.1695
0.7379
0.97949
0.70632
1.6866
0.91833
0.74989
1.6181
0.8892
0.70469
2.0989
1.3274
0.90782
1.6596
0.78524
5.4576
3.3574
0.97499
0.71779
0.82414
0.75162
0.7709
1.574
4.5709
0.86298
3.2509
1.0789
1.5812
1.256
1.9588
1.4125
1.349
0.82224
0.76033
1.9143
7.9983
0.68707
1.0328
0.74473
0.69663
1.4757
1.1429
0.69984
0.71285
0.70632
0.73621
0.68865
0.8147
10.94
9.3111
1.6749
0.7656
0.7925
0.73961
0.7145
0.81846
0.72778
0.73114
0.73451
0.7656
20.045
0.88716
0.85114
0.81283
0.75336
0.75683
0.75858
0.79433
0.71614
0.74989
14.421
22.336
1.1092
0.76033
0.7709
3.1405
0.97724
0.85114
7.9616
1.714
20.893
0.96383
0.70795
1.9815
0.80353
4.5186
15.382
2.4774
1.1668
0.71121
0.71285
0.70146
16.218
18.45
0.80538
0.73621
28.184
0.78343
0.69663
0.72111
0.70795
1.0593
0.87096
0.87498
1.0423
0.74645
2.6485
1.5524
1.2246
1.8793
1.1324
1.1041
1.7989
1.5276
0.91622
0.74989
0.80353
0.73621
2.0464
0.76208
0.82224
0.7925
0.79068
0.78886
0.75509
0.93756
0.82224
0.96161
0.85901
0.74131
0.76208
0.73451
1.3868
0.76208
0.97724
0.76384
0.8091
0.89125
0.76208
0.77625
0.81283
0.83176
0.77625
0.90157
0.78886
0.96605
0.82035
0.74989
0.8356
0.75858
0.86298
0.79983
0.75162
1.9588
0.81096
0.88716
0.81658
0.81658
0.88308
0.80353
0.8995
0.82224
1.2531
0.78343
1.1194
0.77446
0.74302
0.79433
0.74473
1.1246
0.73961
0.75683
0.78524
2.3067
0.79616
0.72277
0.76208
1.1298
0.86696
0.82035
0.71779
0.74817
0.71779
1.3521
0.88512
0.75683
0.94189
0.85901
0.77268
0.7709
0.74473
0.78163
0.80538
0.8147
1.5031
0.81096
1.1614
0.85901
0.86099
0.74817
1.6558
0.76033
1.0186
0.83368
0.75683
0.78705
1.0399
0.72611
0.83176
0.86099
0.76736
0.76208
1.3092
0.77804
0.76208
0.77268
0.72444
0.7709
0.81283
0.79799
0.8531
0.76384
0.89743
0.78163
0.74302
0.74473
0.73961
0.75509
0.82794
0.81846
0.74131
0.80353
0.74989
0.8147
0.85114
0.76384
0.8091
2.904
0.95719
0.86896
0.83753
1.7338
0.90157
0.77625
1.2274
0.73621
0.75336
0.83753
1.3183
0.87096
0.80724
0.83368
1.1298
0.73282
0.75162
1.0666
0.8091
0.85901
0.82985
0.82794
0.77268
0.80538
0.77625
0.72946
0.7379
0.90573
0.76384
0.74473
0.77983
0.75162
0.79068
0.72277
0.7925
0.85704
0.75162
0.79983
0.81096
0.87902
0.77268
0.74989
7.4473
0.75683
0.79068
0.75336
8.8105
1.1508
0.85704
0.78705
0.79983
0.80168
0.77804
0.90365
0.69663
1.406
0.75162
0.7379
0.7709
0.77268
0.74645
0.76384
0.75858
0.75162
1.8365
1.6218
9.7724
0.74302
0.77446
0.73621
0.77625
0.73961
0.76913
1.6482
0.80538
0.79616
0.79433
0.77268
0.76384
0.82224
0.76913
0.79068
0.82794
0.73282
0.79799
0.7925
0.74473
2.2751
0.77983
0.83368
0.82985
0.86696
0.70958
0.78343
0.84528
0.78163
0.72444
0.77983
3.0269
0.87498
7.8886
12.303
1.0233
0.84918
0.77446
0.69663
0.72946
0.75509
18.239
11.776
4.2756
0.79433
0.74302
0.77268
0.77446
2.729
0.86696
0.82985
1.2023
0.9506
1.8707
0.94624
0.70958
0.69823
0.72778
1.3677
1.1402
0.78343
0.7925
1.4757
0.77446
0.72611
0.82224
0.87297
1.7022
0.8531
1.2823
0.78886
0.74131
1.9143
1.1041
0.69183
0.71121
0.7709
0.79068
0.7379
0.70307
0.71285
0.71779
0.72111
4.7973
0.69502
0.70469
1.7783
0.76736
0.74473
0.66988
0.82414
0.75336
0.70958
0.7145
0.69663
0.69183
0.72946
0.67764
0.70469
0.70469
7.4817
1.205
0.75336
6.0814
13.583
0.86099
0.99083
0.7145
0.73621
0.7656
0.73114
13.996
1.0257
2.9923
0.79616
0.7656
0.77804
7.2611
29.174
0.76736
0.72778
0.68549
1.9364
0.67298
0.67298
0.71614
0.71945
0.69502
0.69502
25.527
1.4521
0.78886
0.74817
0.81096
0.71945
0.80353
0.71614
1.7989
0.80538
0.81658
0.77446
1.3213
0.69984
0.69823
0.75683
0.79068
0.77804
0.81096
0.71285
0.76208
0.74645
0.71121
0.74131
0.78705
0.80538
0.75509
0.74989
0.74302
0.70146
1.4894
0.74302
0.79616
0.82985
0.78705
0.80353
0.80538
0.80724
0.86696
0.74302
0.79983
0.7656
0.72778
0.72111
0.76736
0.71121
0.74302
0.74989
0.75336
0.72946
0.69823
0.76033
0.75509
0.77983
0.76033
0.7656
0.72946
0.81096
0.8091
0.7925
0.73451
0.78343
0.7656
0.80724
0.73114
0.81096
0.79799
2.1827
0.76033
0.74645
0.78705
0.74817
0.75162
0.73282
0.75509
0.78705
0.74131
0.75683
0.75858
0.75858
0.76913
1.2162
0.71614
0.70958
0.77983
0.75509
0.7709
0.78705
0.78343
1.2274
0.84333
0.74131
0.78343
0.81846
0.75162
0.7379
0.73621
0.81283
0.71285
1.4928
0.79799
0.75509
0.75336
0.77625
0.85114
0.81096
0.81658
0.7709
0.79433
0.82985
0.72778
0.82604
0.75858
0.73621
0.91833
0.74302
0.80538
0.84723
0.75858
0.72778
0.78705
0.76736
0.79068
0.82224
0.76384
0.7656
0.80168
0.76736
0.75162
1.1776
0.79616
0.72111
0.71779
0.83753
0.76736
0.76736
0.77983
0.77983
0.71614
0.71285
0.97724
0.77983
0.7925
0.74645
0.87297
0.75683
0.7709
0.76913
0.7656
0.80538
0.7379
0.72111
0.75683
0.74473
0.75162
0.73451
0.78163
0.80538
0.71779
0.77804
0.76384
0.78163
0.7145
2.1827
1.977
0.73961
2.3988
0.94842
0.84333
3.2734
1.1508
0.80168
0.8091
3.8282
1.9364
2.7797
16.444
0.73621
10.99
1.6982
0.91411
0.74473
0.77983
0.69984
0.77804
4.8417
1.6866
3.1405
15.631
0.75162
1.3152
0.78163
0.94624
0.85507
0.80353
0.7925
0.8091
0.77268
0.77983
0.8892
0.8356
0.94842
0.78163
1.714
0.74131
0.92257
0.89743
0.75162
0.7925
0.94624
0.81283
0.8147
1.932
0.78163
0.96828
0.79983
1.1117
0.74131
0.77446
0.73621
0.70795
0.75509
0.74473
0.71121
0.76033
0.94842
0.74302
0.75509
0.72444
0.71614
1.2794
0.72111
0.78343
0.77446
0.74645
0.8414
0.75162
0.74645
0.71285
0.73621
0.71945
0.71614
0.72111
1.4421
0.76384
0.7709
0.75509
0.77446
0.84333
0.74302
0.7656
0.70795
0.76033
0.8091
0.7379
0.74302
0.74131
0.74302
0.78163
0.72111
0.73451
0.72277
0.76208
0.72111
0.73451
0.72444
0.78886
0.76033
0.73114
0.70632
0.78343
0.72444
0.72111
0.90157
0.73961
0.73451
1.766
0.75336
0.71779
0.71121
0.68707
0.72778
0.78524
0.72778
0.74131
0.74989
0.75162
0.70469
0.77625
0.76208
0.76913
0.7709
0.75162
0.76913
0.78886
0.76033
0.8091
0.75858
0.77268
0.74989
0.73451
0.76208
0.81283
0.81846
0.74473
0.75162
0.70307
0.74302
0.82414
0.76913
0.68707
0.72611
0.7656
0.79068
0.79799
0.79983
0.75683
1.2218
0.84918
0.72277
0.7379
0.75683
0.77446
0.76208
0.74645
0.79799
2.6546
0.75162
0.78705
1.875
0.83368
0.76033
0.72778
0.74473
0.87096
0.82985
0.72111
0.79616
0.85507
0.79983
0.86298
0.75509
0.74131
1.0544
0.71121
0.8147
0.76384
0.72778
0.88512
0.75509
2.6182
0.85704
0.74989
0.81658
0.73621
1.4256
0.90782
0.76913
1.3459
0.88105
0.7656
0.74473
0.7925
0.73114
0.75509
0.77446
0.76208
0.74645
0.75509
0.78886
0.79983
0.71945
0.78163
0.78343
0.87096
0.78524
0.7709
0.72946
1.6293
0.75858
0.75858
0.78705
0.74131
0.79068
0.84333
0.76736
0.77268
0.77983
0.80353
0.84528
0.73451
0.81096
0.73114
0.73621
0.74817
26.303
30.061
0.73961
0.73961
0.73961
0.80724
0.97949
0.86497
0.80353
1.0839
0.74989
0.76033
0.81658
0.79983
0.73961
0.82414
0.86099
0.77804
0.93972
0.79983
0.83368
0.92897
0.87297
1.0789
1.8239
1.1298
1.2078
0.76736
0.73961
0.77446
0.75162
1.9498
1.5205
0.7379
33.497
0.83368
0.76033
2.0749
0.75162
0.70469
0.75858
0.78343
1.4355
0.76736
0.84723
1.1272
0.74645
0.83368
0.79983
0.74131
0.7656
0.81846
0.7656
0.72277
0.8147
0.8147
0.91833
0.74131
0.7145
0.76033
0.74131
0.76736
0.78163
0.72778
0.7925
0.69502
0.76033
0.74473
0.82985
0.9247
0.74645
1.3305
0.74302
0.71779
1.0568
0.7379
1.4791
1.9861
0.75858
0.77268
0.73621
0.71614
0.77446
1.256
1.0568
0.81096
0.80538
0.73621
0.79616
0.7709
0.90157
0.79983
0.82414
1.3428
0.82794
0.7925
0.88105
0.78163
0.76384
0.73282
0.81846
0.8147
0.72277
0.73282
0.73282
9.9312
9.9312
9.9312
9.9312
9.9312
9.9312
9.9312
9.9312
9.9312
9.9312
9.9312
9.9312
9.9312
9.9312
9.9312
9.9312
9.9312
9.9312
9.9312
9.9312
9.9312
