14.488
18.408
15.488
12.162
0.78163
0.8091
0.83946
0.90573
0.94406
0.97275
0.77983
0.89536
0.84528
0.81658
2.541
0.70146
0.68865
0.88716
0.76913
0.74645
0.70469
0.7925
0.78524
0.68549
0.70307
1.4622
0.89536
2.4322
0.75509
0.82794
1.1803
0.84333
0.79983
0.86696
0.91833
8.6497
22.542
18.113
12.445
12.023
0.86896
1.0233
1.0139
1.1402
1.9679
1.4488
0.73282
1.0691
0.99541
0.87297
1.6331
0.98175
0.77625
0.80724
0.66988
0.70632
0.65313
0.68865
1.5136
1.1143
1.0399
0.79799
1.0351
2.9512
1.0093
0.87297
0.79983
15.101
26.062
20.654
0.82224
4.4771
14.028
0.87297
0.80724
1.0568
1.3002
0.98175
0.81658
0.83753
0.94842
1.219
0.89125
0.7656
0.84528
0.87498
1.7539
0.78163
0.74131
0.8995
0.74473
0.96383
0.77804
5.6885
4.0087
14.962
1.0162
0.97724
0.73961
1.0233
0.71945
1.3274
0.67298
0.80538
1.1641
0.92257
0.68234
1.4997
3.062
1.0495
0.79433
0.92897
1.0914
0.84333
3.9811
9.9083
1.1967
10.666
14.322
20.559
18.239
1.7498
18.197
18.621
1.3366
18.923
1.1561
18.967
1.5885
0.96161
1.1169
0.88308
1.0715
0.9506
12.794
24.21
18.493
15.668
1.1858
0.72778
0.73282
0.84723
0.88716
0.69343
1.6596
0.69823
2.3281
14.125
23.442
19.907
17.219
0.70469
20.893
27.102
17.418
20.749
1.1169
20.654
2.023
1.5311
0.97051
16.982
1.6596
0.86497
1.0304
0.8531
27.416
16.558
20.464
15.74
18.621
4.9545
0.71121
17.298
0.64417
0.75509
1.0162
1.2647
1.6106
0.83176
18.03
16.634
15.631
14.355
17.62
13.646
2.0989
11.194
13.868
1.1668
10.495
14.859
13.428
16.672
21.086
21.878
18.923
1.1614
1.1482
1.714
1.4454
8.356
21.777
0.67764
5.2723
1.4488
15.101
1.1402
0.98855
0.94624
13.932
1.205
1.1429
17.62
0.82224
0.68707
0.70958
1.0423
1.9953
0.74302
21.38
16.904
16.255
24.322
21.429
23.988
1.4655
0.77446
1.1272
0.66222
17.061
18.239
17.258
12.134
13.335
0.74302
0.69984
16.482
16.482
7.9799
5.9293
17.179
13.772
17.061
24.491
20.464
16.368
15.704
23.878
15.276
15.488
16.982
15.812
12.218
0.86696
14.028
19.815
9.9541
18.408
11.092
18.75
25.003
17.378
12.735
0.76913
0.82985
20.989
22.284
18.45
17.66
14.355
15.922
19.634
5.236
15.136
3.4277
0.93972
0.93541
3.9628
0.99541
2.2439
8.7498
1.3677
1.6444
11.641
21.827
17.298
26.915
24.66
23.174
18.621
19.679
14.322
21.086
28.119
0.80168
1.2503
0.72444
2.3227
0.66988
9.247
0.8414
3.5318
23.014
26.002
8.8308
24.946
19.099
17.179
13.9
16.181
21.478
25.119
24.099
5.8076
23.878
14.997
8.2035
20.045
17.783
19.999
22.336
18.03
0.95499
13.305
21.727
29.444
25.645
13.614
18.323
18.323
16.558
24.547
15.488
17.1
14.355
23.227
26.485
10
2.1232
21.478
5.42
19.543
23.933
20.845
16.943
14.223
14.191
10.641
18.535
26.915
24.717
29.242
23.067
20.184
17.989
17.906
12.19
0.74473
20.654
22.439
19.907
14.928
13.397
0.68234
0.78886
0.70632
0.69183
13.243
0.80353
0.64863
0.65615
3.4594
10.839
8.2035
1.5136
13.868
18.072
23.174
18.621
27.353
26.792
6.4417
9.7949
12.618
22.751
12.942
14.894
11.641
9.9541
18.197
32.734
25.527
22.439
21.184
16.558
19.187
9.594
14.158
25.293
14.655
24.717
2.9785
23.388
16.293
15.74
6.7143
17.258
21.184
16.368
2.1878
16.827
29.107
19.187
11.22
18.664
17.783
20.606
6.9823
19.32
14.223
16.982
16.943
12.246
12.794
6.0117
4.9431
2.0137
0.84723
1.6711
4.2658
7.0795
24.21
24.491
23.988
21.038
20.277
15.596
12.912
16.634
15.959
0.68549
0.62951
1.0691
0.87902
5.821
1.0328
1.2531
0.80724
14.894
0.75162
26.242
4.5709
0.7145
0.74989
0.66222
8.2224
19.679
19.143
14.191
18.621
13.305
18.072
19.275
25.645
0.76913
0.75683
0.96383
0.98855
1.1376
2.6792
1.4555
1.875
21.135
25.823
19.679
22.803
15.885
14.158
15.776
25.586
0.69823
0.65464
2.5586
0.6368
3.7068
15.668
18.578
22.491
10.99
9.9312
10.715
8.3753
13.366
10.046
15.524
21.429
16.672
11.561
15.311
18.578
5.2481
12.647
19.724
15.241
13.122
12.764
11.429
10.814
14.859
17.418
17.338
14.06
17.14
12.589
0.68707
0.67764
0.65464
1.1117
12.589
4.0551
2.1577
2.8249
11.641
19.231
0.72946
0.63973
0.71614
10.257
14.928
14.256
20.606
10.839
14.521
14.223
12.106
8.9125
5.821
12.274
10.046
23.174
14.223
0.66988
15.996
18.113
10.328
0.67453
0.64269
1.8621
1.7378
16.596
1.6672
2.704
12.677
20.606
0.68707
7.1779
0.63387
0.63973
3.013
8.0353
13.74
1.39
0.79068
0.63973
0.70307
0.63241
0.65766
0.64417
0.70958
0.67298
0.65163
0.67298
0.64417
1.5205
0.65163
0.65313
0.65615
0.63241
0.63387
0.65013
0.64417
0.63973
0.69663
0.62517
0.66681
0.62087
0.65013
0.65313
0.62951
0.65013
0.68234
0.64269
0.67608
0.6223
0.65013
0.63387
0.6792
0.68865
0.63973
0.68391
1.1776
0.67143
0.64417
0.71779
0.62517
4.5394
21.232
17.701
0.7709
0.68549
0.7145
0.62806
7.925
0.66988
0.71614
0.64565
0.65013
0.69502
0.66222
0.64269
0.66527
0.71285
0.67298
0.67143
0.62373
0.68707
0.67764
0.70307
0.68077
0.64121
0.66834
0.65464
0.6166
0.70146
0.63533
0.67298
0.72444
0.6792
0.63241
0.62517
0.67298
0.65917
0.6368
0.67453
0.64863
0.63826
0.74302
0.66834
0.65766
0.64565
0.72444
0.7656
0.77983
0.69823
0.68707
0.64714
0.68391
0.73961
0.67453
2.138
0.74989
0.8414
2.1038
0.67608
0.64714
0.62806
0.65313
0.93111
1.5417
0.84723
4.2658
0.65766
0.68077
0.64863
0.64121
0.75509
0.65313
0.61518
0.63826
0.63973
0.65464
0.65013
0.6223
0.90573
0.93756
1.0375
1.5453
1.8365
1.3772
1.0617
1.1015
1.3521
4.5082
3.6813
0.62951
0.64714
0.68549
1.574
0.68549
4.9431
0.97949
3.8019
1.4488
3.6392
0.6223
0.63973
0.75162
2.2594
22.131
22.594
22.131
20.23
17.219
17.783
6.6527
18.03
12.445
13.964
4.1591
0.65615
0.68865
0.7379
0.61376
0.67453
0.69984
0.64863
0.64417
0.64714
0.67453
2.5763
0.88716
3.4754
1.2474
0.66681
0.66988
0.66527
0.64714
0.64121
0.65766
1.2647
0.68707
0.68077
0.66069
0.65013
0.7145
0.68549
0.72946
0.70632
0.9977
0.93111
0.63241
0.66222
4.0365
0.65615
0.6368
0.68707
0.6223
0.63387
0.68549
0.61518
0.67143
0.68707
0.70146
0.66527
0.64714
0.69183
0.66222
0.65163
0.70632
0.67608
0.70307
0.68707
0.69183
0.65013
0.69502
0.69663
0.67298
0.65313
0.61944
0.69024
0.67453
0.69663
0.68391
0.74131
0.66222
0.65013
0.64417
0.70958
0.68707
0.63826
0.67608
0.68707
0.65615
0.64417
0.66222
1.4454
0.72778
0.8995
0.79616
1.4158
0.9528
0.64714
0.60534
0.66527
1.0399
0.68234
0.6792
0.70958
0.67764
0.67608
0.66527
0.71614
0.69343
0.71945
0.64417
0.68234
0.6792
0.78163
0.68707
0.66069
0.65163
0.63096
0.64121
0.66069
0.64121
0.74131
0.69343
0.67298
0.61802
0.65464
0.67143
0.62087
0.68077
0.73961
0.67764
0.66527
0.66988
0.67764
0.74989
0.63973
0.69343
0.70958
0.67453
0.66834
0.70146
0.71614
0.69663
0.64417
0.65917
0.64565
0.63533
0.67608
0.65464
0.66527
0.64121
0.71285
0.66222
0.66681
0.69183
0.66834
0.64714
0.68391
0.64269
0.68865
0.66834
0.61518
0.64121
0.62806
0.6368
0.6166
0.65464
0.67143
0.66069
0.65464
0.65464
0.63533
0.65766
0.62373
0.65615
0.61944
0.66374
0.65917
0.62373
0.65013
0.63241
0.65464
0.60256
0.66681
0.62517
0.66681
0.61376
0.63973
0.65163
0.64863
0.6368
0.65917
0.70469
0.66681
0.7145
0.66834
0.65163
0.63241
0.66834
0.67764
0.63241
0.64714
0.69984
0.64565
0.62517
0.63533
0.62517
0.64863
0.9594
1.0328
0.70632
0.65313
0.63973
0.70958
0.66222
0.67298
0.69984
0.62806
0.73114
0.63973
0.64565
0.68234
0.66681
0.64863
0.73451
0.70795
0.65766
0.69823
0.64417
0.65464
0.65313
0.63241
0.6368
0.72111
0.65013
1.4689
0.69502
0.63096
0.65313
0.72778
0.63826
0.66222
0.63826
0.67764
0.62951
0.67298
0.68707
0.66527
0.65464
0.66834
0.69183
0.68707
0.64269
0.65766
0.65013
0.67608
0.65766
0.67298
0.62951
0.71285
1.0965
1.3428
2.0797
0.71614
4.1783
1.0495
0.8356
0.89743
3.8994
0.877
1.0666
0.64565
0.6792
0.66222
0.68391
0.64565
0.72946
0.64863
0.66988
0.6368
0.65163
5.781
0.7925
1.5524
1.1143
2.7102
3.4277
0.62087
0.66681
0.65615
0.65766
0.65313
0.86298
0.65766
0.62951
0.65917
0.65766
0.65766
0.69343
0.64121
0.67453
0.64121
0.69502
0.64417
0.60954
0.66374
0.69502
0.64565
0.68234
0.68549
0.6223
0.61235
0.73282
0.64121
0.63533
0.62951
0.63973
0.67453
0.66222
0.66374
0.64121
0.61235
0.68077
0.63533
0.66069
0.66834
0.64714
0.65313
0.65163
0.60814
0.65766
0.62661
0.66374
0.69343
0.70632
0.64417
0.70469
0.67764
0.65464
0.6368
0.62661
0.66374
0.62517
0.61802
0.66988
0.64863
0.70307
0.68865
0.69343
0.66681
0.64714
0.66834
0.69823
0.73114
0.65313
0.64714
0.67764
0.62517
0.70307
0.65163
0.63973
0.63387
0.65313
0.67608
0.72277
0.67453
0.68077
0.65313
0.67608
0.64863
0.67143
0.67764
0.99541
0.67298
0.65013
0.68234
0.61235
0.72778
0.65464
0.64269
0.69024
0.62087
0.69183
0.61376
0.66069
0.72946
0.69183
0.64565
0.71614
0.64417
0.64863
0.68391
0.64269
0.65163
0.67764
0.64863
0.63826
0.62373
0.67143
0.90157
0.79068
0.72778
0.82414
0.69823
2.1135
0.63973
0.7656
0.85704
1.0328
0.71285
1.0233
0.79616
0.67143
0.68707
0.72277
0.77983
0.70958
0.70795
1.5668
0.83176
1.052
0.66834
0.70469
0.66988
0.64269
0.61235
0.66222
1.0495
0.62806
0.65013
0.64269
0.64863
0.66681
0.64863
0.65013
0.64417
0.65013
1.0471
0.74131
0.98401
1.2388
4.4978
0.65163
0.68077
0.61094
0.63096
0.6223
0.65917
0.64565
0.66222
0.66069
0.66988
0.63533
0.65013
0.63533
0.67453
0.72111
0.66222
0.64269
0.66374
0.66834
0.64121
0.6368
0.68707
0.74131
0.64714
0.65464
0.66527
0.61094
0.64269
0.69343
0.66834
0.68707
0.61944
0.68707
0.65766
0.62806
0.68707
0.64714
0.66069
0.61802
0.64417
0.65313
0.64565
0.66069
0.65464
0.67298
0.66988
0.64565
0.69663
0.64417
0.6223
0.68707
0.64565
0.64863
0.68234
0.63973
0.62087
0.67764
0.60395
0.67143
0.6166
0.63973
0.6368
0.69823
0.65766
0.67298
0.61802
0.62951
0.67298
0.65464
0.69823
0.66069
0.62087
0.68549
0.69663
0.63533
0.64269
0.67453
0.65163
0.66374
0.60395
0.69183
0.61376
0.64863
0.65013
0.63826
0.61802
0.66681
0.69663
0.64269
0.66681
0.61376
0.76384
0.70146
0.62087
0.61944
0.67608
0.68077
0.72277
0.6792
0.64863
0.69024
0.6368
0.64121
0.65313
0.63387
1.122
0.66834
0.63096
0.66527
0.63387
0.68391
0.63387
0.66988
0.64121
0.72946
0.69502
0.64269
0.66374
0.64565
0.73114
0.66374
0.64863
0.63533
0.61944
0.63096
0.67608
0.65313
0.66527
0.64714
0.62951
0.61376
0.62517
0.66222
0.68234
0.69984
0.63533
0.63533
0.66374
0.66681
0.65013
0.67764
0.62951
0.68077
0.68391
0.62661
0.61518
0.64714
0.72277
0.6368
0.64565
0.68707
0.64565
0.66988
0.64417
0.64121
0.65917
0.67298
0.63973
0.64863
0.66988
0.66527
0.65464
0.66681
0.65313
0.66527
0.61376
0.68234
0.67143
1.1535
0.60954
0.65766
0.63533
0.65615
0.60674
0.66834
0.68865
0.64714
0.64121
0.61235
0.64863
0.65464
0.64565
0.63973
0.65163
0.65464
0.65615
0.62373
0.64714
0.66069
0.64863
0.64417
0.65464
0.64417
0.63241
0.64565
0.69502
0.96605
0.64863
0.63973
0.66681
0.67453
1.3243
0.71779
0.8147
0.74645
0.85704
0.79616
0.85507
0.98628
1.028
0.98175
1.2794
1.2218
0.90157
1.5346
1.1324
2.0184
4.9317
8.9331
12.162
13.152
7.4473
0.82224
0.65615
0.77268
0.66834
3.4514
1.5524
0.69823
0.66527
0.69502
0.65766
0.72778
0.63241
0.69984
0.69663
0.66374
0.67608
8.2224
1.762
0.73961
0.77983
0.79433
0.79068
0.78886
1.1066
0.8531
0.877
2.8249
1.2735
1
2.9444
0.74302
0.65615
0.70469
0.62806
0.65917
0.69024
0.68077
0.65163
1.0186
0.65615
1.0691
0.66069
0.75683
0.64269
0.62517
0.61802
0.69984
0.64121
0.61518
0.66374
0.64565
0.63826
0.62806
0.64121
0.64863
0.66834
0.64565
0.6792
0.69823
0.71121
0.65615
0.67143
0.65313
0.64863
0.66527
0.67608
0.69823
0.63096
0.64565
0.65013
0.71614
0.64121
0.68077
0.66988
0.6368
0.68077
0.62087
0.62373
0.67608
0.6223
0.65313
0.63973
0.7145
0.65615
0.65766
0.6368
0.68707
0.67143
0.67764
0.66222
0.66374
0.65313
0.64121
0.68707
0.62661
0.64269
0.67764
0.72611
0.64714
0.66222
0.63096
0.66527
0.65766
0.64714
0.64269
0.66374
0.64565
0.69024
0.68707
1.099
0.65313
0.68077
0.6166
0.62661
0.65464
0.68234
0.65313
0.70307
0.60674
0.69984
0.62951
0.65163
0.69502
0.63533
0.65917
0.65163
0.64863
0.64417
0.63096
0.66834
0.66834
0.65917
0.65013
0.65163
0.69984
0.66681
0.67453
0.70632
0.65464
0.62661
0.63096
0.67453
0.65313
0.67143
0.67453
0.65766
0.66222
0.63826
0.65464
0.70795
0.68865
0.66988
0.68391
0.66988
0.66834
0.71614
0.65464
0.63387
0.63826
0.65464
0.64417
0.69984
0.68234
0.67298
0.74817
0.64121
0.69183
0.71121
0.63533
0.63533
0.67453
0.7145
0.66069
0.69823
0.70469
0.65917
0.66222
0.63241
0.65917
0.68077
0.64714
0.66681
0.7145
0.63241
0.64121
0.66222
0.69183
0.66988
0.62806
0.69663
0.62806
0.66834
0.67608
0.67764
0.64714
1.3614
0.64714
0.67143
0.62087
0.67764
0.68549
0.66834
0.63826
0.6368
0.65313
0.62087
0.62661
0.63241
0.63241
0.65163
0.66988
0.63826
0.64417
0.63533
0.63826
0.67764
0.67608
0.63096
0.61944
0.65313
0.64714
0.67143
0.66988
0.68707
0.66527
0.62517
0.68391
0.64714
0.63533
0.66222
0.65313
0.63826
0.65464
0.6223
0.69183
0.66988
0.65615
0.65163
0.72946
0.63096
0.63826
0.62661
0.65464
0.60534
0.61802
0.67143
0.61944
0.71945
0.64714
0.66834
0.65615
0.66834
0.64714
0.69823
1.099
1.1324
0.86696
0.81283
0.70958
0.67298
0.88716
0.8147
0.66834
1.5346
0.74645
0.77625
0.7379
0.70469
0.69663
0.65464
0.68707
0.72611
0.72444
0.69502
0.69984
1.8155
1.4125
0.65917
0.7145
0.68549
0.62087
0.73114
0.62517
0.65917
0.6223
0.63241
0.69024
0.66527
0.65766
0.63973
0.6368
0.67764
0.64565
0.65464
0.62661
0.64863
0.63096
0.70632
0.62517
0.63241
0.67608
0.69823
0.71779
0.61235
0.61518
0.66222
0.65013
0.65464
0.66374
0.66681
0.68549
0.67143
0.64863
0.71285
0.66681
0.6223
0.64121
0.65766
0.66527
0.64565
0.65615
0.6368
0.65615
0.62373
0.6792
0.64714
0.66222
0.6368
0.66527
0.62517
0.67143
5.6234
1.0186
0.75683
0.7709
0.91201
1.8197
0.85704
0.87902
5.9979
0.85114
0.85901
2.4434
1.4421
0.98401
0.77268
4.2855
0.80168
0.86099
0.82224
0.88716
0.8147
0.79983
0.69823
0.80724
0.77804
0.74302
0.91833
0.97499
2.2182
0.67764
0.75336
0.85114
2.8119
0.68707
0.65313
0.64565
0.64269
0.66374
0.64565
0.68234
0.63387
0.65013
0.62806
0.65163
0.65464
0.64565
0.64121
0.64714
2.2491
1.5776
2.8379
3.1477
1.8323
1.2274
0.70632
1.0093
0.69024
0.74473
0.96161
1.0304
2.3388
9.9312
15.56
15.311
16.866
0.73961
0.88512
3.8994
1.122
1.2023
1.1246
3.1842
0.65766
0.68865
0.65464
0.61944
0.67764
0.68549
0.66374
0.64863
0.65615
0.69343
0.70307
0.64417
0.62806
0.62806
0.60395
0.62661
0.6223
0.65313
0.65615
0.63533
0.62806
0.62951
0.62517
0.63533
0.63387
0.62951
0.64417
0.6166
0.69183
0.65013
0.63241
0.62087
0.62373
0.63533
0.61235
0.66069
0.63826
0.63096
0.65615
0.66222
0.67608
0.65313
0.67143
0.62373
0.62373
0.63973
0.70632
0.62373
0.65163
0.6792
0.60814
0.63387
0.64863
0.66069
0.65013
0.64714
0.62517
0.61376
0.64121
0.65464
0.62373
0.60534
0.60256
0.64269
0.64565
0.67298
0.67298
0.64863
0.64863
0.63826
0.65917
0.66069
0.62806
0.68707
0.61094
0.66069
0.63096
0.6368
0.63096
0.69343
0.60814
0.64565
0.63096
0.64417
0.66834
0.64863
0.61802
0.62951
0.65163
0.68707
0.62373
0.6368
0.66527
0.65013
0.63973
0.64714
0.62373
0.61376
0.62951
0.59841
0.62951
0.65313
0.61094
0.60534
0.64417
0.68077
0.66222
0.62951
0.64565
0.62373
0.63973
0.66374
0.60534
0.63826
0.65313
0.64863
0.64714
0.62087
0.62806
0.63096
0.62087
0.64863
0.62661
0.61802
0.6223
0.65464
0.65615
0.60814
0.63241
0.64269
0.66222
0.66988
0.63241
0.63387
0.65917
0.66988
0.64714
0.66681
0.64269
0.64121
0.66069
0.68707
1.5453
0.77625
0.71121
0.78524
0.74473
0.89536
0.7709
0.99541
0.89331
2.7227
1.2445
0.93756
0.71285
0.6792
0.68549
0.83176
1.0568
1.2882
0.97724
0.80168
0.92045
1.4289
0.76208
1.2445
0.93756
1.2618
1.2274
1.1194
1.9724
0.64714
0.63826
0.63241
0.65464
0.62661
0.65163
0.60534
0.62087
0.70795
0.70632
0.65163
0.65917
0.62806
0.67608
0.68707
0.61944
0.6792
0.64714
0.75683
0.63241
0.62661
0.62517
0.64565
0.70795
0.63241
0.64863
0.64565
0.67608
0.62373
0.70469
0.65766
0.67143
0.65766
0.67453
0.72778
0.65464
0.65013
0.72444
0.65766
0.62661
0.63826
0.7379
0.65917
0.64863
0.66681
0.69823
0.72111
0.71945
0.68549
0.62661
0.62087
0.64565
0.67143
0.63096
0.877
0.67143
1.4521
0.65766
2.6363
1.5668
0.76208
0.97051
0.81658
0.70469
0.71779
0.74131
0.70307
0.68865
0.70958
0.81658
0.84918
0.65917
1.2677
1.3002
0.8414
0.94406
0.65313
0.71945
0.66069
0.7379
0.64417
0.62806
0.67453
0.63096
0.68391
0.65615
0.63387
0.62661
0.65313
0.68707
0.6223
0.65013
0.90365
0.6223
0.68077
0.63533
0.63973
0.66069
0.67453
0.65917
0.65013
0.68077
0.65615
0.62661
0.62661
0.65615
0.67608
0.66374
0.64121
0.63387
0.64269
0.6792
0.71614
0.64863
0.67608
0.66988
0.65766
0.65013
0.67764
0.65313
0.6792
0.68707
0.63096
0.67764
0.66069
0.66527
0.65163
0.65917
0.69663
0.60954
0.68077
0.65313
0.62951
0.62806
0.64565
0.65766
0.64269
0.66834
0.64269
0.65313
0.68865
0.64863
0.63387
0.65615
0.62661
0.64863
0.6368
0.63826
0.65464
0.62951
0.66988
0.63973
0.62373
0.63973
0.69183
2.0512
0.71779
1.7742
0.77625
0.71285
0.74473
0.66988
0.74473
0.8147
1.4158
1.0139
0.877
1.0023
0.69343
0.61944
0.66527
0.65013
0.6223
0.64863
0.64565
0.64121
0.63826
0.70469
0.67764
0.70146
0.63096
0.6792
0.63826
0.69024
1.1041
0.64565
0.65163
0.61094
0.70795
10.375
0.84528
0.79616
0.83753
0.77983
0.81846
0.86696
4.1783
11.749
9.0157
11.35
14.289
14.488
0.66527
1.8323
3.9719
2.1038
0.62951
0.61235
0.66527
0.66374
0.65464
0.61376
0.66681
0.65313
0.62806
0.63973
0.67764
0.69343
0.67298
0.9528
0.63533
0.65464
0.67143
0.66681
0.68549
4.7315
3.4834
0.68234
0.62806
0.77446
0.74473
1.1858
1.0593
0.66527
0.75683
0.67453
0.64714
0.61094
0.65766
0.74302
0.7145
0.70469
0.62517
0.71121
0.68865
0.64863
0.63826
0.68391
0.65766
0.65464
0.65917
0.63826
0.62806
0.64714
0.63533
0.60674
0.64863
0.65163
0.63533
0.67298
0.64417
0.59156
0.61802
0.64714
0.64863
0.64565
0.67453
0.63387
0.62087
0.66222
0.62517
0.64714
0.64121
0.69502
0.64714
0.6792
0.63826
0.63387
0.69502
0.62951
0.64269
0.64121
0.65163
0.63826
0.66681
0.66222
0.64269
0.66069
0.64565
0.6223
0.62373
0.69183
0.62806
0.66834
0.63973
0.64863
0.62373
0.66069
0.67298
0.63973
0.72111
0.68549
0.65013
0.64863
0.62517
0.66681
0.63533
0.63973
0.66527
0.72444
0.65766
0.69823
0.65464
0.68234
0.65766
0.63387
0.66374
0.63826
0.64269
0.65766
0.65766
0.62517
0.65163
0.68234
0.69024
0.65013
0.68391
0.63241
0.69823
0.67298
0.69502
0.68234
0.70307
0.69024
0.69823
0.73282
0.66834
0.66527
0.9528
0.76208
0.86099
0.76736
1.6293
1.8707
1.0617
0.98175
0.70795
1.9055
1.1169
2.7479
0.6368
0.70795
0.67608
0.65464
0.65163
0.63973
0.66374
0.64714
0.67764
0.60395
0.67608
0.60256
0.6792
0.62661
0.65766
0.66069
0.64863
0.63533
0.70795
0.62951
0.61094
0.69343
0.73114
0.68234
0.66069
0.63096
0.64714
0.67453
0.70146
0.66681
0.70469
0.73451
0.67453
0.7145
1.3002
2.023
0.68707
0.71285
0.78705
0.76208
0.78705
0.82414
0.84918
0.8995
0.74989
0.90782
0.66834
0.82224
0.73621
1.6827
0.69183
0.72277
1.1092
0.91201
0.96828
0.68549
2.9785
0.6792
0.75509
0.68234
0.61944
0.72946
0.64714
0.65766
0.65917
0.70958
0.69663
0.62087
0.68707
0.66069
0.70469
0.64269
0.67764
0.65163
0.62806
0.65917
0.63973
0.62373
0.66527
0.62087
0.69343
0.62661
0.66834
0.60954
0.68707
0.62661
0.67608
0.6368
0.66069
0.68234
0.63096
0.62373
0.70795
0.64121
0.64269
0.64565
0.67608
0.66374
0.65615
0.65464
0.63973
0.65615
0.69823
0.65313
0.63973
0.68077
0.64565
0.64565
0.66527
0.63533
0.64863
0.69343
0.64121
0.65766
0.63826
0.65013
0.65013
0.62517
0.66834
0.65917
0.63387
0.63241
0.64417
0.68865
0.63973
0.65464
0.62373
0.65917
0.63096
0.67298
0.62373
0.67764
0.65013
0.6792
0.66069
0.61376
0.67143
0.70958
0.71121
0.72611
0.64121
0.63533
0.65464
0.71285
0.66527
0.78524
0.71121
0.64714
0.6792
0.68391
0.67298
0.67298
0.62661
0.64269
0.6792
0.65464
0.7145
0.64565
0.69183
0.65464
1.3397
0.62517
1.1967
0.68234
0.66527
0.74989
0.8356
0.82985
0.98401
0.72277
0.82035
1.1194
1.0423
0.95719
0.66681
1.256
1.9999
0.81096
1.0471
2.7353
1.5066
1.8365
1.5453
1.5596
2.0045
0.68549
0.71945
0.68077
3.5318
0.65163
0.65766
0.65013
0.62661
0.64417
0.69663
0.68234
0.68077
0.66222
0.67453
0.62661
0.66527
0.66069
0.65615
0.66681
0.67453
0.64417
0.62087
0.67453
0.63826
0.65163
0.67143
0.65917
0.66069
0.65615
0.63387
0.71121
0.75162
0.65917
0.64269
0.65464
0.64121
0.61944
0.63533
0.70958
0.70469
0.6223
0.60814
0.65917
0.69984
0.68549
0.72277
0.63533
0.67298
0.68707
0.66374
0.69343
0.68234
0.62951
0.71285
0.64121
0.64714
0.68391
0.65163
0.71779
0.66527
0.61802
0.64863
0.62806
0.66834
0.63826
0.64565
0.6792
0.67764
0.68077
0.66834
0.64417
0.63387
0.68077
0.67453
0.70795
0.64565
0.63973
0.65766
0.66527
0.88716
0.7925
0.86298
0.77983
0.71945
0.73451
0.82794
0.67143
0.78886
1.3459
0.78886
2.1429
0.73451
0.91201
0.93541
3.7584
0.67143
0.66834
0.66834
0.68234
0.66222
0.66681
0.66834
0.62373
0.69984
0.67764
0.64417
0.62806
0.63241
0.65766
0.65766
0.65917
0.61802
0.65615
0.66069
0.70469
0.67764
0.61235
0.67764
0.65163
0.63973
0.62373
0.6368
0.61518
0.69984
0.64269
0.69183
0.65766
0.71614
0.68077
0.70469
0.68234
0.72277
0.73961
0.64565
0.67453
0.69024
0.67143
0.65163
0.70958
0.67608
0.69663
0.69024
0.68234
0.62661
0.72946
0.63387
0.62806
0.61376
0.63533
0.64269
0.65163
0.69502
0.65313
0.70307
0.64714
0.81283
1.4997
0.67298
0.69343
0.65313
0.6223
0.65766
0.65615
0.67298
0.65313
0.68391
0.85704
0.69502
0.64565
0.66527
0.65163
0.65163
0.65464
0.64417
0.70307
0.62517
0.66374
0.63096
0.63973
0.71285
0.61944
0.67143
0.63973
0.65917
0.64565
0.62087
0.73621
0.66988
1.6218
0.81658
6.6527
3.8107
0.86298
0.88716
0.73282
0.77983
0.79799
0.70632
0.8995
1.4757
1.0889
0.92897
1.0593
3.5075
0.68077
0.63096
0.65163
0.67453
0.62806
0.6223
6.2661
0.66527
0.62087
0.69343
0.66069
10.965
9.0573
11.143
10
10.209
1.8408
8.147
13.552
14.158
10
0.96383
1.3868
0.90365
0.67453
0.61802
0.64565
0.69183
8.356
15.488
11.588
12.388
10.447
9.4624
10
16.866
0.90573
14.06
7.4302
5.9704
19.275
6.5013
0.67764
8.091
16.032
1.2912
0.65464
0.64121
5.42
9.6383
11.641
10.233
7.4302
0.65766
0.65013
0.67453
0.65013
0.68865
0.7145
0.97275
0.66988
0.6223
0.72611
0.80538
0.85114
0.61518
0.64417
0.63533
0.65917
0.6223
0.75162
0.6223
0.6368
0.63241
0.7145
0.66222
0.63387
0.63533
0.64121
0.61802
0.63533
0.67143
0.64269
0.95499
0.64714
0.66222
0.6223
0.63096
0.65766
1.0162
0.66374
0.66069
0.65917
0.61802
0.63533
0.99312
0.62517
0.63533
0.64269
0.64565
0.65013
1.0069
1.1535
0.60256
0.64863
0.82604
0.6792
0.69024
0.6223
0.64565
0.64269
0.68549
0.76033
0.61094
0.65163
0.6223
0.61802
0.64417
0.61802
0.63387
0.64269
0.64863
0.67764
0.83753
0.73282
0.66527
0.66527
0.67143
0.65464
0.61235
0.62517
0.64269
0.66527
0.63826
0.63387
0.63826
0.65313
0.66681
0.64121
0.65013
0.65163
0.66681
0.67608
0.62806
0.63096
0.66069
0.65615
0.65313
0.68707
0.67453
0.66222
0.96383
0.66681
0.65917
0.63096
0.65766
0.63973
0.68549
0.63826
0.67764
0.68077
0.66681
0.66988
0.64565
0.65163
0.67298
0.61376
0.62517
0.6792
0.93541
0.70469
0.69984
0.79068
0.81096
0.88716
1.0116
0.70307
1.1298
0.68234
0.86099
0.8892
0.69024
0.65163
0.66988
0.69502
0.66527
0.64417
0.67453
0.66834
0.6792
0.64863
0.66374
0.65615
0.66527
0.66681
0.99083
0.87498
1.0375
1.2417
0.90365
1.5417
0.73282
0.70795
0.81283
1.875
0.65615
0.69183
0.63533
0.65615
0.66069
0.64565
0.65766
0.65313
0.72778
0.67143
0.69343
0.63973
0.64417
0.67143
0.70469
0.66988
0.61094
0.72277
0.71614
0.67608
0.62373
0.67764
0.63533
0.66527
0.66834
0.63241
0.74645
0.64269
0.67453
0.67143
0.81658
0.67608
0.66374
0.72611
0.63826
0.66681
0.69183
0.62373
0.65013
0.70958
0.67298
0.69183
0.66834
0.6792
0.68865
0.6223
0.70146
0.70469
0.65766
0.75162
0.83368
1.1803
0.70307
0.66222
0.74473
0.63533
0.71614
1.0814
0.64269
0.71121
1.2162
1.762
0.65615
0.97724
0.6166
0.6223
0.62661
0.67453
0.68234
0.71285
0.60534
0.66527
0.6223
0.69663
0.64565
0.64121
0.70958
0.64417
0.62951
0.66681
0.64417
0.6792
0.65013
0.69502
0.66527
0.76208
0.68549
2.9174
0.67298
0.73282
0.6792
0.67764
0.63096
0.65766
0.66988
0.66527
0.63387
0.82035
0.67608
0.70146
0.66988
0.69024
0.74989
0.70958
0.65917
0.66069
0.6368
0.67764
0.64714
0.69823
0.68865
0.64714
0.71779
0.71285
0.69663
0.6166
0.66069
0.71121
0.62373
0.67453
0.66222
0.65615
0.69343
0.62661
0.69823
0.62661
0.65163
0.71285
0.6792
0.69183
0.65313
0.68234
0.67298
0.68549
0.64269
0.65766
0.70307
0.66222
0.70469
0.78705
0.71285
0.73282
0.70146
0.68391
0.7145
0.71945
0.66222
1.1749
0.62373
0.64121
0.66527
0.65313
0.68707
0.67298
0.67608
0.71285
0.63241
0.67764
0.64714
0.65464
0.68707
0.65013
0.65013
1.1169
0.70469
1.556
0.6792
0.84723
0.78886
1.3335
0.72111
1.5668
0.65615
0.65615
0.71121
1.7022
0.69984
0.98855
0.71121
0.69343
0.68549
0.66834
0.70146
0.61802
0.64565
0.66527
0.70146
0.70307
3.9902
1.6672
0.66681
0.65615
0.70307
0.66834
0.65464
0.69024
0.70146
0.60814
0.67453
0.62517
0.65163
0.70958
0.65313
0.66681
0.66988
0.69502
0.61518
0.69183
0.69502
0.63241
0.65917
0.69343
0.66374
0.67453
0.73282
0.66834
0.70146
0.65766
0.70146
0.69502
0.62951
0.66834
0.70146
0.68234
0.68549
0.68707
0.71121
0.68707
0.71285
0.71121
0.61094
0.67298
0.64863
0.6223
0.65013
0.62517
0.7145
0.64417
0.64269
0.64565
0.65917
0.64121
0.68391
0.69343
0.60814
0.69502
0.64565
0.66069
0.66069
0.63973
0.72611
0.63387
0.69343
0.69663
0.62661
0.63387
0.66069
0.63973
0.72111
0.65615
0.66681
0.66988
0.67608
0.61376
0.68707
0.66988
0.61376
0.68865
0.66527
0.67608
0.68549
0.65313
0.63826
0.66988
0.65615
0.70146
0.61802
0.72111
0.63533
0.66834
0.65615
0.70795
0.6792
0.65766
0.67298
0.69984
0.64714
0.66988
0.65917
0.67298
0.6166
0.64417
0.62661
0.65163
0.66988
0.66681
0.62517
0.61802
0.6792
0.64863
0.64417
0.65917
0.68077
0.66681
0.64269
0.63241
0.6368
0.68865
0.62517
0.64565
0.62951
0.69343
0.63096
0.59841
0.64863
0.63387
0.63533
0.67453
0.64121
0.66069
0.67298
0.64121
0.91201
1.0666
1.8535
2.2542
0.72444
0.82414
0.76033
0.78524
1.1561
0.81096
1.0641
1.0839
1.5885
0.73282
0.76208
1.3868
4.592
9.5719
7.9068
10.691
5.5208
4.9659
0.78163
1.5812
0.68077
11.143
1.2677
1.052
1.094
1.3772
1.3459
1.977
4.9545
0.73961
0.81096
0.75683
1.8923
2.2909
0.78163
0.75683
0.66222
0.65313
2.4831
0.66222
0.65766
0.71285
0.64714
0.63533
0.65615
0.64714
0.62661
0.65163
0.65766
2.4155
0.68391
0.63096
0.70632
0.63387
0.62517
0.62373
0.68549
0.66374
0.70146
0.63973
0.63826
0.65464
0.66374
0.70632
0.66222
0.68865
0.62087
0.65615
0.68707
0.75858
4.3652
5.42
0.65464
6.0395
15.205
10.116
10.471
0.67608
0.71779
0.67298
6.9183
1.6788
11.561
2.884
0.67298
1.1117
2.4717
8.9536
13.74
8.5114
9.6828
5.8479
0.64863
1.4928
0.63973
18.88
11.803
10.814
5.728
9.7051
8.0353
0.65163
0.61376
0.6368
0.63096
0.62087
1.9861
1.4256
0.67298
4.8865
2.1627
0.70469
0.74302
0.66222
0.65013
0.69183
0.65615
1.2218
0.8531
1.2618
1.1402
0.98401
0.83368
0.69343
0.65163
0.69343
0.72611
0.64863
0.66222
0.79799
0.72778
0.6368
0.89536
0.73282
0.7379
0.62087
1.5524
6.5163
0.69663
2.2284
7.9799
0.70958
9.9541
18.281
6.1518
3.8637
3.5645
0.69024
0.66222
0.61235
6.4714
0.66069
0.66834
0.68391
0.64269
0.66527
0.61094
0.70307
0.66834
3.2285
0.65917
0.65013
6.3096
11.641
30.832
15.56
4.0738
0.69663
0.7709
0.79433
0.73282
1.6943
5.3333
1.8578
2.3014
5.5335
0.62661
0.66222
0.62806
0.6166
0.62661
0.65163
0.67298
1.8836
0.65163
1.39
0.63826
0.6792
0.65464
0.67608
0.65464
0.6368
0.63096
2.6607
0.87297
0.66069
0.99312
1.1803
3.4674
5.1404
0.68707
4.2462
0.67298
0.62661
0.63973
0.65615
0.65766
0.69502
1.1967
6.0954
1.7906
6.6527
0.69024
0.66834
1.6181
0.63241
0.6368
0.65163
0.66374
0.67298
9.8401
14.997
14.723
0.7656
1.3092
0.64714
0.96605
0.62951
0.60674
0.60814
0.62951
2.3605
1.5031
2.9717
1.0328
0.91201
0.87498
0.8531
0.75336
0.93541
0.72778
0.70307
0.96161
2.133
1.2303
1.6032
0.95499
1.028
1.0471
0.98628
1.0351
1.0495
0.96383
1.0328
1.2303
1.2162
1.0814
0.90157
0.97724
1.3552
3.7584
1.1803
0.6223
0.68391
0.65464
0.67143
3.8548
3.3884
6.3387
15.417
0.87902
2.5351
0.68077
0.68391
7.9433
23.659
11.455
11.066
13.366
5.9293
1.5136
0.69024
0.74817
4.6559
3.5318
0.66374
0.66527
0.7709
0.77625
0.72444
0.63533
0.63096
0.64269
0.70795
1.0093
3.1696
0.63387
2.5823
0.63826
0.62951
0.69984
4.8195
6.2806
4.1687
1.0423
2.9174
1.2647
0.8147
3.6224
0.67764
0.74989
0.70795
2.4946
0.70469
0.70307
0.71285
0.65464
0.68234
0.66527
0.67764
0.65917
0.73451
0.64863
0.65464
0.6166
0.62087
0.68707
0.70146
0.67298
4.3752
0.7145
0.66834
0.66681
9.4406
11.561
16.982
23.121
22.233
9.4189
8.7498
6.8865
5.0582
5.0699
0.74131
0.72778
1.1429
12.882
2.3988
0.71121
0.65464
3.5237
8.2035
14.289
9.5499
4.7643
0.73282
0.75509
5.7016
6.7608
2.6546
7.6384
3.3574
1.256
0.71779
0.70469
7.1945
8.6099
10.94
9.4189
7.1285
7.0469
11.22
14.859
7.0469
0.71945
0.69502
0.72778
0.7709
0.67298
0.82794
0.7145
0.72111
3.062
10.304
7.7804
11.324
15.453
0.64121
0.70469
0.63241
0.71285
0.64714
1.1967
5.2723
6.0117
0.89743
1.7701
1.5136
1.8365
12.853
13.709
10.593
19.055
11.117
9.6605
5.8614
14.791
13.459
0.7656
0.72444
0.71121
1.2023
0.68391
0.75683
1.3092
11.22
2.0324
0.67143
3.2063
11.092
0.69984
0.81846
1.0375
4.8417
3.0903
0.65313
0.68234
0.59566
0.66069
0.68549
0.60954
0.67298
0.67608
0.70307
0.68707
0.70632
0.67608
8.5704
2.1577
3.0409
0.7145
0.66222
0.63973
0.77983
6.0395
10.046
17.14
9.7724
13.996
12.56
11.455
10.914
7.656
1.1402
0.81846
1.5959
0.61235
14.158
2.6002
4.9659
1.7579
1.1858
1.7418
0.64863
0.64121
0.76384
3.2137
13.062
9.9312
14.894
11.967
10.304
10.423
6.0814
9.977
12.794
11.143
7.7625
8.414
7.709
5.1051
15.524
10.328
8.091
7.7446
0.76736
1.1455
21.727
2.9242
4.14
8.9743
7.9983
8.6298
13.305
15.596
20.464
14.555
1.1246
5.3827
0.61944
11.015
1.349
1.1695
3.4119
8.356
13.183
2.3823
10.568
11.561
10.965
13.964
15.453
12.303
20.559
9.506
8.2985
6.5917
0.71121
0.74645
0.79433
2.1232
7.2778
0.7379
0.8147
0.71614
0.67453
0.69823
0.67298
0.69502
0.76384
0.70146
1.3583
5.2
6.223
9.3111
1.8967
6.2373
16.943
0.77268
0.67453
10.593
23.55
12.503
9.594
9.594
10.069
8.2414
9.3325
0.63826
0.69024
0.70632
0.65013
0.81096
0.73621
1.6293
1.9724
1.6866
0.89331
4.9204
8.5901
0.8995
0.66374
0.78163
0.64565
0.70958
3.1189
5.0003
3.5645
5.035
0.76208
2.6669
0.72444
3.5075
0.92045
2.023
0.66374
0.80353
10.52
8.4528
18.155
7.8886
13.305
5.8345
10.789
9.0573
14.289
11.803
11.455
10.023
0.71614
9.0157
3.8905
0.73621
2.2751
8.892
1.1272
0.85704
1.8836
0.90991
0.72111
0.75683
0.74989
1.9724
1.1803
2.6363
1.7061
1.0209
1.5205
3.4514
1.4093
1.0116
0.84333
0.74131
1.1298
0.8995
0.94842
3.5645
8.5114
0.99541
9.4842
2.7669
2.2131
4.1783
0.8995
1.1015
7.145
1.0233
1.1535
1.1455
1.122
1.135
2.8973
1.4757
19.275
27.29
22.182
17.1
9.3325
12.05
16.331
17.62
16.293
1.5241
0.82224
0.70632
0.75336
0.64417
0.65163
0.6792
0.79068
0.67608
0.69502
0.66527
0.68391
0.72444
0.71285
1.5996
1.1117
0.88308
0.65313
0.68234
0.69984
0.63973
1.2134
1.2503
0.70307
0.67608
0.65013
0.70146
1.1015
4.3954
10.814
3.9264
1.0139
4.5499
6.1235
9.0782
0.71285
0.65163
0.73451
0.67143
0.68234
2.541
0.85901
0.73451
10.328
1.0889
8.5704
3.3651
4.8084
7.7983
15.812
11.402
1.0423
0.66834
0.73961
1.0046
2.7925
10.186
0.75162
5.6624
5.236
3.2961
11.429
13.772
16.788
12.474
8.0724
8.6099
9.0365
9.1833
13.032
6.4714
2.9309
6.1944
2.4547
1.1641
4.6238
8.6896
1.4655
6.8391
0.90365
3.4041
1.219
0.77268
0.64565
0.73621
0.6792
0.79983
0.76384
0.71285
9.2257
1.3964
1.9815
4.7643
0.64863
0.65464
0.71285
0.76736
2.2856
10.328
5.2
0.7379
9.0157
3.6058
1.052
6.4121
8.7297
8.0353
13.709
5.9704
1.2589
0.68391
0.64417
0.6368
0.70795
0.68549
0.71614
0.70146
1.6444
0.71121
0.75858
0.74131
0.68234
4.1305
0.68549
0.71121
0.69183
0.73451
0.69663
0.71614
0.72946
1.5885
1.3002
0.8414
0.74645
0.68077
0.67453
8.5507
0.73282
0.76913
0.65766
0.67764
0.71779
0.70307
0.69823
0.71779
0.6792
0.68077
0.74989
0.76033
1.6144
3.3729
0.83753
0.68077
0.80353
0.76736
0.71285
1.9634
4.4361
0.83753
0.8356
1.094
1.0139
1.7701
4.5499
0.87297
0.79616
0.8414
0.78163
0.92683
2.4378
2.7606
1.8365
1.7742
1.6904
6.9984
0.9247
0.97275
0.76913
0.70795
0.91411
0.8414
0.73961
0.95499
0.77804
0.80538
0.76736
0.89331
14.928
7.1121
15.205
8.9125
3.8019
1.3397
2.2594
6.1376
2.3605
1.1143
1.4859
1.8239
10.399
3.1189
2.5119
0.91622
0.9528
1.0568
0.8531
1.1749
1.9011
3.8815
0.81283
0.8995
0.90782
1.0162
2.0512
0.95719
