2.9174
1.0162
0.76913
0.77268
2.1577
1.4962
1.5136
2.2594
1.6368
2.1878
2.3388
2.958
2.7925
2.1478
2.541
2.1038
1.9409
2.6182
3.9811
2.8379
6.0674
2.3227
3.9264
3.281
2.8973
2.5235
2.8774
2.4717
2.851
2.7102
2.0559
3.9084
2.4491
2.3067
4.0832
2.8184
2.7416
3.6559
2.5882
3.8459
3.7154
2.7479
4.1783
3.7068
4.1687
3.8637
4.6559
2.6546
5.1642
3.2961
2.6182
2.037
2.2646
2.1528
2.8774
2.7542
5.7016
2.5468
2.5942
2.6062
2.3823
3.5318
2.3281
2.6062
5.358
10.814
2.2961
2.4099
7.7268
12.794
14.655
3.2359
2.9785
1.9143
1.9099
1.9543
1.2823
1.6218
14.655
13.74
8.414
5.7412
6.6069
1.5171
1.5812
13.804
10.691
9.7499
4.9317
1.406
1.2706
1.1041
1.1066
1.2764
1.5101
1.5668
1.4555
1.7498
1.3521
1.6444
1.3397
1.8113
1.8793
6.9823
14.158
15.101
12.677
7.5509
2.9444
1.7418
1.2474
3.6728
1.3804
1.39
3.0409
1.4555
1.2303
3.9719
10.399
11.535
1.4689
2.0324
2.0701
5.6754
1.3002
1.5631
2.673
1.1749
1.3092
1.2445
1.4355
1.5241
6.4417
11.092
9.9083
10.116
3.1696
1.256
1.0093
0.95499
10.423
8.8716
8.4528
0.98855
0.99312
1.1912
1.4962
0.87902
1.9498
1.0093
0.85507
0.80724
0.76208
5.0234
0.88512
0.70632
1.1092
0.81846
1.1535
0.9977
1.1066
1.1668
1.0617
1.122
1.2853
0.95499
1.6144
1.4962
1.4521
7.2277
13.996
12.19
13.459
11.041
0.89536
11.668
1.9907
1.2078
2.6242
2.4099
1.3274
1.2331
7.3114
17.418
12.134
9.1622
1.5812
0.79616
0.7145
1.0351
0.69502
0.66222
1.1015
1.2503
1.0375
1.0495
1.1967
2.138
4.3351
1.0399
1.0568
1.2417
1.0209
1.3092
1.205
1.4125
1.2618
0.9594
0.8414
1.3243
1.977
0.75336
1.4322
9.528
1.1885
1.6255
0.74989
0.65615
0.69502
1.8535
0.70958
0.68077
0.79433
0.74817
1.5524
2.6792
10.495
1.0233
1.2359
1.1995
1.5596
0.71779
0.6792
0.81658
2.355
0.68707
0.66988
0.70146
0.71121
0.83368
1.2764
2.0417
0.79068
0.82794
0.95719
4.4978
14.256
1.0715
7.2444
4.5082
3.155
0.68707
0.97499
0.70795
0.71121
0.67608
0.68234
0.67608
8.5901
13.49
13.062
13.521
13.646
14.588
1.1015
4.8306
5.0699
2.4322
2.037
1.1246
10.069
12.618
8.3368
0.66681
0.65313
0.6368
1.8408
0.67608
0.69823
1.6331
1.1749
0.90365
1.0864
0.877
1.6904
0.70307
0.65766
0.70307
1.0423
0.94842
0.85901
0.74989
0.73114
0.97051
0.78705
0.9977
0.63826
0.69343
0.68391
1.0914
6.5917
0.66681
0.65917
0.65917
0.63973
0.67453
2.8119
0.82794
0.77446
1.2764
1.0617
0.9528
1.1298
1.3428
1.4223
0.67143
0.66988
0.69502
0.71614
0.7145
0.78705
6.4269
0.90991
0.96828
1.2823
1.4256
1.0715
1.2942
1.5922
1.0116
0.84918
3.1046
1.888
0.85901
1.6293
1.7498
0.70795
0.69343
0.71614
1.2218
0.74473
1.3213
8.147
12.388
18.578
10.471
0.88105
0.97949
0.877
1.1749
0.97949
1.6982
0.90782
1.0814
2.2542
1.0328
1.2735
0.74817
1.052
1.9055
0.66374
0.68391
5.4702
7.9068
2.8576
6.792
0.71779
0.70307
0.70795
0.72277
0.68234
0.72277
0.81846
0.76736
0.75858
0.73961
0.79068
0.80353
3.0549
0.66222
1.4125
1.6943
0.65766
0.68865
0.70632
0.8356
0.73621
0.67764
0.66681
0.73621
0.66222
0.65615
1.71
0.71779
1.2942
0.64863
0.69343
0.66527
0.90782
0.68707
0.69343
0.69343
0.69343
0.65615
0.64269
0.69663
0.73961
0.68391
0.66527
0.88308
1.1535
2.4266
1.2912
1.2106
0.75858
1.3804
0.65313
0.68549
0.6792
0.70469
0.70469
0.6792
0.65766
0.6792
0.68391
0.66527
0.65464
0.68391
0.67764
0.66988
0.69024
0.68234
0.80538
0.73961
0.69343
0.67764
1.7338
1.2794
1.1376
0.69183
0.74473
0.72946
0.67143
0.68707
1.8707
0.77804
0.90991
0.70632
0.70469
0.67298
0.68391
0.6792
0.64269
0.69984
0.6792
0.73114
0.69183
0.67608
0.71614
1.7783
2.0277
0.8356
0.79068
0.92683
1.2972
1.2531
1.0715
1.2106
0.99541
0.6792
0.96383
0.9506
0.99312
1.5382
0.69984
0.67298
1.3932
1.094
0.69024
0.75336
0.86696
0.70469
0.8414
0.83368
1.0162
0.7709
0.67298
1.8707
2.3768
0.69183
0.67608
0.68234
0.65464
0.70795
0.66834
0.64565
0.71945
0.71285
1.1092
0.66988
0.72111
0.69183
0.68707
1.5101
1.3614
1.5417
2.958
1.6596
2.3605
1.5812
1.8967
1.5136
1.2417
0.72277
0.67608
0.7145
0.65766
0.66374
0.66988
0.68234
0.69663
0.71285
0.66681
1.1995
0.68077
1.1995
0.65766
0.69984
0.6792
0.68234
0.68549
0.71779
0.69984
1.8621
1.8923
0.91201
0.87096
0.75858
0.69502
0.70307
0.74645
0.71614
1.0839
5.0582
0.8356
0.77983
0.76736
0.79616
0.74645
0.78705
5.1523
0.73114
1.0046
2.6424
0.66069
0.69183
0.93325
0.69823
0.72277
4.1879
2.7227
0.90782
0.69343
0.69024
0.69024
0.83753
0.66527
0.70632
0.68391
0.74817
4.1687
0.67608
0.69984
0.69823
0.92257
0.68077
0.68707
0.77983
0.69984
0.70632
0.86099
0.88512
0.68865
0.67143
0.68234
0.65464
0.66681
1.1194
4.5186
0.85507
0.77268
0.91411
0.91411
0.86696
0.73451
1.4191
0.65464
0.67608
0.66527
0.65917
0.63387
1.1588
0.78524
0.66834
0.69183
0.68391
0.69024
0.93972
0.66681
0.64417
0.69823
0.65766
0.65163
0.66374
0.75162
0.69024
0.66681
0.65766
0.68865
0.68707
0.64565
0.66222
0.65313
0.68391
0.67453
0.68234
0.64714
0.74645
0.69823
0.74645
1.2162
3.6813
2.3442
0.6792
0.65917
0.75683
0.67143
0.71121
0.67764
0.71121
0.72277
0.69502
0.84723
1.7219
0.68234
0.69823
0.70146
0.66681
0.7145
0.67143
0.67298
0.64565
0.68391
0.65163
0.71779
0.74817
0.67764
0.7145
0.67143
0.72277
0.72444
0.6792
1.0093
0.68707
0.69823
0.80353
0.81096
0.77446
0.81283
1.0447
1.3646
1.3583
1.1246
1.5776
0.69024
0.85901
1.5171
0.68077
0.86696
0.65766
0.71945
0.85704
1.2078
0.90157
1.1455
1.8535
1.135
1.4588
2.3714
2.8907
0.70469
0.69024
0.74473
0.69984
0.68707
0.69024
1.4962
2.0464
0.68391
0.70958
0.68865
0.66222
0.71779
0.6792
0.70146
0.65615
0.67608
1.8664
0.99541
2.6002
0.71614
0.66222
0.68707
0.73451
0.68707
0.70632
0.69823
2.5942
9.7275
3.1046
1.1776
5.3456
13.183
11.482
1.0889
0.67764
5.9429
10.94
11.246
10.28
1.2853
2.6915
2.1478
5.7677
1.7498
0.80168
1.094
1.2912
1.074
1.3646
0.70632
0.68391
0.69984
0.69502
1.1535
2.2856
0.69823
0.71121
0.73114
0.7656
3.5156
1.0139
3.2137
0.72111
9.6161
8.5704
12.764
8.9331
0.72111
0.66834
0.69024
0.69343
0.71614
1.1376
7.9433
8.5114
1.4859
3.7154
0.86099
0.9594
1.0399
1.1858
1.1117
1.7458
1.1246
1.2972
1.2218
0.88512
1.0375
1.2618
1.0641
1.2531
1.6596
1.2274
0.80724
1.3646
0.72946
0.99541
1.2218
2.7733
2.0277
1.4488
0.99312
0.88716
0.79799
1.205
1.5205
0.97499
0.93325
1.7579
2.8774
0.66988
0.91201
0.70795
0.67453
0.71779
0.64714
0.67143
0.64565
0.66834
0.65163
0.66527
0.71121
0.77983
0.78705
0.74989
0.75336
0.72946
0.6368
0.65163
0.64121
0.65313
0.66834
0.68707
0.69343
0.66374
0.66222
1.0304
0.89125
0.64714
0.66069
0.6792
1.2706
0.63533
0.63826
0.66988
0.92683
1.122
0.66988
0.69024
0.63241
1.0593
0.83176
1.7258
0.67143
0.6368
0.70795
0.83753
0.65313
1.4825
0.81658
0.72946
0.7656
1.0691
1.205
1.194
0.94842
1.1803
0.72111
0.70795
0.69823
0.67764
0.69823
0.67143
0.72111
1.0139
0.71121
1.1246
0.76208
0.65464
0.71945
0.65013
0.68549
0.68077
0.69183
0.67608
0.66222
0.73282
1.3709
0.98628
0.70632
0.67298
0.6792
1.052
0.90365
0.68865
1.1015
0.69502
0.73621
0.64714
0.66069
0.65766
0.66069
0.65766
0.65163
0.65766
0.66988
0.9247
0.66374
0.73961
0.68707
0.66069
0.70632
0.65464
0.68234
0.67453
1.2274
0.64269
0.71285
0.72111
0.83753
0.66222
0.70632
0.65766
0.68549
0.70469
0.74989
0.68865
0.7709
0.93325
0.98401
1.3305
1.5776
3.54
0.91622
0.65917
0.65464
1.2823
0.65013
0.68707
0.67764
1.2972
1.8493
0.68865
0.66222
0.65464
0.66988
0.68234
0.69663
0.63533
0.70469
0.69343
0.75858
0.67143
0.65464
0.66069
0.70146
1.6331
1.4928
2.0893
1.0093
0.76913
1.0116
1.0914
1.5596
0.68234
0.67764
0.69984
0.70632
0.93541
0.90991
1.028
0.71779
0.70469
2.1528
1.5205
1.1508
0.93541
0.83946
1.122
1.0889
0.96383
1.3552
1.9231
0.76913
0.94842
1.3152
2.8184
1.122
7.0795
3.0549
0.84918
0.90365
1.0889
5.8479
0.97724
0.82414
1.3932
1.074
0.97499
1.2503
1.1535
0.62806
0.65766
0.69502
0.65766
0.65313
0.65917
0.71945
0.67764
0.66988
0.66069
0.68234
0.68707
0.68234
0.69183
0.70958
0.83946
0.70146
0.70632
0.69183
0.72277
0.67298
0.72946
0.68549
0.7709
0.72111
0.68865
0.69823
0.65464
0.74645
0.70469
0.68234
1.0375
1.135
1.1015
1.3213
1.2218
1.0666
0.84918
0.69343
0.63387
0.69823
0.68549
0.76913
0.74473
0.83176
0.72277
1.1668
1.4355
2.0797
0.79616
0.75162
0.73114
0.70632
1.2303
0.7709
0.82794
0.69823
0.69183
0.70307
0.72444
0.64714
0.74131
0.69502
0.69823
0.69024
0.7145
0.72946
0.69984
0.67608
0.70146
0.69502
0.65615
0.69984
0.72444
0.66988
0.72946
0.76384
0.75162
0.71779
0.79799
0.78705
0.73114
0.77625
0.73961
0.72778
0.75858
1.0617
1.4388
2.1979
0.68391
0.66222
0.65615
0.68077
0.80353
0.68234
0.71614
0.70146
0.67298
0.71121
0.69823
0.66527
0.67453
0.71285
0.66834
1.6866
1.0423
0.70307
0.72611
0.67764
0.64269
0.65313
0.75162
0.65163
0.69823
0.68707
0.69502
0.71945
0.67764
0.66527
0.93972
0.69823
0.70795
0.66988
0.64269
2.023
1.1858
1.6866
1.6943
0.6792
0.73621
0.70307
0.92683
1.2942
1.4689
0.67608
0.7145
1.0471
0.67764
0.7379
0.72778
0.69823
0.66069
0.68234
0.64863
0.72277
0.72946
0.66834
0.82985
1.574
0.84528
1.2677
1.4622
1.8621
0.87902
2.9512
3.8371
0.66988
0.71121
0.70958
0.70307
0.86696
0.76208
0.70958
0.73621
0.70795
0.66681
0.70146
7.656
5.2481
8.8105
7.925
1.1429
0.94406
1.39
4.7424
1.0046
0.65163
0.6368
0.63826
0.67764
0.65464
0.65766
1.5311
0.67608
2.4774
10.691
0.67453
0.65163
0.69502
0.69663
0.65917
6.0954
10.375
1.6255
0.69024
0.68391
0.66988
0.68077
0.73621
0.69984
0.69502
0.68234
0.65313
0.72111
0.66527
0.70795
0.66834
0.68391
0.69984
0.74645
0.68391
0.68234
1.71
1.194
0.96605
0.91622
0.69024
1.3305
0.68077
0.70632
4.7863
9.2257
7.656
4.121
2.8445
0.67764
0.65615
0.67143
0.66681
0.64417
6.2806
9.9312
9.0991
1.0617
1.052
0.877
1.6866
0.99541
2.5942
0.81658
0.84723
1.0116
0.90365
0.72444
0.67764
1.3459
0.77625
1.7219
1.2078
2.0559
2.1528
0.65313
0.68549
0.67298
0.68077
0.73961
0.69502
0.66681
0.72111
0.69024
0.71614
0.65464
0.68549
0.73114
0.69663
0.66527
0.66527
0.64714
0.63533
0.70632
0.71121
0.67608
0.69343
0.71121
0.64565
0.68234
0.67143
0.70958
0.73114
0.76384
0.74817
0.68234
0.73451
0.7379
0.71121
0.75509
0.72277
1.1885
0.8995
2.1878
0.65766
0.71945
0.69502
0.66988
0.88512
0.86298
1.1668
2.2961
1.4355
2.0137
0.68707
0.65766
6.8707
1.7258
0.65163
0.69984
0.66374
0.66069
0.67298
0.80353
0.66834
0.64714
0.66069
2.8314
0.63973
0.65313
0.66069
0.6368
0.65766
0.69024
0.63533
0.62951
0.62373
0.6792
0.71779
0.63096
0.63387
0.66834
0.70146
0.64863
0.7379
0.6792
0.64714
0.65766
0.72444
8.6099
12.445
2.2491
2.421
2.208
2.2803
0.66222
0.71285
0.75683
0.84918
0.66834
0.72111
1.6943
2.5882
9.1622
10.715
10.814
13.836
8.892
11.967
12.359
16.788
17.022
9.506
1.1858
1.5488
3.2434
0.67608
0.68077
10.965
6.8549
10.889
3.5481
0.77625
0.84723
1.2331
1.1376
2.1184
0.98401
1.1885
1.8113
0.65615
0.69024
0.88512
1.2706
1.6255
0.72611
0.66681
0.8414
0.7709
0.72946
0.84333
1.0544
1.2647
2.9785
1.4093
0.72277
0.67764
0.7145
0.71614
0.72277
0.72111
3.4119
0.70307
2.355
1.6331
5.035
0.68707
0.68707
0.67298
0.75858
0.70146
0.65464
0.73621
0.70469
0.6792
0.75162
0.6792
0.66834
0.67764
0.67764
0.69823
0.73114
0.73114
0.70795
0.69502
0.64565
0.73282
0.69024
0.7925
0.73621
0.67143
0.63387
0.72277
0.70795
0.66988
0.69663
0.69823
0.67298
0.64565
0.64417
0.66069
0.65766
0.66681
0.66069
0.65013
0.67298
0.66374
0.64269
0.73114
0.65917
0.65464
0.68234
0.69024
0.65917
0.66988
0.70632
0.68391
0.67298
0.66988
0.66834
0.69663
1.5812
0.67453
0.72444
0.75509
0.73961
0.73621
0.90365
0.68865
0.70958
0.66069
0.7145
0.71121
0.72946
0.67298
0.70146
0.89331
0.93111
0.66069
0.70307
0.64863
0.71285
0.80538
0.67143
0.74131
0.71614
0.8995
0.65917
0.64565
0.67764
0.67608
0.69823
0.68865
0.65615
0.61944
0.71779
0.67453
0.68234
1.4191
1.2134
3.5237
1.1695
0.70632
0.69663
0.6792
0.81658
0.74817
0.70307
0.66834
0.77983
0.69183
0.66834
0.72444
0.68865
0.69343
0.74989
0.71614
0.64863
1.2078
0.91833
0.71614
1.4488
1.2972
1.4093
0.77625
0.73451
0.77983
0.83368
0.67298
0.68865
0.7656
0.70795
0.9247
1.1561
1.1272
1.1066
1.8621
1.2078
0.83753
1.5276
1.2706
0.7709
0.85901
0.8356
0.79983
1.0864
3.4674
0.69502
1.2647
3.02
1.8664
0.66527
0.65013
0.64417
0.98855
1.3092
1
1.4223
1.2942
2.2803
1.3772
3.4277
1.0447
0.67298
0.77804
1.766
0.66374
0.6792
0.66069
0.64417
0.63096
0.63387
0.66374
0.61518
0.66681
2.5763
1.1641
1.3243
2.0845
1.6866
6.4863
7.656
13.964
12.56
12.218
12.134
12.359
14.894
13.772
16.069
6.8707
2.9512
1.4223
3.6728
1.2735
0.85901
7.8524
6.4121
0.8356
1.9187
2.0989
0.78886
1.0666
4.9317
1.1066
0.83753
0.94842
0.74302
0.86099
0.75683
0.70146
0.65464
1.7701
1.2794
0.71285
0.68077
1.8535
1.574
1
1.7865
0.65313
0.66988
0.90573
0.83368
1.0209
4.1495
2.6546
0.67608
0.6792
0.72778
0.69984
0.68549
0.69343
0.68077
0.7145
0.68707
0.65313
0.68865
0.68707
0.69183
0.73451
0.66681
0.64863
0.6792
0.66834
0.69183
0.66069
0.67608
0.69663
0.7145
0.70632
0.64863
0.67453
0.72277
0.65766
0.71285
0.70146
0.70469
0.79068
0.71121
0.68234
0.77804
0.73282
0.66069
0.73114
0.67764
0.83368
0.90573
1.0593
0.79799
0.82414
0.65013
0.69183
1.0789
1.2531
0.7379
1.2474
0.82224
0.74989
0.8531
1.1143
1
1.0568
1.1455
1.0069
1.0568
0.95719
0.78343
0.68865
0.70632
0.9528
0.73451
0.68234
0.66681
0.64714
0.71614
0.66374
0.68234
0.68865
0.67608
0.72111
0.92683
1.1041
0.6792
0.69024
0.68549
0.67764
0.70469
0.70307
0.70632
1.2531
2.6669
2.1135
0.98401
2.4099
1.4256
0.66069
0.65313
0.70307
1.3583
0.69502
0.68077
0.68865
0.67764
0.64863
0.66069
0.65766
0.66374
0.70632
0.67298
0.7925
0.67453
0.79068
0.77625
0.72778
0.75509
0.9594
1.1695
1.4791
1.6904
0.66834
1.1169
1.0351
1.0209
2.541
0.69502
0.62951
0.62661
0.66222
0.66069
0.65464
0.68234
0.68077
0.76033
0.64417
0.67298
0.65615
0.66069
0.65766
0.66527
0.64863
0.67143
0.66527
0.6223
0.67143
1.1482
1.0093
0.85901
0.91411
1.2618
1.0617
1.0568
2.4774
1.7865
1.1376
1.0046
1.0116
1.1272
1.6749
1.3772
1.1376
0.69343
0.68707
0.7145
0.71945
0.7709
0.68234
0.72111
0.71285
0.69343
0.71121
0.68865
0.8091
0.70632
0.70795
0.70146
0.70795
0.72778
0.68707
0.78163
0.70632
0.68549
0.72444
0.66988
0.68234
0.67298
0.7145
0.72277
0.91201
0.74473
0.69663
0.72277
0.70307
0.72277
0.73621
0.70307
0.66988
0.67298
4.5186
0.73621
0.67143
0.74131
0.78705
0.81096
1.3709
1.194
0.6792
0.6792
0.71945
0.72111
0.66988
0.68391
0.69024
0.64121
1.5849
0.68234
0.73451
0.71285
0.66681
0.72111
0.70958
0.71614
0.68549
0.70795
0.70795
0.68707
0.68707
0.6792
0.71285
0.64714
0.75336
0.69502
0.66374
0.67608
0.67453
0.67453
0.70469
0.62806
0.65917
0.66834
0.66069
0.68707
0.62517
0.62951
0.6792
0.68391
0.65313
0.68549
0.71779
0.70958
0.66988
0.75858
0.72778
0.69024
0.67764
0.68865
0.67143
0.69183
0.69183
0.66834
0.67143
0.71285
0.66681
0.66988
0.68077
0.72946
0.72778
0.66069
0.68391
0.69183
0.70146
0.63096
0.66527
0.69823
0.65917
0.68234
0.67764
0.76208
1.1561
2.0797
1.6788
0.7379
0.66834
0.66834
0.66069
0.64714
0.6792
0.66527
0.68549
1.0116
0.62517
0.66069
0.64863
0.69823
0.67764
0.67143
0.66374
0.71285
0.72778
0.69502
0.68391
0.74302
0.70307
0.75336
0.72778
0.7145
0.74473
0.68549
0.73451
0.67453
0.71121
0.67764
0.70958
0.69823
0.70469
0.71779
0.64565
0.75858
0.69823
0.70146
0.66374
0.69343
0.68077
0.68077
0.68391
0.65917
0.67764
0.69823
0.66374
0.67764
0.69343
0.71614
0.70146
0.65163
0.67298
0.69024
0.69183
0.66834
0.66374
0.65464
0.65917
0.64714
0.75162
0.65766
0.65313
0.74131
0.96161
1.8493
1.9364
0.65464
0.64121
0.70958
0.66988
0.68234
0.66222
0.67453
0.69183
0.66834
0.7145
0.79068
0.66834
0.65615
0.67764
0.65917
0.67453
0.66988
0.69343
0.69823
0.67298
0.65313
0.71121
0.67453
0.69024
0.66834
0.68549
0.67453
0.64863
0.67764
0.69663
0.69663
0.64269
0.68865
0.69183
0.70146
0.67298
0.65766
0.63826
0.69823
0.68391
0.66069
0.63826
0.65464
0.65464
0.67764
0.69183
0.63387
0.74645
0.70469
0.68077
0.66681
0.68865
0.65313
0.65766
0.68391
0.71285
0.70632
0.69663
0.68865
0.79983
0.71779
0.68707
0.66988
0.69984
0.70632
0.73621
0.70958
0.70307
0.69663
0.65615
0.67764
0.66222
0.67608
0.69823
0.65766
0.67453
0.67143
0.62951
0.67298
0.68234
0.66834
0.67453
0.65313
0.63241
0.65313
0.68391
0.66222
0.69663
0.70632
0.65464
0.68234
0.72946
1.5849
1.9187
2.5882
0.78524
0.80168
1.6106
1.1429
0.67764
0.65013
0.86696
0.71121
0.67453
0.69502
0.68707
0.69502
0.67143
1.0593
0.70632
0.73451
0.67764
1.099
0.68391
0.69663
0.69343
0.68549
0.70958
1.3521
1.2531
1.1776
0.75858
0.81283
0.83946
0.78705
6.0534
3.5075
0.79983
0.69823
0.71779
0.90157
0.71779
0.66069
0.68707
0.65917
1.3996
7.6384
0.72444
0.70307
0.64417
0.69984
2.2542
0.79433
0.70958
0.69183
0.70795
0.75509
0.75162
0.81096
0.77268
0.72946
0.77804
0.71614
0.77804
1.1749
1.1143
1.8493
1.3614
1.3804
0.75858
0.68077
1.0046
4.4259
1.3032
1.0471
1.1912
3.3574
0.75858
0.77804
1.122
1.1324
1.0765
1.1194
1.1015
1.1015
1.6482
1.122
0.99083
1.099
1.2078
1.099
1.2388
1.1324
1.7865
1.219
0.69823
1.888
0.8356
1.7298
0.66988
0.66069
0.67608
0.68077
0.67143
0.66374
0.70795
0.7145
0.68234
0.72778
0.70632
0.66681
0.69183
0.69823
0.66222
0.63826
0.70632
1.845
8.4528
8.3753
1.2331
1.2531
4.9659
4.6666
1.1588
1.4322
2.6062
2.9174
7.2111
9.6605
10.839
14.421
7.145
0.83753
0.82035
4.1783
2.1281
0.65013
1.6943
2.8184
1.3183
0.73621
1.556
1.1143
1.8793
1.094
1.1776
1.8967
0.67608
0.65163
0.71285
0.66527
0.78886
2.3388
1.4488
3.069
5.4576
1.1535
0.70632
0.67298
1.2794
1.194
0.68549
0.66527
0.7656
0.74817
0.66527
0.76033
0.79616
0.69024
0.72277
0.68234
0.67764
0.65013
0.71779
0.63973
0.67764
0.62806
0.64417
0.97724
1.1614
0.97275
0.76913
0.69343
0.70146
0.72277
0.66834
0.66681
0.65163
0.65163
0.65163
0.72277
0.67143
0.63096
0.70958
0.65313
0.66374
1.5205
1.3583
1.7579
0.66681
0.73282
0.66222
0.66069
0.64565
0.69502
0.66834
0.6792
0.69823
0.65163
0.69183
0.65615
0.64565
0.64565
0.65013
0.64714
0.72444
0.67453
0.66527
0.64863
0.66988
0.69823
0.64565
0.67298
0.67298
0.71121
0.69823
0.70795
0.87902
0.66069
0.67298
0.65766
0.71614
0.68707
0.65917
0.71121
0.69823
0.67143
0.72778
0.69502
0.70146
0.66374
0.7925
0.74302
0.87297
0.78524
0.79616
1.4655
1.3183
2.3933
1.0257
1.7258
0.85114
1.7179
0.69663
0.69343
0.67453
0.70795
0.65464
0.64863
0.75858
1.2942
0.98401
0.72277
0.97499
0.69024
0.82794
0.70632
0.67298
0.71614
0.75509
0.77268
0.79616
0.78705
0.74302
0.96383
0.81658
0.7379
0.74302
0.71779
0.70146
0.71945
1.556
2.9648
10.99
12.218
14.997
13.996
14.125
23.55
10.691
1.8535
1.3552
0.89125
3.8019
1.4723
2.8054
0.6792
0.67298
0.69663
0.69183
10.544
1.8493
1.7539
1.3964
1.0641
3.3113
12.134
1.0423
0.86696
0.70795
1.4125
0.86696
0.75162
0.8147
0.74473
0.73282
1.0889
0.68234
0.69984
0.66374
0.68234
0.65615
1.1803
0.64269
0.64863
0.79068
0.72444
0.66988
0.68865
0.69984
0.6368
0.68234
0.70958
0.66222
0.72111
0.66222
0.66834
0.69502
0.68391
0.71614
0.7379
0.69502
0.70469
0.70958
0.68549
0.69823
0.72277
0.72111
0.70795
0.73451
0.68391
0.72611
0.68391
0.67608
0.72778
0.65917
0.67608
0.69183
0.73961
0.70795
0.68549
0.68234
0.77804
0.69663
0.68077
0.74989
0.66988
0.69823
0.65917
0.75336
0.70469
0.68077
0.90991
0.76033
0.7709
0.8147
0.74645
0.97499
0.73114
0.73451
0.84333
0.69343
0.71121
1.0351
0.72611
0.69502
0.65766
0.65917
0.70307
0.63973
0.67764
0.69024
0.65464
0.68234
0.65917
0.64417
0.67298
0.71285
0.65615
0.65464
0.69343
0.67298
0.69183
0.77983
1.1614
0.65013
0.67764
0.65464
0.72277
0.68077
0.71285
0.69024
0.70795
0.70632
0.79068
0.68234
0.71779
0.72277
0.76033
0.72946
0.73621
0.70632
0.73451
0.66988
0.68549
0.67453
0.70795
0.66834
0.65163
0.72277
0.67298
0.73114
0.72611
0.66681
0.73621
0.73961
0.72111
0.67298
0.7145
0.66988
0.69183
0.66834
0.67453
0.7145
0.66069
0.71945
0.66681
0.68234
0.70632
0.65766
0.65013
0.67608
0.66222
6.2517
18.03
11.22
10.617
0.90157
0.92897
0.89536
1.4928
1.6558
2.8379
9.0365
1.2162
2.704
0.67764
0.72111
0.69823
0.65917
0.69502
1.3868
1.2618
0.68707
0.63096
5.6885
12.474
13.243
16.827
1.7061
10.328
1.0965
1.3996
1.5346
7.2946
13.521
16.368
16.943
8.6896
13.646
7.0632
10.74
11.614
10.304
16.672
9.2683
11.668
1.977
16.218
14.825
17.498
12.303
6.7764
15.276
17.783
2.4491
3.4119
2.9648
1.1272
1.0328
3.2359
0.96828
0.82794
0.7145
0.65313
1.2331
0.65464
0.67608
0.75683
5.6494
13.092
15.276
16.596
16.181
19.275
13.772
13.614
17.539
17.906
19.143
14.06
13.335
15.885
18.664
19.588
17.989
16.634
17.1
16.866
20.37
13.062
18.239
7.5509
14.588
15.776
18.45
12.388
13.335
18.836
21.979
15.066
13.521
18.365
19.409
21.928
20.654
18.072
17.298
20.184
15.776
15.704
26.485
21.979
15.668
19.099
17.742
9.2683
19.861
16.293
16.482
19.815
19.77
12.162
13.677
15.996
2.7479
15.101
14.256
14.791
15.631
18.88
1.5311
19.187
16.788
12.647
20.324
17.701
18.967
1.7258
2.9444
1.0839
1.9588
0.83176
0.90782
0.75858
1.1995
1.5136
1.2331
1.2912
0.70958
11.83
2.7542
0.78705
2.6122
11.429
8.4528
15.205
15.849
16.558
17.865
17.458
18.836
12.417
12.303
12.56
18.923
12.474
15.488
15.631
14.028
14.894
13.932
14.125
16.634
14.421
16.144
18.155
17.179
13.305
18.323
22.284
21.33
22.08
12.942
11.749
11.803
14.859
17.539
17.022
18.113
2.0277
1.1246
14.289
14.588
2.5882
9.506
2.138
0.7709
12.823
14.322
16.181
13.964
13.614
22.08
18.707
27.416
13.274
13.032
17.865
20.184
23.768
11.508
14.723
17.378
18.793
15.241
14.928
9.6383
19.907
17.378
3.7411
22.08
16.406
17.66
20.137
23.174
11.429
17.1
17.498
8.4918
14.06
12.972
0.76913
0.89743
0.7925
0.73282
0.76208
0.77983
0.69183
0.67143
1.3002
4.1783
12.764
11.803
13.062
2.9444
1.7258
14.454
16.482
16.672
17.701
22.646
16.482
11.066
9.2045
0.98401
3.9628
8.091
15.631
14.256
8.1846
10.789
13.243
16.032
18.155
18.707
11.35
16.293
14.859
14.655
16.032
19.409
12.303
13.002
12.359
43.451
15.311
14.825
12.388
13.772
14.622
14.093
13.772
12.912
3.0269
0.66222
4.102
8.7297
2.133
3.1696
2.0512
1.6672
1.0304
1.0328
1.4555
0.69663
0.66834
0.6368
0.62087
3.8815
11.22
11.015
9.0782
14.355
15.031
12.647
1.3428
4.2073
14.928
13.459
16.52
21.135
12.677
16.069
19.32
12.078
14.521
17.219
9.977
17.824
18.967
20.137
18.155
20.559
12.19
15.849
16.144
16.634
21.827
20.23
13.772
16.293
13.583
11.561
7.4302
0.92045
0.7656
1.0544
1.2531
1.7458
0.7656
0.7145
1.3521
3.8637
2.0654
0.65615
1.2882
8.1846
9.4842
0.70795
0.66527
0.68234
0.67453
0.77268
0.6166
0.80538
1.5205
0.65766
0.65464
0.67298
0.66222
0.69984
0.67143
0.65313
0.67764
0.72444
0.65313
1.0691
1.3122
1.6558
0.66834
0.66834
0.6368
0.66834
0.65464
0.65464
0.66527
0.66222
0.64417
0.70795
0.65615
0.6792
0.65615
0.6792
0.66834
0.64565
0.69984
0.65917
0.66527
0.67764
0.67298
0.69024
0.66527
0.67764
0.65013
0.66069
0.64565
0.63973
0.73451
0.68077
0.6792
0.65013
0.62951
0.64863
0.68077
0.64121
0.96828
0.66681
0.64269
0.7145
0.88512
0.74817
0.74473
1.2735
0.66527
4.5814
0.70795
0.66834
0.66681
0.65464
0.69984
0.83176
0.69823
0.79616
0.68865
0.69984
0.68234
0.69823
0.72277
0.69183
0.79433
0.68865
0.77983
0.8356
0.72611
0.72778
0.68391
0.82035
1.2677
1.7458
0.67764
5.8345
1.5596
0.68549
9.2683
6.4417
1.2134
0.64565
0.66988
1.0447
1.0351
0.9506
1.5453
0.66374
0.9594
1.9231
0.68077
0.65917
0.66374
0.70795
0.6368
1.1041
0.72277
0.65163
0.67143
0.66222
0.65313
0.66527
0.68077
0.69343
0.69984
0.64863
0.65163
0.64269
0.68707
0.66222
0.66069
0.71945
0.67608
0.64565
0.65766
0.63096
0.7656
1.4622
0.66988
0.64863
0.64121
1.5241
0.84918
3.2885
5.5976
1.7906
4.6989
1.9143
2.6062
0.80538
0.84528
1.2853
1.3772
1.122
1.8323
1.0093
1.1995
1.0116
1.0568
2.3335
1.0233
1.3428
0.91622
0.74817
0.86099
0.90782
0.88308
0.72778
0.71614
0.76033
0.7145
0.69502
0.69502
0.69502
0.67298
0.66834
0.79616
0.66222
0.66681
0.67608
0.65163
0.64417
0.65313
0.63826
0.69024
0.64417
0.64121
0.65313
0.64565
0.67608
0.65313
0.64863
0.66681
0.63826
0.69024
0.65163
0.64714
0.63533
0.67764
0.65615
0.69663
0.68865
0.66222
0.71614
0.69663
0.69183
0.7145
0.66374
0.84918
0.93756
3.3574
0.73451
0.70307
0.78163
0.69183
0.70958
0.66988
1.1776
5.0003
6.7764
13.305
6.6374
11.066
9.5499
1.3032
1
0.64863
0.82604
1.6144
1.3646
0.92897
0.66374
0.64714
1.3552
1.1912
0.89331
1.5524
1.5704
1.2912
0.66681
0.7145
0.65163
0.68391
0.65766
0.68391
0.64565
2.8314
2.9444
1.3614
0.68707
0.65766
0.64714
0.65013
0.63826
0.65163
0.85704
0.66069
0.63973
0.62951
0.63387
0.66527
0.69502
0.67298
0.64714
0.65313
0.6792
0.64269
0.66222
0.66681
0.68865
0.62661
0.66069
0.69183
0.64714
0.66988
0.66069
0.74989
0.63973
0.64121
0.65313
0.71614
0.66988
0.71121
0.63096
0.70307
0.66222
0.8995
0.64417
0.67764
0.64714
0.64417
0.66988
0.65615
0.65313
0.66222
0.71614
0.70146
0.63973
0.67608
0.65313
0.63973
0.92683
4.2462
0.66222
0.68865
0.70958
0.65464
0.67764
0.72611
0.66681
0.67453
0.72611
0.66527
1.5136
0.69502
0.69183
0.67608
0.66222
0.68234
0.69823
0.66988
0.70958
0.78705
5.0466
1.0789
3.2211
0.8147
0.81846
0.83946
1.1668
0.98175
2.0184
0.71614
5.9293
7.5683
2.3067
5.0699
0.68234
0.66222
0.65013
1.875
10.209
8.995
13.213
1.8967
1.2735
2.8973
1.3804
0.68865
1.0328
1.406
0.68707
0.99541
1.2274
1.1858
0.99312
0.69343
0.79799
0.93972
1.0186
1.5311
0.69502
0.73451
0.7145
0.64863
0.67608
0.65464
0.66988
0.65766
0.63826
1.5631
1.7258
1.3459
1.4689
3.7584
6.9183
9.8628
0.68077
0.68234
1.6711
1.2794
2.7542
1.8155
0.69183
0.73282
0.70958
0.72277
0.7145
0.74302
0.76208
0.8147
0.69984
1.2794
0.65615
0.71945
0.69343
0.69183
0.65013
0.65313
0.66527
0.67143
0.72111
0.64565
1.4928
2.8314
0.8892
0.82985
0.77804
0.73451
0.78886
0.78886
0.77625
0.68391
0.75509
0.80538
1.0069
0.74645
0.8091
0.77983
0.71779
0.71121
0.75509
0.75336
0.82604
0.87902
1.9724
1.7022
0.88308
0.92045
1.0069
0.76208
0.80538
0.9528
0.92045
1.135
1.2972
0.67764
0.71121
0.70307
0.76384
0.7656
0.66527
0.74302
5.0003
9.2045
18.967
15.56
15.417
10.789
14.488
17.14
3.5892
10.447
15.276
9.8175
12.05
19.588
19.231
14.723
21.184
18.793
16.218
16.331
16.672
17.458
3.1623
4.6132
0.82224
2.208
0.74473
8.9536
10.814
16.032
17.298
15.56
17.338
13.614
13.804
12.474
9.9083
12.162
12.331
12.303
1.3836
1.845
1.574
3.7931
7.7268
0.72611
1.052
1.205
1.1169
3.9719
1.8836
3.0974
1.028
0.62806
0.65163
0.63096
0.61944
0.66374
1.1588
0.64417
0.65313
0.68077
0.64269
0.61518
0.62806
0.66069
0.67764
0.65464
0.73961
0.63387
0.66988
0.63241
0.65615
0.62661
0.6223
0.63096
0.61944
0.65615
0.63096
0.64714
0.62806
0.64863
0.64417
0.64121
0.63533
0.86099
0.66527
0.72611
0.92683
0.76033
0.82604
0.77983
0.88105
0.72611
1.3677
1.4289
0.64565
0.88512
1.8836
0.63096
0.60674
0.68549
0.63533
1.1376
2.0184
0.75858
0.72111
2.9309
2.0417
0.90157
1.0617
1.0209
0.99541
0.8995
1.7061
0.67298
0.67143
0.67764
0.69024
0.70795
5.9429
13.183
9.0157
11.967
12.303
12.359
5.9704
15.276
11.041
15.136
18.836
13.552
8.414
15.959
14.256
10.889
10.28
10.839
4.7424
2.8907
0.87096
1.2972
11.117
2.1086
0.99541
2.5942
0.68865
1.4894
4.9774
10.889
7.6384
9.3756
10.162
17.1
19.907
9.2045
11.885
10.328
7.3451
5.42
1.6032
1.3305
0.77983
3.5481
1.9099
0.94842
3.4435
1.8197
2.6122
2.4547
1.2078
0.66527
0.68234
0.71614
0.72778
0.70632
3.5156
0.72111
0.69663
0.67764
0.66374
0.76033
0.74817
0.67608
0.70795
0.8356
0.74645
3.2359
6.0256
0.66527
0.67143
0.68865
0.70469
0.7379
0.74473
3.7411
25.763
14.191
10.52
15.066
18.365
10.069
7.0795
20.277
9.7275
17.62
15.488
19.187
17.219
19.099
18.155
7.8886
15.776
3.6728
3.767
0.94189
8.4723
11.695
13.092
15.382
13.614
20.184
18.664
14.723
20.091
9.6828
19.907
13.932
11.641
11.722
16.558
10.28
10.069
18.707
16.866
18.578
14.421
16.827
11.885
10.99
17.458
18.281
18.621
18.664
19.143
17.579
7.1121
2.0559
1.094
2.541
3.2434
2.6122
0.6792
6.368
0.82985
0.96383
1.0691
0.98175
1.2618
0.83946
1.0691
1.0233
1.1722
0.74131
0.94624
1.4859
2.5061
0.69024
0.68549
1.0328
0.70307
0.79616
0.82035
0.93541
1.6255
2.4266
1.7061
0.67608
0.72277
0.67298
5.7016
0.74131
2.138
0.69502
2.1478
16.218
10.023
15.241
13.646
16.293
12.218
15.776
12.078
15.631
10.889
11.455
15.996
16.943
19.588
9.7499
11.94
14.622
17.298
22.08
12.618
16.181
16.032
13.243
14.256
9.9312
17.1
15.959
8.3176
8.9331
1.7701
2.1777
0.68707
2.355
4.0087
1.0423
1.122
11.376
17.022
12.823
17.458
19.679
18.323
18.493
16.749
15.996
11.668
15.885
14.125
13.032
10.94
13.183
14.588
18.408
7.0632
8.1283
1.5311
5.1761
1.9999
1.5885
0.8995
0.97499
9.594
13.836
11.35
7.9983
6.792
0.69183
2.3174
12.823
9.4406
9.528
8.414
9.7724
6.223
14.723
20.277
16.482
19.099
19.409
19.364
3.2359
1.2972
1.0789
1.3428
2.5645
6.7143
0.96605
1.8365
1.6032
0.83176
0.71945
0.74302
0.68549
0.74473
0.73961
0.75509
0.71121
0.74473
0.7145
0.69343
13.646
5.4325
0.77446
7.4302
0.77804
0.65615
0.72611
0.72444
0.7656
0.69984
4.0458
8.892
7.709
11.194
17.179
21.038
17.378
11.324
11.508
18.281
21.979
10.889
13.397
15.849
12.912
14.997
2.4322
8.3946
10.399
10.209
17.498
17.66
20.277
17.579
20.324
14.125
10.351
19.055
21.135
18.88
19.498
22.856
18.281
14.588
11.272
13.9
15.524
7.709
11.272
1.2023
0.75509
1.3335
1.8836
2.0512
2.2646
3.6392
0.65313
0.65013
0.93756
0.64121
0.65615
1.0186
1.6331
0.76033
0.70146
0.68707
0.68234
0.72946
0.87498
0.74131
0.6792
0.68707
4.6132
13.868
12.647
14.488
13.152
14.191
15.812
8.6099
16.788
11.535
8.8105
10.839
5.5335
16.482
3.1477
4.102
1.4928
0.97275
1.1508
1.2134
1.2445
1.4588
1.2972
1.0351
2.138
0.82794
1.5959
0.86099
0.7925
0.75162
6.1376
4.4771
2.2284
1.2218
13.74
13.964
6.8865
16.482
16.482
13.868
10.046
2.5235
1.2942
1.1376
1.2912
1.2942
0.91411
1.3709
1.8239
1.8323
1.0544
6.3096
0.74645
0.69823
0.89331
0.7709
0.70307
1.6106
2.0464
2.2233
0.79068
0.76913
1.0328
0.80168
6.2951
1.2218
1.1272
1.1995
2.1528
0.68865
5.4075
2.7733
0.72111
0.73451
10.069
13.243
13.646
11.776
7.9616
13.062
15.346
13.213
13.274
13.459
16.634
15.241
10.28
12.134
13.366
15.849
12.647
17.418
17.865
1.3092
4.4771
9.9312
12.331
12.942
15.382
18.535
19.364
17.498
16.368
18.239
17.865
17.865
19.187
16.032
11.776
17.458
19.861
15.922
19.187
17.418
19.724
18.45
20.137
11.912
7.8886
3.1696
0.70795
11.614
16.866
19.231
16.181
16.634
18.88
15.922
16.368
17.66
18.197
13.74
11.912
15.631
13.213
14.689
1.4655
5.0699
8.1283
17.061
15.776
17.579
16.331
20.559
17.701
16.482
14.825
14.655
14.454
11.298
14.355
17.783
10.544
9.1201
9.8175
15.453
10.233
10.99
9.7949
2.9174
3.1477
0.79799
0.92045
6.9502
11.22
15.885
13.932
14.191
19.861
8.1096
15.668
19.143
20.893
16.866
17.539
19.187
12.972
12.274
0.7145
5.6364
4.9659
1.3552
1.0666
0.86298
1.6749
1.8239
1.6444
0.69183
12.531
13.709
10.375
11.22
9.0573
9.0991
17.824
18.493
22.803
20.324
11.508
16.368
15.959
22.646
17.947
24.322
17.179
20.184
21.281
17.66
16.218
15.812
12.764
10.351
2.6303
0.93111
0.93541
1.3122
2.0277
13.646
11.967
3.3037
3.0061
1.4825
4.8195
10.351
19.953
18.45
11.246
13.062
19.77
15.101
18.408
22.08
14.158
19.724
17.022
17.458
13.032
9.8401
14.689
11.858
2.1979
1.9187
3.8459
3.7154
1.0765
1.219
1.1376
0.96161
1.4689
7.9983
0.71614
3.342
15.996
15.704
16.52
14.488
18.323
11.376
14.388
23.388
20.137
18.155
15.066
8.4723
1.052
1.1858
1.4388
1.1588
7.2946
15.101
10.666
12.388
3.3113
9.528
0.70958
11.722
13.868
23.174
9.8855
13.868
14.355
11.668
2.5119
1.8113
2.9992
1.4555
1.3002
1.3677
11.858
14.859
21.627
16.406
17.947
16.218
18.197
18.03
17.579
17.022
15.488
17.579
15.959
2.5942
0.80353
4.9204
13.002
10.304
11.246
15.668
17.579
17.219
8.5704
17.947
19.999
20.324
10.593
18.967
21.727
12.331
13.521
10.069
12.445
17.498
14.791
14.355
12.474
18.197
18.155
20.23
16.749
12.106
17.179
17.498
18.967
18.03
15.704
17.458
8.6298
15.311
17.1
19.099
18.408
18.75
16.558
14.757
14.928
14.191
16.482
16.181
12.106
14.421
15.488
14.655
13.243
8.6896
11.429
12.531
13.428
12.56
9.3325
14.223
1.7742
2.6122
2.1727
1.2106
1.3836
1.7906
13.804
15.066
15.596
16.866
12.162
10.593
18.323
19.907
16.331
18.155
17.66
12.19
10.641
16.52
8.0353
12.078
18.113
16.482
13.868
18.621
12.359
13.521
17.219
11.015
12.972
12.618
17.701
18.664
15.031
16.827
18.113
3.8994
21.577
15.417
