35.481
12.56
11.535
3.2659
2.2803
1.1776
6.5464
13.397
10.495
11.066
11.912
9.7949
1.4125
1.2972
6.9024
6.3973
10.52
1.8072
0.9247
0.88308
1.0715
0.93541
1.5311
4.2954
3.7497
3.6813
10.093
11.482
13.213
11.749
11.041
12.023
2.2856
1.5488
1.5812
1.1508
11.885
13.9
10.52
14.454
1.2246
1.0889
2.8642
1.2677
1.1194
0.89125
0.86497
0.88512
1.3213
0.9528
10.715
9.2045
3.0974
5.1642
8.3176
9.7051
12.794
10.328
7.9068
2.851
10.99
10.74
13.002
9.0573
1.8967
1.2388
6.8707
10.093
9.4406
9.8855
9.4842
0.9506
0.86298
1.1143
1.3243
0.88512
1.2942
2.0137
1.3583
1.2764
3.1623
1.2162
1.5668
5.1168
1
0.88512
1.1169
0.94406
1.0568
0.95499
1.1967
1.2331
1.1722
13.062
7.7268
9.0573
9.1622
7.9068
0.93541
1.1508
0.86696
0.78705
2.851
8.356
0.86696
0.98855
1.074
1.4825
1.5276
1.094
1.8578
1.0839
1.0162
2.1777
1.1641
1.0023
1.2331
1.0617
0.96161
1.0093
1.0375
1.028
1.2823
1.0839
7.6913
6.7298
7.6208
1.0304
0.7709
1.3932
1.219
1.1482
0.99083
0.78524
0.78886
1.2912
0.72111
6.8707
7.3961
0.8414
0.73451
0.77983
1.2706
0.92897
1.0328
1.1246
0.81846
0.77983
1.0568
0.78705
0.81846
0.77983
0.78343
1.0666
0.90157
2.8774
2.3768
1.8408
1.2531
1.1668
2.3121
2.6792
1.2764
1.1967
2.1281
1.1169
1.0471
1.4256
0.97051
1.1967
1.2023
1.0544
1.3614
1.1143
0.99083
0.96161
0.98175
1.0471
1.0116
1.6711
0.83753
0.79799
1.028
2.4434
5.6494
0.72444
0.74302
1.2246
0.75509
0.77983
0.95719
1.2359
0.72946
0.95499
0.83176
0.84918
0.7709
0.83176
0.83753
0.87297
0.82414
0.91833
0.85901
0.80538
0.84723
0.877
2.0989
0.92897
0.73282
0.87096
0.83946
0.75162
0.69024
0.77983
0.72111
0.70307
0.76736
0.77804
0.80538
0.86298
0.74131
0.82794
0.72611
0.85114
0.77983
0.7709
0.9528
0.82604
0.76208
0.79799
0.9977
0.79068
0.74131
1.1455
1.1429
0.96383
1.1614
1.1324
0.9528
0.93325
0.89536
0.97051
0.75336
0.81658
0.73114
0.79983
0.69823
0.78163
0.77446
0.68391
0.77268
1.1614
0.86896
0.877
1.0093
0.93541
1.5031
1.2618
1.0641
0.85704
0.73621
0.76208
0.83946
0.72277
0.74131
0.7656
0.72946
0.6792
0.75683
0.7656
0.72778
0.8147
0.71121
0.82035
0.77446
0.79983
0.83753
0.83753
1.0544
1.1298
1.2853
1.1482
0.84723
0.70307
0.80168
0.70632
0.73451
0.7925
0.77446
0.76736
0.74302
0.74817
0.70632
0.80724
0.82035
0.75336
0.73961
0.73451
0.73114
0.73451
0.78705
0.73961
0.78705
0.77446
0.71285
0.82794
0.7379
0.74131
0.71285
0.72277
0.73961
0.77268
0.71614
0.77625
0.77446
0.77625
0.69984
0.82035
0.86298
0.87096
0.76033
0.86696
0.84723
0.82035
0.77446
0.76384
0.76384
0.94189
0.8356
0.79068
0.81846
0.8091
0.88105
0.82604
0.75336
0.82035
0.82414
0.74817
13.152
2.0701
2.0701
2.0701
2.0701
2.0701
2.0701
2.0701
2.0701
2.0701
2.0701
2.0701
2.0701
2.0701
2.0701
2.0701
0.72778
0.80353
0.82604
0.72611
0.85507
0.83368
0.85114
0.78343
0.9977
0.84918
0.85114
0.87297
0.86696
0.88308
0.85114
0.9594
0.75336
0.91201
0.8091
1.194
0.75858
0.77268
5.4075
1.0023
1.256
1.122
0.88512
0.9594
0.91201
3.7844
1.2106
1.1455
1.0495
1.0495
1.0495
1.0495
1.0495
1.0495
1.0495
1.0495
1.0495
1.0495
1.0495
1.0495
1.0495
1.0495
1.0495
1.0495
1.3614
1.7783
0.85507
1.4454
1.1376
0.89536
0.8414
2.0606
1.1376
1.1194
1.932
0.77446
0.93325
3.8459
1.3213
1.7298
1.8967
0.71285
5.7544
4.6452
5.0234
0.87096
0.80724
0.86298
0.88308
0.8995
0.8356
0.87096
0.78524
0.8531
0.87498
0.93541
0.89743
0.93111
0.90365
0.8531
0.81096
0.9506
5.0119
2.5468
2.7227
1.0666
3.9628
2.2387
1.1298
1.1066
2.904
1.3836
0.7925
3.5975
0.99312
1.0447
0.92045
1.1614
0.88716
3.9537
3.8371
4.2364
4.5082
0.76033
4.7753
3.2137
1.0093
2.0091
1.5171
1.1858
1.028
1.219
0.74473
3.1477
0.77625
0.71945
0.69343
0.72611
0.70795
0.72946
0.81283
0.77446
0.75336
0.78163
0.77268
0.74989
0.76033
0.72444
0.78163
0.78705
0.73451
0.69024
0.72611
0.75683
0.90157
0.76033
0.74473
0.78705
0.70795
0.73114
1.1508
0.87498
0.82794
0.7379
0.74989
0.73282
0.75162
0.70469
0.7379
0.75858
0.73282
0.78524
1.1722
0.74645
0.79068
0.76033
0.67608
0.80353
0.73114
0.84333
0.69024
0.81846
0.79068
0.73282
0.76384
0.73451
0.75858
0.71779
0.69343
0.70795
0.74645
0.80538
0.74302
0.76384
0.71121
0.83176
0.76208
0.75509
0.7379
0.69183
0.69343
0.7145
0.69343
0.75509
0.93756
0.74989
0.72111
0.7925
0.86696
0.90782
1.3032
1.2677
1.2677
1.5849
1.3002
1.1169
1.5136
1.2218
2.1184
1.4655
5.1286
1.1194
1.0641
0.87498
2.1928
1
0.79433
0.86298
0.73621
0.78886
0.82604
0.80724
0.79433
0.86497
0.82604
0.85704
0.85507
0.78524
0.86298
0.88308
0.83753
0.85704
0.83753
0.82035
0.77625
0.82985
0.95719
0.93972
0.77983
0.8356
0.79433
0.95499
0.77625
0.75858
1.3366
1.6181
0.92257
1.6069
1.5136
0.90365
1.256
1.1194
1.6634
1.3274
0.92257
1.0046
0.99541
1.028
0.91833
0.90365
1.0162
1.0304
2.9923
2.1232
1.1776
0.99541
0.88716
1.0116
0.99541
1.183
1.028
1.0046
1.0889
1.3243
1.0046
1.0069
1.1246
1.5031
0.93541
1.0544
0.98855
1.1246
0.77983
0.8147
0.84918
1.0328
3.3729
0.83176
0.73961
1.1015
0.79068
0.79616
0.81658
0.7656
1.5417
1.6634
1.1429
0.78343
0.86696
0.74473
0.86298
0.82604
0.91201
0.78163
0.76208
0.76913
1.1092
0.77804
0.8147
0.8147
0.84723
0.76033
0.86896
0.77625
0.83946
1.5066
1.1614
0.94189
1.1912
1.9055
0.7379
0.83368
0.73961
1.0023
1.3836
1.028
1.4859
1.3677
1.3583
1.3366
0.81096
1.256
1.8365
1.6596
1.3614
1.6634
1.1776
1.1376
1.2417
0.72778
0.8531
0.76033
1.0691
1.1912
1.3583
1.135
1.2474
1.2853
1.4622
5.7016
2.1135
1.6788
1.6904
0.89743
0.84918
0.77625
0.8414
0.73621
1.0162
0.98855
0.90991
0.85114
0.7709
0.93325
0.86298
0.82985
0.81096
0.92897
0.84528
0.8356
0.8356
1.0139
0.83368
0.72778
0.76208
0.77625
0.79616
0.80724
0.85114
0.80538
0.82985
0.82414
0.8091
0.96828
0.82414
0.8356
0.8147
0.80724
0.84528
0.85114
0.80538
0.85114
0.77446
0.74131
0.83946
0.91201
0.8147
0.81658
0.80168
0.9528
0.82985
0.77446
0.85704
0.81846
0.77804
0.75683
0.82414
0.74302
0.86696
0.83753
0.79983
0.74645
0.877
0.78524
0.87096
0.73961
0.82224
0.79433
0.96828
0.76384
0.77804
0.8995
0.8091
0.82604
0.80538
0.86497
4.8978
1.9099
3.1915
0.77804
0.82224
0.7925
0.76384
0.81283
0.93325
0.90782
1.1041
0.89743
0.80353
0.84723
0.88512
0.81096
0.90365
0.8531
0.90365
1
0.8531
0.80538
1.6144
0.92257
0.7925
1.1776
0.93111
0.82985
0.78343
0.89331
0.87902
0.91622
1.1885
1.0471
1.0399
0.89743
1.194
1.1749
0.8995
1.052
1.2882
1.1912
0.95499
1.4093
1.6672
1.1508
1.4256
1.4093
0.87498
0.80724
0.89331
0.92045
0.91622
0.81096
0.83176
1.0328
0.93111
1.0162
0.93756
0.82794
0.83753
0.81658
0.84723
0.81658
0.84333
0.98855
0.91833
0.8414
0.877
2.1928
1.0209
1.3552
0.94406
0.99083
0.81096
0.79433
2.1281
1.5776
1.5276
1.3836
1.9364
1.7579
2.2182
0.7709
0.86696
1.0093
0.7925
0.78343
0.75509
0.78705
0.86298
0.86896
1.256
1.932
2.4774
0.92045
0.96161
0.92683
0.83368
1.6218
1.714
0.74989
0.74645
0.76384
0.83753
0.79799
0.78886
0.76736
0.82035
0.71945
0.73621
0.87902
0.82604
0.79799
0.89125
0.77625
0.89536
0.86298
0.81096
0.77983
0.82224
0.82224
0.7379
0.88512
0.7656
0.76384
0.74817
1.0965
0.79433
0.93756
0.86099
0.79983
0.98175
0.71121
0.84918
0.77983
0.76208
1.0304
0.90157
0.78343
0.84918
0.7925
0.79433
0.84333
0.77268
0.79799
0.8091
0.7925
0.84528
0.73621
0.75683
0.74817
0.82224
0.80168
0.75162
0.76208
0.74989
0.76736
0.73961
0.77804
0.74473
0.80353
0.81846
0.78705
0.75509
0.76736
0.80168
0.73451
0.81283
0.76384
0.81846
0.79799
0.77804
1.574
0.92683
0.82224
0.84333
0.9977
1.1246
1.0375
0.75509
0.91201
1.0495
1.2618
0.89125
0.877
0.8091
1.3836
1.0495
1.0471
0.76736
0.83753
0.86696
0.93972
1.1668
1.9815
1.028
1.4928
1.2706
0.90782
2.1038
1.6596
1.9543
0.80724
0.7145
0.75858
0.81096
0.74131
0.78343
0.77625
0.90365
0.74473
0.78524
0.72946
0.72444
0.82414
0.79616
0.9528
0.85901
0.86298
0.78705
0.8147
0.73451
0.84528
0.78163
0.7656
0.87297
0.76208
0.80353
0.94406
0.87498
0.77268
0.80724
0.82794
0.7709
0.69663
0.76913
0.81283
0.83368
0.81283
0.77804
0.82604
0.77268
0.79433
0.82035
0.80538
0.82224
0.69183
0.76033
0.82794
0.75683
0.72778
0.76033
0.73114
0.7925
0.85114
0.76736
0.74817
0.80538
0.78343
0.77446
0.77804
0.71614
0.71945
0.78886
0.77625
0.84528
0.75858
0.72778
0.7379
3.8459
0.7925
0.75858
0.78163
0.73621
0.8356
0.85507
0.89743
0.86099
1.2106
1.2735
0.877
0.87297
0.83946
1
0.87096
0.9247
1.4723
1.3122
1.0617
0.82985
0.9247
0.90157
1.3583
1.1376
1.2531
0.93325
0.82035
2.5293
1.0186
0.99541
1.1092
1.1092
1.0495
0.71779
0.73621
0.76736
0.96161
0.96161
0.89125
0.99083
0.98855
0.86298
0.87498
1.5668
1.183
1.5311
1.2912
1.0328
1.4158
0.88716
1.052
0.89125
0.75162
0.82414
0.70307
0.77268
1.1169
1.0447
0.72444
1.4256
1.4158
1.2972
1.4997
1.6672
1.2246
0.93111
1.1641
0.84918
1.1535
1.0568
1.803
2.8445
1.194
1.194
1.1749
1.3583
1.977
1.4757
1.2503
0.75336
1.1967
1.1402
1.1455
1.3996
1.5668
1.3709
1.0617
0.88716
1.2106
1.2023
1.5205
1.3521
0.85114
0.76208
0.88512
0.7925
0.78524
0.91833
0.84333
0.87498
0.90157
0.79799
0.8531
0.79983
0.97949
0.87297
0.9594
0.7925
0.78343
0.75509
0.74645
0.89743
0.82794
0.78343
0.82224
1.4588
1.6444
1.3709
1.3868
1.5311
0.99312
2.0893
1.4894
1.4191
1.2359
0.91622
1.406
1.1588
0.91622
1.0889
1.4622
1.0209
1.2794
1.2647
0.91833
1.2303
1.3964
0.92897
1.2023
1.1298
1.2134
1.0789
0.93325
1.3964
2.1777
1.8621
0.91411
0.95499
1.2618
1.194
2.0606
1.5631
1.7947
0.79068
0.89331
1.0233
0.77983
1.0399
0.85704
1.0471
1.8793
1.6749
1.4488
1.9861
1.7865
1.3868
1.1776
1.1695
0.8531
1.4997
1.2134
0.877
0.70469
0.72611
0.81096
0.81846
0.74989
0.81846
0.78705
0.76208
2.2029
1.9498
1.9634
0.93325
1.5382
1.1967
1.6106
1.1246
1.0715
1.5066
1.4191
1.2388
1.1298
0.8414
0.9977
1.256
1.205
2.3014
1.4355
0.92683
0.80353
2.0184
2.037
1.4757
1.5346
2.0417
1.1695
1.3002
1.2912
1.3366
0.73114
0.79068
0.98401
1.4289
1.8664
0.68391
0.74645
0.95499
0.76736
0.77268
0.73451
0.76033
0.74473
0.84333
0.78705
0.72444
0.7925
0.81846
0.89536
0.79433
0.83753
0.73451
0.8091
0.79068
0.76384
0.78886
0.80168
0.74473
0.71285
0.7709
0.75509
0.77983
0.76033
0.82224
0.93756
0.94189
0.86099
0.86298
0.92045
0.82224
0.81283
0.8147
0.86298
0.73282
0.88308
0.74302
0.69183
0.75336
0.74473
0.79616
0.80353
1.5524
1.3932
1.1995
1.1041
1.0641
1.3092
0.8356
0.9977
1.1695
0.90573
1.6943
1.2106
1.5996
1.5704
0.82224
2.1979
1.8113
1.1482
0.79799
1.5136
0.9977
1.2474
1.7865
1.5241
0.92045
1.0593
1.4894
1.1995
1.2706
1.0209
0.94842
0.9247
1.2794
1.4355
0.77446
2.0091
1.5205
1.194
0.85704
1.2445
1.6827
1.3213
1.256
1.2882
1.8793
1.7865
1.1722
0.70958
0.78886
0.73282
0.66374
0.76208
0.71614
0.74302
0.77983
0.74131
0.76384
0.8892
0.77804
0.84918
0.82414
0.80538
0.75162
0.83946
0.74131
1.0495
0.83176
0.7145
0.73282
0.73451
0.76033
0.70307
2.1677
0.99312
1.4655
1.3335
0.88512
0.94189
1.7378
1.2274
1.2106
0.96605
2.5527
1.2706
1.8923
1.0023
1.0617
1.9543
1.2853
1.2531
1.0069
1.4825
1.3397
1.6218
1.5136
1.4791
1.4825
0.84528
1.2794
0.96605
1.2388
1.4555
1.0116
1.2417
1.3583
0.76384
1.7418
1.194
1.3521
0.82985
1.0544
1.0814
2.7733
2.1878
1.1246
0.8892
0.76208
0.77446
0.86896
1.5136
3.6224
1.6558
1.1324
2.851
1.3213
2.1232
5.4325
3.4119
2.0749
1.2303
1.205
0.82035
1.3305
3.9446
1.1695
1.1668
1.3335
0.8147
1.9143
2.6002
0.84918
1.0209
0.98175
1.1455
1.0568
1.3932
1.6144
0.7709
0.72778
0.8531
0.77268
0.85901
0.81846
0.8531
0.74131
0.74645
0.78524
0.78524
0.81846
0.72277
0.75509
0.76736
1.1995
1.0691
0.877
0.83946
0.74645
0.76208
0.89536
1.2706
3.0479
2.1232
2.8054
0.81283
0.8356
5.2481
4.3152
3.2063
1.5922
0.93325
0.7709
3.3806
2.3988
3.2137
3.4674
4.0179
0.82035
1.3996
1.2106
2.4491
3.54
3.1333
3.9994
4.2073
5.1286
4.2267
6.1376
5.3456
5.9841
0.76384
1.1041
1.8923
1.5922
0.82224
0.76736
0.82604
0.76736
0.81096
0.94189
0.94624
0.86497
0.77625
0.96828
0.82604
0.87096
0.88512
0.78524
0.81096
0.79983
0.90365
0.78343
0.80724
0.81096
0.78343
0.7656
0.74817
0.78163
0.9528
0.79799
0.8356
0.79068
0.87297
0.72277
0.8414
0.80538
0.77983
0.8356
0.83946
0.80353
0.76913
0.81658
0.84723
0.84918
0.73282
0.76736
0.78163
0.80538
1.6032
1.7539
0.79983
0.8356
0.80353
1.0116
1.122
0.94406
1.0233
1.0765
1.1858
1.135
1.0447
0.86099
2.1038
5.0933
0.79068
0.72111
0.76208
0.7709
0.79616
0.83176
0.80724
0.79433
0.76384
0.82985
0.83946
0.80724
0.87096
0.78705
0.70958
0.81846
0.75683
0.75683
0.79799
0.84723
0.71779
1.1169
0.8091
0.8531
0.7656
1.0162
1.1535
2.4434
1.6331
1.0765
0.89743
1.8621
1.1561
1.2445
1.6749
1.4454
1.1298
1.2078
0.98401
1.1803
1.0864
0.90991
1.3213
3.342
1.4723
1.2359
0.88308
0.92897
0.81096
0.7709
0.78886
0.81283
0.76033
0.82224
0.79983
0.81846
0.76033
0.7656
0.81283
0.85114
0.7656
0.7145
0.80168
0.73621
0.79433
0.79068
1.4289
1.1169
0.94406
1.1298
1.1092
1.3062
1.1749
1.1324
1.1668
1.4191
6.5013
1.2388
0.94842
1.6181
1.4355
1.1376
1.1668
1.4028
1.4388
1.3243
0.76208
0.79433
0.82414
0.79433
0.95499
0.78343
0.9528
0.78524
0.82035
0.77268
0.78163
0.90365
0.84918
0.82414
0.93972
1.028
0.9247
0.78343
0.89331
0.81096
1.0666
0.79616
0.72778
0.89125
0.78886
0.83753
0.8414
1.0544
1.3032
1.3092
1.0069
0.8995
0.91411
0.94189
1.2735
3.8371
0.8356
0.80168
0.86099
0.81283
0.93111
0.81846
0.77625
0.79068
0.76384
0.76384
0.73961
0.81096
0.76384
0.76736
0.76384
0.83176
1.2531
0.7656
0.91622
0.8091
0.81283
0.95499
1.0233
0.93972
1.0447
0.78343
1.1376
1.0864
1.0568
1.1749
1.3552
1.205
1.3772
1.406
1.0864
2.0512
1.0471
0.98401
1.8281
0.75509
0.8356
0.71614
0.90782
0.9977
1.0375
1.5276
1.122
0.83946
1.2912
0.90157
0.97051
1.194
1.1246
0.82794
0.8414
1.2589
1.1588
1.2882
1.3335
1.5136
1.1722
1.4421
1.0447
1.0765
0.91622
1.2823
0.78163
0.76033
0.77268
1
1.4028
1.1668
1.2503
1.5776
1.3583
1.3032
1.6406
1.1858
2.1727
1.0495
2.1038
0.98628
0.93756
0.78886
0.88105
0.94189
0.76033
1.0351
1.3996
0.84333
0.79616
0.9506
2.1777
2.0137
1.3677
0.90782
1.8408
1.2706
1.0209
1.6749
1
0.96605
0.69343
1.0495
0.81658
0.95499
1.3996
1.0447
1.0351
0.7925
0.82604
1.1455
1.0593
1.5101
1.406
0.76384
0.86298
0.96161
0.84528
0.84528
0.82224
1.4191
1.0186
0.90157
0.85114
0.78886
0.79616
0.78163
0.79983
0.7656
0.7709
0.84333
0.86696
0.7709
0.7925
0.87902
0.8356
0.79983
0.83946
1.3002
1.074
0.78524
1.4421
1.0186
0.8531
0.89536
1.1455
1.7539
1.7865
1.194
1.0233
0.93756
1.0666
0.9528
1.1169
1.0162
0.77446
1.1722
1.0839
1.0257
1.6331
0.85704
0.97724
0.78163
0.82985
1.7498
1.2474
1.0965
1.099
1.4388
3.8107
1.6181
1.2445
0.85704
1.7418
4.7973
1.7338
1.4388
0.76384
0.81658
3.3651
1.6482
1.5136
1.3964
1.3932
1.3062
1.6672
1.2764
1.183
0.89331
0.75683
0.86298
0.79616
0.97499
0.69502
1.2303
0.79799
2.5468
1.5596
0.81658
0.7709
0.76736
0.71285
0.76033
0.70632
0.75509
0.77268
0.77983
0.82224
0.75336
0.76736
0.78705
0.83176
0.80168
0.7925
0.79983
0.88105
0.88105
0.82985
0.77804
0.7709
0.81096
0.80353
0.85114
1.2912
1.5668
1.183
1.3092
1.1298
1.2303
1.406
1.1272
0.89331
0.82794
0.86298
0.76736
0.76736
0.79068
0.80724
0.74645
0.74989
0.76033
0.69663
0.77446
0.74302
0.7709
0.72611
0.7709
0.74817
0.73282
0.69823
0.76913
0.73961
0.75162
0.73451
0.77446
0.77625
0.8147
0.76913
0.76736
0.70795
0.7145
0.75858
0.70958
0.75509
0.96161
0.86497
0.77625
0.75162
0.78524
1.0069
0.7925
1.2823
0.71779
0.79433
0.74131
0.93972
0.94189
1.1455
1.1695
0.99541
1.0839
1.1561
1.5996
1.4859
1.977
1.2882
0.97949
1.0375
1.2246
1.0186
0.9977
1.1272
1.1588
1.3213
1.2078
1.4223
1.2823
1.0139
1.219
1.2445
1.1995
3.7844
2.9174
2.6002
2.4717
3.1477
3.5727
0.94842
0.87297
1.1376
1.2246
1.3397
1.2359
1.0375
1.3836
1.6904
1.5276
5.1168
0.95719
1.3646
0.79983
1.3032
1.3521
1.3335
1.0641
1.374
1.4421
0.92683
0.8356
0.78524
0.88308
0.85507
0.91833
0.78886
0.78524
0.79433
0.80724
0.79068
0.80724
0.86896
0.93972
3.8637
1.4894
1.8707
0.78343
0.78163
0.81658
0.74302
0.91833
0.78163
0.90991
0.80353
0.79068
0.8091
0.81658
0.74817
0.89536
0.76384
0.81658
0.75162
0.8995
0.79616
0.77446
0.81283
0.84333
0.88105
0.79799
0.79068
0.8091
0.83946
0.74817
0.93972
0.84528
0.79799
0.82604
0.89331
0.82224
0.78886
0.8356
0.86099
1.0069
0.8995
0.89125
0.80538
0.86896
0.86696
0.8995
0.90365
0.84918
1.3868
1.0544
0.79433
0.89743
0.78343
0.70632
0.75336
0.9247
0.9594
0.88716
0.8147
0.83753
0.86099
0.86099
0.97949
1.0593
0.93111
1.219
0.77446
0.73282
0.83753
0.78343
0.78163
0.8147
0.78886
0.80724
0.81283
0.76208
0.73961
0.8356
0.81096
1.2134
0.77268
0.90573
0.87902
0.86497
0.78705
0.83946
0.96605
1.0914
0.91201
0.84528
0.97275
1.028
1.1561
0.90365
0.98401
1.0814
1.0864
1.0069
0.89125
0.74989
0.87297
0.98855
1.0715
1.1535
1.0889
1.0914
1.2882
0.72946
0.90365
1.1402
1.3243
1.7219
1.2078
0.89536
1.4191
0.97051
1.0544
1.3646
1.1041
1.0069
1.3092
0.98855
0.80168
0.84333
0.78886
1.0914
1.0965
1.0423
1.2503
1.1376
1.2531
1.2023
1.1912
1.3677
1.1885
1.0447
0.80538
0.80353
1.0069
3.8726
1.099
1.2794
0.94842
0.93325
0.72778
0.7925
1.028
1.4454
1.2359
1.4322
1.1066
2.0045
1.3646
1.2474
0.97275
1.219
1.1995
2.0324
1.8493
1.1324
0.96605
1.0715
1.1722
0.93756
1.6596
1.9861
1.7865
2.0606
0.96605
1.1614
1.4421
1.2218
1.0691
1.0593
1.0495
0.88716
0.79433
1.4223
1.4223
0.78524
0.77446
0.8356
0.86896
0.99312
1.4028
1.0864
3.581
1.1535
1.71
0.78886
0.86298
0.79799
0.82414
0.77268
0.80168
0.96828
0.77446
0.71285
1.6711
1.5382
0.82414
2.9992
1.5241
1.1246
0.86099
1.3583
2.9854
2.2233
6.6069
2.884
1.4355
1.3614
0.91411
2.1478
1.028
1.5311
1.6293
0.88716
1.1614
3.2584
2.1086
1.5171
0.8147
0.79616
0.81283
0.77446
0.75336
0.78524
0.75858
0.77983
0.79616
0.81658
0.74131
0.81846
0.87297
0.75162
0.76208
0.78705
0.86099
1.4322
2.6002
3.9084
1.0399
2.7479
5.9429
1.6558
1.3243
5.5208
2.6546
0.7656
0.83176
0.74989
0.78163
0.77804
0.82604
0.71945
0.84723
0.76913
0.77268
0.76913
0.83946
0.79799
0.79433
0.81846
0.81846
0.7709
0.82604
0.877
0.75858
0.82794
0.85901
0.75162
0.8147
0.79068
0.82035
0.87498
0.8091
0.76208
0.8414
0.75336
0.86298
0.78163
1.1143
0.75162
0.8414
0.92683
0.79068
0.83368
0.84333
0.89125
0.76913
0.77446
0.75509
0.86298
0.75162
0.77446
0.74817
0.73961
0.70795
0.74131
0.72111
0.78705
0.67453
0.76208
0.73114
0.82224
0.72611
0.78524
0.70958
0.7145
0.83753
0.71779
0.79068
0.78705
0.77268
0.69024
0.75683
0.7656
0.8147
0.76913
0.75858
0.74989
0.74131
0.72277
0.70795
0.79068
0.77268
0.68077
0.72444
0.77268
0.73451
0.73451
0.72946
0.72946
0.72111
0.7379
0.74302
0.70307
0.74989
0.76913
0.78343
0.71285
0.75509
0.75683
0.70958
0.69502
0.75162
0.72946
0.74989
0.75509
0.81658
0.7709
0.78343
0.75162
0.74645
0.73621
0.77804
0.7656
0.73282
0.71614
0.76033
0.76208
0.73621
0.76736
0.72444
0.76384
0.73961
0.73451
0.74989
0.77625
0.76033
0.69823
0.70469
0.77268
0.76208
0.74989
0.7925
0.69823
0.77625
0.76208
0.74131
0.79433
0.71285
0.71945
0.73114
0.73621
0.79983
0.79433
0.73961
0.77983
0.82035
0.73451
0.83368
0.74473
0.71945
0.70958
0.73451
0.75509
0.75162
0.6792
0.75509
0.75509
0.74645
1.3646
1.3213
3.7068
4.4566
2.5119
2.421
2.9648
2.0464
2.5119
0.96605
0.91201
1.1535
0.99083
1.0023
1.1641
1.3032
1.3677
1.135
1.4588
0.97051
1.0186
0.96161
1.2647
1.2677
1.0593
1.1246
1.0814
0.95719
1.028
1.0471
1.0789
1.1803
2.9376
2.3605
0.74989
0.76736
0.82414
0.80168
1.0471
0.80538
0.78705
0.99541
0.85507
0.81096
0.89331
0.72277
0.82035
0.72611
0.88512
0.83753
1.0139
0.90782
1.1535
1.0423
0.87297
1.0351
0.83946
0.91833
0.77983
0.81283
1.0093
1.1561
1.0375
1.1246
1.3243
1.1066
1.0447
1.1776
1.1967
2.1677
1.0495
1.0965
1.4289
1.349
1.122
1.1749
1.219
1.256
1.5812
1.2162
1.1668
1.2388
0.75683
1.052
1.0593
2.0512
1.4223
5.7943
1.4997
1.4894
1.7418
1.2218
0.81283
0.96161
0.88716
0.80353
0.82985
0.7925
1.5812
1.4655
1.2853
1.9231
5.0816
1.2618
1.3836
5.42
0.89536
1.2589
2.2751
1.6482
3.155
1.766
0.80168
0.84918
0.94624
2.0749
1.2677
1.2445
1.0257
1.1143
0.9506
1.0023
1.6032
0.7656
0.7709
0.84528
0.77983
0.76736
0.72277
0.74302
0.72277
0.82414
0.8091
0.88105
0.7656
0.74989
0.8147
0.82985
0.7379
0.77446
0.76033
0.877
0.75509
0.84723
0.80353
0.80353
0.84528
0.80538
0.85704
0.74131
0.84333
0.80724
0.77804
0.80538
0.74817
0.72444
0.72946
0.80724
1.1803
1.6218
0.86497
0.75162
0.74989
0.77625
0.78343
0.78163
0.7709
0.74473
0.76208
0.78886
0.69343
0.7145
0.74817
0.72111
0.75509
0.77268
0.72611
0.73621
0.78524
0.75162
0.74989
0.71779
0.78524
0.72444
0.79433
0.7656
0.73282
0.73451
0.78524
0.73114
0.74645
0.75509
0.78524
0.82035
0.7379
0.76384
0.76384
0.75683
0.80168
0.73282
0.76384
0.81096
0.75162
0.77446
0.87096
0.78163
0.7145
0.7656
0.77804
0.73961
0.73961
0.76736
0.66834
0.75509
0.72444
0.77446
0.77625
2.7861
2.9512
1.3366
0.76033
0.74645
0.75683
0.76033
0.75683
0.73451
0.72277
0.75336
0.77268
0.75683
0.74817
0.75683
0.75336
0.73451
0.76033
0.78524
0.8995
0.74473
0.82794
0.72444
0.72444
0.75858
0.70632
0.76033
0.76208
0.72611
0.70146
0.73621
0.71779
0.72946
0.73451
0.74817
0.77268
0.80168
0.7709
0.71779
0.7925
0.70146
0.72277
0.78163
0.74817
0.73451
0.71779
0.78886
0.72946
0.74131
0.71285
0.74302
0.76913
0.73114
0.82604
0.78886
0.81658
0.81658
0.77446
0.79068
0.8414
0.82414
0.81658
0.87498
0.79983
0.86896
0.76384
0.77625
0.78343
0.89331
0.79983
0.73621
0.79068
0.8147
0.75858
0.87096
0.83368
0.85704
0.77446
0.77804
0.68865
0.76913
0.73621
0.7145
0.74989
0.72611
0.68865
0.78705
0.74302
0.71945
0.77268
0.76384
0.81096
1.0209
0.71779
1.2647
0.81658
0.74302
0.88512
0.88308
0.9247
0.75336
0.7925
0.75509
0.88308
0.90157
0.81846
0.98628
1.374
1.4928
1.1041
1.3062
1.0914
0.99083
0.97724
0.93541
1.0593
1.0069
1.2764
1.2706
1.4256
1.1092
2.3988
1.2134
1.1967
0.90573
1
0.98401
1.6904
1.3002
1.2853
1.1885
0.99312
0.91833
0.87297
0.90573
0.90573
0.80168
0.7709
0.99312
1.0093
1.0715
1.0691
1.1143
0.94189
1.1169
1.1641
0.79068
0.88512
0.98401
1.1376
0.88512
0.97275
0.9528
1.3868
1.2445
1.205
1.5704
1.5453
1.2735
1.3868
1.2445
1.1092
0.99083
1.1641
1.5346
1.6943
1.6106
1.0257
1.5066
2.023
0.83753
0.92045
0.98401
1.5922
1.1324
1.2942
1.0139
1.4421
1.4723
1.3772
1.1272
1.0864
1.0139
1.9634
1.1376
1.7022
1.0544
0.89125
1.0162
1.183
3.0061
1.4588
1.3646
0.9977
0.79616
1.3964
1.135
0.85901
4.1687
1.3062
1.2162
0.74989
0.86896
0.78886
0.74817
0.73114
0.76033
0.73961
0.81283
0.92683
0.78524
0.85114
0.78886
0.79068
0.75336
0.86696
0.77804
0.78524
0.73451
0.82035
0.95719
0.96383
0.82794
0.8147
1.052
1.099
1.0186
1.0257
1.1376
0.82604
1.1092
1.0233
0.82224
0.8531
0.7145
0.8414
0.79983
0.82035
0.7709
0.80538
0.72611
0.96605
0.81846
0.85114
0.75162
0.76208
0.81096
0.80168
0.80724
0.82035
0.85507
0.74645
0.71121
0.77804
0.71614
0.7379
0.83176
0.78524
0.77983
0.80538
0.81283
0.74989
0.81658
0.76384
0.76736
0.83368
0.74302
0.81283
0.81096
0.8356
0.77804
0.79068
0.77983
0.75858
0.92045
0.72611
0.80353
0.76913
0.78886
0.77983
0.85704
0.76736
0.85114
0.78163
0.79068
0.79616
0.82985
0.83176
0.86099
0.79433
0.82224
0.95719
0.88308
0.94842
0.9977
0.81283
0.8531
1.5171
1.099
1.2735
1.2589
1.4723
1.028
1.3002
1.1298
0.78343
0.82604
0.83368
0.81846
0.76384
0.78163
0.73961
0.78343
0.79799
0.82604
0.8147
0.85704
1.1324
0.74817
0.7145
0.91833
0.77446
0.74989
0.94189
1.099
1.3804
0.98855
1.1143
1.2942
1.5922
0.80538
0.99541
1.1614
0.95499
1.3397
1.3122
1.2589
1.3772
0.77625
1.1803
0.94624
1.1749
0.76033
0.78343
1.3614
1.1246
0.94842
0.91833
0.7925
1.1967
1.0471
1.2764
1.6331
1.094
1.1776
0.93325
0.97275
1.0814
5.7943
1.2445
1.0162
1.4997
1.2388
2.5061
1.099
2.7606
1.4791
1.052
2.7227
1.6106
1.3213
2.0654
1.3614
1.4689
5.2
2.4946
1.6368
0.8356
1.7219
1.3092
1.0495
0.96828
1.0375
1.1169
2.1878
0.83368
2.541
3.9264
1.3152
1.099
1.4223
1.6596
4.5394
1.2274
0.86896
1.3932
0.85901
1.3964
2.8774
2.1429
1.2445
1.1143
1.7742
1.0399
2.3768
0.96383
2.2699
3.6141
2.023
1.9543
0.7656
3.9902
2.8184
1.1508
2.6915
1.8239
2.4547
3.069
0.72444
0.75162
0.76208
0.81846
0.74131
0.78343
0.8147
0.76208
0.77446
0.7709
0.76208
0.73282
0.72277
6.5917
0.80724
1.4521
1.5101
2.2491
1.2853
1.3709
2.2803
1.7989
1.7906
0.9506
0.94189
1.1092
0.87096
0.91622
0.91201
1.194
1.135
1.1455
1.183
1.0814
1.2589
1.1429
1.6444
1.0789
1.3583
0.97724
0.82794
0.89331
1.183
1.1508
1.5346
5.7148
3.8107
7.4302
3.6058
0.7925
0.71945
0.75336
0.80168
4.4463
4.0832
6.2661
5.8749
6.0256
4.1687
0.72611
4.2462
5.781
5.7677
9.5499
6.2087
5.9979
8.2224
7.3961
6.0395
0.90157
0.82224
0.84333
1.2388
1
0.76736
0.77268
1.1561
1.3032
0.77804
1.9143
0.71945
0.84723
0.80724
0.78886
0.77983
0.7709
0.82414
0.79068
0.97275
0.84333
0.76736
0.79433
0.75683
0.7656
0.81846
0.72444
0.82794
0.69984
0.89536
0.74645
0.8091
0.82604
0.74473
0.80168
0.77983
0.7379
0.77804
0.78524
0.76384
0.78886
0.78163
0.80538
0.79433
0.78343
0.80168
0.8414
0.77983
0.7925
0.76736
0.75509
0.81658
0.80168
0.77804
0.76208
0.75509
0.76913
0.84918
0.84528
0.8995
0.85114
0.89125
0.83946
0.7925
0.81658
0.77804
0.84528
0.90991
0.79433
0.82985
0.79616
0.85507
0.8531
0.88716
0.82794
0.81846
0.80353
0.78705
0.87498
0.7709
0.7709
0.85704
0.80538
1.4859
0.87297
0.80724
0.7925
0.79068
0.80724
0.7656
0.83176
0.8091
0.93756
0.94189
0.94406
1.8113
1.2417
0.78524
0.85114
1.1995
1.0641
1.1614
1.2303
1
0.99541
1.4723
2.6607
1.9679
0.83368
0.72778
0.82224
0.7656
0.79068
0.73451
0.7709
0.72277
0.74302
0.7656
0.78343
0.68865
0.70958
0.72277
0.77804
0.84528
0.69984
0.79799
0.73621
0.79799
0.71614
0.77268
0.78343
0.84723
0.73282
0.74645
0.78705
0.73114
0.72946
0.80724
0.73282
0.72111
0.69502
0.82224
0.70632
0.73282
0.73282
0.75509
0.76033
0.74131
0.74989
0.75509
0.72778
0.70958
2.2491
3.6983
6.6069
0.7145
0.7379
0.81658
0.74645
0.80353
0.83946
0.98855
0.87498
1.052
1.406
1.5776
1.2853
1.4723
1.5922
3.6728
1.3614
1.5631
0.79983
1.3032
1.3646
1.5346
1.349
1.574
0.96828
1.1402
1.1614
1.7742
1.1272
1.2474
1.4859
1.3868
0.73621
0.91411
1.0328
1.2853
1.1015
1.1858
1.2218
5.5976
1.4388
1.1194
1.0889
0.85507
0.83753
0.86497
1.0617
1.2677
4.529
1.094
1.0965
0.91622
0.73451
0.79068
1.6218
1.0839
0.91833
1.2618
1.374
2.9785
2.3823
2.466
1.4622
1.2474
0.88308
0.82985
1.1967
1.1143
1.3677
1.6218
2.7669
1.074
1.39
0.8995
3.2211
2.5293
1.3032
1.9011
1.6558
1.8707
1.5066
2.958
1.3552
3.013
4.0832
3.3806
4.1591
6.9823
6.1802
6.6222
0.81096
0.83368
1.0789
0.98401
0.82985
0.8147
1.0889
2.1979
0.71779
0.78886
0.78524
0.76913
0.87096
0.76384
0.85704
0.77268
0.74817
0.74817
0.85704
1.0641
0.8091
0.75509
1.1143
0.88308
0.87096
0.93756
0.94189
0.81283
0.75683
0.8091
0.81283
1.0186
0.74302
0.82035
0.76736
0.72611
0.69343
0.76384
0.76913
0.75336
0.77804
0.73282
0.76208
0.74302
0.72444
0.7145
0.7709
0.73451
0.75336
0.75336
0.75858
0.72778
0.71121
0.69823
0.80538
0.79433
0.75858
0.73282
0.76208
0.75336
0.7145
0.70795
0.73282
0.88308
0.76033
0.82224
0.78163
0.80168
0.75162
0.76736
0.79799
0.75162
0.73282
0.72778
0.74989
0.70469
0.73451
0.72778
0.70307
0.73282
0.82794
0.78343
0.76208
0.72111
0.78163
0.68391
0.77446
0.72778
0.76736
0.71779
0.71121
0.74302
0.71285
0.74817
0.75509
0.69984
0.74473
0.8091
0.81846
0.70146
0.70146
0.74302
0.74473
0.72778
0.75162
0.74989
0.79799
0.73114
0.70146
0.75162
0.74817
0.74473
0.73114
0.70469
0.68234
0.74989
0.8147
0.79433
0.72778
0.84333
0.71614
0.72778
0.74131
0.70632
0.79799
0.68549
0.74302
0.77983
0.82224
0.74473
0.74817
0.74645
0.76384
0.74645
0.73961
0.72111
0.7379
0.72778
0.73621
0.75162
0.71285
0.78343
0.79068
0.72946
0.75509
0.74302
0.82985
0.69343
0.78886
0.74131
0.73282
0.74473
0.89125
0.69343
0.75683
0.81096
0.76384
0.9247
0.84723
0.82035
0.8147
0.83946
0.86896
1.1614
0.97275
0.72946
0.75509
0.77983
0.81096
0.76913
0.76736
0.87297
1.0375
0.97949
0.79799
0.82224
0.82414
0.86099
0.81283
0.83176
0.87902
1.4655
0.85507
0.91201
0.90157
1.0495
0.9506
1.0715
0.93972
1.074
0.76913
0.95719
1.1117
0.80724
0.82224
0.88512
0.83368
1.1535
1.0233
0.8414
1.2162
0.8531
0.78524
1.5959
0.79068
0.84918
0.97949
0.77625
0.72444
0.79616
0.74989
0.74302
0.7656
0.7709
0.80353
0.88716
1.0162
4.6452
1.0257
0.78343
0.81658
0.7379
0.76913
0.78524
0.81096
0.71779
0.73451
0.77625
0.82604
0.78163
0.74817
0.74989
0.79068
0.76736
0.7709
0.78343
0.72778
0.82794
0.74817
0.90573
0.77268
0.79433
0.76208
0.72946
0.8356
0.8892
0.84528
0.72444
0.72444
0.80538
0.74473
0.73961
0.73621
0.8091
0.84333
0.79616
0.81096
0.75858
0.73451
0.74989
0.76208
0.77625
0.7145
0.82794
0.77268
2.2909
0.8147
0.82604
0.74817
0.82794
0.83753
0.7925
0.94842
0.82224
1.1482
1.1695
0.94624
1.0641
1.0399
1.5524
1.4322
2.6122
1.4488
0.9528
0.90782
0.80353
1.1776
0.90991
0.97724
1.1324
1.1641
0.90991
1.3428
1.1402
0.90991
0.86099
1.2531
1.1588
1.1429
0.99541
2.2646
2.904
1.8923
1.2794
0.877
1.0617
1.0351
1.0691
1.6634
1.4791
1.406
1.0069
0.80538
0.90991
1.1324
1.1455
0.99541
1.2303
1.9055
0.92897
1.5849
1.3032
1.2303
0.88512
0.99541
0.81658
1.0889
1.4928
1.3335
1.3243
0.98175
1.0765
1.7783
1.7579
1.1561
1.4454
1.3614
0.79983
0.97724
1.135
0.95499
0.8414
0.97724
1.2589
0.81846
0.92683
0.80724
5.2845
1.5959
1.1015
1.4028
0.75858
2.4831
1.4223
1.8836
1.71
1.6482
0.76736
1.1143
4.4361
3.4198
1.6144
1.2794
2.3227
3.6392
3.8637
5.6624
5.8479
6.0395
7.1614
7.9616
6.3096
1.1588
1.135
1.2912
1.028
0.81658
1.1803
0.88512
1.1803
1.7378
2.3121
3.4119
0.96828
0.86497
0.82414
0.80168
1.3002
1.2531
1.0069
0.7925
0.8414
0.82035
0.80538
0.74989
0.79983
0.86696
0.8091
0.72946
0.78163
0.77983
0.7379
0.76208
0.81658
0.80353
0.77625
0.79068
0.79799
0.82035
0.75683
0.93111
0.82035
0.86896
0.82224
0.91833
0.8531
0.86298
0.70958
0.76208
0.81283
0.77625
0.8147
0.86696
0.80353
1.2445
1.1614
0.86896
0.8091
0.82414
0.76913
0.74131
0.76913
0.70958
0.85704
4.8529
6.5917
5.821
5.6105
8.7498
9.1411
7.0958
5.6885
8.1283
4.0738
4.4978
6.2661
7.7983
8.5704
8.414
10.814
8.6298
5.8076
1.39
3.2137
6.9984
8.6497
11.246
10
10.233
8.6298
7.5509
6.4565
5.728
9.3972
8.4918
8.4333
8.4723
7.5162
7.709
8.5507
8.3753
1.2735
0.98855
1.8408
1.4125
0.92257
1.0914
0.94842
1.4289
1.0965
1.0765
1.0375
0.98628
0.9506
1.5488
0.86497
1.0641
0.92683
0.81283
0.76913
0.79799
0.8091
1.0641
0.7656
0.81283
0.84333
0.74645
2.9309
1.1117
1.4191
1.0209
1.2388
0.74131
0.87902
0.90365
0.8531
0.76208
0.79616
0.82985
1.4454
1.183
0.93541
0.89125
0.9247
0.90157
0.77983
0.84333
0.84333
0.78886
0.72611
0.83946
0.90157
0.8147
0.75162
5.781
5.3456
8.5901
10.423
9.0991
9.4406
7.2444
0.97949
0.80168
1.0447
2.7797
8.3368
9.1833
9.247
5.9156
6.5615
0.94189
0.92045
1.3152
0.89743
1
1.0864
0.98855
1.1298
0.99312
1.0691
0.87096
0.79616
0.82035
0.84918
1.0789
0.75336
1.2618
0.77983
0.85704
0.86497
0.877
0.81846
0.77446
1.7338
1.2417
1.0471
3.7411
1.2972
0.9977
0.9977
1.7989
1.9999
1.4488
3.9264
7.7625
5.2966
6.0256
5.224
2.8184
8.2794
5.445
4.9659
1.1749
1.0593
2.4774
5.728
5.1761
4.0087
9.3756
0.85704
0.82604
1.1508
1.8578
6.2087
5.4075
5.9979
5.8614
6.6988
6.5013
7.8163
8.2985
8.091
6.9183
1.2417
1.3032
1.4322
1.0139
1.4588
1.3213
1.0889
1.2106
1.3213
1.4655
1.094
1.4223
1.2445
1.2218
1.0304
1.3305
1.0839
1.094
0.82985
0.96828
1.0914
0.87498
0.80168
0.82224
0.78886
0.78163
0.8356
0.83368
0.7656
0.93325
0.8531
0.86896
0.84723
1.028
0.88512
1.3397
1.0162
0.86298
0.81096
0.82794
0.80724
0.76913
0.8892
0.77625
1.0471
0.98628
0.79983
0.98628
1.074
0.84723
2.9174
0.72444
0.88716
1.094
2.5763
6.2087
7.1285
7.1945
8.0168
9.3972
8.892
10.965
11.695
11.455
13.996
11.272
7.5162
7.3621
5.7544
1.3032
0.91411
1.2853
5.2119
2.4604
1.6672
3.2063
1.5066
1.0814
0.90365
4.2658
5.42
7.0632
5.8884
11.588
1.1749
1.1455
3.7068
5.42
8.6497
8.0538
9.0991
9.4406
11.015
10.139
10.765
4.3652
1
1.0914
0.88308
0.90365
0.90991
0.9977
0.90157
1.3032
1.194
0.9594
0.86497
0.98401
0.90157
9.3972
14.421
12.942
14.06
18.836
12.359
13.062
17.14
4.4259
11.35
12.218
18.535
19.099
16.255
16.788
9.7275
2.2856
2.8708
1.3002
1.6634
1.1722
4.9545
11.35
