14.191
14.191
12.56
16.788
14.723
23.988
19.77
20.512
19.815
40.458
28.973
14.791
20.137
21.928
1.1143
3.2285
1.5959
20.324
10.965
16.749
25.293
23.988
27.606
33.42
22.08
22.751
15.311
20.23
2.138
23.933
19.187
21.928
0.83176
2.2594
9.1411
17.824
1.1298
13.459
16.943
20.417
23.388
16.368
19.364
25.293
24.774
19.275
20.797
19.861
19.543
0.90782
0.83176
1.766
1.0765
0.85704
0.85901
1.1194
0.93756
1.0093
0.87902
1.4588
0.95719
1.183
1.2589
0.81283
0.83753
2.4155
13.122
0.85507
6.1376
20.417
21.33
12.882
20.277
19.953
24.889
22.336
0.77625
0.90365
0.86696
0.96161
20.417
21.777
21.33
20.559
18.75
18.621
20.464
17.14
7.4817
10.965
5.9429
16.218
17.338
23.605
18.578
2.6915
0.85901
4.3351
15.56
20.137
20.559
15.704
9.9541
1.6444
2.2439
1.8967
1.7865
7.4131
18.923
20.797
22.182
22.08
19.32
26.002
13.552
20.137
18.408
20.324
20.091
11.912
0.89536
5.105
15.776
15.524
11.092
10.28
2.0606
0.85507
2.7925
5.0816
1.5596
1.3964
1.9999
3.0339
13.213
19.231
19.724
23.121
23.067
23.55
22.699
19.953
0.88716
0.78343
0.85704
0.96828
0.80353
0.86497
1.256
11.482
17.539
15.241
23.121
20.893
19.187
25.351
21.577
21.677
19.588
22.029
20.989
19.861
16.368
12.764
1.8707
1.2474
1.074
1.3213
1.6144
2.958
0.69024
1.6558
7.7625
7.8163
16.866
16.069
21.038
22.491
18.707
22.131
2.5468
21.184
19.409
20.091
19.543
21.184
0.80353
0.99312
0.82985
0.87297
0.88308
1.5885
0.70795
1.2106
1.0046
1.1246
4.0926
9.7275
1.4723
2.2646
1.0186
7.9799
0.96383
15.56
19.055
19.953
17.418
14.06
19.32
16.982
0.93756
8.091
0.86298
0.72946
0.97051
2.037
7.5509
0.76913
0.87096
1.1143
1.0304
1.3583
0.73961
1.4588
2.421
1.0423
0.76208
0.81658
0.77625
0.87096
1.8664
1.8793
1.2764
0.69343
0.75509
0.76913
0.69024
0.68549
0.69183
0.67453
1.2647
1.0495
0.73621
0.71614
0.75858
0.75336
0.69823
0.71945
0.68707
0.66374
0.69663
0.75683
0.68234
0.68391
0.68865
0.64863
0.69343
0.72778
0.79983
0.68865
0.65464
0.69502
0.85704
1.0162
1.094
0.69343
1.5136
0.92257
1.0304
1.4256
2.3067
3.6644
0.70307
0.72111
0.7379
0.70146
0.70632
0.67453
0.70469
0.74817
0.70632
0.73621
0.71285
0.70632
1.3243
0.75858
0.67453
0.69663
0.79433
0.72444
1.2823
1.349
0.90991
2.0464
1.3213
1.2134
0.69024
1.7906
1.7338
1.5171
1.4723
1.7022
2.8379
1.8365
2.5704
1.5066
1.3709
1.2531
1.3836
0.93972
0.92257
1.9275
2.1627
23.55
26.062
24.604
22.542
22.542
21.33
23.823
2.0893
1.0471
19.454
27.227
22.336
23.768
25.942
24.889
20.417
23.714
21.627
19.543
24.155
24.717
25.177
25.942
21.928
1.6634
0.90157
0.86099
5.3703
14.757
17.701
18.365
21.878
21.429
23.442
23.55
20.184
1.0351
1.5453
0.99083
1.0641
1.2677
1.1169
1.3521
1.2134
0.81283
1.2647
1.0715
0.9977
1.0375
0.97051
1.2474
1.5849
5.4954
6.5917
9.7051
11.588
16.904
20.137
23.014
19.815
22.182
25.527
24.547
18.493
18.45
19.724
0.84723
13.459
21.38
26.062
21.979
19.77
20.893
12.474
11.94
14.289
12.19
22.439
18.408
16.52
22.594
20.797
20.654
22.182
20.654
10.789
10.99
19.364
19.861
22.699
0.85704
0.81658
1.0593
0.78886
2.3388
7.2611
1.2589
1.0023
14.928
17.701
19.143
22.131
20.137
19.498
17.62
17.783
1.1324
1.0914
0.82414
0.83368
0.93325
1.5631
1.3964
0.72946
1.2853
0.90991
0.74817
0.80724
1.1015
0.66834
0.70958
1.0691
0.72444
1.932
0.78163
0.70632
0.84333
1.7783
1.5101
1.7783
1.2106
1.0715
1.1695
1.2303
1.135
0.6792
0.6792
0.88512
0.70146
0.77625
0.70958
0.72778
0.76033
0.67608
0.90157
1.4158
1.9724
2.0654
5.2
1.6788
0.87498
1.1508
2.0045
1.845
0.91201
1.0257
1.1117
1.1614
1.4388
1.2474
1.0495
1.5959
3.2211
3.1842
3.2659
1.6218
6.9823
0.75336
1.6144
1.4289
1.3521
0.82985
1.0568
1.4555
15.382
17.378
17.865
22.699
18.155
15.346
7.5858
1.3459
1.1641
0.81846
0.83368
0.80538
0.71945
1.3152
0.73621
1.2162
0.90782
1.1588
0.78343
1.845
0.80168
3.8019
0.66681
0.85507
1.2162
0.73114
0.72277
0.72277
0.69502
1.094
0.80168
0.74473
0.68391
0.76913
0.81658
0.79433
1.0789
1.0328
1.4454
1.3366
0.77268
0.91201
0.75858
0.73621
0.73282
0.71285
0.86497
0.81658
0.79983
0.73282
0.96828
0.7709
1.6368
2.3496
0.65766
0.68549
0.72778
0.7709
0.68391
0.70795
0.74817
0.70632
0.83946
0.65615
0.66374
0.6792
0.69663
0.65615
0.64565
0.65464
0.79616
0.68391
0.72611
0.79068
0.69024
0.90365
0.86298
0.8995
0.98628
1.2647
1.2618
0.8892
0.76913
0.70307
0.70958
0.80353
0.8147
0.69343
0.66527
0.68707
0.75509
0.77625
0.74817
0.71285
0.70958
0.69502
0.69663
0.70958
0.66222
0.69502
0.72611
0.67298
0.65013
0.68549
0.71121
0.65615
0.72611
0.66222
0.68865
0.72778
0.69823
0.66527
0.69343
0.65917
0.75162
0.68234
0.73961
0.70146
0.79983
0.70632
0.70307
0.72611
0.72611
0.71945
0.75683
0.77804
0.70146
0.68549
0.68234
0.70146
0.67764
0.76736
0.66834
0.74131
0.72111
0.76913
0.69823
0.69343
0.69024
0.70146
0.7145
0.69663
0.66222
0.65917
0.75509
0.69823
0.66527
0.72444
0.67453
0.71779
0.69024
0.70469
0.65313
0.72277
0.66222
0.72277
0.68391
0.72946
0.66988
0.67453
0.68391
0.67298
0.78705
0.69343
0.70469
0.69984
0.75683
0.78343
0.8995
0.84918
0.73961
0.82414
1.0233
0.66834
0.85114
0.69343
0.68707
0.68707
0.69343
0.73451
0.77268
0.71945
0.68077
0.79616
0.69502
0.69663
0.77446
0.66374
0.70146
0.76913
0.66222
0.80353
0.70958
0.79983
0.68549
0.68549
0.8147
0.74302
0.67298
0.98628
0.89743
1.1749
0.91201
0.79068
0.6792
0.68391
0.68707
0.69183
0.73282
0.68865
0.70795
0.67298
0.69823
0.71285
0.82224
0.75683
0.72277
0.68391
0.67453
0.7925
0.67608
0.68865
0.82414
0.78886
0.74645
0.68077
0.70958
0.69183
0.70632
0.7709
0.66527
0.69502
0.68707
0.67453
0.66374
0.65464
0.6792
0.68707
0.69823
0.66834
0.74817
0.6792
0.68549
0.70795
0.69502
0.67608
0.68077
0.68391
0.72444
0.67453
0.70632
0.68549
0.68707
0.72444
0.68865
0.64863
0.69343
0.71779
0.68391
0.69183
0.64121
0.75858
0.68077
0.66681
0.70307
0.65766
0.67608
0.7709
0.78524
0.66527
0.69823
0.69663
0.65163
0.68391
0.72111
0.72444
0.79616
0.65013
0.67143
0.74302
0.79068
0.75336
0.66527
0.7379
0.72444
0.72611
0.78163
0.74302
0.79616
0.78705
0.71285
0.67453
0.68234
0.71121
0.69502
0.71285
0.70146
0.9247
1.6904
1.0447
1.2445
1.7418
1.194
1.7865
0.68077
0.69024
0.81096
0.67298
0.66681
0.70146
0.67298
0.67453
0.70469
0.68549
0.71779
0.68077
0.77268
0.7709
0.6792
0.75509
0.69502
0.68391
0.72778
1.1912
0.69823
0.74989
0.67608
0.71779
0.69663
0.77625
0.70795
0.76736
0.67608
0.65917
0.74302
0.66222
0.75683
0.77268
0.67608
0.71285
0.70795
0.74302
0.73621
0.67298
0.76384
0.71945
0.70146
0.77804
0.74131
0.69502
0.73621
0.72444
0.73621
0.69024
0.69024
0.69343
0.77446
0.68707
0.72946
0.67608
0.69183
0.74473
0.63826
0.70146
0.72778
0.63533
0.68865
0.72946
0.75162
0.69663
0.74131
0.68707
0.74817
0.67298
0.65013
0.71779
0.74989
0.70632
0.73114
0.73621
0.77804
0.66527
0.72611
0.75509
0.69984
0.6792
0.70632
0.71285
0.71121
0.71285
0.68549
0.7379
0.69183
0.65163
0.64863
0.62951
0.70307
0.72778
0.68234
0.7145
0.69024
0.69024
0.74817
0.79068
0.75683
0.68549
0.70146
0.70795
0.70632
0.63241
0.73961
0.69343
0.69343
0.70795
0.72277
0.6792
0.75509
0.68707
0.68707
0.67608
0.72111
0.72111
0.71285
0.67143
0.69343
0.76736
0.72277
0.68234
0.69024
0.7709
0.80168
0.70307
0.65313
0.75336
0.69823
0.75162
0.71285
0.70469
0.75336
0.69663
0.68707
0.69984
0.72444
0.73621
0.68391
0.70795
0.7709
0.65013
0.67453
0.68077
0.69663
0.7656
0.69024
0.80538
0.78524
0.69984
0.67298
0.66681
0.75162
0.74645
0.73282
0.68077
0.69663
0.69984
0.73282
0.72111
0.71285
0.79983
0.69502
0.80353
0.68865
0.73114
0.68865
0.74473
0.71285
0.73961
0.67143
0.77446
0.78886
0.74302
0.71614
0.66681
0.77625
0.67764
0.72444
0.69502
0.85901
0.7145
0.74131
0.71779
0.65163
0.69343
0.77983
0.74989
0.69663
0.99312
0.69984
0.73961
0.77625
0.83753
0.75336
1.8535
1.094
0.98175
1.3646
1.3274
1.2853
1.5382
1.3243
4.0644
1.6943
2.8445
0.76736
0.82414
0.83753
2.3659
0.68707
1.3996
0.87096
0.74302
0.65917
0.64121
0.68707
0.74645
1.0093
0.73451
0.69984
0.65163
0.69343
0.74473
0.65313
0.68549
0.71121
0.70795
0.7656
0.66834
0.67764
0.74473
0.68234
0.63533
0.67764
0.69984
0.66374
0.70307
0.7145
0.69343
0.69183
0.66527
0.66988
0.69663
0.66527
0.74817
0.7145
0.72611
0.69183
0.66527
0.74302
0.70146
0.72444
0.63387
0.69343
0.77983
0.67608
0.75683
0.67608
0.70469
0.67764
0.89331
0.64417
0.66834
0.70307
0.66222
0.69823
0.93541
0.69823
0.68549
0.67143
0.68391
0.70958
0.79616
0.70632
0.78524
0.77625
0.72611
0.74131
0.69502
0.68391
0.66527
0.72778
0.70307
0.66988
0.71285
0.69823
0.72444
0.69502
0.65464
0.72611
0.74473
0.71779
0.70469
0.71779
0.68707
0.68077
0.68391
0.70307
0.73282
0.67143
0.70469
0.73114
0.70469
0.73282
0.80353
0.71121
0.68865
0.70632
0.69823
0.70632
0.69183
0.7145
0.76384
0.88716
0.71614
0.66527
0.67608
0.72277
0.69024
0.67764
0.68077
0.62951
0.71779
0.69823
0.70307
0.72778
0.67764
0.70307
0.68707
0.68707
0.69823
0.71614
0.69663
0.71614
0.68865
0.7145
0.66527
0.66527
0.68077
0.69024
0.78705
0.69024
0.68391
0.71779
0.66834
0.73114
0.72111
0.74645
0.68549
0.74645
0.74817
0.69984
0.69024
0.70307
0.70469
0.68865
0.71945
0.68707
0.68077
0.67608
0.80538
0.70632
0.65013
0.66681
0.73621
0.65013
0.72444
0.73621
0.72611
0.65464
0.67143
1.4825
1.3397
2.0512
1.7179
1.4191
1.4521
2.6303
1.8836
1.6904
1.0864
1.1041
1.1535
1.219
1.2882
1.2134
1.6672
1.6144
3.9628
1.3964
1.3062
1.0641
1.1995
1.4555
1.219
1.1749
2.2699
2.2491
2.138
2.421
1.7539
2.6002
0.8356
0.7145
0.72111
0.74302
0.89331
0.81096
0.69502
0.96605
0.71945
0.85507
1.0209
0.71945
1.6943
0.72778
0.72111
0.98628
0.73282
0.8995
0.72444
0.69823
0.75509
0.71614
0.69343
0.83368
0.7145
0.7145
0.81846
0.74817
0.71285
0.69343
0.69663
0.67143
0.67143
0.74645
0.7379
0.6792
0.79433
0.7145
0.70958
0.6792
0.65917
0.73451
0.75336
0.76736
0.68865
0.73451
0.72611
0.72611
0.72946
0.74473
0.75858
0.68234
0.76913
0.68549
0.73621
0.72111
0.75858
0.66527
0.68077
0.7379
0.74989
0.71614
0.84918
0.68549
0.68707
0.68391
0.67764
0.67453
0.6223
0.66988
0.70469
0.65766
0.62661
0.65615
0.71945
0.67143
0.67453
0.62951
0.71614
0.68549
0.72444
0.68234
0.68865
0.72111
0.68391
0.66681
0.67453
0.67453
0.70307
0.69663
0.65464
0.67453
0.65917
0.66988
0.70795
0.66681
0.65766
0.70958
0.64565
0.65766
0.66527
0.65917
0.65615
0.74817
0.65163
0.69984
0.7379
0.74302
0.68707
0.69024
0.66834
0.68549
0.72277
0.68707
0.72277
0.70795
0.66834
0.68549
0.63973
0.68391
0.65013
0.66834
0.66222
0.69823
0.64863
0.66222
0.68391
0.65766
0.67298
0.68234
0.63096
0.65615
0.68865
0.66834
0.66374
0.68391
0.68707
0.67143
0.86896
0.75336
0.72111
0.71285
0.66988
0.71945
0.91833
0.71121
0.82985
0.69823
0.68707
0.6792
0.7709
0.69984
0.67298
0.65766
0.69024
0.79983
0.64863
0.71779
0.6792
0.76208
0.69663
0.73621
0.74645
0.72778
0.71945
0.65615
0.69663
0.69343
0.73451
0.76913
0.67298
0.69823
0.70307
0.74131
0.70469
0.78524
0.68549
0.65615
0.70795
0.71614
0.69183
0.68707
0.67608
0.67143
0.69823
0.66988
0.66222
0.67608
0.73451
0.71779
0.67608
0.69663
0.75336
0.71779
0.67764
0.6792
0.70795
0.65313
1.4689
1.0186
3.7325
2.5586
2.8314
0.79068
0.84723
0.78524
1.1995
2.4378
1.4125
0.66069
0.70958
0.67764
0.68707
0.69024
0.70469
0.6792
0.74131
0.65615
1.888
3.4834
1.9999
0.97724
0.86298
0.96161
1.2823
1.122
3.6983
1.4028
1.1967
1.2417
1.4488
0.96828
1.4962
1.1508
1.5849
1.4355
3.0269
3.0339
2.2542
4.1687
0.93541
0.88512
0.7145
0.8531
0.8995
0.74817
1.3274
0.74302
0.66374
0.79799
0.70307
0.76033
0.68707
0.69663
0.72611
0.69984
0.72111
0.69502
0.72946
0.69183
0.67143
0.70146
0.72111
0.65766
0.76736
0.65013
0.70795
0.74817
0.70146
0.73114
0.66834
0.71285
0.7145
0.76033
0.67608
0.6792
0.72611
0.72111
0.77268
0.72111
0.71614
0.66374
0.68865
0.70146
0.70307
0.70795
0.66527
0.72277
0.74817
0.72611
0.73114
0.72611
0.73961
0.74302
0.69984
0.69343
0.67453
0.68234
0.70958
0.67764
0.72444
0.72111
0.76384
0.67143
0.71285
0.68077
0.74989
0.67608
0.75336
0.70632
0.92897
0.68391
0.77804
0.66988
0.72611
0.68391
0.69183
0.67298
0.65313
0.65917
0.65313
0.68707
0.71945
0.68865
0.67453
0.64269
0.69343
0.70307
0.69343
0.63973
0.70146
0.6368
0.71121
0.69343
0.66834
0.67608
0.73282
0.65313
0.67608
0.65313
0.66374
0.74131
0.67143
0.71945
0.68391
0.70146
0.66222
0.70146
0.65163
0.67608
0.70307
1.0093
0.74989
0.73114
0.70958
0.69024
0.70795
0.7656
0.65917
0.82985
0.73621
0.66374
0.71614
0.68549
0.75162
0.69663
0.71285
0.67453
0.68391
0.68234
0.64863
0.68234
0.69024
0.7145
0.66374
0.67298
0.70632
0.68234
0.69343
0.76384
0.73114
0.69663
0.70958
0.69663
0.67764
0.70146
0.67608
0.65163
0.70632
0.6792
0.73451
0.70307
0.72277
0.68077
0.76208
0.67143
0.66988
0.64269
0.66527
0.69823
0.66988
0.69663
0.66069
0.70958
0.64565
0.67453
0.65313
0.66069
0.68865
0.69183
0.69343
0.6223
0.70307
0.68234
0.65615
0.66222
0.9528
0.70307
0.66069
0.74817
0.65615
0.77983
0.71779
0.66988
0.73961
0.65013
0.66222
0.68391
0.73282
0.71779
0.73282
0.92683
0.68707
0.72946
0.70469
0.69343
0.66681
0.71285
0.74645
0.72277
0.66222
0.68077
0.69984
0.81846
0.67608
0.70958
0.68865
0.64121
0.6223
0.72111
0.7656
0.70958
0.68707
0.68077
0.75509
0.67143
0.69024
0.71614
0.74302
0.80353
1.1402
0.68077
0.71779
0.72778
0.70958
0.76208
0.94624
0.70632
0.75162
0.77804
0.7709
0.91833
1.0209
1.205
0.78163
0.93541
1.0593
0.98175
1.4825
1.1803
1.1967
0.72611
0.69024
0.70632
0.74645
0.68391
0.67298
0.69663
0.72111
0.72946
0.6368
0.66069
0.67608
0.70469
0.70632
0.70469
0.69502
0.67143
0.73961
0.67453
0.66834
0.68707
0.67608
0.64269
0.68865
0.68549
0.7145
0.73621
0.6792
0.70469
0.69502
0.79799
0.67298
0.79799
0.65464
0.64417
0.68391
0.69024
0.70469
0.67143
0.7145
0.72778
0.71614
0.69502
0.67453
0.74473
0.73621
0.74473
0.68707
0.62951
1.094
0.67608
0.67764
1.0116
0.74989
0.69663
0.70958
0.85114
0.66222
0.71614
0.74989
0.69343
0.7925
0.72444
0.73621
0.73621
0.71285
0.69183
0.67764
0.69984
0.73114
0.67143
0.71121
0.72444
0.67453
0.7145
0.71121
0.72946
0.73282
0.65464
0.71945
0.66222
0.66374
0.76208
0.68865
0.70795
0.74473
0.72611
0.7656
0.76736
0.75858
0.65313
0.75162
0.65766
0.82035
0.71121
0.69024
0.70469
0.65313
0.73114
0.72111
0.74817
0.68391
0.68707
0.76033
0.72778
0.73451
0.69183
0.72778
0.7145
0.76384
0.70307
0.67143
0.68234
0.67608
0.75336
0.64565
0.69663
0.65163
0.69024
0.68391
0.68865
0.66988
0.66834
0.70795
0.66988
0.66834
0.71614
0.74645
0.86896
0.68865
0.65766
0.67143
0.72111
0.65917
0.66069
0.65464
0.67764
0.67608
0.69183
0.73621
0.68549
0.69984
0.72946
1.0839
0.76736
0.66681
0.66527
1.3397
2.4322
1.8664
1.5631
1.8535
1.1066
0.98628
1.1092
2.3878
1.5171
0.87498
0.76208
3.9902
1.1482
1.2359
2.5119
1.1995
0.96161
1.5171
1.0889
1.1298
1.7906
1.1272
1.1455
2.023
1.2503
4.6132
5.6234
19.454
20.845
19.679
17.061
20.654
1.6711
1.2942
17.298
14.454
14.962
9.3756
15.922
9.9083
19.999
17.865
14.125
18.239
22.961
22.961
19.634
20.417
0.99312
1.1092
0.7925
0.82794
1.0814
1.2218
14.689
18.707
15.596
13.459
16.032
18.281
22.909
19.815
2.2336
10.641
14.388
20.559
13.646
13.002
17.742
16.181
10.94
20.512
24.322
21.727
11.668
1.2134
1.6866
12.735
8.6696
17.258
20.23
19.907
16.788
4.7424
11.803
19.634
19.231
21.827
25.003
19.679
22.542
1.099
1.4421
2.6669
0.75509
0.78705
0.76913
0.66834
0.70958
1.0617
0.85507
1.0765
1.094
1.2589
0.87902
0.90157
0.77446
0.68707
0.67298
0.69343
0.65464
0.69663
0.69502
0.64863
1.9861
1.183
1.3614
10.046
1.3552
0.69343
0.78705
0.82794
0.72946
0.74302
0.72778
0.68865
0.72111
0.7379
0.73114
0.71121
0.69343
0.69823
0.66681
0.73282
0.69183
0.74473
0.66681
0.69984
0.69502
0.74302
0.70469
0.74645
0.72444
0.76208
0.71614
0.79799
0.71945
0.68865
0.73621
0.71121
0.73621
0.67143
0.71285
0.69502
0.70795
0.73114
0.71945
0.73282
0.70958
0.66834
0.72277
0.68707
0.70469
0.67143
0.74645
0.77446
0.72111
0.70958
0.68865
0.72444
0.69343
0.73451
0.75509
0.74817
0.66527
0.69343
0.72778
0.68234
5.9156
0.68077
0.71779
0.9594
0.70146
0.68707
0.74989
0.69502
0.69343
0.67453
0.71121
0.66681
0.74817
0.81658
0.69183
0.69024
0.78343
0.70632
0.7379
0.70958
0.66834
0.68707
0.71779
0.81846
0.74131
0.70795
0.69343
0.6792
0.73114
0.75162
0.70795
0.71614
0.70795
0.76736
0.6792
0.71614
0.83946
0.68391
0.72111
0.71779
0.73114
0.73282
0.7656
0.73114
0.7145
0.67764
0.74817
0.69502
0.68391
0.72778
0.82224
0.70632
0.74645
1.71
1.4859
1.1561
1.028
1.4997
1.052
3.5975
2.8708
0.78163
2.4547
0.67608
0.75162
1.1272
0.71614
0.65163
0.75683
0.74817
0.70958
0.65313
0.72111
0.75336
0.67143
0.70146
0.72444
0.66988
0.7925
0.74989
0.75509
0.91201
0.88308
0.84528
0.877
0.78886
0.99541
3.9994
2.7102
0.71285
0.75162
1.0568
0.72111
0.81096
0.81096
0.75683
0.68549
0.67143
0.66374
0.64863
1.762
1.052
1.3614
1.6406
1.39
1.6218
3.8905
0.7145
0.66069
0.71945
0.70307
0.69343
0.71945
0.77268
0.69343
0.66527
0.72946
0.74817
0.70632
0.74989
0.71779
0.78343
0.73621
0.7925
0.72946
1.6827
0.69183
0.69183
0.69024
0.67453
0.69024
0.73114
0.73282
0.68234
0.63241
0.66374
0.69183
0.7379
0.75683
0.70146
0.76913
0.70632
0.70146
0.68234
0.64417
0.68077
0.68707
0.71614
0.7379
0.66374
0.76208
0.74473
0.66222
0.74302
0.7656
0.73282
0.71614
0.74817
0.82414
0.69984
0.81658
0.65917
0.69823
0.68077
0.6792
0.67608
0.68865
0.83753
0.68077
0.69663
0.74302
0.7145
0.65766
0.82794
0.69823
0.69823
0.65615
0.70795
0.71285
0.69823
0.67453
0.68549
0.71285
0.66988
0.63973
0.65464
0.70146
0.67608
0.67764
0.69183
0.65313
0.69823
0.62806
0.64269
0.65766
0.65313
0.68707
0.71121
0.69024
0.70795
0.73282
0.63973
0.65615
0.72946
0.70795
0.6792
0.66681
0.71285
0.66374
0.68077
0.69984
0.7145
0.69183
0.70958
0.64863
0.66681
0.64714
0.6368
0.68391
0.64121
0.68077
0.70632
0.74131
0.68234
0.64121
0.66681
0.69343
0.73961
0.71779
0.65313
0.66069
0.65615
0.76033
0.69024
0.73621
0.6792
0.70795
0.66374
0.73621
0.66681
0.69823
0.65163
0.68707
0.67143
0.72111
0.6792
0.7145
0.67298
0.67608
0.65615
0.6792
0.67453
0.71121
0.65917
0.64121
0.68707
0.66988
0.67608
0.65013
0.68865
0.66527
0.70632
0.64714
0.70307
0.70146
0.65464
0.68391
0.82604
0.70469
1.205
1.3122
1.0304
1.5241
3.1117
1.0839
1.4962
1.6144
1.219
2.7733
3.1046
0.93972
1.4962
1.2106
1.6106
2.2439
2.8973
0.79068
3.2885
1.4093
1.7783
6.2373
4.1115
1.5849
1.4894
15.56
20.277
17.66
24.547
21.827
21.33
17.338
1.3996
0.95499
1.1092
1.4521
1.4689
0.97051
1.8113
13.583
15.596
20.559
18.197
19.679
15.56
13.397
2.9923
1.0471
0.86298
1.5311
0.74989
0.97724
3.3189
3.5892
0.66834
0.82035
0.83176
0.86497
0.73114
0.66988
0.73114
0.66834
0.69663
0.66222
0.71285
0.73282
0.64863
0.66681
0.67764
0.69984
0.76384
0.69024
0.69183
0.66527
0.73621
0.69024
0.71945
0.79799
0.75336
0.64565
0.66681
0.67143
0.72778
0.72946
0.82985
0.69502
0.7379
0.71285
0.71614
0.75683
0.75336
0.69663
0.77268
0.7145
0.6792
0.69502
0.69663
0.67453
0.66069
0.7656
0.75509
0.74131
0.69502
1.0116
1.9409
1.8578
0.97051
1.7258
1.9634
1.4622
0.71779
0.66681
0.65313
0.86099
0.77446
1.766
0.71121
0.73961
0.77446
0.73961
0.71121
0.70146
0.7145
0.74989
1.9953
0.74473
0.75336
0.68077
0.72611
0.66988
0.65917
0.73451
0.71614
0.88308
0.8414
0.67453
0.75336
0.68234
0.68234
0.73961
0.68391
0.71945
0.68391
0.67453
0.72444
0.68707
0.73451
0.72277
0.66069
0.67608
0.71121
0.70958
0.66681
0.72946
0.70795
0.68077
0.69183
0.75683
0.69663
0.67764
0.75509
0.69183
0.72778
0.68391
0.66069
0.69024
0.70958
0.64269
0.69343
0.67143
0.68077
0.66681
0.64565
0.97051
0.69343
0.67453
0.67764
0.72778
0.75336
0.66069
0.69502
0.66222
0.74131
0.7145
0.72946
1.5031
1.0839
0.97724
0.70469
1.122
1.3243
1.1117
0.71945
0.6792
0.66527
0.69984
0.73451
0.72111
0.69502
0.68549
0.69343
0.64269
0.64417
0.72946
0.65615
0.68391
0.67298
0.7379
0.69984
0.70146
0.92683
1.3552
2.0091
0.90365
0.78163
0.79433
0.84723
0.79799
1.1246
0.74302
0.96383
0.73282
0.70469
0.71614
0.71779
0.67298
0.73961
0.73114
0.66374
0.67608
0.67608
0.70958
0.77446
0.65163
0.71779
0.81096
0.71121
0.71614
0.73621
0.65163
0.66988
0.64714
0.67608
0.76736
0.75683
0.75162
0.67608
0.73961
0.79983
0.73114
0.73451
0.71121
0.8414
0.73114
0.74302
0.76033
0.68391
0.74302
0.78886
0.9977
1.4289
1.099
1.5136
1.9011
3.4198
0.68077
0.73621
0.78163
0.67298
0.65163
0.66374
0.68391
0.69823
0.76033
0.69183
0.70307
0.7145
0.77268
0.68707
0.63096
0.63973
0.72111
0.73114
0.67143
0.66527
0.65917
0.69183
0.67298
0.67298
0.69984
0.72111
0.67608
0.66681
0.68865
0.72611
0.69984
0.70307
0.78524
0.73451
0.68077
0.69024
0.66988
0.64714
0.69343
0.66374
0.69984
0.72444
0.7145
0.68707
0.71285
0.69984
0.90991
0.70958
0.68391
0.70632
0.69823
0.68865
0.76913
0.75509
0.70632
0.76384
0.66681
0.66069
0.9594
1.3614
0.65313
1.1376
0.87297
1.1749
1.8707
0.77625
0.69502
0.70632
0.89331
4.6132
0.70307
0.67764
0.71945
0.69823
0.70469
0.74645
0.76384
0.70795
0.68707
0.68391
0.68391
0.73282
0.77983
0.64269
0.68707
0.69502
0.80168
0.68865
0.71614
0.71121
0.8147
0.68077
0.7379
0.64565
0.73282
0.78524
0.72444
0.7145
0.7145
0.6792
0.70146
0.70469
0.70632
0.68234
0.76913
0.71121
0.70469
0.82414
0.68707
0.85704
0.68865
0.76736
0.69183
0.78163
0.66374
0.72778
0.68391
0.69984
0.70795
0.7145
0.71285
0.72444
0.79616
0.74302
0.68391
0.66374
0.68549
0.74131
0.68549
0.74817
0.70958
0.68549
0.70146
0.66527
0.73961
0.71121
0.68391
0.68549
0.72111
0.77983
0.72444
0.81846
0.72778
0.70469
0.70469
0.69183
0.71779
0.70795
0.71614
0.77268
1.0789
1.6827
3.3343
1.0593
1.1482
1.3335
1.2942
1.2388
5.224
1.7579
1.2246
1.8239
1.4859
1.194
3.5075
1.2162
1.7258
1.2303
1.1803
1.7458
1.888
1.6181
10.423
0.85901
1.4521
8.995
12.445
15.596
18.75
16.788
4.0926
7.5683
5.1761
9.0157
17.179
16.406
20.464
13.397
15.74
1.2882
0.72946
1.1324
1.5631
2.4266
1.1858
1.9724
6.6834
2.9992
4.8978
4.1976
4.2954
4.5082
0.8091
1.1194
0.87902
1.5524
10.568
12.677
17.701
17.742
18.621
17.539
15.417
1.7061
1.2023
1.1092
2.7479
16.558
15.596
16.596
14.093
18.45
2.5235
1.2474
1.374
15.066
19.543
24.266
20.184
15.776
8.6696
18.239
22.284
4.8865
0.94189
0.87498
1.1588
0.75162
0.91411
1.6255
0.91411
1.2445
1.3366
2.4322
0.76913
1.3677
1.1749
2.0701
0.73621
0.85704
0.8414
0.6792
0.84723
1.0139
0.85901
0.69823
0.8147
0.79068
0.7379
0.69183
0.66222
0.68234
0.69024
0.71121
0.74645
0.72277
0.69663
0.76913
0.75509
0.70307
0.73114
0.71121
0.68077
0.70958
0.75509
0.70632
0.66681
0.73961
0.70632
0.65464
0.68234
0.73114
0.69343
0.68077
0.67453
0.66834
0.70469
0.74645
0.96383
0.90991
0.69343
0.70469
0.65917
0.67453
0.7379
0.72111
0.76033
0.66681
0.67298
0.7145
0.65013
0.76736
0.67143
0.6792
0.71945
0.65464
0.68707
0.69502
0.72111
0.64565
0.78163
0.69663
0.71285
0.69984
0.69343
0.67453
0.71779
0.69502
0.72611
0.69343
0.66222
0.64121
0.74302
0.76033
0.71614
0.71945
0.67608
0.68865
0.70795
0.72946
0.68391
0.70795
0.70632
0.70632
0.68707
0.71121
0.70958
0.68234
0.75162
0.72946
0.67453
0.64714
0.71945
0.70632
0.75336
0.70307
0.6368
0.74131
0.6792
0.64417
0.73451
0.68707
0.69343
0.65163
0.69024
1.3062
1.0423
0.72778
0.76208
0.75162
0.67143
0.74131
0.69502
0.78163
0.77625
0.68234
0.68707
0.73621
0.74302
0.69663
0.69183
0.68865
0.67453
0.72778
0.72277
0.68707
0.73621
0.72277
0.73451
0.70795
0.70469
0.70469
0.66681
0.7379
0.72111
0.71285
0.96828
1.052
2.1979
0.8892
0.84723
0.93756
1.7219
0.96161
0.96383
0.64121
3.1405
2.1038
1.0544
1.4454
1.2647
1.6218
1.2303
1.135
1.9634
1.1508
3.4198
1.4791
2.3121
0.66988
0.73282
0.78886
0.70146
1.3614
0.97724
1.1194
2.7227
1.2331
0.70958
0.75683
0.64417
0.72778
0.75683
0.6792
0.66681
0.6792
0.66222
0.68865
0.66988
0.66834
0.73621
0.67764
0.72444
0.65313
0.70307
0.67764
0.68707
0.69024
0.69663
0.70307
0.71779
0.77804
0.74473
0.7709
0.7379
0.71285
0.76384
0.78343
0.78163
0.85901
0.82604
2.6546
0.69502
0.74131
6.0117
9.528
6.8707
16.982
19.275
25.003
17.783
19.815
21.135
20.37
8.3946
18.967
21.33
22.131
1.6069
3.6559
14.488
15.776
19.498
22.08
12.823
12.531
21.135
1.714
1.7824
14.894
19.275
21.677
15.631
2.3067
1.5382
1.0641
1.406
0.90365
1.2106
2.6363
0.81096
1.3772
6.2517
8.414
16.218
13.213
21.627
15.922
15.171
13.932
18.967
20.091
18.408
13.677
15.704
16.596
0.90991
11.588
16.482
19.679
23.388
10.375
0.81846
1.0568
0.74645
1.1376
2.7102
1.845
10.162
1.1117
3.2211
18.793
22.029
16.406
21.281
3.7154
6.7143
0.71779
14.997
18.88
19.454
13.459
22.699
14.555
0.82604
2.3227
5.5719
8.4723
1.4655
0.81283
0.90573
0.82604
1.0593
1.1776
1.5101
0.82224
0.69343
0.70632
0.9977
2.4266
1.5488
0.87498
0.7656
1.349
0.85507
0.70795
0.93111
1.7022
2.5293
0.68549
0.76384
0.69024
0.69823
0.72778
0.7145
0.70795
0.72277
0.68391
0.68549
0.66222
0.73451
0.68549
0.71779
0.67764
0.71779
0.70307
0.67298
0.72444
0.66527
0.7145
0.71614
0.70307
0.78524
0.67298
0.75509
0.73961
0.62951
0.78163
0.78343
0.79068
0.69183
0.71121
0.74302
0.64863
0.68077
0.69663
0.70146
0.70795
0.66988
0.74645
0.71779
0.67298
0.70307
0.73621
0.72277
0.71614
0.65163
0.73621
0.72611
0.63973
0.70795
0.72277
0.64863
0.72277
0.67453
0.69823
0.66834
0.70795
0.70795
0.77268
0.73282
0.70632
0.70795
0.68549
0.78524
0.97275
0.82224
0.68549
0.70795
0.87498
0.77804
0.70307
0.67143
0.69502
0.71614
0.69183
0.64714
0.70795
0.72611
0.68865
0.83946
1.4093
0.84528
1.2078
0.89536
0.76736
0.74645
0.99083
0.83176
0.92683
1.5885
0.9506
1.3335
0.72611
0.65464
0.72946
0.71945
0.82224
0.76033
0.64417
0.66222
0.71614
0.67143
0.66222
0.65013
0.69183
0.61802
0.69663
0.92257
0.75509
0.70632
0.79799
0.65163
0.65615
0.66222
0.69502
0.65615
0.74989
0.66988
0.69663
0.68077
0.66374
0.64565
0.66834
0.6792
0.93541
0.66374
0.66988
0.67764
0.72111
0.65464
0.72444
0.65464
0.67453
0.73451
0.68391
0.68234
0.66527
0.66069
0.79799
0.76208
0.74989
0.66374
0.82224
0.67453
0.65766
0.66988
0.73114
0.67453
0.80724
0.72277
0.73282
0.64417
0.67298
0.70307
0.73451
0.74989
1.0257
0.64714
0.67143
0.97724
0.68865
0.70469
0.69823
0.93325
1.3614
1.4555
3.2285
5.2966
0.76208
0.73114
0.68865
0.7145
0.7925
0.78886
0.79068
0.79983
0.84528
0.77804
0.7709
1.0069
1.0304
1.4757
0.86497
0.76384
0.76913
0.75683
0.79799
0.67764
0.73961
0.67608
0.74645
0.75683
0.75858
0.77268
0.72778
0.71945
0.70795
0.67608
0.70146
0.72277
0.73451
0.72611
0.75509
0.87096
1.3122
0.92257
1.094
1.4997
1.762
2.6977
1.6255
5.6105
14.488
19.011
19.011
24.889
18.239
13.183
18.113
19.231
21.38
5.7544
0.99541
10.839
1.2794
2.9174
1.9861
2.037
12.134
19.275
23.281
13.772
19.77
19.409
10.544
19.409
18.707
20.091
24.889
12.388
14.689
22.542
4.592
1.3583
0.86896
0.74473
0.73451
0.83176
0.98175
1.4588
1.6672
0.82224
1.5346
2.0277
2.3281
1.0914
1.052
2.0941
1.6672
3.0269
0.75858
0.72277
0.77268
0.71779
0.67453
0.64714
0.76208
0.62661
0.69183
1.1668
0.67298
0.69502
0.67764
0.69343
0.6792
0.64714
0.68707
0.69823
0.66374
0.71285
0.72111
0.63241
0.68077
0.71121
0.73961
0.68077
0.68234
0.6792
0.66527
0.68707
0.72444
0.65013
0.68549
0.69502
0.70632
0.66988
0.68865
0.68077
0.75336
0.98175
0.65615
0.72778
0.63826
0.69663
0.66222
0.70795
0.65615
0.72611
0.72778
0.68234
0.68549
0.72277
0.67764
0.68707
0.67143
0.66988
0.69823
0.69024
0.71614
0.63387
0.67298
0.66681
0.65464
0.68707
0.68549
0.6792
0.76736
0.73621
0.66681
0.68391
0.69984
0.69663
0.68234
0.71121
0.67143
0.68077
0.69343
0.68549
0.66069
0.65464
0.62951
0.74989
0.70469
0.67764
0.73282
0.68549
0.72778
0.7656
0.66222
0.74989
1.3274
2.8774
3.3037
1.183
1.4588
2.4774
1.1885
1.2134
1.0914
4.9774
2.0893
0.75336
0.74473
0.67608
0.69823
2.0137
0.71779
0.7709
0.7709
0.80724
0.78524
0.96383
0.71945
0.70146
0.78163
0.75509
0.8147
0.79433
0.7656
0.78343
0.77625
0.80538
0.79983
0.72778
0.75509
0.80538
0.82035
0.75336
0.8147
0.78705
0.73282
0.82224
0.79983
0.74817
0.86099
0.73451
0.70469
0.9977
0.7379
0.72946
0.85901
2.0464
1.1508
1.1246
1.2853
1.1885
9.0157
17.579
21.184
20.417
1.2246
1.3614
0.9506
1.875
0.8414
1.2274
1.1482
1.4655
0.88512
1.0568
1.1561
8.2035
2.7925
8.2035
13.274
16.482
20.941
22.387
21.827
22.699
4.14
10.423
0.81846
12.706
15.596
19.231
22.336
15.136
14.289
18.239
18.365
20.559
18.967
16.788
1.0069
1.3932
1.194
10.046
8.5507
13.092
18.578
6.0674
1.1695
0.79799
1.3996
1.7179
2.2803
0.77446
3.5645
7.6736
1.3868
2.8314
2.1777
0.72611
0.68865
2.2646
4.8195
0.8414
0.86298
1.1066
0.69663
0.63533
0.74989
0.69183
0.65464
0.98855
0.67453
0.71121
0.69343
0.68549
1.7258
1.0495
1.574
1.122
1.5885
0.65766
0.67608
0.71285
0.76736
0.76736
0.74131
0.77446
0.77446
0.68234
0.67608
0.67453
0.70958
0.75509
0.69823
0.76736
0.68549
0.69183
0.71945
0.75336
0.77268
0.68077
0.73451
0.70469
0.77268
0.71285
0.70307
0.67143
0.70632
0.74989
0.72277
0.72111
0.72611
0.73451
0.97499
0.73961
0.69024
0.68391
0.66681
0.73621
0.77625
0.75162
0.7656
0.75336
0.70632
0.73621
1.1169
0.69502
0.6792
0.67764
0.67764
0.64565
0.75336
0.74645
0.70795
0.74817
0.80724
0.73961
0.72611
0.87498
0.69502
0.74645
1.1117
0.72111
0.97051
0.85901
0.88105
0.68391
0.92683
0.76913
1.0715
0.84333
1.1272
0.77804
0.75336
0.69183
1.0617
0.66069
0.72444
0.70469
0.70469
0.84333
0.70146
0.71614
0.89331
0.72111
0.65615
0.66834
0.71285
0.69183
0.77983
0.99541
0.72778
0.7379
0.73621
0.83946
1.0023
1.0423
0.70632
0.71285
0.75683
0.77983
0.72444
0.69183
0.72277
0.74989
0.877
0.88105
0.71945
0.69663
0.81283
0.71285
0.68391
0.69343
0.98175
1.1117
0.69502
0.69663
0.69663
0.73451
0.7925
0.71285
0.66988
0.6792
0.93541
0.70146
0.76208
0.82224
0.72778
0.71285
0.67298
0.69024
0.89125
0.71614
0.69502
0.76033
0.71614
0.75509
0.70469
0.82224
0.77446
0.91411
0.76736
0.74645
0.79068
0.74645
0.8531
0.73282
0.81096
0.69183
0.72277
0.73114
0.79433
0.67608
0.76033
0.71779
0.69502
0.76913
0.70795
0.69984
0.90573
0.74645
0.90157
0.70958
0.70469
0.70469
0.73451
0.77625
0.82414
0.76913
0.7709
1.9724
2.1184
2.6242
0.67453
0.70795
0.69343
0.69823
0.77268
0.77625
0.74131
0.73282
0.69183
0.67143
0.66834
0.77268
0.7145
0.70469
0.82224
0.68234
0.74302
1.0233
1.7219
4.6345
0.82604
2.2594
0.73282
6.4269
14.421
17.022
17.783
23.933
13.49
21.184
2.9376
0.99312
1.8621
5.6624
11.803
15.776
18.155
14.388
24.491
18.408
21.086
14.555
19.231
19.055
9.977
1.0046
0.92897
1.8578
1.2162
2.5527
1.7865
5.1404
4.3551
1.3459
4.1591
17.458
20.989
15.596
19.011
5.4576
9.247
17.783
20.091
21.38
17.579
1.5812
3.3651
0.91411
0.88512
0.75858
0.81846
0.84918
0.79983
1.2474
2.5586
2.799
0.86298
1.1298
1.1749
1.2474
3.1477
1.3614
1.7906
4.5499
16.634
18.45
21.979
21.184
20.654
21.928
2.0137
2.9242
8.77
17.338
19.409
21.727
19.724
21.232
14.388
17.783
25.119
14.689
15.885
1.0889
7.8524
19.364
21.086
21.184
17.989
17.378
21.677
2.8379
17.783
19.454
15.488
0.97051
0.93325
0.79983
0.8147
0.74131
0.90991
0.88308
0.80724
0.82985
1.6144
6.1376
0.90782
5.2966
4.0272
15.066
16.255
19.861
22.909
25.293
22.336
13.122
22.182
18.578
25.119
19.055
12.677
21.232
16.368
4.6132
17.458
23.768
21.38
1.3274
4.9774
0.99083
1.1695
0.8531
0.92045
1.5417
2.5119
1.099
8.2604
17.498
22.961
16.982
23.281
20.845
23.281
16.293
17.742
25.003
22.961
17.458
11.169
21.281
22.029
21.878
21.232
16.634
21.478
20.941
1
12.972
7.4302
17.989
5.1404
1.1508
14.028
18.621
17.418
22.336
19.275
20.893
18.155
16.218
1.4322
7.1779
0.81283
0.90782
0.85704
0.83176
0.76913
0.77625
3.0479
1.803
0.92045
0.77625
1.0116
0.7709
4.121
2.0701
1.4997
2.7733
1.8113
1.7022
1.6181
4.592
4.6774
11.169
16.711
20.701
20.324
24.774
25.586
22.336
19.543
20.749
18.03
21.979
19.861
12.618
16.032
12.359
1.8707
0.94842
0.90157
1.2942
2.5351
3.2659
1.1015
1.7498
1.3122
1.0209
1.3305
0.95499
3.062
0.68549
1.0691
1.4454
9.2045
0.88716
1.135
5.8884
17.14
19.099
21.677
17.742
21.928
21.429
21.478
14.622
17.378
17.947
20.701
20.654
1.8281
1.205
16.444
22.182
20.559
24.831
23.281
18.155
19.498
16.218
21.727
16.982
1.6596
0.78524
1.6368
5.2
1.888
12.388
9.2257
12.445
20.845
19.679
19.32
23.388
23.659
20.417
19.77
18.197
1.1429
3.7757
1.2794
0.90573
1.0447
1.1858
0.82414
1.2445
0.74989
0.8356
1.8155
1.39
1.4928
2.2284
16.749
23.442
19.364
22.182
17.62
23.335
12.359
7.9433
14.894
16.672
17.498
17.947
20.606
24.322
20.654
14.859
20.512
18.281
20.941
23.227
15.996
18.493
21.086
18.535
11.169
19.907
23.335
24.434
23.388
22.803
25.177
24.21
20.091
25.177
19.187
17.66
27.479
23.933
23.442
19.498
23.496
26.669
21.827
28.51
26.424
24.491
7.9433
11.668
18.75
21.478
20.137
17.66
21.979
22.803
22.856
23.55
24.889
22.699
23.823
3.8282
14.757
