4.7753
1.2882
0.95719
1.1885
29.107
14.355
33.037
1.3521
1.074
2.3933
2.8445
1.4791
2.0941
1.8323
1.39
7.2946
6.3096
1.9231
2.3067
4.0458
0.72111
0.8147
1.2417
1.4355
1.1722
0.90157
0.89743
1.4191
1.0423
0.9977
4.6132
2.1677
1.556
7.6913
7.1945
8.1096
1.3772
1.4894
0.87902
1.0593
4.3853
1.0304
6.3241
10.839
0.81283
1.0162
1.3646
1
0.94624
0.8356
7.9068
7.7625
6.8391
1.183
1.2106
2.9648
1.4158
1.1324
0.81846
0.86497
0.69502
0.78705
0.70795
0.85507
0.81658
0.98628
3.5727
7.4131
9.0782
11.695
1.0765
1.2388
1.4256
1.7298
1.1376
11.092
9.977
0.94189
1.6106
1.4388
1.556
3.6392
7.1285
6.7143
11.35
6.1518
1.2445
13.305
11.015
7.6208
1.1272
0.79616
9.0365
13.709
0.96383
6.0534
4.7315
1.0889
0.87297
0.85507
0.87297
10.593
11.429
15.205
1.5066
1.6943
8.995
11.402
2.1429
0.85901
0.82414
0.77983
0.77983
0.91201
0.77625
1.135
0.83753
2.9309
1.0471
5.781
9.3325
9.7499
12.19
11.614
9.1833
12.503
7.6384
0.78163
1.8664
1.3804
1.1668
6.7453
10.715
14.421
12.972
14.997
10.814
14.322
11.803
11.776
3.1623
10.399
1.0375
0.80724
0.83368
0.87096
0.84333
0.83753
0.85114
1.2246
0.82794
0.88716
8.2414
12.706
4.6452
0.97051
5.8614
11.776
1.4125
1.2706
9.8401
14.555
1.3032
15.066
19.861
11.22
1.714
1.6293
0.98855
11.272
15.996
12.942
16.406
6.6527
1.8836
1.3274
0.77983
0.90991
2.3227
9.5719
13.552
12.05
0.94624
0.92683
0.99541
1.7989
13.428
11.776
10.257
11.83
13.122
9.5499
9.1201
12.445
0.84918
0.82985
2.6977
2.9174
5.5719
1.5205
1.1995
1.2882
15.311
13.583
12.706
8.5901
13.804
14.421
11.995
13.868
12.677
11.298
5.6364
3.3651
1.4289
0.99541
11.143
8.6696
0.82414
1.0046
1.5171
8.5901
11.995
1.5311
1.6711
1.4757
1.3274
6.9183
11.749
9.3111
9.506
8.356
11.535
5.2
11.912
10.889
11.695
3.8371
11.508
11.995
9.1622
1.9861
7.1614
1.1143
1.6711
1.3996
10.233
10.423
8.8105
0.98855
0.97275
0.92257
4.7315
1.766
0.93111
0.80353
0.8091
0.77625
0.94406
4.7424
9.9312
8.5114
8.7902
1.6069
7.6033
11.722
9.594
0.93111
4.1495
9.594
1.1429
1.1402
1.3552
1.6711
10.666
0.94189
3.5481
1.6749
1.6711
4.3351
4.3752
7.8524
10.069
5.7677
10.495
0.82604
0.74131
3.7411
9.8628
7.709
1.7824
1.0617
1.3152
1.4223
1.4125
1.0328
1.1695
1.4894
1.1749
10.023
8.6099
9.4624
10.093
4.3954
1.1614
1.6596
1.2882
1.0375
10
10.864
3.4834
1.4388
5.2
2.884
0.83176
1.194
1.1561
1.3459
3.3651
10.495
11.117
11.066
1.0641
1
0.97724
3.1261
10.52
10.568
10.069
12.531
4.3954
1.0965
10.691
4.8641
12.474
11.246
6.4269
0.87498
0.84918
0.76208
0.85507
1.3092
1.4962
7.0307
2.3174
1.3335
1.8664
3.9719
12.218
2.1478
0.8414
5.1523
1.8239
2.4889
4.7753
3.3113
1.4125
1.1995
2.7353
4.4055
1.0233
0.89125
0.80724
0.8091
0.79068
0.84723
0.82035
0.79616
0.87096
0.84918
0.80353
0.76913
0.78163
0.83176
1.6943
0.75858
5.2723
1.2023
1.0399
1.2162
1.9187
4.7643
1.4256
1.0568
9.6161
9.3541
10.209
14.158
10.715
1.0691
1.219
1.3804
1.1912
1.1641
1.2246
1.1722
1.2359
11.535
11.402
11.22
1.183
3.8371
1.1272
3.3884
1.1169
0.9506
3.2961
1.1429
3.2961
11.535
0.78163
0.96605
1.094
3.9628
4.3251
1.1402
6.2517
7.656
5.902
1.2677
1.3646
1.4158
1.2618
2.8774
4.3451
3.8019
6.4863
5.0816
0.97051
4.0458
1.3459
0.82604
5.5081
0.90157
0.80538
0.70632
0.87096
0.82414
0.8091
2.5645
0.8531
0.78163
0.86497
0.80724
0.77625
1.875
1.7906
5.6885
0.80724
1.1995
2.8907
10.544
8.3946
1.9498
1.39
5.6885
1.2274
1.1803
1.2677
9.2257
10
14.355
11.749
11.803
6.7143
2.0184
9.247
1.4125
1.8408
2.7925
9.0782
7.6384
1.2388
1.0139
0.93111
1.0864
1.0162
4.0365
9.1201
8.2794
1.1561
1.2417
0.76913
0.76208
0.7656
1.5959
0.94406
1.714
2.5119
0.81658
0.80353
1.1298
0.66988
6.3973
0.99541
1.135
1.2531
0.82414
0.79616
1.2882
0.7709
1.094
3.4041
5.2723
10.328
9.2897
0.95719
0.98628
0.9528
1.0691
1.7783
0.74817
1.1143
0.77625
0.9594
1.4894
0.75858
0.77804
0.74302
0.74817
1.1803
1.556
0.9594
0.72111
0.67453
1.1858
0.71945
0.91833
0.68391
0.8531
0.72444
0.7145
0.78524
0.77268
0.7379
1.6634
0.72444
0.71285
0.7656
0.67298
0.73114
0.90573
1.0691
3.0339
0.8531
10.447
5.7677
3.0903
1.9187
0.70469
5.5463
8.2224
1.0568
0.79068
0.98175
0.93972
3.9174
3.1623
7.4989
0.70958
0.94406
5.7412
0.877
6.8549
8.147
2.1827
2.1677
0.83176
0.82794
0.72946
0.90573
2.904
0.90991
0.82414
1.1455
0.89536
0.97949
1.0814
1.1776
1.0789
2.0559
1.1066
1.1912
0.87902
2.8445
1.4256
1.574
0.80168
0.68549
0.81658
1.9953
1.6181
1.1668
0.97724
1.349
1.766
0.96605
1.5524
2.0701
2.4491
1.803
1.9953
1.7179
1.1641
0.88105
1.1482
4.4566
1.0814
0.99541
1.4093
3.3037
9.528
5.9293
0.92045
5.821
4.3954
10.593
7.1945
1.0209
4.3451
1.4521
1.1482
8.5507
1.1194
1.0328
1.1402
1.2618
3.4198
0.70632
0.81846
0.73282
0.83753
0.76208
0.75336
0.8091
0.75509
0.81283
0.85901
0.79433
0.75336
0.79433
0.77446
1.2794
0.72611
0.77446
0.77446
0.75509
0.79983
0.7145
0.89743
0.76384
0.70795
1.8836
0.74645
0.8356
0.81658
0.71285
0.75336
0.73961
0.69663
0.69502
0.7656
0.70958
1.5704
0.69984
0.73282
0.71945
0.75336
0.72946
0.76736
0.72611
0.76208
1.0423
0.86298
0.74817
0.77625
0.79616
1.4158
0.76208
0.80168
1.4322
0.78343
0.75858
0.99083
1.1324
0.81283
0.73114
0.74131
0.72111
0.7145
0.69502
0.75858
1.3305
0.74473
0.76913
0.92257
0.75162
0.75858
0.72611
0.73114
0.79983
0.71121
0.94406
1.3804
0.71945
0.92897
1.9634
4.217
1.1324
1.0447
1.4791
1.1324
3.3651
1.0423
1.2388
1.3583
1.1995
1.2246
1.766
4.3451
2.7164
1.1143
1.1803
1.977
0.94624
1.7418
1.0914
1.4962
1.0139
1.0447
0.9528
1.1298
1.2078
3.1477
6.0534
1.1588
0.87096
0.93972
1.9679
1.406
2.1878
5.6885
6.8707
8.356
11.668
2.3659
0.99312
7.6208
10.28
8.0724
1.6788
5.0699
0.93541
2.3335
1.574
1.4488
3.7325
2.9107
5.781
0.78886
0.81283
3.0832
1.3996
0.99083
0.81096
0.86099
1.194
1.3092
1.766
5.7544
9.6383
0.89536
0.84333
0.8414
0.74473
0.70146
0.68391
0.93111
0.70146
1.4757
1.6218
0.68707
2.4604
0.77446
2.3496
2.6002
0.69823
0.71285
0.72946
0.70958
0.66988
0.80724
0.73451
0.74817
1.8323
2.5119
0.68391
0.69984
0.71121
0.70632
0.72277
0.77268
0.7145
0.76033
0.70146
0.69502
0.71945
1.9543
0.66222
0.73961
1.1561
1.5776
1.4997
1.8197
0.75858
1.4859
0.78343
0.92683
3.3037
0.72111
0.68865
1.2388
0.68234
0.69984
0.70469
0.67608
0.71285
0.68077
0.72111
0.71285
0.74131
0.69502
0.90573
0.75683
0.77625
0.73114
0.73114
0.72946
0.77446
3.0339
0.7709
1.1885
0.89331
0.7656
0.70958
0.78343
0.82224
0.77983
0.75683
0.82985
1.8408
2.3878
0.72444
1.7219
2.0606
0.82035
0.91411
1.0023
1.028
1.1508
1.1117
2.3121
0.74645
0.69024
1.5453
0.69343
0.7145
0.68865
0.82224
4.0926
1.028
1.0423
1.4421
0.98855
1.094
1.0186
1.0139
1.0471
3.1842
1.9498
0.71614
0.67143
0.67143
0.68865
0.72946
0.70958
0.71779
0.82414
0.80353
0.70469
1.1376
0.70795
0.69024
0.69502
0.70632
0.73114
4.1495
2.8314
0.84723
0.70632
1.4588
0.68391
0.71121
0.71779
0.68391
0.74473
0.75336
0.72778
0.69502
0.71121
0.69984
2.6546
3.8371
1.0399
1.0351
1.2417
0.87297
1.2274
1.3183
1.1015
1.219
1.1803
4.4771
5.3456
8.4528
2.1577
1.7579
1.1749
0.94842
1.1776
1.1041
1.052
1.4191
1.1169
1.8621
1.9953
10.186
1.1117
1.0765
2.023
1.0399
1.0209
2.6792
4.8753
8.7902
1.1749
0.88105
0.96828
1.1803
1.5812
1.0789
1.1482
1.4158
0.87902
1.1535
1.4825
2.4099
0.93972
0.81846
4.6026
2.4831
0.69183
0.74989
1.1668
3.9628
0.77983
4.217
11.272
8.1096
1.1402
0.89743
0.76208
0.8414
0.73621
1.0023
0.8147
0.74131
0.74989
0.99083
0.75336
1.1324
0.7379
1.0046
1.3274
0.72946
0.91411
0.96605
0.79616
0.81283
0.74989
1.374
3.4834
2.1429
2.0184
2.5235
2.7925
1.6672
1.875
1.4622
0.91622
1.1508
0.80724
0.88308
1.1169
0.88308
0.72946
2.4155
1.932
0.73114
0.78524
1.1169
1.6672
0.88105
1.7824
4.2658
2.7102
2.8054
0.69343
0.78705
0.72111
0.75509
0.74131
0.70146
0.66988
1.2274
0.72444
1.1015
0.73451
0.71614
1.652
0.72111
0.74817
0.69984
0.76033
0.67453
0.68707
0.69823
0.71945
0.70795
0.70469
0.64863
1.9999
0.80724
3.0832
7.7625
8.2224
4.4875
0.78705
0.9528
1.349
0.89331
1.094
0.84528
1.845
1.6069
1.9953
1.1508
1.1194
1.052
1.3709
1.4588
1.5596
1.5066
1.028
2.9785
2.6607
0.77446
0.69024
0.70958
0.74645
0.71614
0.78524
0.76208
0.74989
0.65917
0.7145
0.75683
0.73114
0.96161
0.69024
0.90157
0.74473
0.9247
0.74302
0.86099
0.80724
0.81846
0.89125
0.82035
0.77983
0.74473
0.78524
0.76384
0.78343
1.2853
0.8414
0.8147
0.97949
1.1614
2.3933
0.67453
0.92683
0.7656
1.2417
0.99541
1.4454
0.66222
0.65313
1.1858
0.67298
0.68391
1.0914
0.69024
0.82985
0.70469
0.80538
0.72111
0.71945
0.68077
0.68391
1.0765
0.73961
0.73114
0.75858
0.69984
0.68391
0.74817
0.76033
0.71779
0.69343
0.68549
0.67143
0.77804
0.73114
1.1041
0.75162
0.72778
0.69663
0.67764
0.70307
0.69984
0.70469
1
1.0789
0.74817
0.76033
0.69984
1.6069
2.5003
5.6754
0.98175
1.0423
1.194
2.1777
1.2882
0.98628
1.219
1.2823
1.2359
1.0495
1.7179
0.86896
0.78163
0.69663
0.75683
0.7709
0.71614
0.72444
0.68234
0.73114
0.68707
4.4157
7.1121
7.2946
1.1641
6.5917
6.1802
5.8479
9.3325
3.1405
0.74302
0.71779
0.69823
1.8923
0.75858
0.77625
4.5186
1.1776
2.1928
4.4566
7.0146
1.3366
2.1627
0.77625
1.0233
6.5313
9.7499
6.8707
4.1879
0.74645
0.71121
0.8414
1.374
8.77
8.8716
1.0399
0.95499
0.88512
1.0914
1.0093
0.7709
1.7824
0.66988
0.68077
2.4044
0.69663
0.70469
0.72444
0.68549
0.72946
0.67143
0.70469
0.68391
0.66222
0.69343
0.74302
0.70469
1.194
0.96161
2.4774
0.70469
0.70795
0.64863
0.70146
0.68391
0.70146
0.70146
0.74989
0.78163
0.72946
0.74473
0.89743
0.69183
0.6792
0.69823
0.71779
0.68707
0.72111
0.84528
0.69183
0.7925
0.82794
0.8356
0.8531
0.90365
0.82604
0.80168
1.3646
0.69343
2.3227
0.72946
0.69984
0.72444
0.70146
0.70795
0.70958
1.3964
1.0593
1.3366
1.1092
0.9594
1.2882
1.2162
1.3122
1.1015
1.1803
1.3122
3.3189
1.3366
0.97275
1.3274
1.4997
1.4655
2.3988
0.96828
1.1885
2.6242
1.2677
1.3366
1.5205
1.5171
1.5596
2.023
2.9107
1.0691
4.1495
9.8175
7.5162
8.8716
8.2604
4.6345
0.77625
2.9107
6.7453
9.977
9.2045
0.86497
2.9174
1.2474
1.0162
1.2677
0.89743
1.406
6.6374
1.6558
1.1803
3.3113
3.7757
0.87297
1.4757
0.7925
0.93756
1.0233
0.8892
0.89743
0.86497
1.2531
6.7298
3.3884
0.89125
0.88308
1.0789
3.5975
2.3335
1.5101
1.3213
1.3677
1.4928
1.5382
0.75858
1.2134
0.73621
1.6444
0.79068
0.69823
0.79983
0.7925
5.3827
6.223
10.069
7.7983
9.4624
9.506
9.8175
9.6383
10.914
1.5171
0.80724
0.75683
1.0186
0.78705
1.0666
2.0512
2.133
1.0544
1.2706
0.91622
1.1298
1.1858
2.4717
8.5704
9.1833
1.4028
3.767
7.656
8.2035
1.4125
1.6069
0.78343
1.1402
1.5488
3.1696
4.4055
7.0958
0.90157
0.88716
0.83368
2.9107
9.3111
4.102
1
1.1272
1.0233
0.79616
0.93972
2.8445
4.0644
6.5013
7.0958
1.0093
1.0139
1.3032
0.92683
1.0399
0.73621
0.71945
1.2503
2.4889
0.94624
0.75683
0.75162
0.95499
0.94842
1.4158
1.0889
0.84918
2.5119
1.1169
1.1298
1.652
1.2942
1.2417
2.3388
1.2023
1.0162
0.99083
1.1402
0.78163
7.5509
8.3368
0.88512
0.89536
0.86298
0.86696
0.81283
1.6069
2.904
4.4463
0.93325
1.1455
1.0328
1.0328
1.3428
3.2063
3.2063
0.77983
4.8084
13.521
7.7268
10.233
8.0724
1.1246
4.121
8.6497
9.3325
8.9743
1.3243
0.75162
0.72778
5.8614
7.8886
3.8282
1.2274
1.0471
1.3428
1.1092
4.1115
1.4723
0.86497
2.5586
2.6607
3.4995
0.86099
1.0328
0.81658
0.93972
0.8414
1.1169
0.85901
0.79983
0.877
0.93541
0.79616
0.79068
0.8531
0.81846
0.7379
0.82794
0.8356
0.76208
0.74473
1.099
0.7145
0.75162
2.5882
1.5066
0.81283
0.78524
0.7709
0.73114
0.7925
0.85704
0.75683
0.77446
0.74473
0.77983
0.98401
0.86696
0.70632
0.71779
0.71779
0.84333
1.4723
2.3933
1.0069
0.97499
1.052
1.2942
0.72778
1.6749
2.1727
5.2966
4.256
1.0023
0.98855
0.98175
1.3305
0.86298
0.95719
0.81283
0.86099
1.6749
0.75683
0.74989
0.86896
0.79616
0.73282
0.85901
0.8531
0.7656
0.76913
0.73451
0.78886
0.89743
0.92257
0.83753
0.77268
0.74989
2.1528
0.75336
0.76384
0.72277
0.73282
0.72778
0.66527
0.70469
0.72946
0.74989
0.82414
0.71121
0.74131
0.74302
0.73621
0.72611
1.0593
0.74817
0.76913
0.74645
0.73621
0.75509
0.77625
0.73114
0.7379
0.78163
0.73961
0.76208
0.69502
0.69183
0.65917
0.70307
3.581
0.78163
1.0544
1.3032
1.0641
0.86298
0.72111
0.7709
1.4256
0.71779
0.73114
0.77804
2.9444
3.9902
1.0399
0.87096
0.97051
4.592
1.0691
1.3996
1.0617
1.1455
1.1272
0.77625
0.83176
0.8892
1.219
1.3459
1.0351
1.099
1.9498
0.73114
0.72111
0.65917
0.70958
1.7498
8.1846
9.5499
4.0087
0.80538
2.0941
0.72444
0.73451
6.9984
5.821
4.0738
2.4946
3.9628
7.5162
0.79068
2.884
8.6896
8.531
1.2274
1.1402
1.0447
1.1803
1.1015
1.1272
3.4356
8.6497
8.147
8.2794
7.5162
0.76913
0.77804
0.77983
0.71121
0.75509
0.75683
0.71285
0.7145
0.79068
0.82414
0.87096
0.93325
1.3274
1.4125
0.72444
0.91622
3.5075
6.368
1.2647
1.4093
1.3092
1.2589
1.2942
1.3397
1.3868
1.4355
1.3932
1.5776
1.5417
5.8884
7.9983
0.83176
8.0168
2.3768
7.2111
4.5082
8.4723
8.7902
10.617
6.6681
0.67764
8.7297
7.2778
7.0307
1.6106
1.2706
1.3646
1.1429
0.7145
0.75858
3.9264
4.5186
0.84528
0.93111
0.90573
0.74473
0.88308
0.76384
0.82414
1.4791
0.8147
0.77625
0.80538
0.72946
7.0307
7.4131
9.5499
8.0353
7.9068
9.7499
7.8886
8.1283
2.2182
7.6208
9.1411
2.541
7.379
1.2764
1.205
1.1117
1.4256
1.5668
6.9502
8.4333
9.0365
1.3397
1.8197
0.7925
0.83753
0.8147
0.82604
0.80353
0.83946
0.84333
0.80353
1.0641
0.86099
0.79616
0.75683
0.85507
0.72778
1.7258
0.70795
0.79799
0.76208
0.8414
0.79799
0.75683
0.80724
0.8091
1.135
1.2274
1.0568
1.6218
0.69343
0.70958
1.4859
5.236
5.8749
1.7418
4.3251
0.74817
0.7379
0.71779
0.73451
0.75858
0.86696
0.81283
0.80168
0.80353
0.83753
5.4075
6.0395
5.7412
1.3614
1.183
2.0184
1.256
1.2331
1.4223
1.0965
1.5031
1.0447
1.3397
1.0568
1.1376
1.0544
1.0351
1.0593
1.349
1.1995
0.84333
0.96161
0.9528
0.90782
1.2303
1.9907
0.7145
0.72778
0.82604
0.70469
4.6026
1.9143
1.0641
2.1777
1.1995
0.87096
1.9953
0.76033
0.73961
0.8147
0.7925
0.79433
0.77804
0.83946
0.77983
0.8356
0.77625
1.3243
0.77268
0.80724
0.84528
0.83753
0.80538
0.77983
0.83176
0.82414
0.76736
0.74302
0.84333
0.72778
0.74302
0.70307
2.8973
1.2359
1.4421
0.77268
0.74989
0.85114
0.78524
0.79433
0.81096
0.77983
0.72778
0.80538
0.8091
0.75858
1.1749
5.4702
0.69502
0.77268
0.74302
0.73621
0.75683
0.69024
0.68865
1.2078
1.2162
1.4454
2.133
0.69024
0.75858
0.73451
0.67608
0.70307
0.80168
0.68707
0.74817
0.82604
0.69183
0.71121
0.71779
0.70795
0.73961
0.7145
0.67608
0.69823
0.71779
0.77268
0.68391
0.82414
0.7379
0.75858
0.68865
0.71285
0.76736
0.76384
0.73961
0.74989
0.69183
0.72444
0.69502
0.72277
0.74989
0.76913
1.1482
0.69024
0.73961
0.70958
0.68707
0.7145
0.70307
0.71614
0.70146
0.65766
0.78343
0.78343
0.71121
0.72444
0.71614
0.72111
0.73621
0.71614
0.71614
0.71121
0.69024
0.70632
0.69183
0.69183
0.72277
0.67298
0.77446
0.67143
0.71285
0.78886
0.78524
0.69183
0.71121
0.70469
0.69823
0.72111
0.71779
0.69502
0.8091
0.87297
0.93972
0.78886
1.099
0.78524
1.7338
1.7742
1.5524
1.2246
1.194
1.0617
1.1776
0.80538
1.0304
0.81283
0.85901
3.1046
1.7824
1.6069
0.65163
0.71285
0.74817
0.76208
0.70469
0.68549
0.65917
0.68234
0.72444
0.80168
0.98855
0.71121
0.64565
0.71121
0.64714
0.72946
0.67298
0.70146
0.69183
0.70795
0.6792
0.70146
2.7606
6.5766
6.4565
6.6069
1.2388
1.349
1.122
2.6546
1.3335
1.9724
3.9174
4.0272
0.96383
1.0162
1.1508
0.81846
0.98855
0.89125
0.77983
0.82414
0.90365
1.0023
0.85901
0.76208
0.80168
0.98855
0.86099
0.78524
0.84918
0.88105
0.85704
0.8091
0.77446
0.82604
0.77268
1.0495
0.85507
0.89536
0.79433
0.93541
1.7258
1.4791
0.85901
1.4894
3.3037
2.0701
3.6308
0.8356
0.72611
0.71945
0.69984
0.71285
0.76736
0.72946
0.72111
0.8147
0.69502
0.75683
0.7379
0.75509
0.75858
1.8621
4.2073
4.1687
2.8445
0.90782
0.97275
1.1912
0.7656
0.79799
0.73961
0.71285
0.76208
0.79616
0.75683
0.71614
0.70307
0.79433
0.69502
0.73282
0.72946
0.87096
0.96161
0.86099
0.76913
0.86298
0.83753
1.0965
1.1776
0.91201
1.5101
0.80168
0.80724
0.72611
0.7925
0.78343
0.71779
0.73961
0.7656
0.75336
0.72111
0.79799
0.81283
0.80168
0.71779
0.73114
0.77983
0.75858
0.74817
0.76033
0.97275
0.82794
0.81846
0.80168
0.69823
0.74473
0.82604
0.78705
0.81658
0.82794
0.86099
1.1912
0.80353
0.76913
0.77446
0.71285
0.70632
0.74989
0.71779
0.82035
0.72444
0.78524
0.7656
0.76913
0.73282
0.74302
0.71945
0.77804
0.70958
0.74645
0.8147
0.77268
0.73621
0.8147
0.76208
0.70469
0.69343
0.69024
0.84918
0.77446
0.73621
0.91201
0.75336
0.72111
0.79433
0.73114
0.74817
0.75162
1.4894
0.71779
0.73621
0.76208
0.73451
0.73451
0.77268
0.73451
0.877
0.73621
0.74473
0.70958
0.7925
0.69823
0.74989
0.71945
0.79068
0.72111
0.80353
0.73282
0.84723
1.3183
0.74817
0.72444
0.72778
0.80353
0.7709
0.72111
0.71121
0.88105
0.79068
0.71614
0.75162
0.76736
0.69502
0.69663
0.69502
0.75336
0.78163
0.85114
0.83753
0.70958
0.76736
0.73621
0.68707
0.78524
0.72444
0.76033
0.91622
0.71285
0.70469
0.78343
0.72277
1.1588
0.69823
0.78886
0.65766
0.69663
0.75509
0.77625
0.73114
0.74473
0.70146
0.74302
0.73451
0.75683
0.72444
0.7145
0.76913
0.69024
0.78163
0.69823
0.73282
0.72611
0.82794
0.74302
0.79983
0.86099
0.91833
0.82035
0.8356
0.83946
1.2218
0.84918
0.75336
0.71285
0.70632
0.77446
0.80724
0.98855
0.73451
0.75509
0.75509
0.82604
2.3067
2.1135
1.1695
0.73621
1.0328
1.0814
0.89125
0.91622
0.83176
0.8531
1.1066
1.4723
1.3583
0.93756
1.0328
1.7219
3.1117
1.8967
0.93541
0.7145
0.73621
2.2542
3.8371
1.1143
1.3122
1.074
1.5101
1.2474
1.1041
1.1535
1.0691
0.96828
1.2218
1.0691
2.3933
6.3533
6.5464
6.5464
11.455
9.9312
8.9331
9.0157
8.356
11.455
9.6383
9.247
9.3972
13.49
8.2035
7.0307
8.3368
7.5683
7.1614
8.0168
7.5336
8.8308
3.155
0.91201
1.2735
1.0023
1.6596
1.3964
1.3964
1.4158
1.0814
1.0864
1.122
1.3677
1.4191
1.3521
1.6181
1.3092
0.9594
0.75162
0.72444
0.82035
0.83176
0.81096
1.028
1.6368
6.8077
3.9264
0.87096
1.3366
0.83946
0.79068
1.2503
1.0965
0.99312
0.74131
0.8356
1.0186
1.1995
0.93325
1.135
0.87498
1.0839
1.3243
1.0351
1.6032
1.7219
1.3646
1.1803
1.256
1.5241
8.4333
7.9068
11.776
10.069
9.0573
9.1411
8.8105
10.715
8.77
1.4223
1.0399
4.3752
7.5858
8.2604
8.7297
2.5527
9.0573
7.4817
7.2111
8.5114
0.74817
7.925
10.423
7.5683
0.8356
1.3772
1.2134
1.2531
1.0304
0.7145
0.79983
1.2274
1.0789
0.81096
0.82414
1.4125
0.81283
0.7925
0.79616
0.77983
0.91411
0.75336
4.3551
9.3756
6.7608
10.375
8.6696
1.4588
2.2439
1.406
1.0495
3.2211
3.581
1.0889
3.3729
3.8282
0.6792
0.69183
1.3213
1.652
1.5171
3.1842
0.91411
0.88512
0.78163
0.77446
0.83368
0.76208
0.70958
0.8995
0.74817
0.87498
0.82985
0.77804
0.82035
0.7709
0.72111
0.74131
0.78524
0.80538
0.80538
0.86298
0.79799
0.76913
0.70958
0.84333
0.83176
0.89125
0.8414
0.78886
0.7925
0.77446
0.82985
0.78886
0.75509
0.72111
0.70795
0.88105
0.72277
1.1749
0.7379
1.2303
0.87096
0.76384
1.7701
1.6181
1.0914
2.0559
1.2359
2.8184
0.74302
0.74473
0.71614
0.72111
1.7338
3.1261
2.8907
4.4771
3.5727
2.3496
0.71779
0.74817
0.77268
0.73621
0.71614
1.0666
4.9431
6.5615
5.2966
6.6527
0.7709
0.78163
0.75162
0.72277
0.74645
0.71945
0.69823
0.77446
0.73451
1.4093
2.2961
1.4191
0.79616
0.9528
1.6711
0.86099
1.0162
1.0351
1.0046
0.98855
1.0544
1.1641
1.3183
1.4454
1.4322
1.2618
1.0839
1.4223
1.2942
1.3002
1.0447
1.3932
1.3932
1.803
0.99312
0.92683
1.0965
0.99312
1.2359
1.122
0.89743
1.5066
3.9902
7.7268
7.1779
6.2517
2.1184
6.0674
8.2794
8.8105
9.977
8.9125
5.9566
4.4566
0.80168
1.2388
1.0304
1.1066
1.2706
0.86896
1.135
1.4689
1.0617
1.3677
0.8147
6.8234
6.8234
9.0782
7.7804
8.2035
0.99541
3.2211
10.046
8.2604
1.0617
5.6885
3.1769
4.5499
7.1285
10.447
4.8417
5.0699
6.6069
8.091
7.0795
6.6069
8.2414
6.9343
10.715
0.86298
1.8493
1.4825
9.1622
3.8019
2.0277
0.75336
0.7656
1.1194
0.90365
0.71779
0.71121
3.6141
6.5163
0.66681
0.72778
0.71779
0.80353
0.72277
0.74989
0.74302
0.76736
0.72444
0.76913
0.7145
1.8535
2.3388
0.77983
0.74473
0.8147
0.74473
0.75162
0.78705
0.75858
0.72444
0.82985
0.72111
0.72111
0.73621
0.70307
0.72778
3.8371
7.925
4.7973
1.349
0.75162
0.71779
0.7145
0.73282
7.9983
7.6736
5.0699
7.3451
8.9536
6.6527
0.7709
0.7656
0.78886
2.9174
6.792
8.1096
9.4842
7.7625
5.1286
6.5917
6.5917
1.9454
8.3368
5.3703
0.78705
0.79433
6.1802
9.1833
2.2387
8.3368
7.9433
8.6497
7.0307
10.471
1.4093
0.98628
1.5031
5.0699
4.0458
6.0814
6.9343
6.9343
7.656
9.0782
0.8356
0.85901
1.9099
0.75683
0.74817
0.72946
0.76913
0.74473
0.7925
0.7925
0.71121
2.1281
7.6913
7.1121
3.581
0.92257
0.97724
0.70469
0.72946
5.5719
5.9841
7.2277
2.6853
5.5335
4.1687
7.0958
8.995
8.9125
3.6141
7.6913
8.6896
8.091
8.5507
8.8105
7.6384
6.8234
7.2611
2.0417
1.3428
1.4093
0.82224
1.5136
0.76208
0.87096
7.4817
1.5453
1.3428
1.2823
8.0724
6.5766
8.6497
6.5766
0.87297
0.71121
0.80538
0.79983
0.76384
0.77983
0.73451
0.76033
0.93972
0.83176
1.6596
1.7701
2.2803
0.72277
4.3652
9.0157
8.2414
6.223
9.4189
1.3521
5.5976
11.376
6.0954
8.995
6.1376
1.3836
0.75336
0.77446
5.4325
7.9068
6.6069
1.0186
1.2972
1.5031
0.90157
0.88308
1.6144
0.85901
1.0304
2.9512
8.4333
8.2414
9.4842
9.1201
7.9799
10.186
9.1833
0.72778
4.4668
0.7145
0.69663
5.9566
7.5683
7.6384
10.116
3.9084
5.1642
0.73621
5.1051
1.0568
6.1235
5.0582
7.6736
2.7606
1.3032
1.2359
0.96828
0.85704
0.82794
1.1429
0.79616
0.86696
0.78343
1.349
0.74645
0.7656
0.82985
0.87498
1.0864
1.3366
1.374
0.74989
2.3442
1.0069
1.6293
0.80353
0.71945
0.76384
4.6559
0.72778
0.73451
0.69663
0.71285
0.68707
0.75162
0.80168
0.7145
0.8147
0.74131
0.73451
0.77446
0.76913
0.7379
0.81283
0.73961
0.72277
0.72444
0.70632
0.81096
0.83368
0.75336
0.78705
0.84333
0.74302
0.73961
0.75336
5.8479
8.6099
6.6222
11.272
9.6828
10.666
7.7983
2.729
1.3996
1.1561
1.1995
1.6144
1.1402
1.2303
1.3614
4.8529
1.4825
1.1455
1.2589
1.194
1.2303
3.4356
1.574
1.7338
4.1783
3.7325
1.4521
5.7544
9.7499
10.889
8.8105
8.356
8.0724
1.1749
1.5885
3.5318
3.9174
0.877
4.5499
3.7757
1.1588
1.3521
1.1695
1.2134
1.1376
1.349
1.1561
1.4894
1.2972
1.6331
1.1695
1.1482
1.8197
1.0304
0.87498
2.3014
0.72778
0.72611
0.72277
2.6182
9.506
6.0256
10.495
7.1285
6.0674
7.9983
7.145
8.9331
10.046
5.8614
1.5276
3.1989
3.4995
0.8091
0.86497
0.7709
4.4566
9.247
1.4421
0.93972
0.77983
0.94842
0.77446
1.0257
1.2503
0.85901
0.80353
0.83176
0.8995
0.75858
2.2803
1.4093
0.9247
1.9275
2.3768
0.88105
1.205
1.5066
1.2106
1.4093
1.0864
0.81658
0.92045
1.2106
1.2618
1.4825
6.8707
8.3753
8.414
8.3753
9.4624
9.3756
10.471
5.5719
8.1096
6.9343
7.0146
7.0958
3.3266
2.3988
1.219
0.81658
1.1695
4.5814
1.2274
1.0399
1.1722
1.0116
2.9992
3.5481
4.6989
1.0495
4.6345
8.9331
7.2946
2.8973
0.87297
0.87096
4.5082
4.3853
6.1235
2.5942
6.8391
8.4723
8.2035
7.3961
8.531
4.6452
1.1482
1.1194
3.2961
6.8549
7.2111
8.1846
4.5082
5.4325
1.6106
0.79616
0.92897
0.77983
0.87498
0.87096
0.78343
0.85901
0.80353
0.79983
0.74473
0.76913
0.74989
0.78343
0.72111
0.80538
0.93972
0.72778
0.81846
0.877
0.80538
0.86099
0.78524
0.75858
0.78163
0.84528
0.81658
0.76384
0.8414
0.81283
0.77625
0.77446
0.76208
2.1232
0.7379
0.78886
0.7925
0.77804
0.78163
0.7656
0.74302
0.77983
0.70632
0.86696
0.75336
0.70795
0.67143
0.67764
0.72778
0.66527
0.7145
0.81096
0.71779
0.73282
0.75683
0.68234
0.9528
1.0139
1.028
1.349
1.0965
1.2647
1.3932
1.1169
3.5892
0.78163
0.72277
0.77268
2.3121
6.8865
7.3961
6.8865
2.1827
1.1143
0.69502
1.0641
1.1535
4.4463
1.2359
1.4962
1.5668
1.8967
1.2794
0.95499
2.4547
2.8445
1.4962
0.71779
2.799
3.8637
0.98855
1.2794
0.90991
0.73282
0.72946
1.7458
1.2388
0.72277
1.1641
0.93756
1.7061
1.1066
1.9231
3.1117
2.2751
2.4604
1.3305
0.89125
0.79799
0.877
1.1722
0.89331
1.0351
0.80168
0.89536
0.82224
0.86696
1.0116
1.0789
1.1041
0.83753
0.78163
0.72277
0.76033
0.72444
0.75858
0.7709
0.77983
0.73621
0.86497
0.84723
0.77804
0.75683
0.84528
0.74817
0.75858
0.84723
0.8147
0.77268
1.1015
0.66834
0.69343
1.3092
0.81846
0.67298
0.72778
0.74645
0.98175
0.70146
0.78343
0.86497
0.91411
1.2794
1.3305
1.9364
2.466
1.1376
1.0839
0.74473
0.70632
0.89125
0.74131
0.70958
0.75509
0.73114
0.68391
0.74302
0.65766
0.71945
0.71614
0.66069
0.73282
0.84918
0.66834
0.68077
0.70469
0.69502
0.66527
0.83753
0.73114
0.72111
0.79983
1.052
0.93756
2.9512
1.7378
0.80724
0.7709
0.78343
0.83176
0.97724
0.84333
0.90365
0.72111
0.77446
0.98855
0.8414
0.82035
0.8414
0.81096
0.76033
0.81846
0.79616
0.85114
0.79616
0.78705
0.78343
0.84918
0.89743
0.81096
0.82604
0.8147
0.81846
0.78343
0.81096
0.83176
0.79433
0.82794
0.80538
0.78886
0.77446
0.8414
0.72946
1.2706
0.70469
0.70795
0.66222
1.2618
0.84528
0.96161
0.78886
0.94624
1.3335
0.72277
0.70307
0.71614
0.78524
1.0423
0.81846
2.037
1.0328
1.1169
0.97275
0.8147
1
1.4521
1.2853
0.81658
1.122
1.374
1.3152
1.1967
0.97499
1
0.97724
1.256
0.78524
1.0965
0.74302
0.79433
0.80353
0.82035
0.82985
0.76384
0.77625
0.73282
0.73114
0.69823
0.78705
0.76384
0.70958
0.67764
0.81283
0.82224
0.68391
0.73114
0.71945
0.75509
0.72444
0.72111
0.81658
0.75336
0.79616
2.5468
2.2336
0.75509
1.1885
2.2751
4.4361
8.1096
10.375
10.94
10.304
11.169
6.0814
2.799
2.4889
0.73451
1.0447
3.1117
0.74645
0.84723
0.73114
0.79799
0.77983
0.73961
1.1194
0.73282
5.358
7.3961
7.6384
10.139
5.1286
8.3176
1.3677
6.5917
8.4918
9.2897
11.143
9.1622
8.8512
1.6904
7.2111
10.889
7.0146
6.2517
2.4099
7.5336
6.2661
0.82985
7.3961
9.8628
5.2119
11.22
7.0307
4.4668
3.8637
9.1411
9.1622
0.74473
1.3868
1.0116
1.3243
0.7145
1.2589
0.78886
0.74817
1.3996
1.194
0.84723
1.6032
3.5727
1.8113
0.87297
1.4757
1.3032
0.77804
0.7379
0.7145
0.79068
0.72444
0.72778
0.7145
7.4473
7.8886
6.8707
8.9536
8.1096
8.0538
11.376
9.3111
7.0146
6.2517
4.217
1.1722
0.9977
0.69984
1.9099
9.0991
7.9616
7.4989
7.4817
1.932
6.0814
0.72111
0.84528
5.0466
6.7298
9.5719
8.531
6.3096
6.3533
4.9545
0.95499
0.77983
0.77625
0.78886
0.78343
0.92897
0.78705
0.87498
0.82224
1.052
0.74131
0.72277
0.70958
4.0179
5.2966
0.68391
0.69984
0.69343
0.72778
0.69183
0.68391
0.75858
0.65313
0.68865
0.68234
0.67453
0.66222
0.69343
0.69024
0.71121
0.72111
0.68549
0.67298
0.67764
0.67143
0.65464
0.66374
0.66681
0.72946
0.71285
0.69183
0.72444
6.3387
7.709
3.0549
2.6485
0.71121
6.9823
7.0307
1.556
1.256
0.7379
2.6363
5.5719
7.2277
6.3973
1.0162
0.80538
0.80168
0.80724
0.74302
0.91411
0.83753
0.82794
0.75162
0.79068
0.72946
0.7925
0.74302
0.79799
0.73114
0.77804
0.8356
0.8091
0.7656
0.74645
0.83176
0.77625
0.81658
0.73451
0.72778
0.75509
0.73282
0.7656
0.71285
0.73114
0.81283
0.79983
0.8147
0.89331
0.74817
0.75162
0.77804
0.72778
0.73961
0.8531
0.7709
0.78163
0.77446
0.88512
0.71779
0.74989
0.77268
0.76208
0.77446
0.74131
0.79433
0.77446
0.75683
0.76208
0.73282
0.76384
0.75162
0.77268
0.82604
0.76913
0.82794
0.78163
0.81096
0.7925
0.79983
0.72277
0.79068
0.71121
0.74645
0.71945
0.76033
0.7656
0.7145
0.81658
0.72111
0.77268
0.80168
0.87498
0.74131
0.75683
0.80353
0.71614
0.72946
0.7709
0.74131
0.80538
0.70146
0.75683
0.72946
0.70795
0.77446
0.82985
0.7379
0.78524
0.78343
0.73282
0.76736
0.74817
0.70632
0.78705
0.77983
0.74131
0.78886
0.83368
0.71779
0.82224
0.72444
0.72277
0.74302
0.74302
0.79983
0.77625
0.77625
0.83176
0.80353
0.77268
0.77268
0.73282
0.76033
0.69663
0.82224
0.82035
0.8091
0.70307
0.78886
0.7656
0.74473
0.86696
0.77268
0.8147
0.96383
0.77268
0.87096
1.0617
0.75683
0.75683
0.72611
0.7145
0.80353
0.78163
0.69663
0.7656
0.81846
0.77446
0.72611
0.75336
0.70146
0.82985
0.90157
0.85507
0.74989
0.73282
0.69024
0.75509
0.83753
0.8995
0.84918
0.74302
0.68234
0.74989
0.74817
0.75162
0.68391
0.70958
0.69024
0.75683
0.71779
0.74817
0.7145
0.71285
0.74817
0.71614
0.71614
0.89536
0.78524
0.73961
0.66834
0.69984
0.70146
0.69984
0.72611
0.72444
0.81846
0.71945
0.86298
0.74645
0.86298
0.96605
1.3646
1.875
0.76913
1.6672
0.70958
0.72611
0.67764
0.72111
0.71614
0.78343
0.72277
0.72611
0.88308
0.68549
1.932
0.96605
0.76384
1.3552
1.1272
1.3459
1.094
1.0641
1.7989
1.6293
2.4547
0.87297
1.2531
1.1324
6.9823
6.7608
8.2794
10.666
7.8524
8.995
13.996
10.814
10.399
7.7625
11.22
8.5704
8.2414
8.7498
6.0395
5.5719
5.7148
1.6596
1.7338
1.4125
7.6736
8.995
9.7949
1.406
0.67764
4.5499
0.92257
9.4624
7.7625
5.2
7.8343
8.9125
8.5114
0.69183
0.79068
6.9823
8.147
8.8308
10.52
2.9717
4.1305
4.217
7.4131
8.4918
7.0632
9.9541
8.9331
8.1846
11.041
7.6736
9.4624
1.5488
0.8356
0.71779
0.78886
0.81846
0.80168
0.88512
0.81096
0.72946
0.76033
0.75683
0.78343
0.77268
0.7379
0.7925
0.73282
0.93111
0.8091
0.84723
0.78163
0.73961
0.76736
0.81658
0.86298
0.88308
0.70795
3.9994
3.2659
2.8445
1.0162
0.76208
0.71945
6.1518
5.5847
10.116
5.7677
9.8855
5.5719
6.5766
8.7297
7.6736
8.4723
5.5335
11.402
8.892
3.3037
5.358
5.7544
7.7268
7.7446
5.7943
1.099
8.6497
5.3088
9.1833
8.8105
10.593
10.965
8.0724
1.4488
0.8414
1.5171
6.0954
8.2035
10.257
8.4528
2.0845
1.0691
0.82035
4.3954
5.5847
4.9204
6.0534
6.4565
9.3541
13.213
8.4333
8.147
10.568
5.2481
1.8664
1.0186
7.8163
22.08
10.99
8.6298
11.561
7.0146
0.82224
0.79799
0.82035
1.3243
0.96161
1.6672
3.8994
8.1283
5.6494
7.2946
0.90991
0.82794
0.86696
0.76033
0.8091
0.85901
0.8414
0.85114
0.74645
0.8091
0.74817
0.84333
0.76384
0.75336
0.73621
0.77446
0.85704
0.7379
0.83946
0.81096
0.91833
0.7709
0.75336
0.7656
0.78343
0.83753
0.74817
0.80353
1.094
0.67764
3.6644
6.6069
8.5114
0.7379
0.8091
0.77625
0.71614
4.8195
8.6298
8.8105
6.9663
8.2224
7.4645
5.8749
4.3853
6.3241
1.0023
0.6792
7.8343
5.6364
7.1285
9.594
10.209
9.0365
8.0353
8.8105
8.2414
6.6069
9.528
3.9537
6.1944
9.4406
6.4269
8.6099
9.247
11.092
0.86896
6.8391
9.3972
8.6696
9.3972
3.2285
8.4528
8.6696
9.2897
9.8628
0.86696
3.013
5.1642
2.8774
1.183
0.78886
7.6913
6.4417
7.0958
9.2897
6.1944
8.2985
9.8628
7.1614
4.5709
7.0795
7.4131
8.414
9.2257
7.5858
4.3752
5.9841
8.5507
8.1283
1.8793
1.3964
0.74645
0.75162
0.83176
0.69343
0.76208
0.73451
0.7709
0.77268
0.77804
1.0023
0.76033
0.71121
0.74131
0.90991
0.73451
0.85901
0.7145
0.74473
0.70146
0.79433
0.71945
0.74131
0.83176
0.74473
0.74302
0.72778
0.7656
0.68865
0.7145
0.8531
0.81096
0.78163
0.8892
0.7925
0.78343
0.76208
0.80724
0.79433
0.84528
0.80724
0.79983
0.79983
0.78705
0.76913
0.72111
0.74989
0.72946
0.73961
0.8356
0.7709
0.74131
0.82035
0.7656
0.7656
0.81283
0.72778
0.80168
0.73621
0.79799
0.77625
0.77446
0.75858
0.68234
0.80168
0.89743
0.76736
0.84333
0.83946
0.90157
0.77983
0.76913
0.74473
0.93541
1.2218
0.76208
2.3768
0.79616
0.83176
3.0409
0.83368
1.0965
1.1143
1.9634
5.9704
10.789
10.257
6.9502
9.3541
12.218
10.116
9.2045
10.069
0.79983
8.5704
10.593
4.4463
9.8175
6.4714
7.0146
10.641
8.1283
5.0234
6.2517
9.7051
7.1285
3.5481
7.6384
6.0117
10.423
7.2277
7.5162
8.0724
3.6141
1.766
5.9156
1.6788
6.7764
8.6298
8.8512
5.035
4.6132
6.8077
2.1478
1.8836
0.87902
0.76913
1.1858
2.5763
1.6181
2.6915
7.2277
1.135
1.1298
1.5066
1.1508
2.9444
11.272
20.417
10.304
7.5162
7.379
10.423
10.495
9.2257
3.6898
2.6853
3.7931
2.5942
1.9055
1.4555
4.1305
5.188
1.6331
1.3521
1.6106
1.8281
1.6218
9.0991
6.8707
6.0395
5.9566
8.4723
6.0395
10.765
3.8815
8.1846
8.1283
9.4842
8.8512
10.351
7.9068
5.2966
4.9204
7.2277
9.9541
8.9125
3.1046
1.4723
0.80724
0.75336
1.0864
3.2285
1.8707
6.223
10.74
5.9293
6.3533
10.328
8.4918
9.2897
12.162
9.1622
4.0644
4.14
0.74473
0.74473
0.89536
0.92897
0.78705
0.84918
0.84333
1.0046
0.76736
0.8147
0.89331
0.75336
0.74645
0.76384
0.72444
0.82224
0.8995
0.88512
0.78886
0.82224
0.76913
0.71779
0.80538
0.83946
0.85114
0.8091
0.74645
0.88716
0.77268
0.69823
0.79616
0.73621
1.183
0.79983
0.82604
0.75509
0.74817
0.96828
0.75683
0.83176
0.92045
0.84528
0.72778
0.77625
0.77625
0.73114
0.77268
0.80724
0.7709
21.878
12.942
0.89331
0.91622
1.3152
2.7797
6.9024
9.1201
8.6696
6.6988
10.139
13.932
6.9502
8.6497
2.7479
8.892
8.0353
12.388
11.885
8.0538
9.2897
6.6527
10
9.6383
3.9174
3.4914
