8.77
2.2233
8.2224
2.1429
4.6666
69.663
49.545
49.545
49.545
49.545
49.545
49.545
49.545
49.545
49.545
49.545
49.545
49.545
49.545
49.545
49.545
49.545
49.545
49.545
49.545
49.545
49.545
49.545
49.545
49.545
49.545
49.545
49.545
49.545
49.545
49.545
49.545
49.545
49.545
49.545
49.545
49.545
49.545
49.545
1.0965
1.9588
2.1777
4.8306
0.90991
0.82224
0.77983
0.84723
2.3014
0.91411
11.22
8.6497
1
7.145
0.80168
1.0328
1.0375
0.89536
1.3552
0.9594
1.9231
0.93325
0.87498
2.2699
1.0093
1.5668
0.90782
1.374
2.0845
0.96383
1.2503
1.6482
1.5382
1.4894
3.1333
1.122
0.9506
1.0423
1.7258
3.1769
4.2756
2.2284
5.6364
3.6644
6.166
5.8749
9.0573
0.88512
2.9242
0.79068
2.1232
1.1117
1.6106
2.4774
0.8147
0.80353
2.9444
1.1508
1.7701
5.445
21.135
1.3397
1.4421
3.6308
11.967
1.7022
0.88308
1.6711
1.5346
1.9861
2.6977
0.97051
0.97949
0.74989
5.1523
1.3397
0.81283
0.90157
0.85507
1.9724
2.0512
1.5812
1.0495
1.0162
2.4774
1.6596
3.6983
1.4622
1.2823
0.9977
1.9454
5.0003
11.143
9.7275
1.7579
3.4834
4.9317
1.1995
2.8119
8.2604
1.4093
8.2604
1.074
0.96161
0.82604
1.4322
7.5336
10.839
2.0797
1.0328
1.0914
10.94
5.7412
5.0699
5.781
9.7724
1.8239
0.80168
0.93325
0.82224
1.183
1.0889
0.94406
2.1528
3.1623
2.673
4.5604
0.89331
0.78886
0.75858
1.0495
7.2778
10.691
14.028
6.9823
2.7353
1.1298
2.1135
3.5156
1.8197
0.78886
0.83753
1.0641
0.90157
2.2856
4.14
4.0272
2.6002
8.3176
15.74
8.8308
14.223
3.7844
0.877
1.0593
1.0593
2.6915
7.7983
8.6298
11.588
8.9125
2.6915
4.4875
1.8621
5.781
1.977
1.2023
2.0559
2.9174
7.925
20.045
11.35
15.812
7.2277
6.7298
9.5719
6.9343
5.0003
4.4055
8.531
4.3251
4.217
6.0395
3.7154
9.0157
10.257
3.0761
4.0551
2.8119
4.1305
8.6298
12.303
2.704
2.9992
3.0832
5.445
3.2584
2.6485
3.0339
3.1696
8.7297
11.066
2.7669
2.5177
6.5464
3.2734
2.8314
5.5847
3.6308
5.2602
4.7534
6.4565
3.5645
5.5208
5.7412
4.6026
4.0272
4.9091
5.902
4.9659
7.5858
5.1761
6.9823
3.9174
3.4277
2.5293
5.9156
6.6834
9.1201
6.7453
3.7068
3.4356
2.8642
3.2509
2.3714
3.4514
3.8019
4.529
5.0699
4.7973
4.6238
4.9774
3.3266
3.9084
4.2855
4.1783
3.5318
6.7453
6.4863
7.9799
9.3756
10.544
11.066
9.8175
3.4277
4.2267
3.8194
3.3189
6.5013
9.7724
11.22
11.885
7.9616
1.7579
8.892
11.722
10.447
9.7275
10.233
11.482
10.28
3.5975
4.7973
4.2756
3.2285
3.6813
4.0644
9.2045
9.7499
4.9431
4.6238
4.4463
3.0903
6.4269
4.6132
4.6345
3.7497
3.8107
4.5499
3.7325
3.8019
4.2954
5.4075
5.1761
7.4817
4.2364
5.9429
3.6475
2.9444
8.9743
11.535
9.5499
10.471
10.544
2.8576
8.414
6.8391
3.9174
4.1687
11.272
4.8978
5.6754
4.7534
4.3551
4.7315
4.0738
2.8708
4.5709
3.9811
5.0466
4.1687
5.6885
2.9444
2.8973
2.9992
4.8529
4.8417
4.6774
4.7098
5.8479
12.706
13.366
12.106
10.544
13.305
16.144
14.125
11.803
10.94
3.0832
10.471
10.023
15.524
6.4863
6.4863
6.4863
6.4863
6.4863
6.4863
6.4863
6.4863
6.4863
6.4863
6.4863
6.4863
6.4863
6.4863
6.4863
6.4863
6.4863
6.4863
6.4863
6.4863
6.4863
6.4863
6.4863
6.4863
6.4863
1.2794
0.88105
1.183
1.6331
2.0845
1.8664
2.138
