12.445
11.246
17.258
10.544
19.679
1.4588
20.749
14.388
13.092
21.577
14.894
9.7724
12.618
18.88
20.045
14.125
9.7499
17.742
18.323
11.117
13.152
11.912
7.1779
20.137
14.521
15.56
9.5499
2.3281
7.5858
12.531
9.1411
15.101
12.972
16.711
14.289
12.823
9.1411
12.218
11.588
6.5917
12.972
14.962
14.825
15.849
14.555
15.996
7.9799
11.272
16.069
14.588
13.459
16.711
11.912
6.5917
17.338
16.52
15.066
14.997
16.672
16.482
16.331
14.521
16.788
7.3961
2.6607
11.94
11.35
8.2985
7.9983
11.429
12.474
8.1658
18.408
9.5719
10.99
16.558
18.578
10.233
11.535
10.495
11.858
8.0353
12.19
8.0353
8.3176
17.14
11.508
8.5901
15.812
15.276
2.8774
7.5858
9.9312
14.289
13.243
11.246
7.6208
7.2611
13.122
12.853
18.493
15.346
11.885
12.706
15.596
8.0353
10.641
17.061
14.256
4.2267
11.912
11.858
12.078
10.257
3.7497
14.125
11.041
10.046
10.94
13.459
10.568
8.356
12.764
12.078
10.94
11.94
12.078
19.231
19.055
11.803
12.647
15.031
15.776
13.772
3.2063
2.355
11.324
8.414
17.458
14.488
13.335
11.995
15.631
15.596
8.5704
10.351
17.022
19.999
15.136
15.596
17.418
13.122
5.0466
10.495
1.6827
7.7804
5.8076
3.6559
11.298
12.764
6.6069
1.3996
1.4158
10.423
7.7804
10.116
11.376
15.74
10.116
14.791
10.715
9.3541
10.186
7.925
8.1846
7.925
20.464
15.066
6.3387
22.284
9.4624
9.9083
9.4189
14.825
8.2604
12.162
6.9343
1.8113
5.5335
10.495
6.9984
6.4714
9.7051
12.589
19.187
9.7724
8.6099
5.6364
8.9536
10.839
7.2778
13.335
7.7268
13.772
10.328
15.311
19.055
11.995
19.099
14.488
7.1945
12.388
8.9125
13.868
10.257
10.691
11.94
11.402
16.106
5.1051
10.568
6.2806
11.35
10.046
5.8749
9.6383
14.028
9.1622
9.0782
14.655
14.521
15.996
8.9743
10.375
15.276
19.409
12.05
12.474
14.421
20.23
23.55
14.223
2.6669
1.2972
1.1561
1.6181
1.4723
3.3729
12.647
17.701
19.543
12.078
7.6913
13.804
17.498
19.498
9.1833
9.4842
7.7625
0.7709
0.79983
0.82224
0.80724
1.7989
13.002
1.2445
0.93325
6.5313
17.783
7.5509
9.4624
14.791
11.298
20.512
9.2683
7.0307
0.88716
2.3335
13.677
12.023
9.8401
12.134
12.078
13.583
11.066
10.544
10.99
7.9799
10.069
21.478
10.52
5.9704
6.6834
5.7016
3.3884
12.503
10.162
12.474
14.894
10.864
11.376
7.2778
12.106
15.704
17.742
14.093
9.3972
25.468
8.147
8.9536
18.793
7.4302
10.965
14.655
9.1411
8.6298
5.0234
9.6383
8.4333
12.331
9.6383
10.233
8.0538
2.5527
1.1912
5.9566
10.495
14.997
6.7298
13.836
15.066
5.3703
11.508
16.596
13.646
10.765
6.0117
5.2
2.2961
4.592
10.162
7.1614
11.015
7.7268
12.56
9.3756
11.668
20.797
24.21
1.2359
13.243
9.9083
7.9616
10.233
11.066
12.474
6.1944
9.0157
5.6105
8.7297
7.7983
6.7143
7.0469
10.666
17.865
15.276
9.1201
14.06
7.9068
10.209
7.2444
18.03
14.028
10.691
14.06
10.093
9.9083
12.106
18.45
20.559
13.521
16.482
10.399
16.943
20.37
13.709
15.776
14.723
9.4406
8.4333
9.1622
7.4473
11.298
15.136
1.1143
0.98855
1.1776
6.2661
4.6774
11.376
12.023
8.7096
10.28
13.932
9.594
12.19
18.281
8.77
9.9312
9.7051
7.0146
10.94
15.596
15.74
16.144
8.3753
15.417
9.2683
11.324
8.0538
9.0991
9.7051
8.8512
16.672
9.0365
13.521
9.1411
13.428
0.69183
3.5975
20.417
7.4989
18.239
0.76913
1.8967
1.1858
0.77625
0.70958
1.1967
2.7669
3.4435
1.6069
1.9999
5.1168
10.257
11.885
14.158
16.444
9.4624
9.0365
16.106
13.552
14.928
16.032
14.859
10.046
11.668
8.5114
7.6913
11.272
6.368
7.5336
9.4624
17.947
8.9331
15.959
10.304
9.528
10.839
13.428
3.1842
4.6345
13.062
16.069
7.2946
12.853
11.995
7.2611
9.8855
11.482
12.162
11.015
9.1622
19.77
9.3972
15.776
11.143
8.9536
9.7949
8.9331
12.19
7.8524
6.5464
9.0573
11.695
11.668
14.521
7.9799
10.666
19.275
17.989
11.94
18.578
17.458
7.5336
1.099
1.1508
6.9823
10.965
10.889
10
8.7297
27.479
13.459
13.521
12.445
14.454
1.4125
1.9011
15.776
13.122
16.032
6.6527
7.5336
8.2794
2.0184
0.80168
1.219
6.0117
6.4714
8.4723
9.1833
9.7051
14.521
15.453
15.996
18.75
11.041
19.588
12.647
10.069
13.49
7.5683
16.069
5.2966
26.73
19.454
18.707
12.417
16.711
8.414
19.454
19.588
5.6885
18.75
13.646
7.925
6.9823
12.735
11.246
10.069
12.503
10.889
16.181
22.029
15.631
14.791
3.0339
1.574
18.323
14.191
14.859
18.281
15.596
24.21
9.7724
0.68391
14.289
19.953
12.134
16.032
9.3325
9.8628
11.455
9.977
10.99
9.3972
8.3176
15.346
9.3541
17.701
14.825
10.399
5.4075
18.88
3.6308
2.729
1.2162
1.4322
1.2853
1.3122
0.78524
0.74989
1.7989
3.5481
11.092
10.839
8.5507
11.194
16.558
16.558
16.943
8.9331
2.3496
7.7268
11.169
8.6896
6.7298
10.471
0.96828
5.035
13.836
12.56
0.74645
16.596
15.849
15.101
10.74
18.45
10.74
9.5719
10.568
9.7724
6.0117
12.303
14.962
10.789
16.558
6.3096
1.4588
1.3804
1.1641
0.86099
1.094
1.2417
1.3122
1.1641
1.0351
1.5812
1.0568
1.1508
1.3092
1.3614
1.2023
10.471
7.8886
11.169
14.191
17.865
11.482
23.014
11.35
16.904
12.331
7.9983
13.002
15.849
16.331
18.923
14.894
15.101
15.812
18.75
9.977
8.0724
9.3756
14.962
15.382
17.378
13.74
13.932
14.689
8.9743
16.069
16.52
15.031
19.275
10.889
7.0958
8.0168
12.19
15.205
18.535
10.046
14.322
8.4723
11.858
10.375
4.3652
9.247
9.6383
10.715
16.827
16.866
10.257
11.22
16.866
11.614
5.8076
1.8072
1.5596
3.3266
3.7584
8.5507
20.701
3.6983
1.7298
1.1614
1.0162
3.0903
1.7219
12.972
13.274
9.4624
6.4565
8.6099
29.923
7.9616
8.356
10.544
15.488
18.793
9.5719
10
15.74
16.596
12.023
9.506
9.3111
14.028
13.836
19.953
5.0582
4.0365
8.0724
14.655
10.94
19.143
1.9055
19.143
11.803
12.882
10.765
7.709
14.791
14.555
18.967
16.331
14.388
10.74
9.3972
9.9312
16.406
8.4918
0.73451
2.7925
4.5499
14.125
10.304
16.866
10.116
7.1285
7.5162
10.023
11.83
13.521
21.727
20.701
6.3241
11.402
3.8815
5.236
8.8308
9.3111
16.749
3.5318
15.704
18.88
16.558
10.28
9.0782
11.35
12.853
7.6208
8.2035
10.839
13.335
13.152
7.6736
12.912
7.3282
6.5615
2.7861
16.406
12.794
12.359
18.072
15.996
8.6099
17.62
11.22
16.482
14.223
16.181
16.672
18.707
10.568
7.7446
10.691
17.179
0.86497
0.86298
2.1777
1.7906
0.93111
1.8323
1.183
1.0116
1.1041
1.5346
1.5849
1.0666
0.67298
0.81283
1.0593
0.90991
0.81283
0.82794
0.90573
0.77983
1.7061
1.1429
1.1912
2.0797
0.71121
0.68549
0.68234
0.72444
0.67298
0.67764
0.82035
0.67143
0.73961
0.73961
0.66834
0.71614
0.71121
0.65615
0.71614
0.69823
0.67764
0.73451
0.69663
0.69024
0.9528
0.68865
0.68391
0.66069
0.69024
0.75683
0.71285
0.67143
0.67764
0.69024
0.70795
0.70958
0.70795
0.69823
0.69502
0.69984
0.69343
0.66681
0.70146
0.68707
0.70146
0.75162
0.72277
0.84918
0.70958
0.75162
0.74817
0.67298
1.1614
0.69502
0.66374
0.69823
0.72444
0.72611
0.69502
0.71779
0.74645
0.70307
0.68549
0.69024
0.84723
0.74302
0.74473
0.69183
0.70632
0.70958
0.73451
0.69502
0.68707
0.67764
0.69823
0.69343
0.72277
0.72444
0.67764
0.72111
0.68707
0.67143
0.71945
0.67764
0.71285
0.7709
0.68549
0.71285
0.68549
0.76913
0.72277
0.72277
0.74131
0.70795
0.68549
0.69183
0.68077
0.68707
0.66834
0.69183
0.65615
0.70958
0.92045
0.72111
0.68707
0.70307
0.71945
0.69663
0.69183
0.67608
0.7379
0.68391
0.70632
0.70469
0.68549
0.68707
0.69183
0.69663
0.66681
0.70307
0.70469
0.73282
0.77983
0.67453
0.78886
0.81096
0.88308
0.78524
0.82414
0.70795
0.67608
0.78163
0.74817
0.80168
0.69183
0.74473
0.75858
0.71945
0.72778
0.72946
0.72111
0.69984
0.77804
0.73282
0.78524
0.7379
0.70146
0.67764
0.82414
0.68865
0.69663
0.65464
0.79068
0.70469
0.69024
0.82794
0.69343
0.70469
0.68549
0.70958
0.68234
0.72111
0.67298
0.69663
0.76033
0.81096
0.70146
0.70632
0.71285
0.72611
0.71121
0.74989
1.0093
0.98855
0.88105
1.2417
0.85901
0.85114
1.0328
0.97499
1.0023
0.9528
0.78343
1.4223
1.028
0.66681
0.69984
0.71121
0.77268
0.79433
0.70307
0.75858
0.71285
0.75336
0.71779
0.74473
0.69984
0.70795
0.70146
0.80353
0.81658
0.78524
0.71285
0.76913
0.69502
0.69984
0.72946
0.69343
0.72277
0.69984
0.70958
0.74989
0.69183
0.69984
0.70795
0.69984
0.66834
0.71285
0.77625
0.72611
0.71121
0.7925
0.67453
0.69823
0.69343
0.72778
0.7656
0.72611
0.70632
0.75858
0.80538
0.71121
0.70795
0.69823
0.8995
0.7145
0.75162
0.71945
0.69024
0.73621
0.69502
0.66527
0.71285
0.67764
0.67764
0.77983
0.90157
0.75162
0.77446
0.84528
0.79983
1.0399
0.93111
0.92045
0.66988
0.69343
0.73961
0.74131
1.1143
0.6792
0.66681
0.72946
0.76384
0.76736
0.74131
0.72277
1.0023
0.79983
0.79068
0.68077
0.7145
0.7379
0.74473
0.72611
0.6792
0.77446
0.77983
0.75509
0.69343
0.69343
0.66834
0.74131
0.7709
0.69183
0.66222
0.69502
0.72111
0.71285
0.68707
0.70469
0.70632
0.66374
0.78524
0.74817
0.68077
0.68707
0.67453
0.69502
0.7145
0.72611
0.7145
0.76736
0.6792
0.67453
0.69663
0.66681
0.72611
0.70795
0.67608
0.75162
1.0789
1.0186
0.877
0.86298
0.98628
0.96828
0.91622
1.099
1.1272
1.0186
1.0544
1.1508
1.1641
1.0375
1.2023
0.99541
0.9528
0.96828
2.7102
1.9143
0.85114
0.71285
0.72778
0.75336
1.349
0.75683
0.77983
2.4774
4.5394
10.641
6.7298
7.709
13.583
7.7268
10.495
9.594
11.588
11.143
10.209
14.894
20.749
9.506
7.925
6.1094
10.965
11.967
1.3521
1.3183
0.9506
2.5645
5.3088
1.1324
1.0423
0.89331
1.1429
0.73451
2.799
0.6792
0.65615
0.66069
0.68707
0.71779
0.67453
0.99312
0.66988
0.67764
1.1995
0.68549
0.68234
0.67608
0.67298
0.74302
0.69024
0.68077
0.70307
0.96161
0.73114
0.67298
0.65917
0.68549
0.70795
0.70307
0.72111
0.67608
0.68865
0.68234
0.96605
0.86497
0.78886
0.92257
0.82414
0.86497
0.81846
1
0.69024
0.67143
0.96605
0.65013
0.66222
0.67298
0.70632
0.69183
0.90573
0.67764
0.69343
0.70307
0.71779
0.76208
0.67608
0.76913
0.67453
0.8995
0.68707
0.66374
0.99083
0.88105
0.93756
1.2589
1.0116
0.67608
0.68549
0.74131
0.69024
0.64863
1.0046
0.68391
0.70632
0.68391
0.67608
0.66374
0.64269
0.6792
0.68391
0.65163
0.69502
0.6792
0.66834
0.67764
0.67453
0.69183
0.66374
0.67143
0.65917
0.69663
0.65163
0.66527
0.66527
0.68865
0.69984
0.66834
0.66988
0.65615
0.66069
0.66374
0.65313
0.66834
0.7145
0.67298
0.68391
0.66222
0.64565
0.66988
0.69183
0.65313
0.67143
0.68865
0.64863
0.91201
0.65313
0.66069
0.66374
0.66681
0.65464
0.72444
0.6792
0.66222
0.66374
0.67298
0.65013
0.68549
0.68391
0.64714
0.66988
0.67608
0.69343
0.68707
0.6792
0.66527
0.68077
0.65766
0.65615
0.68234
0.66988
0.64565
0.69823
0.67608
0.67764
0.67608
0.65766
0.66681
0.65766
0.66988
0.68391
0.65464
0.68077
0.71614
0.69502
0.77446
0.68077
0.68707
0.68234
0.69984
0.88308
1.3183
0.83946
0.84918
1.932
1.1614
1.3583
1.3243
1.2445
1.4962
1.1143
2.0989
0.68077
0.65464
0.70469
0.66527
0.67764
0.66834
1.0257
1.0233
0.66069
0.68077
0.68391
0.67764
0.66988
0.66681
0.68391
0.64863
0.68707
0.74817
0.66681
0.6792
0.69024
0.67453
0.65917
0.69502
0.68391
0.66834
0.82224
0.68707
0.69343
0.71285
0.66527
0.69343
0.67298
0.71121
0.65013
0.7145
0.65313
0.68707
0.65163
0.72778
0.66374
0.6368
0.70632
0.65013
0.65615
0.66834
0.66988
0.68865
0.69183
0.68865
0.6792
0.68549
0.66834
0.68234
0.66681
0.68549
0.67143
0.68234
0.66681
0.65917
0.69024
0.65917
0.70146
0.68077
0.69502
0.67453
0.65766
0.67453
0.67143
0.73114
0.74473
0.66222
0.69823
0.73114
0.67298
0.71121
0.65917
0.67143
0.66069
0.66988
0.66834
0.69502
0.75683
0.70958
0.69343
0.63533
0.69343
0.71614
0.66988
0.67764
0.74989
0.76033
0.69183
0.66681
0.65917
0.66069
0.70795
0.72444
0.6792
0.66527
0.86896
0.66069
0.67298
0.65766
0.68234
0.65766
0.66834
0.68707
0.69502
0.65917
0.66988
0.66374
0.66527
0.66374
0.65615
0.69663
0.67764
0.67143
0.68707
0.68707
0.69343
0.67143
0.66069
0.67608
0.67453
0.67608
0.67608
0.68707
0.65917
0.65615
0.66834
0.66069
0.73282
0.66988
0.66988
0.84528
0.68391
0.66681
0.66681
0.69024
0.71945
0.66222
0.65464
0.82414
0.93111
1.1015
0.8414
1.1194
1.1482
0.91411
1.0691
1.9634
0.70469
0.67764
0.69183
0.69183
0.71121
0.70632
0.69823
0.67143
1.0495
1.1614
0.93756
1.0139
1.3804
0.68391
0.65766
0.65766
0.9528
0.69823
0.68077
0.69343
0.71614
0.65163
0.7925
0.65766
0.73621
0.70307
0.65464
0.64417
0.68865
0.69984
0.94189
0.67453
0.67143
0.67764
0.68391
0.66527
0.65917
0.64121
0.66834
0.68234
0.69823
0.68234
0.69823
0.69183
0.68391
0.69343
0.66834
0.65163
0.72111
0.67453
0.68865
0.67608
0.69343
0.68077
0.68234
0.65917
0.68077
0.69343
0.71945
0.65464
0.81658
0.70632
0.65615
0.68549
0.64714
0.65464
0.70307
0.68549
0.69183
0.66988
0.70795
0.67143
0.69502
0.69984
0.66988
0.67298
0.76736
0.69024
0.70469
0.69984
0.68707
0.68865
0.65917
0.67298
0.72444
0.71121
0.66527
0.65615
0.6792
0.67143
0.72611
0.67608
0.68549
0.65163
0.8995
0.66222
0.76913
0.68865
0.69024
0.68391
0.68391
0.65615
0.68865
0.68077
0.74302
0.73451
0.68234
0.67453
0.68549
0.70146
0.66222
0.67764
0.68077
0.66527
0.69823
0.72277
0.74989
0.68549
0.69502
0.69183
0.66222
0.72444
0.66374
0.7145
0.73282
0.67453
0.66834
0.67608
0.67764
0.69183
0.69823
0.68234
0.66988
0.68549
0.7379
0.70469
0.68234
0.70146
0.68234
0.74645
0.69663
0.68707
0.69984
0.71945
0.67764
0.69183
0.64269
0.68865
0.65917
0.67298
0.66681
0.66374
0.6792
0.76384
0.70795
0.72778
0.68865
0.66834
0.65766
0.68234
0.71779
0.68549
0.70469
0.66681
0.70795
0.66988
0.69183
0.72277
0.68707
0.70469
0.68707
0.69343
0.68707
0.70469
0.68077
0.67143
0.6792
0.70958
0.69343
0.69502
0.70795
0.78163
0.68549
0.65313
0.69024
0.64565
0.70469
0.66222
0.69663
0.71945
0.70469
0.76736
0.81846
0.8091
0.79068
0.74817
0.75509
0.73451
1.0069
0.69502
0.70469
0.67764
0.71614
0.69502
0.97275
0.70632
0.69502
0.70632
0.71614
0.67298
0.68077
0.70469
0.68391
0.68391
0.67608
0.68865
0.72111
0.69343
1.2388
1.0069
0.88308
0.92257
0.94189
1.135
1.0495
1.0304
1.2618
0.70469
0.74302
0.74302
1.0839
0.66527
0.66988
0.69984
0.70146
0.68549
0.70632
0.66988
0.70146
1.0186
0.69183
0.73282
0.68391
0.67298
0.66222
0.91411
0.65464
0.67608
0.66834
0.70146
0.74131
0.69024
0.68077
0.69663
0.68391
0.69502
0.70958
0.68391
0.67143
0.69343
0.66681
0.73282
0.70307
0.74645
0.71614
0.66374
0.69502
0.69663
0.69502
0.69024
0.65917
0.67764
0.65615
0.74131
0.69823
0.67298
0.67298
0.69502
0.6792
0.67764
0.70795
0.65615
0.70958
0.73282
0.70146
0.68707
0.67453
0.69502
0.65313
0.71121
0.71285
0.67143
0.69024
0.71945
0.68865
0.67764
0.67298
0.65313
0.64863
0.66988
0.69183
0.70146
0.66069
0.68865
0.68077
0.67608
0.66222
0.69183
0.73282
0.68234
0.68707
0.68077
0.64714
0.68391
0.71779
0.66527
0.66834
0.65917
0.68865
0.68707
0.68549
0.69984
0.67143
0.71285
0.70632
0.69024
0.70958
0.68077
0.67143
0.65766
0.66527
0.70146
0.65464
0.6792
0.65615
0.66988
0.72946
0.72277
0.72778
0.94189
0.69343
0.68707
0.68865
0.71779
0.7379
0.69024
0.67608
0.65615
0.66834
0.71285
0.69343
0.70632
0.69502
0.66222
0.72778
0.71121
0.75683
0.68865
0.70307
0.70958
0.70307
0.8147
0.68707
0.67608
0.70307
0.68865
0.68234
0.6792
0.72444
0.69823
0.67143
0.81846
0.68707
0.69663
0.68549
0.67453
0.70146
0.73282
0.67453
0.68549
0.68707
0.6792
0.70469
0.65766
0.67143
0.69663
0.66527
0.66988
0.71779
0.66527
0.72111
0.72444
0.73114
0.72277
0.68865
0.72111
0.70958
0.69502
0.66527
0.67298
0.71614
0.68865
0.77625
0.8356
0.90365
0.78524
0.8091
0.76384
0.78343
0.9977
0.92045
1.099
0.8995
2.8708
0.90365
0.98855
1.6558
3.5318
0.71614
0.66527
0.6792
0.67453
0.69183
0.72111
0.69183
0.69343
0.70307
0.75509
0.89743
0.81846
2.5351
0.71779
0.71285
0.67764
0.67143
0.69343
0.66527
0.86696
0.72444
0.69823
0.69343
0.69823
0.67764
0.66681
0.72444
0.71121
0.72611
0.72946
0.70146
0.77268
0.75683
0.7145
0.8091
0.68234
0.6792
0.7145
0.72778
0.72277
0.71614
0.67764
0.65766
0.66988
0.69663
0.72277
0.70958
0.66527
0.68865
0.74645
0.70632
0.69024
0.70632
0.68077
0.69502
0.68549
0.69024
0.65917
0.77268
0.67608
0.67143
0.72778
0.69663
0.70632
0.74989
0.67453
0.71121
0.72111
0.69984
0.69502
0.69024
0.69502
0.65313
0.64863
0.69663
0.70307
0.70795
0.68865
0.72111
0.70958
0.65163
0.67608
0.68865
0.65917
0.69984
0.69183
0.83946
0.72277
0.77804
0.75336
0.71121
0.66527
0.69502
0.68077
0.71945
0.71614
0.73621
0.69502
0.70469
0.70146
0.69502
0.67143
0.69502
0.69663
0.67764
0.73282
0.69823
0.71614
0.69024
0.72277
0.68549
0.68234
0.69183
0.70307
0.70632
0.76384
0.69024
0.70146
0.70795
0.68234
0.69663
0.67764
0.877
0.68707
0.67298
0.72778
0.64269
0.68549
0.68865
0.65313
0.70469
0.66988
0.68391
0.70307
0.67764
0.69663
0.68391
0.7656
0.69183
0.72111
0.68077
0.69502
0.66374
0.68865
0.7145
0.71945
0.65163
0.70146
0.71121
0.68865
0.71779
0.72277
0.71121
0.6792
0.78343
0.76913
0.67143
0.68234
0.70632
0.90365
0.70146
0.66681
0.68865
0.70307
0.68077
0.71121
0.71614
0.73282
0.68391
0.67764
0.66527
0.67764
0.68865
0.74817
0.69343
0.92897
0.75683
0.74473
1.4655
1.0375
0.86099
0.96383
1.349
1.1614
1.1749
1.1995
1.2706
1.5311
0.74817
0.72778
0.66681
0.66834
0.71121
0.68077
0.69663
0.73114
0.71614
0.69502
0.66527
0.70795
0.71121
0.69984
0.67608
0.67453
0.6792
0.69823
0.67298
0.69343
0.69502
0.65917
0.66527
0.71285
0.71614
0.66834
0.67608
0.66834
0.69984
0.71945
0.67453
0.69183
0.70307
0.66681
0.70958
0.68234
0.68549
0.6792
0.66681
0.6792
0.67298
0.68234
0.66988
0.69823
0.70958
0.66374
0.64269
0.64565
0.69183
0.71121
0.67764
0.67453
0.68549
0.66988
0.69343
0.64565
0.69502
0.67453
0.74302
0.69663
0.68391
0.69183
0.68077
0.67143
0.67298
0.67608
0.69024
0.67764
0.66069
0.67608
0.68391
0.68077
0.75336
0.72444
0.84918
0.80353
0.8356
0.77625
0.93325
0.86896
0.90991
0.83368
1.39
1.2503
0.67298
0.67608
0.6792
0.69663
0.69502
0.67608
0.65917
0.69984
0.69343
0.70469
0.69502
0.69024
0.67608
0.79983
0.71285
0.67298
0.69984
0.69823
0.72444
0.70632
0.72778
0.7145
0.7145
0.71779
0.65163
0.64565
0.68077
0.66222
0.70958
0.65917
0.67608
0.68865
0.66527
0.71614
0.66988
0.70307
0.76208
0.7656
0.74817
0.74302
0.70632
0.74473
0.66069
0.68077
0.66527
0.67143
0.67143
0.67453
0.66222
0.69183
0.71779
0.74131
0.69984
0.74131
0.70958
0.69183
0.72946
0.71614
0.72611
0.68234
0.66681
0.70146
0.66681
0.70146
0.65163
0.70795
0.71945
0.69183
0.69183
0.68865
0.64863
0.65313
0.70632
0.68707
0.74473
0.68549
0.69823
0.65917
0.69663
0.69183
0.70469
0.6792
0.72611
0.69343
0.66988
0.68077
0.68077
0.68707
0.70146
0.70795
0.66988
0.69024
0.72444
0.66681
0.68391
0.70958
0.69183
0.69984
0.68234
0.7145
0.72611
0.67764
0.69502
0.66222
0.68077
0.71285
0.71779
0.76208
0.67764
0.65917
0.67298
0.71285
0.67764
0.70958
0.7145
0.69343
0.90782
0.78886
0.97499
0.8147
0.97499
0.93325
0.93325
0.93111
1.2417
1.2823
0.82604
0.73961
0.65013
0.71285
0.69663
0.76208
0.72444
0.71285
0.65917
0.70958
0.7145
0.69823
0.69183
0.71779
0.69183
0.67298
0.66527
0.68234
0.66988
0.68865
0.70958
0.6792
0.6792
0.68234
0.66374
0.6792
0.68865
0.68865
0.67298
0.66681
0.66988
0.69823
0.72111
0.68865
0.68865
0.70307
0.69024
0.70469
0.67764
0.66681
0.67608
0.68865
0.93325
0.82604
0.93111
0.89536
0.84528
1.0209
0.78886
0.90991
1.1668
0.88512
0.70958
0.66834
0.71121
0.67298
0.66222
0.67764
0.65464
0.74817
0.71614
0.67298
0.69024
0.68234
0.69343
0.68391
0.70632
0.74473
0.67764
0.70795
0.73451
0.67764
0.66681
0.71945
0.67608
0.67143
0.65766
0.67298
0.68865
0.73451
0.71779
0.66834
0.67453
0.64714
0.67764
0.69823
0.73621
0.68391
0.69823
0.65766
0.66222
0.69663
0.68077
0.65313
0.6792
0.65766
0.69984
0.69183
0.72778
0.68707
0.68234
0.68234
0.68391
0.70632
0.70469
0.66681
0.69502
0.68549
0.70958
0.66988
0.66374
0.67298
0.7145
0.68549
0.68234
0.65163
0.69343
0.66527
0.68707
0.67608
0.70795
0.71285
0.67453
0.68077
0.70146
0.67298
0.68707
0.66988
0.69823
0.70795
0.67764
0.76208
1.0593
0.98175
0.82035
0.877
0.84333
0.79433
0.79433
0.77446
1.1482
0.82604
0.93541
0.82794
1.4555
0.69502
0.68234
0.71614
0.69823
0.69984
0.68707
0.67143
0.65615
0.68707
0.68707
0.67608
0.66374
0.74131
0.67143
0.65013
0.67453
0.68391
0.68391
0.68549
0.72111
0.68707
0.67298
0.69984
0.69343
0.69663
0.69502
0.70307
0.67298
0.82985
0.67453
0.67298
0.68391
0.6792
0.71779
0.68865
0.66988
0.69502
0.68865
0.65313
0.68549
0.7145
0.68391
0.65917
0.71945
0.72946
0.67608
0.67453
0.75683
0.67298
0.68077
0.66988
0.67608
0.68077
0.69183
0.68865
0.68865
0.65766
0.69984
0.68707
0.66222
0.66681
0.65464
0.64714
0.66374
0.68077
0.67143
0.68707
0.67453
0.69663
0.79983
0.65917
0.66681
0.73282
0.76913
0.76913
0.71614
0.68391
0.66374
0.68707
0.71614
0.68865
0.67298
0.65615
0.68077
0.65766
0.64714
0.68391
0.66069
0.67298
0.66834
0.68391
0.65464
0.71285
0.69024
0.8091
0.86497
0.87498
1.0617
0.94406
0.84918
1.0423
1.052
1.0914
0.92683
2.4155
5.0234
3.1769
0.70795
0.70469
0.69502
0.71945
0.66834
0.69502
0.72111
0.65917
0.72277
0.69024
0.70146
0.75336
0.68865
0.92257
0.86896
0.93756
1.3274
0.68707
0.67764
0.69502
0.67764
0.65917
0.67453
0.65464
0.68234
0.68391
0.76033
0.69984
0.71779
0.72946
0.74989
0.70146
0.9528
1.0233
0.68865
0.70469
0.77804
0.70632
0.74817
0.6792
0.70469
0.69502
0.69183
0.74645
0.72111
0.73451
0.94842
0.69502
0.7379
0.89125
0.68391
0.66681
0.68234
0.6792
0.69823
0.68865
0.72946
0.71121
0.92045
0.73621
0.68234
0.68077
0.69343
0.69663
0.69823
0.72778
0.78343
0.71945
0.71285
0.77983
0.73621
0.68549
0.76208
0.79616
0.69183
0.70632
0.70632
0.7379
0.8356
0.73114
0.68077
0.71121
0.73282
0.69183
0.71614
0.69663
0.74473
0.73282
0.72111
0.70307
0.69823
0.71121
0.66222
0.70307
0.71121
0.71121
0.7379
0.77804
0.71779
0.67608
0.6792
0.68865
0.68549
0.75162
0.69502
1.2303
0.68549
0.68234
0.68077
0.69502
0.6792
0.68391
0.70958
0.66222
0.71121
0.72111
0.66988
0.71121
0.70958
0.65766
0.76913
0.68549
0.78705
0.72277
0.94842
0.87498
1.2274
0.7379
0.68391
0.72611
0.71779
0.72946
0.8995
0.74131
0.68865
0.69984
0.66069
0.67298
0.73282
0.69024
0.71945
0.74817
0.72611
0.71285
0.74131
0.69343
0.71779
0.66681
0.64714
0.82794
0.69823
0.67608
0.74473
0.67453
0.74645
0.69823
0.70795
0.69343
0.80168
0.66681
0.67143
0.71285
0.68077
0.70795
0.72611
0.68234
0.70307
0.74645
0.72778
0.66222
0.67453
0.73114
0.65917
0.68549
0.70632
0.70469
0.66374
0.7145
0.75162
0.72778
0.72444
0.68549
0.75858
0.69663
0.71121
0.69502
0.65766
0.71945
0.8147
0.70958
0.68549
0.74989
0.67298
0.70307
0.72277
0.82604
0.78524
0.68865
0.69343
0.70146
0.73282
0.75858
0.66069
0.77625
0.99312
0.66681
0.72111
0.71285
0.71779
1.0304
1.2388
0.88716
0.96605
0.73621
0.72277
0.79616
0.71945
0.90157
1.094
0.78524
0.97275
0.84723
0.74131
0.68234
0.66988
0.71121
0.68549
0.74302
1.0351
0.69024
0.70469
0.77446
0.74131
0.80168
0.68865
0.68865
0.65313
0.74473
0.69823
0.67608
0.68391
0.65917
0.67298
0.70795
0.71121
0.73451
0.68549
0.68234
0.72111
0.68391
0.68707
0.7145
0.74989
0.72277
0.75336
0.73621
0.70146
0.68077
0.68391
0.65464
0.70958
0.65313
0.69663
0.69343
0.77983
0.75509
0.74817
0.71121
1.8793
1.0162
0.68707
0.96605
0.67764
0.67298
0.69823
0.69183
0.68234
0.73621
0.69183
0.68391
0.80168
0.71121
0.70632
0.69984
0.70632
0.66988
0.71945
0.6792
0.69823
0.68865
0.69024
0.70307
0.70795
0.68234
0.70795
0.66681
0.73621
0.71121
0.85901
0.70307
0.70469
0.68865
0.65917
0.78163
0.69663
0.66681
0.69823
0.7709
0.69343
0.71614
0.68234
0.70469
0.70958
0.70958
0.65464
0.69024
0.69663
0.70958
0.74302
0.70469
0.69024
0.67608
0.69343
0.70146
0.70307
0.70958
0.69183
0.68077
1.0139
0.69823
0.71285
0.67298
0.70958
0.67608
0.69663
0.69984
0.72444
0.71945
0.64269
0.69183
0.69823
0.66374
0.65163
0.68077
0.76736
0.70958
0.68391
0.97724
0.66527
0.87902
0.87096
0.80168
1.074
0.88512
1.0789
0.84723
0.74131
1.1015
1.2764
1.2647
1.1455
1.1066
1.5205
0.95719
0.67608
0.69183
0.66834
0.67608
0.66374
0.85901
0.68077
0.66222
0.71945
0.69183
0.89743
0.66222
0.69183
0.65464
0.67608
0.70795
0.69984
0.67143
0.66988
0.69823
0.68234
0.70146
0.69502
0.66681
0.68865
1.2882
1.0495
0.79983
0.86099
1.1995
0.85114
1.6482
0.67143
0.65313
0.68707
0.67143
0.68865
0.64565
0.68077
0.75162
0.65313
0.73451
0.6792
0.67608
0.68549
0.69502
0.65313
0.75162
0.77446
0.74989
0.80168
0.78886
1.2677
1.2618
0.71614
0.73114
0.877
0.71121
0.65766
0.69024
0.71945
0.68707
0.6792
0.79799
0.66527
0.68391
0.66374
0.79068
0.70307
0.69343
0.68077
0.65917
0.65917
0.67453
0.83946
0.69502
0.68234
0.67608
0.64714
0.66681
0.69502
0.68077
0.64714
0.64417
0.67453
0.68391
0.69024
0.74989
0.86099
0.71285
0.67608
0.68234
0.66374
0.69663
0.69183
0.72611
0.70795
0.67453
0.69823
0.71945
0.77983
0.70146
0.73114
0.68391
0.65313
0.67453
0.67143
0.78886
0.97051
0.68707
0.69984
0.70632
0.66069
0.65917
0.66374
0.65766
0.66222
0.68865
1.1246
0.66222
0.69343
0.69024
0.65163
0.65013
0.69984
0.73451
0.68077
0.69024
0.69663
0.67298
0.6792
0.8147
1.0839
1.5066
0.6792
0.70632
0.8531
0.66834
0.70632
0.70795
0.69024
0.72946
0.69183
0.68077
0.72444
0.66988
0.74989
0.69024
0.69183
0.69663
0.72444
0.86896
0.67453
0.67608
0.67764
0.70795
0.68865
0.73961
0.71779
0.70146
0.68391
0.66681
0.70307
0.68077
0.72111
0.69663
0.7379
0.80538
0.69343
0.70307
0.67453
0.67608
0.77268
0.65313
0.64417
0.65766
0.70632
0.7145
0.70795
0.68234
0.71779
0.66681
0.65917
0.66681
0.66069
0.68865
0.69663
0.65917
0.67298
0.70795
0.69183
0.66069
0.64565
0.66681
0.69502
0.72611
0.65917
0.75336
0.74473
1.2359
0.76913
0.70958
2.037
0.66681
0.68549
0.81846
1.2388
0.9594
1.099
0.88105
0.93111
0.8414
0.78343
1.183
1.4028
1.2706
0.96828
1.2735
1.6069
1.4256
1.6634
1.762
0.73621
1.0666
0.75509
0.72778
0.89536
0.83176
1.5959
2.2439
2.037
0.67608
0.67453
0.68707
0.70469
0.70469
0.7145
0.69663
0.66374
0.70795
0.70632
0.67453
1.3274
0.66834
1.9187
3.7154
5.4702
0.67298
0.66834
0.66988
0.70307
0.66374
0.69024
0.68391
0.71945
0.70307
0.76033
0.66527
0.67764
0.67453
0.71779
0.68549
0.66069
0.69823
0.68391
0.68234
0.67608
0.66834
0.65917
0.64269
0.69183
0.70469
0.65464
0.66834
0.66988
0.65766
0.66834
0.67764
0.66527
0.66374
0.68234
0.65917
0.71614
0.65313
0.65163
0.66374
0.68707
0.66834
0.65615
0.67453
0.65464
0.69502
0.66069
0.69024
0.72277
0.72946
0.65766
0.66988
0.66222
0.66834
0.69343
1.0069
0.70307
0.73282
0.68549
0.67764
0.68549
0.70795
0.69823
0.6792
0.70146
0.70469
0.74131
0.70632
0.67298
0.67143
0.70146
0.80168
0.77625
0.83946
0.75336
0.70958
0.74645
0.72778
0.76913
0.74989
0.75509
0.94189
0.97499
1.4388
1.9679
0.66374
0.71614
0.72778
0.73621
0.66374
0.68865
0.66988
0.85901
0.65013
0.68865
0.68391
0.69343
0.76208
0.65766
0.66988
0.68707
0.67764
0.69502
0.66069
0.70958
0.69343
0.67298
0.67298
0.66988
0.69823
0.9247
0.71121
0.68549
0.7145
0.93972
0.86896
0.97051
1.0839
0.96605
1.0257
1.2589
1.1066
1.1455
1.052
1.0139
0.93325
1.2677
1.2023
0.65766
0.68865
0.67608
0.71779
0.69663
0.68865
0.76913
0.69663
0.71121
0.69183
0.69024
0.68077
0.72444
0.67143
0.68549
0.67143
0.67764
0.70958
0.67608
0.68707
0.69502
0.68391
0.70795
0.67764
0.72111
0.71779
0.6792
0.70958
0.69343
0.71285
0.7379
0.70795
0.69823
0.66681
0.70795
0.69663
0.66069
0.66834
0.69183
0.71121
0.70469
0.66527
0.69823
0.70146
0.71614
0.68865
0.69984
0.66374
0.67764
0.68707
0.70632
0.69663
0.69024
0.69024
0.65464
0.66988
0.65917
0.68234
0.69502
0.68549
0.67143
0.64863
0.68391
0.68234
0.66988
0.70795
0.65615
0.66988
0.68865
0.69183
0.72277
0.78343
0.74473
0.85507
0.88308
0.84333
0.80538
0.8995
1.4825
0.66988
0.66222
0.67764
0.68707
0.76736
0.69024
0.64121
0.70469
0.67298
0.69343
0.71614
0.72277
0.67143
0.67453
0.70632
0.9247
0.66988
0.70146
0.67764
0.69502
0.66834
0.71285
0.66834
0.65313
0.65917
0.66834
0.68234
0.66988
0.68707
0.66681
0.71285
0.66681
0.66834
0.70469
0.68234
0.69823
0.72778
0.74817
0.71945
0.73282
0.69183
0.68707
0.69984
0.69663
0.67608
0.69663
0.70146
0.69024
0.83753
0.83753
1.0046
0.97724
1.2106
1.4689
1.028
1.1967
1.3836
1.0617
1.183
0.98855
1.0209
1.256
1.2162
1.1885
1.3335
1.1117
1.4191
1.4355
1.2912
1.1376
1.1143
1.4191
1.074
1.0186
0.68549
0.69823
0.72277
0.72277
0.66069
1.7579
0.74473
0.86497
0.72946
0.74645
0.9247
0.74817
1.5959
1.5704
0.66222
0.67143
0.71614
0.71285
0.72277
0.67143
0.66681
0.66069
0.73114
0.67453
0.66069
0.69024
0.69024
0.69663
0.69984
0.70146
0.67608
0.70795
0.66988
0.70632
0.65766
0.79616
0.66834
0.70958
0.70146
0.66834
0.70632
0.96161
0.85114
0.68549
0.65313
0.67608
0.73961
0.74645
0.71614
0.72111
0.73282
1.0495
1.9588
0.82224
0.78163
0.98628
0.68077
0.97499
0.75336
0.66988
0.78343
0.76913
0.74302
0.75162
0.93972
0.77446
0.69024
0.66069
0.69183
0.67143
0.72277
0.97051
0.8995
0.65766
0.65615
0.70795
1.0046
1.6634
0.73282
0.69823
0.64565
0.67608
0.6792
0.66527
0.6792
0.65917
0.68707
0.69823
0.70307
0.69024
0.68549
0.66988
0.67453
0.70795
0.68707
1.4388
1.2706
0.78705
0.68234
0.69502
0.66681
0.71285
0.69024
1.1588
1.1117
2.8576
4.4668
25.882
13.002
8.3176
6.4269
16.558
10.715
11.508
16.144
11.015
10.162
11.143
10.593
15.776
12.618
14.859
5.0003
11.092
13.804
8.5901
10.691
12.246
15.885
6.9663
15.066
17.061
10.889
11.641
12.078
14.655
13.521
12.19
23.014
13.397
10.544
12.503
8.414
11.455
6.7453
15.524
26.062
11.94
14.158
11.455
7.5858
6.7298
8.8716
12.474
7.0958
13.183
9.528
9.9541
13.932
13.032
7.7804
15.171
12.618
12.677
6.8391
16.032
8.9331
10.495
12.106
8.9743
10.74
7.1121
7.1285
14.421
18.113
9.7949
9.9541
14.388
21.135
2.4547
1.3428
6.166
12.023
13.305
7.3114
8.892
12.445
15.205
10.257
0.79616
4.3451
11.324
1.9187
1.845
7.6384
17.338
12.162
7.379
7.0469
9.4189
14.06
13.062
6.2087
0.84333
4.3351
5.4075
9.3972
5.2845
9.5719
8.2985
6.3241
17.022
12.246
15.922
5.3951
10.839
13.062
8.0353
13.428
14.757
9.594
2.9923
2.208
3.2509
5.0816
12.853
2.729
6.2373
7.6208
13.868
8.2604
14.655
30.761
17.947
21.528
13.274
15.241
12.589
10.52
9.1411
6.1518
10.069
9.7949
11.749
7.3282
7.8343
10.093
12.794
14.723
8.1096
10.691
6.0534
5.5208
9.0991
10.046
12.359
14.289
8.5901
4.217
6.8234
15.205
10.139
6.8234
2.6122
4.3451
9.9312
7.1779
16.711
10.593
13.243
11.272
11.588
12.106
12.589
4.2756
6.4269
0.81658
0.78705
2.4491
1.3002
0.96605
5.2119
1.1066
3.1333
13.122
5.3456
9.0573
7.0632
4.9204
16.672
6.2806
6.8707
10.74
13.677
9.0991
10.116
15.453
7.5683
0.75509
3.5237
4.3551
1.6255
2.5942
6.1235
8.6298
9.1411
13.032
7.0795
7.1779
6.7298
23.014
7.2111
6.5013
11.246
9.0157
6.5615
13.868
4.3152
7.6208
8.7902
11.588
7.7625
10.52
16.711
12.134
12.735
7.709
6.8391
7.5509
14.125
14.757
10.94
12.56
24.717
10.789
22.961
14.825
17.179
21.184
10.914
7.6736
9.8175
11.194
10.28
4.3954
11.482
5.8479
15.668
17.338
12.589
5.358
9.1622
7.3114
12.106
18.707
44.875
11.246
17.061
12.56
15.631
13.062
17.179
10.023
13.274
7.4131
8.091
8.995
10.139
12.445
8.2414
8.2604
6.4417
12.706
10.889
11.376
7.9983
4.6881
15.101
16.106
14.894
0.9977
3.2137
10.257
2.4831
1.1803
2.1878
14.125
10.116
11.858
22.909
14.655
7.8163
13.804
6.5464
6.6834
6.3387
12.05
5.4954
9.0157
6.4121
0.9247
9.1833
6.4417
10.328
17.378
14.028
11.695
17.66
13.062
5.3827
8.3946
13.335
18.967
20.941
18.664
9.4189
32.285
14.06
12.134
16.406
12.823
7.5858
8.995
10.328
6.223
27.102
14.388
7.8163
12.359
24.547
15.922
9.2683
9.0782
8.2794
10.568
12.823
13.521
15.171
16.181
18.493
9.977
7.8705
5.2481
21.184
1.1668
1.1885
1.0568
0.86497
14.421
14.125
17.498
6.0954
6.0395
8.6099
7.9983
5.3951
11.508
8.9536
8.77
7.4131
4.6026
9.6383
10.399
7.0795
13.868
7.8524
10.864
20.184
12.445
17.66
8.6497
18.535
18.578
9.1411
1.0617
1.1041
1.1535
0.87902
0.94842
0.87902
0.84528
4.6774
15.885
6.2517
8.8105
18.113
7.0146
19.275
15.74
18.707
7.0146
9.3111
8.8105
16.368
9.594
15.56
9.1201
12.56
5.3703
1
7.1945
2.9309
2.2029
1.3804
15.066
14.289
19.011
11.066
7.6208
9.528
9.0991
8.2985
8.6896
12.106
11.535
7.6736
7.4473
0.71614
2.2961
6.9823
8.0538
16.749
19.409
14.997
17.378
14.521
13.152
18.793
19.055
18.88
7.3282
11.117
15.776
14.521
19.143
9.2045
4.5709
6.3096
11.455
17.947
16.711
13.996
14.158
17.022
14.093
16.943
11.858
12.162
17.14
20.701
17.824
8.5901
14.191
18.88
14.555
12.162
13.772
14.191
17.498
16.482
2.8774
3.8637
5.1286
18.239
13.964
12.417
15.596
8.8716
18.408
13.366
14.928
