3.539
2.3274
3.5635
2.4092
2.8371
2.2433
2.3436
2.4092
2.8241
1.8875
1.9093
2.7535
2.5112
2.1032
2.1178
3.265
2.2278
2.5697
23.114
9.3514
9.2231
8.509
24.148
2.4484
3.1324
21.771
1.6439
2.4037
3.3719
6.5445
4.6439
3.318
4.054
3.6972
0.82201
0.87273
0.69965
0.63515
0.69164
0.74281
0.67901
0.74796
0.70126
0.736
0.73431
0.7394
0.74796
0.79777
0.75141
0.74452
0.75488
0.75662
0.80887
0.68372
0.71925
0.70126
0.75141
0.76187
0.77425
0.70938
0.68215
0.69965
0.75141
0.70126
0.77069
10.02
10.09
27.157
2.5228
2.7725
2.7032
1.8745
28.306
9.2657
14.351
2.0648
2.9504
12.761
9.8828
2.0648
0.69164
4.796
14.618
9.7472
18.192
29.166
3.3875
3.5227
3.1252
2.0839
2.1721
10.16
2.4597
0.82012
3.6634
4.5069
1.7819
1.1611
1.6251
0.81073
0.7377
5.2952
6.9804
2.0743
4.4451
3.235
2.5461
23.982
11.191
4.6225
0.67901
0.7394
0.71101
0.7377
0.6697
0.73262
0.66356
0.7045
0.69965
5.3196
16.214
1.552
2.6295
2.5286
2.3871
2.8241
19.448
13.118
11.012
8.509
14.417
29.099
1.8616
2.5403
1.6783
12.385
3.3719
2.1571
3.2725
6.3369
7.1265
2.8371
0.73431
25.875
12.442
1.2413
6.7434
10.59
12.271
14.154
4.026
2.66
22.797
18.962
9.8374
32.202
2.1324
2.7345
3.9891
11.089
16.668
16.288
28.371
2.3328
5.7264
4.026
21.522
1.4551
6.7745
17.86
20.085
10.325
31.18
2.8047
4.6653
8.4894
17.254
1.6139
35.965
14.551
10.42
26.6
2.0601
20.039
18.234
1.2075
8.2012
10.688
30.682
13.96
2.9983
2.4204
11.373
23.382
13.896
34.584
18.36
1.396
1.2385
1.8276
1.8276
3.8804
2.1621
25.286
2.6054
3.1469
0.75662
19.448
14.584
24.427
23.221
2.3653
2.3871
26.175
18.962
12.998
41.388
1.8831
2.1972
2.2023
35.882
34.664
28.965
18.962
3.0191
1.6629
17.214
17.534
17.293
31.833
3.1614
6.4845
28.965
15.342
25.403
27.219
2.0984
24.597
17.413
10.444
35.965
23.871
1.786
1.7494
2.2074
22.955
19.81
13.579
7.36
21.423
28.7
10.614
27.345
10.836
15.342
57.661
1.6176
21.129
21.872
12.998
9.2019
31.614
3.8184
1.7056
14.924
2.9368
3.4188
20.696
11.063
15.881
36.214
2.0506
4.796
24.259
10.59
9.1386
46.546
2.1922
1.9493
2.7725
21.324
12.243
11.505
40.168
1.8788
2.3817
21.621
22.745
8.6473
8.8895
59.413
1.981
33.875
16.515
22.745
3.8272
6.1359
10.136
24.148
11.038
6.4103
11.964
32.8
28.111
28.766
21.08
27.918
44.656
3.6887
25.17
8.1448
11.373
8.9925
35.717
7.6892
23.328
17.696
10.962
6.6356
36.549
13.301
30.541
36.718
10.541
14.318
52.225
3.176
67.124
6.2933
28.568
38.272
37.058
7.5141
16.668
27.853
30.894
5.0336
12.998
28.899
21.522
34.824
19.359
17.984
2.3598
40.446
40.168
19.314
49.531
3.265
1.9764
26.6
17.574
27.789
31.687
5.3319
19.947
26.235
10.113
24.996
18.573
28.7
10.16
14.551
78.864
2.6175
1.1746
5.4561
7.2758
23.008
5.6739
4.8739
9.7248
24.315
35.717
24.597
18.067
6.1784
13.118
37.573
2.9436
3.2054
15.591
31.541
7.0938
15.342
47.63
3.4267
24.54
16.401
10.254
33.875
1.5591
18.234
3.7401
2.1972
15.808
22.536
5.1866
71.43
1.4584
1.6629
3.7315
18.53
28.306
14.252
11.321
34.188
7.0775
11.14
1.5027
0.8509
1.5271
0.79411
0.78864
0.84894
20.935
19.993
9.9284
34.744
30.682
16.176
6.9323
36.214
15.342
13.118
14.219
24.996
7.4281
11.746
41.009
1.8403
19.628
17.333
48.627
12.879
21.08
41.579
17.333
20.459
11.531
8.7676
40.54
5.3812
1.927
2.9777
17.017
16.477
33.257
10.113
41.103
5.1866
21.972
13.331
10.277
25.638
20.887
26.478
1.3548
1.0325
35.8
15.484
27.982
45.591
31.037
10.541
4.2744
7.9961
43.339
9.438
57.927
5.9687
6.5596
20.791
38.096
17.214
22.329
10.16
7.2091
1.4024
15.377
36.381
27.725
20.225
8.6473
7.5662
25.054
35.065
28.7
10.911
7.5662
33.487
32.8
9.9056
6.6356
13.864
11.773
7.8502
13.486
44.246
3.4824
1.1992
3.0682
2.9166
24.824
2.6235
4.2352
19.855
22.692
7.3262
39.8
2.2381
30.47
10.207
12.215
11.14
31.76
2.9914
22.797
14.187
6.2213
13.8
31.541
17.86
21.671
10.762
4.1103
7.1925
20.085
4.1103
4.4862
5.283
30.966
15.027
18.36
1.6978
1.5377
0.85877
2.7471
15.663
20.132
9.9513
40.915
2.2588
25.697
12.499
8.4504
43.239
11.478
22.278
9.7696
6.7901
26.356
25.52
20.553
23.114
7.2091
9.9284
46.332
3.9163
1.38
1.9719
2.1922
2.517
1.6515
17.86
22.797
15.808
31.541
10.937
7.4281
25.756
5.0105
10.59
20.085
6.1501
10.183
32.425
14.384
32.876
16.591
5.9004
59.004
1.3209
3.3953
7.5315
22.074
7.411
2.0648
19.27
7.8683
13.768
32.725
1.5342
1.7135
1.3992
5.9004
9.1596
1.6401
17.655
11.114
11.012
43.339
1.3455
1.5627
1.3832
2.5697
1.5236
21.972
17.737
13.118
9.0757
29.983
38.008
2.3008
28.568
14.924
0.74968
0.70775
0.7259
0.89718
1.2019
0.74968
0.86075
0.74281
3.766
1.8108
1.8875
3.7315
2.0271
2.1423
1.2158
1.2103
23.436
7.2423
14.154
38.537
1.69
4.1293
4.6225
7.7069
21.472
20.984
15.307
45.069
2.517
1.282
1.4057
2.1275
22.381
10.02
12.215
80.701
3.8272
1.1827
1.7095
1.5627
16.028
1.4551
2.0225
4.3339
18.745
12.731
8.5286
30.052
5.139
2.1621
2.6114
8.4894
19.359
8.7273
14.45
10.861
4.8515
14.318
7.6715
35.39
4.2942
1.9314
8.9306
16.364
16.477
6.4547
12.299
35.471
2.1472
2.7157
16.861
27.471
1.3393
1.2644
0.8509
1.4685
1.2938
1.69
1.3179
2.0365
1.1611
1.8192
14.719
8.2771
33.719
7.3093
34.031
17.373
14.089
36.887
6.0937
31.687
13.27
7.6715
25.579
36.465
2.0459
2.5054
20.648
18.488
11.347
45.591
3.28
2.2074
9.7696
23.274
31.76
20.648
24.092
31.687
2.0696
1.3517
3.1324
12.075
8.5483
1.2938
2.8832
2.2955
0.83537
21.472
10.325
34.664
5.1508
22.536
0.68846
23.328
14.787
13.611
49.645
1.8488
2.0085
2.5994
14.958
21.821
11.295
10.254
15.342
38.448
2.5054
2.7408
34.824
19.403
24.71
62.213
2.4597
1.5201
2.285
2.1275
19.403
0.74968
0.736
0.77069
0.7411
0.71925
0.73431
0.97472
2.3221
3.0823
4.1675
1.445
2.0839
5.3688
1.2356
2.5054
1.9226
2.2692
1.8234
0.82012
0.79777
0.81073
0.80887
0.68215
0.77425
1.1773
2.5935
2.697
1.3642
2.7598
2.8306
4.0446
1.7214
2.6539
1.9855
1.9947
1.8067
0.83153
1.1243
2.7598
1.0254
0.97024
0.69483
0.72091
1.002
1.4719
1.3393
1.8488
1.6861
1.2299
1.2075
2.2484
2.2433
3.047
3.3333
2.108
1.7095
1.6288
1.927
1.69
1.3179
1.4855
1.7453
1.3118
1.4219
1.3331
1.0468
1.6028
1.3424
1.2879
2.2074
3.265
1.6783
1.4584
1.7056
1.2557
1.2103
1.4057
1.2186
1.4285
3.4824
1.4651
2.3274
3.1396
2.2588
1.853
2.6478
1.5627
1.4584
1.8788
1.2644
1.2968
1.5062
1.9049
1.2909
1.9993
2.0459
2.2074
1.7056
8.2201
1.7135
0.72423
0.71594
0.76011
1.3455
0.76538
0.79594
0.81824
1.0136
1.6102
0.72925
0.70938
0.72257
0.70288
0.70938
0.68846
0.75315
0.68688
0.68058
0.72257
0.76892
1.5236
3.4505
2.5228
1.4651
1.4993
1.8745
1.38
2.6846
0.92657
1.2131
1.6102
1.2186
1.5448
1.4651
9.6801
1.1558
0.72091
1.0492
1.5236
3.4904
17.453
1.7214
2.1227
17.778
12.215
10.183
43.14
2.0039
15.52
7.6187
0.70288
0.70938
0.75837
0.75837
0.76892
0.69005
12.299
16.822
28.047
11.8
1.4551
1.9226
2.0553
2.1275
2.4597
1.552
2.5935
9.2231
6.6203
5.8463
1.2673
1.0663
0.75315
1.1478
0.77961
0.79961
1.2356
1.3642
0.79228
9.6578
1.3486
0.72758
12.528
6.6203
36.298
10.043
1.7095
2.2176
18.918
5.9687
17.453
26.417
23.707
19.993
20.935
7.259
6.4251
39.254
18.875
3.1469
6.7279
19.538
8.6672
9.3299
30.122
6.3078
10.737
15.954
5.7264
0.7045
0.736
8.5483
10.16
31.833
2.1771
3.3953
7.6892
17.615
20.648
11.854
10.937
42.158
1.6139
2.0412
2.5875
16.745
21.129
0.67589
0.70126
0.71759
0.70938
0.69164
0.71759
0.72091
0.72257
0.70288
0.7377
0.70612
0.7045
1.1909
0.7259
0.81448
0.79777
0.86672
0.81073
2.6235
3.9617
2.0743
15.097
9.7472
25.17
2.7094
1.7737
2.4597
21.275
22.955
18.318
46.013
2.108
2.3328
3.7747
23.49
18.025
10.911
38.008
3.5635
3.8008
12.356
29.572
9.1386
11.692
34.505
16.822
2.4484
14.787
30.611
14.219
28.7
5.3936
5.4185
2.0887
14.384
23.598
10.614
14.551
40.915
2.8965
8.2012
15.881
1.2328
0.68846
10.614
17.056
13.088
36.048
4.0727
1.5735
2.6846
8.7878
2.8568
0.72423
1.1909
0.66509
0.71594
0.70938
0.69164
0.68688
0.69804
0.7394
1.1992
3.3797
1.1452
1.2158
1.3737
