0.7411
0.71594
0.79228
0.77246
0.71265
0.69323
6.5747
1.1854
5.4812
0.89306
0.66509
2.3274
4.3841
9.7922
8.4504
2.3817
1.7615
2.9233
2.5935
2.5994
2.5228
2.2588
1.5591
5.914
2.3871
5.9413
8.0701
0.83345
9.1808
3.6549
14.121
2.1821
1.8573
1.7135
1.7534
4.0446
2.6114
3.3797
1.552
2.6114
1.4057
2.3982
3.5471
1.7901
1.6214
1.5555
1.69
5.2105
1.6822
2.8634
4.314
1.6028
1.7413
1.5271
2.4037
1.5735
2.7918
7.045
1.981
14.417
4.1675
0.90548
0.66816
0.67279
0.68058
0.67434
0.69965
0.65445
0.6697
0.70612
0.70288
0.70938
0.67901
0.67745
1.3362
2.7918
1.3179
6.4995
21.571
1.9583
2.3436
2.3436
1.6861
2.7535
2.4654
1.7615
3.6887
1.9764
2.0791
3.6298
5.532
1.5307
3.3564
2.6356
2.4882
19.81
10.444
1.8025
1.9005
1.6745
2.8965
1.38
1.9538
2.2902
1.9226
3.265
2.3008
2.8111
1.8445
2.6723
5.4185
4.7302
3.7747
18.108
4.763
0.69965
12.385
10.663
15.954
21.671
21.571
2.9233
2.454
3.3642
2.4204
2.6478
2.9708
4.0446
2.0601
2.0935
2.0839
2.5054
1.8918
24.037
12.528
2.0601
2.0178
2.6235
1.7453
2.8047
2.6417
3.6634
13.028
15.062
9.9742
28.306
9.9972
4.1868
1.6326
2.7282
2.2588
2.108
1.6288
2.4259
1.9947
8.3537
7.8321
4.1771
1.2442
2.9233
4.0446
3.8448
2.5579
0.69804
0.74281
0.70938
0.71594
2.6295
8.4699
1.4187
1.836
1.8962
1.6978
1.7778
2.1721
1.9181
1.7494
1.8918
2.3653
3.4824
9.034
0.90757
2.8241
6.3515
1.7135
1.2998
2.1129
1.9314
1.3301
2.5697
3.8272
4.5801
1.4384
1.7737
1.8616
1.6326
2.6356
2.1922
1.2673
1.1063
1.8025
1.9093
2.9708
1.059
1.1611
1.7984
1.9493
1.6629
1.7254
1.7942
1.7453
1.9093
1.1347
1.5699
1.5484
4.5069
3.6048
3.2276
8.373
12.644
11.558
0.69643
0.736
0.76892
0.75662
0.71265
0.7411
3.4985
27.157
1.8192
1.7778
3.3953
2.7282
3.1687
2.1178
2.0412
2.7032
2.4092
2.1472
1.6326
1.3737
1.7453
2.4654
4.8292
2.1821
2.4996
2.1771
1.9583
3.7315
1.6591
10.987
0.8033
1.324
5.6089
2.2023
2.6114
1.3548
10.183
25.344
2.4597
1.7214
2.7725
2.1872
2.9368
2.0743
11.505
6.4399
4.374
0.70938
0.70288
5.955
3.6803
4.676
36.718
2.3982
1.8192
2.3653
2.7094
2.0984
2.0271
1.6288
1.8276
1.4384
1.3579
2.0839
1.5918
1.7494
1.3424
1.4993
4.374
9.7472
2.2484
11.746
5.5447
33.257
12.442
1.8025
1.9855
1.9137
1.9493
2.66
3.1906
3.6718
2.6114
2.2433
2.0984
3.8096
15.735
9.7472
4.9077
35.635
2.3817
2.7345
2.0839
2.0318
3.3564
2.1472
2.1423
2.4824
3.0191
1.8108
2.1423
9.8147
5.5575
2.2023
2.9708
2.0506
1.3179
2.0085
5.9824
1.6214
2.2381
10.786
0.92657
18.573
7.4624
0.65899
0.8033
0.67279
0.69965
0.71265
0.71265
0.73431
0.77603
0.7377
0.7143
0.72423
0.6853
0.72091
0.70775
0.69804
0.71925
0.69005
0.69965
0.71759
0.69483
2.9504
7.1925
10.886
17.135
2.0225
6.3224
4.7302
3.341
0.97696
1.0663
1.2243
6.7124
1.815
11.217
1.5377
1.786
1.7413
1.2243
2.0318
1.4958
1.5699
1.4121
1.6553
3.2054
2.0887
1.8445
3.1833
2.4371
2.454
1.4484
1.3832
1.1269
1.0962
1.3517
2.3328
1.6102
3.3953
8.3537
10.23
18.831
16.783
1.9993
2.4037
2.1472
1.8831
1.3705
1.1478
1.3832
1.3455
1.8445
2.9572
2.5994
2.0132
1.5166
1.6822
1.5484
1.6706
2.6539
1.5236
1.8025
1.7655
3.118
4.0821
9.4597
0.90757
14.318
9.373
19.583
1.9403
1.324
1.6706
4.0446
1.6515
1.5131
1.7901
2.4371
1.8234
3.341
1.2413
2.2745
1.5236
1.7254
2.0743
2.6235
1.3768
2.1821
24.148
1.6176
1.6214
1.4993
1.6783
1.8573
4.0075
1.3673
3.9254
1.4351
1.9359
1.6028
2.4092
0.68215
0.72091
0.68846
0.77246
0.72091
0.75837
0.70938
0.7411
0.69804
2.1324
0.71594
0.68058
0.76892
0.7045
5.1508
5.0919
2.2227
1.7413
1.0468
10.962
11.191
1.4517
2.1972
2.3598
3.198
2.4824
1.2385
1.0043
1.3928
2.1032
1.2528
3.4505
2.1972
2.4597
3.6214
1.6939
0.81824
0.87273
1.3058
3.2952
2.0178
21.522
2.1423
1.5307
1.8488
1.2413
1.6065
1.9359
1.5918
4.2942
2.8568
1.8918
2.2588
2.8899
3.4188
1.6978
2.2955
3.9708
4.0821
2.4204
1.2442
1.6251
1.1166
1.2019
4.3239
17.174
8.2962
7.0126
0.75488
14.318
10.349
1.6477
1.9628
2.2902
2.0648
1.5027
1.6553
2.3436
1.5735
1.6251
2.8568
5.283
10.638
1.1295
0.80887
0.90548
9.7024
12.702
7.6362
4.374
2.4996
9.8374
40.821
5.0919
2.3382
3.3257
3.1324
2.9099
3.0541
3.8983
1.6102
1.5808
1.69
3.6972
1.7901
2.0743
1.3673
2.1671
3.7401
1.5131
1.6745
1.9764
2.8047
1.9226
1.9403
1.9493
3.9073
1.3088
2.0178
5.2708
0.89718
12.442
10.207
23.274
2.1275
1.5735
2.7471
1.6065
1.2158
1.2586
0.86672
1.4252
1.7574
2.9504
9.2657
1.4685
6.5295
12.442
4.9531
1.4187
2.2433
2.3762
1.4618
1.5484
2.6235
1.3179
1.2499
1.0861
1.1399
1.5131
1.5307
1.6668
1.5131
2.6417
2.87
1.9583
1.1746
1.8875
2.7032
2.1324
1.7017
2.4315
1.0937
2.0887
3.539
10.663
1.5271
4.4451
1.2186
1.3486
0.79411
7.6187
1.6065
1.9538
1.4285
2.3762
3.8448
6.697
0.71594
1.8831
1.2103
0.79594
0.92444
2.7853
0.79594
0.736
0.69005
0.70775
0.71925
2.1522
3.0752
0.70288
0.97472
8.9718
12.849
7.8321
12.528
24.71
11.882
1.9226
3.2425
2.6846
2.5875
2.4037
1.4821
4.5801
2.0459
7.259
1.8318
2.7535
1.3705
7.6011
1.0987
13.028
5.9413
1.6861
2.6114
16.706
8.4699
3.8008
4.1484
1.3705
1.4089
2.0887
1.9181
2.6661
1.3705
1.9719
3.5717
1.5062
1.9855
3.7315
1.5627
4.8404
1.38
1.6978
5.6608
9.4815
2.3544
0.75141
3.0966
0.70775
0.70126
0.72091
0.71759
0.7411
0.72257
0.77246
0.77069
0.75141
0.71594
0.72423
0.75837
0.69005
0.71265
0.74796
0.72925
0.68372
0.74624
0.75141
0.76362
0.72758
6.3515
17.135
0.70288
0.65596
0.69005
0.68372
0.7045
0.6697
7.3262
19.27
10.638
2.3061
2.0648
2.5286
4.2061
2.3382
4.9875
4.3439
4.4862
1.5808
8.3345
13.27
1.3088
5.7793
18.15
1.1531
1.7942
1.9493
1.8831
1.7373
2.5935
1.4219
2.0791
1.981
2.0506
1.7901
4.2548
6.4547
2.3762
0.95034
8.6672
0.67745
0.68372
0.74624
0.69164
0.7377
0.71594
0.68372
0.70288
0.74796
0.67901
0.7143
0.69164
0.71101
0.69965
0.68058
0.69483
5.5831
14.753
5.1866
4.2843
4.9417
16.629
2.4315
1.6251
2.5461
1.3301
1.3737
1.2761
2.1227
2.9504
2.7789
1.5735
1.1452
2.454
1.927
22.484
9.3946
1.7696
1.5413
2.0696
1.6745
2.0648
1.0468
1.6978
2.7157
2.5286
12.79
10.937
9.2657
12.644
24.939
1.6364
2.0365
3.8448
2.8306
2.2433
1.1038
1.8573
1.6139
2.4996
3.2575
2.4259
10.372
2.8502
25.875
5.1154
14.551
2.4767
9.1808
8.4116
9.3514
24.882
2.5112
2.2433
8.4504
11.854
1.1399
4.2352
9.1808
1.4121
1.3455
3.2725
2.9032
2.1472
1.4154
2.6478
1.7534
2.2176
2.0791
1.5591
2.6295
2.4371
17.655
5.2345
0.91386
5.8328
2.6723
0.69643
0.86274
0.72423
0.73262
6.7279
13.642
1.4719
2.3382
1.786
2.4204
1.3768
2.7157
4.6332
13.8
13.896
9.5253
4.2942
0.66816
7.7425
5.1746
8.6473
22.692
2.0984
1.3673
2.0839
3.6549
3.4664
2.4824
11.719
1.786
1.2586
1.7095
3.0894
2.0412
17.174
21.129
0.73431
0.7394
3.6549
0.72423
0.75662
0.7259
0.68846
0.75662
0.66203
0.74452
5.6218
15.555
23.114
34.505
1.7778
2.0984
3.5065
2.4597
1.0183
1.5845
2.6175
5.0105
1.1854
0.91176
2.0887
1.7778
0.69643
0.71594
0.68846
11.478
7.2423
12.047
1.8702
1.324
3.04
10.541
10.614
1.9719
1.6939
2.8502
8.6075
5.2587
9.4597
1.7333
2.3653
1.5413
4.5173
13.486
11.992
14.618
16.515
14.252
17.655
19.628
1.6251
1.6706
2.1922
6.0378
3.7058
2.1872
1.3058
2.9301
2.7282
1.4154
1.2103
9.2657
2.2588
2.5054
1.3705
2.1324
1.7333
2.1721
1.6783
2.7918
2.0553
1.6783
3.2725
16.102
1.3548
1.4318
3.6803
0.98147
0.76715
1.9947
2.1771
1.0811
1.9005
1.0962
1.1166
1.0277
2.1522
1.324
2.3221
1.5845
1.1692
17.017
20.743
12.442
21.423
2.4996
2.1571
1.8875
3.6549
2.4882
1.8745
3.9526
2.697
1.7696
14.753
17.056
2.5403
12.938
15.166
22.902
22.64
2.0178
1.5845
1.5484
3.4744
1.2673
2.0506
2.4148
4.1579
1.8403
2.6784
1.6668
2.2902
3.7315
2.0935
10.301
7.9228
1.5555
1.4024
8.9511
12.673
14.351
10.468
31.037
7.8683
1.4753
2.1129
6.3078
3.265
2.2329
2.7157
1.4417
1.5627
3.0894
2.2745
2.9166
2.4259
1.6668
2.9099
10.067
1.0886
0.72925
0.66816
0.6853
0.67434
5.431
0.70126
0.68215
0.736
0.70938
0.71759
0.7045
0.71594
16.706
2.6356
0.95034
0.77961
1.4753
3.4985
11.217
11.692
15.201
7.2257
17.86
5.0802
20.506
1.836
2.4148
2.9099
5.8194
2.5403
11.373
