1.4024
1.5236
1.6553
1.4719
4.0353
2.2278
2.0553
0.71759
0.70775
0.67745
0.78502
0.68688
0.68846
0.66816
0.81824
0.67279
0.76892
0.65899
0.71101
0.84116
7.0938
0.97922
4.0168
0.986
1.0468
1.4384
1.2271
1.4993
1.002
0.68688
0.8033
0.66356
0.67589
0.63369
0.64995
0.64995
0.66662
0.63078
0.66203
0.64399
0.87072
0.66356
0.66509
0.70612
0.69164
0.69804
4.5591
0.99972
1.0541
1.3928
1.6326
1.7534
1.3579
1.9181
1.5918
1.9181
2.6356
2.3167
2.3382
1.1321
0.67901
0.82391
0.68846
1.4924
2.0506
1.2019
0.75315
0.72758
0.7377
0.83345
0.67124
0.74452
0.68846
0.66816
0.72091
0.736
0.986
0.68215
0.70938
0.68846
0.70288
0.68058
0.69804
0.67901
0.67124
0.7394
0.7394
0.68372
0.69804
0.66356
0.68058
0.76011
0.70288
0.70612
0.66509
0.6853
0.67745
0.67279
0.72091
0.7045
0.69483
0.66662
0.72758
0.69804
0.70775
0.7143
0.70775
0.68688
0.70612
0.67279
0.71759
1.327
0.73093
0.7143
0.67745
0.71101
0.69005
0.73093
0.74796
0.73093
0.77961
0.67279
0.736
0.7045
0.78683
0.7259
0.68215
0.736
0.7045
0.71759
0.70938
0.69643
0.65596
0.69323
0.69323
0.68058
0.69164
0.67901
0.69164
0.6697
0.73093
0.70612
0.69164
0.76362
0.69483
0.73262
0.71101
0.6853
0.76187
0.72091
0.67279
0.69643
0.74624
0.68215
0.6853
0.6853
0.72257
0.71759
0.69483
0.69804
0.76538
0.74796
0.69643
0.75837
0.68215
0.70612
0.68372
0.74968
0.73431
0.69643
0.70612
0.71925
0.72925
0.69164
0.74624
0.77961
0.74968
1.0737
0.68058
0.66051
0.69483
0.69483
0.72925
0.71759
0.70126
0.72758
0.6853
0.70288
0.70775
0.67589
0.73431
0.69005
0.70938
0.7143
0.71594
0.67745
0.68215
0.736
0.71265
0.67124
0.69164
0.68215
0.72423
0.70938
0.74452
0.7394
0.69643
0.69164
0.7394
0.70938
0.69005
0.71759
0.67901
0.70126
0.70126
0.69965
0.77603
0.70938
0.74452
0.7411
0.7045
0.67901
0.74968
0.6853
0.76538
0.69323
0.71594
0.71265
0.70938
0.73262
0.76538
0.71265
0.69483
0.72925
0.71925
0.69164
0.84116
0.67434
0.69005
0.736
0.6697
0.69323
0.7411
0.6853
0.73431
0.736
0.72925
0.76538
0.7143
0.69643
0.77246
0.67589
0.75315
0.7411
0.74281
0.71925
0.77069
0.66816
0.7411
0.70288
0.69164
0.70775
0.70938
0.68846
0.7143
0.74796
0.72423
0.70612
0.69005
0.73431
0.69965
0.70775
0.7045
0.69164
0.78502
0.72091
0.67589
0.67124
0.72925
0.736
0.72257
0.7259
0.7394
0.69483
0.7394
0.69804
0.65899
0.73431
0.8126
0.69005
0.6697
0.68846
0.67124
0.72091
0.7143
0.77782
0.7394
0.66662
0.69164
0.66816
0.75662
0.69323
0.69005
0.71925
0.65899
0.70938
0.71594
0.70938
0.68058
0.69965
0.68215
0.69483
0.66203
0.74624
0.69643
0.77782
0.7377
0.67901
0.73431
0.64251
0.74796
0.7045
0.71101
0.88895
0.67589
0.72257
0.70775
0.71759
0.66816
0.69804
0.69323
0.6697
0.69005
0.68688
0.67124
0.69965
0.72758
0.70938
0.67901
0.67434
0.7259
0.72758
0.72091
0.7045
0.69005
0.72091
0.67901
0.7259
0.7143
0.7045
0.7143
0.69965
0.6853
0.7411
0.7259
0.7259
0.67589
0.72257
0.75141
0.71759
0.65596
0.72091
0.79961
0.72091
0.79777
0.71265
0.71759
0.76538
0.76011
0.76892
0.70938
0.74452
0.71594
0.68058
0.67589
0.70126
0.69005
0.70938
0.74968
0.75662
0.70938
0.72925
0.72257
0.65747
0.75662
0.70938
0.7045
0.69323
0.68215
0.93514
0.85483
0.70288
1.7056
1.6139
0.96801
1.2879
3.0541
3.3333
1.7095
1.4924
1.4252
1.6139
1.1478
1.4821
1.5201
3.28
15.342
5.5065
0.95034
0.94163
1.69
0.84699
2.9099
2.6175
0.71265
0.7045
0.72091
0.75488
0.71594
0.67434
0.6853
0.65145
0.736
0.67589
0.71925
0.90548
0.74968
0.7377
0.71265
0.70938
0.67901
0.69965
0.69005
1.2909
2.7918
4.0727
3.58
0.69965
0.69965
0.66356
0.68372
0.71594
0.72091
0.82012
0.7045
0.76011
0.71594
0.66356
0.69965
0.70612
0.74968
0.72758
0.71925
0.67901
0.68688
0.77069
0.71759
0.7143
0.69483
0.66203
0.69804
0.72758
0.69005
0.70126
0.71101
0.69643
0.68372
0.77603
0.67434
0.77603
0.6853
0.74281
0.68688
0.75488
0.67901
0.72257
0.69643
0.69643
0.72423
0.74796
0.73262
0.77246
0.74624
0.69323
1.3179
0.83153
0.81824
0.82391
0.8509
0.77425
0.75141
0.78502
0.78864
0.736
0.75488
0.78864
0.76538
0.75488
0.78502
0.78141
0.77603
0.70612
0.74281
0.70775
0.76892
0.71759
0.83923
0.76362
0.7143
0.7377
0.66816
0.68688
0.80887
0.77782
0.75315
0.80145
0.73093
0.74796
0.6697
0.71265
0.85286
0.7394
0.6853
0.71101
0.95253
0.7411
0.7045
0.74624
0.80145
0.71759
0.76538
0.73431
0.77069
0.69804
0.73093
1.2356
0.86473
0.7411
0.80515
0.81448
0.76187
0.80145
0.78321
0.70126
0.79046
0.70938
0.75662
0.7394
0.78321
0.83153
0.77961
0.76892
0.79961
0.8509
0.74452
0.78321
0.77425
0.76011
0.87878
0.79594
0.79228
0.71594
0.74796
0.82962
0.87474
0.82962
0.80701
0.78502
0.83153
0.79594
0.77961
0.74281
0.79228
0.84699
0.81824
0.80887
0.86473
0.82201
1.2186
0.87676
0.79777
0.7143
0.79594
0.78321
0.74624
0.736
0.79594
0.78502
0.77069
3.04
3.0682
0.77069
1.4252
1.9005
1.9448
1.0861
1.0987
0.9034
0.78864
0.74281
0.78321
0.71594
0.70775
0.7259
0.71101
0.75315
0.72257
1.0325
0.96801
0.92871
0.78141
0.83345
0.7411
0.74624
0.92231
0.88283
0.73093
0.81073
0.72257
0.72091
1.1012
0.87273
0.77246
0.93299
0.75315
0.77603
0.70126
0.736
0.7259
0.74281
0.77425
0.74968
0.7045
0.71925
0.7394
0.77246
0.7411
0.69164
0.74968
0.69643
0.71594
0.74968
0.71101
0.72091
0.71759
0.77603
0.7377
0.96134
0.71759
0.7259
0.736
0.66203
0.68372
0.6853
0.70612
0.69164
0.72423
0.6697
0.68688
0.7143
0.74796
0.93946
0.74968
0.78321
0.69804
0.69965
0.69483
0.7259
0.66509
0.74796
0.71925
0.66509
0.70775
0.70938
0.69643
0.7259
0.71265
0.736
0.7377
0.72423
0.69965
0.69483
0.69323
0.74968
0.72257
0.69804
0.68215
0.81635
0.7045
0.9373
0.71925
0.6853
0.67901
0.84504
0.76362
0.81448
0.68058
0.70288
0.68372
0.70126
0.71101
0.69643
0.72758
0.67434
0.89925
0.69804
0.78864
0.78683
0.70775
0.68058
0.72925
0.82012
0.69643
0.7143
0.79228
0.71925
0.7143
0.72257
0.75837
0.72925
0.72758
0.75315
0.70612
0.72423
0.7377
0.75837
0.73093
0.72758
0.69643
0.78502
0.93946
0.74281
0.74281
0.69323
0.67901
0.75662
0.71101
0.70775
0.70288
0.71759
0.84504
0.7377
0.82962
0.66816
0.71925
0.68215
0.73262
0.69164
0.66509
0.73262
0.69643
0.75141
0.71594
0.68372
0.70126
0.68215
0.78321
0.70126
0.7045
0.77425
0.77246
0.68372
0.68372
0.68058
0.8033
0.79046
0.77782
0.92657
2.1374
1.324
0.77069
0.8033
0.7259
0.736
0.71265
0.70775
0.6853
0.72758
0.65899
0.78683
0.75488
0.72257
0.7259
0.78683
0.70938
0.82771
0.72758
0.75837
0.72257
0.68688
0.67589
0.67745
0.76187
0.75141
0.70938
0.70126
0.736
0.83345
0.68846
0.70775
0.986
0.70126
0.70612
0.7411
0.74452
0.76362
0.80515
0.7259
0.78683
0.72925
0.71594
0.70288
0.69323
0.75141
0.78321
0.75662
0.72091
1.1114
1.1854
2.1129
1.3737
3.4744
0.9438
0.84894
0.87878
0.8808
0.79777
0.78864
0.6853
0.76187
0.75141
0.72423
0.9034
0.68846
0.7045
0.7377
0.75488
0.70775
0.67589
0.67745
0.736
0.72758
0.76538
0.80701
0.77069
0.82962
0.74452
0.72257
0.69965
0.75837
0.74452
0.74796
0.82391
0.77961
0.75141
0.82391
0.76892
0.79961
0.67589
0.77961
0.66662
0.7259
0.67434
0.71759
0.68846
0.72925
0.72423
0.70938
0.7143
0.69164
0.7411
0.73093
0.72925
1.1937
1.1269
0.69965
0.70938
0.75837
0.70288
0.75141
0.72925
0.74452
0.66509
0.66662
0.72091
0.68058
0.70126
0.69323
0.76362
0.78141
1.1426
0.81635
0.77069
0.74281
0.74796
0.76538
0.77246
0.71265
0.68058
0.74281
0.70938
0.72423
0.7377
0.69483
0.68688
0.68688
0.72091
0.7411
1.0113
0.75315
0.69164
0.79411
0.7045
0.70612
0.77246
0.69643
0.82962
0.70612
0.67745
0.71759
0.72758
0.69164
0.67279
0.70775
0.69643
0.6853
0.77961
0.70126
0.71265
0.72091
0.76187
0.74624
0.7259
0.70288
0.69483
0.69643
0.75315
0.71759
0.67434
0.70612
0.7377
0.736
0.71265
0.71594
0.7143
0.70775
0.74281
0.7394
0.72758
0.74796
0.71101
0.72257
0.75315
0.71594
0.77425
0.69965
0.72925
0.64845
0.70775
0.67279
0.69164
0.70612
0.71101
0.7143
0.64547
0.70612
0.67434
0.72091
0.66356
0.70612
0.7259
0.68058
0.67589
0.69164
0.67745
0.73431
0.68058
0.68372
0.73262
0.6697
0.81448
3.1396
1.4618
2.2484
0.82962
0.68215
0.66203
0.66356
0.66816
0.71101
0.68372
0.65596
0.71925
0.68215
0.68058
0.65145
0.70612
0.65295
0.6853
0.64547
0.67124
0.6697
0.67279
0.69643
0.67124
0.69164
0.68688
0.67901
0.72257
0.72423
0.71594
0.71925
0.70775
0.66816
0.73262
0.72758
0.75662
0.78321
0.71265
1.2186
0.72091
0.71101
0.73431
0.69483
0.69164
0.7143
0.72925
0.69164
0.72091
0.7143
0.68372
0.65899
0.70775
0.72925
0.68688
0.74452
0.69164
0.78864
0.67745
0.69804
0.736
0.69323
0.69005
0.8373
0.68058
0.71759
0.72423
0.66356
0.71759
0.69804
0.69804
0.70938
0.66356
0.69164
0.7143
0.78321
0.67589
0.70612
0.66509
0.68215
0.69483
0.7259
0.75315
0.68688
0.71101
0.67124
0.69483
0.71594
0.68372
0.68372
0.71759
0.69323
0.68058
0.70775
0.68372
0.70288
0.69323
0.70775
0.67589
