0.69323
0.70938
0.71101
0.68215
0.69164
0.6853
1.6176
1.042
2.0365
4.2646
5.2466
19.583
10.136
6.8058
8.0515
15.52
2.6295
1.3928
1.5166
1.5131
2.3328
2.6356
3.5227
24.092
1.8831
2.4824
2.2745
2.3008
1.6477
1.8276
2.0984
1.7135
3.235
2.3114
5.0568
1.8234
0.66051
0.65596
0.68846
0.68058
0.70938
0.82391
0.91176
0.891
2.285
3.6718
1.7778
1.7056
1.4889
5.2952
9.4815
0.7377
0.78321
0.72925
0.80145
0.78141
0.75662
0.74796
0.75662
0.86872
0.73262
0.74968
0.72423
0.72091
0.78321
0.70938
0.7377
0.70288
0.72423
0.69483
0.74452
0.78683
0.79411
0.7394
0.69323
0.73431
0.70612
0.72758
0.73262
0.7045
0.72423
0.83345
0.71265
0.71265
0.77069
0.71759
0.76187
0.69804
0.70938
0.69323
0.7143
0.7411
0.76187
0.6853
0.78321
0.74796
0.75488
0.72925
0.69643
0.75488
0.8033
0.71101
0.70938
0.74452
0.74452
0.82201
0.72091
0.736
0.74452
0.71101
0.68372
0.71101
0.6853
0.68846
0.72423
0.71594
0.68372
0.69804
0.7143
0.72758
0.72925
0.74968
0.68688
0.72091
0.73262
0.7143
0.74624
0.75141
0.71925
0.98828
0.81073
0.9034
0.75837
0.83153
0.95034
3.7229
0.91808
1.0372
2.1872
1.4384
1.247
2.2176
4.2744
0.8126
9.5693
1.4484
2.4148
1.2442
1.3331
1.5699
2.0271
1.7214
3.1906
6.1927
16.9
18.616
15.448
23.817
25.52
2.697
2.7094
3.3104
1.2243
1.7984
1.8445
1.9628
2.8832
3.2952
3.265
3.4824
24.259
16.251
13.992
7.1101
5.9962
20.271
4.7302
2.5935
1.9137
2.1227
2.6295
2.3436
4.2352
3.2054
1.8192
2.9233
2.0039
4.6653
1.2938
2.0648
0.70126
0.75315
0.70775
0.70612
0.70775
1.1773
8.1635
3.1833
13.331
16.9
16.706
19.403
27.725
2.8634
1.8659
1.9628
3.0541
12.328
11.269
0.70938
24.371
13.896
36.298
1.3705
2.0365
4.9989
6.2356
18.025
7.0938
7.8141
5.596
5.7001
9.3514
6.1642
29.64
2.7725
1.6477
2.1522
5.5575
3.9435
5.2345
18.745
22.484
8.91
9.373
35.308
5.2708
2.0984
2.2536
3.9073
18.36
0.68058
0.68372
0.67901
0.66356
1.9359
3.5065
14.384
10.277
7.7961
10.136
28.176
1.9049
1.6861
2.5875
7.6011
4.9417
0.69965
0.66356
0.67901
7.4281
1.0067
1.0492
17.413
9.9056
13.24
19.764
32.35
1.016
2.1721
2.7853
4.4759
7.9594
11.992
22.64
18.067
13.486
16.745
28.437
2.8832
5.0105
0.67434
0.68372
0.71925
0.73093
0.7045
0.64399
0.69483
0.70775
0.68215
0.67279
0.70775
0.72758
2.8568
3.0541
2.7219
1.8616
1.2019
2.9708
2.2433
0.8033
0.72257
0.74624
0.71265
19.049
20.412
10.468
29.777
14.45
17.056
0.66203
0.66816
0.66662
0.65747
0.6697
0.71759
5.5192
4.4759
4.6976
13.058
11.012
23.544
27.725
3.4584
5.8328
19.359
14.993
4.9645
8.0515
6.3662
7.377
24.939
2.8965
3.7487
3.9073
3.7921
19.719
15.808
13.579
0.70126
0.70126
0.71101
9.3085
31.614
3.1906
1.5307
1.5062
1.9226
2.8047
4.1868
11.746
17.056
8.7273
15.062
16.176
25.579
1.786
1.4351
1.7778
5.9276
1.3611
0.6853
4.5069
8.2012
0.72925
0.74281
0.67279
0.69483
0.71101
0.72091
0.87676
0.72925
0.68688
0.69483
0.71594
0.77961
0.74281
0.7259
0.75315
0.71759
0.74452
0.74968
0.75662
10.301
25.112
7.6538
7.6011
8.3345
8.2962
9.0132
1.5954
25.403
1.8025
2.1972
1.5166
1.8918
2.5697
9.0757
0.79777
0.8033
0.70775
0.7377
0.7411
21.324
12.271
12.158
7.8502
8.126
7.0775
7.9228
20.365
1.7333
2.5697
3.4904
2.0601
3.98
7.0612
13.737
4.6225
3.4267
0.76011
0.70288
0.80887
0.72758
23.544
14.484
22.955
35.717
4.1388
5.6218
15.881
4.919
5.4185
8.2962
8.2012
8.568
29.301
2.8176
1.5591
1.9181
2.8965
3.6465
2.1032
0.65445
1.6939
10.09
0.73093
0.75141
0.78141
0.71265
0.81073
0.736
0.80145
0.75315
0.77069
0.82201
0.7394
0.76187
1.5881
1.8403
0.99056
2.4204
5.7927
14.121
17.574
25.286
9.4815
15.881
24.54
1.7174
1.5845
2.9301
1.7942
4.5277
5.4435
4.7411
6.6051
3.6718
4.314
12.356
19.538
4.9304
7.0775
7.0288
6.7124
5.3074
7.1759
8.7474
7.377
4.8739
29.032
2.5579
1.6102
3.2276
10.492
16.065
5.2708
11.166
4.676
4.8964
7.8141
11.191
31.18
1.6139
1.5484
2.2023
3.1252
3.6718
1.5627
16.553
26.114
13.992
7.6362
7.36
13.611
5.4435
1.324
3.5227
0.76715
0.69005
24.037
3.5065
2.7345
19.093
18.745
4.4965
0.68846
0.6697
18.788
20.459
29.845
3.7143
0.70612
0.66816
0.70612
0.69643
0.70288
0.67434
0.69965
0.70126
0.71925
4.3639
6.3369
4.9875
3.1108
0.72925
0.66509
0.67745
0.67589
0.71265
0.69323
0.67901
0.70938
0.74281
21.821
20.318
8.2012
15.448
23.598
6.0797
2.6175
4.2942
4.8404
23.653
24.767
7.0126
6.4399
8.8283
7.7246
29.032
2.8965
5.4435
2.9504
5.139
13.673
0.95034
0.74968
0.75662
0.75662
1.4057
0.78141
0.71265
0.68846
0.71759
0.72758
0.74968
13.149
10.396
4.1198
7.8141
5.0452
8.7273
6.7279
9.4163
24.996
1.5918
3.1324
5.914
5.8194
11.399
14.318
1.5097
0.65899
0.65747
0.65899
9.5693
14.719
9.0757
5.7001
18.702
24.597
1.853
2.3707
1.6326
2.5403
3.265
6.3224
14.787
10.737
0.65596
0.66356
0.69005
0.68215
0.68688
0.65747
0.67589
5.6348
6.2788
5.7132
7.6715
7.0612
7.2925
1.9137
29.301
27.918
3.8096
10.325
1.2215
0.72091
24.71
18.067
11.611
6.5295
8.373
8.126
11.8
6.3809
6.4547
2.0178
3.4188
1.5377
2.517
0.6853
6.9643
17.453
13.611
8.3345
30.682
1.5663
2.964
4.6653
7.7246
0.69164
0.71101
0.70288
0.75315
0.74796
0.71101
0.69005
0.69804
0.76011
0.71925
0.70126
0.75837
9.7248
13.486
13.673
12.879
12.968
32.876
2.1129
3.3875
6.1927
6.9005
11.827
22.329
10.372
29.64
29.099
2.0132
3.8626
4.1293
12.586
24.767
13.058
8.509
5.3565
0.66662
0.6697
0.68372
0.7045
0.67589
0.66662
0.67745
3.6214
5.6608
5.6608
23.653
1.9359
0.70288
0.75488
0.77603
6.3809
1.1063
1.8918
2.6661
0.72925
0.76362
0.71759
0.7143
0.67901
0.94597
0.74968
0.69005
0.69965
1.2644
21.08
10.836
18.53
4.3539
38.626
8.2201
1.6515
2.9983
17.453
24.315
10.786
10.396
28.176
2.6235
2.8568
2.9983
5.0105
1.2328
1.0861
0.71925
0.75315
4.2158
5.6869
17.453
17.373
8.3923
9.2871
13.864
17.574
1.6065
2.1721
2.5403
3.3719
16.364
7.9228
10.277
0.69965
0.66816
0.68372
5.9413
10.811
8.5877
13.179
2.5756
26.054
2.4597
4.3639
4.8515
0.69483
0.69164
0.69005
0.69804
0.66816
0.69643
1.3579
9.0966
0.77425
0.71101
0.72257
0.73093
0.88283
0.89718
0.736
0.72758
0.80887
0.79777
0.70126
0.71759
0.68372
0.72257
0.70775
0.71265
0.76892
0.76715
0.75837
0.74796
0.77603
0.7259
0.77425
0.72091
0.80145
0.78321
7.394
0.67589
0.70126
4.7193
19.493
0.63956
0.65445
0.66356
0.64103
0.6697
0.65596
0.67434
14.45
11.399
6.8372
12.186
30.823
1.7494
1.8918
2.9845
4.6119
1.0372
13.118
0.69323
0.70612
0.7377
0.7377
0.77246
0.67745
17.174
10.277
7.5488
6.207
8.2771
8.3345
17.214
19.137
4.752
6.4399
1.4517
1.8067
1.9403
2.8371
5.5575
12.673
3.2276
0.91596
0.71759
0.69323
0.67745
0.72925
0.70938
0.69965
27.094
18.318
9.6356
9.5473
13.96
24.148
1.3209
3.411
2.9708
2.4427
18.067
22.381
6.3809
7.7246
7.2257
11.719
8.8691
21.324
8.9306
1.7655
2.1275
2.3544
1.9181
1.9448
3.6972
4.5277
26.235
17.901
6.5899
5.7661
5.8194
13.362
1.8702
25.403
1.5413
3.341
3.265
0.74452
5.2466
2.2329
2.8371
2.9166
4.3339
16.591
16.515
0.6697
0.66509
0.6697
0.65899
13.768
5.406
5.1985
10.811
6.25
4.5907
4.3639
21.671
17.696
1.0541
0.77425
2.0696
0.97696
1.4993
2.285
1.2328
6.3515
17.135
21.227
7.2257
6.2788
7.8683
9.9284
6.5596
26.054
5.9276
3.1108
2.1227
2.9368
1.5097
15.555
10.737
15.342
6.9804
0.70288
0.70126
38.537
2.5112
2.2227
3.0052
4.8964
0.67279
0.70288
0.71594
0.68688
0.71101
0.69804
0.67589
0.76187
0.6853
0.70612
4.4553
3.6634
3.2952
2.7535
0.66662
0.67279
0.6697
0.68058
0.67124
0.64399
0.66356
0.65145
0.66203
0.69323
0.7411
0.67745
12.998
18.488
13.149
6.2788
8.4699
6.6662
10.937
28.047
1.4219
2.1374
3.4824
3.9344
3.5308
3.9617
5.283
18.918
6.3078
16.176
7.0126
0.70126
1.4484
4.3841
31.396
2.8437
3.9983
16.364
6.4995
0.8808
12.879
19.049
12.998
5.406
0.66662
0.67434
5.9962
9.8147
5.9004
24.597
4.774
21.178
0.69005
0.73093
0.66509
0.66509
0.70288
0.65295
0.66203
18.192
15.845
6.3224
2.4996
0.66509
7.7425
6.6356
8.1635
4.8292
25.228
12.731
2.1771
4.6225
3.1037
3.1037
1.2586
0.67124
0.66509
0.68372
0.70288
0.65747
0.67589
23.653
10.688
5.406
8.2962
11.964
11.531
2.6661
1.5097
0.6853
21.621
2.7094
7.6538
0.71925
0.69643
0.7377
0.69804
0.71759
0.64845
0.63809
0.64696
0.66509
0.65145
0.66816
0.67901
0.6853
0.6697
0.6697
6.8372
4.785
1.3705
1.0638
1.0349
2.6175
