18.659
2.8832
4.0353
0.64845
0.66203
0.63809
1.1038
0.74452
1.3737
4.1103
1.9901
3.5065
2.5697
0.73093
1.2385
1.0638
1.0861
0.71759
0.71925
0.68846
0.69483
0.6697
0.74624
0.68846
0.72257
0.736
0.71925
0.71101
0.7143
0.69643
0.72423
0.67434
0.68215
0.72423
0.69164
0.74624
0.76892
1.6364
0.69483
0.72423
0.6853
0.66662
0.68688
0.66662
0.72257
0.7377
0.68215
0.70612
0.68846
0.69323
0.71759
0.74968
0.72423
0.72925
0.72257
0.79594
0.69804
0.72091
0.69483
0.7394
0.70126
0.69965
0.70288
0.76011
0.68372
1.0962
1.1665
1.8962
0.736
0.8373
2.349
2.1671
2.66
1.5881
1.6139
1.5166
2.7094
2.7662
1.9314
1.2998
1.8962
1.6251
1.2075
1.7453
2.3926
2.3544
0.68688
0.6853
0.66662
0.65899
0.66816
0.69483
0.65899
0.71925
0.69965
0.67434
0.68846
0.67279
0.68372
0.69965
1.786
0.66356
1.6214
6.8058
6.9965
13.301
6.1218
10.067
5.1866
18.403
37.229
3.3719
2.9504
2.1227
1.815
1.1854
1.7095
1.1992
1.5591
0.80887
1.1217
0.99056
1.5591
1.3768
3.2876
1.9628
1.9314
2.0132
1.1505
3.265
2.0039
2.0935
2.5994
1.8318
2.3762
2.0271
1.6706
2.8047
1.7615
2.6356
1.8573
2.4824
2.108
1.8962
0.97472
1.042
1.2075
1.1558
1.2103
1.6745
1.2586
0.97024
0.98147
1.1638
1.5413
1.2702
1.1505
2.0743
1.5627
1.5307
1.8108
2.1178
1.4584
2.1129
1.5772
1.6553
1.3896
1.2047
1.1773
2.3008
1.4821
1.6477
1.5881
1.8918
3.0823
1.8962
1.327
1.3705
1.6591
1.5166
1.1746
2.66
2.0648
3.8715
3.3953
5.5192
2.5403
2.6539
2.2381
1.7413
2.3436
2.0225
4.0446
9.6578
2.7219
1.7494
1.9583
1.6176
0.85877
0.891
1.1191
1.1012
1.0712
1.2299
5.5192
1.3028
1.0207
1.1827
1.5555
1.6439
1.8831
5.3565
4.8964
1.5735
1.5097
1.7333
1.3331
1.9628
1.7696
1.8875
4.2158
1.7901
0.86075
1.3331
1.6401
1.5845
2.7157
0.67745
0.66816
0.68372
0.68058
0.69483
0.68846
0.66662
0.69005
0.65596
0.70612
0.70126
0.67901
0.67279
0.66509
0.65445
0.66662
0.67745
0.67745
0.69483
0.69164
0.65145
0.68058
0.65899
0.66662
0.66203
0.67589
0.66203
0.68215
0.66662
3.6718
0.99056
0.9438
0.78141
1.2644
0.69323
0.64399
0.65295
0.65145
0.65899
0.66356
0.67901
0.65747
0.68058
0.66509
0.67279
0.69643
0.67279
0.67745
0.66051
0.66051
0.64845
0.68688
0.6697
0.65295
0.66509
0.6853
0.68846
0.6697
0.66509
0.69164
0.74281
0.6853
0.69965
0.71759
0.70775
0.68372
0.66816
0.66051
0.65596
0.65596
0.64995
0.66203
1.023
0.75141
1.2968
0.72925
0.99972
1.8318
2.1472
1.3768
2.264
1.7942
5.914
1.1012
1.3579
1.8488
1.2761
1.7819
1.2328
1.8573
2.9032
1.9226
1.9538
1.3455
1.6745
0.9438
0.85286
0.98828
1.2938
1.0396
1.6364
1.282
1.2271
0.92231
0.95253
1.059
1.1854
1.3393
1.4417
1.2299
1.3928
1.6861
1.9093
2.3544
2.2381
2.1423
1.2356
2.3114
2.6723
1.1854
1.2442
1.2499
2.5054
2.1275
1.7778
1.3928
2.3061
2.552
2.0039
2.1621
1.5881
1.6591
2.0506
1.3179
2.0984
1.6065
1.7333
1.8702
3.4346
0.97696
0.80887
1.1191
1.1452
0.95693
0.85286
1.0492
1.0043
1.1426
1.1063
1.1992
1.0301
1.2385
1.3486
1.445
1.5918
1.4318
1.0492
0.95034
1.1269
0.986
1.0762
1.3088
1.2731
1.0183
1.5377
1.9137
1.0861
1.1992
1.7095
1.5448
1.0987
1.2879
1.3118
1.3579
1.4089
1.6706
1.6668
1.7333
2.3274
1.7413
2.7725
1.7655
3.6718
1.8445
2.87
2.8899
2.9436
2.8766
1.5808
1.981
2.0039
2.0132
1.9901
2.2902
2.6539
2.2176
3.8272
3.836
2.0085
4.0075
1.2328
1.7615
0.6697
0.70612
0.69323
2.8437
1.2413
0.69164
0.65747
0.67124
0.68215
0.66509
0.66662
0.65596
0.64103
0.63369
0.67745
0.66051
0.65596
0.82962
0.97922
2.2433
0.79961
0.78502
2.0178
2.1821
1.9719
3.0894
6.5747
4.6013
1.6515
1.2131
1.3992
1.2702
1.2075
1.2413
1.3896
1.1746
1.0349
0.64845
1.016
0.6697
0.69483
0.65899
0.67589
0.65899
0.67434
0.66051
0.67434
0.64845
0.67434
0.68688
0.67589
0.68846
0.64103
0.64399
0.69323
0.67589
0.70126
0.68688
0.63956
0.67434
0.66509
0.6853
0.67589
0.68372
0.68215
0.68058
2.9983
1.0349
0.82771
0.87474
0.77961
1.0937
15.591
16.364
7.143
51.508
8.1824
3.0682
3.5965
5.9962
2.4037
1.6822
1.7413
1.5027
0.94163
1.2186
1.6028
1.6591
1.8276
1.8875
2.2176
2.6114
3.7058
2.9099
1.059
2.0085
1.5991
1.9226
2.7725
6.1077
4.2744
2.7918
3.9891
1.5166
1.4924
1.6553
1.6139
1.3028
0.99513
1.1638
1.3642
1.5413
1.6102
2.1472
1.4618
2.0178
2.8047
1.6745
1.5627
1.5808
1.2761
1.279
1.8108
1.7254
2.1472
1.5062
1.0911
1.2271
1.5735
1.7095
2.108
1.6214
1.396
1.552
1.4187
1.9764
2.1129
3.3642
8.91
3.7315
1.6553
2.2074
5.139
3.8715
1.0811
1.2938
2.5286
2.1129
2.2074
2.3982
1.2528
1.2702
0.80515
0.9438
1.327
1.2356
1.2442
1.6401
1.6251
1.3737
1.445
2.7535
1.6326
1.9947
1.2586
1.3579
2.1922
1.1347
1.5808
1.7819
3.0611
1.6745
1.396
1.3579
1.3209
1.3301
1.0861
1.2328
2.0459
5.3936
1.9049
1.445
1.3705
1.8445
1.0043
1.5097
1.1426
1.8745
1.3705
2.7662
1.7984
1.5342
1.4855
2.5403
1.1773
1.396
1.1373
0.99284
0.80515
0.99056
1.0067
0.89306
1.0811
1.0113
0.99284
1.2849
1.4318
1.5062
1.4719
1.5918
1.3088
1.2702
1.2761
1.5954
1.2385
2.0601
2.5875
1.8745
2.0412
1.8918
1.836
3.98
6.3369
4.8739
2.1324
2.4767
19.181
2.0696
1.1665
1.1909
0.69804
0.66509
5.9276
1.7373
1.6783
1.4584
0.68058
0.64399
0.66662
0.69965
0.65596
14.154
1.4685
3.9891
3.0823
2.9708
1.4787
1.9673
0.89306
1.0468
1.4551
1.8025
4.1771
9.5913
6.3662
6.697
2.9914
1.3896
0.67124
0.68846
0.66509
0.66203
0.68846
0.65445
0.64845
0.65899
0.65596
0.66051
0.66509
0.66816
0.64995
0.64399
6.7745
7.8321
1.5062
2.1671
3.8096
23.49
8.568
2.517
1.1531
1.2413
1.5236
1.7135
1.9947
5.7396
4.1675
11.399
6.3515
17.017
8.126
7.9777
9.3946
2.6235
0.64103
48.292
5.406
1.6028
4.4451
2.1721
1.5448
1.853
2.4259
2.3926
3.6887
1.8108
2.2074
1.3548
6.3224
14.753
15.699
6.4547
1.3331
1.8918
2.7282
5.3565
3.4346
2.4597
1.7056
1.6065
3.235
5.1985
5.7264
5.5065
2.5344
2.0935
1.9448
1.6629
1.3705
3.6972
2.4882
4.8292
3.2054
4.2352
7.0288
5.5703
13.673
3.318
0.66203
0.65596
0.65445
0.66356
0.65747
0.85286
1.8108
1.9673
1.3517
7.6187
1.2761
1.4219
1.3517
1.3642
1.1399
10.517
0.65596
0.63662
0.64399
0.66662
6.0937
10.396
12.215
7.2257
0.65445
0.68688
5.1154
49.417
4.6439
4.9417
2.9845
5.5065
1.815
1.7413
3.4188
3.7834
1.8488
1.0663
1.4121
10.861
14.889
6.6816
15.663
38.008
1.4285
1.4651
2.2329
2.6054
2.2381
2.1972
2.6114
2.0601
1.3058
1.5484
3.0611
5.3196
3.3333
1.4719
4.4246
4.4451
0.73093
0.68058
0.65596
0.67589
0.68688
0.64399
3.3642
1.8025
1.6065
2.0935
1.3768
1.5881
2.349
2.1621
1.9764
1.3642
1.5062
1.1719
1.7413
1.4651
2.0365
2.3274
1.2557
1.5307
2.3167
1.4685
1.4484
1.6176
2.1872
2.454
2.2797
6.5747
1.0614
9.3085
3.6803
1.786
2.1872
1.8788
1.0541
0.86872
1.0565
1.1746
1.279
1.6668
2.3436
1.8276
2.2902
2.2176
1.3209
1.8276
2.8568
1.324
2.4882
2.2329
1.4517
2.1275
2.1821
2.5756
3.5471
1.6176
2.6114
2.2955
2.0839
2.5697
2.4204
2.3061
6.7434
10.02
3.1687
0.79228
0.6697
0.69005
0.72423
0.67279
0.66051
0.66356
0.67745
0.67124
0.64845
3.8096
0.84894
1.2328
1.3362
1.5699
2.4939
14.517
12.557
1.8659
1.1089
1.6706
1.5097
1.7214
3.1906
2.8568
1.8918
2.4484
3.7747
1.9947
2.264
1.7615
1.6939
1.8745
1.4584
6.207
4.8404
2.6054
5.3319
1.5271
16.139
13.928
9.9742
31.76
5.955
1.6251
3.1037
2.6478
1.6251
2.2484
1.5027
1.016
2.7853
1.7333
3.0752
2.964
2.4315
8.7273
7.9961
2.1621
1.4057
1.3705
1.8488
2.3762
4.1868
3.198
1.4252
1.4551
2.4597
2.7982
1.5918
2.3707
2.8111
2.8965
1.7901
2.0696
1.9719
1.2644
1.4685
1.4089
1.396
1.3832
2.3061
3.2128
2.3871
1.5448
2.4882
1.6629
3.836
4.9875
1.8962
1.5377
1.6629
2.1922
1.836
5.6089
4.0915
2.0318
3.2425
2.4148
2.7345
2.6417
2.3167
3.9435
1.7778
2.7725
1.5627
3.9254
4.1009
6.8372
6.8215
10.23
1.6065
2.4824
1.9538
3.7143
1.9583
3.1541
15.236
2.0459
1.6288
7.8321
2.2381
1.7017
1.4753
1.6978
3.2054
4.676
6.9965
1.0614
0.99284
0.69804
0.65899
0.68215
0.66662
4.5801
3.7058
7.2091
1.9448
2.0553
1.3517
1.7696
1.8831
1.8488
3.1687
1.6326
5.532
2.4484
1.8445
1.3548
2.5994
5.0452
0.9034
1.69
3.0966
7.0775
1.8488
1.3209
1.7413
1.6364
1.3673
1.3705
1.1558
1.3928
5.6089
5.139
6.3515
0.76187
0.81635
1.0836
1.3179
0.83537
1.5663
5.022
0.86274
0.78141
0.74624
5.6608
0.79594
0.88487
0.68688
0.67279
0.6697
0.64103
