9.0132
5.0452
14.618
5.914
2.1178
8.5877
17.984
18.234
7.8321
13.8
11.373
9.7248
1.8276
11.373
6.5899
2.7725
1.3149
22.902
17.453
8.509
16.439
16.978
9.6801
2.4148
10.811
2.3926
0.79411
0.77782
20.887
5.3442
8.4504
19.137
25.228
29.64
4.6868
6.3956
15.663
13.362
21.522
9.1808
24.259
5.5192
15.663
11.746
17.017
2.6908
2.1522
1.4753
1.0688
7.1759
23.008
18.234
12.82
8.6473
12.761
15.271
2.2278
1.1217
1.4958
2.4427
2.0132
21.275
12.499
17.373
15.663
3.2425
20.412
28.241
2.1324
16.176
19.764
3.5882
9.5913
33.875
14.121
1.8025
20.039
13.579
7.1759
21.771
9.8374
10.565
22.278
15.808
4.8739
8.7676
3.8096
6.0378
20.318
20.085
10.067
17.214
17.017
16.978
3.2725
20.506
25.756
22.176
17.293
6.2356
17.254
19.226
4.3239
19.403
21.671
4.3841
13.673
24.767
10.113
5.7001
1.6288
17.413
20.271
20.412
7.5488
20.412
26.846
1.38
1.9493
8.3345
21.671
14.787
3.7229
5.431
23.653
19.81
14.584
24.315
17.778
4.3841
13.393
22.381
3.8272
20.743
14.089
5.2587
19.493
18.702
1.4285
1.3301
9.4163
9.373
20.132
5.6089
7.9228
4.9304
21.821
17.615
8.9925
18.788
21.08
14.417
5.2345
6.3369
8.3153
17.615
22.797
1.5627
3.7058
24.315
7.6892
4.8071
12.644
22.797
15.699
22.745
6.8058
19.226
5.4435
2.0601
1.324
21.621
7.6715
15.342
19.538
15.236
19.764
14.993
3.9254
6.3956
5.9962
17.254
15.772
12.731
15.027
1.2849
1.1827
0.82012
0.79228
0.75315
1.8831
15.991
15.377
11.8
20.839
15.918
4.2646
19.493
19.81
6.5445
3.4188
19.493
10.42
9.7024
24.939
5.5831
20.271
13.896
6.2933
8.6274
18.788
5.4686
16.553
16.401
4.8627
9.8828
12.702
17.819
2.0271
18.488
6.3956
2.66
18.445
21.571
5.6869
7.6892
15.591
15.699
24.037
6.8846
8.2012
11.063
14.154
10.492
5.3812
21.423
3.5717
8.808
13.301
4.5277
3.58
14.417
15.627
13.611
3.3564
16.591
7.5488
17.135
6.3662
19.628
12.442
20.132
5.6869
4.1675
4.1675
10.737
20.318
12.968
8.1635
16.745
20.506
3.1469
7.2257
21.472
4.8739
1.7254
1.3331
25.697
18.573
7.6538
8.7676
19.27
14.121
4.0353
8.6872
13.486
16.439
3.0191
1.5062
5.7528
18.616
1.1373
0.8568
7.7246
0.78502
0.95034
3.5717
14.551
15.881
16.439
9.6578
16.553
2.9099
17.174
19.137
13.331
25.935
8.126
14.889
10.638
20.459
25.344
8.2771
9.7696
17.86
20.696
7.143
14.924
26.97
1.8067
1.6176
2.1972
9.9284
14.924
18.875
5.0336
11.937
7.6538
21.972
3.25
19.628
4.4965
28.502
17.254
11.638
19.226
20.412
2.3328
12.673
17.655
18.403
3.4904
0.78141
1.1089
3.9073
7.7069
12.499
16.822
25.054
8.5286
34.267
5.6089
9.373
17.293
4.1009
7.7246
17.942
11.692
31.833
7.0126
10.688
15.627
4.6868
12.186
18.831
2.9504
2.0412
18.108
23.114
7.1925
8.9306
10.861
20.132
13.705
13.088
7.5662
21.374
5.0336
12.761
16.978
26.417
1.7696
19.81
21.178
8.373
13.088
7.7069
6.5295
15.699
20.743
3.5882
1.4417
1.6978
2.2902
17.135
2.697
2.0039
0.87474
0.90132
1.2047
0.88487
0.73093
0.7411
1.4958
3.1108
5.3565
20.984
7.1594
14.787
11.452
22.433
3.2725
18.15
18.234
22.797
17.056
7.8683
7.7782
22.484
2.0039
1.2413
10.349
14.685
20.412
13.611
3.6549
3.3875
13.705
27.918
7.8141
1.6939
2.3653
17.942
1.4384
20.459
17.095
5.4561
11.611
21.671
11.478
15.307
17.696
4.3439
22.433
22.125
2.5935
14.121
2.4427
1.6783
2.1227
1.1063
15.236
16.288
4.1579
13.393
9.2444
22.536
2.2176
1.1773
2.3817
2.3167
4.1868
22.329
23.274
6.9965
8.7273
14.551
20.412
7.2758
16.364
18.962
6.6356
10.468
14.285
0.66203
0.66509
0.66662
0.67124
0.66356
24.148
5.0105
1.0183
1.1773
6.0101
14.821
22.745
18.488
4.9645
13.088
1.7214
0.70938
0.69483
0.94815
0.80145
0.80701
0.78683
0.88895
2.349
15.954
8.6274
19.493
21.324
7.2423
19.27
3.8983
0.6697
0.67124
0.67124
0.66662
0.65295
0.6697
0.6697
0.67434
0.66356
0.67124
0.6697
0.85286
21.275
19.719
13.179
17.333
12.557
3.2725
15.52
11.14
2.7408
4.6119
14.517
1.4753
2.2227
1.3517
1.1478
1.1426
2.87
1.8488
1.8962
0.67901
18.067
13.517
10.663
17.333
13.362
5.283
15.236
12.615
13.486
5.283
5.7793
20.039
20.696
16.364
7.3093
13.8
14.787
20.839
15.484
4.8404
12.731
24.315
3.3564
22.381
19.673
17.413
10.372
6.0517
4.7193
19.137
18.831
3.2575
18.108
1.5271
21.872
20.365
6.3369
22.433
25.935
2.0271
16.288
15.808
19.719
4.5486
12.158
22.278
15.307
4.4043
9.8828
0.7045
9.3299
19.137
18.918
6.8215
21.821
21.571
5.9004
2.0178
1.6288
1.8403
1.9673
13.486
1.4889
9.9513
7.1759
0.68372
0.66051
0.69965
0.69164
18.318
8.0145
15.845
21.275
2.108
4.9531
19.314
3.8537
1.6515
0.95693
15.236
15.377
19.27
25.17
2.2536
6.3956
15.591
18.067
0.66051
0.70938
0.69965
5.1154
17.174
10.663
16.364
22.433
10.207
13.548
20.935
4.9531
6.6509
18.067
20.178
1.6364
2.6114
6.6356
9.034
8.2962
0.70775
16.745
18.702
11.964
0.72925
15.954
21.423
3.3875
10.836
1.0541
1.4993
15.236
7.7246
0.68215
0.65295
0.69483
14.318
5.1508
7.6892
23.061
12.615
3.9983
23.49
1.4685
0.85877
0.77069
1.2702
1.1012
4.3639
6.6051
0.67434
0.66816
0.67279
0.69965
0.67745
0.66356
0.70612
0.66356
0.66356
0.67745
0.6697
0.69323
0.67124
0.72257
0.66816
0.67745
0.67589
0.69005
0.68846
0.71759
0.69483
0.69164
0.66662
0.71101
0.67745
0.66203
0.69005
0.7045
0.69005
0.71594
0.68372
0.69483
0.69164
0.65747
0.70612
0.76362
0.69483
0.67589
0.69164
0.69323
0.66816
0.69323
0.71594
5.3565
0.70938
1.1452
2.66
0.96134
2.3114
1.38
12.385
17.254
19.901
12.442
16.861
4.8964
21.621
24.371
14.924
0.68058
1.3424
1.2968
1.8067
11.8
11.611
0.90132
0.82962
1.5131
0.7394
0.87273
0.86872
0.88895
0.80887
0.85877
8.9511
18.875
1.0325
1.3928
6.0517
12.849
1.1558
1.2243
1.3579
19.226
13.179
5.6739
12.528
18.702
17.095
2.5344
11.665
15.991
17.135
15.236
4.5173
15.342
16.214
12.271
13.179
13.705
0.70612
15.062
13.393
3.4584
6.6662
20.085
18.875
13.579
4.4145
0.67124
11.827
13.27
4.774
5.1866
14.924
18.918
8.5483
5.9824
0.69164
1.4821
0.97248
4.4246
20.791
11.191
0.67589
0.65747
0.66051
0.66203
0.68215
0.68372
17.135
14.417
3.0191
18.403
20.935
1.4121
1.7696
2.7853
4.6225
11.269
0.66356
0.64995
1.8025
11.452
11.992
11.321
1.5377
0.97696
1.2968
0.7045
0.6697
0.68215
0.64547
0.67279
0.67745
0.64547
0.66509
0.67124
0.66203
0.64251
0.78502
0.7045
0.68688
2.8111
4.1868
15.062
24.204
6.9323
13.149
23.221
9.1808
11.347
12.82
14.993
19.901
21.621
4.4451
1.69
8.7273
0.6853
14.318
11.063
12.879
13.058
11.063
14.855
22.692
3.8894
1.0254
16.401
15.027
0.66662
0.68688
11.038
14.154
8.7072
4.785
14.219
13.548
5.6089
20.791
2.9368
1.5484
1.6591
1.7942
1.8025
2.7982
22.955
1.0301
0.7394
0.83537
0.84699
0.8568
1.0349
8.2201
0.68215
0.68688
0.68372
0.67124
0.69005
0.69643
0.68688
8.6672
11.478
1.0349
2.471
5.9824
14.252
15.027
13.611
11.558
18.875
2.8306
3.8272
4.8739
1.7696
0.87474
0.96801
0.88487
1.4024
1.1452
2.2381
1.8702
1.8108
0.80145
1.7056
2.7982
2.1423
2.2125
11.295
1.3362
10.254
0.69965
0.68215
0.70775
0.69005
0.69483
0.68215
0.68058
0.74968
0.66509
0.64845
0.66816
0.67745
0.6853
0.68372
0.65445
0.69323
0.69164
0.6853
0.67279
0.67901
0.6853
5.2345
1.8788
1.8234
0.67589
0.70775
0.68215
0.7045
0.68058
0.6853
0.7045
7.5837
12.528
1.4351
1.3058
2.471
1.3028
1.7819
1.324
0.95913
0.92231
0.79777
0.88895
0.8808
0.80701
0.98374
0.76715
0.91808
0.79411
0.76538
1.2938
1.7819
1.1937
1.1321
1.2385
2.1324
1.4584
1.9181
2.2227
7.8502
4.1675
21.032
1.8403
14.219
12.186
6.207
16.745
21.821
20.887
5.6218
10.517
1.5591
20.178
10.136
18.318
6.7434
16.591
13.928
19.993
2.8965
16.553
10.565
28.111
2.8371
2.7535
3.6887
14.318
13.579
13.118
8.7072
8.6473
9.5913
21.472
16.668
3.0611
2.349
1.8234
1.282
2.5935
1.5307
3.6718
14.685
10.372
14.285
13.088
13.088
4.6119
22.484
21.275
7.1594
8.7273
8.0887
2.3598
2.5403
0.89511
0.86672
0.97024
0.76187
0.83537
1.2158
1.7737
2.264
2.4939
17.373
1.0836
1.6028
14.821
13.24
2.1423
0.89511
1.016
1.2442
4.9989
12.158
15.954
6.3078
6.5596
17.984
19.764
1.4889
2.1129
11.505
0.68688
17.017
2.9777
7.5141
10.937
20.271
18.403
32.054
1.7095
1.7574
4.6976
3.28
1.8067
1.9093
6.8215
10.786
14.024
16.822
4.0727
14.821
7.5662
