0.93514
1.042
1.815
2.7982
1.1992
2.1374
2.3982
9.5913
1.0277
5.6089
12.879
8.4504
5.532
6.9643
7.5141
31.687
2.1621
5.5831
5.4561
13.928
1.2328
1.4089
3.8096
3.9617
3.1687
8.1073
1.0937
1.7254
2.4148
1.6706
1.9719
2.2329
1.6364
1.7901
1.279
1.2586
2.2125
2.4259
9.2657
1.5027
2.1821
0.96356
0.87273
0.79046
1.0349
2.6908
9.1596
24.54
2.2955
9.0548
10.861
12.47
33.333
27.094
13.611
9.7472
9.8147
8.0887
23.982
15.555
1.8788
1.4384
1.5627
2.7219
1.5097
1.8745
3.2952
13.896
16.326
6.9643
30.261
16.251
1.4089
2.6175
2.3982
21.08
1.4924
4.6332
3.9254
17.534
8.8487
11.063
7.1759
8.0515
1.0937
11.14
34.425
3.28
1.3179
1.9901
14.384
19.226
9.2871
8.2201
20.984
43.841
1.7737
16.783
18.234
9.9056
28.7
33.564
2.4204
11.964
13.393
12.849
11.373
6.9323
36.718
4.3041
20.365
21.032
4.5277
12.271
5.6608
6.7279
38.894
12.243
12.158
16.401
19.855
6.9005
10.962
36.803
1.8573
1.1426
2.3544
6.6356
21.621
16.477
9.3299
15.236
31.252
2.7789
11.269
9.6578
8.568
8.509
16.553
16.214
7.2257
8.509
31.76
9.7248
16.439
11.14
9.2657
16.439
31.614
3.0541
24.597
9.5693
11.426
30.122
27.282
1.2103
1.3864
2.264
1.6326
1.927
8.5483
15.062
2.9301
1.7095
1.4351
1.6326
1.1746
1.927
11.854
8.1448
10.811
9.9742
21.571
10.444
1.4351
6.9005
2.3871
3.7921
2.3436
15.097
9.8374
9.2231
4.9304
8.6872
22.227
9.3946
9.0548
10.444
26.478
1.9181
5.0568
0.69965
0.67279
0.69005
16.9
21.178
8.126
8.9306
31.037
21.374
1.2299
3.9617
11.692
1.0688
22.85
15.555
10.638
27.219
28.371
4.4965
8.6075
1.016
1.6668
10.325
13.96
9.5034
4.5591
1.002
9.4815
9.8147
17.254
28.899
1.5236
2.517
1.1992
14.924
4.0821
2.1522
1.8445
11.269
1.1166
0.68215
0.65145
0.67124
0.67279
0.67434
0.6697
0.92019
0.7394
0.75662
0.77961
1.4821
1.1665
0.7045
0.69483
0.69323
0.66051
0.70775
0.70775
0.68058
0.67901
0.66662
0.66356
0.67434
0.67434
0.65596
0.71925
0.66816
0.66203
0.6697
4.6976
11.452
8.8283
28.965
4.8852
1.836
13.455
17.778
19.538
5.7661
27.598
6.7901
3.7487
10.372
0.76538
0.68058
20.984
11.692
5.283
34.031
27.725
3.4267
7.0126
1.1373
2.7598
10.962
18.276
10.207
8.7474
8.8487
27.535
41.675
1.5918
4.752
9.8828
0.70775
0.6697
15.307
12.909
11.295
23.982
23.926
16.861
8.3537
9.5034
18.488
29.166
19.764
32.65
2.9166
0.82581
0.69643
0.66051
8.808
12.385
9.1386
39.617
27.282
3.2202
7.1594
9.1176
20.743
10.836
0.70612
0.69323
0.70288
0.68846
0.69323
0.68372
0.74281
0.90966
0.8509
0.95693
3.1614
14.993
15.699
12.79
30.191
2.0791
25.344
1.1964
5.3074
15.166
11.585
6.6662
6.0101
28.766
29.032
11.063
24.371
17.574
13.118
7.6011
13.864
39.254
2.1972
15.131
0.68372
0.68372
0.65596
0.66203
0.67434
0.6697
0.68688
0.68846
0.70288
0.68215
0.71594
0.68688
0.69005
0.70612
0.69804
0.69804
0.67901
0.69323
0.70126
0.68058
0.69804
0.65596
0.70288
0.68215
0.66816
0.67745
0.69164
0.69164
0.70612
0.69804
0.69323
0.72091
0.70288
0.70288
0.70126
0.70126
0.67901
0.71265
0.68058
0.67124
0.67124
0.69643
0.69483
0.76011
0.68846
0.69804
0.69483
0.70288
0.7045
0.67434
0.6697
0.68058
0.71101
0.71101
0.71265
0.94163
0.82201
0.7377
0.81073
1.0712
2.5054
14.121
11.531
8.5286
5.7396
15.131
24.371
1.9901
1.927
1.4924
2.2278
2.7345
12.103
2.4996
1.5448
1.059
1.1426
16.668
9.3514
31.614
3.176
15.918
11.114
9.3514
2.6054
0.68688
5.6218
18.445
40.446
2.5403
1.5413
1.9403
1.5918
4.4246
8.0701
18.659
11.638
9.6356
32.876
1.8067
1.6214
2.9777
17.373
19.719
0.67434
0.70775
0.66816
0.70126
0.73431
4.0446
1.4089
0.96578
2.1821
0.66051
0.65747
0.65295
10.254
12.82
13.24
33.41
8.3345
2.8437
1.1012
5.6869
18.192
7.9594
13.028
0.66662
0.65596
10.372
8.0145
31.76
10.688
3.6972
0.9438
3.047
16.822
14.787
12.413
8.91
35.471
1.5845
3.8096
2.552
1.4753
2.6661
23.653
0.65596
6.5445
15.201
5.914
35.227
3.7747
2.1374
16.629
14.517
12.528
6.4995
3.4031
0.67279
14.089
28.899
2.8899
7.0288
17.293
23.328
9.4815
7.9961
10.372
34.346
2.2536
5.8733
2.8634
0.73431
0.68215
0.70612
0.70288
0.7045
0.68372
0.71594
0.68215
0.69804
0.73093
0.69164
0.76362
0.66662
0.70288
4.314
1.0113
1.2761
1.0614
4.752
0.7045
0.70938
0.68372
0.71925
0.71265
0.73093
0.71759
0.7143
0.6697
0.70126
0.88691
0.70612
0.72423
0.73262
0.69804
0.67434
0.7045
0.69483
0.69483
0.72758
0.6697
0.67434
0.72091
1.2186
1.0277
0.78683
0.75141
0.76715
1.023
0.69483
0.81073
13.27
17.135
8.4699
11.719
8.8895
34.744
2.7918
3.3257
14.089
19.226
0.65747
7.7782
13.209
22.64
23.49
18.53
9.7472
11.399
16.176
20.225
42.646
3.118
0.95693
1.1399
6.1218
14.089
17.056
11.937
10.836
9.6801
28.241
1.4057
6.0797
2.5579
7.8141
7.6538
0.67279
0.7143
0.69804
0.69965
0.71759
0.70775
0.67901
0.71594
0.67279
18.875
11.531
6.5145
25.994
19.493
11.909
2.5344
17.819
0.71101
0.66356
0.69965
0.65747
0.65445
0.66203
0.65899
0.67901
0.67745
0.68846
0.65899
0.69005
0.67124
0.6853
0.73093
0.69965
0.72257
0.70938
0.69804
0.68215
0.67589
0.6697
10.207
19.049
11.746
0.8808
19.901
12.243
8.8895
5.6478
19.137
32.054
1.2849
1.8488
1.2075
10.372
7.143
0.69643
0.69804
0.71265
0.69005
0.70126
0.69804
0.68846
0.69483
0.65899
1.1558
1.4187
2.5579
1.3705
3.9073
3.9435
14.057
12.215
5.8463
14.187
36.549
2.8899
5.7528
0.77782
1.2499
21.621
0.66816
0.67589
0.65445
0.67745
0.68215
15.881
6.4251
20.506
10.254
31.037
12.528
1.7901
5.7396
1.7413
1.2644
14.584
7.1925
0.7394
14.057
19.137
9.0132
5.5447
14.719
26.97
1.3611
1.8616
1.4417
1.3832
1.0614
1.3992
1.4089
1.2615
1.5699
1.5627
2.8047
4.5277
5.022
7.6892
16.9
9.0757
15.377
5.6739
17.696
36.972
6.5747
1.9137
12.673
1.9093
0.70126
0.79777
0.77961
0.88895
1.0517
16.706
0.7045
0.67434
0.67124
0.68372
0.72423
0.66356
0.7377
0.66356
0.66509
0.6853
0.64995
0.68688
0.69643
0.7143
0.65596
0.68215
0.69323
0.66356
0.66816
0.68688
0.67279
0.65747
0.68058
0.67901
0.67745
0.66356
0.67434
0.70775
0.67279
0.67279
0.6853
0.67124
0.69483
4.4043
1.4484
1.5772
4.4348
5.3442
1.6553
1.2528
1.5342
2.8965
1.5413
1.7984
10.183
13.149
14.187
30.052
1.5881
2.0935
1.3486
4.763
16.822
4.8515
0.70288
0.68215
0.72257
0.68215
0.67124
4.5801
12.731
12.385
13.028
29.914
29.099
1.3179
9.2231
7.7782
0.69804
2.0887
0.85286
0.79046
2.1178
4.919
2.0887
1.0663
1.0962
1.1585
1.2047
1.3611
0.78141
0.69643
9.9972
13.118
0.70938
0.6853
0.66509
0.66509
0.67901
0.65747
12.328
29.368
34.584
1.2528
1.9448
1.1505
0.97248
1.4417
2.2074
0.9373
0.99056
1.2938
1.0565
2.1472
1.4121
2.0225
1.5808
2.1922
3.0122
3.9891
8.568
0.98374
0.8568
0.93085
12.019
4.1868
2.3598
2.3221
0.68846
0.66816
0.70288
0.67745
0.67434
0.66662
0.70612
0.7143
0.67901
0.67434
0.68372
0.70288
0.66356
0.67901
0.69323
0.65145
0.66356
10.517
26.054
2.697
1.5271
1.786
1.5131
1.1217
1.8659
1.7214
2.0887
4.774
12.413
15.991
8.9511
2.1374
3.198
0.68846
9.8374
11.373
27.725
25.403
1.4685
3.3719
1.4024
1.7056
1.5062
1.7135
2.0039
6.6356
0.74452
0.67589
0.72091
0.69965
10.886
19.403
13.992
11.773
32.575
2.1771
1.5166
1.1827
1.7174
1.2271
1.5062
0.9373
0.89718
1.5735
1.5307
2.7345
2.3167
3.28
6.0797
1.9403
7.9777
3.8715
8.033
3.8626
7.2925
0.6853
0.69804
0.73093
0.69483
0.69643
0.67745
13.611
4.2744
0.67589
0.65445
0.70288
0.66662
0.67901
0.66509
0.67745
0.6697
0.69005
0.67745
0.67279
0.72925
0.66356
0.66662
0.65899
0.7045
0.65596
0.67589
0.70288
0.68058
0.70126
0.68846
0.66051
0.68058
0.68846
0.67124
0.66816
7.411
15.097
26.784
1.3362
1.8403
2.2074
2.1972
2.8111
11.166
7.4281
9.034
8.4504
8.3537
30.122
24.037
1.8276
2.0412
1.4351
4.0446
1.0113
1.2103
6.9005
5.1985
0.69005
0.6853
0.69965
0.68215
0.69164
0.67279
0.7143
0.67279
0.69965
0.64251
0.66356
0.69965
0.67745
1.6364
2.0318
0.96356
0.83153
1.5808
2.9099
1.3705
0.71265
0.69483
0.6697
0.70938
0.70938
0.66509
3.9983
1.5663
1.0614
19.093
2.8832
13.96
18.616
14.993
37.315
2.1178
2.0365
1.7095
1.6706
0.95913
1.6288
1.6065
1.3832
1.4551
9.0757
14.154
6.3224
0.67589
0.68058
0.7143
0.71101
0.68688
0.7045
0.67901
0.7045
0.69164
0.6853
0.67434
7.2925
21.324
3.5308
0.94597
1.0372
1.1191
2.3762
8.9306
8.808
3.766
22.329
8.5483
27.789
13.992
2.2278
9.7024
19.719
17.017
18.616
9.034
