19.583
11.295
22.125
1.4285
11.295
4.8627
2.8047
2.8047
241.48
11.114
22.692
16.251
12.413
10.762
6.2644
22.588
3.6214
3.6465
4.4553
23.061
2.8568
18.067
14.154
32.725
2.0743
2.3926
3.6549
14.787
1.3301
16.214
3.1833
36.214
3.0682
2.349
7.7069
1.7095
5.406
24.71
23.817
32.5
2.3061
3.198
1.7984
3.2128
1.7819
2.0459
1.3179
2.5112
1.5772
2.9099
4.0727
18.875
14.685
4.2548
16.065
38.008
7.6362
2.264
3.8983
2.3982
12.158
12.849
11.854
20.178
2.7345
3.6634
3.6972
1.5591
1.8702
1.981
5.9687
15.663
26.295
11.854
46.332
2.2745
1.9673
2.264
3.6972
1.8831
1.836
1.4551
1.6668
1.3393
1.981
4.5696
2.471
5.1866
4.6013
15.201
19.855
7.3431
2.7598
34.425
3.0682
2.2176
1.7942
1.2879
1.6553
2.5286
2.552
12.615
18.616
0.70288
0.68058
2.8899
13.737
15.845
20.506
43.841
1.9947
2.7725
3.176
2.2074
2.7219
2.3221
1.9764
1.6401
1.1399
1.0762
1.7984
6.0239
6.7745
4.4145
1.2442
2.7219
1.8788
1.9093
1.5555
1.6515
1.7453
1.9628
1.6364
1.6439
1.8067
1.7453
1.9719
2.3762
14.121
18.659
27.725
1.5735
2.7598
2.2588
1.3896
1.5377
1.9226
1.815
2.1227
2.3817
2.0225
1.8025
11.089
21.621
3.4188
1.6591
1.7778
25.461
19.137
7.7961
40.821
7.4452
2.6784
12.586
27.094
2.0648
23.382
40.821
2.5054
22.484
18.276
8.9511
14.024
40.075
2.2745
15.591
22.64
14.651
35.39
27.219
2.5638
4.2942
18.488
21.423
11.937
44.862
26.175
8.9718
3.8537
32.876
18.025
27.918
34.824
28.766
25.461
10.113
2.9845
34.664
33.564
2.2692
2.349
10.737
5.2708
3.7487
24.882
22.692
17.056
23.982
2.6054
3.0894
3.6381
11.505
21.522
14.285
7.36
22.955
42.843
1.6288
2.0459
2.4597
1.3517
3.5065
6.0378
2.0132
3.5065
3.0122
34.425
10.301
12.103
12.731
32.575
2.7157
11.373
26.114
16.706
9.8147
11.399
30.752
3.341
8.3153
25.579
13.896
38.537
3.411
34.425
21.872
11.665
16.102
4.8181
56.739
2.3871
3.0894
2.1522
4.796
2.9504
6.0517
29.368
20.365
7.4452
31.906
47.302
2.3653
7.4452
38.894
22.797
6.4995
16.591
35.227
3.1469
12.968
2.3707
17.86
25.054
20.696
10.836
39.073
48.515
1.8962
25.815
18.067
13.768
56.348
2.2902
5.9276
4.9531
30.823
15.663
4.1198
9.034
45.591
3.2575
3.8272
3.766
1.9719
50.336
14.584
10.42
30.611
44.759
3.9708
31.252
11.585
11.909
6.2213
14.057
1.1505
12.356
58.328
2.5344
1.8918
7.5315
31.76
28.7
0.67589
17.293
10.444
38.715
7.8864
39.254
15.918
10.301
24.996
5.1866
3.58
29.032
19.448
24.315
29.099
2.8502
4.4553
7.0126
39.8
14.057
5.1985
17.174
0.64845
0.69643
0.65899
49.531
5.4561
12.103
30.47
18.745
42.255
6.8215
2.2125
5.0105
27.471
15.991
8.3153
5.7396
34.11
4.4656
11.611
11.909
1.981
1.9993
2.2955
30.4
1.8192
2.4484
0.68846
17.778
8.6872
48.627
33.028
1.4719
30.682
12.075
19.005
15.413
1.1347
52.466
2.3926
15.808
24.767
11.585
17.056
49.875
2.8634
27.219
20.365
4.785
5.0919
54.561
16.251
3.3028
2.3008
4.5801
3.8096
3.8448
11.14
3.2575
1.69
1.9538
25.52
31.614
16.629
10.886
6.8215
0.68372
3.1108
43.14
8.7676
1.8702
1.7615
3.235
4.3439
3.98
2.2125
25.697
25.461
17.494
54.06
11.692
19.855
1.6065
33.028
1.5808
18.108
18.025
0.65899
0.65747
0.64696
0.66662
0.66509
5.6218
18.025
48.071
3.2202
1.7534
15.735
24.882
8.6872
51.627
2.7219
4.4553
9.86
18.15
32.425
14.753
41.198
10.301
1.2499
1.3737
1.7174
1.8108
5.0568
0.70612
22.278
15.131
1.0836
0.69323
38.804
5.431
41.484
5.9276
36.887
13.179
42.45
4.9645
10.396
36.718
12.586
16.102
27.918
3.2425
1.3992
3.0823
10.737
2.4882
2.2955
3.4584
2.2797
1.8108
28.047
24.71
18.962
6.9483
42.744
2.0791
2.0984
4.763
3.6718
25.403
0.69483
6.4696
14.584
0.69005
0.66816
20.178
7.0612
7.2758
20.318
0.85483
1.7655
1.009
5.6478
45.591
1.6629
2.4484
7.1759
27.535
8.9718
9.9972
0.71265
0.71101
34.346
35.635
19.403
3.4584
18.788
26.908
20.178
4.3942
7.5315
1.5236
48.964
21.129
6.5596
7.3431
32.202
0.69804
2.8306
22.176
43.639
4.1964
5.3074
41.964
8.568
5.1627
25.461
36.972
2.4427
30.752
26.661
15.881
42.061
4.9875
2.9708
11.089
0.66662
0.65899
1.9314
1.6326
2.9504
1.6861
7.7069
18.15
16.477
14.551
51.39
4.7193
9.0548
25.228
6.4251
0.64845
17.819
30.47
15.591
8.7072
46.868
6.8058
0.69164
12.442
27.408
15.735
19.993
30.894
2.0553
4.9875
0.70612
5.7001
7.9228
26.175
13.424
2.3114
1.2299
36.298
4.8181
46.76
7.377
1.8831
3.8537
4.0727
23.707
1.4089
32.5
25.935
4.4862
7.1759
4.2646
5.806
29.368
35.8
1.4821
1.3517
7.7246
2.4204
21.872
22.278
18.659
6.9483
16.439
5.1746
1.2702
1.282
7.7961
2.3762
0.71925
0.70288
56.089
3.5227
1.7901
1.7373
4.0353
14.618
25.697
11.665
6.9804
15.954
38.804
2.3871
2.9436
22.329
1.3642
2.7725
2.552
4.5277
8.2391
0.65145
0.69005
0.71594
0.66816
0.69005
0.66816
0.7259
0.67589
0.92444
24.092
12.328
0.66203
0.64103
0.64547
24.597
51.746
5.1154
1.6553
1.8025
3.5717
22.484
28.371
13.992
7.7425
4.374
20.887
34.505
2.7982
2.2381
25.579
1.4252
0.87474
1.552
2.8634
24.092
0.69965
0.70612
0.66662
0.67745
0.71759
25.994
1.7737
0.8126
12.442
7.9228
3.9254
6.207
3.4664
46.868
1.2615
1.9538
2.1275
1.7778
2.7471
2.0839
1.6102
7.2758
25.17
9.9056
5.532
5.2587
8.3537
46.653
2.0839
2.5054
12.82
31.324
4.2843
7.4968
1.5131
1.3424
17.254
11.773
41.103
8.5877
2.3382
1.552
7.7961
11.426
0.69965
0.68215
0.66051
0.68372
0.66203
0.67745
1.0207
0.77603
0.78502
0.80701
1.1937
4.4553
2.5054
0.65596
0.6697
0.68372
0.68372
0.65445
16.251
18.067
4.919
41.103
4.8404
1.9359
1.6978
1.7737
4.026
5.3442
37.058
12.849
12.019
29.983
34.664
2.0553
4.4348
2.0648
1.9538
1.6978
1.6477
1.6939
0.94815
1.327
1.3424
1.4924
1.3992
1.38
0.97922
1.4024
1.4958
1.3179
1.3486
1.0517
1.3705
1.1611
1.2356
0.97922
1.4024
1.5591
2.0271
4.1388
3.8272
2.3707
8.4116
31.108
15.484
33.41
6.5899
1.8276
2.3436
3.3719
2.5579
37.487
17.494
4.8071
0.72925
0.71101
37.315
18.616
2.0412
2.2902
1.6364
1.853
1.8445
1.7494
1.5027
1.4584
1.3118
1.6978
1.5413
0.91386
1.9005
2.0412
1.981
2.5054
1.7453
2.0696
2.5461
1.7333
1.6176
1.8234
1.6822
3.3642
1.2131
1.9855
3.8184
2.8371
2.964
2.2074
8.1824
1.69
5.5447
0.67745
0.71925
0.71265
0.66509
0.69483
0.70126
0.9373
0.77246
3.8537
11.217
21.571
2.1821
0.67589
0.67589
0.6697
0.64995
0.66816
0.69323
0.66662
0.66662
29.983
43.339
1.8788
3.4425
6.0937
12.557
27.157
19.538
11.827
39.983
2.3328
2.3167
5.431
7.4968
1.0541
1.5166
1.4719
1.9764
3.2725
1.8318
1.8067
1.2938
1.6102
7.1759
19.993
3.6634
2.0743
1.023
1.4285
17.534
14.651
0.65145
0.66816
0.65295
0.68846
0.68372
0.66662
0.65899
0.64995
0.66509
19.538
89.306
3.6048
3.0611
10.16
10.113
0.65747
21.671
22.64
0.77961
1.7254
2.5697
1.3548
1.8403
3.4584
9.438
6.1642
32.35
39.163
21.275
24.824
15.52
8.7474
33.875
44.862
3.118
4.9531
20.271
0.67124
0.6853
0.66816
0.69483
1.0663
0.76892
0.8431
0.92444
2.8965
22.329
14.855
0.68688
0.66203
0.67901
0.68688
0.6697
34.425
10.737
24.54
29.572
2.6846
3.04
6.5445
2.7725
6.2933
1.9583
24.259
17.254
5.1036
6.4547
0.67901
55.192
1.7655
2.1571
1.836
14.45
1.6591
3.3642
1.8918
1.7135
22.176
14.787
7.7069
21.872
26.356
1.445
1.7778
2.0743
1.1012
1.4889
1.6477
1.1746
1.1882
1.3642
2.4092
1.7615
3.0052
1.786
5.2708
0.63515
0.65747
0.69483
0.67124
0.69965
0.67745
0.68215
0.77246
0.80701
1.0811
3.4744
2.7471
0.65445
0.65445
0.69323
0.67901
0.66051
0.65747
0.67901
0.67279
0.65899
0.66816
0.70126
4.5381
8.9511
0.67589
0.64547
0.70612
0.6697
0.65747
0.69643
0.67589
0.66509
0.67901
0.66203
0.69643
0.65295
3.0052
5.139
2.3707
3.28
4.5069
2.2381
1.7373
6.3369
34.11
4.4451
1.2158
10.517
20.178
31.541
1.6939
1.3424
1.6668
12.271
2.6114
2.6723
1.5027
2.285
1.8831
2.6723
10.565
27.157
6.6051
0.66051
0.68215
0.66356
8.9306
7.9777
41.484
2.1522
10.136
11.992
8.0515
21.423
8.6672
0.65295
0.68058
0.68215
7.1925
32.65
31.396
2.3008
3.539
8.8895
18.276
12.968
8.126
22.125
27.094
2.3544
3.7573
3.4425
13.579
15.271
0.66051
0.68688
0.67901
0.65899
0.69804
0.67279
0.68688
0.67434
0.69483
0.69483
0.64399
0.70612
0.63662
0.66509
7.8683
18.234
7.3431
