2.5228
1.8573
3.1687
3.3028
3.318
2.7282
1.1089
0.7377
2.2023
1.6176
2.0225
2.7345
2.5112
1.8445
2.0225
1.815
1.7984
3.2952
1.9049
1.8616
2.0553
4.2548
1.3673
2.7662
4.3539
2.3926
3.0541
5.5831
11.854
12.909
3.1396
2.9572
4.4553
3.318
4.5173
1.8616
3.0122
1.7017
2.517
2.697
10.541
18.875
1.2215
7.377
24.371
3.2425
2.264
1.6629
3.3564
3.0052
1.8318
1.7254
2.0791
4.976
2.5697
5.3442
5.0568
4.5907
4.2158
2.6784
4.0633
2.3926
6.1642
13.424
11.665
8.7273
2.0887
13.088
12.271
34.188
32.5
3.836
3.539
5.1746
13.455
10.663
2.0225
2.5697
1.7373
5.4812
2.9032
2.8306
1.7373
1.9403
12.442
12.761
18.831
2.6114
2.5054
2.7853
2.8965
4.6013
5.5192
6.1784
21.08
15.735
16.364
2.7982
2.3274
2.8047
3.1833
1.5166
3.0611
3.4904
8.2581
1.5307
3.0752
4.3841
6.5145
6.5295
0.69483
0.66816
5.9824
4.6013
1.2879
2.2227
0.88895
0.6697
0.68058
3.8184
13.992
2.1571
3.5065
10.541
2.5697
2.0132
3.0122
2.8634
2.4259
3.9435
2.552
1.5236
1.6401
2.2588
11.321
6.207
2.4371
2.6908
10.786
9.5473
15.307
11.012
9.3514
6.2644
6.0378
13.028
40.821
2.0887
3.7315
2.2176
11.478
1.0886
3.9526
4.6653
1.5808
1.8875
2.5756
2.7535
1.3768
1.5236
2.6846
4.774
1.836
4.1675
3.6214
2.6784
1.981
2.0132
1.8192
1.5377
1.6214
2.4767
6.0239
3.1614
2.4037
1.4855
1.6477
2.2329
10.183
7.9777
2.9301
3.2054
1.5201
1.3705
1.5991
1.4517
3.0191
3.5308
2.0791
2.1129
2.285
2.1821
4.3639
9.5253
2.3598
2.0459
1.5131
2.1275
12.82
10.277
2.0696
3.4346
13.028
14.958
33.642
3.4584
14.219
7.4796
7.2423
14.089
1.786
7.5662
16.364
1.5062
1.9049
1.9673
1.6251
6.9005
10.614
1.6139
2.3328
5.3319
4.8404
14.318
2.5054
2.8899
2.3598
1.4787
1.2047
3.9983
2.4259
2.5286
2.1721
1.6288
1.3028
1.7737
1.981
1.9181
1.8067
3.047
8.5286
9.3514
13.768
27.853
2.2955
2.2797
2.285
1.8025
1.2998
1.2413
1.1937
2.5935
1.9359
1.5377
1.7778
1.552
1.7017
3.7834
1.6629
2.5228
2.1227
2.1324
2.1423
4.2352
7.7603
2.2023
1.4958
3.98
2.5054
8.5877
9.3299
16.439
3.4425
8.2012
2.2902
4.2255
10.541
1.7056
1.4753
6.9164
14.993
13.331
13.673
9.2231
44.145
2.4484
7.3431
2.7032
4.0633
2.9708
1.8192
2.3544
1.9093
1.9993
2.1621
2.6175
1.7293
9.3085
15.271
12.968
18.875
38.894
2.3707
2.6417
3.318
12.186
2.4427
4.314
2.1872
14.517
13.642
5.8328
1.7017
3.8894
9.9284
17.534
1.2499
9.7024
8.91
61.359
5.6608
1.815
2.0791
1.7901
2.9233
3.2425
3.1324
1.9901
5.6739
3.9891
4.796
19.314
16.028
17.696
2.7471
2.5403
2.0459
1.18
9.6134
10.42
14.351
34.346
2.9032
15.591
12.968
1.1452
4.9531
10.349
2.471
1.9538
1.815
2.8047
1.8831
3.6718
3.9708
1.5307
4.4246
10.937
14.958
18.702
10.737
37.834
16.477
1.927
2.4259
4.774
2.0459
2.5697
2.0984
2.3707
0.83923
1.6401
1.3209
0.83923
1.2158
2.1771
4.9531
3.8448
2.6846
2.2176
2.8176
14.252
10.962
2.9166
4.6332
7.2758
1.4855
2.0887
1.9901
2.1522
2.1972
4.2255
13.331
9.7024
14.089
14.187
35.717
3.3487
1.9947
4.0353
10.638
8.9718
1.1505
0.77782
0.76892
1.5062
2.0601
0.95913
16.139
33.333
14.219
2.0743
12.998
6.3369
2.7408
2.8568
15.201
13.24
41.009
41.198
3.3953
9.034
19.764
19.049
10.23
36.381
49.76
4.6225
1.4958
10.861
5.1627
36.298
18.445
10.23
4.3439
50.802
9.5913
2.2745
9.8147
21.671
14.787
6.0517
20.459
43.639
7.1594
20.132
8.7676
8.1448
5.5831
8.9925
49.417
10.911
1.6629
1.5663
2.8899
2.5461
8.5483
8.5877
16.065
8.9511
6.4399
7.8683
53.074
2.1721
2.2902
2.0132
7.8502
4.1103
16.591
6.6051
8.9306
18.234
38.096
2.5579
5.0802
14.384
29.845
9.4597
8.808
15.062
48.627
4.0075
19.628
8.2771
4.054
3.176
8.1448
1.3864
1.2761
1.6326
29.983
15.448
12.413
17.453
45.696
2.3653
3.3564
3.8008
10.396
11.665
7.8864
19.81
6.853
5.1985
10.207
18.318
44.043
2.3167
1.8745
4.9875
10.786
6.1218
15.097
47.74
5.2587
11.191
45.381
4.6013
2.0506
1.016
1.4753
1.9448
4.8404
9.5693
27.725
16.745
7.5488
27.157
49.76
2.6054
4.3639
9.373
48.181
7.4624
6.7279
46.976
3.033
10.254
14.517
29.368
17.174
9.2444
51.272
2.5994
2.9301
1.2019
1.4787
15.236
1.3517
1.5918
1.5062
4.9077
5.9687
1.3705
1.7655
1.9314
10.207
21.671
11.909
25.638
30.611
3.6298
4.1293
11.063
1.2413
0.92444
21.275
28.899
8.0887
37.66
52.587
5.6348
15.166
10.42
9.373
7.411
43.439
4.0633
16.553
13.548
14.45
11.269
11.14
57.528
3.5717
40.26
17.696
11.854
11.558
56.089
5.596
15.991
20.743
7.1925
28.7
37.921
2.6295
10.09
25.815
24.939
11.719
51.508
9.6356
17.655
20.225
10.277
41.579
18.403
1.6745
2.471
32.65
17.984
7.045
12.47
41.771
1.7655
2.7094
34.188
16.477
8.9511
13.179
47.63
2.4654
7.5315
1.5881
1.0811
26.784
34.824
10.565
4.8515
14.484
22.023
36.465
2.0225
5.955
34.904
18.659
7.3262
4.3041
8.3537
36.381
2.9032
12.79
32.128
19.403
6.1077
40.633
27.157
3.6549
34.11
7.4968
13.301
33.18
18.025
24.371
27.094
9.3514
10.301
35.065
12.499
44.145
9.3514
27.918
38.096
7.9961
19.81
28.965
4.3841
7.4796
22.85
38.448
46.546
14.285
7.143
5.4939
8.3537
44.145
3.5717
14.089
15.271
31.469
8.7072
43.539
9.8828
2.3167
1.4584
2.5344
34.664
16.629
6.1784
16.9
55.192
3.176
5.2587
7.3093
2.7471
1.3673
1.9583
39.617
23.817
2.0365
7.6715
11.321
48.071
1.8918
1.8192
38.894
13.393
10.937
21.621
36.131
3.5227
2.0459
1.9403
2.3544
2.4939
9.7248
26.478
19.359
21.227
34.824
25.403
4.3942
1.7942
6.6051
3.4425
11.089
1.981
23.382
13.028
12.499
22.227
21.972
8.2581
54.06
2.964
2.7535
4.5069
3.8008
5.7132
1.3705
4.4145
9.86
1.1243
0.91176
0.79046
0.85877
0.78683
2.2536
4.054
2.9914
0.68215
0.72423
40.26
6.7745
49.077
2.5579
3.2054
8.3923
17.942
11.937
8.1635
12.271
29.436
4.8515
8.5286
8.7273
26.295
11.399
16.065
42.942
8.4699
8.8487
3.0823
2.2329
1.8108
2.7094
3.8715
28.176
14.318
10.136
32.5
2.8568
9.0757
22.433
17.413
8.126
7.5662
39.708
3.4744
11.505
2.4996
4.054
11.217
5.7396
0.98374
0.8126
1.2442
3.0823
7.1759
16.515
17.655
6.9643
16.288
40.915
2.8306
3.8983
2.9233
1.023
1.7655
9.8374
2.9368
12.299
16.028
15.954
7.0126
38.36
44.862
2.3328
16.028
9.373
25.994
18.702
5.6739
30.541
52.466
5.2708
3.4267
1.8962
6.8058
25.52
12.731
9.0548
6.5747
7.8502
36.381
34.664
2.3544
2.9233
31.108
6.8058
7.6011
6.5747
52.952
7.1759
7.3262
14.154
5.6348
3.5965
2.3926
13.705
20.365
3.8272
40.54
36.803
4.3439
5.9413
10.444
23.274
7.5837
7.394
4.785
33.028
42.942
21.721
1.4993
16.401
22.85
11.217
8.2391
31.252
3.9526
3.2876
37.747
1.009
1.1217
1.5342
1.4057
11.217
27.408
7.2758
10.02
5.3688
7.143
31.252
2.2074
3.5882
5.0802
13.992
11.719
13.8
6.6356
27.094
21.821
2.2902
2.3982
11.531
9.4597
26.846
10.301
8.5286
6.7434
33.875
16.028
3.7401
2.0696
13.517
29.368
17.901
8.4699
9.6356
38.537
5.9962
9.5913
8.1448
1.4285
2.6114
1.4252
32.35
13.96
4.0727
36.298
39.163
4.374
2.8568
6.1927
3.198
5.3565
21.972
8.1448
12.243
7.8321
6.1077
14.45
30.47
2.3328
3.5553
16.176
11.063
13.517
3.5146
20.648
31.037
3.7921
11.038
1.4057
34.346
7.1265
26.235
8.6075
2.6417
43.239
3.0682
3.2054
2.8832
1.6028
8.9511
6.3369
12.47
30.261
12.413
9.86
37.229
11.191
0.89511
1.1038
12.702
2.471
2.9032
2.9914
1.6139
3.9435
1.2075
1.3149
1.4651
1.3149
1.5027
1.6028
1.9493
1.9764
1.2998
0.91596
1.1452
2.8766
3.5227
3.4505
2.9572
0.69323
0.67279
0.99056
0.77782
0.81448
0.78321
4.3339
0.71265
0.65899
0.65596
0.67279
0.65596
0.65445
4.5801
0.79411
2.7853
26.054
15.097
4.9989
10.043
39.435
1.0962
1.1347
1.3393
2.9099
1.7174
2.4037
2.4315
1.5699
1.5027
2.0648
6.5445
10.136
1.2849
1.8616
2.0553
8.4504
3.1906
2.4092
8.1073
21.721
11.114
4.8739
6.0657
10.136
22.797
19.359
3.28
9.438
6.1501
36.887
12.528
6.2788
23.221
24.882
3.5146
3.1108
8.3153
15.845
6.2933
9.5473
11.217
46.653
1.6028
3.2276
4.374
15.484
23.49
12.243
7.0612
9.0757
44.145
18.53
5.7927
6.853
1.1478
11.426
29.64
7.7069
5.406
45.381
3.9526
2.1472
2.5112
3.2202
13.705
18.403
9.6578
8.0145
27.535
38.008
3.6465
