6.0239
1.3992
7.0775
2.454
2.1621
5.0685
0.66662
0.67124
0.67901
0.68215
0.66662
0.65145
0.72925
0.6853
0.69804
0.69965
0.66509
0.69804
0.68688
0.68215
0.70126
0.68372
0.66816
0.68688
0.69483
0.66203
0.64696
0.66051
0.64995
0.68058
0.69164
0.67279
0.65899
0.95473
0.8373
0.77246
0.77246
0.78502
2.6723
2.3653
2.5344
2.697
0.67434
0.64547
0.65747
0.65295
0.66203
0.64845
0.67589
0.66051
0.65596
0.66509
0.67279
0.68372
0.68058
0.6853
0.65145
0.65747
0.65295
0.65899
0.65899
0.64696
0.64995
0.66203
0.66662
0.66509
0.65596
0.64399
0.64251
0.64399
2.4484
2.0935
0.65295
0.66203
0.65899
0.64547
0.66051
0.69643
0.68215
0.8568
0.66203
4.676
14.057
8.91
8.373
4.9304
15.201
0.68372
0.64845
2.0459
1.3611
2.6478
2.0696
2.6417
11.937
22.125
2.4939
1.5271
2.4259
3.7401
8.568
0.65899
8.9925
13.673
2.4204
9.86
0.64399
0.65295
0.70288
0.65596
0.65899
0.71925
0.6697
0.68688
0.63515
0.67589
0.65295
0.68215
1.6364
5.4686
11.992
14.787
2.0412
7.7961
13.96
1.1114
3.04
0.66509
0.66816
0.67434
0.64995
0.64251
0.67279
0.65445
9.5693
16.326
7.1759
9.2657
0.67589
0.67901
2.9504
15.166
11.746
5.6739
1.9538
15.027
16.939
8.8895
0.65596
0.69965
0.64845
0.68846
0.63809
0.65899
0.63809
0.64995
6.1784
8.6274
13.301
8.9306
2.9099
16.176
5.6218
3.4425
0.67434
0.66509
0.75837
0.70126
0.66816
0.67901
0.69005
0.66356
0.67589
0.6853
0.67589
0.6853
0.6697
0.99056
1.7984
3.28
0.81824
0.87474
0.80145
0.736
0.71265
0.87474
2.1324
0.69804
0.67124
0.6697
0.71265
0.78141
0.7394
0.68215
0.68372
0.68688
0.71759
0.6853
0.65747
3.0541
0.67279
0.65445
0.67745
0.67124
0.67589
0.65899
0.64547
0.64399
0.69804
2.5756
12.557
12.158
4.3539
5.806
7.1265
14.889
1.2299
16.822
9.2444
2.3707
4.4862
1.8745
2.1771
2.3061
11.719
10.59
11.558
3.0541
5.2105
8.0887
16.214
14.517
4.2061
1.9947
4.6332
8.9306
10.836
19.359
14.154
3.7921
0.7143
0.66662
3.5146
3.7834
6.697
6.6356
0.66051
0.65295
0.66662
1.2998
20.365
13.737
1.4821
2.108
1.8403
2.0935
6.9483
0.68372
0.6697
0.6853
3.3719
1.4618
1.0861
1.6102
2.2955
1.5166
1.9628
0.69005
0.71101
0.66203
0.64845
0.67434
0.63956
0.66203
0.66356
0.67124
0.6853
0.69804
0.67589
0.66509
0.67745
0.67124
5.2587
1.853
3.0611
1.1269
0.90132
1.7293
5.1866
2.0743
5.9004
0.6853
0.69965
0.66816
0.63809
0.64399
0.66051
0.64696
0.69804
0.6697
0.65596
0.66662
0.65295
0.67901
0.67589
0.69323
0.66203
0.66662
0.66203
0.68372
0.65899
0.66356
0.69643
0.67124
0.68215
0.66509
0.67745
0.6697
0.68215
0.7143
0.70288
0.67434
0.66051
0.65596
0.66356
0.65295
0.70288
0.71759
11.14
10.962
13.673
5.532
7.7961
9.4815
20.178
3.1108
2.1621
2.6539
2.0039
2.5579
1.5027
2.1771
4.3841
2.3274
2.2588
9.9972
4.5277
0.70775
0.68688
0.64696
0.66509
0.68372
0.68688
0.69323
0.66509
0.66203
0.6697
0.66816
0.65145
0.67279
0.67745
0.66816
0.68846
0.6697
0.66203
0.66816
0.67124
0.66356
0.67279
0.67589
0.65295
0.65899
0.66509
3.9344
2.2329
1.3179
0.8126
1.8659
1.6978
0.96801
0.84699
0.69323
3.0823
4.5907
1.0811
1.327
1.3362
1.1746
1.2557
1.1012
1.2442
2.4824
0.98828
1.002
0.64696
0.64845
0.69164
0.64547
0.66051
0.65899
0.64399
0.65899
0.67745
0.66509
0.6697
0.64995
0.65445
0.66816
0.75315
0.66356
0.66509
3.341
2.7282
0.67124
0.69804
0.69164
0.65747
0.65596
0.64251
0.6697
0.66051
0.72091
0.69965
0.69643
0.66509
0.66816
0.65295
0.66662
0.64251
0.67434
0.66662
0.65295
0.6853
0.65445
0.66509
0.69643
0.67589
0.68058
0.65899
0.65899
0.67124
0.66203
0.67124
0.6853
0.65596
0.66203
0.68372
0.65295
0.68372
0.68846
0.67589
0.64399
0.66509
0.67124
0.65295
0.64845
0.68215
0.67124
0.66356
0.66051
0.6853
0.65596
0.68215
1.0811
10.444
2.6661
2.1178
1.6176
7.8864
13.209
6.7901
20.225
16.102
2.3653
2.285
1.9673
2.6661
2.1374
3.25
3.0611
9.8828
15.236
3.4267
3.9708
2.5403
0.86274
3.3797
7.9046
9.9742
0.65445
3.2876
11.166
13.737
14.45
22.176
4.4246
3.1252
2.5461
2.5638
1.8745
2.4259
1.8788
2.2692
2.1129
1.7373
2.2125
3.0894
3.5065
3.6298
5.3442
16.822
12.385
7.1759
3.4505
8.6872
20.271
17.095
6.7279
2.4371
1.6176
1.2271
2.3221
1.9855
4.7193
1.8573
1.6591
1.8616
1.6939
2.2536
2.5579
4.7085
8.4116
6.1501
2.2023
2.66
11.452
1.114
0.99972
0.7259
0.71759
0.71925
1.2673
0.78321
0.79228
0.65747
0.68846
0.64547
0.65596
0.65747
0.65445
0.66203
0.66051
0.65445
0.66203
0.67279
0.66203
0.67124
0.64696
0.67589
0.64547
0.66509
0.70126
0.69643
0.65596
0.6853
0.65145
0.65445
0.65899
0.66203
0.65295
0.65295
0.69965
0.64845
0.64696
0.66816
0.66356
0.65295
0.65295
0.65596
0.66509
0.65145
0.66509
0.6697
0.67589
0.70938
0.64547
0.64845
0.66203
0.65747
0.65445
0.66051
0.66509
0.64251
0.69483
0.68058
0.67124
0.65145
0.63956
0.67745
0.66662
0.66203
0.66816
0.6697
0.67589
0.65445
0.65295
0.66356
0.70775
0.65747
6.1642
0.71101
2.3061
2.3382
1.552
3.3875
8.2771
12.047
14.517
18.659
8.7273
2.4597
1.4855
2.0887
2.9708
5.1272
8.6672
1.4584
6.2788
1.7901
3.4505
10.113
10.207
3.7143
1.5627
2.471
1.4651
1.3424
1.2557
1.4089
14.285
7.045
6.3956
18.745
16.822
1.327
1.7095
1.5484
2.3061
2.2692
1.6288
1.9181
2.6846
2.7662
2.2074
2.2955
3.9708
18.234
1.5377
0.65445
0.7045
0.69323
0.66356
0.68688
0.67745
0.67745
0.69005
0.65747
0.71101
0.67434
0.66816
0.66051
0.64547
0.67124
0.66509
0.66509
0.67745
0.65747
0.68058
0.65747
0.65747
0.68372
0.69643
0.67589
0.64696
6.4696
13.209
8.4894
20.743
6.1501
3.2128
1.1909
2.3817
3.0261
11.089
0.65899
2.1129
17.333
3.2202
0.68058
0.64547
0.65145
0.66203
0.64995
1.9093
14.719
12.968
6.6356
4.2548
9.9284
0.66203
0.64995
0.6697
0.66662
14.285
23.114
6.4696
8.9306
0.97922
0.79228
0.77246
0.81073
0.73262
2.4996
0.68058
0.69965
0.69323
0.68846
0.65445
0.70288
0.66509
0.66051
0.6853
0.65596
0.68688
0.68215
0.6697
0.65145
0.66509
2.3328
11.373
10.987
10.836
8.431
5.6739
6.207
0.73093
11.478
22.955
8.8691
11.191
19.403
10.09
6.4399
6.2356
2.0743
3.8626
1.282
12.644
11.505
16.102
9.438
1.3058
1.2328
1.3737
0.92871
1.2761
1.1452
1.1166
1.5772
1.4685
1.3331
2.0412
1.4958
1.5954
1.3928
0.91386
1.1399
1.023
1.2131
1.2442
1.4958
1.3424
1.9181
1.7095
1.6364
1.4417
1.5845
2.3871
1.4821
1.7135
1.5663
2.3274
3.0752
5.7927
2.8899
2.0459
4.3339
5.1272
2.2745
2.6295
0.7259
0.69965
0.68215
0.69643
0.68846
0.68058
0.71265
0.68058
0.67589
0.7045
0.71265
0.7143
0.65747
1.6629
1.1992
0.71265
0.74968
0.71759
0.67745
0.70288
0.67745
0.67589
0.66509
0.68846
0.83923
0.88691
0.82962
0.92019
1.3992
1.1478
0.68058
0.66051
0.72925
0.7143
0.67745
0.67434
0.65145
0.69164
0.66509
0.65295
0.65747
0.67745
0.68215
0.70126
0.71759
0.69643
0.67434
0.69164
0.67124
0.69164
0.6697
0.6697
0.68215
0.67589
0.66356
3.0611
3.2575
0.78141
1.9583
0.67901
0.66816
0.69643
0.67589
0.67745
0.64103
0.66816
0.69965
0.69804
0.69005
0.66816
0.6853
0.6853
0.6853
0.68058
0.69323
0.67434
0.65295
0.67901
0.66356
0.67901
0.70126
0.6853
0.68372
0.68058
0.65596
0.67124
0.69323
0.69164
9.9972
12.82
9.5693
15.735
4.0821
3.9254
9.3946
0.65899
0.69323
0.67434
1.5201
19.901
14.484
1.9901
2.2176
2.8832
1.8616
1.9093
1.8659
1.6251
2.2484
2.1621
2.5815
2.3436
2.8832
3.4425
2.2074
9.9513
8.126
2.0743
1.2644
2.0506
0.90757
0.69005
0.69005
0.67745
0.70612
0.66356
0.66816
0.68215
0.66509
0.68846
0.6697
0.66203
0.65445
0.66816
0.67279
0.67589
0.6853
0.66051
0.736
0.66203
0.69323
0.70126
0.69804
0.67279
0.68058
0.68215
0.66051
0.68215
0.67124
0.64845
0.67124
0.65899
1.0277
0.88283
0.80145
0.7411
0.74796
0.77782
0.77246
1.8192
4.1771
2.6539
4.1388
1.7095
0.66662
0.6697
0.70126
0.67124
0.68215
0.66816
0.65899
0.66203
0.65295
0.67124
0.67589
0.6697
3.3028
0.79594
0.67745
0.6853
0.64845
0.66662
0.72257
0.6697
0.65899
0.71759
0.67745
0.69323
0.7045
0.68688
7.6538
10.911
13.331
11.692
27.219
1.9314
2.4148
4.4145
6.6662
2.0553
8.3537
5.8463
2.6723
1.4219
1.4089
1.4855
1.9538
1.5845
2.1129
2.1227
1.5663
8.2012
2.0984
1.7214
1.0737
1.7942
1.9049
1.4551
3.198
2.1621
6.7124
6.207
11.531
3.4584
0.6853
0.68058
0.66051
0.68688
0.92657
1.3705
3.1252
1.1827
0.8431
2.6417
1.4958
1.7293
1.5954
1.0937
1.8616
6.9483
0.6697
0.69483
0.67124
0.70938
0.67279
0.68372
0.69965
0.6853
0.66356
0.68846
0.64696
0.75315
0.66051
0.67589
0.69323
0.68372
0.67279
0.66662
0.66356
0.69804
0.66356
0.6697
0.65445
0.64103
0.68215
0.66051
0.69323
0.66662
0.67745
0.70126
1.2909
11.012
5.7793
19.403
5.8463
2.8437
2.4148
3.1906
8.7474
