9.8147
8.3537
8.126
7.4796
24.54
2.7345
6.9965
8.7474
6.8372
6.7745
22.074
8.1635
7.8321
8.3537
2.7789
1.6668
24.484
4.4043
2.1129
10.372
16.591
12.586
12.47
16.553
30.823
1.9628
2.5461
2.264
4.2255
10.614
11.217
13.864
8.4116
29.301
11.505
1.7413
1.4584
8.4116
14.121
13.832
10.067
30.47
2.1571
2.3871
3.4664
3.2876
2.4259
3.4425
18.745
18.276
10.136
6.6356
31.687
5.3812
1.5772
1.6978
1.6401
7.1265
24.315
12.528
21.671
27.725
2.6846
2.4996
20.887
13.992
7.2257
7.4968
25.112
17.413
1.8025
4.0727
1.2243
13.028
17.373
10.09
18.918
27.853
1.9719
2.8965
3.3028
2.5756
22.125
24.767
8.8895
6.6509
7.8502
6.1927
39.8
2.0935
1.9359
2.454
5.4939
15.448
10.987
5.955
4.4145
20.648
32.575
1.5131
2.3982
12.82
15.699
12.328
6.9005
4.9645
11.505
34.904
5.406
2.5815
2.7982
9.1808
22.125
9.9513
10.541
3.7229
9.7922
50.685
7.7782
1.9181
3.6214
3.1906
21.129
19.403
5.1508
8.3345
32.5
10.396
1.2586
5.6089
17.293
20.271
22.176
26.356
1.8702
2.7789
8.0701
2.0412
1.2271
1.3088
17.254
29.983
4.314
11.719
37.573
1.5027
1.7778
1.9403
1.4024
9.4815
23.221
16.822
20.039
16.102
19.403
1.3362
2.9914
9.5913
13.486
15.591
6.5899
34.744
5.0452
3.1324
18.276
10.09
17.017
12.328
11.665
25.579
1.9359
4.4553
14.753
22.955
5.8463
24.371
28.241
1.7574
4.4348
19.137
23.061
2.7094
5.2952
6.7901
14.584
27.662
2.2433
3.6803
0.73093
16.822
23.871
5.2708
3.7487
50.105
19.27
1.9359
4.8404
35.308
13.517
3.318
18.745
11.063
31.541
1.6065
2.6054
10.16
24.654
5.2952
8.7072
19.493
25.935
2.4597
13.611
20.318
19.764
9.3514
5.5192
14.855
20.601
2.3274
22.023
23.926
3.7058
9.1808
7.6538
7.9046
28.306
7.1265
9.9513
0.89925
17.778
30.966
4.6119
12.385
24.882
5.6348
8.0701
6.5596
18.403
21.721
6.9965
3.3797
19.719
38.626
1.8659
9.6356
31.687
3.9708
21.872
19.181
6.0239
8.5877
25.344
16.439
3.4031
8.373
14.855
2.4597
2.0648
2.9099
1.0043
2.2074
3.2054
29.708
20.412
1.6706
3.6381
14.417
24.427
2.8437
5.2105
30.894
26.661
1.3149
2.9708
5.6089
17.737
15.342
2.7918
22.692
5.0802
7.2257
8.5286
20.459
18.702
1.6139
25.461
26.417
3.0611
13.768
18.53
15.555
2.4939
9.3299
29.914
5.022
6.4547
18.445
30.894
1.4753
3.28
23.061
14.417
5.9276
21.08
13.611
24.597
2.0648
12.131
1.4551
15.448
12.413
3.539
18.745
4.6546
24.259
21.472
2.0085
4.5173
24.654
13.424
9.86
11.8
18.108
9.3085
2.8832
7.1101
16.065
32.65
3.6048
15.555
7.8683
7.1101
4.4759
5.6608
2.0225
1.4384
10.861
4.0821
5.9276
5.3074
26.295
10.517
9.6801
15.591
8.6075
31.396
2.7853
19.628
27.219
5.9276
4.9531
4.6225
6.5596
5.9276
18.918
10.372
4.4759
2.0271
16.939
18.875
6.6356
4.2646
12.47
4.1579
28.047
3.2202
17.819
28.241
3.3564
29.983
30.966
2.108
16.822
29.572
4.8515
24.54
28.899
10.444
7.7246
4.3539
28.634
7.411
3.8096
5.7264
18.025
22.125
26.295
10.325
1.0396
0.891
0.85286
0.99284
0.99513
2.4427
30.47
16.591
3.9254
29.708
16.288
0.69965
26.6
2.9368
13.331
0.69804
28.899
18.788
4.0633
20.085
26.908
1.5307
2.5461
2.2536
2.7032
2.5935
18.445
16.326
5.7793
17.056
13.455
18.025
2.4427
13.611
26.054
18.53
7.3093
0.67901
0.69005
0.69804
18.53
2.2536
1.6861
1.3088
0.90132
1.4753
12.968
25.112
7.0288
1.4351
1.5663
0.74281
0.69005
1.927
18.573
17.819
14.924
14.551
24.484
1.6326
1.6364
3.0682
23.762
12.47
5.1272
7.0288
7.0775
12.299
20.178
1.0043
1.6065
9.1386
19.901
9.9742
4.5381
8.3153
12.849
28.634
2.5228
2.87
32.054
23.436
7.2423
7.377
23.544
21.032
2.6908
18.234
20.085
3.6214
5.955
10.663
26.846
3.25
2.0506
2.9166
0.67589
8.8895
30.122
4.774
3.5065
20.648
5.8597
14.024
35.635
1.7333
1.9673
9.0966
1.3517
24.315
16.065
3.9891
4.0633
4.796
5.2587
11.8
1.5845
0.79228
9.7472
13.642
29.233
1.6861
2.7157
1.4855
2.0459
6.5596
18.962
17.737
3.6549
13.737
15.271
1.2557
25.344
2.6356
6.1642
41.388
5.5447
16.439
12.79
30.682
2.4371
12.075
28.437
20.365
11.089
17.655
17.333
1.9093
13.331
34.584
3.7834
10.02
16.176
8.6872
7.3431
28.502
6.0517
3.318
4.1964
25.52
19.448
3.4664
5.2708
6.2644
14.753
21.178
9.7248
27.471
4.8181
7.6892
0.67434
0.72257
12.82
16.668
19.81
26.539
22.023
7.1925
30.052
10.043
14.285
6.0378
32.575
6.5596
0.7045
0.71594
0.71265
0.71759
0.74281
0.72423
0.7411
1.2879
0.77603
0.90132
0.8431
0.75837
1.0811
3.3875
3.3564
0.69323
2.7282
7.9228
2.4092
2.3817
1.786
10.277
18.025
17.737
19.359
7.2257
7.5488
22.278
3.6718
32.575
14.551
1.8318
3.176
0.76362
15.413
0.9373
1.0861
0.97472
2.2278
0.84894
0.72423
0.72257
0.8126
0.72257
0.77603
0.72758
0.74624
0.80887
0.72091
0.70126
0.77961
0.68846
0.7411
0.7394
1.9719
29.233
13.424
10.836
33.028
14.154
1.786
1.3209
2.4597
1.786
7.5662
18.745
17.901
1.1719
6.1359
6.1501
17.574
26.478
2.1129
2.0318
3.7143
16.214
5.9687
19.901
9.2231
4.6546
18.234
22.125
3.0541
15.201
5.3565
32.5
12.557
4.5173
6.5596
7.2925
24.882
4.6225
2.1032
5.0685
0.68215
0.7045
0.72091
0.65445
1.7333
1.3362
1.1937
2.9777
1.5448
0.69005
0.69164
0.69483
0.69804
0.74968
0.66509
0.69005
0.69483
0.70775
0.72091
0.68846
0.64547
0.66203
0.69643
0.69005
0.67745
0.64845
0.67434
1.1882
0.82391
0.85286
0.79777
0.7143
1.1531
0.80701
0.69804
0.70612
0.70288
0.6697
0.6853
0.69965
0.74281
0.73093
0.75141
0.66816
0.69643
0.6853
1.0517
0.70288
0.67745
38.448
13.96
6.4251
24.484
24.148
1.9493
4.8964
5.3688
1.6629
7.6011
5.596
18.831
19.359
39.344
1.2968
4.4965
11.854
1.0762
5.806
17.942
8.6075
33.257
10.23
2.2797
2.4996
13.673
2.5579
4.2548
0.78683
0.93946
5.914
28.111
4.6439
8.0515
6.9804
28.111
2.1324
2.0601
3.4985
4.8852
0.71265
0.68688
0.67901
0.69643
0.6697
0.67124
0.69965
0.6853
0.68846
0.69164
0.65445
0.64995
3.1469
1.5413
4.9875
10.688
4.4043
1.1909
1.2586
1.1558
1.2938
2.3061
0.76715
0.76011
0.75488
30.052
8.6672
45.277
1.8108
1.8067
1.8025
4.4451
9.6801
8.2771
7.8864
6.8846
6.1077
5.3074
37.66
20.365
28.832
1.5377
2.552
2.2023
12.131
0.67279
13.8
18.276
18.702
14.651
14.089
28.502
2.5815
2.6417
1.4584
1.9673
3.8715
14.384
0.88283
0.74281
7.8502
0.98147
0.71925
0.7143
0.72091
0.72758
2.6846
0.736
0.7394
0.84116
0.68846
0.77603
0.68058
0.69643
0.70612
0.73093
7.8321
0.81635
1.7056
1.4517
1.3611
3.9708
2.2588
1.3896
1.4154
1.1638
1.0737
1.2731
1.1992
5.4939
8.6473
21.472
11.426
29.64
3.2276
1.9993
15.377
19.005
9.8374
40.446
26.114
2.5994
2.2125
6.6509
27.725
15.342
12.47
32.35
3.1396
1.8318
2.4882
13.088
16.326
6.8215
7.9228
7.0288
32.35
6.1359
3.9435
11.14
20.743
2.3114
11.426
6.9483
9.9742
32.952
2.2023
2.108
2.7918
14.318
26.417
16.978
16.861
26.97
1.4651
2.7471
2.8568
7.1594
21.972
13.673
6.5445
21.872
18.318
28.568
3.5227
5.9004
15.377
19.27
2.8832
12.158
31.541
1.7333
16.591
7.6715
28.176
13.896
12.243
24.996
26.114
3.9344
11.827
7.4281
22.278
5.914
42.646
28.176
30.4
24.148
5.5831
12.47
31.614
1.7494
2.8047
6.5596
20.225
22.955
6.9643
7.7069
4.8627
3.1252
5.283
11.217
2.9504
46.013
3.7747
2.6908
2.2692
19.448
17.901
7.2758
24.315
7.2925
1.5881
1.836
1.9764
1.7254
25.638
17.778
4.763
2.9368
32.725
1.396
24.148
28.111
3.8272
1.786
15.377
2.0696
16.139
5.1508
14.384
19.538
13.179
14.318
1.3864
1.7737
5.2587
2.4315
0.69164
0.68688
0.72423
0.7143
0.67901
1.4351
0.71101
0.69483
0.69965
0.69643
0.67279
0.67901
0.67124
0.69643
0.69323
0.70126
0.7143
0.7045
0.69164
0.68215
0.71925
0.67901
0.69005
0.67434
1.0663
0.82771
0.75315
0.87273
0.72423
1.009
1.5201
0.7259
0.67279
0.68058
0.68215
0.66509
0.71101
0.64845
0.69323
0.66509
0.65145
0.71925
0.67279
0.68215
0.69965
0.69965
0.70612
0.70288
0.72423
0.68058
0.70288
0.72091
0.72423
0.69965
0.7045
0.69483
0.69965
0.67589
0.70775
0.66051
0.69965
0.69323
0.67745
0.74796
0.73093
0.69483
0.72925
0.88895
0.69323
0.69965
0.84699
0.67745
0.7143
0.67745
0.74624
1.4618
0.68058
0.71594
0.72091
0.72423
0.76011
0.6853
0.70775
0.69005
0.69965
0.70938
0.736
0.69005
0.71925
0.66816
13.028
2.4315
1.5991
1.4889
1.0811
1.1746
6.697
3.5471
23.871
17.017
13.393
26.97
7.6011
2.517
3.1833
