5.6478
4.1868
9.9056
12.271
8.431
8.5483
18.234
10.836
21.522
2.87
6.1359
6.9804
8.6274
3.2952
2.3982
2.9301
6.1077
10.254
13.424
2.0412
7.4452
5.2345
27.918
7.8864
2.471
7.5662
2.2023
5.8463
5.1508
6.2933
6.3224
8.5286
6.5145
1.3362
1.2528
10.372
1.8745
2.2692
8.6075
2.2955
11.909
1.7655
1.5271
3.7573
2.1922
2.2074
7.2257
3.2202
12.271
9.4815
14.517
31.687
2.6661
3.4584
2.3982
2.0839
9.034
20.601
16.553
27.789
24.54
1.9628
2.8371
41.388
11.063
14.924
31.833
8.6274
18.234
15.413
12.909
33.564
32.725
18.918
8.126
24.427
19.448
17.696
24.54
5.6869
9.0757
12.702
6.7589
9.8374
22.588
20.271
23.274
17.534
23.061
7.411
28.634
6.6816
14.057
22.278
13.611
8.0145
31.037
35.882
27.408
13.517
2.4484
2.5228
13.611
31.833
4.6332
5.0105
24.315
16.591
5.6218
27.535
20.553
29.099
13.118
32.725
7.7603
10.254
9.8147
26.295
14.024
28.047
4.763
24.427
11.909
32.5
31.252
7.7425
11.295
8.7072
21.571
5.4561
6.853
39.617
3.9073
12.673
20.648
24.882
18.831
9.5034
6.3369
25.875
10.468
8.2391
5.8463
15.027
27.282
8.7474
11.321
23.871
22.023
3.8008
13.8
27.282
6.1501
4.6868
27.789
23.328
8.509
6.7434
7.6362
3.1614
23.167
27.282
1.8067
8.373
44.965
27.219
3.9617
14.584
27.094
6.1501
2.3382
18.918
27.662
5.8463
14.252
26.6
5.5447
11.269
21.571
19.764
8.0887
18.962
26.97
5.1508
1.0301
0.88895
0.75837
24.315
12.528
7.5662
19.493
27.982
4.9989
14.584
28.766
4.1771
4.9304
6.3078
9.86
2.3274
25.054
1.6861
36.131
8.0701
1.8067
5.7528
13.118
25.815
10.09
9.5693
5.8868
19.093
13.517
27.789
7.5837
25.054
24.654
15.062
30.966
7.7603
22.381
21.821
5.4185
8.4699
31.18
3.3333
19.81
17.737
4.6225
15.663
27.219
2.349
4.8627
25.994
1.3737
1.0786
1.324
4.5381
26.295
14.45
23.49
4.8515
22.381
21.032
19.049
29.572
25.112
28.7
3.6718
11.665
2.964
25.756
6.7124
9.6356
7.8864
24.427
16.176
16.553
11.012
0.7377
0.67124
0.79046
23.49
8.808
11.611
0.70775
20.791
17.293
4.1964
13.058
2.3328
9.3514
6.853
14.45
16.028
1.6214
2.2692
2.4767
6.5899
18.488
20.696
14.351
4.2744
24.882
21.275
6.853
12.499
14.753
9.7024
12.299
18.192
22.381
2.6478
3.2276
20.365
21.472
22.023
18.53
19.27
22.329
7.0288
4.3942
21.621
3.5065
25.935
18.659
31.469
6.4399
7.0612
13.992
0.88691
3.6549
12.499
19.448
16.978
26.539
30.611
12.731
4.6653
14.351
11.909
28.766
1.815
4.5277
5.0452
9.7472
19.993
20.839
12.557
13.209
11.243
17.453
33.028
17.017
35.308
0.69483
6.5747
35.965
19.538
6.9643
7.9228
18.788
11.746
18.831
24.484
4.1103
14.45
21.374
10.067
17.615
3.6972
6.7589
19.719
2.9436
0.69965
36.803
19.049
27.032
9.8374
17.494
8.8691
6.3956
27.789
7.8683
7.1759
2.6175
0.81635
0.68846
6.0937
24.204
15.342
6.2356
12.644
15.991
28.371
1.7373
3.5882
3.3953
10.987
2.9845
3.6048
0.80515
0.99513
6.8215
1.5271
1.327
1.6861
0.67124
0.68215
0.66203
0.67279
2.0132
3.2202
1.7254
30.122
11.531
7.6011
17.984
7.3093
9.8147
4.1964
0.65596
13.673
35.553
16.326
0.70126
0.69323
10.987
17.984
15.448
28.766
32.35
4.3841
9.6356
4.9417
1.4719
0.94597
4.9077
9.7696
0.83153
1.4351
2.3653
7.4452
9.3946
14.584
14.45
3.4031
13.088
21.374
36.381
4.2061
3.7143
10.541
25.756
14.057
14.318
24.939
5.806
2.697
5.9962
7.1925
7.3431
19.359
13.424
9.5253
7.1101
2.5994
27.408
1.4551
2.2797
4.5277
4.763
21.227
17.413
8.1073
3.9983
23.008
12.328
32.876
2.66
4.8852
1.5097
21.821
14.993
6.8846
18.788
32.5
2.2797
3.1614
17.017
1.2499
8.8895
24.484
9.3299
14.924
32.876
7.4452
2.471
1.3149
3.2128
10.349
1.4821
0.72925
0.66051
2.0039
3.9891
10.42
14.384
8.3537
4.6976
16.822
51.272
1.1854
1.5342
2.8111
3.3333
15.845
20.791
13.424
18.616
3.6549
0.69164
0.67745
0.66203
5.806
24.767
0.69483
5.6869
3.318
14.384
15.201
6.8058
5.7661
7.8502
6.5747
8.509
24.54
4.6976
0.78683
0.7143
7.7961
17.984
9.3514
9.2019
5.7528
4.3439
24.597
21.872
10.067
15.413
26.295
5.1272
5.2345
16.139
7.5315
5.8733
22.125
8.9511
0.71759
1.9764
5.2466
1.2879
24.371
15.131
20.839
6.9804
13.548
18.192
3.7747
2.8965
7.0938
1.981
1.9049
1.5307
1.4618
0.98147
1.1505
3.4824
0.70612
0.6697
0.65445
0.68688
0.72257
0.67279
0.67279
0.68372
0.66662
0.66816
0.66509
0.69643
0.69965
0.6697
5.022
0.69323
0.66509
2.6235
16.065
6.9483
11.243
29.708
54.31
2.87
3.198
11.882
3.25
22.797
18.788
14.219
0.72257
0.71101
18.488
8.1635
10.396
6.7124
21.522
2.2955
15.772
27.408
1.0349
6.3078
6.4251
2.8437
8.033
19.093
8.2581
3.3333
8.033
0.69483
22.536
28.965
12.158
1.6515
1.9403
2.3653
4.0633
1.0987
0.70288
4.5381
0.8431
0.80701
1.4187
3.4425
3.3797
0.6853
0.68372
19.359
18.445
22.433
23.762
20.459
7.9594
1.9403
7.394
5.6608
17.214
11.191
7.8683
17.373
26.539
10.468
1.7819
18.276
5.8597
0.71101
14.057
16.065
6.6051
7.1594
7.5315
9.9513
35.8
2.2745
16.861
2.5935
11.585
6.6203
2.0601
3.3333
15.555
0.89511
6.3515
16.939
11.585
11.321
11.269
15.555
4.8071
36.803
2.1324
8.2771
10.688
8.4116
11.937
30.752
10.911
24.204
3.9526
4.9077
1.7655
1.7056
0.69483
8.2201
2.0791
6.5747
1.279
17.901
6.4399
11.8
9.8828
34.346
13.896
20.271
15.027
12.075
22.433
22.278
35.146
2.6114
13.673
14.384
10.688
7.1594
0.67124
0.66203
10.16
7.6362
4.3841
23.817
20.887
3.5308
0.68215
7.5662
18.276
25.994
8.568
0.69483
0.69804
16.745
27.032
9.438
15.413
17.901
17.293
16.978
25.286
1.7017
5.4939
5.5192
0.7259
5.6478
0.68215
0.70288
0.69323
0.69005
0.70775
1.1558
11.191
0.76011
0.79411
1.4318
1.445
0.66509
14.417
21.821
19.359
6.1077
6.2213
30.823
4.4553
1.9137
7.7782
0.69643
4.6653
3.5635
2.1571
0.89511
5.7132
1.6783
0.68215
0.67901
6.6356
1.5201
1.0517
1.5845
1.7413
7.9777
0.74624
0.68372
19.993
14.154
7.4452
8.7474
21.621
24.484
3.4267
7.8141
0.71759
0.70938
0.69005
1.8918
1.2215
0.65747
0.85877
1.3832
1.8573
2.6478
2.3436
9.2444
17.293
15.027
25.638
26.235
5.1866
2.7471
17.214
11.321
18.875
10.067
5.2708
27.789
18.831
5.2105
4.5381
1.7135
0.68846
0.69323
21.472
19.359
16.591
8.2391
20.178
31.037
1.8573
5.7927
20.412
25.054
14.993
7.6011
14.318
55.065
2.4654
0.96134
0.93085
0.8568
0.8126
1.2158
0.9373
0.93085
0.91176
1.6477
1.815
2.1621
4.9077
12.849
1.1854
4.676
2.5756
1.4924
1.8875
2.6661
20.085
10.886
14.787
7.8502
10.301
20.506
21.721
5.1272
10.301
4.919
22.023
16.401
6.4696
4.9531
11.505
28.176
24.484
3.0122
2.9983
17.174
20.553
25.52
10.468
7.2257
0.6853
0.69164
0.64995
12.761
31.906
6.0657
19.359
0.92871
0.68846
6.2788
1.2131
0.7045
3.198
4.0168
2.8306
0.69164
0.66662
0.80701
0.69164
0.65145
0.80887
0.66051
0.65596
0.65899
0.67589
5.9962
2.1771
0.82391
8.2012
0.8568
0.71925
0.7377
0.67434
0.72257
0.69323
0.7143
0.71594
0.736
0.69323
0.71759
1.3058
0.88691
0.77603
0.8033
0.69804
3.9344
2.1423
0.67434
15.236
12.328
10.565
32.725
4.4553
6.1784
1.3179
21.621
18.403
13.864
9.6801
16.668
32.725
2.9845
1.6176
1.6288
1.8745
3.25
4.5801
5.0802
0.67434
0.70126
0.68372
0.68058
0.6853
0.7411
0.66662
0.66051
0.66203
0.64995
0.6697
0.65747
0.67901
2.8437
0.69483
0.67901
0.66662
0.65445
0.69164
0.69965
0.71265
3.3104
1.6822
1.1746
24.259
0.72925
0.71759
0.69965
0.67745
6.7279
14.417
12.702
6.6509
0.67745
36.972
5.3074
2.1472
6.8688
8.2391
13.028
3.6718
0.6697
0.70938
1.5131
9.5253
2.1972
1.9538
0.66509
22.484
12.731
21.522
21.227
1.7413
2.4315
2.1423
8.4504
7.3262
14.285
18.15
14.351
8.7273
0.68846
0.66662
33.41
8.126
3.28
4.5069
7.259
19.181
14.651
8.808
5.6089
0.66203
24.597
23.653
2.8047
2.471
3.6634
3.7921
12.998
1.1882
0.66051
0.69005
0.6853
0.66356
3.3797
0.94815
1.7984
2.3653
1.2271
9.1176
1.9901
4.6976
0.69164
0.68058
0.65145
0.66816
0.68215
0.72758
15.772
11.038
8.7878
18.192
31.252
4.2352
10.836
1.786
1.4651
3.4664
17.819
21.522
10.136
10.937
27.219
19.493
0.98374
3.28
5.532
0.68058
0.71101
5.9004
4.774
0.71925
0.69164
1.6629
4.6439
2.1178
3.3028
0.67279
0.66356
4.5277
1.1191
1.7373
0.86872
3.0682
10.688
15.918
12.103
6.697
4.4656
14.924
41.293
24.882
2.0318
2.6478
4.4246
0.70775
