1.9947
1.6326
2.2329
4.8181
2.2329
232.21
3.7487
10.254
2.3061
2.3061
2.3061
2.3061
2.3061
2.3061
9.1386
21.129
25.994
3.3104
2.1324
2.1324
2.697
2.697
6.3956
6.3956
6.3956
6.3956
6.3956
6.3956
6.3956
2.3382
17.86
11.063
13.331
7.411
8.4116
1.6822
7.1925
20.225
34.904
2.552
2.552
2.552
2.552
3.5717
1.114
10.861
21.08
2.7789
4.1868
2.1721
5.955
1.3579
15.991
19.673
26.539
5.1866
1.8659
1.4024
1.4024
1.4024
12.103
6.5445
1.9226
5.1627
31.687
17.373
32.8
21.821
3.2575
3.2575
3.2575
3.3797
27.282
21.129
32.128
12.909
2.5875
6.6816
4.6868
4.6868
19.855
17.534
26.539
25.579
16.102
2.1522
1.327
2.0178
10.183
17.174
20.085
37.66
20.887
5.2587
24.148
19.719
31.108
6.2933
36.298
23.382
27.345
5.0919
23.653
25.228
31.687
3.9435
10.541
27.662
25.815
30.823
0.88283
0.87474
27.662
32.8
19.947
27.982
6.3956
28.111
22.85
29.64
26.97
19.137
27.032
36.131
31.906
37.229
19.005
21.423
24.71
24.824
6.8372
23.926
19.314
10.396
3.2575
10.113
33.797
16.251
33.028
28.437
30.052
10.396
26.295
9.3946
29.166
11.558
20.178
19.359
33.642
27.598
27.535
42.548
36.718
5.7396
34.744
21.972
34.11
29.368
27.725
37.487
3.5965
5.7927
13.27
28.568
13.928
26.356
9.5473
5.8463
2.2745
31.252
19.448
6.0517
36.381
26.235
2.5403
7.4281
26.235
8.808
32.128
8.4699
27.157
18.025
6.2933
30.752
27.535
4.6332
5.3565
2.2692
3.265
4.5696
2.4371
2.8176
3.8448
35.965
29.504
34.11
29.436
34.664
3.0823
1.0468
1.9359
4.8181
2.8502
2.6054
23.436
26.661
38.894
1.9993
2.3221
6.1642
9.8828
29.099
21.522
29.708
2.4092
1.2075
4.8292
28.371
11.426
6.6509
10.59
47.411
5.5192
12.385
34.188
29.572
45.277
25.344
33.18
38.096
41.675
3.8715
3.9163
0.87878
0.78864
2.4037
15.918
25.875
7.377
25.697
31.108
25.815
4.6868
25.286
37.058
5.1985
30.541
13.673
10.937
24.996
25.112
1.7615
21.423
20.887
11.452
7.2257
33.642
5.0802
5.139
6.697
34.824
11.909
34.346
1.9628
11.373
5.2587
23.926
7.9594
29.983
17.86
17.901
24.54
11.295
32.876
5.0919
0.94163
32.8
11.909
28.832
10.254
3.0122
3.4031
24.939
22.797
5.2708
40.168
3.766
10.02
5.1036
11.585
23.221
17.819
28.437
3.318
3.2425
3.9073
0.68846
2.2902
20.225
22.588
40.915
6.9965
27.471
8.431
10.737
36.298
5.1036
1.4924
1.8445
1.7373
1.5555
1.0372
14.924
25.112
14.685
32.202
4.6546
27.408
19.448
39.617
16.9
31.614
5.7661
9.6356
36.803
7.9411
27.157
23.871
13.896
36.214
2.9708
4.6013
0.72091
3.3719
1.0372
0.79594
0.76892
1.8403
24.882
21.275
21.227
65.596
3.0191
7.2423
16.214
23.382
14.219
36.298
11.478
31.252
44.145
10.937
3.0823
6.3515
33.719
9.9742
35.471
7.6892
13.832
14.318
0.67745
1.4821
1.4154
2.4427
25.638
21.178
12.673
42.158
9.0132
0.7143
0.71925
17.574
19.764
41.009
13.579
13.737
18.875
8.4699
36.298
3.9891
0.70938
7.3093
18.318
0.67279
0.69483
0.71101
0.7143
0.70288
0.7045
0.67901
0.67589
0.67279
9.438
15.201
26.539
32.8
3.8626
4.0633
28.306
17.254
14.219
33.028
7.2925
27.345
9.6578
19.81
34.904
5.022
29.233
16.706
29.436
31.037
11.964
28.111
13.424
30.052
28.176
2.0696
5.8733
4.8627
23.114
18.234
20.601
35.553
12.047
7.0775
31.76
37.921
4.0821
20.225
24.092
49.304
31.541
2.5935
1.5627
10.372
4.9989
1.4285
1.3455
1.2047
2.0271
20.984
12.186
6.9804
39.617
4.8964
1.5663
1.1746
0.80701
0.87676
4.2061
21.571
17.017
25.403
27.408
6.0937
14.993
24.484
41.771
14.719
2.0791
4.5381
5.431
9.8147
24.092
24.148
29.64
3.9526
4.4246
2.0085
0.71925
13.96
2.5935
3.4985
0.86075
0.85877
4.0727
21.324
28.832
37.143
5.955
18.745
26.661
32.876
27.535
1.3737
5.283
10.113
0.68688
0.70126
0.71759
0.69164
0.70126
0.71594
3.2952
10.372
26.723
14.351
29.099
37.315
1.2673
1.1217
7.8321
6.0101
10.861
17.333
15.413
47.193
6.8215
16.822
18.53
28.965
39.983
5.022
8.0701
0.69804
5.139
8.7273
27.219
15.954
37.747
9.5034
5.5065
0.71759
0.68058
0.6853
0.68846
0.68058
0.6853
0.69164
16.439
22.433
20.601
37.834
1.6515
2.1821
10.183
10.254
13.992
16.102
16.515
27.094
1.247
1.247
3.7315
1.8573
15.236
14.417
19.673
12.499
42.158
32.725
1.2557
1.2557
1.2557
1.2557
5.8597
12.702
12.586
19.359
17.293
31.614
11.426
9.7248
17.819
21.821
7.4281
37.058
3.04
7.5662
27.157
8.6672
29.845
22.797
3.6465
25.17
26.784
26.723
39.254
10.183
14.318
23.436
7.2758
6.3515
10.688
7.8864
12.909
36.634
2.7662
4.3639
0.69005
1.7017
1.2702
1.324
2.0506
2.1275
3.9983
6.3369
0.71265
0.6697
0.67745
0.69483
1.5845
17.984
0.7377
0.70288
0.67124
20.271
9.1808
34.11
3.9344
1.5845
0.67589
9.2019
18.488
12.299
33.257
6.8688
23.982
6.8058
6.1501
25.579
28.371
2.9708
2.6114
4.774
12.79
0.69965
2.9914
21.821
17.696
5.4435
34.904
1.2938
1.5845
7.9046
5.7661
23.436
19.226
12.019
31.469
3.4505
0.91386
2.7094
3.6381
3.5635
6.9804
3.766
1.445
0.99742
1.3737
12.47
26.235
9.9513
29.436
11.478
4.9304
1.6939
0.78683
15.918
19.181
25.054
36.465
36.465
36.465
3.7315
1.1063
2.2797
12.385
22.64
26.175
32.276
1.2047
1.552
9.6356
2.6054
0.97248
0.96578
0.99284
0.79777
0.93514
0.91176
0.86872
0.75488
0.81448
0.96801
0.76892
0.72758
0.74968
0.71925
0.80887
0.74452
0.80515
0.71594
0.73262
0.74624
0.70612
0.70938
0.72758
0.69483
0.7394
0.70126
0.68688
4.3639
12.299
15.166
11.611
30.894
8.3153
4.6119
8.0515
1.6706
19.855
14.517
14.651
3.7573
14.685
10.59
34.11
9.0548
2.5344
5.4435
1.2702
0.78864
0.75837
0.93299
0.93946
0.93299
3.5635
4.6225
6.8372
1.2968
1.4958
1.3424
2.2745
0.69804
0.72423
0.70938
0.71759
0.70938
0.67124
0.80701
2.2692
3.3953
0.71265
0.7045
0.67434
0.7143
0.69483
0.71265
0.71101
0.69164
0.74281
0.6853
0.72925
0.73093
0.71265
0.73093
0.70126
0.72925
0.70126
0.74624
0.69005
1.2328
0.67901
0.7045
7.045
8.0145
21.178
19.27
5.8597
14.45
7.2257
2.2433
0.86672
0.77603
1.2586
24.427
29.166
23.167
13.579
35.308
4.6868
1.7984
1.9137
4.054
0.77425
0.91176
2.3982
16.978
23.114
24.882
33.257
1.8702
1.6591
3.6381
6.8688
3.176
0.68215
0.67589
7.36
12.186
19.314
14.417
15.342
34.584
1.7942
3.8448
1.1882
3.4744
5.283
15.991
14.889
19.538
8.3537
30.611
21.972
2.2023
2.1472
4.1771
2.3221
5.139
19.719
16.176
18.36
15.201
31.396
1.5555
0.80515
1.8831
3.7487
1.2849
1.2849
1.2849
1.2849
1.2849
1.2849
1.2849
1.2849
1.2849
1.2849
1.2849
1.2849
1.2849
1.2849
1.2849
1.2849
1.2849
1.2849
1.2849
11.217
21.472
15.591
10.614
32.35
30.823
2.1771
1.4351
1.8067
1.4154
1.1746
10.468
19.764
13.896
9.7696
34.031
6.5747
2.5815
2.0887
5.8194
1.0886
1.2131
1.6439
4.4656
3.836
0.86075
0.67589
2.3167
3.4505
3.033
19.448
16.783
28.047
30.752
1.6102
1.6102
1.6102
1.6102
1.6102
1.6102
1.6102
15.918
18.745
1.9314
2.1972
1.8659
0.91808
2.1821
17.333
26.661
0.9034
3.3564
1.7214
1.7214
1.7214
9.2657
0.68058
11.746
28.176
10.468
30.122
3.3797
1.5271
1.5271
1.5271
17.056
24.71
13.058
35.553
3.8448
3.3333
3.3333
2.9845
5.532
29.914
1.2299
0.67279
0.68215
0.67279
0.7045
0.68372
13.058
29.708
9.6578
10.59
5.5703
26.539
28.502
37.834
13.088
23.061
9.5034
16.401
38.008
0.96134
18.445
6.2788
25.935
17.333
7.6187
37.143
23.817
1.3088
12.385
8.373
4.3639
19.855
15.735
8.1824
34.425
6.2788
1.7574
1.2528
1.5991
1.4993
10.663
5.431
1.6861
12.79
6.9323
11.295
18.108
6.1784
32.725
1.5271
1.1773
1.0349
2.3274
1.5484
1.3028
10.02
1.1373
1.2075
1.0886
1.1243
1.2879
1.0937
1.1827
5.955
11.452
5.3688
0.67434
0.72091
0.65445
0.67589
0.69164
0.69483
0.67279
0.69005
0.69483
1.1611
1.0349
0.86075
0.76538
2.0412
3.4505
0.95473
0.70288
0.70775
0.69643
0.71594
0.71265
0.6697
0.68372
0.67434
0.66356
0.69164
0.79961
0.72257
0.6853
0.68846
0.7143
0.7259
0.69965
0.71759
0.68058
0.736
0.69965
7.045
12.019
15.201
10.59
32.5
8.2201
8.9306
3.58
8.6473
11.719
11.719
11.719
11.719
11.719
11.719
11.719
11.719
14.517
15.845
16.065
31.469
1.2557
0.74281
28.965
5.283
3.235
3.235
3.235
3.235
3.235
3.235
3.235
3.235
3.235
3.235
3.235
3.235
11.937
1.7254
0.84699
