0.69965
9.9742
14.384
13.301
23.762
7.7246
7.7603
234.36
5.406
12.047
12.702
8.3153
9.9284
19.448
25.344
2.2278
5.5703
5.5575
5.3565
8.6075
8.1824
11.719
2.6356
3.6634
12.615
7.0126
1.324
5.3565
0.83923
1.4484
1.0396
1.5448
1.3737
1.3768
1.5918
1.7293
13.517
13.611
33.642
26.478
5.1746
13.642
7.4452
9.373
5.532
26.784
13.517
1.8962
2.9032
4.5696
3.3797
13.579
16.939
9.8374
9.0757
16.176
16.139
28.568
2.0984
2.3382
17.373
16.477
15.555
15.663
28.306
2.7471
22.536
14.45
14.484
15.772
19.314
17.174
2.4767
8.373
10.861
18.36
14.484
36.298
2.4882
2.264
3.2128
16.668
3.7747
2.264
4.4246
12.644
38.894
25.697
3.4267
15.918
20.648
8.568
25.994
39.344
1.4753
3.9708
17.86
13.301
1.4187
13.209
33.487
3.3642
14.384
23.167
40.075
26.661
8.1448
26.908
7.0612
21.522
31.037
18.15
27.853
20.887
31.833
14.484
14.787
19.628
6.2788
10.786
28.306
19.049
1.3301
28.634
20.459
20.839
29.301
1.4821
3.4664
19.993
15.484
9.3514
7.2091
9.7696
41.675
3.0823
11.14
24.824
13.301
8.431
26.908
29.983
2.4315
20.225
24.427
9.9284
34.584
5.1866
20.648
2.1571
21.922
6.6509
38.537
4.8964
24.71
12.938
25.697
18.831
8.0887
2.2902
1.279
1.3393
3.0682
4.9531
19.403
15.097
6.8846
29.708
13.455
21.472
1.8025
26.417
38.537
7.3431
25.286
28.241
22.278
39.891
19.493
25.228
9.5034
29.099
37.66
2.6417
1.3611
3.3487
22.484
20.696
17.655
32.5
23.926
13.8
5.3319
30.682
3.1687
1.0325
22.381
33.18
30.611
3.9983
26.908
28.899
2.8437
8.2012
1.4417
1.9493
32.725
7.3093
36.465
2.7853
4.4043
32.575
12.442
38.626
2.0887
2.9166
12.82
25.875
21.571
10.836
38.36
4.2255
6.7745
30.894
20.887
35.965
5.283
3.4744
5.7661
7.3093
24.996
9.1176
34.188
7.9777
15.342
27.789
12.328
4.0353
36.634
8.8895
27.789
0.67745
19.855
31.037
9.3514
8.431
35.227
4.2158
6.0239
41.675
5.6348
4.3041
10.614
35.227
8.9511
3.411
13.579
29.64
6.0101
2.1771
22.227
0.93946
25.17
7.3093
22.074
27.032
1.3362
2.0506
1.5881
3.3333
5.0336
4.976
33.875
14.993
3.1324
4.0168
9.5913
12.385
2.7094
0.66509
2.3328
1.4318
1.2271
1.5591
29.436
15.808
28.111
6.1077
11.505
19.673
29.708
11.426
7.0126
0.86672
29.777
13.579
21.571
26.417
4.1868
1.6629
1.18
1.7174
1.0911
26.295
11.531
6.0239
8.2581
39.254
3.0541
18.53
28.634
39.617
1.5555
33.564
5.1985
2.0887
1.1665
2.9166
29.504
7.1759
0.69483
16.939
5.0105
35.227
8.2771
36.803
13.486
34.031
5.5703
33.104
16.9
31.76
2.0085
7.4624
35.146
7.7961
0.67124
13.362
25.286
7.0938
5.6218
4.245
31.037
7.9411
21.522
19.81
0.67901
3.4267
37.921
8.4699
10.207
38.537
3.9617
12.215
27.345
8.6473
25.579
23.982
1.7174
2.2433
2.9983
26.661
14.584
3.9617
24.654
41.675
4.054
27.219
4.1579
3.176
40.075
9.7696
3.1037
4.4759
38.804
19.628
16.028
37.143
14.318
4.2061
2.4767
8.3153
30.894
4.5696
22.227
34.267
22.588
24.427
4.1009
15.027
21.129
0.72257
2.1129
7.4796
33.564
6.2644
3.3797
20.132
20.132
1.2019
5.5192
0.65295
25.638
7.8683
11.531
25.054
17.819
3.9254
11.611
3.2876
26.723
4.1675
37.315
23.382
2.1227
5.2225
4.2548
27.918
10.492
7.3093
29.504
3.3257
2.6295
1.5342
2.4824
2.1423
1.7901
2.2329
3.6634
0.6853
26.114
12.158
7.6187
37.401
4.3639
12.586
1.3579
1.3058
0.78683
23.328
6.2356
0.68058
0.65596
0.66816
0.67124
0.67434
3.8272
26.6
44.656
3.539
25.52
20.178
37.401
34.346
5.431
33.333
5.4939
29.166
35.065
1.6139
9.4163
3.0261
3.198
23.926
20.085
5.3074
27.918
27.725
2.2797
1.2702
2.9708
8.3923
5.0452
0.67745
28.899
14.057
18.276
24.148
6.3956
3.1037
2.264
8.7878
0.76187
1.3992
22.745
15.236
31.324
31.18
3.2876
23.114
0.69965
23.926
27.598
44.553
15.918
15.131
24.54
27.598
50.336
20.178
32.054
26.723
29.032
3.9708
5.1746
26.6
7.3262
27.345
9.9284
0.65899
0.67901
3.341
2.8899
8.509
19.81
8.126
30.682
3.2054
3.7834
2.0365
1.5027
1.7778
3.0611
16.978
1.8025
1.8318
1.2103
1.7095
0.68372
0.64696
0.64845
0.66203
0.66816
0.65145
0.65747
0.91386
0.94597
0.7377
0.82391
1.5027
9.2657
7.1101
0.68215
0.66662
0.66356
0.67124
0.75488
0.67279
25.935
10.42
15.52
32.35
1.8108
26.6
26.6
0.68215
7.0612
48.071
8.6672
3.3333
11.909
11.452
24.882
0.66051
0.65295
0.66662
0.64399
0.67901
0.65445
0.65747
20.696
0.64399
0.63224
0.65445
7.7246
44.553
36.549
5.3442
17.615
46.976
1.7214
3.4985
11.295
0.64696
5.5575
1.2909
28.502
13.455
14.089
8.2581
45.486
2.4597
1.815
1.6783
2.0506
13.393
1.5663
10.42
12.761
0.67901
0.67589
0.67124
0.65596
0.64995
0.66051
0.67901
0.64696
0.64845
0.68688
0.64995
0.69643
0.67279
0.69323
0.65899
0.64995
1.042
0.6697
0.67279
0.65899
0.66051
0.64103
0.65445
0.66816
0.65899
0.64845
0.66816
0.65445
0.67901
0.68688
1.2271
0.69164
0.66662
0.69323
0.66203
9.7922
17.095
17.819
29.845
11.505
20.459
19.855
10.043
12.909
0.6853
9.6356
36.634
1.7413
7.4281
10.16
0.66662
0.64399
0.65899
22.381
3.2575
0.66356
0.66051
0.63369
8.1448
29.64
33.41
12.938
25.054
10.207
22.797
37.573
24.597
8.7878
35.965
6.7901
2.4996
0.83923
20.553
13.832
6.6509
28.832
30.894
2.7345
1.7942
4.785
5.022
4.245
14.993
6.3224
0.67589
0.66816
0.64845
0.69164
0.68215
1.0254
0.96356
2.2433
0.89306
0.64547
0.66662
0.66816
0.65145
0.68846
0.68058
0.66662
0.65747
0.66051
0.67124
3.7229
11.585
8.568
11.217
13.673
37.747
2.3221
1.7373
4.6439
0.65145
12.131
0.8373
0.68688
3.04
22.433
6.7434
37.229
1.6515
1.8962
5.4939
1.2243
1.445
1.6706
1.1452
1.4484
9.2231
11.452
1.836
0.67279
0.67279
0.69323
0.71265
14.318
23.328
0.64995
0.64845
8.6274
16.288
35.39
1.7615
7.259
0.79228
0.69323
0.64995
1.8488
1.853
3.0752
2.0791
0.71265
0.65145
6.6356
0.66509
0.66816
0.65145
0.65145
0.67901
0.65295
0.69005
0.66203
0.65445
0.66203
0.64399
0.65747
0.65445
3.539
13.611
0.96356
0.66051
10.937
10.811
6.5295
44.043
2.0178
1.6668
1.5484
1.4618
1.5663
2.0791
6.7901
1.4855
3.4664
10.962
0.94163
6.6051
0.65145
0.64547
0.6697
0.66203
0.64399
0.65747
0.69005
0.64845
0.66356
0.66662
0.65747
0.63515
0.65445
0.64995
0.66203
0.68372
3.5717
13.028
26.054
3.1687
3.8715
7.9228
12.442
1.8659
2.7094
0.66816
0.67124
10.301
9.6578
1.3548
1.0349
3.98
0.68058
0.67434
0.66356
14.753
0.73093
6.207
12.356
44.043
4.9875
2.3167
1.2761
1.6591
2.2074
1.7696
1.3209
1.4821
1.7984
2.3926
1.836
2.7157
6.1359
13.896
13.393
2.6539
2.5638
3.5635
10.372
13.118
0.86075
0.69643
0.66051
0.64103
0.65899
0.69965
0.70288
0.65747
0.64995
0.65445
0.66356
0.67589
0.65596
0.66203
0.64696
0.96134
1.1478
0.97024
1.009
0.95473
0.80515
2.8832
4.6546
0.64995
0.67279
0.66509
0.66203
14.351
13.362
42.158
3.1906
14.384
0.85286
1.247
4.796
6.5596
1.4821
20.178
2.2125
2.2278
2.4654
1.9764
2.697
2.0935
1.4855
2.0648
9.2444
7.9046
13.896
6.5899
16.288
0.65747
0.69483
7.6011
44.862
2.0039
2.3653
1.6326
1.9719
1.2644
1.8702
1.6288
2.4315
1.7778
1.7984
2.5054
2.8832
1.3088
1.3331
1.4384
1.1638
1.2557
1.5201
2.1671
2.1771
3.9708
5.6089
7.9411
0.67745
10.911
1.1531
0.64547
0.63662
0.66203
0.67124
0.65899
0.67124
0.66816
0.67434
0.67124
0.67279
0.67279
0.69323
0.68372
0.65899
0.65747
0.67279
0.69323
0.67901
0.68058
0.6697
0.66203
0.67434
0.67124
1.2499
1.5772
1.3737
0.82771
1.4187
1.1909
1.1827
1.7494
1.3832
9.0132
18.702
49.989
3.4664
4.054
11.166
12.385
1.5166
1.2702
0.8808
1.1114
1.3486
1.7214
1.6065
1.1638
1.1166
1.3864
1.1909
1.445
1.4252
1.2047
1.7778
1.6939
1.2644
1.1937
1.5377
2.108
1.3548
1.2442
1.9628
1.4252
2.0984
1.8488
1.8067
1.0638
1.1992
1.2356
1.7293
1.9005
1.8702
1.4651
1.9901
1.8067
1.9628
2.4939
2.2125
1.981
1.3864
4.4862
1.5845
1.4154
1.3768
1.8962
1.4024
2.7662
2.2329
1.6102
3.0823
3.6465
3.6803
5.596
1.5772
1.7615
1.786
1.327
1.8573
1.4121
1.9403
2.1671
1.327
1.4719
1.3548
1.2528
1.1992
1.6629
2.5935
1.7574
1.9226
1.3832
1.836
4.3942
3.7315
10.688
7.0775
3.8626
9.1386
17.453
1.9947
2.6784
4.245
11.269
9.7922
7.5662
0.66356
0.67434
0.64399
0.65295
0.64251
0.66816
0.65445
0.64696
0.66662
0.63515
1.1827
7.7425
32.876
6.1077
3.1324
0.72091
8.0701
0.89306
1.5201
1.0492
1.6214
2.0601
1.4584
2.3598
1.9764
1.4821
1.3149
