1.7413
1.2413
1.4417
1.3028
2.1721
1.9673
2.1522
1.6745
1.5555
2.6723
2.9301
1.9181
2.1324
1.5271
3.5965
6.0239
1.4252
1.4517
0.70612
1.3705
1.9137
0.69643
0.72257
0.6853
0.85877
0.80145
0.84116
0.8431
1.445
2.5344
2.2278
1.8573
3.318
5.4939
3.1252
2.0318
1.3517
1.0207
6.4696
1.6515
2.5815
1.9359
1.9181
2.7725
1.2019
1.1166
1.1399
1.6822
3.6972
7.5488
2.471
3.0752
1.9855
1.4187
2.2902
3.6465
1.8788
2.3982
1.8276
1.8918
2.0887
1.3028
2.6846
1.1827
2.9777
1.8745
2.9504
1.6065
7.7425
5.022
2.2381
1.2998
1.114
0.99972
0.93514
1.4889
1.7901
1.2215
1.0565
2.2955
1.4685
2.697
2.3436
1.7017
1.18
1.981
1.5627
2.2745
2.3817
1.4351
1.2131
1.8573
0.77782
1.5131
3.8448
1.396
1.2879
1.247
1.2385
0.98374
2.0791
1.0325
0.91808
0.87676
0.85483
1.2849
1.2998
1.38
0.76362
0.8033
0.8126
0.8431
0.92231
1.0067
1.0638
0.91596
1.4855
0.79594
0.84504
0.87072
0.79046
0.86473
1.2938
1.5555
1.0372
0.82962
1.3548
0.85877
0.94597
0.94815
0.92231
0.82962
2.8832
1.1478
1.0962
2.0085
2.3762
2.2074
1.6978
2.2902
1.7778
1.9181
1.3058
1.0786
1.0396
1.5307
1.2047
1.2731
1.0712
0.8808
2.7535
2.9845
1.2557
0.82012
0.84894
0.83537
0.81448
1.8025
1.247
1.1321
1.0301
1.1638
1.2849
1.4821
0.96801
0.891
1.0811
1.1114
1.7942
2.5875
2.8437
1.4384
1.7017
0.82581
0.8126
0.86274
0.9438
1.5271
1.3424
2.6478
1.7696
0.86672
1.981
0.7411
0.77603
2.2227
1.2702
0.82962
0.71594
0.79046
1.3118
2.7157
2.6235
0.84116
1.8276
0.81824
0.86872
0.891
0.80515
0.82012
0.77425
0.96134
0.78683
0.75488
0.72758
1.1719
1.1909
1.1114
0.91808
0.98374
1.4384
0.87072
1.2998
0.80701
0.98828
1.0937
0.89306
0.80701
1.0517
1.1321
1.0468
2.0459
1.4154
0.86473
1.016
1.7373
1.0183
0.86473
0.78683
0.96578
1.0762
0.97922
0.99056
1.0861
1.0614
1.9764
1.1012
1.4685
0.94163
0.86672
1.2019
1.1773
1.114
1.7254
1.2131
0.90966
2.1472
0.79046
0.94163
0.9438
0.8126
0.96134
0.96801
0.72091
0.76892
0.84504
0.84504
0.90132
1.0136
0.77603
0.83345
0.79961
0.9373
0.83537
0.79228
0.8509
0.82012
0.78502
0.8568
0.87072
0.82391
0.71594
0.79228
0.89511
0.87474
0.81448
0.85286
0.891
0.77425
0.84699
0.78864
0.88283
0.82391
0.77782
0.75141
0.8373
0.80701
1.042
0.77246
0.77961
0.9034
0.88283
0.82201
0.88283
0.76187
0.82201
0.77603
0.8033
0.84894
0.77069
0.82391
0.81073
0.80515
0.81635
0.76011
0.76892
0.8126
0.80145
0.77246
0.86473
0.8126
0.84699
0.82201
0.89925
0.91176
0.89718
0.88895
0.87072
0.83537
0.87273
0.76362
0.86672
0.80515
0.74452
0.81448
0.88691
0.97696
0.97472
0.75315
0.82581
0.7411
0.87072
0.85286
1.1269
0.87273
0.79961
0.79228
0.83923
0.84894
0.8808
0.82771
1.6251
1.0067
0.95473
1.1854
1.3058
1.5097
7.0938
2.8111
1.2731
0.69164
0.78864
0.99742
0.85286
2.7157
1.3088
2.1423
1.8962
1.7373
5.0105
5.1154
4.2548
1.8403
1.6102
1.5845
0.97696
1.552
1.5062
2.1129
5.532
10.349
6.4547
6.4547
6.4547
6.4547
6.4547
6.4547
6.4547
6.4547
6.4547
6.4547
6.4547
6.4547
6.4547
6.4547
6.4547
6.4547
6.4547
6.4547
6.4547
6.4547
6.4547
6.4547
6.4547
6.4547
6.4547
10.02
1.6102
3.411
1.7333
1.8702
1.981
3.28
4.0353
3.6549
3.2054
5.4561
5.1508
9.6801
3.3719
3.8626
3.8626
3.8626
3.8626
3.8626
3.8626
3.8626
3.8626
3.4824
3.4824
5.6089
5.6089
17.333
8.2962
9.8374
4.6332
5.6089
2.6784
1.7984
1.3362
2.1571
1.7135
2.1178
2.0696
1.3737
1.7778
1.8918
2.4824
4.1198
1.5307
2.2381
6.8846
3.6972
4.8404
1.7901
1.6288
2.4939
2.1178
8.8487
1.3179
2.0601
5.0919
7.8864
1.7696
1.4484
0.92019
1.0301
7.2423
1.4719
2.3982
3.0611
4.8627
4.1868
3.341
2.4315
1.3896
1.1038
2.0935
1.836
2.4996
2.8899
1.2131
0.9034
0.92019
1.2586
0.95693
0.93514
0.92444
1.0277
0.87273
0.93946
0.76011
3.3104
0.79961
1.1399
0.82771
1.1505
1.0638
1.1012
1.1399
2.2588
0.98374
1.009
0.95693
0.99284
0.87474
1.1217
1.023
0.8808
1.4121
1.7095
0.98147
0.81824
0.93946
1.0043
1.042
0.95473
1.0396
1.3331
1.1321
1.1937
3.7315
1.1243
0.76187
0.77961
0.78321
0.6853
0.69804
0.9034
0.95034
1.9049
1.0762
0.84116
1.1964
0.96801
1.1909
1.0541
1.0786
1.4685
1.0067
1.2442
1.0937
2.1972
1.1452
0.92871
1.2968
4.6546
1.6364
1.9226
2.4882
1.1243
1.4924
4.0168
1.2413
1.0811
0.85483
1.5699
5.0919
1.1399
2.0506
0.95253
0.95693
0.87273
0.99742
1.8488
1.9005
0.84894
1.7293
0.96356
2.8176
4.3339
1.2385
1.1012
1.3209
1.6326
2.1872
1.2075
1.4121
1.6668
1.4685
1.8445
2.3762
11.505
1.5027
1.3424
1.4787
1.1114
1.2849
1.327
2.1872
2.285
1.7373
1.981
1.5627
1.9005
2.7471
1.1854
2.3707
1.1882
0.87072
0.89306
0.79961
1.0614
0.90757
0.79411
0.87474
1.002
0.95473
1.3705
1.6439
1.2442
0.90966
0.83345
1.0614
0.87676
1.1505
3.0541
1.3088
0.99284
0.75837
0.91176
0.82581
1.0254
1.1217
0.97472
0.91596
0.88283
0.93514
1.0067
1.009
1.0786
1.0712
1.0207
0.8808
1.0663
0.97696
0.85286
0.86872
0.89306
0.89306
0.88895
1.016
0.99513
0.93299
0.89718
1.0492
0.83345
1.9448
1.6978
1.5307
1.0468
1.3928
1.042
1.1827
1.0396
0.93514
1.0614
0.92871
1.0043
1.38
1.3992
1.1992
1.8488
8.509
1.2557
1.2968
2.1671
1.8445
1.9993
1.9448
1.3455
2.0935
1.0254
1.2131
0.88895
1.042
1.327
3.118
1.3673
1.0911
1.4318
0.95034
1.1399
1.1827
1.0737
0.92444
0.77069
0.96578
0.77961
0.75488
0.86473
0.94597
0.84116
0.83153
0.89306
0.86473
0.97696
0.83537
0.83153
0.82391
0.91596
0.82391
0.8431
0.8808
0.86473
0.79961
0.8808
0.82771
0.82771
0.89718
0.87676
0.88895
0.79961
0.89306
0.8509
0.87676
0.97922
1.0254
0.77069
0.88691
0.79594
0.83923
0.79046
0.79046
0.81448
0.81635
0.92657
0.76011
0.69643
0.80515
0.88487
0.8431
0.79046
0.79046
0.7377
0.84699
0.85877
0.86075
0.86672
0.73431
0.79594
0.99742
0.78864
0.76362
0.79046
0.96578
0.81824
1.3058
0.94815
0.79594
0.86872
0.75141
0.79046
1.0811
1.1321
0.95034
0.94163
1.0183
0.82391
0.98147
0.96134
0.84699
0.80145
0.90132
0.8373
0.78683
0.9034
0.92444
0.99284
0.92231
0.8373
0.92231
0.77246
0.84894
1.4855
1.0492
1.0762
0.76892
0.83153
1.0468
0.89511
0.9438
0.79961
0.96801
1.7254
0.96134
0.96801
1.0614
1.002
0.82391
0.79411
0.92871
1.023
0.91386
1.0663
1.009
0.80515
0.84894
0.86473
1.9493
1.9493
2.3544
2.697
1.3393
2.6417
1.5448
1.0067
1.2299
1.2158
1.8962
3.3487
1.4057
1.1166
0.96578
0.90548
0.88487
1.7254
1.0492
8.0887
1.2158
1.1558
1.0183
0.89718
0.92231
1.4417
1.0067
1.0325
1.114
0.84894
1.1909
2.0743
0.94163
1.1746
1.4517
1.4517
1.4551
1.9493
2.0887
2.3817
1.3088
1.3705
11.746
1.8025
4.3339
2.6478
1.4252
1.0737
1.3737
2.3817
1.1937
1.0987
2.2745
5.4939
1.7574
2.6723
1.009
1.6783
4.0446
2.4654
2.9708
2.4204
7.6187
2.1721
5.0919
1.7574
1.4753
2.4654
5.1627
1.8831
1.1882
0.90548
0.8808
1.4318
1.9448
1.1038
2.0085
2.2433
0.95693
1.1089
0.87878
0.99742
1.4154
1.0712
2.0935
1.18
3.3028
4.0633
1.327
2.3114
1.4889
1.6288
1.7333
0.97024
1.0737
0.87878
1.2968
0.86274
0.79228
0.94163
1.2761
1.0207
0.93299
0.92871
0.90132
1.3611
1.1531
1.3864
1.2158
2.8899
0.986
1.2968
2.8502
3.2876
0.89718
0.8568
1.1746
0.99972
1.009
1.5166
2.6054
1.7095
1.1063
1.3058
1.7293
1.1611
2.0839
2.3871
0.96801
0.87273
1.3768
3.7487
2.5994
1.8875
1.0786
2.0132
1.1531
1.3992
5.1036
2.1821
1.2385
1.5991
1.3579
1.3705
1.3393
1.7984
2.0648
2.517
1.3896
1.9359
2.5579
8.6075
1.7737
1.7778
0.8033
1.4958
0.73093
0.75141
0.7394
0.78321
0.75488
0.69164
0.79594
0.87878
1.1937
1.2731
1.3737
1.4618
2.5579
2.4148
0.83345
0.96134
1.5131
2.8241
1.1478
5.2225
1.9493
1.8573
1.2356
0.8509
1.1191
2.0365
1.8067
5.8463
2.5403
2.0839
1.7413
1.8745
2.8766
1.114
1.2644
1.0136
3.3642
2.0365
1.5448
1.4685
1.6745
2.1129
1.3179
0.99972
1.1909
1.114
1.7778
1.6668
1.1854
1.002
0.84116
0.86473
0.83345
0.98374
0.96134
0.97696
0.97922
1.2047
1.0113
0.74968
0.7143
1.0886
1.836
1.1038
1.3928
0.8431
1.2557
1.3362
1.1854
1.4787
1.396
1.1063
1.2615
1.2615
1.8276
2.2074
1.5845
0.89306
0.89718
1.4121
1.4924
0.86872
0.70938
0.7045
0.76011
0.69483
1.1478
4.245
1.4958
1.1992
1.3362
2.454
1.4318
2.7157
0.98147
0.99972
1.1295
1.009
0.89718
0.90132
1.1012
1.0301
0.93514
0.84699
0.95693
0.96356
0.87878
0.97248
0.82391
0.94597
0.98147
0.84699
0.97696
1.114
0.82012
0.91386
0.86274
0.84699
0.87273
1.0067
0.84894
1.0565
1.0886
0.8126
0.85483
0.76715
1.0786
0.77603
0.75488
0.79046
0.90757
0.8431
