56.089
20.984
24.939
13.455
8.033
21.275
9.1176
2.3982
2.5228
2.8241
19.764
8.3153
13.517
2.3871
4.6439
7.1101
13.579
14.318
24.371
7.7603
3.4985
5.0802
2.4824
5.5447
26.723
12.702
19.901
2.0039
16.288
32.5
22.955
9.1176
11.452
6.4696
15.991
3.2425
31.906
9.438
12.186
24.204
11.089
29.368
15.881
14.651
30.966
6.6203
28.047
12.499
7.7069
9.0966
21.671
28.437
27.918
30.122
10.59
7.2091
14.252
13.393
22.85
19.855
2.4092
2.8241
30.33
17.819
10.42
44.043
8.0887
3.2276
3.8096
37.487
11.719
39.708
15.062
10.301
25.286
9.3085
40.727
17.293
12.79
5.6348
17.984
6.207
2.2745
31.324
25.112
24.71
20.506
2.5638
17.017
37.143
12.731
2.4824
9.1176
27.535
8.2581
36.131
5.955
21.275
17.86
2.5403
13.424
43.439
13.179
25.344
2.4092
2.0506
34.346
15.166
9.1176
33.642
21.032
4.0633
2.0506
10.396
31.906
23.114
23.382
27.282
7.7782
6.6816
37.573
11.295
6.6051
8.2962
11.399
29.099
16.102
6.2356
36.803
9.6134
7.5662
40.915
14.651
2.4259
37.834
12.271
6.9483
8.0145
23.274
29.914
3.7315
35.227
14.484
9.3085
8.4504
40.446
15.131
4.2942
9.3299
20.601
17.942
9.9284
4.763
3.5227
5.3688
24.54
13.393
18.488
29.708
11.399
11.638
20.601
17.86
17.413
35.635
12.131
4.6439
6.8215
15.166
18.616
3.0966
15.881
1.5307
36.131
13.768
8.7474
5.5065
5.4686
13.179
11.558
1.327
2.2955
3.0682
23.707
28.241
1.3455
18.318
18.831
8.8691
23.49
21.571
1.9538
3.0611
37.229
16.745
3.1324
8.2201
23.817
27.662
7.259
32.876
7.1594
5.5447
6.6816
5.9413
7.2257
28.437
5.406
2.1178
2.6784
4.6119
36.549
28.111
3.7487
26.175
26.235
3.3104
48.292
24.204
23.982
24.484
11.269
1.6251
4.2843
2.2329
2.4315
2.7219
8.5877
4.2646
41.675
25.935
5.1866
5.0336
7.143
13.96
30.752
3.1108
23.926
22.955
1.3864
7.1101
8.1448
38.537
3.7143
5.8868
31.324
21.771
6.9323
10.067
24.71
14.651
37.058
21.972
14.417
21.324
0.66662
0.96134
6.5145
4.314
4.2646
6.8846
31.108
8.3153
8.1635
8.9718
0.67901
6.1784
32.054
7.7425
0.67745
0.66816
0.66051
18.234
42.646
7.7069
7.9777
9.9742
11.347
1.4993
28.502
19.049
32.425
26.784
20.318
30.191
6.4251
19.901
33.028
6.3078
6.2788
5.6348
21.872
28.047
4.7302
7.0612
0.67745
32.876
12.761
4.026
4.6119
10.301
24.148
16.629
0.6697
0.67124
0.986
4.5277
9.7024
1.8108
0.68058
21.275
43.14
1.0541
0.71594
0.96578
0.93299
10.23
8.5877
8.3923
15.307
18.573
21.771
3.7921
23.817
8.3537
6.6662
6.697
9.5034
22.433
21.621
6.5899
31.469
25.756
6.9643
3.1108
13.118
32.575
3.25
6.7745
11.321
1.8488
58.463
21.522
8.6075
29.233
14.154
3.4664
31.18
6.1927
10.712
9.8828
24.427
26.478
4.2255
1.4753
11.166
33.104
7.8864
4.9875
4.4145
4.0075
8.9718
5.7264
12.82
21.821
4.1964
4.1675
6.0239
7.2758
4.5486
25.17
0.65145
15.699
5.9962
5.8733
10.254
3.5308
1.18
5.7927
0.68688
24.204
12.761
8.9306
1.0565
3.3028
23.707
9.1596
5.5575
4.796
6.25
5.2708
2.8306
4.7411
7.7603
8.6274
27.408
8.8691
3.1906
4.0075
4.2352
0.9438
0.84116
0.84116
1.1426
24.767
20.887
15.918
5.1036
7.1594
9.5253
7.9228
16.176
23.762
3.9983
1.9181
7.9046
6.6051
9.8147
27.094
25.17
8.3923
9.1808
25.756
28.437
10.372
0.736
11.038
36.803
0.95034
15.097
6.1218
5.431
12.131
16.706
4.8852
4.9989
3.0682
13.058
35.308
19.855
2.1423
0.74452
0.71101
0.69804
28.241
14.484
13.611
16.591
30.33
7.7782
3.4664
13.118
2.7282
0.77782
0.72091
31.906
31.833
10.861
2.3114
5.8328
5.0568
7.8321
21.621
21.922
8.1448
2.3436
21.922
28.634
1.0614
1.6591
12.328
3.8983
11.191
3.8272
5.8733
9.3299
4.3239
3.4985
0.6853
0.67745
0.67901
4.5173
3.9708
7.4624
3.4584
3.3642
4.2942
9.7922
9.7024
9.6356
6.3369
18.875
5.1154
9.9284
7.5315
4.9645
16.401
18.276
6.0101
13.24
27.157
4.4145
3.58
2.8047
9.4163
33.719
0.75315
0.74968
0.76011
11.217
7.6715
5.7661
4.7193
17.254
20.365
27.345
0.7259
0.65747
6.6203
3.8184
1.9583
3.5553
40.075
18.15
3.4985
18.15
3.9163
12.47
0.72257
1.5448
16.176
24.824
7.5662
9.9284
37.143
9.2657
7.5315
0.70288
5.6608
23.544
7.377
6.9483
20.791
50.22
18.276
6.3809
4.1103
5.4939
15.663
9.6134
0.67745
15.131
10.043
0.67901
6.1359
6.4995
1.1882
0.71925
1.396
20.178
13.028
11.558
4.976
6.3515
10.468
9.9972
12.215
0.67589
25.344
14.584
7.1925
10.113
1.1909
0.736
22.227
17.254
0.74796
6.7124
6.0797
4.4656
4.5907
3.1469
3.6298
4.752
19.359
14.219
21.275
4.9304
5.7528
2.5579
4.8292
5.9824
8.4699
1.3058
40.075
21.275
2.4371
2.5815
6.25
7.7246
0.8373
0.77069
1.0911
2.9708
1.6439
0.75488
0.66509
1.6251
17.655
9.0966
11.373
3.2575
4.8292
19.049
0.67124
15.027
24.996
5.7396
16.364
3.8715
12.586
1.4351
2.0132
0.72257
24.882
11.269
9.2231
3.9891
6.4399
6.3809
30.752
15.808
4.7302
6.0517
5.6348
2.0271
11.585
3.4904
0.71925
0.78502
0.72423
0.70288
0.74452
0.72423
1.4551
17.942
9.373
11.191
4.8852
4.9417
13.209
6.0517
27.032
7.6892
2.5756
1.2299
14.651
21.178
3.6634
4.2843
11.992
6.5899
9.1596
6.697
25.579
5.9687
7.2423
30.752
8.1448
19.947
29.845
4.1964
1.3896
1.3209
1.8745
6.3515
13.611
2.5461
1.1611
1.327
25.228
15.954
5.3074
5.0568
7.0938
25.579
1.1347
4.9531
2.2176
2.3382
4.3639
8.2391
0.79411
5.139
1.002
3.2054
6.9804
0.72423
0.79777
44.145
2.3167
0.92871
0.7411
9.8828
14.855
5.6089
5.1154
11.426
9.0966
28.111
21.423
1.3611
3.4031
5.955
19.403
24.597
4.3239
4.245
4.6225
0.63809
0.75488
4.4043
5.5065
11.373
25.875
11.426
2.3598
4.752
9.9513
0.69804
31.108
15.991
8.373
31.541
15.555
6.2644
5.9962
22.484
25.815
18.025
13.27
41.388
4.8627
13.455
18.488
27.157
8.1073
3.9163
15.808
31.396
4.8181
6.1642
6.6051
9.5253
11.295
21.08
14.384
6.5899
2.6235
37.573
10.207
25.403
30.052
8.8487
3.04
68.215
7.2257
15.555
24.882
3.8804
8.4699
0.69164
43.74
13.611
6.5596
4.245
5.2466
25.228
26.478
8.1073
1.6028
38.537
38.272
26.6
42.45
4.8627
6.4251
3.836
0.67745
3.25
23.871
30.122
6.5747
12.103
19.448
11.038
7.8321
5.6869
5.0685
5.5065
7.3262
5.406
2.0791
8.431
8.8283
5.2105
10.911
30.122
20.459
14.889
4.5277
18.488
27.471
4.785
3.6634
4.919
3.8804
0.68215
0.65899
0.72758
0.67124
0.66816
0.68846
0.83153
2.1972
2.3221
9.438
19.901
8.2771
10.136
7.8321
5.2345
8.1635
20.791
22.381
21.721
6.3662
2.4259
5.8868
3.411
1.023
2.8176
25.579
14.121
12.499
8.0701
25.228
7.9777
2.3436
2.9572
6.6509
3.318
24.654
24.654
6.4251
17.174
25.344
8.8283
8.5877
48.292
7.0126
5.4939
31.76
15.413
5.9962
38.096
61.077
13.028
4.2942
28.832
7.2257
3.7143
12.586
1.3832
37.66
15.236
13.118
14.121
43.639
4.774
2.8306
9.9284
0.69965
28.437
36.718
3.9617
9.6578
7.36
21.374
19.049
16.477
3.8184
5.6608
0.90548
10.962
7.6715
5.9004
20.648
4.1771
18.234
2.4315
25.994
10.277
11.321
4.8292
2.8502
12.731
6.5445
31.541
8.0701
1.6214
38.272
13.24
15.555
11.665
37.229
29.368
4.0821
4.5801
27.157
42.45
7.259
4.1103
12.442
26.908
6.3369
8.431
8.1635
1.6706
19.359
26.175
1.7413
8.8895
12.356
32.128
10.886
34.985
8.033
4.5277
12.731
2.9572
0.7045
32.876
4.796
32.5
9.7696
18.025
25.403
3.118
3.9526
6.1642
19.226
35.39
3.9344
24.939
1.2528
24.824
7.7069
1.3832
25.935
17.534
4.0168
6.1077
6.3956
4.8071
7.8321
9.2871
19.81
8.1635
26.539
2.0085
5.0568
34.188
28.832
7.5141
12.499
28.047
22.023
5.5703
8.1824
3.98
9.3299
0.66051
3.1687
14.924
28.371
18.276
13.864
20.696
29.436
8.7474
6.6662
5.6218
17.655
25.815
11.611
22.745
2.6478
31.906
4.9077
12.702
22.074
33.564
43.439
18.488
22.902
15.062
38.894
7.6362
4.7411
2.9504
4.0446
13.27
26.417
8.3345
2.1522
4.4656
0.75315
0.69965
0.70775
14.517
18.445
18.192
13.424
7.7603
9.373
14.417
25.461
33.487
2.7282
7.2758
37.143
30.682
31.396
11.166
28.047
29.436
10.16
25.403
16.176
6.8688
8.509
5.7396
20.132
1.8067
1.5808
17.095
5.9687
20.412
16.629
41.964
5.596
12.271
28.634
16.139
32.054
7.9411
22.797
28.111
6.1218
39.163
8.5286
7.4281
23.762
27.219
4.4862
2.2125
0.71925
0.74624
0.72091
28.568
28.176
16.629
5.3565
10.372
11.937
4.4451
8.5286
1.6978
