3.0894
2.7282
2.6723
7.5141
5.9004
8.3153
8.2581
26.235
2.8371
11.063
2.6295
1.7942
2.4996
17.737
11.347
15.627
2.6175
1.9493
2.66
7.7069
6.0101
7.6362
1.3548
2.5344
1.7494
2.8437
5.8194
4.752
1.9448
2.964
4.2255
11.452
7.7246
10.16
21.423
2.7853
3.176
2.6356
7.0612
2.8047
10.737
7.7782
11.937
10.762
7.5315
15.062
14.089
2.9301
2.4484
2.7282
5.7001
4.1964
7.9411
1.5097
1.7655
2.3653
8.4504
1.8025
5.532
9.7696
11.269
5.7661
9.9284
9.1176
10.663
9.0966
12.215
12.761
1.7655
1.4651
2.0696
2.87
1.7942
1.9993
1.9226
1.7174
3.2425
6.0797
8.3923
17.413
15.591
3.8096
17.017
18.831
1.7135
1.8067
2.7345
2.8568
2.5756
7.8683
11.089
9.034
9.3085
25.875
2.1423
8.6672
12.82
11.114
21.374
1.8025
1.8318
1.5663
1.5918
2.8176
11.166
14.753
12.849
27.094
4.6225
13.832
7.2925
4.4246
3.5553
9.86
7.3262
6.7434
23.167
1.7135
3.836
7.8141
16.9
7.1265
4.8739
6.9005
6.3515
5.4435
21.472
6.0239
15.027
13.486
9.373
16.102
32.5
9.4163
12.849
7.8683
7.2925
11.373
27.982
5.1272
13.992
31.252
12.075
29.572
4.6546
1.5131
1.836
2.6723
6.8058
5.806
26.417
7.3431
4.4862
9.9513
27.918
3.8448
5.0685
3.3257
4.0727
4.4553
9.6356
25.17
9.5253
16.553
18.573
2.5875
15.845
23.544
6.5899
2.9777
2.0318
18.15
22.85
9.5473
26.235
4.4862
5.0336
11.719
28.502
5.1985
20.935
27.853
9.6356
12.413
14.753
14.685
11.166
29.166
9.2231
9.3299
16.515
15.699
8.7474
7.2091
21.972
21.227
1.7737
1.9448
3.1037
5.8328
11.773
5.7927
13.179
11.719
9.6801
47.96
5.7927
16.176
8.6473
4.4759
7.9411
31.76
2.4315
7.3431
9.9284
18.403
5.022
18.745
24.092
13.928
3.9708
3.341
25.054
12.47
16.861
10.517
22.85
6.1784
14.318
27.725
11.665
20.085
23.274
2.8568
20.178
14.753
4.1103
12.557
18.616
16.783
2.454
4.752
14.252
20.412
9.0132
10.349
29.166
3.3564
5.7528
3.0894
15.772
15.699
12.79
9.6578
16.745
17.574
4.6439
25.112
23.762
9.9972
8.9718
12.215
5.1985
25.286
16.706
22.955
14.154
16.176
22.955
3.4664
7.045
8.1635
27.853
8.2771
26.054
6.0657
18.573
2.6054
3.1108
19.181
9.1808
6.9965
10.372
9.5253
32.575
4.8404
4.3439
17.696
13.96
10.16
9.86
38.096
1.5236
2.6235
4.9645
7.8683
14.484
15.954
9.6356
36.634
11.321
13.832
8.5483
16.822
34.985
5.5703
10.42
15.377
14.484
10.987
9.5034
38.096
3.4824
4.2352
0.68372
19.583
19.947
5.431
8.2771
24.148
6.0797
12.271
10.712
5.3688
7.4281
6.2644
6.8846
35.635
4.9304
3.9163
7.3431
23.114
11.114
11.478
33.719
5.1627
7.8683
21.872
13.362
8.7878
7.8321
7.8683
18.192
33.875
1.6783
1.3611
2.2381
1.4685
1.7901
3.1687
13.517
20.225
15.845
14.351
43.639
3.9254
5.6348
3.6381
12.998
22.745
23.762
9.4597
24.204
23.871
6.5747
14.285
16.439
12.528
27.853
3.8272
4.026
13.992
20.412
8.1448
5.9687
23.871
8.9306
17.655
20.984
11.505
25.344
22.85
10.688
20.085
0.69643
14.219
13.896
23.114
24.597
1.1746
2.1721
23.544
15.413
6.3224
31.541
1.6288
2.108
1.7293
6.8058
7.4968
1.3611
1.6401
10.688
18.918
2.2381
2.3167
3.6803
11.452
20.601
8.0887
6.4995
20.601
4.2646
5.806
3.9435
14.855
13.642
12.557
9.4163
20.132
16.978
32.5
10.937
11.399
6.8215
38.096
13.331
25.228
19.855
17.86
21.227
8.0701
6.2788
21.275
35.065
3.28
4.0446
3.9435
15.413
6.1784
15.555
8.4894
0.68688
13.673
18.192
16.515
3.4744
3.8894
23.436
15.591
18.918
8.2771
30.894
7.1265
25.756
16.139
7.0126
15.699
27.725
4.4451
1.0254
20.839
12.998
9.7248
22.955
21.522
21.522
5.8328
2.3328
16.176
3.9708
24.939
13.179
29.572
5.8868
3.198
6.3662
15.881
6.2933
8.3345
9.9513
12.702
32.425
3.1541
1.8025
4.2646
2.7157
1.4889
5.8328
1.3611
5.8597
13.642
20.365
20.039
11.063
4.4759
7.36
26.846
3.9526
3.9254
4.8627
22.484
15.991
6.3809
1.9947
24.882
24.767
22.797
18.659
9.4815
38.096
4.919
15.062
6.9164
8.2771
15.413
36.381
4.026
2.87
4.8964
3.8096
16.745
1.3673
23.982
11.505
9.9284
39.617
7.7782
23.274
14.219
37.143
3.7143
3.6048
15.627
11.964
7.6892
20.935
33.797
8.9718
17.056
9.0966
10.565
27.853
20.365
10.614
10.325
21.621
8.4504
10.02
29.233
3.1108
12.442
1.5307
10.468
15.236
11.665
15.413
7.6538
7.5837
10.23
27.918
7.8683
14.993
14.417
26.356
19.226
6.3956
5.532
23.436
14.417
9.6134
17.615
5.0336
6.5747
9.5913
12.131
19.403
29.032
3.4904
4.5486
18.234
8.431
3.9254
6.7434
25.935
5.6348
2.1178
27.471
11.373
1.9314
16.102
9.9972
4.4759
15.062
11.373
18.445
18.276
3.4744
12.557
20.648
13.992
23.544
24.54
8.7878
11.909
14.651
14.285
7.259
6.3515
5.9276
17.696
4.9531
7.0938
18.659
22.433
10.349
8.3923
4.0168
7.2423
25.112
5.1272
0.99056
0.91386
8.2771
1.2586
4.026
0.73262
0.68688
0.67279
0.68846
0.6853
0.67434
11.243
8.9511
6.7279
14.252
13.832
29.572
2.5461
1.445
4.3942
19.81
0.69643
6.8688
5.3565
5.6869
1.0517
0.98374
1.0836
1.1478
2.5461
0.69483
1.7135
2.8502
4.2061
0.71594
0.71101
0.69323
1.4318
0.94815
2.2797
1.5591
0.89925
1.3118
1.2131
1.5413
3.0966
12.79
4.4246
22.536
25.17
21.275
4.2061
3.7921
15.131
1.3149
15.772
8.126
20.412
18.445
12.968
0.67279
0.64696
5.2225
26.846
4.7193
20.318
17.696
11.638
10.663
17.942
25.344
5.406
9.1596
11.321
16.401
13.209
6.4103
17.293
27.598
3.4031
4.1198
15.201
6.8688
5.4561
19.314
19.673
25.344
2.4996
1.7293
2.8832
2.5875
2.1922
4.0353
13.737
16.326
18.488
6.4399
0.70775
18.659
34.904
2.5815
4.8404
11.166
3.047
0.68372
17.135
12.356
13.832
29.032
33.028
5.6348
15.555
9.5034
4.3539
18.108
39.708
3.0823
4.2352
7.1759
12.356
5.7661
6.9005
6.8688
7.045
12.586
17.095
23.274
9.8374
18.788
8.3153
7.0288
12.047
26.417
7.5141
4.796
6.0937
0.67745
18.831
12.019
10.16
31.906
4.2744
2.5935
5.3565
3.1833
4.3041
13.548
14.057
11.347
27.662
4.8852
9.5473
9.5253
2.5228
3.8983
15.062
7.4968
2.2955
13.548
14.889
0.69164
0.70126
0.64399
0.69483
0.69804
1.6028
13.179
6.7124
21.821
14.584
22.176
20.318
11.531
12.586
21.771
27.219
7.0775
16.515
12.019
16.706
24.259
5.7132
6.4995
18.234
6.3956
0.79777
12.82
11.665
23.871
12.528
6.1501
12.968
31.906
11.882
4.6546
18.745
9.2231
13.118
20.132
25.461
2.7789
3.5717
19.993
14.517
10.786
8.1448
31.469
3.4188
4.0168
12.557
5.8194
11.692
5.8194
10.444
15.735
29.099
2.6723
1.396
4.1771
3.3333
2.7157
4.8515
8.91
19.181
17.135
16.9
27.282
4.0727
12.271
7.8683
12.998
4.026
0.69164
8.1824
7.8141
19.947
28.306
3.2276
6.2356
13.737
10.301
17.615
22.484
3.2575
13.8
6.1501
1.3209
1.8616
5.2105
7.259
0.7411
0.69643
0.70612
0.65445
0.70612
0.67745
0.68372
0.67745
0.68058
0.6853
0.67279
0.66203
0.69965
0.67434
5.3319
14.821
20.984
13.27
11.719
13.118
38.272
4.1293
1.7174
2.5054
5.4435
6.7589
7.4624
0.71265
18.445
3.6048
3.04
4.0353
3.8715
3.6381
2.2176
4.374
2.6114
1.853
2.0271
3.5635
2.7598
14.855
11.373
10.638
8.568
1.2158
17.778
24.824
9.86
4.8627
7.3431
4.026
15.484
7.9594
6.0239
15.027
24.597
5.6739
20.318
12.413
10.254
0.6697
0.67124
32.276
6.5295
21.423
10.663
6.9965
3.8894
6.5145
6.4399
24.824
8.4116
1.7984
0.68846
4.752
1.6591
4.8852
6.9483
1.5166
11.295
16.629
5.7132
27.094
3.25
2.4767
3.3953
4.6225
2.6054
0.68058
0.71594
0.68372
0.69643
1.1909
0.65899
0.66816
0.65295
0.69164
0.65145
0.67745
0.68058
9.3085
0.66203
0.68846
0.66356
0.66051
0.68846
0.66662
0.71925
0.66816
4.3041
11.611
8.9511
28.371
14.924
13.8
22.381
17.778
3.3104
0.68215
0.66662
11.665
10.136
12.968
53.319
1.8108
3.4188
3.9617
21.08
7.7069
4.1198
15.881
33.41
10.02
8.2201
1.2849
0.99513
4.0821
1.3028
22.745
10.712
21.721
10.59
29.368
5.5447
3.033
6.0657
11.505
13.673
7.3431
7.8683
17.778
29.64
4.6013
3.9708
18.192
3.318
7.4624
14.484
2.7282
17.819
12.019
11.992
30.47
5.5575
2.0743
1.5062
2.4996
18.831
17.135
5.4185
15.735
12.557
24.315
4.8627
2.8306
6.4547
16.861
2.3544
18.192
18.025
8.2201
10.113
8.4894
18.745
28.899
5.3319
15.413
7.8864
3.9708
0.69965
0.6853
0.65899
0.7143
0.72257
0.67434
0.6697
0.67434
0.69965
0.66816
0.68058
0.69323
0.70288
7.4281
0.66662
0.69804
0.6697
0.69483
