3.2575
3.2575
13.928
8.509
30.541
2.4767
2.9777
5.8868
3.7921
3.7143
3.1614
2.1721
2.5756
16.102
18.659
27.918
1.8318
2.4597
3.6549
2.0506
10.517
15.448
35.717
3.0191
3.0682
7.6362
7.7246
24.484
17.86
7.5662
15.918
8.2391
33.875
2.2797
2.8111
3.3257
2.5054
13.118
12.186
23.982
29.983
3.98
3.2128
14.384
6.3956
2.552
10.638
1.7819
2.0225
6.4251
30.052
13.768
8.4699
8.0701
32.876
3.8184
16.861
26.6
11.373
8.9925
10.301
15.591
1.8918
2.9845
25.638
18.962
16.251
20.271
28.568
2.7535
4.9077
6.0378
25.403
11.746
7.8141
23.653
34.031
3.7573
13.393
19.583
11.295
6.9804
13.705
28.568
12.673
1.4285
4.0727
11.665
27.219
6.7434
19.093
7.394
7.5662
11.719
31.252
10.301
13.737
13.209
3.4425
5.1036
20.743
21.324
9.2444
7.5662
16.102
19.27
4.2158
9.8374
14.351
11.295
7.8864
6.8846
12.299
28.766
6.25
37.401
5.283
17.413
10.861
24.767
2.8766
31.687
1.1773
44.656
5.6869
10.614
36.972
26.054
18.53
7.7603
26.295
8.033
6.8058
7.5662
17.901
28.241
2.471
16.102
16.364
16.939
14.351
7.4968
10.02
33.028
2.4654
3.7834
19.314
21.821
17.494
9.9056
9.0757
10.638
27.282
13.331
18.15
12.557
7.0612
35.553
11.964
27.918
6.4845
7.2925
9.3514
8.373
10.663
35.065
3.1324
5.2587
13.209
4.374
2.7598
1.9538
4.1771
13.864
16.251
10.663
7.0288
8.5877
28.502
29.368
2.9032
2.3817
12.879
23.653
10.207
10.23
27.982
32.35
21.621
5.806
7.8864
27.345
19.673
20.085
27.345
7.7782
8.1635
12.615
17.413
37.143
4.6976
24.484
8.6274
6.0797
7.36
24.427
1.0043
0.77069
0.81448
0.76187
0.7377
17.574
29.572
3.2725
33.487
5.4686
7.5837
7.1101
27.598
44.862
31.98
6.9005
8.2581
10.468
19.719
22.85
18.53
10.42
27.282
14.551
9.0757
11.611
32.725
5.9824
13.362
3.1252
1.5097
2.9099
28.241
6.9965
8.8283
19.583
24.315
22.484
28.306
9.8147
4.2942
33.564
28.634
13.149
23.328
15.236
9.0757
7.5488
8.5877
4.8181
8.4504
27.918
9.2871
14.719
24.484
13.455
8.2201
15.484
35.227
5.139
21.771
22.484
8.8487
7.0938
6.6662
4.2646
4.1293
19.359
32.65
3.98
16.326
24.259
8.3537
7.9961
13.896
23.982
33.797
5.5575
15.699
45.696
8.8487
7.1101
9.2657
4.054
5.8194
15.448
8.6473
33.875
30.682
16.591
7.5315
1.8918
3.4904
1.5062
33.41
20.791
7.9961
10.372
16.176
39.983
1.8067
2.5756
6.3224
4.4759
14.551
23.871
7.259
10.492
14.121
7.7961
28.047
6.8688
4.4553
19.855
15.166
8.0887
25.286
19.901
5.7793
6.0937
30.33
11.638
7.3431
8.3153
5.022
5.1272
38.36
13.179
0.7394
1.853
25.344
7.1265
34.744
9.2444
10.987
39.344
13.642
3.0894
26.235
12.019
6.4995
8.431
18.15
33.028
7.3431
39.891
11.665
5.0919
30.682
6.9164
6.3078
35.065
12.557
6.0937
4.2352
6.3956
33.953
14.252
4.3041
5.0336
14.993
4.0915
29.914
5.914
9.3514
5.7927
9.0132
32.8
5.431
4.919
27.982
8.7878
3.5553
5.7793
3.0191
4.7302
5.532
4.3639
9.0966
34.904
4.1484
35.471
24.939
6.1501
5.4812
8.7273
23.598
18.788
1.5131
1.6065
1.4187
2.3328
1.8573
1.5808
1.4351
11.746
24.484
27.535
8.6473
6.5899
7.6538
11.8
28.7
4.374
3.8537
3.9254
6.0239
5.1154
17.534
16.028
22.536
16.401
13.673
9.2444
25.935
7.7425
3.7921
27.598
21.324
8.2581
8.7878
25.579
2.349
3.4904
1.279
1.3455
2.1522
2.454
0.8431
0.7143
0.77782
2.1522
0.86075
1.6822
22.433
8.4699
28.7
20.791
7.7246
8.9718
7.5662
14.351
23.49
3.118
21.423
13.118
7.7603
10.183
32.65
37.487
4.4862
13.896
27.282
7.1594
7.0938
27.157
21.922
3.9435
14.753
29.166
12.673
6.9005
12.243
36.887
2.2433
4.8404
15.991
23.817
12.968
8.9511
14.057
37.315
4.1103
2.9233
1.5413
3.7921
4.6332
27.982
27.471
12.356
7.3262
11.746
9.9742
17.293
28.047
10.254
3.8804
10.937
18.192
12.328
11.038
4.5801
10.836
6.5899
13.579
1.2731
12.938
5.0452
14.154
3.7315
9.0966
30.052
3.0894
22.588
26.417
9.6356
12.215
21.671
23.167
44.043
30.4
5.1508
5.022
9.6356
23.817
15.027
1.7293
3.411
6.3515
5.0919
5.6869
4.9077
2.1771
3.1614
1.1827
10.325
3.836
2.0225
0.82391
0.74624
0.69965
0.7143
0.69643
1.4285
2.454
1.4252
22.484
8.0515
33.41
11.773
6.1501
20.412
30.191
2.2745
2.6295
2.264
1.3424
1.4121
4.676
12.442
25.112
11.585
7.5488
39.891
5.9413
4.3041
6.1927
4.5381
15.131
34.267
7.36
7.3262
4.9304
9.5253
30.894
19.314
2.8047
2.4767
3.9526
5.9276
16.668
20.743
11.038
6.7279
29.436
22.484
2.1721
11.243
14.958
23.008
6.1927
7.7961
7.5488
21.08
22.074
3.5308
2.1374
11.665
2.6846
4.1868
3.1324
10.09
13.896
16.553
17.778
32.876
5.7927
12.356
12.849
12.82
13.768
11.012
20.553
29.777
4.2646
2.6417
5.6089
2.2176
4.4965
0.70612
0.69965
11.558
0.74796
0.66816
0.67279
0.68058
0.68215
0.6853
0.72423
25.579
19.538
2.4882
10.372
11.452
26.6
15.699
6.6051
12.299
16.401
15.236
15.954
21.671
7.9411
9.9742
7.1759
6.2644
6.8372
5.1627
6.7901
5.7793
14.787
24.654
5.5192
3.0191
8.9718
7.2257
7.2257
0.77425
1.0861
1.324
6.6051
2.7094
1.9673
2.3926
7.7782
5.8597
5.9004
0.66509
0.66356
0.69804
0.67901
0.69483
1.6629
5.0685
2.3221
3.6048
4.5801
4.6225
16.939
22.588
8.0887
3.2575
3.8448
14.618
19.993
37.058
3.4425
4.5069
8.5877
9.0757
15.236
19.359
6.0937
4.676
5.406
15.448
2.3274
1.7819
4.4862
23.653
7.0775
25.461
3.4346
3.3797
5.9824
12.731
22.85
22.329
5.7396
5.6608
9.8147
28.832
11.478
6.5445
17.534
27.219
11.827
5.3936
10.492
9.86
18.745
12.731
4.5486
12.299
18.025
16.251
6.6203
7.6362
28.634
27.853
2.5935
1.2879
1.2879
1.2879
1.2879
1.2879
4.1293
3.6048
15.663
17.819
26.235
5.283
2.9301
5.4435
27.032
17.017
10.911
3.58
16.139
29.233
25.054
2.0791
1.4889
8.7474
3.0682
2.0984
0.66203
0.65899
0.67745
0.72257
0.67124
0.67901
0.65596
0.68215
0.64995
0.7045
0.65899
0.69804
0.68058
0.70288
3.1037
1.8573
10.16
13.088
13.088
13.088
13.088
13.088
13.088
13.088
13.088
13.088
13.088
13.088
13.088
13.088
13.088
13.088
13.088
13.088
13.088
13.088
13.088
13.088
13.088
13.088
13.088
13.088
13.088
13.088
13.088
13.088
13.088
13.088
13.088
13.088
13.088
13.088
13.088
13.088
13.088
13.088
13.088
13.088
13.088
13.088
13.088
13.088
13.088
13.088
13.088
13.088
13.088
13.088
13.088
13.088
13.088
13.088
13.088
13.088
13.088
13.088
13.088
13.088
13.088
13.088
13.088
13.088
13.088
13.088
13.088
13.088
5.4686
0.69005
0.86872
0.72257
1.6065
2.3926
0.96134
0.65445
0.68215
0.66051
0.67124
0.66203
0.65596
0.66816
0.6853
0.67279
0.65747
0.67434
0.66051
0.68372
1.7901
1.6745
1.7333
0.8033
1.1321
1.9493
1.5555
1.1295
1.4517
1.3673
1.0836
1.0861
1.0207
13.179
0.82012
0.69005
0.6853
0.67901
0.66356
0.67434
0.68688
0.6697
0.65747
0.6697
0.67901
0.69323
0.68372
0.65899
0.69005
0.68058
0.68688
0.69804
0.66356
0.72423
0.71265
0.6697
0.66509
0.66816
0.65596
0.71101
0.71265
0.69323
0.67745
0.71759
0.69323
5.8733
4.0727
3.7834
8.4116
24.767
25.344
15.663
32.425
2.2227
2.1922
1.5097
1.6288
1.0786
1.0638
1.2328
1.7819
1.8745
1.5845
2.2745
1.5166
1.6102
2.8111
4.2255
6.6356
6.2788
6.0101
4.2061
5.3319
11.063
18.36
18.15
8.3345
12.271
21.324
3.1614
1.8962
3.2725
2.3653
2.5697
1.9403
2.6054
1.8573
1.6028
2.2176
2.6846
2.3707
3.5635
3.4267
2.9032
1.4787
2.6175
1.4417
2.0984
2.4148
2.7282
2.7662
2.7662
2.7662
2.7662
2.7662
2.7662
2.7662
2.7662
1.8918
2.1621
0.93946
0.93085
0.91808
4.6013
8.8691
5.2587
2.3221
2.3221
2.3221
2.3221
2.3221
2.3221
2.3221
2.3221
2.3221
2.3221
2.3221
2.3221
2.3221
4.2158
3.9254
0.65596
1.7696
1.023
3.411
3.8983
10.861
15.663
21.129
30.47
24.54
1.9137
2.1872
2.1872
2.1872
2.1872
2.1872
2.1872
1.4318
7.3431
6.4399
10.396
1.9855
4.1198
11.992
3.8272
3.1324
11.505
0.68688
6.4103
7.045
3.0823
4.3942
12.186
13.149
12.998
6.8058
7.7246
28.832
35.146
20.743
2.8306
1.8831
4.0353
4.0915
3.1687
3.5227
3.5227
3.5227
3.5227
3.5227
3.5227
3.5227
3.5227
2.5054
5.806
5.1985
0.72257
0.68058
0.66356
0.67279
0.66203
0.67901
0.70288
0.69483
0.65445
1.6214
0.85286
0.8126
0.88895
0.88691
1.4651
1.445
2.5403
0.78502
0.67745
0.72925
0.67901
0.67124
0.68688
0.67745
0.68846
9.1176
5.5065
18.025
1.5845
1.5271
0.72257
17.86
