9.7472
6.9164
3.0752
7.394
12.243
2.2176
2.7157
6.9483
13.24
9.4597
6.6509
10.444
10.16
3.033
1.5555
0.65596
0.67124
0.65145
0.65747
0.65445
0.66509
3.2054
6.6051
13.118
40.54
3.4744
10.113
12.047
4.3041
2.1872
10.254
20.225
7.1925
13.209
11.191
26.846
2.7157
19.093
11.373
24.204
22.176
17.174
14.154
13.179
10.183
37.229
26.539
12.075
9.373
39.163
27.471
12.998
7.0126
25.994
19.403
21.522
5.7927
74.281
7.8683
23.436
13.088
9.0966
9.5473
29.099
16.028
20.412
4.9989
33.564
15.845
24.71
9.6356
20.791
32.054
21.227
14.855
4.8627
25.875
15.591
30.752
11.746
8.2581
20.791
21.872
18.067
11.426
13.8
37.747
26.114
2.2381
19.993
34.031
7.394
62.933
6.4845
21.032
13.864
11.321
27.662
18.788
32.8
8.9925
37.747
11.882
24.371
10.638
22.64
27.471
29.504
19.493
3.4346
43.539
4.3339
12.413
20.085
13.331
7.2257
48.964
15.236
23.061
9.6578
20.412
30.191
20.085
43.239
5.8868
42.255
5.806
27.219
12.673
36.131
34.904
16.102
35.065
7.4452
11.854
21.821
8.3153
30.261
8.4116
17.174
21.227
8.9925
29.368
21.671
24.427
11.399
16.065
9.5253
32.202
29.166
21.178
23.762
33.875
4.7193
20.039
23.221
8.4894
11.166
31.98
24.484
23.598
21.275
9.1596
31.252
12.879
21.227
1.1638
29.368
14.024
9.7472
40.26
26.723
14.024
14.855
36.048
24.54
27.471
14.651
5.6869
9.9972
31.614
29.301
18.15
3.58
5.5703
19.27
30.966
26.175
23.114
8.2771
4.8627
7.0938
24.315
15.166
23.707
8.1635
8.7474
20.984
20.887
4.8515
16.745
0.8568
1.0517
23.982
20.743
22.955
11.505
4.1675
3.6803
20.601
27.598
27.157
14.584
3.5965
8.5286
5.7528
14.551
33.333
6.9483
58.733
5.7132
25.875
34.985
30.47
20.271
6.3515
20.743
11.295
29.504
5.6089
3.539
3.2276
5.0105
22.745
11.347
7.9961
8.7878
15.591
38.894
5.7132
26.97
16.9
22.125
3.5471
4.1484
26.723
3.1833
10.861
29.099
35.882
4.5069
5.7793
11.399
41.771
20.271
3.58
19.093
32.8
25.815
12.82
10.183
31.76
4.7193
30.823
5.9276
34.031
3.5965
12.849
23.982
29.301
9.6578
32.5
24.427
18.192
7.6538
25.638
22.536
17.373
27.982
30.611
25.52
20.225
6.7434
34.904
5.9413
6.5445
2.5579
36.718
10.786
21.571
31.687
10.962
25.697
22.176
5.4561
17.615
34.425
26.235
19.27
7.377
19.81
19.719
6.4696
8.8691
11.692
5.6739
24.54
3.8008
8.1073
22.85
9.7024
3.235
6.0378
29.368
16.439
25.461
16.9
32.876
6.9005
7.0775
38.894
5.9276
11.909
14.121
32.276
14.384
23.982
6.1642
35.965
12.215
5.5192
23.544
21.972
11.665
37.229
1.4551
3.318
4.1103
24.259
14.154
5.0568
36.972
12.499
27.282
4.9875
18.831
30.33
24.371
14.187
14.924
38.448
5.1627
11.746
23.762
25.461
37.747
27.219
15.772
14.993
25.875
2.4939
1.6176
3.4505
3.3719
14.45
23.871
15.307
15.131
15.954
36.131
1.6553
1.4318
9.9513
25.17
1.7574
2.9436
6.8846
1.4551
9.9056
8.8487
8.126
30.4
28.241
6.3515
70.45
7.9961
6.1642
42.744
5.8463
29.166
12.158
24.037
18.488
29.032
15.627
1.1909
8.0701
8.4116
32.202
24.092
19.093
33.719
15.772
30.823
9.0132
35.065
8.431
27.471
4.4759
6.0239
14.551
5.0685
9.9056
5.7528
25.228
6.4399
31.76
38.983
9.7024
26.6
3.2128
3.235
0.95913
0.75837
0.78864
0.77425
1.9005
25.054
11.909
20.984
17.534
5.5703
34.11
11.611
21.821
11.347
6.5899
27.032
31.469
5.7396
17.984
26.723
4.4656
11.638
32.65
1.6668
1.4821
3.8184
20.132
5.8868
56.478
12.385
30.4
6.2788
18.276
15.236
8.4894
8.2771
10.737
17.778
43.041
4.7085
9.0132
27.918
20.887
6.6816
30.894
31.324
18.659
15.027
24.484
14.889
27.535
12.215
62.356
8.509
11.269
16.288
20.318
36.048
5.8733
7.0938
29.166
29.708
9.6578
21.522
37.315
12.442
27.598
6.697
10.396
6.2644
16.9
8.8691
15.735
7.9228
7.0612
25.112
16.401
22.902
25.403
5.7661
9.86
14.855
24.597
31.037
26.478
16.515
8.3153
8.6075
12.909
6.9164
25.403
9.1176
10.301
5.5065
23.49
14.351
9.9056
15.735
22.797
26.908
18.616
20.553
6.7434
5.532
11.478
30.261
24.54
25.228
23.598
7.6538
25.52
8.1824
30.33
6.1359
5.3074
21.972
23.982
29.032
20.412
20.839
4.919
4.6119
13.118
3.8983
11.611
5.5575
3.9891
1.2879
14.45
11.531
21.721
25.579
12.586
4.026
6.9164
17.494
30.541
23.167
11.321
12.615
3.7315
28.047
9.2871
32.202
11.964
28.965
14.719
32.425
1.7778
2.5054
1.1638
1.1063
1.0136
2.0887
1.8745
1.6783
19.719
19.226
3.766
9.5473
61.218
25.403
22.023
19.448
12.879
26.054
8.4699
37.315
21.571
0.88487
23.061
22.227
37.834
27.345
1.5377
13.832
21.771
28.568
36.634
25.638
16.783
7.36
35.146
11.166
32.876
33.719
41.198
5.4812
23.008
8.8283
35.471
30.261
50.802
71.594
20.132
11.882
29.099
11.692
13.928
30.966
14.45
30.122
4.2255
18.745
31.037
26.846
4.3439
21.771
19.538
4.0075
2.6723
6.7589
9.9056
0.83537
0.74624
17.174
29.233
3.318
5.9962
9.9972
28.568
4.4246
6.853
4.6439
6.6203
2.0935
26.846
2.7471
28.766
35.308
12.215
24.204
32.5
3.8804
2.9572
27.662
18.573
2.697
13.088
25.638
24.484
24.597
28.176
3.7315
4.0168
11.882
24.037
11.478
24.54
5.0802
31.76
28.766
34.031
4.0168
18.067
39.617
15.307
68.688
34.824
17.373
33.719
9.8374
21.324
22.85
27.982
31.614
28.437
21.972
32.65
28.899
24.939
18.702
5.1154
4.1103
4.3539
5.2105
7.5662
28.965
35.308
29.032
27.282
9.5473
22.745
29.504
5.5447
1.2158
14.154
26.417
8.3153
6.5295
67.434
5.9824
55.32
32.35
5.2225
2.3982
4.4246
10.541
23.061
18.745
34.904
2.454
20.696
20.887
4.2255
34.904
32.65
3.3719
6.9323
31.687
4.8071
26.478
36.465
28.7
21.275
38.096
20.839
3.8448
28.371
17.293
3.3333
17.214
36.465
33.642
4.8181
17.413
53.319
4.8739
16.783
26.661
4.9304
4.5486
32.8
2.0318
28.899
22.797
18.918
0.81448
21.129
6.3956
18.831
22.64
5.6608
29.572
16.288
9.1808
1.2075
1.4187
1.4855
1.6822
1.1611
0.71594
0.78683
0.93514
1.4855
1.4889
0.69804
0.64547
0.66816
16.978
27.219
0.65899
8.033
10.043
8.2771
13.96
32.202
17.984
11.243
26.539
1.2968
14.821
17.135
10.23
7.9411
37.921
11.063
21.324
13.331
25.52
29.032
19.137
33.875
28.568
40.26
28.306
23.926
17.942
37.921
7.259
62.788
78.864
9.0548
28.7
20.648
6.0937
28.047
4.9077
31.541
22.278
28.965
14.719
24.315
7.0938
4.1771
35.553
31.324
26.6
5.1036
9.4597
25.638
11.114
28.634
29.032
34.664
3.5471
20.039
18.234
4.9417
37.315
23.008
30.894
24.204
6.7589
29.301
26.417
29.708
18.918
38.36
2.0601
2.2797
0.88283
1.2849
0.93514
2.285
1.9993
4.1484
21.324
22.692
15.027
29.777
3.1833
4.4759
25.697
15.663
34.188
15.484
23.008
4.785
22.125
42.646
12.849
24.996
25.756
7.9228
71.925
16.939
42.646
2.9777
21.129
47.63
2.7535
10.372
16.515
6.4547
30.752
5.4435
6.4251
14.821
12.271
2.5461
0.96801
3.5471
0.68215
0.73431
23.982
18.234
43.942
8.4894
25.579
11.373
8.6473
37.573
4.4246
30.894
20.743
38.448
3.8715
17.095
22.484
37.66
4.3942
32.8
30.682
38.184
14.351
25.344
2.5461
19.448
39.526
20.412
16.591
40.353
4.6225
24.315
25.054
42.548
2.7789
1.4089
4.8404
24.092
14.219
7.3431
11.14
30.611
7.8321
21.872
26.784
38.626
55.703
21.178
30.966
20.984
38.272
5.3196
30.611
22.176
10.737
25.638
10.614
18.875
22.692
39.344
25.579
26.235
27.662
3.6634
5.1985
32.5
10.468
1.2131
30.33
12.644
0.69483
1.6251
31.833
23.871
32.5
23.061
21.922
50.452
54.561
9.6356
29.504
6.6356
5.5065
1.3179
3.7143
26.723
6.7745
10.911
30.33
8.6872
17.942
28.899
3.5965
1.2158
15.307
1.6515
26.6
19.448
37.315
20.601
9.3514
29.301
3.9435
13.992
2.285
23.436
31.396
32.276
9.2871
15.627
23.982
44.553
22.433
25.054
10.113
17.453
23.382
12.413
5.1985
29.504
7.3093
9.7922
22.433
22.902
27.094
21.522
4.3639
2.7535
17.655
11.909
27.725
3.7573
5.5703
24.939
11.638
12.215
24.882
2.8766
17.135
24.882
9.0966
5.6348
12.075
10.136
18.318
36.381
22.955
2.0132
5.7396
4.026
22.692
15.52
7.2257
20.039
29.436
2.1571
17.942
1.927
18.831
9.3299
5.6089
35.965
3.2425
1.4685
1.2385
1.1665
15.307
18.962
17.494
3.8448
31.18
25.756
19.181
5.6869
11.964
5.7396
66.97
46.868
5.9004
38.448
4.6225
6.5899
11.692
0.99513
