0.68688
0.70612
0.70612
0.71594
0.69483
53.812
3.0752
8.3345
1.5954
1.9005
1.282
3.9617
2.87
2.3008
7.1594
12.299
25.52
26.661
9.4163
3.9344
3.5308
3.9891
2.5994
2.1872
3.6718
9.2444
1.4787
12.761
18.403
23.167
2.6846
2.2023
1.9764
1.9049
4.4348
4.9531
1.7413
3.0823
1.8875
3.0823
2.0365
2.7408
2.2433
3.6381
3.1833
2.3598
12.385
12.356
23.762
7.6362
3.7229
2.108
1.9093
3.4267
4.5907
12.499
12.82
3.4188
2.7094
3.25
2.6661
3.4188
2.4597
1.8831
2.108
5.4561
11.773
8.0701
4.2061
14.417
23.762
3.0122
3.0823
3.4267
2.7094
2.7094
3.0052
6.3956
5.431
10.762
0.93085
1.1827
2.9914
2.1275
3.5965
2.264
17.737
17.095
14.618
28.965
29.777
2.9708
3.5471
3.0191
2.4148
2.1972
2.0459
10.911
14.517
10.113
29.504
2.1771
2.3598
2.4939
3.8537
2.5815
2.87
2.0791
3.9617
2.5286
3.4031
2.3598
3.3564
4.1675
7.0288
3.3642
1.9901
3.4505
1.9855
3.2202
2.9099
2.9032
2.0132
2.4484
2.6356
2.697
3.047
4.0727
6.0517
21.324
10.02
29.233
1.3642
2.1721
2.3707
1.4787
2.3653
2.4037
3.1252
3.2876
2.697
14.219
7.7603
2.3221
1.7413
3.411
3.5227
2.285
2.0271
4.6976
4.6225
3.0611
3.3642
2.4315
2.5638
3.0611
11.665
9.3085
4.6653
7.2091
20.271
18.831
3.198
2.1275
3.8626
3.1396
5.3319
18.918
6.9164
13.179
2.5875
2.3653
10.541
8.2581
17.655
15.735
30.682
2.7725
3.8184
2.3817
16.978
1.5991
1.4753
15.027
14.821
16.9
9.7922
3.0823
2.2745
2.5697
2.4259
2.1472
2.0271
2.7918
7.5488
20.412
12.356
21.227
5.6478
2.6114
2.5286
2.8634
6.1501
3.7747
5.0919
8.2391
17.901
4.2061
1.2644
12.499
12.215
26.846
2.2902
2.552
6.8215
14.651
2.7471
14.551
26.6
11.585
2.2176
2.8502
2.3982
3.1324
2.2023
7.7603
11.347
22.125
6.6816
2.8241
2.1472
3.4188
2.9233
2.9845
1.445
2.5697
2.1374
1.9764
1.4719
5.0919
3.5146
16.783
9.6356
12.131
19.764
34.744
3.1833
1.5342
2.349
2.1374
2.4315
3.0894
2.7853
4.1388
2.5935
1.6364
2.4204
10.663
12.879
9.7248
8.431
22.278
4.1484
2.2745
3.0191
2.3871
8.5286
21.522
16.251
16.326
32.35
2.5756
1.7333
8.3345
16.861
18.831
18.659
5.9004
2.6723
2.4371
2.0132
2.0039
2.7157
1.9673
2.9166
2.1972
1.7254
1.1611
4.4043
9.2231
1.8875
1.0614
1.1217
0.99284
1.0786
2.4882
1.3673
1.282
1.016
3.0541
1.3768
1.324
2.9777
2.3328
6.3078
0.80701
0.986
1.324
7.143
10.301
1.7534
1.4351
4.3841
17.86
15.845
14.753
28.371
11.964
2.6054
2.5054
3.2276
5.6869
29.301
7.411
29.233
2.8437
2.9777
27.345
17.214
21.423
15.271
2.0743
2.9233
3.341
2.7408
1.4089
4.2646
3.9526
11.14
20.271
14.753
9.0132
26.539
4.976
3.5065
2.1423
2.2125
4.1579
12.731
10.861
10.911
17.737
16.139
10.325
2.7853
6.8215
13.088
16.176
12.356
19.719
23.274
3.198
23.167
15.307
24.71
9.2231
1.2413
18.025
32.725
16.102
19.27
32.054
3.4904
2.6539
2.0984
9.2019
14.252
20.271
17.453
29.914
4.1675
2.8047
27.032
19.628
16.668
27.032
3.265
30.894
19.359
19.993
30.191
2.3982
3.3028
11.063
21.972
10.067
34.267
16.028
1.9493
1.9005
1.6364
1.0911
1.3611
2.3762
5.5065
3.0191
1.0861
3.4904
20.648
5.5065
11.692
4.7302
11.611
9.9742
19.049
3.3104
15.131
20.178
4.8964
18.318
21.571
2.4204
2.1721
8.2771
0.76362
13.301
20.839
10.811
16.139
25.286
6.8846
7.143
20.553
6.0101
7.2091
20.412
3.0052
1.5735
2.4939
2.6235
1.9493
2.0132
1.4252
3.1108
1.3058
1.5663
5.5575
1.2586
0.96134
1.6251
17.494
14.889
0.70612
0.71759
0.71759
0.67745
0.74624
0.79046
12.47
17.095
22.074
2.4939
2.2125
18.702
17.453
24.824
25.228
2.264
2.1374
1.6214
3.0122
2.9983
2.4315
1.4651
5.6608
0.9034
5.3074
23.274
2.5935
0.69965
0.67589
0.736
16.251
14.787
21.771
1.7696
2.1821
1.4685
4.1868
12.849
3.1108
10.861
22.484
17.942
1.0517
2.8306
22.64
3.1687
2.2381
8.0887
18.234
0.70775
16.439
16.978
24.824
2.9983
1.8573
1.5918
5.955
1.5448
22.125
15.591
4.8964
22.125
18.53
2.9166
1.7413
1.7293
1.5062
2.1872
2.3274
4.0168
7.2925
16.139
0.71265
15.555
14.993
29.436
2.552
2.6784
2.3871
3.2575
2.5756
2.108
1.8616
2.2381
2.1129
2.8371
1.5991
1.7778
3.0541
4.6546
3.1037
4.7302
16.364
11.426
12.702
13.455
26.97
2.7408
2.8241
2.6478
8.5483
12.186
13.301
17.174
2.2176
2.0601
2.5935
1.5166
3.0611
1.8276
2.264
2.5403
3.176
3.8715
12.158
5.532
18.831
15.027
33.257
2.3598
1.6629
10.614
11.531
3.118
2.7535
1.6251
14.154
16.9
17.737
16.176
26.295
3.04
2.0271
2.2278
3.0894
6.6203
21.032
17.696
7.36
21.872
15.027
2.0648
2.285
6.4103
16.477
13.768
1.2328
0.86672
0.99056
9.6356
18.745
24.767
2.1129
2.5403
2.7535
16.214
14.417
10.23
14.787
15.881
21.621
2.6784
2.6478
13.8
16.176
0.67434
15.342
11.665
4.1771
1.9359
10.02
24.939
3.9708
10.762
8.9925
10.277
18.918
9.7024
24.882
7.9961
1.8234
7.8141
21.129
11.964
5.8733
20.648
26.539
7.5141
23.49
21.08
16.668
17.942
2.3707
2.0791
2.2955
11.827
25.994
11.719
19.719
8.126
2.4315
2.2536
2.0271
9.0132
1.4121
2.0271
1.3486
2.0459
19.493
16.288
3.6887
12.702
18.067
7.2925
2.2329
2.5756
1.1882
2.3707
2.4484
4.6439
4.5173
6.0657
10.42
10.09
0.67124
0.7045
0.69483
0.69164
0.75141
0.7377
0.72758
0.69164
0.72925
0.7377
12.879
7.9777
12.998
25.756
4.3239
2.1621
8.7878
2.4371
5.1746
18.745
0.74281
0.7259
7.9411
11.505
7.0938
13.058
24.484
2.5403
2.6723
3.5717
1.9448
2.2125
5.5447
0.94163
0.90548
0.93946
2.7282
23.871
1.0911
1.927
0.68688
0.69643
0.7045
0.68846
0.71265
0.69804
0.72257
0.68688
0.70288
0.70288
20.459
16.591
25.815
2.4259
1.6591
1.9137
16.783
0.986
1.8831
0.79594
0.9438
0.86872
4.8852
5.6218
1.2271
2.5579
1.1426
1.0349
0.99513
0.9373
1.2215
1.0762
1.9947
2.8502
0.80145
0.69965
0.74281
0.75837
0.71759
0.78683
6.4845
8.7878
6.5445
26.054
13.96
25.403
7.8683
2.264
2.1032
2.3436
2.1972
4.785
9.5034
1.4252
18.831
11.347
6.5747
20.178
17.655
2.1129
2.9368
4.5486
20.178
1.4318
1.4121
0.73262
0.69804
0.67589
0.66356
0.68215
0.74452
0.69483
0.69804
0.70775
0.68846
0.69164
0.70126
0.69804
0.70612
0.72925
0.68058
0.67279
0.70288
0.70288
0.76538
0.80887
0.7411
0.70775
0.69164
0.68846
0.70612
0.67901
0.67901
0.67434
0.67589
0.68846
0.7143
0.69643
6.1218
4.8964
0.69164
1.0762
10.42
15.062
28.111
1.853
8.6672
18.192
13.362
25.228
3.1614
2.0459
5.0336
9.1808
0.71759
20.132
4.374
21.571
21.872
1.5845
1.4121
16.439
22.692
9.9284
10.541
26.054
1.9764
2.5054
1.9673
1.5699
4.245
6.6356
18.318
12.557
5.5575
9.5034
22.381
20.743
3.411
3.8272
13.642
12.215
3.766
9.373
6.8372
30.4
10.59
1.9538
2.6661
8.1635
16.515
21.472
10.207
0.78864
0.68215
0.7045
13.673
17.214
5.5703
2.0791
2.349
3.7315
1.4089
4.0821
6.5899
5.7396
20.696
11.114
18.234
20.984
3.4744
2.1324
2.5579
2.1922
2.8437
4.2255
1.2103
0.82201
1.0136
6.7434
20.984
11.063
9.4597
0.68688
0.70938
2.0601
24.371
4.9531
1.6591
1.5991
3.1324
14.154
13.301
13.209
16.028
3.5635
18.962
16.553
5.9687
1.8962
1.7615
1.4384
1.9493
2.9233
8.7878
18.403
12.615
0.70775
0.69164
0.68058
0.71265
0.69005
0.72758
0.69965
0.69323
7.9777
9.6578
21.522
17.615
2.2692
6.5596
4.5591
0.75837
0.78141
0.76011
0.71101
0.71925
3.3333
21.821
16.822
6.8846
30.191
1.69
1.7214
1.9493
8.2771
7.7603
0.69965
0.77961
0.70612
7.259
17.135
8.4699
17.214
24.259
2.0412
1.6515
2.4484
3.8096
8.033
0.75141
0.69643
0.72257
0.79046
0.71265
0.74796
0.75662
0.75662
0.90132
8.0515
9.6801
5.9276
0.85483
0.77782
0.83153
0.75837
1.9901
6.3515
14.993
26.295
4.0821
1.8918
4.4043
9.5693
0.77425
15.699
18.318
13.362
20.318
3.7487
1.1827
0.9373
0.84699
1.0277
1.1882
1.2586
1.3424
1.2356
1.6364
1.1909
1.7819
2.1621
3.8008
2.1522
2.7471
19.855
12.557
13.424
25.638
2.0318
1.5377
2.6661
18.403
11.692
0.72091
10.663
16.822
7.6362
3.411
23.008
6.0937
2.0412
1.7254
5.3812
1.7655
7.0612
2.8766
1.2879
1.059
1.0067
2.9914
1.3642
10.688
7.0126
0.7394
0.68215
0.70288
0.76011
2.8111
4.1964
0.70775
0.69323
0.73262
0.71594
0.71925
0.67589
0.69483
0.71101
0.69005
0.70775
0.68372
0.68215
0.67745
0.7259
0.71594
0.71101
0.7259
3.8804
9.034
21.324
20.412
24.037
2.4882
2.108
2.6478
2.0225
2.8832
5.3074
21.821
16.553
25.815
35.471
1.4889
