2.6122
0.74989
1.6444
2.6242
5.728
2.673
2.9785
4.3053
4.6559
1.8155
3.6475
4.1591
1.2764
3.4834
1.3964
2.2751
2.9992
1.2853
2.3281
13.366
1.3868
0.81283
0.82604
1.2503
1.4655
1.1117
1.0495
0.81846
2.5823
1.2853
13.836
1.4555
1.6032
0.87297
0.85901
1
0.9247
0.76033
0.97051
0.78343
1.052
1.3183
1.9999
1.135
1.1749
1.4791
1.122
0.78705
1.5885
0.91833
0.84528
0.98855
1.0715
0.87297
0.8147
1.0139
2.9648
1.7219
4.4771
1.4191
0.86696
0.9977
1.0864
1.5849
1.1117
0.87498
0.76384
0.75336
1.0889
1.9679
1.1429
5.3211
2.3933
5.3703
1.4928
1.0139
3.8282
1.8239
1.7701
1.8281
1.5776
1.4825
1.652
1.8923
1.1015
0.91833
1.4028
2.5235
1.4859
2.5645
1.2794
1.0093
1.0162
1.7498
2.9992
3.5156
4.3152
11.561
1.0715
0.88308
1.094
1.6558
3.8282
3.8637
3.4277
8.0353
1.6255
1.0093
1.977
4.0272
1.8707
1.0069
0.72277
0.71121
2.1478
1.3183
1.1324
2.3067
1.556
2.4378
2.6122
2.2182
0.96383
3.5645
2.851
3.3963
3.3189
2.7416
1.0617
1.6749
1.7989
1.3583
0.97724
1.4555
2.2646
5.9704
3.2659
4.8195
2.8184
1.8621
1.7219
1.2677
1.0593
2.5061
1.1967
2.0941
4.2364
4.1879
1.2882
1.0351
1.2388
3.0339
2.0417
5.4702
5.236
3.5563
1.4521
0.84918
1.3032
4.3752
2.0893
3.0761
5.5463
1.9275
0.86696
2.1677
1.9055
1.2274
5.3827
4.3053
2.4099
12.078
1.0617
0.77446
1.4289
1.1967
0.92897
0.77804
1.9187
1.8365
0.71945
1.8836
1.6749
1.0666
0.80353
0.84918
0.83368
0.90365
1.0069
0.77625
1.3996
0.86099
3.8107
2.6485
5.224
1.3552
1.0139
0.76384
0.88716
1.2023
0.73114
1.0765
1.0495
0.78163
1.3243
0.91201
1.4825
0.75683
1.2972
1.0423
0.80353
0.89536
0.78886
1.2331
1.219
1.1143
0.72946
0.78163
1.1066
1.4859
0.68549
0.74989
0.96828
1.0765
1.0209
1.9055
0.91201
1.0889
1.0023
0.69984
0.7656
0.87498
1.0399
1.1298
0.99083
0.73114
0.97275
0.88512
1.0666
0.98855
1.0093
0.85114
0.91833
0.8531
1.0471
1.1967
0.9247
0.8531
0.66527
1.219
0.8995
0.77804
0.71614
0.79433
0.98855
0.68234
1.0139
0.82794
0.71779
0.96828
0.75683
0.77983
0.90365
0.89125
0.98175
0.99083
0.69663
1.0116
0.77625
1.219
1.0495
0.68234
1.1749
0.79616
0.90573
0.73451
0.94189
0.89743
1.3709
0.93541
0.90157
0.80724
0.92683
0.78705
0.71614
0.72444
1.094
0.91622
0.7145
0.97724
1.0186
0.79616
0.82794
0.99541
0.76208
0.8892
1.0069
0.74989
0.74817
1.3868
0.84723
0.82224
0.92257
0.78163
0.80353
0.78524
0.90991
1.052
0.85901
0.8892
0.88716
1.0304
0.87096
0.74645
0.74131
0.75509
0.73961
1.1015
0.78705
0.79983
0.79433
0.79983
0.88308
1.0789
0.97724
1.1722
0.99312
0.90365
0.90782
0.82224
0.87902
0.98175
0.85507
0.83753
1.0046
0.90365
0.96383
0.83176
0.72611
0.73621
0.8091
0.69024
0.89536
0.97499
0.70307
0.8147
0.81096
0.72277
0.68391
0.73451
0.81658
0.82414
0.88105
0.81283
0.90573
0.89536
0.79616
0.84918
0.84723
0.75336
1.0139
0.79616
0.89536
0.9594
0.8147
0.97051
0.73451
0.71945
0.92257
0.82604
0.877
1.0593
1.0209
0.83368
0.80168
0.85901
0.72778
0.97275
1.0162
0.8356
0.64121
0.98175
0.69984
0.7145
0.82224
0.98855
0.72277
0.74817
1.0814
0.86497
0.72111
0.82985
0.96161
0.93541
1.0069
0.90365
0.86896
0.93756
0.70307
1.3996
1.0914
1.1482
1.183
0.72444
0.76208
0.90365
0.88105
0.80538
0.90991
0.87498
1.0257
0.88105
0.81658
0.87297
0.82604
0.76736
1.0023
0.92683
0.70958
0.73451
0.68077
0.87297
0.877
1.3677
0.93756
0.98628
0.8414
0.8091
1.2417
1.1402
0.93541
0.90782
1.0116
1.0093
0.87297
1.0691
0.92257
0.96828
1.183
0.71945
0.81283
0.96605
0.92257
0.89125
0.89331
1.0209
0.87902
1.0789
1.0423
1.0328
0.90782
0.78343
0.81846
1.1041
1.0209
0.98628
0.88716
1.1041
1.0139
1.094
0.76913
0.87297
0.90991
0.77268
0.98175
1.1066
1
0.69984
0.85901
0.71779
0.91622
0.85704
0.72277
1.0864
0.97051
0.8414
0.97051
0.99541
0.91833
0.80724
1.0351
0.81658
0.75683
0.78705
0.76736
0.79433
1.0375
0.90157
0.80353
1.0069
0.79616
0.77804
0.79799
0.83753
0.98175
0.78524
0.97949
1.219
0.97275
0.80353
1.0116
0.96161
0.86298
1.1588
1.1482
0.93756
1.0093
1.1246
0.82414
0.9594
1.0691
0.91201
0.94842
0.79983
0.91833
0.84723
0.93972
0.98628
0.89536
0.94189
1.0423
0.80724
1.0162
1.0789
0.70146
0.73621
0.82035
0.84723
1.0765
0.92257
1.1143
1.1722
0.88308
0.90782
0.90365
1.135
1.2106
0.68077
1.1722
0.64121
1.2078
0.90991
0.88105
1.1641
1.0814
0.96161
1.4256
0.97275
0.94189
1.0209
1.0139
1.0765
0.74302
0.94189
0.72444
0.78886
0.82414
0.69502
0.68234
0.75509
0.71779
0.71121
0.68865
0.87297
1.0023
1.0715
1.0864
0.95719
0.88716
1.1561
0.99312
0.68234
0.68077
1.135
1.0641
1.2853
0.69984
1.1508
0.97724
0.9528
0.85114
0.85114
1.1324
0.93325
0.93972
1.2764
0.89536
1.1722
1.0186
0.877
0.88105
1.1588
0.89331
0.65917
0.65163
0.69183
0.76384
0.91201
0.88308
0.84333
0.93756
0.89743
1.0069
1.0328
0.78163
0.71945
0.76913
0.70469
0.82604
1.1169
0.83176
1.052
0.93325
0.69024
0.74131
0.70469
0.71121
1.2823
0.91833
1.0375
1.0889
0.73961
1.2331
1.1641
1.1695
1.0375
1.1041
1.052
1.0069
0.69984
0.72946
1.1668
1.0814
1.0328
1.0666
1.0814
0.94189
0.90991
1.1858
0.7379
0.72444
1.1015
1.2764
1.1614
1.1749
1.0568
1.0257
1.1066
1.0471
1.0023
0.93111
0.82414
1.0839
0.98175
0.84723
0.90991
1.094
0.85704
0.93541
0.88512
0.8995
1.0093
1.0568
0.88512
0.70307
0.73961
1.0139
1.0471
0.87498
0.83368
0.87096
0.72946
0.90573
0.9594
0.70146
0.96383
1.1508
0.72611
0.99312
0.93972
0.69663
0.67143
1.256
0.96161
0.81283
1.0069
0.93541
1.0447
0.90573
0.73282
0.93111
0.65615
0.6792
0.68549
0.73451
0.73451
0.73282
0.70469
0.97499
0.70795
0.69343
1.1508
0.68865
0.69024
0.7925
0.67608
0.65766
0.67143
0.71945
0.68077
0.73114
0.67143
0.71945
0.68391
0.82035
0.82414
0.77268
0.78886
0.8147
0.82794
1.0617
0.83753
0.7145
0.97949
0.68391
0.67764
0.72611
0.77804
1.1695
0.88308
0.98401
1.1041
1.1668
1.0209
1.0093
1.2503
0.86696
1.2023
1.0399
1.0765
0.82604
0.82794
1.1641
0.71121
0.96828
1.0046
0.9594
1.1169
0.84528
0.92897
0.92257
1.0116
1.1429
0.87297
0.90573
0.78343
0.66681
0.8091
0.61944
0.69343
0.69823
0.65615
0.73961
0.66988
1.0304
0.9528
0.91833
0.74473
1.0814
1.1298
1.2589
0.81658
0.8892
1.1588
0.7925
0.72111
1.0162
0.76736
1.0715
0.88512
0.66222
0.78163
0.66527
0.95719
1.1298
1.1429
1.1402
0.80353
1.1695
0.83368
1.1482
0.96161
0.88512
0.99083
0.8892
1.0093
0.8995
1.0666
1.1641
0.92683
0.82604
1.406
0.91411
0.8091
0.69984
0.74473
0.66834
1.205
0.78343
0.6792
0.82794
0.70632
0.74473
0.97051
0.97499
0.99312
1.2445
1.0023
0.82985
0.87297
0.7656
0.82794
0.99312
1.3152
1.1722
0.90782
1.0789
0.69183
1.1272
1.052
1.135
1.2078
0.6792
0.66374
0.6792
0.7145
0.71779
0.69984
0.85507
0.81096
0.70469
1.1668
0.68549
1.2162
0.88512
0.9247
0.78705
0.78524
0.74989
0.87498
1.1803
1.0641
1.256
1.205
0.72111
1.1641
0.90782
0.97275
0.99541
1.0375
0.72611
0.71614
0.66988
0.74473
0.72111
1.1776
0.70795
0.79983
0.72778
0.78524
0.7145
0.79068
0.68707
0.82604
1.0715
0.90365
0.85901
0.70307
1.2677
1.1117
1.122
0.877
0.68707
0.74473
0.73961
0.7379
0.71285
0.72444
0.70146
0.70958
0.72277
0.69024
0.71121
0.73451
0.68077
0.70795
0.67764
0.62087
0.67298
0.71945
0.68077
0.73282
1.0328
0.77625
0.86696
0.78886
0.8414
1.2589
1.183
0.71614
0.69183
0.65615
0.66681
0.69823
0.62373
0.71285
0.76384
0.77804
0.91201
0.97051
0.84528
0.65163
0.8091
0.72611
0.75509
0.65313
0.71779
1.1588
0.82794
0.65464
0.71614
0.78163
0.69502
0.70469
0.66069
0.7925
0.68549
0.67453
0.71285
0.73451
1.052
0.89125
0.71779
0.74989
0.89331
0.92045
0.94624
0.73282
0.65163
0.85901
1.0069
0.79616
0.68865
0.69024
0.87297
0.74645
0.74131
0.79983
0.6792
0.78886
0.73961
0.70307
0.69984
0.69183
0.73114
0.77804
1.4191
1.0495
1.0351
0.86298
0.82794
2.9923
0.93756
0.65615
0.72946
0.80353
0.99083
0.89536
0.83368
0.90991
0.81658
0.86099
0.93325
0.71121
0.72778
0.64863
0.72444
0.67764
0.67453
0.65917
1.0715
0.94842
0.79068
0.66222
0.76736
0.89743
0.90157
0.73114
0.73621
1.0447
0.79983
0.63387
0.90157
0.94842
0.71779
0.72946
0.82604
0.84528
0.67608
0.81096
0.74817
0.78163
0.86099
0.78705
0.79616
0.73451
0.76736
0.73451
0.73114
0.76384
1.0691
1.0399
0.83946
0.8531
0.77983
0.68865
0.66069
0.71614
0.69984
0.64269
0.66222
0.97499
0.71779
0.72444
0.7709
0.7379
0.70795
0.69984
0.70146
0.64714
0.66834
0.67298
0.70795
0.7145
0.7656
0.67143
0.80353
0.70469
1.0814
1.0162
0.8147
0.64565
0.72778
0.72444
0.73282
1.028
0.77268
0.76033
0.8147
0.82224
1.0023
0.81658
0.84918
0.73451
0.82035
0.75858
0.76384
0.94624
0.70795
0.91833
0.8995
0.73961
0.68391
0.77983
0.72444
1.0351
0.94189
0.68234
0.65615
0.66527
0.78705
0.77983
0.70958
0.66988
0.69183
0.68707
0.72277
0.6792
0.75509
0.88716
1.0093
0.93541
0.69663
0.71945
0.66834
0.75683
0.76913
1.0839
0.78163
0.7925
0.7145
0.64269
0.82985
0.97275
1.074
1.0593
0.81283
0.69984
0.9594
0.8892
0.71614
1.052
0.83176
0.66988
0.70795
0.66069
0.85901
0.97051
0.94624
0.65917
0.70795
0.72111
0.71121
0.98628
0.71614
0.73961
1.0186
0.74131
0.65464
0.66069
0.64417
0.64565
0.71614
0.74473
0.66834
0.70632
0.69343
0.71945
0.71121
0.70307
0.64863
0.68707
0.76913
0.66681
0.65464
0.72444
0.7379
0.67608
0.65917
0.65917
0.82414
0.76033
0.66374
0.69823
0.68707
0.68391
0.84333
0.64417
0.83368
0.70795
0.67298
0.69823
0.69024
0.80538
0.7145
0.70958
0.80538
0.72277
0.62517
0.68391
0.66069
0.72611
0.69663
0.70958
0.70795
0.65313
0.64714
0.66527
0.69343
0.74131
0.6792
0.71779
0.72611
0.70795
0.71614
0.70469
0.70307
0.71285
0.69502
0.66374
0.68077
0.73282
0.62373
0.69663
0.69343
0.68865
0.82794
0.73282
0.70958
0.74473
0.70958
0.73114
0.68549
0.68234
0.6368
0.69502
0.66988
0.65615
0.65313
0.65163
0.64269
0.66988
0.68234
0.70146
0.64714
0.66988
0.66834
0.66988
0.73282
0.64714
0.64863
0.65766
0.70469
0.65163
0.71779
0.69663
0.68865
0.64417
0.70958
0.70632
0.78524
0.6223
0.72277
0.85114
0.73451
0.62517
0.70795
0.71614
0.72778
0.64714
0.66834
0.64863
0.68077
0.71779
0.65013
0.66527
0.66988
0.67143
0.68707
0.65313
0.64417
0.65464
0.69502
0.63826
0.68391
0.64565
0.64269
0.80168
0.76384
0.76736
0.76384
0.76208
0.67298
0.92257
0.67298
0.84918
0.77268
0.69183
0.75162
1.0116
1.0889
0.66374
1.0593
0.86298
0.69984
0.69024
0.96828
1.052
0.69183
0.67608
0.79433
0.97724
1.0839
0.66834
0.74131
0.72778
1.0139
0.94624
0.68549
1.1066
1.099
0.77446
0.66222
0.64121
0.88308
0.8356
0.91622
0.91833
0.67298
0.67143
0.69663
1.1169
0.89125
1.1995
0.62087
0.74645
1.1455
0.98401
0.68865
0.74645
0.66681
0.68234
0.72277
1.2474
1.0864
1.1194
0.8356
0.64417
0.65615
1.0023
0.89743
0.69823
0.8147
0.83368
0.86298
0.63533
0.78524
0.96161
0.87096
0.77446
0.9977
0.88512
0.92045
0.82224
0.8414
0.98628
0.8531
0.99541
0.71779
0.68549
0.69823
0.66374
0.67764
0.70469
0.63533
0.75509
0.73451
1.1429
0.86099
0.67764
0.70146
0.70632
0.72444
0.65464
0.74989
0.68549
0.63096
0.68234
0.74817
1.028
0.89536
0.70795
0.76913
0.72611
0.72611
0.64121
0.65013
0.69663
0.88512
0.75858
0.86696
0.67608
0.96605
1.0447
0.70795
0.64863
0.70307
0.68391
1.0789
0.68234
0.61944
1.1561
1.0233
0.73282
0.72946
0.63826
0.66527
0.78343
0.8091
0.69024
1.1722
1.2134
0.72778
0.71614
0.74302
1.2246
0.69343
0.64269
0.8356
1.4723
0.70632
0.78705
0.70958
0.67453
1.1324
0.92897
0.7145
0.73621
1.2972
0.91201
0.7145
0.74473
1.0139
0.66834
0.65313
0.71614
0.69024
1.1429
0.70469
0.67453
0.68865
1.1858
0.75162
1.1092
0.68549
0.65013
1.2474
0.91411
1.0139
0.86497
0.79433
0.78886
0.68549
0.77804
0.69343
0.77804
0.77625
0.83368
0.82604
1.0186
0.92683
0.85901
0.76208
0.74131
1.1967
0.92897
0.7379
0.65917
0.67764
0.79983
0.86298
1.0304
0.70958
0.65766
0.71945
0.68707
0.74817
0.69823
0.82035
0.69343
0.69343
0.90782
0.87498
0.81846
0.69183
0.92045
0.98401
0.9247
0.72444
0.72778
0.80353
0.94406
0.7709
0.8414
1.0069
0.86696
0.96161
1.1376
0.90782
1.0351
0.88105
0.84918
0.95719
0.87902
1.7989
0.93756
1.0139
0.76033
1
1.0544
0.68707
0.89536
1.0691
1.0257
0.76208
0.89743
1.0046
0.95499
0.82224
1.1272
1.3614
0.75509
1.2106
1.0162
0.73282
0.67453
0.6792
0.97949
1.1194
0.71779
1.1967
1.0023
0.9594
0.8531
0.77983
1.0593
1.1803
0.96828
0.84723
0.79433
0.80353
1.2503
1.1015
1.1967
1.1885
0.88105
1.0093
0.78524
1.122
0.9977
0.70632
1.2706
1.0186
0.97949
0.73282
0.80724
0.80168
0.83753
0.80168
1.0568
1.1482
0.82794
0.90991
0.72111
0.79433
0.7145
0.7656
0.71121
0.76033
0.78163
0.78524
0.76033
0.75336
0.82985
0.93972
0.70632
0.67764
0.84918
1.0046
0.69823
0.877
0.86298
0.69663
0.88716
0.68234
0.94624
0.87498
0.68234
0.77446
0.97949
0.75858
0.71614
0.73282
0.74473
0.72611
0.89743
0.85901
0.71779
0.80168
1.094
0.96605
0.71779
1.3583
1.1776
1.0864
1.2359
1.0544
0.94842
0.87498
0.90157
0.87096
0.96161
0.96828
0.98175
0.9247
0.86696
0.88308
1.1803
0.91411
1.0765
1.0568
0.66374
0.97949
0.75683
1.0471
1.0139
0.87096
0.91201
0.72611
0.71285
0.76913
1.1912
1.1376
1.1885
0.97275
0.76208
1.0186
0.87902
0.85901
0.72444
0.72611
0.70632
0.75683
0.73114
0.7656
0.70469
0.89743
0.75858
0.72946
0.85901
0.71779
0.80168
0.73114
0.64417
0.69663
0.70958
0.75509
0.67764
0.73282
0.75162
1.1298
0.77983
0.7656
0.66374
0.8892
0.79068
0.74989
0.71614
0.78524
0.73451
0.73961
0.70795
0.71614
0.7145
0.71614
0.71614
0.73282
0.88308
0.73451
0.76913
0.8091
0.86896
0.90991
1.0789
1.2474
0.90782
0.96605
1.0186
0.99312
1.122
0.94189
0.8147
1.0399
1.0914
0.90991
0.8414
1.0162
0.98855
0.66374
1.0209
1.099
0.96383
0.77268
0.79433
0.98855
0.88512
1.1117
0.96605
1.3152
0.95719
1.0617
0.69024
1.052
0.81283
0.72611
0.68391
0.86298
0.82414
0.72111
1.0568
1.074
0.76736
1.0046
0.87096
0.98401
1.0914
1.205
0.73451
0.82224
0.73621
0.77804
0.71945
0.72778
0.64714
0.69024
0.77268
0.76913
0.66374
0.73114
0.75162
0.69343
0.8414
0.77983
0.74473
0.69663
0.70146
0.70632
0.76208
0.8091
0.77268
0.74989
0.83176
0.7145
0.70632
0.68549
0.75858
0.71285
0.68549
0.89536
0.71285
0.72111
0.77625
0.69984
0.71779
0.70146
0.82035
0.79068
0.7656
0.73961
0.68077
0.76913
0.71614
0.66527
0.68234
0.71945
0.94842
0.96161
0.97275
1.0568
1.0209
0.94406
0.96161
0.93541
1.1169
1.0641
0.83753
0.90157
1.0789
1.0209
1.0423
0.91833
0.90157
0.80724
1.135
0.81846
0.74989
1.1803
1.1117
0.92683
1.2162
1.0304
1.0423
1.0691
0.64417
1.074
1.122
0.88716
0.78343
0.76033
0.74473
0.97949
0.98628
0.86696
0.68391
1.052
1.028
0.7145
0.65464
0.75683
0.8414
0.67764
1.219
0.8892
0.7656
0.71614
0.93756
0.99083
0.74645
0.73114
0.68707
0.81846
0.7656
0.85114
0.79068
0.70469
0.70146
0.73451
0.68549
0.77268
0.76384
0.71614
0.79433
0.87902
0.66374
0.71285
0.70795
0.77804
0.72444
0.67453
0.68077
0.64121
0.82035
0.77983
0.70632
0.69984
0.73114
0.76913
0.72946
0.73621
0.76033
0.6792
0.67298
0.78886
0.69183
0.77446
0.70958
0.7925
1.0186
0.72946
0.82604
0.74131
0.83368
0.72444
0.85114
1.0023
1.0375
1.0139
0.89125
0.84528
0.87096
1.0233
0.9594
1.1246
1.0447
0.93972
0.77983
0.8091
1.0447
0.92683
0.98628
0.74131
0.66681
1.0304
0.91833
0.84918
0.8147
0.66988
0.68865
0.72611
0.70146
0.68707
0.7145
0.9528
0.81658
0.83753
0.70632
0.78705
1.0304
0.87902
0.75336
0.91201
0.74645
1.1324
1.1194
0.77446
0.72611
0.75858
0.79616
1.0471
1.0093
1.0069
0.72277
1.1588
0.72611
0.73282
0.70632
0.72277
1.1324
0.80724
0.73961
0.76384
0.70958
1.0641
0.81846
0.74473
0.71614
0.86896
0.73961
0.75336
0.70632
0.68707
0.87498
0.83946
0.89331
0.88716
0.71121
0.69502
0.72778
0.72111
0.70958
0.67608
1.1169
0.66374
0.65917
0.69502
1.0864
0.91201
0.70795
0.68707
0.66069
0.84528
1.1041
0.91833
0.72778
1.2531
0.91201
1.0765
0.85507
1.183
1.1066
0.75162
0.7379
0.69024
0.73114
0.73451
1.0715
0.77804
0.7145
0.7145
0.75336
0.75336
0.68865
0.66988
0.74817
0.8091
0.6792
0.71121
0.92257
0.91411
0.73621
0.80538
0.68391
0.71779
0.7379
0.70146
0.78886
0.92045
0.82224
0.79433
1.0544
0.68391
0.68707
0.77446
0.93972
0.66988
0.73282
0.72611
0.75683
0.74817
0.83176
0.79068
0.87498
1.0814
0.8091
0.75509
0.74302
0.74817
0.70146
0.78705
0.71121
0.72444
0.70469
0.94189
0.89743
0.84918
0.69984
0.67453
0.67608
0.71121
0.72111
0.67453
0.80724
0.77804
0.9528
0.71121
0.68234
0.69183
0.65163
0.76033
0.72277
0.64863
0.73621
0.69183
0.66988
0.77446
0.69663
0.67764
0.73282
0.66988
0.79616
0.98855
0.99083
0.89331
0.66222
0.73621
0.71614
0.77446
0.73114
0.74989
0.74131
0.73282
0.68707
0.79799
0.66222
0.98855
0.71121
0.75336
0.68549
0.79799
1.0186
0.89536
1.1641
0.99083
0.78886
0.72946
0.69343
0.74989
0.69663
1.0209
1.0814
0.85901
0.73282
0.71121
0.65615
0.70307
0.98175
0.64863
0.68234
0.68391
0.69502
0.76736
1.1015
0.8995
0.94189
0.71285
0.71945
0.71779
0.66681
0.69343
0.82035
0.69024
0.6792
0.8995
0.94842
0.97949
0.6792
0.71945
0.877
0.73961
0.65313
0.76913
0.70632
0.77983
0.73114
0.71285
0.62951
0.8356
0.8147
0.68391
0.7145
0.69024
0.70307
0.76384
0.73961
0.70469
0.71285
0.72946
0.68077
0.67608
0.69024
0.74817
0.74989
0.67764
0.71614
0.70469
0.70795
0.67143
0.68549
0.69984
0.70795
0.7709
0.69823
0.76033
0.68865
0.74473
0.78343
0.70307
0.77268
0.69183
0.68707
0.78163
0.67453
0.76033
0.72111
0.65917
0.69663
0.7379
0.81283
0.69663
0.75162
0.71285
0.69663
0.72778
0.73621
0.69502
0.66681
0.70632
0.72611
0.7925
0.67143
0.70795
0.75162
0.88716
0.72277
0.77983
0.79433
0.69183
0.76033
0.70632
0.70146
0.72611
0.67608
0.78163
0.70307
0.68865
0.72611
0.65917
0.67608
0.75509
0.86298
0.67298
0.66681
0.68391
0.65917
0.75683
0.67453
0.68865
0.67453
0.69183
0.74473
0.82414
0.68707
0.69823
0.67764
0.72778
0.72277
0.67143
0.76384
0.86099
0.69183
0.72444
0.71285
0.75162
0.78343
0.67453
0.75336
1.0691
0.74302
0.93541
0.72778
1.1324
0.83946
1.2735
0.877
0.98628
0.71285
1.1143
0.94842
0.89125
0.78163
0.65766
0.73621
0.71614
1.2274
0.89536
0.74989
1.2274
0.87902
1.028
1.0351
0.86099
0.73961
1.1324
0.7709
0.91833
0.89331
0.70146
0.74131
0.72277
0.83753
0.77804
0.93972
0.89536
0.92683
0.78524
0.70469
0.74989
1.0447
0.80538
0.69343
0.70958
1.1455
0.85114
0.73451
0.74131
0.80538
1.0666
1.0162
0.67764
0.68077
0.94842
1.0375
0.75683
0.77625
0.72111
0.76208
1.0765
1
0.77804
0.72111
0.70469
0.73961
0.71779
1.0715
1.0351
0.83753
0.67608
0.68865
0.76736
0.73282
1.099
0.85114
0.77625
0.74645
0.68549
0.75509
0.75858
0.86696
0.9506
0.70958
0.79799
0.78163
0.73451
0.73114
0.76736
1.1324
0.9594
0.75683
0.72444
0.71285
0.73282
0.68707
0.6792
0.66681
0.72946
0.72946
1.0069
1.1143
0.92045
0.78705
1.2503
0.85704
0.71614
0.73114
0.74131
0.7709
0.72444
0.74131
0.73451
0.7379
0.70307
0.78705
0.66527
0.66527
0.72111
0.7656
0.70307
0.76913
0.76736
1.0568
1.0351
0.72111
0.68549
0.7379
0.75858
0.69024
0.69502
0.86896
0.69024
0.72946
0.79983
0.70795
0.94189
0.86696
0.71121
0.76033
0.77625
1.3335
0.7656
0.74989
1.2023
0.9594
0.92683
0.74645
0.71121
0.7709
0.67143
0.73451
0.70469
0.69024
0.72611
0.76913
0.76736
0.72277
0.67143
0.71285
0.72444
0.74817
0.85114
0.68707
0.76913
0.72778
0.69502
0.77446
0.877
0.8995
0.7925
0.73451
0.69183
0.97275
0.90991
0.87498
0.71779
0.8414
0.69024
0.66374
0.72277
0.69502
1.1041
0.91201
0.74989
0.73282
0.76208
0.68707
0.80538
0.74302
0.7145
0.70307
0.66527
0.70307
0.67298
0.77446
0.75336
0.7379
0.73282
0.73114
1.135
1.1117
1.0965
0.70795
0.70146
0.66222
0.85114
0.74302
0.68865
0.82985
0.72778
0.64863
0.7709
0.83946
0.66527
0.69024
0.74989
0.69183
0.82224
1.094
0.9247
0.74131
0.7709
0.78886
0.71614
0.68234
0.74645
0.68707
0.70307
0.74817
0.73451
0.6792
0.68077
0.70632
0.75858
0.74473
0.87096
0.94189
0.76384
0.69343
0.70307
0.75336
0.73282
1.0351
0.9594
0.90365
0.77625
0.66681
0.78163
0.85507
0.90782
0.90573
0.72444
0.78524
0.69024
1.0471
1.1041
0.77625
0.74473
0.94624
0.75858
0.84333
1.0046
0.70307
1.0471
0.92257
0.70307
0.74645
0.68549
0.75858
0.72111
0.87902
0.95499
0.85901
0.74989
0.71285
0.69823
0.74989
0.80353
1.1143
0.91201
0.78705
0.73114
0.65917
0.79799
0.72611
0.75509
0.97499
0.74473
0.70632
0.83176
0.71945
0.76208
0.76208
0.64121
0.74645
0.72111
0.74302
0.79983
0.69823
0.7925
0.78343
0.70958
0.76736
0.71121
0.72111
0.69502
0.70958
0.75336
0.89536
0.76736
0.71121
0.64565
0.70469
0.67453
0.75509
0.91411
0.78163
1.0046
0.90365
0.82414
0.64714
0.74989
0.76208
0.73451
0.8414
0.81846
0.71285
0.73621
0.69024
0.77983
1.0423
0.85114
0.7145
0.73451
0.70146
0.75683
0.83176
0.87096
0.78524
0.80168
0.68391
0.77268
0.69183
0.65766
0.74473
0.92257
0.77446
0.72111
0.65163
0.78886
0.92257
0.7925
0.65464
0.80168
0.75509
0.74989
0.73451
1.1967
1.0641
1.0233
0.78524
0.67143
0.97051
0.97724
0.72444
1.135
0.74989
0.69502
0.91833
0.96161
0.80168
0.9594
0.9528
0.74131
1.0139
0.79068
0.7709
0.7656
1.0046
0.81283
0.72444
0.76033
0.70958
0.69343
0.71779
1.1402
0.92683
0.85114
0.7709
0.68865
0.72277
1.1776
0.76033
0.74473
0.78886
0.73451
0.86099
0.8147
0.70146
0.74473
0.88105
0.94842
0.8892
0.74131
0.74645
0.74473
0.72611
0.73451
0.68234
1.219
0.88105
0.65917
0.72444
0.77804
0.79983
1
0.87498
0.877
1.028
0.72444
0.76384
0.75509
0.71614
0.69663
0.69024
1.2218
0.91622
0.67608
0.70958
0.67608
0.72277
0.73451
0.69823
1.0814
0.89331
0.78705
0.76384
0.82224
0.65615
0.74131
0.73451
0.76208
0.73282
0.88716
0.78524
0.76033
0.76913
0.76736
1.052
0.91411
0.88105
0.72277
0.81658
0.72778
0.73282
0.71285
0.75683
0.79616
0.75336
0.69183
0.78163
1.0233
0.87902
0.73961
0.78524
0.74131
0.83368
0.82985
0.66222
0.72946
0.75858
0.69502
0.76208
0.84723
0.70307
0.69984
0.76033
0.82604
0.7379
0.6792
0.76736
0.69502
0.76208
0.67298
0.68549
0.70307
0.75336
0.83368
0.74645
0.97949
0.89743
0.77625
0.71285
0.65917
0.75336
0.68077
0.71121
0.79616
1.1429
0.87096
0.88512
0.77804
0.68865
0.70632
0.68234
0.69984
0.77268
0.94624
0.92683
0.78163
0.69343
0.76913
0.76913
0.74645
1.3274
0.97051
0.68077
0.71285
0.72444
0.75509
1.0023
0.96383
1.1117
0.7379
0.68865
0.69024
0.76736
0.73282
0.9594
0.92257
0.70146
0.75162
0.74473
0.69024
0.67143
0.67608
0.69183
0.73451
0.69984
0.70795
0.86497
0.70146
0.6792
0.70469
0.95499
0.76208
0.75336
0.72946
0.71285
0.69984
1.0765
0.8995
1.074
0.6792
0.78524
0.71614
0.66681
1.0186
0.83176
0.81283
0.74817
0.69823
0.70469
0.80168
0.69024
0.79616
0.66374
0.69024
0.66834
0.74989
0.69823
0.74131
0.76913
0.6792
0.69984
0.74473
0.77268
0.87297
0.89125
0.90991
0.81096
0.69502
0.86099
0.68549
0.82604
0.90157
0.70307
0.68707
0.72778
0.74817
0.70795
0.69024
0.76384
0.70795
0.92257
0.94189
0.99541
0.88105
0.78886
0.86099
0.79799
0.72946
0.67298
0.65766
0.93756
0.97724
0.88716
0.74473
0.69984
0.78705
0.72111
0.70307
0.6792
1.0715
0.99312
0.94624
0.74989
0.80168
0.67764
0.75336
0.76384
1.1298
0.8531
0.84918
0.66834
0.68707
0.89743
0.82414
0.80353
0.68865
0.66834
0.65464
0.71779
0.71779
0.66834
1.0399
0.83176
0.81658
0.8091
0.73961
0.7709
0.85507
0.95719
0.92683
0.72277
0.77625
0.73451
0.79983
0.7379
0.8531
0.73114
0.67453
0.81096
0.68865
0.76736
0.72444
0.70146
0.65766
0.68391
0.76736
0.80538
0.92683
0.79068
0.73282
0.76736
0.78886
0.76913
0.79068
0.73282
0.67453
0.82414
0.77625
0.98175
0.79433
0.86298
0.86896
0.84528
0.86896
0.72778
0.79433
0.73961
0.77625
0.99083
0.94189
0.8356
0.67608
0.6792
0.71779
0.93111
0.90157
0.85507
0.83368
0.71779
0.74302
0.81658
0.74817
0.71779
1.1614
0.93756
0.84918
0.75509
0.69183
0.77268
0.70958
0.74302
0.74131
0.69502
0.72778
0.97949
0.90365
0.7145
0.67608
0.77446
0.70958
0.69343
0.7709
0.85704
0.77625
0.68707
0.74817
0.69663
0.78886
1.0139
0.99541
0.88716
0.70795
0.72277
0.73451
0.87902
0.89536
0.96383
0.69984
0.82224
0.82604
0.76208
0.89331
0.89743
0.82224
0.73961
0.79068
0.84528
0.81846
0.96383
0.7379
0.79068
0.93756
0.80538
0.86896
0.69984
0.74989
0.72111
0.76736
0.8091
0.66834
0.70795
0.76913
0.78886
0.70146
0.70469
0.75683
0.77625
0.66988
0.83946
0.67764
0.73114
0.67764
0.74473
0.8531
0.91833
0.92045
0.75336
0.78524
0.70146
0.74302
0.76033
0.68234
0.79068
0.92257
0.97051
0.80353
0.85901
0.80168
0.8091
1.0641
0.74131
0.71285
0.70307
0.8147
0.84528
0.74473
0.73114
0.69663
0.7709
0.69502
0.72611
0.76033
0.72277
0.93972
0.8147
0.72946
0.73451
0.75858
0.66988
0.66069
0.85704
1.074
0.95719
0.67143
0.71779
0.74645
0.76736
0.69502
0.74989
0.80353
1.0544
0.8147
0.75858
0.84528
0.73961
0.76033
0.68077
0.69502
0.98175
1.0814
0.81096
1.0023
0.79068
0.74131
0.73621
0.73961
0.73621
0.72946
0.7656
1.0666
0.9977
0.78886
0.69183
0.77804
0.74817
0.73282
0.68549
0.68707
0.70469
0.77804
0.74473
1.0139
0.78524
0.98628
0.72778
0.70958
0.67764
0.73621
0.69663
0.74817
0.7656
0.65163
0.72611
0.74645
0.74473
0.6368
0.68865
0.67608
0.72277
0.78343
0.68707
0.80353
0.79616
0.86298
0.69823
0.78163
0.72946
0.77625
0.69183
0.73451
0.71945
0.75858
1.0495
0.85114
0.74131
0.72111
0.77268
0.72611
0.7145
0.74131
0.67453
0.8356
0.68234
0.76736
0.75858
0.71945
1.0864
0.8892
0.70469
0.72444
0.67764
0.72111
0.70958
0.75509
0.9594
0.82604
0.70795
0.75162
0.7145
0.73961
0.72444
0.7656
1.0116
0.91411
0.78343
0.73282
0.66069
0.83176
1.0233
0.75336
0.76033
0.71614
0.69984
0.75683
0.74645
0.73961
0.80353
1
0.75858
0.81846
0.66374
0.66681
0.74131
0.70307
0.67298
0.7145
0.71779
0.8091
0.69183
0.68549
0.65917
0.71285
0.76033
0.77268
0.86298
0.72444
0.81096
0.83176
0.66374
0.78163
0.72778
0.91833
0.90157
0.76208
0.74473
0.73621
0.7145
0.72778
0.73114
0.69024
0.64714
0.72444
0.70146
0.75509
0.68549
0.70795
0.71285
0.70795
0.77625
0.69502
0.71614
0.68707
0.79799
0.77625
0.98628
0.97949
0.72778
0.73961
0.73621
0.68391
0.77804
0.72611
0.69183
0.74645
0.67143
0.78343
0.79616
0.71614
0.73282
0.72778
0.83368
0.7656
0.71121
0.65464
0.89125
0.73282
0.77268
0.6792
0.66834
0.70958
0.7145
0.8147
0.70632
0.75683
0.89743
1.0093
0.83176
0.74302
0.69502
0.68234
0.67764
0.73621
0.71121
0.66527
0.95719
1.0375
0.73621
0.69663
0.84723
0.89125
1.052
0.79433
0.98855
0.99312
0.74131
0.68234
0.97275
0.93972
0.75858
0.72946
0.68077
0.65013
0.6792
0.69343
0.7709
0.67453
0.79433
0.85114
1.0116
0.82794
0.67143
0.70469
0.67143
0.76033
0.88105
0.84918
0.7379
0.70307
0.74645
0.89331
0.95499
0.92257
0.69343
0.7145
0.8147
0.90991
0.68549
0.8091
0.94189
0.73114
0.69343
0.79799
0.91622
0.70146
0.7145
0.83946
1
0.9247
0.67143
0.84918
0.74131
0.69024
0.66527
0.67608
0.71779
0.70632
0.81096
0.74302
0.76033
1.1117
0.71945
0.73621
0.70146
0.75162
0.72778
0.79616
0.74473
0.7145
0.69984
0.75683
0.7379
0.75336
0.70307
0.70632
0.7925
0.81658
0.98855
0.76913
0.74989
0.78343
0.8995
0.76208
0.84723
0.74817
0.84723
0.75683
0.69343
0.74131
0.72778
0.87297
0.8091
0.73114
0.77446
0.80168
0.87498
0.89743
0.73282
0.71121
0.76913
0.74645
0.6223
0.77625
0.75162
0.68707
0.72111
0.70795
0.6792
0.77446
0.65917
0.74302
0.78524
0.84723
0.69024
0.71285
0.7379
0.71285
0.77804
0.68391
0.89743
0.80724
0.75336
0.65163
0.70146
0.82414
0.70307
0.70307
0.90573
0.90157
0.70632
0.68707
0.69823
0.73621
0.93756
0.79983
0.73114
0.67453
0.85114
0.80353
0.73961
0.69663
0.8356
0.97275
0.8531
0.77804
0.69183
0.73282
0.70307
0.74817
0.70795
0.77804
0.8356
0.81283
0.68077
0.76384
0.73114
0.74645
0.64863
0.78705
0.86896
0.85114
0.8356
0.76736
0.74302
0.74645
0.68391
0.7145
0.73451
0.74131
0.74131
0.68391
0.86896
0.75509
0.84333
0.72778
0.7925
0.71285
0.80168
0.73114
0.8414
0.71614
0.74302
0.73961
0.73451
0.74473
0.85114
0.72778
0.80724
0.71614
0.76913
0.66834
0.73621
0.73961
0.86099
0.87096
0.78886
0.73282
0.72444
0.8356
0.73114
0.88512
0.82794
0.73282
0.74302
0.72778
0.71121
0.78886
0.77983
0.69343
0.88105
0.88308
0.81283
0.76736
0.72778
0.6792
0.80538
0.66374
0.82985
0.7709
0.68391
0.74302
0.67453
0.77268
0.78705
0.8091
0.65464
0.70958
0.8147
0.66222
0.69343
0.70632
0.9528
0.8356
0.71945
0.73961
0.69663
0.69984
0.74989
0.68865
0.75162
0.7709
0.78524
0.72611
0.75858
0.71121
0.77983
0.70469
0.77268
0.79433
0.74473
0.73114
0.73282
0.77446
0.8356
0.80724
0.75683
0.73621
0.82604
0.77804
0.72111
0.74131
0.6792
0.66681
0.84723
0.8531
0.70632
0.68391
0.66527
0.73282
0.79433
0.74989
0.88105
0.82224
0.75858
0.70632
0.74645
0.66988
0.79799
0.74645
0.75509
0.74473
0.72611
0.79433
0.72778
0.72946
0.66988
0.85114
0.79799
0.77625
0.77625
0.72277
0.73621
0.72111
0.74989
0.82414
0.78163
0.73961
0.76913
0.72611
0.77268
0.77625
0.69823
0.7925
0.86896
0.74131
0.69823
0.68234
0.76033
0.69663
0.81658
0.79068
0.8091
0.72277
0.72111
0.80724
0.78705
0.70632
0.83753
0.71121
0.67453
0.76033
0.73961
0.877
0.71285
0.66988
0.70307
0.72277
0.73114
0.68391
0.77268
0.72778
0.80724
0.85901
0.8147
0.88308
0.67298
0.67764
0.70632
0.69183
0.8892
0.73282
0.7656
0.70146
0.69823
0.7925
0.7925
0.76736
0.7145
0.7656
0.69024
0.69502
0.70958
0.8356
0.70632
0.78163
0.75683
0.75858
0.78705
0.67453
0.77446
0.69984
0.77446
0.75509
0.86298
0.71945
0.67608
0.76033
0.64121
0.74989
0.74645
0.74989
0.78705
0.84528
0.68707
0.8147
0.75509
0.75336
0.7709
0.7925
0.73451
0.75162
0.78163
0.79433
0.84528
0.74817
0.82985
0.73282
0.71285
0.73282
0.86497
0.66222
0.73451
0.85704
0.74302
0.69183
0.69343
0.7709
0.76736
0.73282
0.72611
0.68234
0.68391
0.71121
0.71945
0.77983
0.72277
0.82794
0.6792
0.82604
0.80724
0.76384
0.75162
0.7379
0.73282
0.69984
0.68707
0.78886
0.85901
0.83368
0.76736
0.7709
0.69502
0.74302
0.75683
0.74302
0.82224
0.69183
0.80538
0.70632
0.76913
0.70795
0.65464
0.80353
0.88512
0.79983
0.77268
0.73621
0.8356
0.69823
0.76384
0.75509
0.77268
0.74473
0.76208
0.70146
0.70469
0.69502
0.82794
0.72111
0.69984
0.66834
0.68391
0.75683
0.78886
0.75858
0.78343
0.79433
0.90782
0.9594
0.83946
0.79433
0.77983
0.8091
0.68391
0.80168
0.72778
0.76736
0.71779
0.78524
0.71121
0.83753
0.77804
0.8531
0.67764
0.67143
0.7709
0.79616
0.72611
0.76384
0.87096
0.74302
0.70307
0.90991
0.81658
0.77446
0.69024
0.72611
0.69343
0.70469
0.7709
0.72611
0.79799
0.8414
0.7709
0.77446
0.74302
0.76736
0.79983
0.77446
0.86298
0.74473
0.81283
0.76384
0.73961
0.68707
0.7379
0.70146
0.73621
0.76208
0.80538
0.74817
0.76033
0.75683
0.74645
0.70307
0.69343
0.76736
0.75509
0.71614
0.78705
0.78886
0.78163
0.74131
0.77268
0.78163
0.70632
0.70469
0.76033
0.79068
0.67608
0.83368
0.75509
0.74645
0.73961
0.69024
0.78705
0.74989
0.72611
0.69024
0.69502
0.77983
0.8892
0.75509
0.72444
0.78163
0.78886
0.86298
0.72778
0.69663
0.74131
0.69343
0.69663
0.69502
0.77983
0.73451
0.87498
0.7379
0.73282
0.7925
0.72778
0.69343
0.73621
0.86298
0.74473
0.90573
0.81096
0.79433
0.79068
0.877
0.74302
0.80353
0.73621
0.76913
0.73621
0.75858
0.73114
0.7925
0.70958
0.78163
0.91411
0.75336
0.75336
0.75336
0.75336
0.75336
0.75336
0.75336
0.75336
0.75336
0.75336
0.75336
0.75336
0.75336
0.75336
0.75336
0.75336
0.75336
0.75336
0.75336
0.75336
0.75336
0.75336
0.75336
0.75336
0.75336
0.75336
0.75336
0.75336
0.75336
0.75336
0.75336
0.75336
0.75336
0.75336
0.75336
0.75336
0.75336
0.75336
0.75336
0.75336
0.75336
0.75336
0.75336
0.75336
0.75336
0.75336
0.75336
0.75336
0.75336
0.75336
0.75336
0.75336
0.75336
0.75336
0.75336
0.75336
0.75336
0.75336
0.75336
0.75336
0.75336
0.75336
0.75336
0.75336
0.75336
0.75336
0.75336
0.75336
0.75336
0.75336
0.75336
0.75336
0.75336
0.75336
0.75336
0.75336
0.75336
0.75336
0.75336
0.75336
0.75336
0.75336
0.75336
0.75336
0.75336
0.75336
0.75336
0.75336
0.75336
0.75336
0.75336
0.75336
0.75336
0.75336
0.75336
0.75336
0.75336
0.75336
0.75336
0.75336
0.75336
0.75336
0.75336
0.75336
0.75336
0.75336
0.75336
0.75336
0.75336
0.75336
0.75336
0.75336
0.75336
0.75336
0.75336
0.75336
0.75336
0.75336
0.75336
0.75336
0.75336
0.75336
0.75336
0.75336
0.75336
0.75336
0.75336
0.75336
0.75336
0.75336
0.75336
0.75336
0.75336
0.75336
0.75336
0.75336
0.75336
0.75336
0.75336
0.75336
0.75336
0.75336
0.75336
0.75336
0.75336
0.75336
0.75336
0.75336
0.75336
0.75336
0.75336
0.75336
0.75336
0.75336
0.75336
0.75336
0.75336
0.75336
0.75336
0.75336
0.75336
0.75336
0.75336
0.75336
0.75336
0.75336
0.75336
0.75336
0.75336
0.75336
0.75336
0.75336
0.75336
0.75336
0.75336
0.75336
0.75336
0.75336
0.75336
0.75336
0.75336
0.75336
0.75336
0.75336
0.75336
0.75336
0.75336
0.75336
0.75336
0.75336
0.75336
0.75336
0.75336
0.75336
0.75336
0.75336
0.75336
0.75336
0.75336
0.75336
0.75336
0.75336
0.75336
0.75336
0.75336
0.75336
0.75336
0.75336
0.75336
0.75336
0.75336
0.75336
0.75336
0.75336
0.75336
0.75336
0.75336
0.75336
0.75336
0.75336
0.75336
0.75336
0.75336
0.75336
0.75336
0.75336
0.75336
0.75336
0.75336
0.75336
0.75336
0.75336
0.75336
0.75336
0.75336
0.75336
0.75336
0.75336
0.75336
0.75336
0.75336
0.75336
0.75336
0.75336
0.75336
0.75336
0.75336
0.75336
0.75336
0.75336
0.75336
0.75336
0.75336
0.75336
0.75336
0.75336
0.75336
0.75336
0.75336
0.75336
0.75336
0.75336
0.75336
0.75336
0.75336
0.75336
0.75336
0.75336
0.75336
0.75336
0.75336
0.75336
0.75336
0.75336
0.75336
0.75336
0.75336
0.75336
0.75336
0.75336
0.75336
0.75336
0.75336
0.75336
0.75336
0.75336
0.75336
0.75336
0.75336
0.75336
0.75336
0.75336
0.75336
0.75336
0.75336
0.75336
0.75336
0.75336
0.75336
0.75336
0.75336
0.75336
0.75336
0.75336
0.75336
0.75336
0.75336
0.75336
0.75336
0.75336
0.75336
0.75336
0.75336
0.75336
0.75336
0.75336
0.75336
0.75336
0.75336
0.75336
0.75336
0.75336
0.75336
0.75336
0.75336
0.75336
0.75336
0.75336
0.75336
0.75336
0.75336
0.75336
0.75336
0.75336
0.75336
0.75336
0.75336
0.75336
0.75336
0.75336
0.75336
0.75336
0.75336
0.75336
0.75336
0.75336
0.75336
0.75336
0.75336
0.75336
0.75336
0.75336
0.75336
0.75336
0.75336
0.75336
0.75336
0.75336
0.75336
0.75336
0.75336
0.75336
0.75336
0.75336
0.75336
0.75336
0.75336
0.75336
0.75336
0.75336
0.75336
0.75336
0.75336
0.75336
0.75336
0.75336
0.75336
0.75336
0.75336
0.75336
0.75336
0.75336
0.75336
0.75336
0.75336
