18.365
0.81658
2.729
1.1246
1.2106
0.90365
0.80168
21.627
22.387
18.408
1.0233
11.803
22.336
16.982
1.5596
3.581
0.97724
1.0765
1.122
1
1.5885
18.239
26.182
20.749
1.0544
2.0417
22.646
19.099
18.535
1.0257
0.93325
0.92683
1.3183
0.88512
1.2078
1.205
1.2023
0.90573
1.1429
1.1614
2.5351
17.742
22.542
3.2584
21.627
17.258
0.79433
1.8664
0.98401
1.1117
2.5704
0.99083
0.877
1.2023
1.0715
1.2882
14.521
1.2246
2.1281
0.78163
1.3459
3.281
1.6218
1.1194
1.0233
1.9861
1.9011
0.79433
0.90365
0.73114
3.4674
22.594
24.774
19.953
19.999
1.6711
0.8147
0.87096
1.1015
1.074
1.1614
0.89743
1.0839
0.93325
1.8197
1.8365
1.6444
1.0914
5.8479
22.029
22.542
2.4604
20.091
18.535
21.777
0.77804
11.272
9.1411
0.8892
0.70307
3.6983
1.0209
1.349
1.3062
0.95719
1.3996
1.3583
1.1246
2.9785
13.772
1.2853
1.0889
1.0233
0.89125
0.8892
25.942
26.485
15.453
25.351
28.51
23.067
24.266
7.1779
10.889
11.535
26.915
19.679
2.0989
21.038
22.961
1.1749
4.529
20.797
27.29
22.699
18.621
14.521
0.74989
0.9506
20.37
21.878
19.77
11.776
17.989
25.645
22.491
21.627
10.617
26.062
22.284
13.49
22.961
3.4674
0.86099
1.052
0.96161
0.75162
0.97499
0.96605
2.884
19.099
0.94189
1.2359
1.2972
1.8621
1.1066
22.182
23.714
24.491
1.7378
0.82414
0.79068
0.82224
0.77625
0.90991
0.90991
0.79799
1.4028
0.83753
6.2087
1.6069
5.5847
1.9999
1.1041
27.542
28.642
25.177
28.576
8.1096
22.491
2.3659
12.618
24.491
1.6827
15.922
23.442
25.41
33.963
21.478
19.498
32.961
22.646
18.88
4.2364
9.7949
17.742
26.546
33.497
27.164
24.889
22.08
2.7669
19.364
24.322
10.069
10.568
2.6303
0.96383
1.3122
2.3281
1.2618
5.8884
28.314
27.542
29.174
22.439
20.512
18.493
17.378
25.882
20.512
22.439
1.6331
21.038
25.177
1.4928
0.91411
8.892
25.119
20.324
26.182
27.99
25.293
23.442
20.701
24.044
19.275
20.654
25.003
19.055
20.893
20.845
19.861
28.576
30.903
27.353
23.933
23.605
1.8578
1.0209
2.729
1.0568
1.4791
2.1528
26.182
24.66
25.061
27.04
17.14
20.417
20.606
10.495
1.0666
1.0116
23.823
25.586
27.29
27.29
30.69
24.831
13.428
21.827
2.4266
1.0257
22.284
25.41
24.155
20.417
18.836
2.5527
0.76033
0.80724
13.397
23.55
25.527
27.606
22.08
25.527
1.074
1.0544
6.9823
1.9588
16.982
1.2274
17.378
22.751
25.351
23.659
23.933
28.84
27.29
13.397
0.78705
0.877
1.0046
20.797
1.7061
17.378
26.062
25.527
24.717
1.2882
0.75683
0.8414
0.74473
0.83368
0.79616
11.508
23.281
28.907
30.2
28.379
11.641
15.596
19.543
25.235
2.1979
10.139
22.646
4.9431
0.75336
1.1695
23.388
22.439
28.184
28.184
23.496
27.861
19.679
0.74131
0.82794
0.7925
0.73114
0.77625
0.85901
0.85507
0.8091
0.85114
16.866
20.091
21.232
22.542
28.51
29.992
24.099
35.645
1.1995
1.2794
1.3243
1.2331
1.2359
1.4622
2.8708
2.2751
2.8184
4.6989
25.468
19.588
3.6559
4.9659
23.988
25.645
0.83753
13.366
30.269
27.29
27.29
21.777
27.416
13.868
0.83368
25.704
25.003
17.14
25.942
29.174
30.061
28.119
0.85901
0.86896
0.81283
0.78886
0.89125
0.8414
0.91833
0.83946
0.84528
0.74817
6.8549
22.751
26.122
20.701
14.588
26.73
25.177
2.3121
18.923
23.281
22.233
23.388
25.882
26.607
21.038
23.227
24.774
17.742
15.922
27.102
24.155
14.962
23.496
29.717
28.51
23.335
0.87096
21.429
2.2029
14.521
25.586
3.2359
0.83368
10.94
31.989
26.669
30.269
23.714
24.155
6.6681
15.776
20.845
28.973
23.55
23.227
14.158
0.86896
0.77983
0.76736
0.86896
0.79068
0.73282
6.0954
22.491
17.458
19.454
20.941
22.08
14.355
0.84918
0.81846
0.77625
0.81846
0.96828
0.89331
0.73282
0.82414
0.77804
0.87096
0.6792
0.77268
0.74302
0.7656
17.1
21.429
3.5727
1.2706
3.6813
7.9799
25.942
28.054
29.648
26.242
28.576
25.882
21.086
19.634
23.823
20.324
3.2734
13.804
28.907
25.177
30.903
17.783
20.277
24.491
27.102
26.546
27.227
29.785
21.677
22.182
20.091
22.182
15.241
12.589
24.21
29.309
28.642
15.488
3.9174
1.1066
0.79433
9.2897
30.62
27.416
29.309
28.708
27.479
21.184
18.967
20.137
22.751
0.93325
4.102
1.074
0.93972
0.78705
0.93111
0.83176
0.82414
0.89536
0.8531
0.82985
0.74302
0.85114
0.78524
2.7861
0.84918
0.81846
0.91622
0.99083
13.677
25.003
22.08
25.293
29.04
18.197
22.439
10.666
21.184
27.353
23.174
25.061
22.182
23.659
26.669
26.977
23.933
6.223
3.4198
2.958
21.677
26.73
28.379
25.293
30.479
29.854
26.669
4.9204
28.314
27.542
9.9541
17.338
0.83753
0.92897
0.82794
0.89125
19.011
2.4491
4.8865
1.4125
1.0209
1.0495
1.0814
2.0749
25.293
31.117
27.861
26.062
24.322
26.182
25.527
27.416
30.2
24.378
25.468
23.55
25.293
17.498
2.466
0.93325
2.4044
6.223
1.7579
8.1658
1.7298
15.922
22.233
23.442
25.061
21.135
19.77
16.255
23.55
31.915
29.376
29.717
13.772
10.093
3.8371
18.836
27.29
23.988
0.7709
2.2751
0.75336
0.86896
0.88512
0.85704
20.749
24.946
24.946
23.067
21.33
23.988
18.967
11.066
0.79068
0.85114
0.87096
4.1495
22.131
22.961
26.363
25.704
1.7783
13.183
20.417
20.137
25.823
22.961
0.79983
0.73282
0.77625
0.7379
0.82604
0.7925
0.9528
1.7579
15.74
1.5885
2.958
9.3111
2.3388
18.113
20.045
23.55
24.378
21.33
26.303
23.442
4.8641
8.3753
0.82604
0.93972
0.94624
0.76033
0.88105
0.84333
0.88308
0.83368
23.067
27.606
20.184
23.388
35.237
21.627
28.119
17.498
2.6242
0.86497
10.789
1.122
0.8414
0.8995
0.7925
18.03
18.923
18.664
2.958
18.072
2.7416
16.943
17.418
26.424
21.627
20.989
17.258
5.6234
0.80168
0.76208
2.1135
0.75683
5.3456
4.7098
0.8147
0.77983
0.74645
0.84918
0.74817
0.88716
0.82224
0.74989
0.8414
0.82604
0.76384
0.83753
0.80538
0.74131
0.74645
0.69183
2.0559
10.715
4.4361
10.375
1.3366
2.0606
1.3583
22.856
18.535
11.668
4.7753
0.87096
0.77446
0.74131
0.74989
0.76736
0.73621
0.69823
0.82794
0.8995
0.73282
1.5704
15.417
18.88
14.825
22.542
23.605
19.409
16.634
11.588
0.85507
1.2134
2.6669
5.6624
10.74
17.66
23.174
15.776
2.6546
17.701
18.493
8.7297
1.0304
1.1376
0.7656
3.54
3.8194
1.5136
0.98175
1.2417
6.0674
18.408
2.4378
5.3703
4.102
1.2972
1.3868
1.9231
5.7412
7.4302
10.814
24.547
20.797
22.856
2.2182
0.83176
2.2909
0.88716
0.83176
0.81283
0.93756
10.715
21.528
19.409
0.76384
0.78705
0.83176
0.92683
0.86497
0.76736
0.79799
0.83368
0.77268
0.82224
1.0593
0.84723
0.82414
0.74817
0.81846
0.84333
0.8091
0.73961
0.79983
0.89331
0.79616
0.79799
0.76384
0.79616
1.6181
13.183
13.521
0.79799
0.77446
2.0941
24.604
18.323
1.3002
0.94842
0.89536
0.91411
0.86696
0.77625
0.79433
0.94189
1.0641
0.8892
0.97051
0.86099
0.81658
0.74817
0.75858
0.80724
0.90782
0.85507
0.75162
0.99541
0.73961
0.97724
0.86497
0.81658
0.84333
0.86696
1.8967
2.0701
1.1324
1.1641
0.80353
3.6141
1.0116
1.4723
1.2764
11.117
8.3368
8.7096
10.399
0.84528
0.76736
0.76033
0.75162
0.70469
0.86099
0.96605
0.88308
0.72444
0.73451
0.7656
0.86896
0.89536
0.94624
0.83176
0.9506
1.0046
0.75858
0.78524
0.76736
0.87096
0.83753
5.5976
6.3533
9.8401
0.9594
7.925
5.781
21.928
17.14
2.1086
15.922
9.977
12.853
13.459
1.3122
0.94406
0.85507
0.79433
0.83368
0.77446
0.71945
3.6898
10.233
1.977
3.5237
16.943
9.6605
21.777
18.535
1.0864
0.78343
0.84333
4.1495
11.066
15.066
19.409
17.022
17.906
19.099
1.028
0.82224
1.1776
1.2706
2.0091
4.8306
8.7902
13.428
1.2218
0.86896
0.77446
0.73282
0.94406
0.87498
0.99312
0.79799
0.80538
0.76384
0.77625
0.90991
0.78163
0.79433
0.88512
0.79616
0.73114
0.89536
0.84333
0.78163
0.82985
0.79983
0.82985
0.79799
0.90573
0.80353
1.0641
0.75336
0.88716
0.73282
0.85704
0.80724
0.73961
0.82035
1.4322
0.83946
1.0593
0.8356
0.90365
1.4191
0.88105
0.80353
2.8314
0.8995
0.96161
0.73961
0.84528
0.89743
0.73961
0.90991
0.85704
0.73282
0.877
0.76384
0.89743
1.4355
1.0715
3.1261
0.82604
0.99312
0.78343
0.86497
0.77625
0.9247
2.2646
1.0046
0.8531
0.84528
4.256
0.91201
1.1668
0.89743
0.92683
0.71779
0.8356
0.7379
0.79799
0.80724
0.80168
0.93541
0.72111
0.82224
4.7973
0.80724
0.84333
0.90157
0.72778
0.82604
0.86497
1.5885
1.2531
1.1995
0.79616
0.83753
0.8356
12.56
0.83753
0.82604
1.0139
0.86099
0.73282
0.78886
2.6792
0.877
0.82224
1.2106
1.1614
0.72946
0.82224
2.1038
0.72277
0.76736
0.83176
0.67764
0.87096
6.4417
1.4158
0.81096
0.76208
0.79068
1.1776
0.7925
0.75336
0.84723
0.97499
0.82035
1.099
7.925
1.9055
1.4962
0.84528
1.8155
3.6644
0.86696
0.80538
0.86497
0.82794
0.73451
0.79799
0.78343
0.86896
0.83946
1.4521
0.72277
0.75858
0.76208
0.73961
0.75509
0.92257
0.70795
0.74131
0.90157
0.72611
0.72444
0.78524
0.7145
0.74131
0.79068
0.82985
0.81658
1.0544
0.77983
0.86696
0.75509
0.75858
0.71121
0.81096
0.79616
0.79616
0.76033
1.5417
3.069
0.71779
0.74302
0.91411
0.81846
0.80353
0.80724
4.6774
0.82035
0.80353
0.78886
0.8356
0.96828
0.86896
3.0339
1.099
0.79799
1.1376
0.84528
1.7865
1.7022
0.99312
0.77446
1.0233
0.87498
0.78886
0.82414
0.96383
0.79068
1.9861
0.94406
0.7379
0.77983
0.77268
1.8408
0.85114
0.80168
0.7925
0.93972
0.75336
0.84528
0.70469
0.9977
0.92045
0.91201
0.9977
0.79433
0.94842
0.90157
0.70958
0.83176
0.71285
0.98855
0.81846
2.5882
0.79068
0.78343
0.90573
0.90573
0.70795
2.0941
1.9454
0.77625
0.75858
1.6558
0.79433
0.80724
0.74473
0.86298
1.1535
0.7145
0.86696
0.81846
0.73282
0.88308
0.68707
0.84528
0.79799
0.8356
0.81846
0.81846
0.72946
0.81846
0.88716
0.89536
1.5668
1.4894
0.76913
0.77446
0.73114
0.80353
0.74989
0.79433
0.70146
0.8147
0.87498
1.4928
0.75162
1.5704
0.84723
0.66988
0.79799
0.78163
0.7656
0.83176
0.77625
0.80168
0.90782
0.71945
3.9537
2.1777
0.8414
0.77268
0.78524
0.71614
0.72778
1.052
0.77268
1.7022
0.8531
0.81096
0.93325
0.71121
1.2388
0.87498
0.70632
0.96161
0.84528
0.85507
0.71614
0.79983
0.91201
0.72277
2.4378
3.4594
0.84333
0.72444
0.73621
1.4588
0.74645
0.81846
1.3032
0.85114
2.5468
0.69343
2.1928
2.5763
2.7479
0.88105
1.2531
0.74302
0.75162
0.81283
1.1455
0.74645
0.72111
4.0832
0.86497
0.79433
5.5719
0.79433
0.92897
0.91411
2.2284
0.77625
0.74817
0.77268
0.82794
2.1135
0.79068
3.3497
1.7539
0.92683
1.3677
0.82985
4.3853
3.6058
0.81658
0.90365
1.6982
1.8967
1.5959
2.1878
2.3067
1.3366
0.99312
0.76913
0.8356
0.82414
0.82224
0.85507
2.7606
5.3456
7.9616
9.2683
1.1015
3.4754
2.1677
1.0889
0.85114
2.0464
0.74645
2.1038
0.8091
0.94624
0.9594
0.83753
0.86896
7.3114
1.2882
0.88105
11.298
0.96383
6.6222
1.122
9.6605
2.1478
1.0617
1.4289
0.98855
1.8621
0.90573
1.1995
0.88512
7.6913
5.0933
0.92257
11.272
3.8815
0.90573
0.8147
7.3621
8.8105
0.74817
0.80168
0.8414
0.84528
0.92257
6.9183
0.90365
0.81283
4.0738
5.2966
10.641
1.766
9.8855
1.0864
1.3152
0.90991
5.5081
0.92683
0.84723
0.86099
0.77446
0.85114
0.81283
0.72778
0.75336
0.83368
0.86896
6.8707
0.99541
14.158
3.2063
4.8978
9.3541
3.9719
14.757
4.5186
11.641
1.0839
1.0351
1.0864
5.0119
7.8163
0.84723
6.2517
0.98628
7.709
4.3551
1.028
4.121
3.0339
5.188
0.79433
2.3496
2.9242
1.9231
6.0256
0.91622
1.0257
4.2756
10.839
0.97499
0.86099
0.78163
1.3836
6.7608
6.0256
4.7098
1.2388
2.6669
8.3753
14.791
1.8365
1.3152
1.0116
7.2611
10.399
6.368
1.5031
11.041
10.046
11.272
0.91201
5.821
10.28
9.6161
2.0989
1.349
6.1518
9.3756
12.05
1.2882
7.4989
7.6384
9.6383
9.5719
0.7656
2.3823
8.8512
4.6666
1.9187
1.1668
0.87096
1.0046
9.3111
1.9231
9.6383
11.041
1.2023
1.4997
7.4989
2.2233
10.889
6.8234
11.83
1.5031
11.668
12.589
4.8417
12.706
12.474
7.656
0.83946
1.1015
4.6989
11.588
6.5615
10.447
12.388
1.4997
2.3988
15.276
8.5901
14.289
8.77
10.447
9.8401
12.589
11.749
8.77
10.28
10.789
10
2.7227
10.789
7.656
8.2794
4.3351
0.80168
6.2373
7.2277
9.9083
12.274
4.2462
11.143
17.298
4.6345
14.555
13.062
4.8865
1.074
3.4041
3.4754
5.8345
0.96161
0.72277
1.7539
5.2119
8.4918
0.80538
15.74
8.0538
11.324
6.5464
14.355
0.91622
1.9634
4.1879
4.3152
1.1722
3.0832
11.324
1.8281
1.2764
4.1495
0.75509
0.80353
0.97949
0.86099
1.4962
11.015
2.8973
11.194
1.0046
9.4842
9.528
9.1622
10.375
12.912
4.6774
1.9588
2.133
16.866
18.578
11.482
5.2845
3.069
5.781
11.402
1.8072
1.4256
0.85704
0.92257
6.7453
14.06
3.8905
1.1535
0.87902
1.0162
6.5464
1.2735
0.90365
1.0447
11.885
5.8884
11.641
0.98855
3.6728
7.9068
3.8637
12.388
1.8323
1.0495
9.7051
14.454
10.544
1.5996
5.6754
9.2683
24.378
15.524
12.972
9.4406
7.0146
14.622
0.98628
3.1333
1.2246
9.3325
5.0119
4.7098
0.73451
3.7068
0.8892
10.399
1.5346
8.6497
1.5596
4.4157
10.641
1.1298
8.0724
13.868
1.6406
2.7479
13.677
4.2462
11.776
1.2794
0.81283
12.303
4.4978
1.4421
5.6624
1.5205
21.184
15.066
16.444
15.885
10
1.2445
10.94
13.335
1.3804
2.6182
1.9231
0.94189
6.4714
11.695
14.859
10.423
1.0447
10.52
9.0782
0.97051
10.495
8.1283
1.028
4.4361
7.6033
9.4406
8.6696
5.4075
5.2119
1.2246
3.6224
1.5596
1.7179
13.804
16.218
0.77625
12.162
13.002
4.9888
0.99083
21.627
9.6161
9.7499
10.186
17.1
14.859
14.689
9.3111
12.303
0.84528
3.3729
2.7416
7.3961
9.0157
1.39
0.84528
3.3037
5.2481
0.82035
3.3189
12.106
7.1945
1.8621
0.78163
1.803
4.0832
3.3266
5.6494
10.641
11.885
3.4754
12.589
9.1622
4.2954
7.4302
10.789
13.243
1.2972
1.0023
9.528
0.9977
0.7925
1.4223
0.90782
8.3753
3.4277
12.853
9.3756
3.3729
3.6141
12.764
8.5901
2.3878
6.2951
14.928
17.298
13.062
5.3703
0.90573
3.9628
0.9977
4.7534
10.069
14.125
11.272
2.3335
1.0093
2.9242
1.1376
2.3659
7.9068
2.1184
11.35
2.8249
14.289
7.1285
5.7943
0.71945
14.689
1.9231
6.5464
11.272
14.723
15.74
3.1989
1.2106
3.581
1.6255
1.0617
1.3521
2.0464
9.7275
11.885
10.52
4.8195
2.673
3.3651
0.93325
1.5668
9.2683
16.482
15.885
18.88
1.0046
8.4723
17.338
10.568
18.707
7.3451
1.1429
1.7298
13.521
8.1846
11.402
13.772
14.622
11.402
9.9541
18.113
11.749
16.218
5.8749
6.6681
1.9543
4.0738
6.8077
13.092
13.243
0.89125
1.0641
10.447
9.594
3.0549
0.88512
1.4322
1.0257
0.71614
1.256
10.447
7.1614
2.4491
0.96161
0.96828
0.79433
0.9977
0.81658
3.9174
13.213
12.531
0.98401
0.81283
2.1478
12.706
8.9125
11.35
11.641
18.155
14.028
1.6596
14.622
3.8548
4.8306
4.256
4.0926
2.8642
20.324
16.106
21.878
11.641
14.322
8.5114
14.388
16.368
8.1658
9.8401
11.995
17.219
9.8628
4.256
4.6881
6.0954
17.498
12.246
9.8855
2.2961
13.868
11.376
1.0304
1.556
14.757
14.622
16.406
12.218
16.866
3.1261
6.7298
1.803
5.4702
9.528
12.05
5.6624
16.032
15.631
16.982
11.776
10.691
4.1783
3.8107
6.9502
0.85114
0.84528
3.5075
11.429
7.6208
4.3652
0.9977
1.5668
8.0538
2.0606
1.1117
8.7297
5.188
15.74
1.7579
14.093
4.3551
1.7906
7.145
1.2331
1.6904
0.74817
4.3652
15.311
13.521
18.836
13.932
10.116
14.655
18.621
3.767
2.5704
1.1041
2.2751
6.166
0.76736
0.7709
2.2284
1.6406
0.84723
0.85704
0.97724
3.155
5.0699
3.9994
1.5382
15.453
11.858
2.3988
2.3014
0.75509
1.6106
3.0269
9.8401
8.1658
2.6182
11.614
15.849
5.3088
4.3752
1.7865
0.79616
0.77446
1.8967
2.2233
12.853
10.839
1.3243
1.052
2.6062
1.6558
2.4491
10.889
2.9648
10.715
10.691
4.5709
11.641
0.86696
1.6106
2.9376
0.89743
11.092
0.87297
1.8664
0.90782
0.76913
0.80724
4.592
8.8308
6.0256
6.4269
2.2182
1.6827
7.9068
10.666
11.83
13.932
14.355
13.397
0.99312
8.8512
2.8314
3.6308
0.79068
1.932
10.139
0.71285
5.5335
1.888
4.6238
0.68865
1.2023
3.3343
1.4757
0.77983
4.3451
7.7446
1.1803
11.117
14.421
16.144
4.3451
2.2336
6.7453
1.7742
2.1979
1.5417
9.506
14.689
12.972
8.5507
1.5453
5.3211
1.3183
1.9231
4.3351
9.2257
10.162
0.78343
0.7379
0.94189
0.7925
0.75162
0.77804
0.7145
0.87297
1.9143
1.7061
1.6293
2.1086
5.5335
2.6546
9.2257
8.9331
9.6161
8.0538
10.375
13.032
7.3114
10.233
10.789
10.328
8.7096
19.099
17.338
14.191
16.672
2.1086
9.4842
14.791
15.776
2.904
2.8249
13.183
5.0003
16.144
15.959
11.402
12.503
15.922
14.555
12.677
7.6736
7.9068
0.97275
18.793
10.765
14.488
2.1478
1.9187
1.2134
1.9815
3.0479
10.399
3.5727
0.81283
12.764
12.246
3.8726
2.6002
4.7753
0.67298
3.4119
0.75509
0.98628
0.77446
6.3533
1.3274
3.1477
12.764
11.885
11.776
13.646
7.2111
7.6913
5.1404
16.368
10.889
7.1945
7.5336
1.9861
1.052
2.4889
1.3804
2.7669
4.5814
7.7983
1.3032
8.8105
11.858
8.5507
1.4928
0.76384
0.75162
11.695
5.4702
1.8493
1.2882
2.2751
1.0423
4.1976
11.83
9.7724
10.116
13.152
6.6834
7.7625
13.836
8.5901
12.218
12.417
10.046
6.6527
6.5313
13.152
4.7206
12.162
7.5162
9.6828
14.191
12.05
2.208
0.94624
1.6788
10.839
13.397
11.561
13.552
13.335
12.764
7.0795
9.1201
1.6144
2.541
0.8531
0.8892
1.2218
2.1727
1.4093
5.4075
0.75162
0.71614
1.1776
3.0061
2.0701
0.86896
0.85114
0.82035
0.92045
0.81096
3.8815
2.1232
0.82794
0.87498
0.83176
0.74302
0.94406
0.79983
0.74645
0.85114
0.75858
0.9977
0.84918
0.8892
0.72778
0.76736
0.82604
0.80538
1.4191
2.3121
1.6444
10.765
2.8184
2.4155
11.614
10.093
2.958
4.4875
1.8621
2.7733
7.3961
2.4322
1.8365
0.89331
5.4325
1.932
1.1272
0.72111
0.69183
0.79068
3.4356
4.9774
1.3614
6.9984
1.0093
8.892
12.359
2.8774
1.2794
1.803
5.5976
8.9331
0.87902
1.71
2.421
0.92045
3.9355
6.7453
10.375
11.194
14.355
13.366
8.892
19.187
7.8886
1.71
1.4655
8.9331
1.2794
0.85114
2.3014
0.69663
0.69502
8.414
1.1561
5.0816
1.7579
0.877
1.2972
14.355
11.83
13.49
11.614
14.928
10
12.106
10.351
0.97275
4.8195
12.618
13.428
14.894
11.561
13.335
11.376
12.503
9.0991
3.3266
1.0209
0.79433
3.3884
10.423
10.023
7.7446
8.6099
12.589
6.792
5.0582
1.4028
6.6834
7.0795
8.0724
10.399
4.4875
2.0941
1.2445
0.81096
1.4158
8.2985
6.4863
13.366
6.5313
7.1945
7.5336
13.092
1.4689
0.72444
12.078
15.631
1.0447
2.5468
1.0471
1.1614
1.0864
3.013
6.6222
0.80168
0.8892
0.74302
0.77446
0.97499
0.74645
0.74473
1.1324
0.77625
0.93325
13.305
7.7268
11.041
7.6033
7.925
15.524
1.4488
3.8194
1.7061
3.2584
7.8886
3.2659
12.134
1.6788
3.7411
0.82985
1.0814
0.73282
8.1283
0.74131
0.79068
0.74989
0.82985
0.97949
1.3428
0.76736
0.76208
0.74302
0.85114
0.82985
0.70958
2.2233
0.97051
2.7353
11.561
13.183
9.0573
3.7497
4.4055
6.2373
3.8994
4.3351
2.6062
0.84528
0.86099
0.80168
1.0889
2.1281
1.7498
0.8356
2.0749
9.9541
8.091
1.2706
6.8391
3.7497
1.4622
5.1523
8.531
16.982
14.256
2.5293
7.2611
1.9724
0.94842
1.9588
2.9376
8.5114
11.641
2.8708
3.8282
2.0893
7.0307
4.0738
2.4266
5.4702
4.9317
1.9364
10.139
4.0926
0.88105
3.4198
3.2434
0.91833
3.6559
6.9502
4.7753
6.8234
2.904
2.1677
3.5156
0.76384
4.6774
2.3714
0.70469
0.74989
0.68865
0.79799
0.76384
0.79616
0.82985
0.65313
0.70146
0.70795
0.7709
0.80724
0.78163
0.84723
0.79068
0.82414
0.67453
0.74645
0.71285
0.66681
0.82604
0.70632
0.77625
0.7379
0.68234
0.72444
0.75336
0.72946
0.71945
0.7379
0.77446
0.92683
0.88105
0.94189
0.88308
0.76033
0.79068
0.69823
0.70307
1.4454
1.5241
1.8578
0.74645
0.69663
0.74473
0.69183
0.79983
0.89743
0.87498
0.98628
1.0471
5.7148
6.7608
2.7227
0.7656
0.73961
0.73451
0.69663
0.73451
0.85704
0.71285
0.76736
0.79433
0.81658
0.72111
0.82794
0.78886
0.7925
0.93325
0.85704
0.71614
0.70146
0.77804
0.69663
0.69502
0.72778
0.74473
0.79616
1.4791
0.87902
1.9011
0.68865
0.7709
0.71121
0.7145
0.74302
0.9594
0.82794
0.73961
0.75858
0.82035
0.7656
0.8091
1.1858
7.6033
5.3703
1.7824
10.209
14.655
10.839
12.388
17.378
7.9433
8.5114
7.5162
0.97949
4.3853
16.218
15.205
13.183
2.1878
1.0568
0.78163
2.023
1.0351
9.3541
10.399
8.8512
13.9
2.0091
2.4099
3.8019
1.3583
2.958
11.092
10.593
16.711
0.79433
0.68865
0.75683
0.82035
0.76913
0.83368
0.67764
0.66374
0.69183
0.76736
0.72111
0.77446
0.76913
0.72946
0.7925
0.74302
0.83368
0.77804
0.83368
0.76913
0.69663
0.70469
0.92045
0.89125
1.9724
0.75509
0.86896
0.92045
1.2503
0.81846
0.73621
0.74989
0.72111
0.82794
0.81096
0.72611
0.72277
0.76384
0.79616
0.68549
1.2912
0.89536
0.94842
0.84723
0.94189
1.1066
0.69024
0.70146
0.90573
0.75858
1.1885
0.82035
0.70795
0.77804
0.78163
0.73621
0.71614
0.75509
0.76913
0.80538
0.7145
0.70469
0.72444
0.72778
0.65163
0.80538
0.84918
0.73451
0.97949
0.87498
0.77446
0.9506
1.2274
1.0023
1.2503
1.574
1.2359
1.2503
0.76033
0.75509
0.69984
0.77983
0.83946
0.72946
0.74473
0.89536
1.1066
0.79616
0.82794
0.7656
0.81658
0.80724
0.75683
0.84528
0.78163
0.76208
1.122
1.0399
1.5704
0.74302
0.76913
0.7709
0.7709
0.68234
0.82414
0.73114
0.90157
0.83176
0.81846
2.2699
0.82985
0.92897
0.98401
1.0789
0.93756
1.875
0.9247
1.6106
0.96161
0.88512
0.7925
0.80353
0.97949
0.78163
0.74645
1.3213
0.89125
5.035
1.8967
2.7797
0.75162
1.5205
0.69343
0.75858
0.73282
0.74131
0.75858
1.2023
2.8708
0.76033
0.73282
0.76208
0.77625
0.99312
1.4928
0.90991
0.84723
0.82414
1.3366
0.72946
0.72611
1.2331
1.074
1.122
0.73621
0.82035
0.74645
0.72611
0.69183
0.71945
0.7656
0.76033
0.93756
1.1508
0.93111
0.8531
0.83176
0.80538
0.72611
0.76033
0.74473
0.8147
0.87902
0.99541
0.70632
0.83368
0.74473
0.78524
0.73621
0.69343
1.2417
0.83176
1.0889
0.72946
0.73621
0.71945
0.93756
0.78343
0.81658
0.74989
0.74302
0.76384
0.72277
0.75858
0.70958
0.74473
0.73451
0.73282
0.73282
0.78886
0.78524
0.8531
0.80538
0.77268
0.7925
0.83368
0.83946
0.79616
0.78524
0.70958
0.7379
0.74473
0.82794
0.72111
0.90991
1.2303
1.2853
0.94189
0.77268
0.93756
1.5488
0.75509
0.71121
0.74302
0.74989
0.77804
0.78163
0.79983
0.69183
0.72444
0.77268
0.74131
3.7584
4.4361
1.1614
0.81846
0.8147
4.7534
8.7096
8.8105
8.531
1.2503
17.14
11.967
6.9663
7.3451
8.8512
9.594
5.0699
4.2267
6.3241
2.7353
1.0233
0.87498
7.1285
1.0423
2.7733
3.013
5.7016
5.5719
1.4421
0.75162
0.66988
0.68234
0.68707
0.66681
0.73114
0.74645
0.69024
0.70958
0.68391
0.69984
1.9634
0.72277
0.67298
0.73621
0.69024
0.78163
0.72611
0.66069
0.70146
0.69984
0.69823
0.73961
0.66374
0.69343
0.67764
0.6792
0.64714
0.67764
0.66374
0.71285
0.76913
0.66681
0.66834
0.70795
0.65313
0.68077
0.71285
0.69024
0.84918
0.70958
0.66834
0.66988
0.72277
0.69024
0.75162
0.65464
0.69343
0.75683
0.72946
1.3709
1.7219
0.84528
0.66988
0.70307
0.69663
0.66834
0.66374
0.70632
0.65766
0.69663
0.74989
0.77625
0.75683
0.69663
0.70632
0.70795
0.75162
0.93541
9.2045
2.421
5.559
3.9902
1.1169
0.79799
0.8356
1.0617
0.82224
0.78886
0.90991
1.4322
1.9953
0.91201
1.2445
0.86298
0.86696
0.9528
1.3614
1.9275
0.81096
0.71614
0.79616
0.72444
0.73451
1.3397
2.541
7.7983
7.7804
0.97051
0.89331
0.75509
12.106
5.8884
5.8749
2.9992
8.1658
1.4723
3.1261
3.581
7.2611
1.0162
3.7239
1.2303
1.2474
3.013
8.3368
9.977
1.6368
0.97275
0.83368
0.96605
1.9498
4.7315
6.1518
1.0864
1.0914
1.1143
2.1928
2.0559
0.64863
0.81283
3.8107
0.84723
0.73114
0.87498
0.83753
0.79616
0.72611
1.0765
0.8531
2.4831
8.0168
4.3853
12.706
9.3325
4.2364
2.7353
9.7275
8.0724
8.1096
5.358
1.9498
0.79616
0.81658
1.4388
0.71121
5.1761
6.8549
1.8365
0.83368
1.0471
0.85114
0.80538
0.78705
1.2912
0.84723
0.71945
0.70958
0.69024
0.74817
0.7145
0.69502
0.7925
0.77983
0.90782
0.95719
0.74302
0.71121
0.92683
0.74131
0.92683
0.76033
0.73282
4.2364
1.3772
2.958
5.6885
3.8107
1.7906
1.3335
0.91622
0.91833
3.9902
1.2218
0.67143
0.70795
0.69823
0.67453
0.68707
0.66069
0.68549
0.86896
0.76736
0.74302
0.67453
0.79433
0.79068
0.75336
0.71121
0.72611
0.75858
0.74989
1.0965
1.5311
1.0093
0.70307
0.64417
1.8155
1.1614
1.3868
0.9506
1.977
0.90157
1.1429
1.1298
1.4158
0.69502
0.67453
0.77268
0.71945
0.79616
0.68549
0.77625
0.77804
0.73282
0.71121
0.73114
0.77268
0.70958
0.81096
0.71614
0.74131
0.69663
0.66988
0.85901
0.75683
0.73114
0.67298
0.72444
0.73621
0.67298
0.72277
0.7145
0.74645
0.74817
0.74645
0.6792
0.72111
0.7709
0.72611
0.77983
3.6898
1.4655
0.86099
0.68234
0.66834
0.72277
0.75858
0.72277
0.68234
0.67764
0.85901
0.9247
0.97724
1.1455
1.2823
2.0184
0.70958
0.66069
0.74131
0.65163
0.75683
0.72111
0.69343
0.72444
0.74131
0.70958
0.70469
0.74302
0.69343
0.74645
0.74302
0.86099
0.7925
0.90365
0.80168
0.89125
0.77446
0.81846
1.5031
0.80168
0.74302
0.70632
0.7709
0.7379
0.66681
0.76736
0.64714
0.75336
0.71614
0.73961
0.71779
0.67453
0.72946
0.74473
0.70632
0.75162
0.84528
0.74131
0.78524
0.79983
0.76913
0.65917
0.78705
0.77268
0.70146
0.69823
0.71945
0.76208
0.70469
0.69663
0.80724
0.70958
0.70469
0.70146
0.66374
0.68234
0.67608
0.68234
0.74131
1.0593
0.90157
1.3062
2.037
0.76736
0.81283
0.96605
0.74817
0.7925
0.82604
0.69183
0.78886
0.74817
0.67608
0.70632
0.74817
0.72778
0.73114
0.86099
0.71121
0.64417
0.71779
0.72611
0.76913
0.72444
0.7709
0.84918
0.87096
0.75509
0.68549
0.8414
0.85114
0.71614
0.71779
0.81658
0.70146
0.75336
0.69024
0.74473
0.7145
0.71121
0.69823
0.75858
0.75858
0.76384
0.64714
0.79616
0.90365
1.2023
0.75336
0.79983
0.76384
0.90782
1.1324
0.7925
0.85114
0.76384
0.93111
0.88716
0.86896
0.70307
0.69984
0.76033
0.78343
0.75509
0.70307
0.77625
0.70958
0.73451
0.83368
0.79068
0.70958
0.69663
0.77625
0.69663
0.83753
0.71945
0.74473
0.72111
1.0544
0.69984
0.84528
1.1429
0.75162
0.80724
0.77625
1.028
0.66527
0.74131
0.70146
0.79799
0.67143
0.72444
1.1066
2.0654
1.3366
0.92045
0.80353
1.0423
0.86497
2.0559
0.7709
1.0471
0.89125
0.69984
0.77268
0.76736
0.74473
0.74817
0.71945
0.72946
1.094
0.93111
0.77804
1.6144
0.74473
0.67298
0.70958
0.68707
0.68391
0.6223
0.69343
0.74473
0.75509
0.70795
0.72611
0.69343
0.70469
0.75683
0.71614
0.75858
0.80538
0.7709
0.71945
0.69183
0.76208
0.80353
0.82035
0.69024
0.80724
0.91833
0.69984
0.79068
0.74645
0.71121
0.84528
0.69183
0.68707
0.70958
0.75509
0.70632
0.76384
0.70469
0.74131
0.72778
0.69502
0.73451
0.72277
0.85114
0.78524
0.99312
1.0715
1.0789
0.87902
0.78163
1.2474
0.89536
1.6943
1.135
0.68865
0.73451
0.65313
0.69984
0.69024
0.68707
0.66988
0.67298
0.67453
0.70146
0.69024
0.69502
0.63973
0.72611
0.79616
0.69984
0.78524
0.64269
0.68707
0.84918
0.66681
0.7379
0.68077
0.66374
0.67143
0.69823
0.85901
0.82794
0.73621
0.80538
2.6062
0.80168
0.72778
0.68865
0.70146
0.69823
0.65313
0.73961
0.66988
0.74645
0.67143
0.69663
0.76033
0.79068
0.75509
0.67608
0.68707
0.69984
0.78705
1.0691
0.90991
2.6485
1.8365
1.6749
0.67764
0.79068
0.69024
0.69024
0.69984
0.68077
0.6792
0.67608
0.72778
0.76913
0.74989
0.72277
0.70469
0.69663
0.73114
0.68865
0.68077
0.71779
0.69343
0.72111
0.77446
7.8705
0.91622
0.78886
0.77625
0.7925
0.79983
0.75858
0.8531
0.93111
0.76913
0.84333
2.7925
0.83176
1.9364
1.3152
0.94406
0.84333
4.6026
10.74
15.704
2.1627
13.9
10.069
1.6672
2.4717
5.5463
8.2604
5.2845
2.2961
1.052
1.2531
1.4962
2.3988
12.106
0.82604
0.72277
0.7145
0.66988
0.74645
0.70307
0.78163
0.78705
1.5066
2.2751
0.90365
1.1143
1.2764
0.71945
0.70469
0.74817
0.7656
0.66527
0.81658
0.68707
0.66527
0.74989
0.70795
0.71121
0.69502
0.70469
0.76384
0.66527
0.74817
0.70795
0.68077
0.77268
0.7145
0.68077
0.69024
0.69343
0.71285
0.75336
0.72277
0.71285
0.72946
0.76208
0.74302
0.69823
0.73451
0.67608
0.71779
0.69024
0.74645
0.76736
0.9247
0.79616
7.9616
0.69343
1.4859
0.72946
0.69984
0.72444
0.68234
0.70795
0.71779
0.6792
0.69502
0.73961
0.68865
0.70632
0.74645
0.66681
0.69663
0.75858
0.76736
1.8239
0.83946
0.89331
0.79433
0.71945
0.96383
0.82414
1.0093
0.72111
0.78163
0.71121
0.71945
0.66988
0.6792
0.68549
0.7379
0.74817
0.73451
0.69502
0.72277
0.66069
1.0544
0.69502
0.73282
0.73621
0.96161
1.5704
0.76384
0.70795
0.70795
0.6792
0.71614
0.69984
0.72611
0.68865
0.69502
0.68865
0.65917
0.90573
1.1668
0.92257
0.75162
2.1135
1.0666
0.71121
0.71614
0.68077
0.77804
0.77446
0.6792
0.69343
0.70307
0.67298
0.71945
0.77268
0.72444
0.7925
0.71945
0.70146
0.73114
1.2106
1.2647
1.3552
7.5162
7.1121
0.72946
0.7709
0.77268
0.68391
0.72778
0.75683
0.75162
0.75509
0.68707
0.69343
0.79433
0.73451
0.77446
0.76736
0.78705
0.71779
0.81096
0.70795
0.8531
0.69984
0.91201
2.7797
1.2162
1.9275
2.2387
2.2284
0.69984
0.68391
0.70795
0.67764
0.74645
0.69183
0.70469
0.75336
0.73114
0.74645
0.68391
1.194
0.7925
0.81283
1.0186
2.6669
0.70795
0.75162
0.66681
0.65163
0.72946
0.68549
0.65917
0.68234
0.70469
0.69343
0.64121
0.70632
0.77804
0.69984
0.8091
0.78163
1.0139
1.1695
6.9024
0.86497
4.5604
1.1455
5.3088
0.69663
0.70958
0.79983
2.0184
0.75683
0.69502
0.69343
0.72946
0.71121
0.70795
0.74302
0.73621
0.73114
0.73114
1.0116
0.94406
0.74645
0.80168
0.70469
0.72778
0.65313
5.42
12.853
8.6298
9.4842
0.87096
0.93541
0.74989
0.99083
0.89331
3.2734
8.7297
1.1912
2.0417
0.73621
0.77804
0.73451
1.5205
0.76033
4.0365
3.3343
0.71945
0.83946
0.66222
0.73451
0.70469
1.6672
5.728
0.75162
5.0119
3.1117
0.73451
0.72611
0.70307
0.77446
0.72611
0.6792
1.3709
11.482
2.3768
0.81846
1.183
0.87902
0.8531
0.93756
0.90991
1.1967
1.2618
0.73451
0.74131
0.76736
0.68707
0.80168
0.65013
0.95499
0.68077
0.66681
0.67764
0.72444
0.68707
0.71285
0.67143
0.75509
0.78163
1.4521
5.0816
1.6181
14.622
16.444
8.5901
16.943
5.5847
11.641
6.9343
0.69183
0.69663
0.67608
0.66222
0.78524
0.70146
1.3552
9.7949
1.219
0.72277
0.78705
0.79616
0.78886
1.8155
1.0568
0.78705
0.76033
0.7145
0.80353
0.79799
0.7925
0.79799
12.134
8.0168
5.3951
7.3282
9.3111
1.0069
8.2224
4.3053
6.1944
2.8642
2.8445
1.374
2.3878
6.5917
3.4119
8.6896
0.68549
10.789
1.3804
0.67143
1.0399
0.74817
0.80538
1.8239
5.188
1.4757
0.75336
0.73451
0.71945
0.69343
2.904
1.5171
2.3659
13.772
9.5499
6.3241
11.298
10.139
13.459
9.0991
15.171
5.6754
9.2257
13.213
1.714
11.803
8.8308
3.4356
19.679
1.0814
0.88512
0.8414
0.78886
1.074
2.7227
1.9907
9.2897
11.041
19.999
9.9312
0.92257
6.0954
18.408
8.8308
1.6943
16.032
12.853
0.77625
7.9433
0.87096
0.78705
1.122
0.77268
0.78705
0.76384
2.1232
15.417
8.9331
16.943
0.83753
0.80353
10.375
8.356
0.74473
0.77268
0.74817
0.70958
0.74473
0.89331
4.3351
1.2162
4.0832
0.76913
0.73282
0.72444
2.1878
0.72611
0.74131
0.73282
0.84723
0.89125
10.069
10.99
13.428
7.4645
13.062
13.213
12.677
12.388
1.074
0.7925
0.76736
0.97051
0.75858
4.9431
10.162
9.2045
12.647
15.959
14.997
5.0699
9.5719
2.1928
1.1169
0.83946
4.9431
6.9823
13.74
0.8892
0.79433
0.76033
0.80538
9.7051
1.0209
2.5351
11.066
20.606
17.338
2.8184
20.464
14.825
0.75336
1.1641
1
9.4406
4.0272
3.4198
0.81283
7.9799
12.134
11.508
16.406
13.836
9.6828
22.699
15.56
5.0582
6.0117
1.5776
0.92257
7.7268
3.7584
3.5156
3.069
7.3961
6.4863
0.81846
5.6105
0.66527
7.5683
0.97724
0.74645
3.54
17.219
14.689
10.74
17.579
14.588
4.2267
5.2723
1.6788
15.453
15.031
13.243
14.521
12.078
17.258
6.0395
7.0632
0.71285
21.429
0.77625
2.6485
21.727
11.402
0.877
0.877
0.85901
1.7378
9.2683
20.137
12.218
0.92897
17.458
2.4044
0.94842
4.14
18.578
17.378
15.704
16.331
14.825
11.535
12.589
0.77983
8.1283
0.877
13.868
14.997
19.32
5.9566
17.579
15.171
16.293
23.121
11.482
15.241
1.5205
6.5464
9.7949
0.80538
1.1041
1.2942
1.0375
2.1777
0.97724
1.1272
1.1588
5.236
17.865
14.093
11.246
15.417
18.578
6.2661
13.459
15.171
8.2794
10.568
16.749
9.6605
2.5061
0.87096
1.0139
2.0091
10.715
17.1
18.281
8.2224
11.967
12.56
5.5719
11.508
17.258
10.447
26.853
16.181
15.524
19.634
11.041
18.155
10.52
13.614
13.804
15.596
21.627
24.547
21.38
19.679
15.74
14.723
17.378
16.52
3.3343
1.3002
2.5645
14.622
20.37
21.429
27.164
18.793
17.179
9.1622
3.3189
6.4714
15.171
6.4714
15.996
1.6255
1.0914
18.365
15.631
8.4723
1.4723
0.9506
4.7973
20.797
20.512
2.0654
0.8091
0.82985
2.6977
15.996
13.677
16.711
11.535
15.596
15.922
17.989
16.406
5.6105
12.706
21.429
14.825
12.706
16.293
18.578
5.7544
14.689
2.6915
13.122
13.213
18.45
18.281
17.62
1.1066
4.0179
2.6853
1.4555
21.038
13.932
12.589
18.88
6.8707
2.2751
20.324
17.298
14.488
1.5346
14.723
18.793
15.524
3.5727
0.79068
0.85507
0.78705
1.1722
0.98175
11.402
20.989
14.488
1.7989
8.414
1.2882
14.289
2.2233
24.491
19.953
18.239
14.191
20.37
16.293
23.014
13.459
2.9717
12.853
13.397
17.418
19.679
22.542
18.75
9.7051
15.453
16.749
16.866
11.092
21.979
14.355
15.066
16.982
15.241
18.793
14.859
18.281
26.062
19.275
19.588
17.824
12.19
19.454
15.066
2.2387
26.669
20.277
15.596
17.458
19.275
2.1928
18.923
7.2946
17.14
18.45
18.75
26.182
20.893
20.417
16.672
21.627
15.417
19.364
12.417
18.072
12.677
21.135
21.979
19.143
