11.117
7.379
10.447
7.6736
16.368
1.0093
0.8892
0.74645
23.823
27.353
15.849
11.298
16.749
27.164
13.964
8.9125
16.788
26.607
34.277
22.336
22.961
24.831
24.21
23.335
22.751
23.014
1.4454
0.72277
19.454
21.528
27.353
27.733
24.266
20.941
17.14
3.1915
1.3243
1.1722
1.099
1.1246
0.94624
1.4093
6.0674
2.5586
0.77268
0.84723
0.70632
0.71779
1.6749
2.3388
3.767
5.035
0.90573
1.4622
1.1041
3.1405
0.79616
2.1777
1.71
1.194
15.066
21.727
20.184
17.783
24.21
22.961
24.717
20.654
1.4555
16.406
17.906
24.434
21.878
21.232
1.0351
0.75336
0.72611
0.88308
1.4158
0.98401
12.388
16.181
6.6988
24.774
20.184
3.2359
9.0157
19.011
15.996
0.72946
1.4521
1.0617
0.97724
1.4028
1.2942
1.4825
1.1722
0.92257
12.05
19.498
11.194
2.6485
3.0761
0.83368
0.99541
0.90157
1.3583
0.76208
0.99083
3.3266
5.358
8.147
22.699
0.66681
0.62087
5.781
19.543
12.05
19.679
1.122
0.72444
0.94406
15.812
17.742
18.88
23.067
23.496
20.893
2.0654
2.4717
20.277
20.797
21.135
3.4594
1.8365
1.652
1.0139
1.0889
13.772
14.488
0.68707
0.70632
0.93972
0.90782
1.9907
0.7145
0.87297
0.82035
0.84333
0.97499
3.069
7.6736
3.1261
2.6002
1.0116
17.62
14.655
11.376
0.66374
0.67453
0.96161
15.488
19.77
16.069
12.331
20.512
24.322
19.999
14.588
15.996
0.93325
0.82985
0.88716
0.67453
1.0399
1.3804
1.2274
1.0864
1.2246
1.1246
1.1614
3.0061
1.1246
0.75683
0.8892
0.77446
0.76208
0.7656
0.82794
0.62951
0.72946
0.7925
1.6293
0.90365
1.0814
0.82224
2.6853
0.76913
0.88105
0.86099
1.1455
1.0765
1.3122
0.84723
1.374
0.69024
1.0666
0.66222
0.67608
0.62661
0.72277
0.63533
0.74989
0.64269
0.76736
0.73961
0.6223
0.64714
0.73621
0.63973
0.67764
0.71614
1.0447
0.7925
9.3111
24.889
17.338
17.539
21.528
21.429
0.7379
0.67298
3.8282
0.87902
0.71121
0.98175
1.7947
8.5507
17.701
23.014
24.434
17.022
19.055
20.277
22.751
22.542
22.542
7.6736
1.4388
18.923
16.293
13.552
1.6368
0.75858
1.0471
0.67608
0.69502
0.8091
1.2134
0.71285
0.74817
0.70958
0.83946
0.69343
0.68391
0.79799
0.64714
0.98628
0.68391
0.67453
0.70146
1.1066
0.84918
0.90991
0.90991
0.98401
1.0814
1.2618
1.2764
1
0.93972
1.1695
1.2417
2.2803
0.67453
0.69343
0.87096
0.64417
0.70307
0.64714
0.70146
0.66069
0.76208
0.62087
0.64417
0.66527
0.68391
0.61235
0.70307
0.65013
0.66374
0.61235
0.69663
0.62806
0.68077
0.62951
0.69343
0.68391
0.68391
0.75858
0.62373
0.60814
0.75162
0.63826
0.67764
0.66681
0.63826
0.68707
0.64565
0.63826
0.70469
0.64565
0.66988
0.66988
0.66069
0.66222
0.64714
0.7656
0.66222
0.70632
0.74302
0.65464
0.69823
0.65013
0.64863
0.67298
0.70958
0.66834
0.70795
0.64565
0.66834
0.66222
0.63973
0.6368
0.65163
0.71121
0.66988
0.66374
0.65313
0.66069
0.66681
0.65163
0.66527
0.72277
0.69024
0.66374
0.70146
0.64417
0.6792
0.66222
0.69343
0.74131
0.63096
0.74989
0.65163
0.68865
0.65917
0.67608
0.68234
0.64565
0.68707
0.69343
0.65313
0.65766
0.76913
0.67453
0.66988
0.67453
0.66527
0.70632
0.64863
0.64714
0.67764
0.69343
0.66222
0.66374
0.64269
0.82414
0.66527
0.6368
0.70307
0.73114
0.78705
0.9247
0.62373
0.6792
0.67298
0.70469
0.73961
0.69183
0.68077
0.65464
0.75683
0.68077
0.72444
0.66374
0.71121
0.70469
0.73114
0.85114
0.66681
0.67453
0.69343
0.73961
0.65917
0.68549
0.70795
0.66834
0.69663
0.67764
0.73282
1.0641
0.7656
1.3092
1.3366
0.83946
0.70469
2.9785
2.8379
2.5586
0.76736
0.66527
0.7656
0.64269
0.74302
0.71945
0.69343
0.68549
0.68077
9.1201
0.61944
0.62373
0.74645
1.9099
0.98175
0.8356
0.88512
0.90365
1.6788
0.65766
0.68707
0.82414
1.3366
0.71945
0.60674
0.67298
0.63826
0.89331
0.66988
0.70146
0.7145
0.65163
0.82224
0.76736
0.6368
0.70795
0.62517
0.66988
0.63387
0.63826
0.69343
0.63826
0.70795
0.60674
0.76033
0.72778
0.70146
0.67298
0.67298
0.63826
0.64863
0.65917
0.69183
0.68707
0.64417
0.66222
0.67608
0.68234
0.66527
0.60954
0.63973
0.61802
0.63973
0.64269
0.66527
0.64269
0.72444
0.65766
0.62951
0.64417
0.66988
0.69183
0.63241
0.69502
0.6368
0.64269
0.6368
0.71121
0.64121
0.64417
0.64565
0.64714
0.63241
0.69183
0.64121
0.72946
0.68865
0.69663
0.64863
0.72277
0.65313
0.63973
0.63096
0.65766
0.68234
0.68234
0.63096
0.64863
0.65766
0.63241
0.64269
0.67453
0.67298
0.68865
0.77983
0.68234
0.66527
0.64863
0.65464
0.59293
0.66527
0.69343
0.69343
0.64565
0.64863
0.64714
0.6368
0.65313
0.65313
0.70632
0.67453
0.70632
0.6792
0.66374
0.69502
0.69183
0.64269
0.65464
0.66988
0.64714
0.63096
0.69984
0.64714
0.61235
0.65464
0.67608
0.64269
0.61094
0.69183
0.72444
0.76384
0.75162
1.0304
0.71121
0.64714
0.97499
0.6792
0.88512
1.3062
1.4289
0.66374
0.66988
0.65766
0.66527
0.75336
0.73282
0.81096
0.67764
0.68234
0.68234
0.7379
0.65163
0.6792
0.69984
0.77446
0.66222
0.8147
0.68391
0.67608
0.65917
0.64863
0.67764
0.67608
0.71285
0.70307
0.64714
0.69502
0.64269
0.65615
0.70146
0.65917
0.69024
0.66222
0.67608
0.74817
0.67764
0.65163
1.8923
1.0046
1.4256
0.69024
0.62806
0.71779
0.67608
0.85704
0.93325
0.98855
0.72946
1.4894
2.0701
5.0582
0.82414
0.81846
0.91411
1.0023
0.86696
1.0641
0.69823
0.9528
0.71779
0.69984
0.63241
0.74817
0.81846
0.66834
0.67143
0.71779
0.60954
0.64565
0.63241
0.64565
0.64565
0.63533
0.65766
0.67764
0.65917
0.66222
0.65013
0.62806
0.65464
0.62951
0.66069
0.62517
0.65464
0.64121
0.70146
0.8414
0.70632
0.67143
0.7379
0.67764
0.64714
0.65313
0.70307
0.62661
0.65013
0.64714
0.67143
0.63241
0.96828
0.61944
0.64565
0.66069
0.77446
0.64714
0.65013
0.66681
0.65163
0.7145
0.68391
0.66834
0.63533
0.80724
0.68549
0.78343
0.70469
0.72111
0.70795
1.052
0.94624
1.1668
0.6368
0.72611
0.68391
0.66222
0.70632
0.66988
0.69984
0.63096
0.86896
1.1092
0.68549
0.64121
0.72611
0.68077
0.75336
0.71779
0.78886
0.87297
0.70795
0.66222
0.64121
0.71779
0.74645
0.65163
0.65917
0.65766
0.67298
0.66834
0.68077
0.6792
0.66069
0.72444
0.66988
0.67453
0.68707
0.63241
0.65464
0.66222
0.66374
0.70469
0.68391
0.67764
0.69343
0.64417
0.65313
0.70632
0.65766
0.68234
0.69024
0.71285
0.67298
0.65163
0.68865
0.62661
0.66988
0.70469
0.68234
0.68391
0.61518
0.65313
0.64863
0.65464
0.62661
0.6223
0.64417
0.70469
0.64863
0.64269
0.75162
0.79068
0.76913
0.63826
0.65013
0.68391
0.73961
0.69024
0.68549
0.66069
0.77625
0.72444
0.67608
0.61944
0.64269
0.65917
0.69663
0.64121
0.68707
0.66988
0.69024
0.62951
0.65163
0.62806
0.62661
0.66681
0.63387
0.65313
0.73451
0.65615
0.66988
0.63533
0.69024
0.63826
0.64714
0.66069
0.6166
0.68234
0.71121
0.66222
0.81096
0.67453
0.71121
0.65163
0.66222
0.72277
0.65464
0.76913
0.65464
0.75683
0.82224
0.69183
0.70958
0.63826
0.65013
0.68077
0.66834
0.63826
0.62661
0.72946
0.64565
0.64417
0.66374
0.63387
0.62661
0.66222
0.63096
0.63387
0.68077
0.6792
0.66527
0.61094
0.68391
0.67764
0.65163
0.68234
0.61944
0.62517
0.63387
0.62087
0.63973
0.65163
0.65766
0.66222
0.64565
0.69663
0.67453
0.65615
0.62951
0.64714
0.68707
0.69024
0.61944
0.69024
0.69343
0.66374
0.63387
0.74989
0.67298
0.69024
0.69984
0.61518
0.64417
0.64565
0.66069
0.65917
0.69502
0.65313
0.67298
0.71614
0.86696
0.66222
0.68391
0.70795
0.66834
0.72277
0.62517
0.65917
0.63096
0.68549
0.70146
0.64863
0.69663
0.65163
0.63387
0.67608
0.67298
0.70958
0.65766
0.66988
0.61802
0.71614
0.63096
0.67764
0.66681
0.67764
0.60395
0.66527
0.63973
0.69183
0.64565
0.7925
0.65464
0.61094
0.65766
0.73451
0.66069
0.65313
0.6368
0.72111
0.64565
0.69024
0.62517
0.70307
0.61802
0.66069
0.64269
0.64565
0.66069
0.66834
0.62806
0.71779
0.63973
0.63096
0.69663
0.66222
0.63096
0.63973
0.65615
0.6223
0.66681
0.71121
0.62806
0.68549
0.67764
0.65313
0.65313
0.64714
0.79616
0.93541
0.68707
0.62661
0.68865
0.66834
0.68234
0.70795
0.62373
0.93111
0.67453
0.77625
1.4928
0.89331
0.7925
0.64714
1.3521
0.77446
0.78705
0.7656
0.93756
0.96605
0.87498
1.0399
1.0544
0.75858
0.90782
4.3351
0.93541
0.92897
1.074
0.98175
1.1015
0.89536
1.7498
0.70795
0.63387
0.79983
0.69984
0.79433
0.71614
0.98401
5.7544
3.6141
0.60814
0.66527
0.65615
1.5346
8.1846
7.1779
2.7416
1.1298
1.0839
1.6482
1.7865
0.75162
0.68865
0.64417
0.66681
0.60674
0.71121
0.73961
0.74989
1.4791
0.90782
1.4289
1.0186
1.9861
0.63387
0.67143
0.69024
0.67608
0.68865
0.62517
0.67608
0.71121
0.65615
0.69183
0.64417
0.65313
0.63826
0.69502
0.67764
0.68865
0.68077
0.62806
0.69024
0.64269
0.77446
0.62951
0.63826
0.65615
0.64714
0.74131
0.65163
0.70632
0.78343
0.69663
0.68549
0.65917
0.70469
0.62951
0.63096
0.76208
0.64269
0.68077
0.63387
0.64417
0.65013
0.65163
0.64121
0.68549
0.64863
0.72611
0.65163
0.65313
0.66834
0.65464
0.67298
0.69343
0.74645
0.69502
0.65163
0.61518
0.65615
0.61944
0.66834
0.6792
0.67453
0.66988
0.63387
0.6223
0.69024
0.70958
0.72946
0.67453
0.65917
1.219
0.66374
0.67298
0.63096
0.63241
0.70795
0.75683
0.66527
0.70146
0.67298
0.67608
0.64417
0.66988
0.72277
0.65615
0.70469
1.7378
1.9231
0.66374
0.67764
0.6223
0.60534
0.66222
0.62517
0.65464
0.69024
0.7379
0.66988
0.71945
0.66681
0.63241
0.66834
0.73114
0.69183
0.66222
0.66681
0.64863
0.62661
0.69183
0.62661
0.66834
0.62951
0.63533
0.63241
0.65766
0.88308
0.60954
0.83753
0.78163
0.68549
0.66069
0.77446
0.71121
1.4388
0.68234
0.69024
0.70146
0.65615
0.61518
0.6368
0.64565
0.65615
0.65163
0.64269
0.68707
0.69024
0.67764
0.6368
0.66988
0.6792
0.66374
1.3583
0.64714
0.70307
0.79799
0.75683
0.72111
0.66069
0.81096
0.66222
0.65615
0.68391
0.68865
0.70958
0.67453
0.68077
0.62087
0.68391
0.67298
0.65013
0.63387
0.69502
0.64714
0.67764
0.66069
0.69823
0.62517
0.63241
0.65766
0.63533
0.66988
0.62951
0.67453
0.70632
0.6223
0.63533
0.64417
0.67453
0.6792
0.66374
0.63826
0.64714
0.63096
0.67143
0.69024
0.68391
0.64565
0.75683
0.90782
0.74645
0.66069
0.96828
1.1668
1.3335
0.98855
0.90991
0.84723
1.099
0.65013
0.63826
0.63973
0.70469
0.64863
0.64565
0.74817
0.71121
0.67453
0.66222
0.70307
0.70469
0.65163
0.64269
0.62517
0.64417
0.63826
0.66834
0.61235
0.66222
0.64417
0.67298
0.62517
0.61376
0.64714
0.69183
0.65163
0.70469
0.64121
0.62087
0.63533
0.68549
0.6166
0.63096
0.64863
0.65615
0.69024
0.75509
0.66069
0.71945
0.70307
0.62373
0.66069
0.6368
0.67764
0.64269
0.69502
0.69183
0.74131
0.7925
0.7925
1.0351
0.63533
0.73282
0.67608
0.63973
0.71614
0.68707
0.62951
0.70795
0.69663
0.62373
0.62373
0.67453
0.66222
0.69663
0.65013
0.69024
0.68391
0.6166
0.64269
0.65013
0.63387
0.66374
0.6792
0.65766
0.70469
0.65917
0.64269
0.68549
0.66069
0.66374
0.66681
0.6368
0.61944
0.64417
0.62373
0.67608
0.66988
0.64863
0.66374
0.63096
0.71779
0.66988
0.6368
0.6368
0.62373
0.62951
0.64863
0.64269
0.6368
0.66527
0.74817
0.71285
1
0.88105
0.64565
0.64565
1.2134
0.88308
0.65917
0.96605
0.70795
0.70469
0.74131
0.72444
1.7378
3.0832
0.64565
0.65615
0.70146
0.65313
0.6792
0.64714
0.68077
0.71945
0.6368
0.65615
0.70307
0.69984
0.66222
0.63973
0.66222
0.67298
0.69502
0.99541
0.81283
0.71779
0.73451
0.78705
0.73114
0.80353
1.7298
0.71614
0.91411
0.65163
0.64565
0.62373
0.62806
1.7865
0.9247
1.2853
1.1066
0.93325
0.97949
0.64269
0.69183
1.3152
0.80724
0.86497
0.91622
0.80353
0.93756
1.0399
1.3772
1.0839
1.1402
1.0889
0.90991
0.99312
0.90991
0.91201
1.4388
1.0666
0.99541
0.9594
1.1912
0.83753
0.91622
0.65766
0.70632
0.76033
0.66222
0.70469
0.68391
0.66988
0.72111
6.9823
3.767
6.0954
4.5186
0.69343
0.70307
0.65615
0.74989
0.65464
0.6368
1.094
0.69024
0.70469
0.9506
1.7258
0.68549
1.1561
0.69823
0.7379
0.75683
0.84723
0.69984
0.64863
0.65917
0.68077
0.61802
0.83368
0.69343
0.67143
0.66681
0.69823
0.68549
0.70958
0.66527
0.70958
0.74302
0.72111
0.63826
0.70146
0.68707
0.66681
0.72277
0.66988
0.75336
0.69024
0.66834
0.74989
0.66681
0.69502
0.68707
0.65615
0.65313
0.72277
0.70307
0.85901
0.75162
0.78343
0.73114
0.65917
0.70469
0.69984
0.64714
0.72111
0.66069
0.78886
0.64417
0.72444
0.67143
0.69343
0.64565
0.71614
0.66527
0.75336
0.67298
0.68077
0.66374
0.66681
0.67143
0.69502
0.64417
0.67764
0.68234
0.69823
0.7709
0.66374
3.4674
0.63826
0.66834
0.71285
0.77446
0.71285
0.69343
0.72444
0.86497
1.0116
1.1143
0.97499
1.3213
1.6368
0.67298
0.68077
0.7379
0.70958
0.66222
0.66222
0.64863
0.70307
0.63826
0.72611
0.65766
0.70958
0.66527
0.63096
0.64714
0.66681
0.64863
1.0139
0.64565
0.65917
0.62517
0.67298
0.65313
0.65464
0.65013
0.66069
0.71779
0.65615
0.87902
1.2218
0.68077
7.1945
0.69663
1.0765
1.3305
1.5241
0.65766
1.0789
0.65917
0.67298
0.68549
0.71285
0.66374
0.66374
0.64714
0.69502
0.69823
0.66527
0.63387
0.6166
0.66527
0.71779
0.71121
0.70146
0.64565
0.69343
0.69502
0.71614
0.65313
0.72611
0.65766
0.73621
0.70469
0.65917
0.77625
0.69183
0.78343
2.7227
1.4488
0.84333
1.3305
1.0116
0.81846
0.74131
0.65917
1.2972
0.83368
0.8995
0.60256
0.70958
0.62661
0.69024
0.68077
0.65163
0.69663
0.74473
0.64417
0.68391
0.65766
0.65766
1.0641
1.4791
1.094
0.72444
0.64417
0.70632
0.73114
0.75162
0.64121
0.66374
0.69823
0.71945
0.75683
0.64565
0.65917
0.64417
0.69343
0.68234
0.66222
0.65313
0.66374
0.68549
0.90782
0.67298
0.68234
0.77268
0.66374
0.65163
0.66527
0.70307
0.67608
0.71945
1.1722
0.72778
0.65766
0.66222
0.66069
1.2942
1.0864
0.83176
0.91411
0.91411
1.7458
0.6368
1.099
0.7656
0.7379
1.3122
0.63096
0.7656
0.66988
0.88716
0.97051
0.70958
0.67143
0.99312
2.0559
0.64863
0.65313
0.68391
0.7145
0.65464
0.63387
0.68549
0.66222
0.63826
0.72946
0.63387
0.65766
0.72946
0.6368
0.6792
0.70146
0.70469
0.67608
0.64417
0.72611
0.68707
0.65313
0.72444
0.65766
0.69183
0.65917
0.69663
0.62517
0.65464
0.65766
0.64565
0.73282
0.67608
0.66222
0.69663
0.66988
0.60534
0.68549
0.69024
0.64863
0.69343
0.66222
1.4158
0.83946
0.71285
0.90991
0.72444
1.1194
1.3032
0.87096
0.83753
1.052
1.3032
1.1722
0.69343
0.66988
1.3614
1.0593
0.86896
0.8414
1.3428
1.9999
2.3768
0.71614
0.65313
0.64269
0.65615
0.67298
0.63826
0.66681
0.66527
0.63096
0.63096
0.6792
0.67608
0.64863
0.71779
0.63241
0.65013
0.73282
0.67453
0.67143
0.62373
0.6792
0.75509
0.61944
0.65766
0.68077
0.65313
0.71121
0.65313
0.64121
0.66374
0.78163
0.64565
0.66834
0.65766
0.68077
0.64714
0.67298
0.66222
0.65163
0.6792
0.64269
0.68234
0.70469
0.67608
0.68234
0.72946
0.67608
0.67764
0.75162
0.66374
0.72277
0.71285
0.68549
0.63973
0.65013
0.71779
0.63826
0.69183
0.67298
0.62661
0.72111
0.65615
0.71614
0.87297
0.69502
0.62087
0.66222
0.70146
0.66681
0.69183
0.65615
0.68707
0.65766
0.68234
0.71945
0.65917
0.62517
0.66069
0.65464
0.63826
0.62806
0.62951
0.70795
0.67298
0.76033
0.67298
0.65766
0.64565
0.67143
0.64714
0.65766
0.65917
0.65313
0.82414
0.6792
0.65917
0.65464
1.7258
0.74302
0.72778
0.84918
1.574
0.72946
0.79433
0.81283
1.1776
0.96383
1.1429
1.1967
3.54
0.61944
0.66374
0.62517
0.64863
1.0495
0.64121
0.67608
0.64269
0.62806
0.62661
1.2445
1.2474
0.6166
0.67298
0.66374
0.66834
0.69502
0.67143
0.66374
0.69024
0.69343
0.65163
0.68865
0.66374
0.66681
0.63826
0.67453
0.65615
0.70307
0.76736
0.69823
0.66834
0.63826
0.68865
0.65766
0.6792
0.69502
0.62373
0.66988
0.74817
0.70307
0.69823
0.65013
0.71614
0.84333
0.64863
0.77446
0.65313
0.62661
0.6223
0.67764
0.68549
0.64863
0.69823
0.65464
0.68865
0.67764
0.72946
0.63241
0.61944
0.67453
0.69183
0.69024
0.72444
0.70958
1.0209
0.66527
0.63973
0.62661
0.61235
0.68549
0.62951
0.65464
0.63241
0.65013
0.64863
0.70146
0.69823
0.64565
0.62951
0.6792
0.65163
0.70958
0.63387
0.66069
0.63973
0.70146
0.66834
0.70469
0.70307
0.65766
0.66069
0.66374
0.67143
0.65013
0.64417
0.66374
0.65615
0.68391
0.65013
0.65013
0.69502
0.67764
0.64863
0.6368
0.64269
0.63826
0.63241
0.65313
0.64269
0.65766
0.63973
0.67298
0.67453
0.65464
0.66988
0.6368
0.65464
0.68549
0.68707
0.66222
0.62661
0.69343
0.66988
0.71121
0.73114
0.64714
0.63387
0.64121
0.62517
0.63387
0.69984
0.64417
0.72611
0.64565
0.63387
0.66374
0.66069
0.65163
0.68391
0.66527
0.69024
0.69343
0.68865
0.65313
0.63387
0.72946
0.62517
0.72611
0.68865
0.68077
0.69502
0.72778
0.63973
0.67608
0.67608
0.64417
0.65163
0.67764
0.6792
0.64269
0.65163
0.69502
0.59979
0.85507
0.84333
2.5468
0.74645
0.92683
0.77446
1.1194
1.0715
1.1117
0.82985
0.69663
1.4791
0.6792
1.4256
5.4828
6.6527
1.3583
0.74473
5.2481
5.7412
1.9143
1.1776
0.63096
0.69663
1.0593
1.0495
0.90157
1.5136
0.80538
0.65917
0.64565
0.67298
0.63241
0.6368
0.68707
0.65766
0.62517
0.66069
0.64863
0.89125
1.1995
0.62951
0.62661
0.66834
0.62661
0.63533
0.63533
0.65464
0.6368
0.62951
0.63096
0.6223
0.62951
0.65464
0.62951
0.64269
0.62087
0.67608
0.73282
0.6223
0.65615
0.68077
0.64863
0.6368
0.64714
0.66069
0.64417
0.6368
0.64863
0.63387
0.67608
0.62517
0.6792
0.69024
0.66222
0.61518
0.63826
0.62951
0.69024
0.64417
0.64269
0.70146
0.68077
0.6368
0.64714
0.63533
0.69984
0.6368
0.64863
0.64121
0.66374
0.60954
0.69663
0.66681
0.65013
0.61802
0.61802
0.63973
0.60256
0.67143
0.65766
0.64863
0.63387
0.65615
0.62087
0.64714
0.65766
0.67608
0.71779
0.6223
0.62087
0.63533
0.66374
0.63973
0.66681
0.61518
0.69502
0.64714
0.64565
0.64565
0.62661
0.65163
0.62661
0.65013
0.62951
0.64565
0.69663
0.6368
1.374
2.3014
1.0691
0.95719
0.67453
0.70469
0.71285
0.63973
0.64863
0.64863
0.71779
0.7709
0.66222
0.66527
0.65766
0.69024
0.63241
0.66834
0.62087
0.62951
0.63973
0.65766
0.67764
0.67298
0.66527
0.68391
0.66988
0.65917
0.77804
0.68549
1.0257
0.70795
0.68707
0.67143
0.7145
0.72946
0.89331
0.66681
0.63241
0.9247
0.63973
0.67298
0.82794
0.61802
0.7145
0.6792
0.64269
0.69823
0.69502
0.71779
0.65313
0.65013
0.68707
0.66834
0.60534
0.66222
0.65464
0.68391
0.72946
0.62087
0.7709
0.70795
0.66069
0.65464
0.64565
0.65013
0.64269
0.67453
0.66069
0.63533
0.68391
0.67143
0.68077
0.69984
0.64269
0.64269
0.65464
0.63826
0.66374
0.63387
0.62087
0.67608
0.62951
0.66681
0.63096
0.72444
0.63387
0.68391
0.6368
0.77268
0.71779
0.67453
0.66681
0.64714
0.64269
0.68865
0.68234
0.65766
0.69502
0.75683
0.70632
0.73961
0.66069
0.70469
0.66527
0.71779
0.66069
0.64565
0.70795
0.64121
0.66681
0.64121
0.67608
0.73114
0.75858
0.86896
0.69343
0.61376
0.62661
0.73961
0.69823
0.62951
0.65917
0.64269
0.64714
0.66069
0.65766
0.64565
0.66222
0.69183
0.76033
0.67453
0.6792
0.65917
0.71779
0.69024
0.9506
1.3836
0.71121
0.76208
0.93756
0.8356
0.93756
0.78524
0.72444
1.0046
0.90991
1.1912
1.3274
1.1614
0.98401
1.2764
0.78705
0.79433
0.67608
0.95499
1.39
0.91201
0.79799
0.7379
0.73282
0.72277
0.77804
1.1041
0.66988
1.4962
0.8356
0.91833
2.5882
0.98628
0.64417
0.70307
0.72277
0.69984
0.65313
0.66527
0.69343
0.74989
0.72778
0.72778
0.66069
0.68234
0.68549
0.64565
0.66222
0.62087
0.64269
0.66834
0.68077
0.66374
0.62517
0.6368
0.70307
0.67453
0.70958
0.67764
0.70795
0.72778
0.68549
0.67143
0.69823
0.64121
0.68077
0.92897
0.69024
1.0209
0.68077
0.68234
0.7656
0.66374
0.72778
0.66988
0.65013
0.66834
0.72946
0.67143
0.64417
0.71945
0.63387
0.63973
0.67608
0.63096
0.62661
0.67298
0.68234
0.68707
0.66834
0.70795
0.68391
0.69024
0.64269
0.70307
0.65464
0.68234
0.71121
0.65917
0.69502
0.62951
0.67608
0.68707
0.70795
0.62951
0.65013
0.69343
0.6223
0.67298
0.70958
0.66069
0.64714
0.72444
0.62087
0.64863
0.66834
0.71945
0.67453
0.63973
0.69502
0.6166
0.71779
0.6368
0.6368
0.6792
0.67143
1.5488
0.76736
0.79983
0.82414
0.6792
0.68549
0.65163
1.5849
3.0974
5.2845
4.9204
3.54
1.349
3.0339
5.6364
7.8524
1.349
0.7379
0.81096
0.90365
1.2331
0.94189
0.74302
0.73621
0.91622
0.85114
0.70469
7.0307
1.8535
1.0965
0.99083
0.93541
1.3428
1.2853
0.71285
0.65917
0.74817
0.73114
0.69024
0.64863
0.63533
0.68391
0.6368
0.7145
0.67453
0.67298
0.65917
0.71614
0.72778
0.6792
0.66988
0.69663
0.62661
0.66527
0.76736
0.62951
0.65615
0.65917
0.64417
0.65163
0.62517
0.64565
0.65615
0.64863
0.70958
0.70632
0.68391
0.65013
0.68865
0.65917
0.6792
0.66222
0.70307
0.65766
0.63826
0.62661
0.68549
0.68865
0.67143
0.69343
0.65163
0.66069
0.6792
0.62661
0.71945
0.64121
0.65917
0.66222
0.65615
0.74989
0.67764
0.67143
0.6223
0.72946
0.67764
0.62951
1.8408
0.97949
0.72611
0.79616
0.88716
0.84918
0.74989
1.0375
0.97275
0.66374
0.72611
1.2106
0.66527
0.68707
0.70307
0.69502
0.68077
0.62951
0.67453
0.65163
0.67453
0.65917
0.63533
0.69343
0.63387
0.8147
0.81096
0.62517
0.64863
0.67143
0.62951
0.69984
0.72277
0.65313
0.68707
0.62806
0.66374
0.63533
0.63096
0.64269
0.67608
0.65766
0.66834
0.67298
0.67143
0.66834
0.65313
0.69343
0.65917
0.62951
0.70469
0.69183
0.71614
0.65163
0.70958
0.64121
0.68077
0.65013
0.65313
0.66988
0.62806
0.66069
0.69343
0.63826
0.74302
0.64121
0.66834
1.0375
0.65464
0.79983
0.73114
0.72778
0.82985
0.72778
1.135
0.97499
0.63973
0.98628
0.6792
0.65163
0.64714
0.68077
0.66374
0.72611
0.70795
0.65615
0.65917
0.68077
0.70469
0.6368
0.63826
0.64269
0.67764
0.64417
0.64121
0.65163
0.71285
0.62951
0.62517
0.63533
0.60534
0.68077
0.69183
0.61802
0.70307
0.69343
0.68234
0.70958
0.66527
0.7379
0.71285
0.68707
0.68549
0.6792
0.65615
0.65464
0.70795
0.64714
0.65917
0.70307
0.65313
0.69024
0.68077
0.70958
0.66681
0.69663
0.7145
0.76033
0.68707
0.66988
0.71285
0.71614
0.70146
0.66374
0.73114
0.70632
0.63387
0.62373
0.65615
0.66834
0.68234
0.70307
0.65766
0.69502
0.65464
0.74645
0.69663
0.66988
0.65163
0.66681
0.71121
0.67143
0.63973
0.62517
0.69024
0.66527
0.67143
0.68391
0.66374
0.70958
0.65163
0.76033
0.71945
0.69024
0.66527
0.67453
0.91622
0.69343
0.68077
0.70632
0.61944
0.66374
0.68391
0.72611
0.65163
0.62517
0.66527
0.67764
0.63973
0.68549
0.66527
0.65013
0.65313
0.67764
0.70795
0.66988
0.69823
0.69343
0.70307
0.71614
0.74302
0.65615
0.66681
0.70632
0.67143
0.78705
0.67453
0.67143
0.63533
0.65163
0.65013
0.72946
0.69502
2.023
0.85507
0.70795
0.67764
0.63241
0.70795
0.66069
0.70469
0.62373
0.66527
0.65766
0.70795
0.66681
0.68077
0.66222
0.68707
0.67143
0.79433
0.67143
1.0641
1.0814
0.81283
1.3002
0.65013
1.0914
1.0069
0.66069
0.71614
0.72946
0.7145
0.73114
0.72111
1.4256
0.90157
0.85704
0.9247
0.74989
0.76736
0.99312
0.81846
0.77268
1.0889
1.1668
0.92897
0.70958
1.1117
0.66374
0.62517
0.72946
0.79616
0.65766
0.67298
0.98401
1.0375
0.73282
1.2417
0.89331
1.714
1.3213
0.72111
0.65615
0.70307
0.72111
0.68077
0.72444
0.67608
0.75509
0.64121
0.79433
0.66527
0.71945
0.65313
0.63826
0.91833
1.219
0.90365
0.80168
1.4028
0.99083
0.84723
1.4928
0.72444
0.65313
0.60814
0.67608
0.71121
0.65163
1.3459
0.8531
0.69183
0.70146
0.6223
0.69343
0.69024
0.62373
0.62373
0.72277
0.75858
0.69502
0.6792
0.7656
1.0023
0.69823
0.66834
1.8155
1.5101
1.1749
1.1535
0.8091
0.92045
0.74989
1.4588
0.70307
0.7145
0.64121
0.72111
0.65163
0.70795
1.2823
1.3243
0.8147
0.7925
0.71779
1.0351
0.98855
1.1641
0.88716
0.7656
0.91201
0.97051
1.0023
1.1749
0.85704
0.78343
0.71614
0.72946
0.76033
1.3274
1.256
0.69663
0.72111
0.71614
0.68234
0.68234
0.7379
0.67608
0.76384
0.73621
0.70958
0.68549
0.67608
0.73114
0.7379
0.66988
0.68549
0.68549
0.71945
0.84528
0.73114
0.69502
0.72778
0.77446
0.99083
0.74645
0.69984
0.68865
0.67453
0.68707
0.68391
0.67608
0.73621
0.71945
0.78524
0.70632
0.63826
0.69663
0.65313
0.72277
0.66527
0.66222
0.73621
0.63241
0.70469
0.78524
0.67143
0.68707
0.63533
0.65917
0.65615
0.71614
0.78163
0.73114
0.69024
0.76033
0.64565
0.75683
0.64714
0.97275
1.7338
1.122
0.72778
0.68707
0.80168
0.82985
3.3729
3.9902
5.0119
2.8907
1.0593
1.5885
1.0116
0.78886
0.83368
3.9355
3.1696
4.3152
0.72611
0.92257
0.65013
3.6813
4.0087
1.2078
1.5417
3.6559
8.0353
1.256
1.1641
0.84528
0.97724
1.4894
1.0447
0.87902
0.8995
0.66527
0.76208
0.67143
0.85901
2.0277
2.4604
2.5823
1.9815
1.8281
1.6255
2.0797
2.138
1.4191
0.97275
0.82224
0.75858
1.3552
0.81283
0.72111
0.70958
0.65917
0.66988
0.84528
0.64269
0.98175
0.76736
0.68391
0.70469
0.76736
0.74817
0.90991
0.76913
0.82035
0.63387
0.80538
0.86298
0.70958
1.2853
2.133
2.2646
1.2531
0.63387
0.64714
0.74989
2.7797
1.2474
1.0641
0.88716
1.3552
3.8548
1.1912
0.71945
1.9454
3.6813
2.7733
0.70795
0.67298
0.7656
1.2503
1.0069
0.70146
0.84528
1.6943
1.4421
0.90782
0.92045
1.6749
1.3428
1.875
2.5293
1.4655
0.64417
0.66374
1.4655
1.7579
0.64863
0.66834
0.97275
0.76208
0.72778
0.75336
2.4434
2.4831
1.39
1.0864
0.91622
2.0845
1.1455
0.63241
0.69343
0.75858
0.69343
0.71121
1.4191
0.77446
2.1928
0.88512
0.77268
1.1194
0.77268
2.4774
2.6122
0.65917
1.2474
2.6122
2.4889
1.3932
1.8113
2.208
1.2853
1.3677
1.9143
1.8365
1.2134
0.67608
1.0889
3.4198
3.4198
0.97499
0.70632
0.75509
0.67453
0.75858
0.81846
0.82604
0.79799
0.78705
0.79799
0.74989
0.80538
0.69823
0.79433
0.74989
0.7145
0.79983
0.76384
1.5382
1.4488
0.98175
1.4962
1.3868
0.96828
1
1.028
0.79068
0.71614
0.82985
1.1092
0.73961
0.79983
1.2303
0.88512
1.1967
1.1041
0.76384
1.6558
1.1967
1.1967
1
2.2387
0.98628
1.2764
0.70469
0.67143
0.69984
0.72778
0.77625
1.0304
2.0989
0.72946
0.68865
0.69183
0.64863
1.2972
1.094
1.2706
0.80538
1.7742
1.5596
0.72946
0.9594
0.77804
0.90782
0.83753
0.74989
1.0093
0.90991
0.70958
0.68549
0.74131
2.0701
2.0324
0.66527
0.75858
1.0328
0.78524
1.9055
1.1803
1.3996
0.93972
0.83946
0.9977
1.0375
0.90991
1.0495
1.3677
0.94624
1.888
0.86099
0.65464
1.0375
1.3122
2.6002
1.2417
1.7022
1.1455
0.79983
1.5596
2.5645
1.7338
3.3729
0.66527
0.65917
0.66374
0.65615
0.65163
0.80353
0.83946
0.86099
0.91201
1.0257
0.81096
0.65013
0.68707
1.1695
1.574
3.8019
3.8459
1.6293
0.94842
0.76208
0.93111
0.94189
0.83176
0.69502
1.0593
0.98628
0.84333
0.78705
0.66988
1.4928
0.72277
1.652
1.8967
1.5849
0.65917
0.65917
1.2853
1.0257
0.83368
1.1402
0.74989
1.4191
1.6331
1.8967
1.3122
1.3183
0.70307
0.70469
0.76384
0.92045
0.73451
0.69024
0.66222
0.80168
0.82794
1.2942
1.71
0.72111
0.65313
0.61802
0.63973
0.73282
0.73114
0.68077
0.75509
0.69823
0.75162
0.73451
0.68391
0.74817
0.78343
0.71614
0.70469
0.68707
0.83368
0.8091
0.85901
0.78705
0.89331
0.78705
0.73114
0.7709
0.84918
0.74645
0.76736
0.82224
0.68549
1.2218
1.219
3.0761
1.2618
0.63096
0.64121
0.94624
0.68549
0.66988
0.69183
0.66527
0.72778
0.67298
0.90782
0.68077
0.71945
1.4256
0.6792
0.70958
0.66222
0.67608
1.3709
0.8414
1.2134
0.96161
0.84918
0.71945
1.0889
1.1041
0.82035
0.9506
0.82794
1.4289
0.88716
1.3552
1.7179
1.2942
0.91622
0.79983
0.68077
0.77625
1.1402
2.0749
1.5996
2.1928
1.1272
0.65464
1.4825
0.78886
0.7145
1.094
1.3397
0.87498
1.122
0.76033
1.8621
1.8836
1.3243
1.0209
1.3002
1.1429
1.1588
1.4962
1.135
1.8535
1.3428
1.5996
2.5882
1.1885
1.1967
0.70146
0.65013
0.66834
0.72778
0.96161
0.92257
0.9528
1.9231
1.9498
2.0137
2.138
0.8147
1.0186
0.75336
0.93541
0.86896
1.1749
1.099
0.77983
1.183
0.98401
1.0914
1.5066
1.2023
1.1561
1.4723
1.0715
0.97051
0.88512
0.89331
1.0447
1.0375
1.1041
1.0328
1.6749
1.0593
0.91622
1.652
1.6069
1.0116
0.69823
0.63973
0.6792
0.66069
0.70958
0.64714
0.6368
0.61094
0.65013
0.72778
0.82414
0.8091
0.82035
0.66988
0.80168
0.66527
0.67608
2.2491
1.0186
1.0471
1.9454
1.1535
0.89331
0.87297
0.77268
0.74817
0.80724
0.81658
0.68549
1.9011
1.2218
1.5136
1.1041
1.5241
0.76913
0.79616
0.63533
0.69663
0.71779
1.3836
1.652
0.93325
0.74989
1.0023
1.3964
1.6331
0.80353
1.3213
0.8091
0.72444
0.69663
0.66374
1.0209
1.2853
1.1246
0.87902
1.2972
1.6827
1.4158
0.94406
2.7102
2.2131
1.8836
1.0765
1.2942
1.1967
2.3014
1.5205
1.122
2.6977
2.3281
1.803
3.4674
2.5704
1.8197
0.83368
0.84723
0.86298
1.3428
0.73621
0.94842
0.86298
0.84333
3.1623
0.68865
0.68707
0.67143
0.72611
0.78163
0.69984
0.7709
0.68865
0.72277
0.7379
1.3122
1.2134
0.77446
0.97949
0.69984
0.80724
1.0447
0.86298
0.91622
3.8815
0.78163
0.65313
0.76033
0.72444
1.1455
1.2134
0.79616
0.8414
0.95499
1.3932
1.099
0.79616
0.85704
0.82035
1.0447
0.72946
0.72946
0.76736
0.74989
0.72611
0.78524
0.68865
0.74817
1.3397
1.9953
1.0889
0.86896
0.72611
1.0666
0.73114
0.81846
0.9247
1.4322
1.4689
1.1429
7.0795
1.6982
1.094
1.2417
0.68391
0.81096
0.86696
0.94406
1.3274
1.2735
0.70469
0.64269
0.7656
1.0257
1.0046
0.86099
0.92897
0.78343
0.78343
0.78163
0.80353
1.5885
1.3002
0.81658
0.73114
0.79616
0.83176
0.75858
0.8414
0.69823
0.68549
0.65615
0.66834
0.69183
1.8578
1.2106
0.72277
0.74131
0.68707
0.69663
0.68077
0.84918
1.3709
0.87096
0.73114
1.5241
1.4191
2.0184
0.97275
1.5524
1.2589
1.3335
1.1508
1.2246
0.97724
0.96161
0.8531
1.2023
5.3827
1.7179
1.0666
0.96161
0.71121
0.68865
0.83368
0.72111
0.75162
0.66681
0.78343
1.0641
0.82604
0.79799
1.205
1.0351
0.75509
0.86298
0.72111
0.96161
0.65917
0.87297
0.93325
0.72111
1.8197
0.74473
0.66834
1.0965
1.3646
0.76913
0.68391
1.4093
1.7258
0.90365
0.67608
1.1803
2.0184
1.0186
0.85704
0.76208
0.97499
1.4158
0.99541
0.76384
0.66222
0.68391
0.78886
0.65464
0.64863
0.71945
0.74989
0.69024
0.66681
0.65313
0.65163
0.71945
1.3996
1.1169
1.0666
1.1995
0.89331
0.90991
0.91411
0.79433
0.90991
0.79616
0.91201
0.84918
0.77625
0.73114
1.8239
1.5171
0.90991
0.84333
0.67143
0.66988
1.4588
0.84333
1.0641
1.374
1.4521
1.8239
1.6558
1.0209
0.8995
1.1143
1.5488
2.5882
5.8479
2.0277
0.95499
0.79983
0.69984
0.70307
0.81283
0.70146
0.61518
0.95719
0.94624
0.79433
0.71614
0.77446
0.92257
0.72277
1.2735
0.90573
0.84918
0.8356
1.9953
0.90991
0.74302
0.71121
0.65917
0.72111
0.71945
0.78343
0.88716
0.68707
1.762
4.8978
1.6106
1.3646
1.1298
0.91622
0.72444
0.72611
0.83753
0.70958
0.8414
0.84528
0.68549
1.39
1.2303
1.4322
1.3428
0.94842
0.66374
0.78524
1.3521
0.84333
1.0233
1.4521
1.7865
2.0941
3.3037
1.0186
0.65313
5.2481
1.3152
1.0495
0.69024
0.74302
0.73282
0.84918
1.8621
0.80353
0.65313
1.1912
1.4488
0.74817
0.66834
0.68549
0.89125
1.6634
1.5704
1.4454
6.0814
1.1402
1.5922
0.84723
0.85507
0.78524
1.0965
1.7947
1.5776
0.95499
0.91833
0.86099
1.3868
2.0701
1.574
1.094
1.0046
0.99083
0.83176
0.79616
0.96383
1.5488
0.95719
0.98175
1.0209
0.8356
0.76736
0.77268
0.68549
1.7219
1.9907
1.8239
1.3521
0.98175
0.78705
0.67608
0.99541
0.8531
0.76384
0.64714
0.79799
1.135
1.6406
1.3677
1.8621
0.80538
0.85114
0.79983
1.1376
0.83946
0.77983
0.8995
0.83176
0.8091
0.75858
0.73961
0.86497
0.70958
0.72111
0.72946
0.72277
0.92683
1.2359
1.0046
0.77268
0.78705
0.67608
1.2218
1.1194
1.3614
0.67608
0.64269
0.74989
0.65766
0.66834
0.65163
0.68234
0.68391
0.64269
0.72444
0.71614
0.70632
0.77625
0.67453
0.68391
2.3878
0.95719
0.74645
0.82224
0.81096
0.73282
0.72277
0.77983
0.74817
0.96383
1.2246
1.5453
1.0304
1.8113
0.96828
1.5101
1.2023
1.71
1.4723
1.3002
1.3583
1.3804
0.90365
1.028
1.3183
0.86696
1.3397
1.0691
0.72778
0.68707
1.1066
0.99541
2.8907
1.8113
1.1169
2.023
1.8664
1.1015
1.2794
0.98855
0.70795
0.7709
0.79433
0.72277
0.68077
0.84333
1.1117
0.72946
0.93111
0.88716
7.4131
1.3122
0.90365
3.6308
1.5171
0.8531
0.81096
0.75162
0.78343
0.73451
1.2589
0.83946
0.82224
0.96828
1.0765
0.72778
0.62951
0.65163
0.71945
0.6368
0.65615
0.70958
0.62806
0.60814
0.64121
0.65766
0.7379
0.65615
0.64863
0.65163
0.72111
0.79983
0.7379
1.5171
0.83753
0.79433
0.65163
0.74302
1.1776
1.2706
1.1246
2.3605
1.1376
2.2336
1.1967
1.5136
0.98628
1.2023
0.96161
0.70632
1.8923
0.97051
1.0447
0.83368
0.70958
0.78705
0.73114
0.77625
0.69663
0.69024
0.75336
0.70958
1.0069
0.76736
0.78343
0.74131
0.70632
0.70795
0.84333
0.70469
0.75858
0.75336
0.74131
1.1015
1.1015
0.8892
0.92683
0.77804
0.78886
0.7656
0.82794
0.70795
0.68707
1.2106
0.81096
0.89125
1.1561
0.68077
0.71285
0.69343
0.89536
0.78343
0.70146
1.3868
1.7783
0.8091
0.8892
1.977
1.8621
1.3459
0.77625
1.2677
0.84528
0.81283
0.79616
0.75858
0.69183
0.77625
0.67453
0.68391
0.77625
0.81658
0.71614
0.74131
0.75858
0.66681
0.68549
0.75858
0.67764
0.66834
0.7709
0.66988
0.65917
0.66527
0.70632
0.71614
0.76384
0.71285
0.71121
2.0512
0.78705
0.78163
1.1429
1.6331
1.2445
0.80724
0.68549
0.72946
0.69024
1.122
0.91411
0.83946
0.78705
0.7656
0.7379
0.94624
0.93325
0.72111
0.89743
1.0328
1.1324
1.0093
0.93325
2.6424
1.4757
0.82985
0.70958
0.86298
0.7379
2.2909
1.0351
1.0495
0.82604
0.86099
1.0447
0.77446
0.92683
1.1324
0.88308
0.93541
0.89536
0.90782
0.93972
0.79616
0.7925
1.183
1.0965
0.7925
0.92683
0.76033
0.96383
0.8356
1.0304
0.96161
0.75336
0.67608
2.6303
1
1.1722
1.3804
1.0328
1.2218
0.68549
0.66222
0.69823
0.66834
1.0864
1.0641
1.256
0.97275
1.0495
0.96383
0.83368
1.1455
1.0544
1.1169
0.81658
0.79616
4.8417
2.1528
1.8923
2.3121
1.5668
1.2162
1.2388
0.90782
0.74989
18.408
6.4714
0.81283
0.66988
1.1641
1.0839
0.77983
1.5241
1.2823
0.92257
0.71779
0.79616
0.69024
0.73451
1.099
0.68707
1.5346
1.2853
0.68077
0.94842
1.1298
0.9247
0.88716
0.7145
0.79616
0.83753
0.99083
0.70146
0.84528
0.85507
1.2942
0.80353
0.65464
0.66069
0.65313
0.72778
0.67143
0.66988
0.73114
0.6792
1.0351
0.82794
0.72111
1.1641
1.1429
1.3274
0.77804
1.1246
1.4488
0.93325
0.73282
0.73282
1.0257
1.4355
2.2491
1.9815
1.5885
1.0495
0.75509
1.2503
