4.3251
3.2137
3.2137
3.2137
3.2137
2.4774
2.4774
2.4774
2.4774
2.4774
2.4774
2.4774
2.4774
2.4774
1.4488
3.3574
1.1614
1.1508
1.3335
5.5976
1.3459
0.95719
1.1169
1.0864
1.0257
1.2218
1.6218
2.0137
3.8548
4.592
1.0568
1.2023
1.7906
1.3996
1.1641
1.0715
0.97051
0.89743
1.9634
2.7416
3.0903
1.1482
1.8281
2.5235
5.1404
2.3121
1.122
1.1535
0.96605
1.7258
0.97724
0.84723
0.88105
0.82035
0.88308
0.84918
0.7656
0.84723
0.8414
1.2303
1.3092
1.3152
1.0914
3.9264
1.0471
1.0641
3.4435
0.82035
5.1761
9.6828
1.4488
1.4655
5.5208
1.5382
0.92257
0.81658
0.78524
0.81658
1.3092
0.92257
0.99541
0.7709
0.73621
0.9977
0.79616
0.82985
0.80724
1.1803
0.83176
1.0399
1.3213
1.6596
1.7418
1.0715
0.79616
1.6558
1.3183
1.0814
0.90157
1.8072
1.3868
0.97949
1.7338
3.6224
3.581
1.8323
2.6242
8.5704
10.328
2.9785
2.4889
9.0573
0.99083
1.2589
1.0965
1.1376
0.86497
0.92897
0.88716
1.0544
0.98855
1.1194
1.0568
0.93972
1.3032
2.1827
1.7219
1.6866
1.7742
3.0549
6.2951
3.3651
1.374
2.1281
3.0549
2.8576
2.4378
0.84528
0.85114
0.75509
0.74645
0.73114
0.85704
0.82985
0.94406
0.72946
0.73961
0.80168
0.76736
0.71779
0.90365
0.79616
0.8091
0.89125
0.79799
0.79616
0.75683
0.75509
1.5171
2.355
1.2735
1.9143
6.0117
2.7164
6.5917
2.2961
1.9364
2.2439
6.166
9.2683
7.4989
1.4655
1.9724
3.9994
0.83368
1.4093
0.83753
1.556
0.98401
1.4894
5.236
4.6238
2.9717
3.342
4.4875
11.588
2.4491
1.0889
0.8531
0.79799
0.84333
1.5311
0.87902
0.99083
0.83946
0.85901
0.86298
0.9506
0.89536
0.93972
0.94842
0.79799
0.75509
0.90991
5.0234
5.236
1.7258
2.0045
2.6977
0.78886
0.90157
0.79799
0.81096
0.91201
0.78886
0.84723
7.6384
2.4434
1.5631
2.7102
2.8642
2.0277
4.529
1.0257
2.2803
1.1066
3.4435
1.1641
0.88308
0.72111
0.76033
0.80168
1.2853
4.6666
3.4995
5.1642
4.7424
9.506
1.349
1.094
0.93756
0.72778
0.77804
0.87096
0.87096
0.73621
0.72611
2.1038
0.76736
4.3853
4.3053
2.958
2.3281
6.9663
4.4668
1.2274
4.1305
9.3541
5.4702
3.8459
5.0582
0.9977
0.76913
0.8531
0.76384
0.86099
0.77446
0.76384
0.77983
0.83946
0.78886
0.7709
0.82035
0.77983
0.8995
2.0464
0.74645
3.0061
1.5136
2.4099
2.7733
4.4259
5.445
4.1115
3.3113
0.97499
0.83368
0.7656
0.85704
1.0351
0.77268
0.74989
0.94842
0.9594
0.86099
0.74989
2.7102
1.9861
7.1285
3.4277
1.7906
2.7479
1.4962
3.3266
5.0466
10.544
10.99
1.0471
1.0641
0.80168
0.74131
0.9528
0.88308
0.83946
0.9506
0.76736
0.75336
0.73961
1.1967
0.7925
0.81846
0.81096
0.94842
0.80353
0.79983
0.86298
0.8147
0.77268
0.75336
3.4914
5.821
3.0903
1.1324
2.8119
2.5645
1.3062
4.8978
2.0559
9.2683
4.9091
4.3853
2.0324
1.1376
1.6444
1.0765
1.2474
0.77983
1.5453
0.82035
0.82604
0.85901
0.88105
1.803
0.8995
0.7709
2.6853
1.0617
1.3092
1.4322
2.9376
8.892
3.4198
2.4044
5.781
3.54
2.3988
6.5013
5.7544
1.1246
1.2023
0.84528
2.0184
12.474
11.194
2.8379
11.194
13.428
11.298
16.827
3.7757
4.6559
16.482
1.8408
3.9719
12.19
7.7983
3.8726
4.5709
2.9854
5.3951
3.3037
1.8323
0.80724
0.75683
0.8531
0.85114
0.8091
0.83753
0.85507
0.7656
0.79068
0.74989
0.81096
0.81658
3.6058
1.183
0.76736
0.75336
0.84918
0.80353
0.83946
0.79616
0.8531
0.8147
0.94189
0.82794
0.78705
0.8356
0.77625
0.84723
4.5394
1.0046
1.0889
1.977
2.7479
1.71
1.0093
3.4674
2.7102
0.87297
0.72946
0.74473
0.86099
0.77804
3.5481
6.8707
4.8978
1.2218
1.7579
1.3521
3.2584
2.6485
2.4099
4.1879
4.14
2.7479
8.7498
13.183
0.94624
1.1066
0.83946
0.85704
1.0186
0.87297
0.79983
1.5453
1.9275
2.4946
1.4588
6.0814
3.4514
9.8401
8.531
15.56
16.144
8.3176
4.2954
1.1092
1.5382
0.75336
1.7701
0.81846
0.89536
3.7068
1.1015
1.0328
2.4322
4.4668
6.9984
2.0137
1.2882
0.83176
1.3032
0.85704
0.72277
1.3677
1.5524
6.8549
2.6977
1.7179
6.8549
3.4995
7.8705
2.6002
4.3652
5.8076
14.256
14.555
3.062
1.2474
1.2246
1.1588
0.84333
0.91411
0.82224
0.85114
0.77804
0.84723
0.81283
0.79433
0.84528
0.89331
0.83368
0.80538
0.80353
0.80353
0.92257
4.4668
4.3752
3.3884
7.8343
4.7863
1.6788
1.2735
1.194
1.0864
0.99541
0.79983
0.75162
0.67453
0.72444
3.1117
2.7102
5.0466
3.5318
1.6331
2.6363
2.9854
4.3251
4.4566
5.236
5.6754
8.6896
3.3189
19.588
3.8548
7.9616
8.892
9.4406
2.7416
1.1535
1.2735
1.4588
1.2677
12.589
19.231
15.996
7.9068
13.804
21.184
9.4624
8.3368
2.1878
10.641
9.1411
17.458
18.836
16.904
10.617
3.069
0.84333
0.75509
0.82414
0.87498
0.88308
0.74817
0.87096
0.77625
0.87297
4.8306
1.2794
0.7925
1.1066
0.81846
0.8147
0.89331
0.75683
0.91833
1.0257
0.92257
0.9247
0.98628
0.79983
0.8995
4.4463
3.2885
7.1945
5.445
1.3213
3.3113
7.8705
3.2063
5.1404
4.6026
14.825
17.258
17.906
14.158
5.8076
2.5645
2.5468
11.561
16.144
3.4435
2.5704
1.1995
2.355
1.7061
1.7022
1.3552
4.8753
9.4406
6.8549
4.3551
8.091
13.9
7.0632
1.3305
5.5847
3.1769
0.81283
0.91201
0.87498
0.82035
0.85114
0.80724
0.84723
0.84333
0.79983
0.77983
1.349
0.97949
0.79068
2.1577
6.1518
0.96828
3.9084
5.0466
5.7412
9.3111
18.45
20.184
21.038
20.184
5.1404
18.113
14.928
19.275
13.397
7.6384
3.3884
8.5507
8.8308
12.735
20.091
1.7061
3.1261
1.0864
0.94406
0.85507
0.85507
0.84333
2.2233
1.1561
0.89331
0.83753
0.76913
0.8356
1.0914
1.0304
0.99083
0.77268
0.94189
0.97051
0.83368
1.2853
0.8995
0.92257
1.4191
0.98855
0.79068
1.0209
0.83368
0.77446
0.82985
0.77268
2.9107
4.4157
1.3583
0.89743
2.1727
2.8119
4.3853
0.94406
3.2509
5.2
8.091
3.3343
13.213
22.856
15.56
9.0573
7.3961
11.803
5.8076
5.5463
13.122
10.74
17.458
15.631
18.967
15.346
18.45
14.588
10.069
2.208
1.0889
0.78886
0.92897
0.79068
0.86896
6.368
1.0186
2.3442
1.3583
1.2735
12.735
15.631
16.032
7.3114
15.56
17.62
16.943
12.503
12.445
5.0816
16.368
9.6161
16.982
3.7584
4.9888
1.4723
1.4723
1.7906
10.593
7.5336
4.217
3.5075
9.4189
3.2434
1.5346
4.9091
8.4528
7.9433
5.7412
4.1976
11.668
14.997
13.964
1.8621
1.0375
2.0137
0.87096
0.9594
0.83176
0.93972
0.88716
0.74645
0.87902
1.3996
2.5351
2.5351
4.7206
1.6482
7.2111
5.4325
18.836
18.155
16.827
13.366
3.8548
3.5156
14.521
7.7268
11.535
13.74
6.3241
1.3772
1.0666
0.88105
1.6904
0.90365
1.256
1.3804
4.8978
1.2445
1.0328
0.97724
1.5488
7.4989
10.864
12.735
6.6222
2.5527
5.358
11.22
14.06
10.94
13.996
14.791
14.859
20.701
14.588
22.336
2.729
0.77625
0.8147
1.2078
3.1333
0.81846
0.80353
0.80724
0.79799
1.5849
1.7498
1.219
1.1749
1.3032
1.2218
1.4825
0.9506
0.88105
1.0839
1.3397
2.1528
1.39
2.2336
6.0534
4.0832
3.2734
11.482
1.6293
5.1404
10.28
17.824
16.106
15.668
17.865
13.002
8.4528
5.105
1.1117
0.92897
0.86896
1.2388
0.79799
0.74989
0.83368
1.7783
1.1749
0.73621
0.77268
0.77268
4.8641
0.73961
1.0162
3.2509
9.7051
6.8077
9.7051
13.932
18.113
15.417
4.7534
0.84723
1.4588
12.677
16.904
15.101
15.346
15.031
20.941
10.889
8.6696
14.723
19.364
20.797
16.331
9.0991
8.531
8.7297
2.0797
6.7453
0.79433
9.528
1.5382
2.6303
1.4125
2.4717
12.417
11.695
8.1096
1.1858
1.1561
0.93972
1.1803
1.1429
1.0471
1.1482
1.3002
1.2972
0.99312
1.0666
1.3772
1.6749
1.3677
1.0023
1.0186
1.1641
1.6255
1.1641
1.4454
1.4322
1.3996
1.1298
1.3428
1.6672
0.89331
1.256
1.0046
2.541
6.7608
3.9355
0.79433
5.0119
2.4717
18.793
7.3282
3.9902
1.652
6.4863
9.3972
2.3933
14.355
29.174
10.839
11.695
8.4333
7.8343
11.015
3.4754
5.8884
5.2119
8.1096
8.6696
5.0119
7.6384
4.3451
4.8084
5.4075
3.9902
6.6681
4.5186
7.6208
9.2257
4.3551
2.673
1.7418
6.2806
2.7669
17.378
19.454
15.171
18.535
14.06
2.0654
0.84333
6.5313
1.2445
1.1092
1.5311
7.7268
9.977
1.3521
4.2658
10.447
10.544
10.715
14.689
14.825
19.588
11.092
3.4277
3.9084
0.77804
0.83368
0.78163
0.74473
0.80353
7.2444
10.162
1.0691
7.4645
8.5901
10.814
10.617
19.231
15.205
17.947
16.634
2.2961
4.7973
1.5417
3.6813
8.6497
8.0724
13.366
15.849
23.496
19.454
9.0157
1.0814
2.2336
1.0666
0.92045
0.79616
0.79799
0.79799
0.98175
1.8923
0.9594
1.3062
0.79068
0.8091
0.79983
1.0471
0.81846
0.8531
1.0328
2.0512
0.75858
0.85901
0.83753
0.74989
0.95499
0.81846
0.88716
0.86298
1.1041
0.91201
0.77804
0.71779
0.74989
0.72277
2.6915
0.8091
0.86896
0.90157
0.92257
1.2162
1.3243
14.588
6.8077
5.224
3.2434
1.1535
2.1528
13.183
11.561
1.2589
3.2434
1.0691
1.9231
2.355
2.704
2.0324
1.7539
6.4863
3.0409
2.3335
1.7701
2.7542
3.1046
4.217
1.7498
6.0395
1.4622
1.0495
5.6885
3.4834
3.3343
5.559
9.506
3.9174
3.069
0.97949
2.1281
3.7931
0.73114
0.69343
0.78343
0.70958
0.79616
0.83753
1.762
0.76208
2.6363
0.97949
0.74473
0.73621
0.76913
3.3574
2.3388
11.169
10.233
6.6834
15.136
20.701
18.75
10.257
5.9566
2.1727
0.97499
5.105
1.2618
1.1429
1.205
1.4962
1.1066
1.3772
0.97051
2.2233
1.0641
2.6002
1.2388
1.4555
1.1749
1.9454
1.9099
1.5066
0.74817
0.88308
0.73451
0.77268
0.82985
0.81283
0.91411
0.80353
0.877
0.88105
0.79433
0.78886
0.77625
2.2594
1.5631
3.4914
4.3551
6.0395
1.977
1.7579
1.122
1.2618
1.1803
2.2491
1.2503
0.97051
1.3032
1.2162
6.3387
4.5186
5.5335
6.7143
8.5704
5.3211
5.8884
9.8401
3.3651
1.7824
6.6681
1.6634
7.379
13.614
4.529
14.655
17.66
16.558
11.803
10.617
13.397
12.134
6.8077
10.617
17.62
18.75
15.453
2.0512
0.8414
7.3961
2.4604
5.5976
6.2087
7.8886
0.75509
1.8155
6.5766
8.892
4.3053
11.402
19.999
15.488
15.453
3.4198
9.5499
2.8642
1.2677
1.3397
1.7258
1.1588
1.1668
0.9528
1.2388
0.72946
0.79068
0.73282
0.8091
0.66988
2.4547
6.8549
5.9979
0.82414
2.2131
5.2602
11.94
4.3752
10.139
4.4668
3.8815
1.6218
1.5241
1.2218
7.8886
7.379
11.402
14.028
13.152
3.3189
1.3092
1.9454
3.9719
0.74302
1.3092
0.95719
0.97275
2.133
0.80724
0.84333
1.8493
0.92045
0.8531
1.6558
3.8994
9.2897
1.8281
1.8535
1.6331
8.2985
1.714
2.729
3.6308
8.147
6.6527
0.7709
0.74131
8.531
6.7608
7.5683
5.9841
7.2444
7.4302
5.9429
12.942
12.764
7.6208
11.194
7.1614
11.614
10.304
7.0146
0.94189
1.7258
8.0168
13.213
15.205
1.2853
1.1995
1.0495
0.96383
1.0139
1.1041
4.3954
1.0093
0.89536
0.89331
3.1989
12.882
13.428
14.825
8.892
9.2045
0.86497
0.9977
0.84918
3.1769
0.91833
1.3122
0.97949
1.2853
2.4717
0.87498
1.0375
0.78524
0.84723
0.89743
0.94189
0.8147
0.81658
3.8994
6.3973
10.471
11.776
9.3541
2.0654
12.19
18.239
7.6033
9.8401
13.002
9.2045
18.967
16.982
11.015
1.7258
1.7947
1.3335
1.5776
1.4962
1.3002
1.5066
1.4355
5.3333
3.6141
2.2699
1.7539
1.4388
1.0641
1.6255
2.5119
1.4555
5.3951
7.6736
5.8884
1.3709
1.6032
1.1912
1.6406
3.1477
0.78705
1.205
5.188
4.6026
3.8371
1.3397
1.6293
4.0832
3.6475
4.14
1.574
3.4041
4.4668
25.704
19.861
8.4918
9.7949
13.964
6.6069
11.508
11.995
17.219
12.853
2.0137
1.1429
1.8281
1.1803
1.0691
5.2481
5.8479
2.7227
1.4125
7.709
12.853
5.3703
5.7016
1.9409
0.92897
5.3333
11.117
4.3053
5.358
7.5858
14.06
6.4121
11.015
2.9992
2.1086
1.0765
14.962
4.9204
1.8155
1.0351
0.99312
2.0277
2.5119
1.4322
0.91622
0.91411
0.85507
0.82794
0.75336
1.0233
2.0559
0.84723
1
1.0666
0.81846
0.72946
0.73621
0.83176
0.79983
0.82224
1.9187
1.028
0.91411
0.89536
0.97499
0.78886
0.7656
1.0965
1.0914
2.4491
0.82794
1.6827
5.6754
2.9376
1.6482
0.77983
4.2756
5.821
4.217
8.4528
9.0782
5.2481
3.7931
10.544
0.80353
0.85114
3.6308
5.5463
14.928
15.171
8.7902
9.2257
0.71614
0.76913
0.73282
13.213
7.4302
2.1627
2.4434
1.099
1.4825
0.96383
3.7931
3.9446
0.77983
2.2699
8.8308
8.0538
5.9841
2.1478
12.023
1.3646
9.4406
5.2723
6.5917
5.5976
1.374
16.255
11.015
1.1885
5.7148
0.93325
0.80353
0.80168
0.84723
0.96383
0.86497
0.95719
0.92897
0.9247
0.80724
0.8147
1.8923
0.94406
0.8091
0.88105
0.86099
0.89331
0.9247
1.0965
1.766
0.76208
0.8356
0.91833
0.77446
0.81283
0.9528
0.8356
0.82414
1.8621
0.71121
2.7227
1.0233
2.9648
4.5814
1.0789
2.8249
1.1169
0.65917
2.9242
3.013
6.8549
25.119
6.6834
12.05
9.0991
10.839
3.7325
4.8865
2.5061
3.4198
1.8707
5.5719
8.2604
2.6607
1.9099
3.4674
7.9433
7.8343
17.378
17.14
6.8234
2.3442
4.529
2.0989
1.6711
1.5631
2.3823
4.1976
1.9815
5.5081
3.8994
8.8308
0.76736
0.74302
0.94189
4.0365
2.7542
6.1094
4.4055
8.091
10.965
2.7925
0.75858
7.6033
4.3551
7.6384
7.2778
3.0974
4.0926
17.378
1.9143
2.138
10.162
14.355
2.5119
1.9231
1.0617
1.5849
0.95719
1.1324
1.7865
1.0864
1.1561
1.1376
1.3459
0.89331
1.0593
1.9815
3.6898
3.6898
0.7656
0.80168
0.70632
0.78705
0.75683
0.85704
1.6711
3.1117
0.7656
3.1405
2.9107
4.9317
3.8282
3.5645
8.3946
4.1783
1.8493
2.2909
0.69343
0.7925
4.1783
6.2661
6.6069
4.7863
4.9888
7.4645
7.0469
9.6383
5.9566
1.2764
1.183
0.84723
1.1695
0.83368
0.98855
1.0209
1.5776
1.39
0.85901
0.87498
1.7458
1.1482
1.3932
1.374
0.80724
0.9528
1.1194
0.85507
1.028
1.219
1.0814
0.82414
1.0257
1.888
2.2594
3.0409
5.8614
0.97051
0.9594
1.0641
1.1324
1.4588
1.0093
1.3552
0.7656
1.2647
2.7164
5.5463
5.188
7.7804
0.89743
1.1482
0.94842
1.3614
1.0162
1.1803
0.72946
0.7656
0.72611
0.79983
4.4978
3.4754
3.4594
4.7315
4.8865
6.4121
3.5892
0.92045
2.6977
1.0593
1.7458
1.0593
1.3092
1.2331
1.052
1.9099
0.77446
0.92683
0.77804
1.4622
0.99541
1.1508
3.6898
0.84723
0.95719
0.85704
0.79068
0.94406
0.92897
1.0257
0.86099
0.81283
0.90782
0.89331
0.82604
0.86896
1.875
0.8356
0.80168
0.8091
0.85507
0.70632
0.83176
0.80353
1.6711
5.3333
4.1687
3.2734
1.0328
0.9528
0.84723
1.4256
0.75858
1.5382
0.96383
0.8091
0.83368
0.76736
4.7863
3.5481
4.6238
4.9888
1.8664
6.5615
4.8641
5.1404
8.6896
9.7499
2.4099
0.78524
0.84918
0.94406
0.84333
1.135
0.77446
0.75509
0.79799
0.92683
0.83176
4.6559
7.145
0.86896
0.97499
0.88512
0.88308
0.9247
0.76208
0.7656
0.79068
0.8414
0.82414
0.88716
0.85114
2.8642
0.78343
4.0179
6.6374
8.1283
3.5892
1.6788
3.0479
1.1041
0.78524
0.89536
0.69343
0.83368
1.0375
2.0091
3.0974
0.83753
1.1246
1
1.5066
0.80724
1.7258
5.9566
5.2723
2.7925
1.3709
1.3183
1.0471
5.4954
1.6788
2.2751
5.6494
9.0573
3.581
5.8749
2.3174
1.0423
1.0617
1.1402
1.0328
0.98401
0.8147
0.95719
1.256
0.91622
0.75683
1.0304
0.88105
1.4928
0.81283
0.73282
0.80724
0.77983
2.0091
0.89125
0.80724
2.6182
0.75858
0.76208
0.81658
0.86298
0.78163
0.8091
0.78163
0.82224
0.89331
0.80168
0.90782
0.76736
0.85901
0.83368
0.9528
0.78886
0.85507
0.75509
0.80538
0.78524
1.2023
0.74131
0.75162
0.76384
0.90991
0.73961
0.73451
0.78886
1.5704
2.1577
0.73451
0.77625
1.6368
0.68549
1.3002
2.7353
4.6132
3.155
6.8077
2.3496
7.5683
4.0272
3.2961
4.0926
1.256
1.1508
1.3614
1.5205
1.3521
1.5849
1.6293
4.7206
5.8345
9.528
8.8308
2.2284
2.2594
2.2803
0.84723
0.79068
0.92683
0.74131
2.7733
1.888
1.7458
1.574
1.714
1.3122
5.728
3.4674
1.1776
4.6238
4.3954
6.9823
16.444
13.709
2.0512
1.0544
0.75509
0.93972
0.84333
0.7709
1.8664
1.4388
10.023
8.2035
0.90365
0.98628
0.79983
1.0375
1.2445
0.81658
0.79616
1.1885
0.96383
0.73451
2.6002
5.9293
1.714
2.3335
1.1668
8.3946
3.7239
1.888
0.86497
0.9977
3.3037
3.9902
4.7643
4.9888
5.7943
5.6754
14.093
2.1878
0.85704
0.91833
0.8995
1.183
0.76033
0.88716
0.9247
2.1777
0.95719
0.79068
1.0186
1.1588
0.83176
0.9506
0.83753
0.80353
0.80538
0.99541
1.0914
0.85704
0.7925
0.78705
0.97275
0.75683
0.94624
0.78886
0.99541
0.90157
0.75683
0.96605
0.84918
1.0023
0.80353
0.75683
1.1298
1.1246
0.77446
0.96383
3.6224
5.42
3.8548
5.0699
11.402
1.1169
1.349
1.2474
3.7239
4.8753
5.2481
2.5119
7.0307
0.89743
0.88512
1.5417
1.4355
2.1979
0.8995
0.78163
0.76033
0.82604
1.8197
0.78705
0.74302
3.767
5.6624
3.9628
2.2699
15.205
6.1518
7.5162
2.5704
0.74645
0.7379
0.88512
0.75683
7.925
2.2803
0.79433
1.5776
1.5311
2.5586
1.4997
2.0797
1.2882
1.074
4.6666
2.3014
1.5596
3.2285
1.1066
1.6788
1.0069
1.5382
0.86696
1.9543
1.7579
0.86099
0.89125
1.1429
2.7416
0.88308
0.9528
0.78705
1.7947
0.7925
1.0139
0.8147
0.87096
0.78163
0.71285
0.82794
0.84723
0.91833
0.93972
1.5311
0.76208
0.75858
0.98855
0.82035
0.99541
0.81846
0.9506
0.7656
0.84528
0.79983
0.77268
0.80353
0.7925
1.1641
0.73621
0.8091
0.8147
3.2885
0.8091
2.9309
2.0045
2.5882
1.2735
1.8578
5.0699
3.0061
0.877
0.81283
0.8414
0.87902
1.2274
0.82604
0.87498
0.84918
0.97949
0.77268
0.78886
1.5031
0.88512
0.86696
0.89743
0.84528
0.8356
6.5766
7.5683
1.7258
4.3053
6.6834
7.4473
5.9566
0.88105
1.0375
1.0691
3.1405
0.78886
0.84333
0.77983
0.79433
0.79983
0.86896
0.81846
0.82604
1.4859
1.5276
2.6853
2.138
3.7931
1.0715
3.4277
3.0761
1.2331
6.6834
1.8923
0.90157
0.77625
0.83753
0.95719
0.79068
0.83176
0.80353
0.85704
0.87297
0.9247
0.79433
0.89536
0.77446
0.90157
0.86099
0.79433
0.78705
0.84918
0.86298
0.75336
0.79068
0.81658
1.0093
0.93111
0.75683
0.78524
0.84528
2.1038
0.72111
2.2961
0.92257
0.87096
2.0512
0.90157
0.85114
0.8356
0.78343
0.90365
0.90157
0.8356
1.1561
1.2331
0.82035
0.82985
0.8995
1.0233
1.8493
0.79433
0.76384
0.74473
0.88105
0.94624
0.90573
1.1015
0.92257
1.6331
0.87902
0.96383
0.80724
1.762
4.4259
5.6234
3.2734
1.1561
0.72946
1.5311
1.9634
0.82985
0.76913
0.8356
0.74473
0.73451
0.8414
0.7379
0.79616
0.78343
0.75162
0.67298
0.69024
0.7379
1.0116
0.74473
0.74989
0.73114
0.80724
0.79983
0.68234
0.71614
0.81283
0.72611
2.2233
0.76736
0.80538
0.9528
0.81846
0.75509
0.78163
0.81283
0.95499
0.8147
0.73282
0.73451
0.73451
0.86896
0.78524
0.83753
0.74817
0.82035
0.80538
0.84333
0.78524
0.72946
0.7925
0.91622
2.6669
0.90782
0.73621
2.8642
3.2137
3.069
1.0233
5.0119
3.8459
1.9011
3.069
1.1641
1.3677
0.92045
1.1041
1.1722
0.82414
0.92045
1.0471
0.97275
1.3152
1.5959
1.2764
1.3772
0.877
1.1169
1.845
0.74645
0.72778
0.69984
3.8548
2.2699
5.3456
3.9902
0.79068
2.5235
0.93541
0.79616
0.82035
0.83176
0.83946
0.79616
1.1324
0.93111
0.79433
1.3032
3.0549
1.5346
2.9512
2.7733
4.0926
3.6728
2.3227
4.4259
1.2589
3.3497
2.7479
1.0304
1.094
0.96161
0.93972
0.96383
1.1508
1.1561
1.1402
1.1508
0.97949
1.0666
1.0914
1.2023
1.2882
0.9977
1.8707
1.3335
1.5453
1.2912
2.4044
0.75509
0.82035
0.84528
1.1041
1.0046
0.75858
0.80353
0.77804
0.85901
0.76033
0.82794
0.76384
1.39
1.5311
1.6558
1.6596
1.556
1.3709
1.2618
2.1478
2.8973
2.5763
3.6728
6.5464
1.8793
0.99083
0.77804
0.7379
0.76033
0.80724
0.77268
0.96605
0.74473
0.77983
0.79433
0.80353
0.75858
0.80724
0.74645
1.1885
0.72111
1.9634
1.2106
2.9785
0.83946
3.3963
0.73451
0.73451
0.79616
0.94842
0.82604
0.90573
0.83946
2.1777
0.81096
0.79433
0.76736
0.78886
0.84528
0.82414
2.2803
0.84333
0.7709
0.78886
0.75162
0.74131
0.72277
0.74645
0.73282
0.78886
0.74131
0.74817
0.71285
0.89125
0.78705
0.72444
0.78163
0.92045
0.76736
0.75336
0.77983
0.72444
1.1967
0.77446
1.7378
2.6669
1.099
1.0617
0.82224
0.75509
0.92897
0.83368
0.98175
0.8892
0.81846
0.8995
1.2331
1.5276
0.9594
0.90782
0.8995
0.93756
0.82604
0.91411
0.89125
0.92897
1.1668
0.85507
1.3002
1.71
1.219
2.9309
3.281
0.83176
0.71945
0.75683
0.82985
0.72946
0.78886
0.70632
0.74131
0.81283
0.77268
2.4491
0.7656
0.75509
0.78524
0.92257
0.75683
0.79799
0.85507
0.79433
0.76384
0.77625
0.74131
0.68707
1.2942
0.90157
0.78524
0.91201
0.84918
0.79068
1.2618
0.88512
0.74989
0.79068
0.75858
0.77804
0.84528
0.69984
0.92683
0.85901
0.75683
0.7145
0.99083
1.5453
1.8323
1.2942
1.8793
1.5346
0.82414
1.2445
2.1878
1.1143
1.6866
1.3709
1.2853
1.5849
1.1455
0.79433
4.5604
1.0304
0.69823
0.72111
0.71779
0.74473
0.70469
0.78163
0.7379
0.74302
0.77804
0.78524
0.75162
0.77446
0.80724
0.71945
0.70795
0.84333
0.71945
0.8091
0.72444
0.70958
0.79616
0.69343
0.7145
0.67143
0.74131
0.86099
0.73621
1.1455
0.75683
0.79433
0.79799
0.69183
0.77625
0.71779
0.7145
0.74817
0.75336
1.7378
0.76384
1.3459
0.71614
1.9907
2.4155
0.87498
0.71945
0.81096
0.8091
0.79068
0.73961
0.83946
0.76736
0.8147
1.2303
0.75336
0.74817
0.76384
0.72611
0.94406
0.73114
0.68549
1.0617
1.0789
0.78163
0.73114
0.69823
0.75336
0.72778
0.71614
0.83176
0.75336
0.77983
0.74302
0.82794
1.2794
1.099
2.5468
0.73961
0.74131
0.7925
0.69502
0.7925
0.74131
0.79799
0.82224
0.81846
1.3868
1.5668
1.4125
1.0839
1.194
2.8907
1.8793
1.1066
2.3988
2.6853
1.9409
1.5488
0.96828
0.97499
2.8445
1.9907
0.82794
3.8994
0.86298
0.71779
0.75858
0.79983
0.70307
0.68391
0.75162
0.88716
1.256
0.80538
0.79068
0.72778
0.92045
0.88308
0.92257
0.72778
0.74473
0.79983
0.82224
1.1092
0.87096
0.7656
0.85704
0.81283
2.8576
0.7656
0.7379
0.91201
0.7656
0.83753
1.3552
0.77268
0.76033
0.78343
0.84918
0.7656
0.77983
1.256
0.86099
0.92045
0.9977
0.75509
0.82985
0.84723
0.79433
1.0351
0.82604
0.8091
2.6792
0.76384
0.72946
0.86099
0.87902
0.75509
0.71614
0.75336
0.75509
0.82604
0.77804
0.72444
0.75336
0.83176
0.76033
0.75858
1.1722
0.7379
0.75509
0.74817
0.95499
0.72946
0.94842
0.88716
2.3335
3.013
4.2954
0.7379
0.70795
3.8459
3.9902
2.208
2.3605
3.3729
2.6669
2.7164
1.3002
0.83946
0.84528
0.70795
0.85901
0.89125
0.78705
0.8531
1.2853
0.82414
0.87498
1.0814
1.0304
1.4521
0.87297
0.88716
1.2134
0.82985
0.89125
0.81658
0.74989
0.8892
0.79799
1.4488
2.2131
1.0233
0.98855
1.0186
1.4791
1.0471
0.9594
1.0471
1.3002
1.0715
0.8995
1.2331
2.8973
1.4322
0.79433
0.877
1.9187
1.9679
3.4995
3.8815
3.581
6.166
2.7542
3.2885
4.0179
3.6983
3.5075
3.9994
3.2359
4.0644
2.7542
0.98175
1.2942
0.74473
0.7709
0.8414
0.84918
0.8414
1.2303
0.70307
0.73961
0.78524
0.79068
0.81283
0.72111
1.977
0.77625
0.8147
0.82985
0.76033
0.83753
1.7258
0.78343
0.91622
0.88105
0.72778
0.76384
0.76913
1.219
0.84528
0.7709
0.7656
0.88308
0.75683
0.72946
0.77983
0.76384
1.0914
0.77268
0.8414
0.79068
0.76033
0.7379
0.74817
0.83368
0.73282
0.77268
0.81846
1.7338
0.77804
0.75509
0.9506
0.85507
0.72277
0.93972
0.84918
0.80353
0.76384
0.74473
0.78343
0.77804
0.79068
0.82035
0.80538
0.93111
0.87498
3.8815
1.4757
1.8664
2.0137
1.1117
1.5276
5.035
0.99541
0.90365
0.84528
0.78524
0.91411
0.87498
0.85114
0.9247
0.93972
0.85507
0.77983
0.89331
0.87498
0.8356
0.86896
0.80538
0.8147
0.83368
0.86896
1.1041
0.77804
0.86298
0.84528
0.78886
0.84333
0.93111
1.3243
0.92045
0.84333
0.91833
0.98401
0.80168
0.81283
0.88512
1.3274
0.80538
0.72611
1.1776
1.0233
1.8493
2.8314
1.8535
3.1261
1.3804
1.256
0.8892
4.8195
1.0257
0.80724
0.75162
0.87096
0.80724
0.78886
0.86099
0.74645
0.75336
0.81283
0.8147
0.72277
0.74302
0.83176
0.75162
0.77983
0.73114
0.70795
0.78163
0.79068
0.75509
2.138
4.3652
6.3096
4.3053
6.7608
3.767
1.2677
1.0814
1.6444
0.98401
3.9446
1.2274
1.2764
1.2162
1.0839
3.4754
3.2285
2.4491
4.3551
0.82794
1.0186
0.79433
1.0162
0.85901
0.88105
0.76208
0.87096
1.0641
0.80353
0.73451
0.85114
0.8531
0.91411
0.78524
0.79068
0.77983
1.4689
1.4158
1.845
1.5885
1.4158
1.5453
2.2594
0.87902
0.7145
0.89536
0.73961
0.81658
0.76208
0.76208
0.93325
0.8531
0.73621
0.75683
0.80168
0.76033
0.79433
1.0423
0.82604
0.78705
0.75336
0.79983
0.78705
0.84528
0.69663
0.84918
0.75683
0.84333
0.8147
0.77983
0.76913
0.81096
0.68391
0.79616
0.82604
0.80538
1.8113
0.79616
0.78163
0.72946
1.1376
1.7338
0.74473
1.4256
0.81096
0.81096
0.79433
0.81846
0.70958
0.69984
0.82224
0.82985
0.83753
0.8892
0.8091
0.78343
0.7925
0.76208
0.83176
0.79433
0.72277
0.79433
0.78886
0.77983
0.77983
0.83946
0.71285
1.2823
0.76736
3.1189
1.0186
1.4093
0.9528
1.4093
1.4859
2.2594
1.3213
2.5061
2.7606
0.98628
0.74302
0.77446
0.78705
1.1298
0.7145
0.88105
0.9594
0.75683
0.87902
0.87297
0.86696
1.1722
0.86099
1.5849
0.84528
0.82604
0.78163
0.74131
0.79799
0.89536
0.68707
0.78163
0.78343
0.83753
0.73114
0.76736
0.70795
0.77446
0.72444
0.83176
0.75509
0.77625
0.82035
0.84723
0.72946
0.79799
0.71614
0.82604
1.2618
0.74302
0.80168
0.89536
0.78705
0.73451
0.84528
0.72444
0.77625
0.83753
1.2474
2.904
1.0209
1.0304
0.87902
1.0093
2.1878
3.5645
7.5683
11.83
10.162
5.0816
3.4119
1.6218
7.9799
12.303
10.814
12.735
10.568
11.912
11.402
9.8628
9.2897
9.4842
8.0168
4.6666
5.0699
11.041
11.912
9.2897
11.641
7.8343
6.2087
5.035
11.066
14.06
17.742
13.772
13.428
11.561
9.0365
2.2233
1.6106
1.2474
1.1117
1.652
1.2912
2.5351
3.3963
4.4055
3.54
7.2778
12.618
4.8306
6.6988
3.8726
6.2517
5.9293
2.7353
3.1477
4.2855
10.257
11.83
15.311
14.997
14.555
18.239
13.49
14.521
14.588
12.078
15.171
15.849
19.543
14.223
15.171
14.355
11.885
14.825
13.305
18.113
5.0933
9.8175
2.1184
13.646
14.256
17.179
14.125
15.922
26.424
17.906
13.868
14.689
15.596
15.311
20.37
4.0551
4.4978
3.8459
10.209
1.9634
5.5335
4.4055
14.158
17.906
5.9841
4.0738
2.5586
2.3605
1.0162
9.6605
2.2909
3.0761
4.4978
1.9275
1.9498
1.845
2.5235
2.0559
1.0093
2.2699
0.82604
0.81096
1.6943
6.6527
0.88512
1.0139
1.5453
1.2218
2.037
2.3988
0.99541
0.83946
0.91201
1.2589
1.6749
2.5235
1.1695
1.7219
0.8356
1.3836
0.77983
1.256
0.84723
0.80353
0.90365
0.76208
0.80353
0.77446
1.4256
1.4388
4.9888
1.5453
0.91833
4.9659
7.6208
9.7275
1.7418
11.722
5.821
4.5604
3.9628
8.1283
3.8905
3.2137
2.0417
4.14
9.2257
15.311
18.45
15.488
8.7902
4.4978
4.8865
1.3521
1.2078
4.8417
4.7534
4.8865
2.466
1.3552
10.789
9.0365
3.8994
5.358
15.885
18.578
14.655
16.866
13.459
14.322
14.521
11.858
14.757
15.136
13.243
12.618
3.6392
15.922
16.331
16.634
16.069
13.614
14.723
14.894
15.171
16.982
15.56
18.664
14.622
18.197
15.171
15.171
14.588
6.6374
2.3605
3.9446
3.6475
5.224
3.062
1.3002
1.5136
1.0023
1.977
1.4158
2.6242
1.3305
2.729
3.5075
4.7315
2.4774
3.8107
5.6624
2.8379
5.6624
2.0941
3.7844
12.162
2.4946
4.4055
3.8637
3.9537
4.8641
7.0307
12.023
11.066
5.6624
2.0989
4.8865
5.8749
9.0782
8.7096
7.9616
6.1235
4.5604
4.9888
9.8855
4.4875
5.5335
2.7227
6.5163
3.2885
6.0256
15.704
15.996
4.7863
4.5604
5.7148
1.1614
2.7164
11.22
16.52
15.56
15.524
13.428
14.859
17.579
16.106
15.205
15.276
14.521
14.555
11.803
12.417
13.677
15.311
7.1945
8.4918
7.5509
2.5823
1.5311
10.715
5.1642
5.4576
6.5917
8.0353
2.4604
2.2751
1.4894
3.8194
6.0117
13.583
4.529
1.6634
1.5524
0.80353
1.6069
1.5996
1.8365
1.2972
1.1508
1.5311
1.1066
1.0116
1.1482
1.0116
0.96828
1.7219
0.83946
0.86099
0.77625
1.4791
0.877
1.1169
0.94406
1.122
1.5596
2.9444
1.7061
1.4093
3.6392
0.84333
2.9992
1.0069
0.79068
0.89743
0.78524
1.39
0.90365
0.79616
0.80538
0.87902
0.79983
1.2912
1.7219
0.76208
0.75162
0.7656
0.8147
1.7061
0.78343
0.79983
0.82035
0.8995
0.81096
0.72444
0.7709
0.82414
0.81658
0.77268
0.78343
0.80168
1.2359
0.7925
0.877
0.7925
0.8091
0.81658
0.85901
1.3397
0.82414
0.81846
1.4689
1.2162
1.0139
1.6558
2.9648
1.803
1.8836
1.5488
1.2359
1.7219
3.7931
4.3652
3.3266
4.9091
4.6666
4.6345
2.4434
6.3387
4.6666
4.4259
4.0458
6.5917
4.3451
0.83753
0.75683
1.4421
2.8184
4.1879
2.8576
3.9902
4.8529
17.418
16.866
17.418
16.181
1.9999
4.0738
8.9331
1.1402
1.3552
2.8907
1.0965
3.7931
1.888
0.9594
2.6002
1.7865
1.3646
1.0399
1.5524
2.3988
1.8155
0.90991
1.7865
1.0593
1.766
1.8113
1.4555
3.3651
2.851
2.3768
0.76033
0.84723
1
0.79433
0.78163
0.88105
0.77625
0.80353
2.1281
1.3614
0.95719
1.4454
1.0839
1.2218
1.0789
1.1668
1.4488
1.5101
0.77268
1.1272
0.72444
0.69502
0.93756
1.3932
0.66069
2.5763
1.9187
5.9566
1.6069
3.6224
3.2885
1.9498
0.70469
0.7709
1.5171
0.67453
2.0091
1.3772
3.6058
4.2756
3.6392
1.5959
7.0146
3.5645
2.2646
1.8707
12.531
3.8637
2.2961
4.0926
3.5318
9.594
1.8493
0.91411
1.6032
1.1803
0.73114
1.5849
0.99083
0.97949
1.6218
2.7227
0.81846
1.8664
0.89536
1.2972
0.76384
0.76913
1.1194
0.78524
0.91201
1.6982
0.93325
1.8923
5.7016
1.0304
15.885
3.6983
0.99312
1.8197
1.6866
1.1912
0.92045
0.92257
0.82224
0.79068
0.87902
0.8356
1.3335
1.7824
1.094
0.9977
1.2023
1.7783
1.9409
3.9084
3.5975
1.7022
2.0654
7.4645
6.223
8.9125
4.14
1.1749
0.92045
0.80353
0.74989
0.80724
0.89743
1.2106
1.0233
1.2618
0.86497
0.86497
0.90365
1.0328
0.88716
0.98855
1.0093
1.0839
1.7906
0.97499
1.6181
1.0093
13.521
10.023
0.79433
1.4289
2.9785
9.3972
1.4488
0.83176
0.87498
1.1092
0.78524
0.86298
1.1015
0.97724
1.256
0.92045
0.97724
0.88716
0.87096
0.83946
0.86497
0.82035
1.2794
0.94406
0.75683
0.88512
0.93325
2.1528
2.9376
3.9628
5.6885
1.4859
3.8107
2.9717
3.9355
2.0654
0.9506
0.89125
1.4723
3.1696
1.1885
1.1066
1.4191
1.2106
0.98401
1.3243
1.2162
1.4488
1.1803
1.3836
1.3243
1.6866
0.90365
1.094
1.0162
0.94624
0.96383
1.1967
1.6368
1.4223
0.73621
0.79983
0.7709
1.9364
2.9242
6.0256
6.0674
5.9979
10.52
4.1879
0.78524
0.74473
2.541
1.2218
1.122
1.2023
1.0864
0.94842
0.91411
0.86099
1.0839
1.6255
1.0691
1.2794
0.877
1.0544
0.96605
0.98401
2.1777
0.8414
0.70958
0.70146
1.3428
2.0893
9.0365
6.4269
6.2951
2.4491
1.2445
5.6624
7.2611
5.445
7.2611
1.6596
0.93541
1.1015
1.0666
1.052
1.3305
0.77983
0.98855
0.7925
0.77804
0.7925
1.5631
0.84918
0.79799
0.82414
0.7925
0.71945
0.81658
1.5382
1.6032
1.0641
1.4588
1.3996
1.6596
1.2882
1.3521
1.6672
1.8239
1.4655
1.3274
1.1376
1.2162
2.1086
1.714
1.7865
1.7338
2.208
1.7378
1.71
1.6482
1.5136
1.8793
2.4604
1.7258
5.2966
1.8408
1.7258
8.6896
5.0582
10.666
12.445
4.2658
2.904
1.2735
0.81846
0.90573
0.80168
0.95719
0.90991
1.6069
1.9953
1.5031
1.39
0.85704
1.2618
1.0186
1.074
0.98855
0.9528
0.84333
1.8793
4.0832
3.8548
3.4594
2.6792
5.1286
3.1046
8.1096
10.399
1.9364
1.3868
1.1535
0.88308
1.1695
1.0423
1.1912
1.1455
1.0593
1.0593
3.2885
0.90573
1.3213
1.1482
1.2706
1.0789
1.4191
0.91201
0.85507
1.0233
1.6982
0.84333
1.1803
0.86099
1.1324
1.4158
0.90782
0.97051
1.0093
1.5136
0.87498
1.0544
3.8905
3.9446
1.6218
2.2646
1.1885
1.1482
1.7458
5.6885
6.8549
3.8459
9.2045
1.205
2.6363
1.0593
0.78163
0.78163
2.3878
0.82794
0.77446
2.3714
0.84918
0.88105
0.90991
1.0839
4.4668
1.3428
1.9588
1.7338
1.4825
1.8113
1.4757
1.3062
1.205
1.4125
3.9537
1.8281
1.0914
0.88716
1.0233
1.1695
1.1246
1.0116
1.1117
1.0839
1.2823
1.1995
1.194
2.9785
1.0666
0.86298
0.81096
1.1803
0.71285
3.8815
8.0538
7.9983
2.2284
2.3768
2.3335
6.9183
0.98855
0.82414
0.90573
0.90991
1.2706
3.1842
3.342
4.1783
0.8995
0.9594
0.84918
0.85704
0.88308
1.0069
1.3092
0.94406
1.0257
1.4093
6.368
5.9979
2.6607
3.6644
5.4828
4.3351
11.117
5.821
9.2045
7.4131
1.6032
2.0184
8.892
4.0272
0.96828
1.0715
0.95499
0.8995
0.77804
1.1324
0.85901
0.86497
0.90782
0.92257
1.0116
0.88308
0.97949
1.2359
0.94406
0.99541
0.91833
0.92045
1.6444
0.93972
0.86896
1.5171
0.83753
0.90365
1.0046
1.028
1.6144
0.8147
0.93756
2.1281
1
0.9528
1.1041
4.2073
8.3368
3.3113
0.76736
0.69663
0.72277
0.82414
0.75336
0.76736
0.93111
0.92683
0.91833
0.8147
0.7379
0.73282
1.4894
1.0544
2.5119
1.3366
1.0839
0.84723
0.84723
0.85114
0.79799
0.78343
3.0974
0.93325
0.81096
0.82985
0.75858
0.87902
1.7824
7.6913
1.3183
9.2897
4.9431
10.568
0.86497
0.86099
0.96605
1.6482
1.1246
1.1803
1.0023
0.9506
0.81283
4.9774
3.1915
6.6527
13.836
1.194
1.5996
1.4454
2.133
1.0789
1.028
2.3496
1.1858
1.2078
0.92045
0.82985
1.183
0.82035
3.3497
1.5417
11.668
11.668
7.9799
2.704
2.3659
11.83
4.6345
1.5241
0.8531
0.86099
0.77446
0.7925
0.89331
0.79433
0.86696
0.8091
1.6749
0.90573
1.052
0.86497
0.95499
1.5885
1.0209
2.1135
1.6827
1.1561
1.7906
1.5885
9.594
0.8892
0.9977
0.83946
3.0974
1.2912
0.80353
1.5996
2.5119
1.1668
5.42
8.3946
1.5311
0.75683
1.2794
0.90573
8.8308
10.399
1.5171
0.8414
1.0046
4.4875
9.9312
1.9364
6.8865
14.289
16.181
11.94
18.113
19.275
18.621
13.804
3.7844
3.4594
3.9537
5.8884
6.792
2.6792
3.1333
6.3826
0.98401
2.904
5.559
6.0534
18.197
13.274
15.74
6.0117
5.6364
4.5186
17.219
5.0699
0.85507
0.93541
0.98628
0.79433
1.2882
1.5524
1.8239
1.6788
2.5119
1.6904
10.046
1.1117
2.0893
3.4594
2.2491
1.4928
1.2359
13.772
20.324
3.6308
1.4223
9.594
6.9024
1.2618
1.7742
11.668
10.069
2.0045
0.86896
5.5081
1.5668
3.1117
3.7154
3.7497
1.406
1.1324
6.5464
2.4946
7.2946
6.8391
2.2646
2.8184
8.9125
14.689
1.6558
0.89125
4.4566
1.3335
50.582
25.704
2.1281
19.454
19.364
21.528
31.333
33.037
22.856
23.227
24.547
21.232
20.749
22.803
23.933
21.528
