1.0046
1.0965
1.1092
1.5776
0.91201
4.2855
2.8576
0.66834
0.67143
0.82985
0.91833
1.2912
1.0839
1.875
1.5346
2.2233
2.1777
2.4604
3.4514
2.9992
1.7539
1.9999
2.5003
3.1333
2.2182
2.541
3.2434
1.6827
1.9907
2.8708
2.884
3.2063
2.7606
2.3281
2.6182
2.3335
2.6977
2.6546
2.3768
2.2491
3.4674
2.7479
2.2542
2.4266
1.9187
2.2284
2.0654
2.3659
2.9242
3.6728
2.9785
2.4774
3.6224
2.7479
1.9724
3.3806
2.2856
3.1261
2.5704
2.6485
3.4119
3.2509
4.3251
5.2723
1.7298
2.4491
2.4604
1.3032
1.7338
1.4757
1.8836
1.3002
1.8664
3.1915
1.4859
1.762
1.5885
1.1995
1.5922
1.9231
1.6293
1.7539
1.8578
1.3964
2.1577
1.7338
1.4289
1.977
1.5136
2.0606
1.6943
1.6255
2.0654
1.8836
2.704
1.8281
2.4889
1.6749
1.2794
1.7742
1.9364
1.9055
1.7258
1.3305
1.6218
1.6406
1.3646
1.5382
1.3032
1.7258
1.652
1.7061
1.4622
1.3521
1.7579
1.6106
1.3428
2.1577
1.4256
1.4791
1.3305
1.8923
1.6672
1.2853
1.4521
1.3709
1.3243
1.1429
1.714
4.3551
10.641
1.8281
1.5704
1.3868
1.6218
1.4791
2.3121
1.9275
1.6943
1.8621
1.4928
1.9055
1.4223
1.6255
1.766
1.5417
1.7418
1.8239
1.5959
1.556
1.7539
1.5346
1.5524
1.4655
1.1194
1.7579
1.6943
1.4962
1.3868
1.4962
1.5276
1.4028
1.6218
1.6331
2.4946
2.1577
2.1979
1.135
1.5812
1.6181
1.0641
1.3397
1.406
1.256
1.766
1.3552
1.8923
1.7989
1.9953
1.0471
1.1722
1.4289
0.92897
1.406
1.932
1.194
1.3583
2.4155
1.8967
12.677
3.0903
7.0146
1.6069
8.8512
2.0512
0.72611
0.94189
1.028
1.406
1.1749
6.1802
5.5463
1.8793
7.2111
10.375
2.1038
6.3241
1.845
3.0761
0.76913
0.77625
0.78886
0.71285
1.2764
0.87902
2.3014
1.6788
2.8184
8.356
1.8113
1.7947
8.0724
13.996
1.205
2.2284
8.8512
0.70958
0.73282
0.84333
1.135
0.77625
1.5885
1.4028
0.92257
0.70146
1.0093
1.2303
0.8995
3.3113
0.74302
0.8356
0.72946
0.7145
0.73282
0.71945
0.76208
0.90365
0.8531
0.73621
0.75683
1
4.6238
3.8994
4.6132
7.4645
5.728
6.7143
1.1376
0.75336
2.6242
2.9923
1.7022
2.4831
2.4322
7.8343
1.4928
0.74302
0.70469
0.70958
0.82224
0.69183
1.9588
0.99541
1.7179
1.6711
6.6069
9.6161
1.8113
4.7315
7.4302
4.7424
5.5719
3.3574
9.5719
6.5313
1.3092
0.84723
0.91201
0.8995
1.8197
1.2359
1.2677
1.4191
5.5335
10.617
12.677
12.972
12.246
15.382
20.512
11.015
11.668
5.42
7.8705
2.1281
7.9983
7.3114
2.673
2.799
4.5604
9.0991
12.972
17.258
13.964
11.402
10.399
16.069
14.622
8.5901
13.062
8.1283
1.4723
2.9174
8.9536
9.977
13.9
11.776
8.1283
10.162
11.35
11.94
6.7764
10.046
5.3703
10.162
12.162
11.614
10.233
8.8716
7.6736
13.092
10.965
5.821
8.2794
2.4099
5.6364
9.506
10.447
6.0256
8.5114
9.1833
9.3756
2.9512
1
0.83176
8.6298
9.1411
9.506
10.74
5.781
8.6298
5.7943
3.2659
8.2794
6.8234
8.8512
12.912
5.7016
1.3335
1.9588
9.506
10.666
6.7298
19.231
8.091
10.399
13.49
5.9156
1.4454
2.6062
11.995
5.9429
10.399
14.689
8.2224
2.2542
1.1272
5.5463
3.013
1.1614
1.2882
1.5276
1.1169
1.762
1.3062
1.7022
7.9616
10.351
12.735
12.647
11.376
11.376
10.093
5.42
6.5163
2.3714
4.4157
8.6696
10.765
6.6374
3.9174
9.3756
7.0632
1.0495
1.1041
2.0324
10.399
3.3266
0.96828
0.85114
1.762
0.76913
9.528
11.588
5.7544
5.9566
9.1411
10.715
11.429
9.5499
14.158
7.0146
10
3.7844
3.0339
8.8105
9.8628
12.764
11.066
0.78524
0.84723
0.73621
6.6834
10.351
13.397
11.967
6.5013
1.0351
0.78524
8.2794
11.94
10.52
10.139
3.8726
1.2531
8.6298
4.7643
1.6106
8.1096
4.7973
0.91622
3.0339
2.2646
11.722
6.5766
1.7824
2.7227
12.218
7.3961
7.9983
12.912
12.19
10.375
10.74
6.1518
7.9616
6.8865
8.3753
5.0466
9.1411
9.3756
7.5509
7.6208
8.7297
7.3282
4.5814
7.4131
9.2045
8.2414
1.3552
4.7643
7.1779
7.2778
8.0724
7.8886
10.069
7.0795
8.091
9.2897
8.77
8.0353
8.0353
5.035
7.5336
2.5527
0.8147
1.2647
1.3677
1.6032
1.9099
3.6058
4.8417
5.1286
3.0269
11.995
9.7949
9.2897
9.0157
8.7096
5.7943
6.9024
6.8549
6.3973
5.358
10.617
7.2778
8.5114
8.5901
8.3176
2.6792
6.166
9.0365
8.8308
7.925
8.4723
8.2414
10.304
7.9433
1.6982
9.0157
10.423
2.8119
7.7268
1.7458
1.2912
1.3305
1.2882
1.0328
2.2233
2.5293
3.8637
2.6977
2.2131
1.4894
1.1402
8.7297
9.0782
7.5858
11.092
14.521
11.912
5.1761
12.246
9.7499
9.0991
9.977
1.7061
0.97051
0.90782
0.79616
0.93541
1.1535
1.0257
1.3804
0.73621
0.65615
0.66527
0.64714
0.66374
0.72611
0.82604
2.0797
2.7416
1.1614
1.1429
1.094
0.7145
0.76208
1.0641
1.4928
0.91201
1.2794
1.0116
1.1376
1.0139
0.77268
1.0233
1.2882
2.0654
1.1066
0.88105
1.1169
0.71614
0.78886
0.77446
1.3122
0.81658
0.67453
0.71945
0.76913
0.67764
1.0471
0.66988
0.74817
0.75509
0.6792
0.80353
0.70958
0.70146
0.9594
3.0339
0.79799
0.75858
0.72277
0.85901
0.67453
0.74645
0.68234
0.75162
2.4378
0.93541
0.70146
0.72277
0.69024
0.70632
0.85507
0.80353
0.70795
1.2474
1.0423
0.77268
3.4277
5.5847
2.6242
3.8459
3.7931
1.1749
0.68077
2.3121
1.4388
2.4378
2.8119
1.7579
0.73961
1.3243
0.72778
1.9861
0.91622
3.1989
3.3651
1.1588
0.87902
0.85704
1.3552
2.3227
3.8905
1.3836
1.0328
1.183
0.80168
2.7353
1.71
2.2961
7.0469
1.7022
2.3823
2.9648
3.1477
2.704
6.6681
10.046
10.568
13.366
13.122
2.355
6.1802
4.3954
1.5101
0.78343
0.67764
0.70795
0.70632
0.68865
2.2646
0.68391
0.65766
0.70146
0.71945
0.71285
1.8967
2.5527
0.95499
1.6218
0.86896
1.0093
1.1749
0.89743
0.67608
0.77625
2.138
2.4889
1.3677
1.3032
2.9992
3.3806
6.0395
8.5901
1.9953
1.7418
3.4834
7.3621
0.75336
4.4668
1.8113
0.96828
2.7669
0.65464
0.65313
0.83176
2.0941
3.1477
2.1086
2.6182
2.7669
4.2954
0.67143
1.406
0.65615
0.65163
0.70632
0.69024
0.63826
0.69183
0.68234
0.69343
0.68077
0.78524
1.3032
0.85114
0.87498
0.69343
0.71614
0.96828
0.80353
0.85901
0.71285
0.72444
0.68391
0.71285
0.66527
1.0789
0.74989
1.6982
1.9815
2.5882
1.1092
0.66222
1.3459
1.194
1.803
0.72277
0.73451
0.85901
0.71121
0.70146
0.69984
0.80168
0.76033
0.81658
0.67608
0.77446
0.66834
0.67298
0.90782
0.68077
0.75683
0.73961
0.71779
0.67764
0.70632
0.82224
0.79068
0.64565
0.67298
0.69823
0.76384
0.75162
0.71945
1.406
0.72444
0.70795
0.69823
0.68391
0.74645
0.65163
0.73282
4.8529
1.574
2.3659
1.875
2.7542
0.76736
0.71945
0.71779
0.76033
0.73114
0.75162
0.75858
0.86099
0.71614
0.79433
0.65766
1.2023
2.1038
0.74817
0.78343
0.72611
1.4962
0.64121
1.5922
1.875
1.135
0.69024
0.6792
0.71779
0.74817
0.75683
0.69024
0.75336
0.66222
0.72277
0.70146
0.75509
0.66988
0.71779
1.0399
2.5119
1.5311
0.68707
2.2751
0.74989
2.3823
1.8239
0.71779
0.75683
0.66988
0.70632
0.67143
0.66069
0.68707
1.8707
0.73451
0.69663
0.68865
0.66222
0.69984
0.73621
1.0568
2.6977
4.1305
2.3933
2.5527
0.81096
0.99541
1.0423
2.0797
1.574
1.6904
1.2134
0.84918
1.2474
1.1482
1.0789
0.9506
0.88512
1.1117
1.3428
2.673
0.66069
0.86896
2.6853
1.6218
1.1803
3.6392
1.8836
2.5586
1.9724
4.3752
1.7378
3.7497
3.767
2.3227
2.6669
1.6711
1.4355
1.4894
2.5468
1.7418
1.8197
2.7102
2.1979
4.592
1.2388
1.8155
0.79433
0.72778
0.68391
0.75858
0.77446
0.65464
0.86696
0.72778
2.0893
0.63973
1.1967
0.66374
2.3714
4.1976
1.2677
6.166
2.4099
1.6749
1.556
3.5727
5.821
3.5892
0.82414
3.1989
0.8414
0.7656
0.72444
0.7709
0.7145
0.72778
0.79433
2.3281
0.66834
0.65766
0.66069
1.6331
1.0641
1.71
5.7677
5.5976
2.8973
3.8459
5.0003
4.4055
2.7669
3.7584
2.7925
2.1878
1.5382
4.3752
4.7643
4.3053
2.1827
4.3954
2.3174
5.1642
1.9099
0.93111
1.3964
0.71945
1.2882
0.68391
0.71285
0.71779
0.8414
0.73451
0.73114
1.4521
0.66527
0.69183
1.2912
1.2618
0.97051
0.86696
0.78163
0.76033
0.72946
0.79616
0.80724
0.87297
2.6363
0.81658
0.75336
0.66834
0.70795
2.2803
2.2803
4.7973
0.79983
4.4978
1.4689
1.0186
3.0832
1.0328
1.0495
2.2961
0.88716
1.9055
1.5101
0.78163
0.89331
0.69984
0.76384
0.72444
0.69343
0.75162
0.73282
0.70469
0.71614
0.72444
0.7379
0.74817
1.6144
0.68707
0.78705
1.5996
2.9854
1.6866
1.3366
1.052
3.4594
1.7906
1.6368
1.9231
2.1478
2.3388
2.6242
1.406
3.8905
2.4044
3.0479
3.3884
1.7579
1.5205
1.1722
1.5524
1.977
4.6559
0.74645
0.8995
1.9999
1.3996
0.96605
0.79068
0.76033
0.72444
2.138
0.73621
0.75509
0.73961
0.70958
1.2503
2.9444
1.6482
3.0974
2.3335
2.541
1.8239
3.4198
4.4668
5.9704
3.2359
3.0409
3.0761
2.4099
2.2803
1.5668
2.3227
5.1286
4.6559
3.4594
2.0045
2.6182
2.4889
0.65313
0.61944
0.63241
0.65615
0.6368
0.67298
0.66374
0.67764
0.67764
0.77983
1.135
1.0691
0.90782
1.0691
0.98855
1.1246
1.7539
0.8356
1.1402
0.80724
1.0375
0.7709
1.4689
1.094
0.74817
0.68707
0.71779
0.71614
1.5631
0.73621
0.78163
0.91833
0.70469
0.87297
0.73621
1.0593
0.68234
1.7906
2.2491
0.79433
0.91411
0.74473
0.68234
0.77268
0.74817
1.4997
0.84528
0.7656
0.74989
0.69343
3.6728
1.6368
3.7844
4.8306
2.1777
0.70958
0.72444
0.69984
0.67608
1.0399
0.71614
0.66834
0.68391
0.67608
0.71945
0.73282
0.66834
0.75336
0.69183
0.6792
0.6792
0.72611
0.86099
1.0162
0.69183
0.75509
0.65766
1.5066
0.65917
2.9717
2.6792
6.5163
0.97051
0.71285
0.77446
0.71285
0.72946
0.70795
0.68234
0.73451
0.78524
0.71121
0.73114
0.88716
1.0209
1.3932
3.0761
2.3768
1.0023
2.4491
0.76913
0.85704
0.72611
0.80538
2.2131
0.72778
5.2119
1.7498
1.1588
0.91411
2.0797
0.88105
0.68707
0.91411
0.85901
0.7709
1.2303
0.69343
0.66988
1.1803
0.70795
0.69984
0.83946
0.69984
0.70632
0.79433
1.6181
4.4771
0.8414
0.97499
1.9861
2.3442
1.0233
0.83753
0.71285
0.72778
0.70632
0.70146
0.69984
0.90157
3.5075
2.2856
1.2388
1.194
0.76033
0.7379
0.7656
2.5235
0.74645
0.96161
2.1135
2.1878
0.7709
1.2246
0.97499
0.68391
0.70958
0.80538
0.70146
0.71121
0.77625
1.2331
0.72946
0.70795
1.8923
1.8664
2.3067
0.90782
0.76208
0.7145
0.69984
0.66374
0.73114
1.094
0.68549
0.66834
0.70469
0.6792
0.64121
0.65766
1
0.74131
0.78886
0.77268
0.74645
0.77983
0.77625
1.3032
0.71614
0.70795
0.76913
1.9409
0.8531
1.5885
1.0399
1.9011
0.64565
0.66069
0.65013
0.67298
2.2699
2.2491
2.7797
0.98628
0.78886
0.69183
0.66834
0.79068
0.68549
0.67143
0.73451
0.7145
0.77446
2.1281
2.9648
3.2359
2.0989
2.1038
1.5922
1.2162
0.81658
0.87297
4.2855
1.3772
1.349
1.3552
3.0761
1.932
1.5922
3.9537
0.82794
1.3552
0.7656
1.1995
2.1281
1.9364
2.5882
1.7989
0.79799
0.96161
0.88716
0.90573
0.73114
0.70958
0.73282
1.3366
0.68549
0.69984
0.72111
0.75509
0.71945
0.8995
0.69823
0.67764
0.72946
0.67453
0.68707
0.85114
0.68391
0.71285
0.71121
3.2359
1.3428
0.95499
2.466
0.89743
0.82224
2.9854
6.4121
1.8664
1.8408
0.69823
0.78705
0.78163
0.68077
0.75336
0.69823
0.88512
1.714
2.1577
3.3113
2.7861
0.7379
1.9815
5.1761
0.73282
0.78705
0.73451
1.183
0.68549
0.69984
0.66834
0.70958
0.67298
0.67298
0.74817
0.78886
0.78705
0.72277
0.7379
0.64417
0.72778
0.70146
1.7061
0.69984
1.5171
0.67764
0.78886
0.68234
0.64269
0.70632
0.7145
0.80724
0.66222
0.90365
0.80724
0.82035
0.66527
0.68865
0.75683
0.70632
0.69024
0.67143
1.4928
2.3659
1.3002
0.93325
2.3823
1.1092
1.1194
1.1272
1.4588
1.0789
2.5468
3.8371
1.5524
5.236
0.65163
2.0184
0.86298
2.0797
2.8907
2.023
2.0417
3.2359
2.6182
2.3014
1.5453
2.729
2.5293
0.86497
1.2853
2.6915
1.9364
1.7906
0.70632
1.6218
0.68077
0.68707
0.77625
0.68707
0.75162
1.5136
0.70469
0.73961
0.73282
0.79983
0.66681
0.65163
0.73114
0.70958
0.69024
0.73451
0.70307
0.74302
3.2659
1.1561
1.9815
0.70307
0.67453
0.76208
0.70632
0.77983
1.7418
0.73451
0.96161
0.86696
0.95719
0.71121
0.70958
0.6792
1.8197
1.6672
7.6736
2.0324
2.7102
1.5346
3.0409
2.6002
1.5996
3.4514
3.1261
1.7179
3.6308
3.013
2.5119
1.1561
1.1803
2.4434
0.95719
0.99083
0.91622
0.73282
0.89536
0.98628
1.3032
0.75509
1.4388
0.72444
0.96828
0.96605
1.3772
3.2137
1.4256
0.82224
0.98175
0.72277
1.7219
0.89536
0.96161
0.9977
0.9506
0.74817
0.73961
0.63387
0.77446
0.68865
0.70632
0.69024
0.68077
0.67143
2.133
1.6293
2.6424
1.122
0.8995
0.94406
0.86896
1.6634
2.3227
1.8281
0.78886
1.9634
0.68707
0.92045
0.72277
0.68234
0.72778
0.77268
0.70469
0.93756
0.65766
0.69502
0.78163
0.69984
0.68391
0.69024
1.1508
0.68865
0.69024
0.68549
0.76208
0.69502
1.2794
1.4928
0.81283
0.87297
1.1588
0.67143
0.73282
0.66527
1.6293
0.99541
0.74817
1.2942
0.76913
0.74302
0.69984
1.4289
0.67608
1.1995
0.72778
0.74817
0.73282
0.69823
0.81096
0.68234
0.70146
0.9594
0.81283
1.2942
0.78163
0.78343
0.72611
0.77446
1.9011
0.79616
1.205
0.72778
0.76913
0.69502
0.73282
0.68077
1.7338
2.2233
0.70469
0.7709
2.6182
2.2439
1.5066
1.9679
2.3659
3.0479
0.94406
2.138
1.0257
2.3768
1.7418
1.0666
0.69183
2.884
3.1696
2.3281
2.1727
1.6368
3.54
3.062
1.3772
1.71
1.0304
0.88512
0.84723
0.79799
0.81846
0.90573
1.0233
0.82985
1.0375
3.069
1.3243
2.0091
2.1232
2.2961
3.4041
3.1989
5.6494
2.904
1.9454
2.5235
4.9888
3.1477
3.1405
2.851
1.7824
1.6444
1.2162
0.76384
0.93111
1.5812
1.7418
0.96605
1.6558
0.65615
2.1727
2.5351
1.7258
0.96828
1.7458
0.73114
2.6062
2.1777
1.2794
1.7418
2.1478
1.0069
0.81283
0.93111
2.6062
1.1194
0.91411
1.2417
0.82985
0.95499
0.86896
0.88308
1.0257
0.91833
0.89536
1.2589
1.1402
0.8091
1.5346
0.89125
1.052
0.92683
0.67298
0.75509
0.74645
0.66681
0.72111
0.72611
0.70307
0.65615
0.66222
0.70469
0.69024
0.74989
0.69502
0.77268
0.71779
0.71121
0.66069
0.81658
1.3772
0.82224
3.8637
0.69502
0.64121
2.2439
0.6792
2.4155
1.8664
2.3605
0.97724
0.70146
0.68865
0.79616
1.2474
1.0765
2.0184
0.78343
0.69183
0.79983
1.1117
0.8414
0.68077
0.70307
1.6827
0.67764
0.74645
0.69502
0.73282
0.73961
0.64714
0.73961
0.95499
0.71945
0.70958
0.71779
0.7379
0.65163
0.8414
0.71614
2.7353
1.5382
2.7227
1.6866
3.0974
0.63973
3.5975
2.3659
0.98628
0.7925
1.4723
0.8531
2.729
1.4125
0.80168
0.88105
0.70307
1.7418
0.88105
0.73114
0.69502
0.70958
0.71285
0.68077
0.75162
0.71121
0.76208
1.9187
1.1858
0.96161
2.4491
1.0162
0.8356
0.88512
2.9648
1.1246
0.78163
0.76208
0.71945
0.94842
1.3614
2.1528
2.958
2.7925
2.2542
4.9774
0.81846
1.0789
2.0277
1.8621
1.4191
1.4723
1.9143
0.87902
0.93756
1.6144
0.7925
0.8356
2.0893
3.4198
2.6485
0.71121
1.6482
1.8155
1.1561
2.5177
2.0941
1.4655
0.6792
0.69343
0.78524
0.73961
1.3521
0.67608
0.73621
0.6792
0.71121
0.76913
1.4997
0.81096
2.3014
1.3583
1.3428
2.2387
2.7669
2.541
3.9537
3.9628
2.3335
1.9724
0.93111
1.7906
3.1189
2.8576
2.0845
1.9634
0.68077
0.72444
1.0789
0.72111
1.5849
0.67453
0.78705
1.5205
0.74645
0.70469
0.69183
0.66374
0.70469
0.80538
2.1184
2.3121
2.4491
2.0091
2.2803
2.2856
2.2284
0.73621
1.099
1.1092
0.78705
0.69823
0.70146
0.70795
0.67143
1.0233
0.77446
1.5205
0.81283
0.80724
0.65766
0.68549
0.64565
2.1281
0.68077
0.69663
0.73114
2.9107
2.1281
0.95499
1.3583
1.4622
1.7378
1.5668
1.0765
2.2131
1.2972
1.4125
1.2912
0.71945
0.74131
0.71614
0.72111
0.74302
0.66222
0.72111
0.77983
0.72611
0.70958
0.69183
0.72946
0.65163
0.66834
0.78343
0.67143
0.73451
0.67764
0.68707
0.65163
0.63826
0.66527
0.68077
0.69663
1.39
1.714
0.67608
0.74302
0.99541
0.68865
0.67298
0.71614
0.70307
0.62806
3.8637
2.5468
0.91201
1.5704
1.5524
1.5596
2.3174
1.4655
2.1627
0.72946
0.97051
2.729
0.71945
0.72111
0.69984
0.70469
0.69984
0.75336
1.6827
1.8197
0.69823
0.72778
0.68077
1.4158
1.3243
0.72778
0.65464
0.69024
0.69502
0.70307
0.75509
0.69984
0.67143
0.73451
1.1885
0.79799
0.74302
1.6558
0.67764
0.96383
0.67764
0.74131
0.72277
0.65013
0.77983
0.72111
0.68077
0.71121
0.7379
0.76033
0.72611
0.7145
0.72277
0.67764
0.71779
0.73114
1.7338
1.5066
0.72444
0.69183
0.74473
0.69183
0.73961
0.69183
0.68077
1.5382
4.0832
2.355
2.133
2.7797
1.1535
0.93756
8.5704
7.0795
10.52
14.355
11.508
9.3325
1.2417
1.1668
3.1261
1.762
1.1912
3.8194
2.0941
1.0864
0.87902
0.70146
0.76208
0.8531
0.70795
1.4125
0.68391
0.80353
1.0691
1.6444
0.89125
1.1722
0.8414
2.799
0.93541
0.69663
1.094
1.4997
1.8578
2.8774
2.4946
1.2162
1.0666
0.76913
1.0186
1.4689
0.84333
1.205
3.5075
0.83753
1.0617
0.69343
0.67298
1.3646
3.5237
1.0715
1.3122
1.0069
0.75509
1.0544
0.72111
0.88512
0.69024
0.67764
1.2647
1.0046
0.9977
1.2331
0.8531
0.75162
0.77268
0.94189
0.93541
1.4622
0.63241
0.76384
0.74302
0.877
2.023
0.65163
0.6792
0.72611
0.75336
0.67143
0.71945
0.8995
0.83176
1.1092
1.2677
1.2853
1.7498
3.3189
4.529
0.96605
1.0641
0.7379
0.69024
0.68077
0.72111
0.70795
0.7145
0.67143
0.65313
0.66681
0.66681
0.76384
0.68077
1.0814
1.5453
2.4547
1.4723
0.85704
0.8356
0.77625
0.66834
0.65766
0.70307
0.75509
0.69024
0.67143
1.349
0.72444
0.69823
0.70146
1.1803
2.6853
1.0116
1.4622
0.79433
2.9376
1.4791
2.7353
2.6182
1.7989
1.6558
2.6915
2.4604
1.6218
2.4831
2.1627
4.9204
0.88716
1.9679
0.83753
1.6634
0.70958
0.73114
0.72946
0.90157
0.70632
0.71779
0.68234
0.70958
0.72778
1.0691
2.2961
0.70632
2.3067
0.73621
0.69823
0.74131
1.2303
0.69663
0.67453
0.93972
0.69823
1.7298
1.0351
0.74131
1.2853
0.69984
1.4421
1.4825
0.70146
1.0375
4.4771
0.66222
1.0423
0.65917
0.7145
0.65917
0.86099
0.70958
0.71945
0.70307
0.7145
1.8113
3.1769
0.65917
2.1677
2.8445
0.86896
0.72946
1.1041
0.78343
0.78343
3.1915
3.2285
1.6866
0.82224
2.3605
1.556
1.5812
0.72611
0.72611
0.75162
2.3442
3.5156
2.7797
3.6475
1.6866
1.1298
1.9543
1.8239
1.1995
1.8923
1.6331
1.977
2.0464
1.9364
0.97724
2.4831
2.7164
1.6331
1.122
1.3335
1.3614
4.6559
3.0832
2.8054
1.6827
2.6002
1.6558
2.673
3.4914
2.7542
2.0559
3.2584
0.91201
1.5346
0.72946
0.90991
1.8493
1.1995
0.88308
2.8054
0.77625
1.028
0.73282
0.69663
0.91411
1.1169
1.8578
0.7379
0.71121
0.76208
0.72111
1.0617
0.71121
0.68234
0.65163
0.75683
0.67143
0.73961
0.74131
2.0137
0.72778
0.72778
0.73961
0.74645
0.66527
1.2106
0.68234
1.7061
0.76033
0.66681
2.0989
0.70146
0.65917
0.69343
0.73961
0.69502
1.9999
0.74989
0.68707
0.71285
0.65615
0.67453
1.4289
0.69343
0.70146
0.70795
0.72778
0.9247
0.77804
0.72277
0.69024
0.64269
0.69663
0.69502
0.79983
0.6792
0.70146
0.69663
2.2646
3.0269
4.7863
1.6444
0.74817
0.66834
0.7379
0.68549
0.84333
0.69343
1.0046
0.69984
1.3032
0.84723
0.67143
2.3933
0.8531
0.98401
0.69663
0.6792
0.69502
0.69823
1.6144
0.67143
0.67453
0.72946
0.76208
1.9634
0.65615
0.77804
1.4093
0.92045
0.71614
2.355
0.79433
0.66069
0.67453
0.73114
0.85507
0.66681
0.86696
3.4914
0.93972
0.68077
0.71121
0.75509
0.68865
0.69984
0.69502
0.7145
1.1376
3.8637
1.9724
1.1695
1.5668
2.6546
1.5276
2.2439
1.9099
4.6989
2.3714
2.8249
3.2885
2.8054
1.2134
2.6792
4.1495
3.9264
6.0534
1.932
1.5922
2.0654
2.3988
2.023
3.7239
1.8113
3.2961
1.9409
3.3729
2.7925
0.79799
2.5645
3.02
0.93325
0.84528
0.85901
1.6331
1.8072
0.70795
1.2417
0.73114
1.6444
0.86896
0.78886
0.78163
0.7709
0.74645
0.69024
0.78886
1.2162
1.7989
2.1827
2.1878
0.80538
0.8531
1.5101
0.8414
1.0046
1.3152
0.81283
1.2023
0.72111
0.81096
0.78343
0.86497
0.72111
0.75509
0.76736
0.79616
0.70146
0.91833
0.75336
0.71945
0.68077
0.70146
0.98401
0.7145
0.72778
0.68865
0.68865
1.5136
0.86696
1.4421
2.0045
1.6596
1.6788
2.3768
3.5318
2.133
2.9444
1.3804
3.9902
0.85901
0.95719
0.72946
0.84333
0.73282
0.74473
0.75509
0.72277
0.76736
0.85507
0.82985
0.95499
2.2336
0.8892
1.2647
1.3062
0.92683
0.73451
2.3933
2.5942
1.1143
0.97949
1.3996
2.1928
2.2284
1.3552
2.7606
1.652
4.3551
1.6144
3.1696
5.0234
10.568
14.521
2.5586
1.7947
2.9648
1.3836
2.6853
4.4978
3.1477
1.5311
2.4322
2.4604
1.8365
4.1495
4.7643
3.0061
2.7925
1.9953
0.69183
0.64863
1.4158
0.82414
2.9785
3.5975
2.4717
3.7325
0.77268
2.1281
0.91622
1.1858
1.3614
0.72946
0.71121
0.76736
0.73451
0.7379
0.74131
0.73451
0.67764
0.89743
0.80724
0.88512
0.80353
2.2751
0.7145
0.79068
0.80538
0.78343
0.70632
0.7925
0.72778
0.73114
0.72778
0.76913
1.7579
3.4514
0.92045
1.1614
0.82035
0.87297
0.88512
1.2303
2.8054
0.81283
1.0023
0.84333
0.64417
0.72444
2.7164
0.90573
0.77446
0.8414
0.69663
0.66222
0.7379
0.69024
0.71945
0.71285
3.2885
2.8907
0.76208
3.3189
3.8815
1.1561
1.1995
1.1967
2.6669
1.9454
1.5812
1.5417
1.0789
0.97724
1.4655
1.5205
1.2023
1.5959
1.2912
1.0471
1.6788
1.1143
0.82224
0.71945
1.4962
0.76913
0.91833
0.71285
0.71614
0.68865
0.67298
0.74302
0.74817
1.1066
1.6634
1.3964
1.1169
0.77268
0.74817
0.76913
0.84528
1.1668
0.72946
0.71945
0.65313
0.70958
1.845
1.1508
0.67764
0.65615
0.68391
2.2909
0.69502
0.72946
0.76384
0.66988
1.0399
0.74473
0.72946
0.71121
0.72444
0.88308
0.7379
0.74131
0.72111
0.71614
0.66988
2.2491
2.0701
1.9364
1.7783
0.88716
2.3388
1.4488
1.7824
1.0691
2.5527
2.2594
0.60814
0.71121
1.8365
1.9011
1.7219
2.8249
3.0974
4.4157
0.75162
0.70795
0.71285
0.71779
0.72444
0.79983
0.71614
0.73114
0.68865
0.69984
0.7656
1.074
0.68077
0.68391
0.69024
0.68077
0.68707
0.68234
0.69823
0.68865
0.91622
0.67143
0.72946
2.4774
1.2531
0.72277
0.75509
0.7145
0.79433
0.73621
0.68234
0.77804
0.79799
0.69663
0.66069
0.71945
1.8836
1.1967
1.4388
0.73451
0.76033
0.68707
0.66834
1.8072
2.0277
2.5351
1.2359
2.9309
2.0845
2.0654
1.052
2.0845
1.5996
2.5763
1.0914
0.73961
0.70469
0.69984
0.76033
0.67298
0.73114
1
0.68549
0.73961
0.74131
0.66374
0.65615
0.68865
0.69823
0.67453
0.70307
0.68865
0.70146
2.133
0.82224
0.71121
0.70632
0.70632
0.70632
1.5776
2.6546
1.6482
1.3305
1.7579
1.7498
0.73961
0.69663
1.4928
1.406
1.2134
0.77983
0.66222
0.77268
0.72611
0.69823
0.67608
0.66374
0.66374
0.70469
0.68234
0.74473
0.81846
0.70795
0.72778
0.77804
0.73282
0.72277
0.73114
0.70958
2.2182
0.66681
0.69663
1.4521
1.2853
1.0447
1.4723
2.1627
1.3032
2.884
1.2942
3.3963
2.6002
2.5003
1.8793
2.4491
1.6255
1.9099
2.9992
2.1281
0.68707
0.75336
0.72611
0.73621
0.72111
1.5885
0.7379
1.4125
0.70146
0.74473
0.69343
1.3459
0.70307
0.72778
0.67764
0.78163
0.91201
0.87297
0.73114
0.83368
0.70307
1.5704
0.71285
0.94624
1.4555
0.67143
0.8147
1.6293
0.76384
0.79433
1
0.63387
0.72277
0.76208
0.67608
0.65615
0.71945
0.65163
1.0023
0.71614
0.73451
0.67764
1.2023
0.68707
0.69663
0.69823
0.72277
0.93541
0.7145
1.6255
1.5885
3.2434
2.1677
1.0233
4.3451
2.1577
0.64714
1.6982
2.7669
4.14
0.74302
0.68707
0.76736
0.70958
0.76033
0.68391
0.97724
1.0495
1.2972
0.73961
0.68077
0.72946
0.66681
0.67453
0.72611
0.68707
0.74817
0.72444
0.69502
0.74473
1.3552
0.69823
0.76913
0.69024
0.69663
0.87902
0.65013
0.67608
0.68077
0.68549
1.7865
2.904
1.1015
3.7584
1.845
4.5082
5.0234
2.8119
2.3281
1.977
2.3768
0.91201
4.1976
1.8408
1.4256
1.9679
4.2658
2.4322
4.6345
1.9454
3.5318
2.4946
2.2439
5.6754
3.155
3.9537
2.208
0.72778
0.7709
1.0839
1.0715
1.205
0.8147
1.0641
0.84333
0.69984
0.75336
1.0839
1.6634
1.9815
3.9446
0.73282
1.6982
0.79983
0.65917
0.70146
2.5527
0.69823
1.0568
0.86896
0.94624
0.8147
0.75683
0.69823
0.68707
0.72778
0.69984
0.74645
1.1588
0.70146
0.68707
1.099
1.8578
0.9528
0.70632
0.67608
0.64565
1.3868
1.4723
1.6482
0.9594
0.88308
0.76384
0.78163
0.75162
0.67764
0.79983
0.76913
0.8414
0.7656
1.6482
0.98855
1.2218
0.65313
0.69024
1.766
0.84723
1.0495
1.6293
4.2364
1.9143
1.1092
1.7418
1.5136
3.3266
2.2594
2.3174
2.5645
6.6681
1.7338
1.0023
0.8531
0.88308
0.79433
0.78886
1.4093
0.73282
0.82985
0.88105
1.0023
0.86497
1.0471
0.70958
0.71945
0.73621
0.83946
0.80168
0.72778
0.78886
0.72611
0.69502
0.70146
0.89331
0.97724
0.8091
2.023
0.72277
0.75162
0.76033
0.67143
1.4488
0.74989
0.71945
0.88308
0.7709
1.3152
2.2909
1.0447
1.8155
1.3996
1.3243
1.1722
1.1535
1.6982
2.7102
2.0559
1.0765
0.75509
0.79799
1.7378
0.75509
0.69183
0.72611
0.70795
0.73282
0.71779
0.82035
0.76913
0.67143
0.76384
1.2331
1.3092
1.977
1.0544
1.1194
1.0233
1.4622
0.75336
0.73451
1.256
0.75858
0.76384
0.90573
0.77446
0.83368
0.68234
0.71121
0.7379
0.67453
0.81846
0.65917
0.73451
0.73961
2.1135
0.92045
0.73114
0.9594
0.90573
0.79068
0.82414
2.6242
2.5527
4.0179
0.83368
0.75683
1.1169
0.74131
0.82224
0.73621
0.77804
0.72111
0.94406
0.69343
1.652
1.3932
2.3496
0.95719
0.65766
1.5031
2.799
2.0893
0.80353
0.76384
1.4791
1.2706
1.2853
2.5704
3.3884
2.1135
1.6634
1.3964
1.8707
4.8084
1.8621
0.9528
0.7709
0.80538
0.90782
0.87297
0.76033
0.7656
0.7656
0.74473
0.69343
0.67453
0.71285
1.2388
1.0162
0.80724
0.9506
0.86099
0.9506
1.1722
1.8155
1.8836
0.87096
1.4757
0.90157
0.99083
0.97275
1.135
1.6293
1.5488
1.2246
1.205
1.2853
1.2274
1.1588
1.2417
1.3459
2.355
0.75683
0.68865
0.6792
0.6792
0.71285
0.73451
0.65766
0.69823
0.68549
1.9275
0.66527
2.8119
2.1878
3.0339
2.2387
2.0184
2.5882
2.6303
1.3152
2.5704
0.98175
0.72611
1.0186
0.95499
0.84333
1.0162
1.5417
1.0447
0.75336
0.76913
1.6943
0.91622
0.75858
0.74302
0.73621
0.82985
0.83753
0.81096
1.7418
2.138
2.4266
0.90365
2.3768
0.73621
0.82224
0.69343
0.71614
0.73114
1.2445
0.90573
0.77983
3.0903
3.9628
2.2284
0.64714
0.83946
2.4155
1.406
2.1528
2.7669
1.4588
1.5205
1.8535
2.0512
2.0893
2.0137
1.094
0.75162
0.71779
0.7145
0.66069
1.5136
0.73451
0.80168
0.65615
2.1038
0.77446
0.6792
0.64714
1.5668
0.70146
1.2618
1.8664
2.0559
0.67298
0.67143
1.6293
0.74817
0.67143
0.68865
0.68077
0.70632
2.0091
1.2162
2.5704
2.5645
2.037
1.0093
3.54
1.6482
3.155
2.3014
3.1405
4.2855
1.4997
0.93756
1.0789
0.90782
1.2359
1.4421
0.8892
0.99083
0.96161
1.0814
0.79799
0.79799
0.85901
0.73621
0.74817
7.6736
1.6711
1
2.1478
0.97275
0.87902
0.89536
0.95719
1.028
1.2162
1.1324
0.71121
0.72444
1.8239
0.78343
0.80724
1.5631
1.8923
0.66834
0.69984
1.1482
1.9861
1.094
0.97949
2.3933
3.3037
2.6122
2.5061
3.2137
0.85507
1.7742
1.3305
1.349
1.1722
1.6069
2.1528
3.6813
1.4859
1.2882
2.7733
0.81658
0.73961
0.92897
0.81846
0.79068
0.82414
0.76736
0.67453
0.67764
0.78524
0.76208
0.74645
0.75336
0.70958
0.97275
2.0749
2.3605
2.5003
1.1324
1.122
1.205
0.76208
1.4125
1.8664
1.9231
1.6218
1.0765
0.81096
1.6032
0.99312
0.80724
1.8793
1.1776
1.1776
1.0789
2.5468
1.7865
0.77983
0.71285
0.68234
0.71285
0.74131
0.7656
0.69183
0.65464
0.68234
0.73282
1.6069
1.0069
1.4859
1.0233
1.6331
0.92045
2.0045
1.9634
0.72611
0.79433
0.89743
0.71285
0.78886
0.66834
0.73114
2.8708
1.0814
1.3996
0.69024
0.89743
1.5382
2.2439
0.79983
0.76033
0.76384
0.88512
0.67764
0.65013
1.5311
0.64565
0.74817
2.9717
1.9953
1.6749
1.875
1.4757
1.6032
1.7865
2.0989
4.7863
2.5823
1.2942
1.1722
1.183
1.8239
1.6181
0.8892
0.79068
0.72946
0.94624
0.72277
1.1695
0.65917
1.9907
0.69183
0.86696
0.82985
0.79433
0.84333
1.0691
0.92683
1.9634
0.84333
0.68391
0.74645
0.90573
0.70307
0.98628
0.82035
0.70958
0.84528
1.2531
0.97275
1.4191
0.92683
3.1117
0.69663
2.9107
0.91833
2.3174
1.7989
1.6032
0.83368
1.8493
1.6749
1.9409
2.0941
1.5171
2.3496
1.4757
1.5704
3.3343
1.3552
2.6062
2.3335
2.1627
0.8356
2.3067
1.4997
2.3442
0.81283
0.8091
0.78886
1.0666
0.71614
0.73114
0.71121
0.8356
1.9454
1.5668
1.6558
2.3714
5.559
4.121
1.5276
2.2594
2.7669
3.6224
4.0458
0.72946
0.83176
0.71779
1.1117
1.2706
1.9099
2.541
3.3037
1.1246
1.71
2.2856
2.4491
1.8923
1.4125
1.9588
1.5488
10.641
11.94
11.561
1.71
2.1232
3.6559
7.4817
0.99312
2.023
1.1272
0.89331
1.1429
0.94406
0.75509
1.0617
0.97724
0.98175
1.3836
0.86298
0.83753
2.7353
0.73282
1.4555
0.98628
1.5596
1.6218
1.3062
1.8197
1.2764
1.3032
2.1777
1.8707
1.0889
0.89125
0.97275
0.74473
1.0304
0.72946
0.70307
1.714
0.74989
0.71779
0.76736
0.68234
1.5668
1.6218
0.71779
0.78343
0.71285
0.83176
0.72444
0.72611
0.80353
0.73282
1.5776
0.79433
1.6634
0.69024
0.877
1.7701
1.7219
1.2618
1.6144
2.5586
6.0117
1.9634
4.7206
2.3768
2.2594
1.0691
0.71614
2.4717
2.8445
1.8281
1.5136
1.888
1.4588
1.8621
2.5527
3.6475
3.7497
3.4356
1.9099
6.3241
2.7416
2.1281
3.4198
1.6331
1.7179
2.5293
2.5882
5.5463
15.066
2.1429
2.5235
0.94189
1.052
1.3552
0.85901
1.6331
1.0139
0.99083
1.1455
0.91411
0.76384
1.7338
2.6002
0.86099
0.7379
1.0399
1.762
1.7022
0.67764
0.66834
1.9231
2.0845
4.2855
3.3037
1.1588
0.74817
0.76208
2.3067
0.71945
1.1324
0.63241
0.76736
0.68865
1.0789
1.5311
1.0023
0.92683
0.81846
0.79983
1.0765
0.74473
1.3274
0.87902
1.4928
0.78886
0.82224
0.83946
0.76033
1.7539
1.5417
1.4191
0.89536
0.76384
1.1324
0.99312
1.9231
1.9679
1.7824
1.7865
3.1842
1.556
1.6982
1.3274
1.1858
1.1508
1.556
7.2946
2.8774
4.8195
1.8408
2.9174
2.9512
3.9174
2.1232
2.7925
3.6983
1.2882
1.1169
1.0715
1.2388
1.71
0.75858
0.80353
1.8664
2.5645
0.76208
0.76736
0.83753
1.0186
0.84723
0.77804
0.83753
0.91622
1.0375
0.78524
2.0797
0.877
0.89536
1.3772
1.8155
1.9498
2.9309
1.6406
3.0761
0.90991
0.71779
2.6853
1.9588
1.5849
1.803
1.3772
2.2491
2.9717
0.87498
2.2182
1.4997
2.0893
1.4757
2.3714
2.4604
1.39
1.0568
1.4093
0.92257
3.1261
0.86099
1.1641
0.8091
1.0257
1.1561
2.355
1.9815
1.7219
1.4289
1.2531
1.5704
1.8408
2.0464
1.3932
2.6242
1.5171
1.6218
1.9409
2.9854
1.374
0.91201
0.78343
0.84918
1.8281
2.8642
4.0926
0.67143
0.64417
0.63533
0.68865
0.71285
1.9409
2.729
0.80538
4.1783
1.5631
1.2388
1.2474
1.0399
1.0069
1.0139
0.80724
1.8197
1.4388
2.3659
1.6672
0.73621
0.66834
0.70632
0.72111
0.73282
0.79616
1.0233
1.4859
0.76736
0.81658
2.138
1.2823
1.1885
0.73621
0.74302
0.77804
1.0351
0.92045
0.7925
0.66681
0.96161
1.2735
1.5205
0.75509
1.1402
0.72111
0.90365
0.88512
0.93756
1.3772
0.63096
0.87297
1.2794
4.8306
1.374
2.2284
3.2961
3.069
1.2503
1.6181
1.2647
0.93111
0.74473
0.80724
0.82224
0.8414
1.8707
1.0046
0.82414
0.85114
1.0023
0.73961
0.78524
0.79799
0.90573
0.84723
0.76913
0.90573
0.78343
1.9815
1.4588
1.2023
1.9231
2.3281
0.95499
0.77268
0.68865
0.93541
0.77983
1.3397
0.97051
2.8314
1.875
1.1041
2.0749
2.6485
1.9099
1.9815
1.028
2.4717
1.1298
3.5727
2.1184
0.80538
0.79799
1.0641
3.2137
1.2677
0.77804
0.83753
2.1577
0.97499
0.97499
0.79616
0.83946
0.79983
0.877
0.8147
0.82414
1.0839
1.0839
0.73621
1.6982
0.92257
1.2677
0.81846
1.2706
0.91411
0.79068
0.77625
1.2303
0.70307
0.90782
1.1429
0.91201
0.80353
1.0023
0.74817
1.3274
0.83368
0.87902
0.7925
1.8621
0.9528
0.65464
2.3988
3.7757
3.3574
0.89125
1.9143
0.77804
0.8892
0.78524
0.71121
0.84918
1.4962
1.9364
1.1749
1.3932
2.133
1.6144
0.84723
2.6977
4.1976
2.3714
1.7989
1.4289
3.7325
2.8576
1.6634
3.8905
3.4594
2.884
1.4894
3.4514
2.5061
3.9355
2.3496
1.4028
3.9994
1.3274
2.4266
0.79068
0.73282
0.79616
2.2961
1.5488
1.875
1.0617
2.8314
4.4157
1.7298
3.0479
1.7865
5.105
1.7498
1.9143
1.0116
0.88716
0.97724
0.76033
0.70632
0.75162
0.6792
2.8708
1.7701
1.4859
0.90573
0.9247
1.4355
1.0691
0.94624
0.71779
0.66374
1.1776
0.72778
0.91622
1.2853
2.3933
1.1402
3.7844
3.6728
1.5849
0.9528
0.99541
0.7709
1.1695
0.67453
0.7656
0.72611
0.83176
1.4093
0.69823
0.65615
0.71614
1.6032
1.0495
0.82414
0.80538
0.85507
0.73114
0.75509
1.6032
0.90157
1.2162
0.70632
0.74817
1.205
0.69343
1.8793
3.4435
3.4435
5.8345
3.2137
0.87902
0.80724
1.6181
1.4997
0.81846
0.7145
0.74645
0.73621
0.71945
0.7379
0.90365
0.76384
0.67764
1.1482
0.66681
1.3614
0.70795
1.9099
0.84918
1.8621
1.2388
2.2336
4.6238
1.4962
0.82414
0.79983
0.93756
0.79068
0.69984
0.73282
0.7925
0.81283
0.70795
1.1041
1.5417
0.74302
2.2029
0.89536
1.4256
2.7925
2.673
3.8107
5.1286
1.0864
7.5858
4.2267
1.762
3.0549
2.5003
6.7298
12.134
12.794
3.013
3.0061
4.4978
2.6546
3.4594
1.4191
4.529
3.6392
3.6983
2.2542
2.9992
2.7227
2.6977
2.4547
3.8905
1.4256
2.2594
1.3243
3.9811
2.0845
2.9309
2.3067
4.7424
2.3067
4.4055
1.5524
1.9143
3.0974
13.996
1.932
1.3152
1.574
2.6669
2.0184
4.217
1.9724
1.3428
1.5346
1.3305
1.6634
1.8621
0.877
1.932
1.4588
1.5668
2.5177
1.5996
1.4588
1.8408
1.7742
11.066
6.9663
0.87902
4.2267
6.3533
1.6255
1.2303
4.7534
6.2661
2.904
4.1495
3.8726
1.7947
5.224
2.5235
13.459
16.866
12.647
14.421
14.723
15.136
14.928
11.455
10.544
14.289
14.689
13.552
13.274
16.293
12.942
14.223
13.032
15.031
14.723
14.894
13.868
13.397
17.498
14.928
12.972
14.256
15.136
12.912
11.535
1.5382
10.74
12.912
25.061
7.6913
28.973
16.827
19.861
19.907
20.184
22.909
14.997
16.52
18.707
21.38
19.999
19.055
18.836
9.3541
4.1495
3.9084
4.6774
16.943
18.923
18.535
16.982
17.824
18.197
19.454
24.774
15.417
18.155
18.88
22.803
19.055
18.88
22.909
19.454
16.482
19.953
17.579
17.865
5.5081
18.664
18.535
21.33
19.724
16.482
