43.954
3.9902
3.9902
3.9902
3.9902
3.9902
3.9902
3.9902
3.9902
3.3343
1.1614
0.80168
0.84918
1.9055
1.977
1.2359
0.73282
0.74131
0.77268
0.77446
0.78343
0.77983
0.78886
0.7379
0.71285
0.69823
0.78705
1.0257
0.74473
0.83176
2.133
0.95719
1.6293
1.5959
3.7757
3.4754
0.78343
0.75162
0.77804
0.86896
0.85704
0.9247
0.78343
0.89331
4.0179
5.3456
0.72946
1.6368
1.0889
0.83946
0.93541
1.9099
0.76913
0.75336
0.76208
0.76384
0.86298
0.78163
0.6792
0.64863
1.1272
1
1.0399
0.84918
0.77268
0.8147
0.80168
0.73114
0.77268
0.9247
0.85901
0.85507
0.75858
0.97051
0.82224
1.135
0.86896
1.0715
2.3388
0.94842
3.1405
0.76913
1.0715
0.77625
0.74131
0.83368
3.0339
3.2359
1.2706
1.6406
2.2233
2.8314
1.6711
1.5101
3.9811
0.75509
0.77804
0.81096
1.0789
1.8281
4.6345
2.2336
3.2584
0.877
0.90782
0.89125
0.8414
0.79983
0.83176
0.95499
1.1324
1.0593
1.2303
0.96828
0.81283
2.8445
1.2274
1.4028
1.1402
1.0914
1.4859
4.3652
1.9815
0.72946
0.68077
0.71945
1.0023
0.75858
1.1641
0.74645
0.75683
0.83368
0.97724
1.7947
3.8637
2.3988
1.0839
0.91833
0.70307
0.68077
0.72946
2.0941
2.9242
0.76208
0.68077
0.69663
0.68549
0.69024
0.74302
0.66527
0.73451
0.81658
0.91201
0.69024
0.73621
0.70632
0.73621
0.71614
0.68865
0.72946
0.74131
0.71945
0.97724
0.69343
0.78163
0.75336
0.76913
0.78163
0.91411
1.0399
0.71285
0.80538
0.71779
0.81658
0.69823
0.70146
0.73282
0.7656
0.70469
0.82794
0.69502
0.91201
0.70632
0.68234
0.63826
0.68234
0.67764
0.70795
0.66374
0.69343
0.71614
0.71121
0.91622
0.73282
0.72111
0.73621
0.75858
0.72444
0.74131
0.7925
0.72277
0.73282
1.0093
0.76033
0.66222
0.68391
0.67298
0.72946
0.68391
0.70146
0.76736
0.76913
0.73114
0.92257
0.7379
0.69343
0.72946
0.7379
0.68077
0.72611
0.65615
0.78886
0.85704
0.71945
0.72277
0.73114
0.89536
0.81658
0.75336
0.73451
0.77983
0.72778
0.74473
0.76033
0.72111
0.81096
0.7379
0.66374
0.66374
0.70795
0.73282
0.74817
0.69502
0.8091
0.78886
0.70307
0.74131
0.74302
0.70795
0.76033
0.73621
0.69183
0.75336
0.79799
0.8091
0.71614
0.70795
0.74989
0.78343
0.71285
0.77446
0.75509
0.66069
0.84333
0.68707
0.70146
0.69663
0.68077
0.70307
0.68077
0.73621
0.67764
0.86099
0.75162
0.71121
0.66222
0.67298
0.68549
0.73114
0.73621
0.69024
0.69024
0.82035
0.70958
0.74645
0.72277
0.69502
0.72778
0.78705
0.74131
0.74473
0.73451
0.77625
0.66988
0.68077
0.76208
0.77268
0.76208
0.75858
0.77446
0.74302
0.95499
0.66374
0.74302
0.69183
0.71945
0.70958
0.74131
0.69663
0.66681
0.66527
0.74473
0.88512
0.88716
0.70958
0.69984
0.74131
0.68391
0.68234
0.69502
0.72444
0.71285
0.81096
1.1298
1.4421
1.4125
1.0423
1.3002
0.92045
0.73451
0.83368
0.74302
1.0209
0.71121
0.71121
0.65464
0.66988
0.7145
0.70795
0.67298
0.74131
0.67764
0.76736
0.94624
0.80538
0.75683
0.72444
0.69502
0.74817
0.74989
0.67298
0.6792
0.73282
0.91622
0.70632
0.73961
0.72611
0.75336
0.68234
0.72277
0.72778
0.70958
0.72611
0.77446
0.83753
0.74989
0.69502
0.75509
0.72946
0.84528
0.78705
0.72778
0.75162
0.91622
0.81096
0.7145
0.74817
0.70469
0.76033
0.76033
0.86497
1.0889
0.79799
0.73114
0.75336
0.67298
0.66988
0.82794
0.7145
0.75336
0.72778
0.70632
0.68234
0.70469
0.70469
0.7145
0.67143
0.70146
0.74302
0.69343
0.66222
0.70469
0.68391
0.6792
0.7709
0.73451
0.68865
0.69823
0.77625
0.70307
0.66834
0.66681
0.67453
0.75162
1.7947
0.70958
0.68549
0.72778
0.74645
0.70958
0.71945
0.72277
0.74817
0.71285
0.84333
0.9594
0.74645
0.71945
0.69984
0.66681
0.71779
0.69823
0.76033
0.9247
0.72444
0.7145
0.69502
0.69984
0.71614
0.67453
0.70958
0.67298
0.70795
0.7709
0.76913
0.70469
0.71285
0.69183
0.70307
0.71285
0.69024
0.74473
0.71285
0.71285
0.8531
0.72778
0.70795
0.72611
0.70469
0.72778
0.7656
0.67608
0.74989
0.71779
1.0046
0.8091
0.79616
0.8091
0.83753
0.89536
0.9977
1.0544
1.0093
0.93541
0.8892
0.79433
0.79799
1.652
0.97949
0.88105
0.74473
0.73114
0.72611
0.78524
0.73621
0.71945
1
0.88716
0.76033
0.76384
0.80724
0.77446
0.7709
0.81846
0.72778
0.97724
0.76208
0.72611
0.71779
0.69663
0.88105
0.78524
0.75162
1.0046
1.5066
0.94624
1.0593
0.73961
1.4588
1.4256
1.8365
1.7906
2.5763
1.4521
0.71779
0.79799
0.76736
3.1989
4.8084
2.0277
12.274
3.7239
0.76208
2.3496
1.9815
2.2803
2.7416
0.88716
2.2233
1.1749
0.9594
1.6672
2.6792
5.5976
2.4266
2.3014
0.82224
0.73621
0.76736
0.69663
0.68707
0.86099
0.76033
0.7656
0.72444
0.72778
0.70795
0.83368
0.69024
0.78343
0.73621
0.68707
1.8155
0.8892
0.68707
0.76033
0.8091
0.98628
0.70795
0.71779
0.75858
0.74131
0.72946
0.73451
0.69024
0.70146
0.72111
0.77983
0.70958
0.69663
0.72611
0.70307
0.70958
0.66681
0.70307
0.80724
0.70146
0.74473
0.69343
0.72444
0.74645
0.71779
0.66374
0.70958
0.65615
0.70958
0.72277
0.92257
0.69663
0.66527
0.69984
0.69823
0.69343
0.73282
0.68707
0.68865
0.86298
0.70795
0.66222
0.70469
0.67143
0.69984
0.69663
0.66069
0.67453
0.67608
0.79616
0.6792
0.70632
0.74989
0.73451
0.70632
0.67453
0.7379
0.7145
0.69663
0.86696
0.69663
0.7145
0.7145
0.73282
0.74645
0.70795
0.69024
0.73451
0.70632
0.7709
0.73961
0.72444
0.66988
0.68549
0.74473
0.69024
0.70307
0.72111
0.68391
0.73282
0.96161
0.71779
0.74131
0.76913
0.6792
0.65917
0.70469
0.72946
0.67298
0.69343
0.76913
0.72778
0.72946
0.67608
0.69183
0.67453
0.69984
0.66681
0.72611
0.7379
0.75683
0.70632
0.73621
0.77268
0.72946
0.8091
0.77446
0.74817
0.74645
0.86696
0.7656
0.75683
0.7656
0.70469
0.9977
0.77983
1.1722
1.2618
1.1194
1.1041
0.74645
0.97051
1.0186
0.77983
0.93111
0.72946
0.85507
0.68077
0.79616
0.68234
1.3583
0.72277
0.7145
0.71285
0.73282
0.72778
0.69024
0.68391
1.0023
0.70958
0.73114
0.70146
0.68234
0.71779
0.71945
0.67298
0.77446
0.74645
0.74645
0.77625
0.74817
0.72611
0.71121
0.72611
0.70146
0.70307
0.68391
0.78524
0.73621
0.77268
0.69502
0.77804
0.70795
0.75162
0.70307
0.69024
1.2331
0.74989
0.87096
0.90157
0.88512
0.96383
0.69984
0.73282
0.72611
0.76033
0.67608
0.74473
0.73114
0.7925
0.72444
0.70632
0.71614
0.68234
0.73451
0.70958
0.69663
0.85901
0.68077
0.72611
0.75683
0.68549
0.74302
0.71285
0.69183
0.7145
0.66527
0.65917
0.78343
0.82794
0.70795
0.69343
0.7145
0.73961
0.70469
0.72277
0.68234
0.67453
0.68077
0.77983
0.7925
0.78705
0.68707
0.7656
0.71121
0.69343
0.86497
0.7145
0.76913
0.93972
0.77983
0.72946
0.72611
0.70958
0.71121
0.72444
0.6792
0.67764
0.68391
0.77268
0.72946
0.73621
0.71614
0.69343
0.71121
0.66222
0.66222
0.70307
0.69823
0.68549
0.82604
0.74131
0.7379
0.70632
0.76913
0.77446
0.73621
0.73961
0.76033
0.73621
0.74131
0.96828
0.69502
0.71614
0.69343
0.69343
0.70958
0.70958
0.73451
0.72277
0.94406
0.81283
0.75336
0.72444
0.74473
0.74989
0.69502
0.73621
0.69984
0.72277
0.79433
1.2912
0.70958
0.67764
0.71945
0.69343
0.7145
0.71779
0.72946
0.71121
0.81658
0.82985
0.69183
0.70146
0.75162
0.70958
0.73114
0.66988
0.73114
0.74473
0.8091
0.66681
0.72444
0.76736
0.78705
0.74817
0.69024
0.73961
0.69502
0.8091
0.81283
0.69663
0.68234
0.79068
0.73114
0.69183
0.7379
0.67143
0.69823
0.68865
0.93325
0.74302
1.1749
1.0093
0.78524
0.79433
0.72778
0.86497
0.79433
0.90991
0.96605
0.88716
0.78886
0.75162
0.99312
1.0691
1.9055
1.0544
0.68549
0.81846
1.0423
0.73961
0.70469
0.73282
0.70958
0.71121
0.72277
0.69343
1.219
2.2284
2.8973
1.4588
0.69024
0.65464
0.66222
0.65013
0.73282
0.68234
0.67453
2.0091
2.3335
2.037
2.3067
2.3174
1.9409
0.67608
0.67764
0.70146
0.81283
0.68391
0.68865
0.72277
0.78343
0.7379
0.77625
1.7742
0.7145
0.73114
0.72444
0.68391
1.028
2.0941
0.73451
0.70958
0.72111
0.69502
0.68549
0.74302
1.4962
1.4791
0.67143
0.68865
0.74473
0.79068
0.74131
0.70795
0.76208
0.73451
0.68865
0.8414
0.82035
0.68391
0.73621
0.70632
0.67764
0.68707
0.74473
0.74302
0.68549
0.82985
3.8282
2.7164
0.82985
0.75683
0.73451
0.70307
0.75509
1.0715
0.84723
1.1376
0.73621
0.75336
0.71614
0.73114
0.75336
0.72611
0.72111
0.75858
0.69183
0.74989
0.75162
0.83753
0.72778
0.72444
0.71121
0.70795
0.71945
0.68707
0.76208
0.69663
0.72611
0.80724
0.70469
0.77268
0.70632
0.68707
0.7709
0.70795
0.93972
0.72277
0.77268
0.79799
0.71779
0.69663
0.73282
0.72778
0.74989
0.75509
0.89743
0.71779
0.70958
0.67453
0.72111
0.71945
0.70307
0.74989
0.74473
0.74473
0.77625
0.68391
0.72444
0.74473
0.72946
0.66681
0.75336
0.69984
0.74302
0.71121
0.75162
0.70958
0.73961
0.72611
0.73621
0.80168
0.65615
0.73621
0.84723
0.70469
0.72111
0.69663
0.73282
0.72946
0.70469
0.73282
0.71285
0.70307
0.85507
0.74645
0.72611
0.69502
0.70632
0.70469
0.64565
0.76384
0.68391
0.68077
0.89743
0.88512
0.76033
0.7379
0.69984
0.73451
0.71285
0.67453
0.66069
0.71779
0.64269
1.932
0.70958
0.65917
0.69183
0.70795
0.69183
0.7145
0.70146
0.74131
0.74131
0.77625
0.78163
0.70632
0.73961
0.70632
0.7379
0.70958
0.69343
0.69343
0.74131
0.9594
0.67764
0.7379
0.69024
0.69343
0.77625
0.67453
0.71285
0.71614
0.72444
0.75336
0.78524
0.75683
0.71779
0.73114
0.72778
0.68549
0.66834
0.74302
0.80353
0.84723
0.69663
0.76208
0.79616
0.7709
0.75683
0.71779
0.72611
0.80724
0.90157
0.79068
0.67608
0.69823
0.70795
0.71614
0.69502
0.71614
0.74989
1.028
0.76208
0.73451
0.68077
0.7145
0.69183
0.71779
0.74645
0.68549
0.75858
0.72778
0.66988
0.76208
0.72611
0.7656
0.70146
0.68234
0.72611
0.74817
0.78343
0.76208
0.78705
0.77446
0.74817
0.76033
0.77625
0.77268
0.84918
0.84723
0.73282
0.79983
0.8091
0.74131
0.80538
0.79799
0.73621
0.83368
0.78886
0.84918
0.7709
0.80538
0.77983
0.77625
0.74817
0.81846
0.70958
0.83753
1.6827
1.1092
0.91201
0.7656
0.81846
1.6904
1.3062
1.5346
1.4962
1.6032
0.9594
0.78524
0.8091
0.80353
0.79799
1.0495
1.1912
0.68234
0.71779
0.72611
0.72444
0.75509
0.71779
0.67608
0.69984
0.8414
0.74131
0.73961
0.74989
0.67764
0.877
0.74645
0.67143
0.8091
0.75683
0.79068
0.67143
0.72611
0.74989
0.91201
0.76736
0.77983
0.76913
0.72778
0.70469
0.73282
0.7925
0.67608
0.7145
0.88308
1.2618
0.72778
0.72778
0.70795
0.78163
0.74817
0.7709
0.77446
0.7145
0.68707
0.78524
0.8091
0.72444
0.92897
0.79068
0.76208
0.71614
0.74473
0.70469
0.76913
2.8774
0.81283
0.79433
0.8356
2.4491
2.9923
1.4191
0.69183
1.7742
2.6669
3.5075
4.3954
3.4119
4.5394
3.1333
3.5156
2.3067
3.5318
0.65917
0.78163
1.0666
0.82604
0.7656
0.8531
0.97275
0.81096
0.76208
0.85704
0.99541
0.78163
0.86696
3.4914
4.2462
5.7148
4.8417
3.4356
4.4566
4.0272
1.4622
1.4223
0.68707
0.71614
0.77983
1.0965
4.14
3.8459
3.9084
2.7669
0.95499
0.84333
1.4322
0.76384
0.95499
1.0864
2.8576
2.5586
3.6475
3.2211
2.3988
4.0832
2.8708
2.1928
1.1376
0.76208
0.68865
1.2388
0.73961
0.73114
1.2106
3.3806
0.70307
0.73961
0.71285
1.3335
1.4689
1.6181
1.9498
3.8548
3.1623
3.0339
1.2735
0.79616
0.88716
0.70632
0.7379
0.76384
0.68549
0.66681
0.71121
0.86696
0.68549
0.73282
0.69984
0.79616
0.66527
0.67453
0.66527
0.66834
0.65766
0.67764
0.69024
0.71614
0.9247
0.69823
0.69663
0.75858
0.78524
0.76913
0.73114
0.73621
0.66374
0.69183
0.69663
0.81096
0.68549
0.73961
0.7379
0.7709
0.73451
0.74473
0.74302
0.72444
0.76033
0.66988
0.75858
0.70307
0.67764
0.66527
0.66834
0.68234
0.66988
0.75336
0.69823
1.2359
0.78705
0.75336
0.66681
0.66988
0.69502
0.67764
0.69502
0.7925
0.78343
0.70795
0.68077
0.77446
0.68549
0.71285
0.69502
0.76736
0.7709
0.73282
0.70795
0.68234
0.72946
0.71779
0.69502
0.70795
0.70469
0.69823
0.7145
0.70307
0.68391
0.69663
0.6792
0.72444
0.70307
0.74302
0.6792
0.72277
0.8356
0.67453
0.68549
0.69823
0.66681
0.69984
0.72778
0.67453
0.69024
0.68077
0.9594
0.68077
0.75509
0.68234
0.68077
0.66988
0.6792
0.68549
0.69984
0.70469
0.70307
0.72946
0.69343
0.72946
0.70307
0.67764
0.71945
0.64121
0.66834
0.82414
0.8531
0.70307
0.70795
0.75336
0.68549
0.70795
0.70307
0.66681
0.69183
0.72111
0.69823
0.67764
0.72277
0.66222
0.69823
0.69502
0.70958
0.72444
0.68391
0.69984
0.73282
0.67143
0.76033
0.69984
0.72946
0.71285
0.74473
0.70146
0.74645
0.69984
0.87096
1.0914
0.75858
0.76033
0.76033
0.8531
0.79433
0.72444
0.69343
0.72946
0.86298
1.1143
0.85507
0.91201
0.86896
0.87297
0.7709
0.86099
0.8531
0.71945
1.0423
1.2794
0.75336
0.7379
0.77625
0.70795
0.71121
0.68391
0.75858
0.67143
0.78886
0.75858
0.73114
0.73451
0.76736
0.67298
0.74989
0.71614
0.73451
0.78705
0.71779
0.74131
0.82414
0.70958
0.75509
0.80353
0.7145
0.66681
0.69663
0.70795
0.65917
0.74473
0.90157
0.69823
0.68391
0.68549
0.68077
0.66374
0.71614
0.76208
0.73961
0.66222
0.7145
1.0617
0.67453
0.75509
0.76736
0.70146
0.67143
0.69024
0.74645
1.0257
0.67608
0.74473
0.70958
0.69183
0.72111
0.75683
0.70795
0.77446
0.68391
0.8147
0.69024
0.64269
0.67298
0.71945
0.69502
0.73621
0.70307
0.68707
0.68865
0.72277
0.72277
0.69823
0.68391
0.71945
0.71614
0.69343
0.7709
0.71779
0.75509
0.71779
0.69984
0.79616
0.74989
0.72444
0.71779
0.71614
0.70958
0.73451
0.8995
0.68234
0.66988
0.71285
0.72277
0.76913
0.67608
0.65917
0.73451
0.71614
0.66834
0.73451
0.70795
0.71945
0.70146
0.76208
0.69663
0.74645
0.71945
0.69984
0.69024
0.88512
0.70795
0.68077
0.68391
0.69502
0.70307
0.74645
0.69823
0.73282
0.74645
0.72946
0.75683
0.66069
0.68549
0.72946
0.67143
0.67298
0.6792
0.76736
0.72277
0.73451
0.69984
0.65917
0.67453
0.71285
0.65313
0.7145
0.67764
0.68549
0.81096
0.7925
0.70632
0.70795
0.66681
0.68234
0.63826
0.67764
0.67298
0.69984
0.74302
0.82224
0.68865
0.70307
0.73114
0.72444
0.69823
0.69024
0.66834
0.66527
0.71285
0.71779
1.028
0.68391
0.73961
0.72946
0.67453
0.69823
0.71945
0.7925
0.71779
0.71121
0.7379
0.70632
0.66527
0.78705
0.66988
0.66681
0.6792
0.7145
0.73114
0.92897
0.83753
0.69823
0.64121
0.68077
0.69823
0.68391
0.69663
0.67298
0.68707
0.67453
0.75162
0.66222
0.71779
0.74302
0.75162
0.73961
0.71945
0.74302
0.74817
0.68077
0.83368
0.70469
0.70469
0.75683
0.74817
0.66988
0.68707
0.68391
0.69663
0.7709
0.72778
0.65766
0.70958
0.71614
0.73451
0.66527
0.66988
0.77446
0.68234
0.84333
0.74817
0.68707
0.68707
0.74645
0.76208
0.70632
0.77804
0.64565
0.73282
0.69823
0.72111
0.74645
0.70307
0.66069
0.73961
0.70958
0.70469
0.83946
0.75509
0.65615
0.68077
0.68865
0.70958
0.76208
0.75683
0.67143
0.74817
0.69502
0.72111
0.71614
0.69502
0.72277
0.72946
0.70307
0.73961
0.78163
0.72778
0.69663
0.99083
0.73114
0.66069
0.68549
0.75162
0.68865
0.75683
0.7379
0.69343
0.76033
0.73282
0.87902
0.69183
0.67608
0.69343
0.7379
0.69183
0.72946
0.69343
0.74302
0.78343
0.72111
0.70958
0.73621
0.72111
0.72778
0.74131
0.73961
0.75509
0.69502
0.88105
0.8147
0.7656
0.76384
0.74302
0.67764
0.65766
0.69663
0.70469
0.80353
0.67608
0.68707
0.75683
0.77625
0.68391
0.71779
0.68707
0.71779
0.84333
0.74473
0.74473
0.7379
0.69823
0.65766
0.64269
0.71614
0.70795
0.77804
0.83176
0.78524
0.77625
0.70795
0.74131
0.74473
0.7656
0.75162
0.73621
0.82035
0.73282
0.70632
0.73114
0.68077
0.70632
0.70469
0.69663
0.68707
0.70958
1.3122
0.71285
0.68707
0.72946
0.76913
0.66374
0.69343
0.70632
0.66222
0.70146
0.93756
0.72778
0.72946
0.71121
0.71614
0.71285
0.74131
0.7145
0.74817
0.78705
0.95499
0.69183
0.73961
0.71121
0.69024
0.71945
0.67453
0.66988
0.71121
0.68234
0.75336
0.69024
0.68391
0.71121
0.70307
0.70469
0.70469
0.79433
0.69183
0.74473
0.82985
0.69823
0.67764
0.71614
0.71285
0.7145
0.70146
0.66527
0.67298
0.73114
0.69663
0.70146
0.73621
0.67608
0.67453
0.66069
0.69663
0.70958
0.68549
0.69183
0.71285
0.74817
0.69984
0.74131
0.69663
0.71945
0.66988
0.71614
0.70795
0.67608
0.84333
0.86497
0.66834
0.67143
0.69502
0.73621
0.66988
0.69343
0.72611
0.70307
0.877
0.71285
0.71945
0.7145
0.68077
0.65163
0.72778
0.75336
0.73451
0.66527
0.64417
0.78886
0.69183
0.67453
0.68077
0.67453
0.67298
0.66069
0.68549
0.72611
0.71614
0.82224
0.66681
0.69663
0.66834
0.72444
0.69502
0.70632
0.68234
0.69024
0.7145
0.74645
0.77268
0.78524
0.68077
0.7379
0.70307
0.69183
0.72946
0.76208
0.66834
0.68865
0.76736
0.90573
0.7379
0.67608
0.71945
0.68391
0.75683
0.72611
0.7145
0.65464
0.73282
0.74131
0.70307
0.71945
0.67453
0.71779
0.70632
0.72946
0.70958
0.81096
0.77446
0.66222
0.69984
0.71779
0.77268
0.77446
0.74131
0.69984
0.78343
0.68234
0.70632
0.70307
0.71945
0.73114
0.74131
0.71285
0.72277
0.71614
0.65917
0.70795
0.877
0.67298
0.66527
0.69343
0.70958
0.69984
0.70795
0.70795
0.75509
0.69984
0.75336
0.8995
0.65917
0.77268
0.68549
0.71121
0.69183
0.68077
0.74645
0.71121
0.69502
0.69502
0.70958
0.70795
0.74645
0.71614
0.73621
0.79433
0.69024
0.70958
0.73114
0.75162
0.75858
0.75683
0.75509
0.73621
0.68391
0.72778
0.74645
0.71945
0.68549
0.71285
0.69984
0.69024
0.72778
0.71945
0.69984
0.69024
0.71285
0.69984
0.73451
0.77983
0.75162
0.72444
0.67608
0.66834
0.65917
0.76384
0.76913
0.68391
0.76033
0.66834
0.70632
0.77446
0.71121
0.68865
0.69502
0.73621
0.68865
0.74302
0.7925
0.7145
0.69984
0.73451
0.70146
1.2162
0.70958
0.66222
0.66681
0.75858
0.74645
0.69024
0.72946
0.69343
0.76384
0.68865
0.72946
0.7379
0.64565
0.75162
0.81658
0.74989
0.70632
0.72946
0.71285
0.77446
0.75509
0.91833
0.93756
0.78705
0.82604
0.74131
0.74645
0.71779
0.75858
0.77446
0.73114
0.74989
0.78343
0.70307
1.0471
0.75162
0.73621
0.72111
0.73114
0.74645
0.73961
0.70307
0.70795
0.73961
0.68234
0.68865
0.71614
0.73114
0.6792
0.70469
0.69183
0.70958
0.79433
0.73961
0.68549
0.68391
0.71945
0.69984
0.70795
0.79068
0.75858
0.72277
0.85704
0.81283
0.8414
0.76208
0.74817
0.71121
0.77268
0.78524
0.75683
0.7379
0.7709
0.80538
0.97051
0.75683
0.7656
0.71945
0.73621
0.72111
0.78886
0.74989
0.90573
0.78524
0.69984
0.69343
0.72111
0.75509
0.67453
0.72946
0.70307
0.69984
0.77268
0.67453
0.73451
0.65464
0.68707
0.70469
0.70146
0.70958
0.72611
1.0447
0.68234
0.75162
0.67298
0.71121
0.68865
0.73961
0.65917
0.70795
0.76033
0.72778
0.83946
0.76736
0.73282
0.70795
0.73961
0.73451
0.72946
0.68549
0.8147
0.74302
0.66069
0.75162
0.82794
0.67608
0.70958
0.69663
0.69663
0.68549
0.75683
0.75858
0.69823
0.69663
0.66374
0.71779
0.68549
0.74645
0.71779
0.70632
0.83753
0.7145
0.70469
0.70146
0.70632
0.71285
0.76384
0.68865
0.66374
0.72277
0.86696
0.75509
0.67764
0.66681
0.70146
0.71779
0.66374
0.71121
0.67453
0.77268
0.76033
0.76033
0.68549
0.67143
0.74302
0.67608
0.71945
0.66681
0.70307
0.73282
0.75336
0.7145
0.77446
0.71614
0.69663
0.73282
0.73621
0.72444
0.72778
0.74989
0.69663
0.70146
0.72111
0.68234
0.69183
0.73621
0.68077
0.70795
0.69984
0.69343
0.68391
0.72444
0.9594
0.6792
0.69183
0.7925
0.7379
0.69663
0.7379
0.72444
0.71779
0.74302
0.99541
0.66988
0.75509
0.69343
0.82224
0.71121
0.80724
0.66374
0.73621
0.69823
0.76208
0.70469
0.70307
0.72611
0.68077
0.72111
0.68549
0.67143
0.77804
0.74302
0.67143
0.82035
0.68234
0.70632
0.69984
0.69502
0.69663
0.69663
0.78343
0.73621
0.68707
0.74473
0.73114
0.74817
0.72111
0.75336
0.78886
0.75162
0.75162
0.66834
0.69024
0.68707
0.72778
0.67453
0.66222
0.65766
0.72277
0.77268
0.71945
0.71779
0.74131
0.66988
0.66681
0.71121
0.69343
0.72111
0.69984
0.71614
0.87297
0.68391
0.68865
0.73621
0.74645
0.7656
0.69663
0.68077
0.70307
0.68391
0.75509
0.70958
0.70469
0.69984
0.69183
0.65766
0.68234
0.72444
0.65917
0.68234
0.6792
0.68707
0.70146
0.69663
0.6792
0.70146
0.72277
0.75683
0.68234
0.68865
0.78705
0.82035
1.1092
0.76736
0.73621
0.76736
0.74817
0.65615
0.71614
0.71614
0.70958
0.77804
0.68391
0.71614
0.72444
0.7145
0.71779
0.72444
0.72946
0.73621
0.90365
0.8892
0.74817
0.72946
0.68707
0.72611
0.77983
0.74473
0.69663
0.82985
0.70795
0.71614
0.74131
0.72277
0.72444
0.69183
0.73114
0.68234
0.66988
0.71779
0.68077
0.69024
0.72444
0.73961
0.76736
0.65917
0.71285
0.70958
0.74989
0.69343
0.74645
0.69984
0.71945
0.68549
0.69343
0.66527
0.68234
0.68391
0.68865
0.65615
0.83368
0.70795
0.68391
0.69823
0.69663
0.70632
0.70307
0.67453
0.7145
0.70795
0.80538
0.70469
0.72778
0.7145
0.69343
0.77446
0.72277
0.68077
0.71614
0.69823
0.92897
0.89125
0.70469
0.71945
0.70958
0.70795
0.71285
0.70146
0.68391
0.79433
0.68391
0.71121
0.70958
0.72946
0.7145
0.73282
0.7379
0.72277
0.70958
0.76913
0.70632
0.66988
0.76736
0.80353
0.72444
0.76033
0.75336
0.66222
0.73282
0.66374
0.8531
0.74131
0.72444
0.73961
0.75162
0.68865
0.69823
0.7656
0.69024
0.73621
0.88512
0.71945
0.75162
0.72444
0.71285
0.75162
0.74645
0.67764
0.7379
0.84333
0.72444
0.7145
0.71285
0.7379
0.64417
0.66834
0.71945
0.68234
0.7379
0.69823
0.77446
0.88512
0.69823
0.70958
0.67764
0.72946
0.68707
0.69343
0.74473
0.73282
0.86298
0.73451
0.8356
0.69823
0.65917
0.74131
0.78886
0.69183
0.7145
0.7709
0.72444
0.97275
0.67298
0.71285
0.76736
0.71945
0.66374
0.66988
0.73961
0.68234
0.73961
0.71945
0.70632
0.71779
0.73282
0.70795
0.68707
0.70632
0.67764
0.83753
0.69183
0.70632
0.69024
0.72946
0.77268
0.74131
0.74131
0.72946
0.68234
0.86696
0.76913
0.66527
0.6792
0.74989
0.69183
0.67298
0.73621
0.68391
0.68707
0.68707
0.72611
0.70469
0.70795
0.74645
0.75162
0.71121
0.68549
0.71945
0.71121
0.84333
0.79616
0.69984
0.75683
0.76208
0.73961
0.72277
0.68391
0.73451
0.71121
0.80353
0.9594
0.69823
0.7925
0.71614
0.73621
0.80538
0.70146
0.69663
0.70632
0.82035
0.71121
0.70307
0.67608
0.79433
0.73961
0.73961
0.73114
0.73961
0.87096
0.79433
0.68707
0.73621
0.71945
0.70469
0.72778
1.0233
0.90157
0.70632
1.1722
0.72444
0.75509
0.7925
0.71285
0.79799
0.70146
0.79983
0.75162
0.7709
0.73114
0.82985
0.76384
1.4322
1.7298
2.3768
1.9588
2.0701
4.1115
3.2734
2.6002
2.6669
1.5417
2.2029
0.9506
2.2387
2.0277
2.3988
1.766
4.9888
2.6002
0.73451
0.69502
0.72778
0.79983
1.5382
1.9231
2.5119
2.6977
2.9854
3.7931
3.4995
0.81096
0.85507
0.74131
1.2823
0.72277
0.68707
0.73114
1.0328
0.78886
0.73961
0.85901
1.4355
0.92897
0.82985
1.3213
5.035
3.8548
0.7656
0.69663
0.73451
0.72778
0.73621
0.7145
0.73961
0.72778
0.73961
0.67298
0.79616
0.74817
0.80538
0.72111
0.70469
0.71285
0.77268
0.69502
0.73961
0.81846
0.71945
0.77268
0.70958
0.82224
0.66069
0.71779
0.70146
0.70958
0.68391
0.74473
1.0046
0.76913
0.74817
0.73282
0.68077
0.68077
0.70632
0.71614
0.75683
0.99083
0.73282
0.75858
0.7709
0.77268
0.75509
0.69823
0.70795
0.75336
0.77268
0.83176
0.79433
0.74473
0.74989
0.65766
0.75509
0.71614
0.74817
0.73282
0.69823
0.81283
0.75858
0.68549
0.72444
0.72277
0.7656
0.67764
0.71779
0.72111
0.75683
0.91833
0.69183
0.73114
0.69024
0.68549
0.74473
0.69183
0.72277
0.75336
0.74989
0.73451
0.75336
0.69984
0.80724
0.7709
0.74302
0.77804
0.67764
0.71779
0.82224
0.70469
0.88105
0.71121
0.73961
0.73451
0.73114
0.74645
0.67608
0.68234
0.69502
0.7379
0.73451
0.73282
0.73114
0.71121
0.73451
0.70632
0.74645
0.72611
0.76384
0.73282
0.75683
0.66834
0.73282
0.75683
0.72111
0.67453
0.68391
0.73621
0.72611
0.73621
0.68865
0.67453
0.74473
0.80168
0.7379
0.74131
0.75683
0.73451
0.72946
0.95499
0.74817
0.72277
0.7145
0.71779
0.74131
0.74131
0.72946
0.73621
0.95499
0.90991
0.8091
0.70958
0.71779
0.91833
0.75858
0.72611
0.72611
0.74817
0.7709
0.74131
0.7656
0.70632
0.73282
0.73114
0.7379
0.76208
0.78163
0.69024
0.90365
0.73114
0.72778
0.70795
0.68077
0.68077
0.71121
0.74817
0.7925
0.68865
0.74473
0.72444
0.93111
0.79068
0.76736
0.70307
0.74989
0.72111
0.75162
0.68391
0.75858
0.81096
0.69024
0.84723
0.78343
0.76384
0.72946
0.66527
0.7379
0.72946
0.7379
0.74989
0.72778
0.67453
0.74131
0.76913
0.7656
0.74302
0.74817
0.73451
0.72611
0.83368
1.845
0.77625
1.6672
0.7709
0.77983
0.79983
0.79616
0.89743
1.0889
1.8836
1.4962
0.98855
1.4791
0.75858
0.82224
0.71945
0.75162
0.70795
1.9907
3.2509
3.2063
2.2646
4.8417
3.0761
2.7353
2.4266
4.4055
3.1405
3.8459
5.236
5.0003
4.4566
2.9992
2.8774
4.0551
4.7424
4.3053
1.1722
1
0.94842
1.4355
1.9498
3.8459
4.8306
3.4834
4.4668
1.2162
0.75162
0.74473
2.4547
3.5318
8.0724
1.2647
0.77446
1.6788
1.0162
0.97051
0.7656
0.78705
1.0765
0.66222
0.82985
4.2267
3.4514
2.9309
2.466
3.8815
2.5823
2.7542
2.7416
3.0832
3.4995
3.3651
7.2778
3.4594
2.8379
2.5177
0.70146
0.76736
0.7925
0.67764
1.4125
2.6792
3.5481
4.5186
3.8905
2.9785
0.74302
0.73282
0.79799
0.93541
0.76913
1.4355
2.1777
3.2509
8.6497
5.3827
0.76913
0.71779
0.79068
0.7709
0.76913
0.76384
0.72277
0.74302
0.71121
0.76033
0.86298
0.91833
0.89125
2.2439
1.1092
1.3583
1.5959
1.2134
0.97499
1.1117
0.9528
1.1041
0.87297
0.84333
0.94189
0.85901
1.9588
0.95719
0.72946
0.71121
0.73621
0.70795
1.1246
0.99541
0.7656
0.97499
0.86099
0.88512
0.84723
0.75162
0.76384
0.80353
0.93972
0.81096
0.7656
0.71285
0.74645
0.87902
0.8892
0.98175
0.86896
0.86298
0.72611
0.67608
0.70795
0.70632
0.69183
0.73961
0.71121
0.69663
0.68707
0.69663
0.72277
0.6792
0.68549
0.66374
0.68077
0.69024
0.68549
0.72277
0.69663
0.70146
0.72111
0.87498
0.68549
0.71779
0.72778
0.70469
0.70146
0.68234
0.68707
0.67453
0.7925
0.66681
0.6792
0.66988
0.70795
0.65766
0.72444
0.66527
0.70958
0.67608
0.76033
0.73621
0.71945
0.69183
0.65013
0.67143
0.70632
0.64417
0.63533
0.69663
0.67608
0.70795
0.66374
0.71285
0.72611
0.75336
0.72277
0.70958
0.71285
0.68234
0.76384
0.70632
0.65766
0.69502
0.8147
0.69823
0.67608
0.67298
0.68077
0.66527
0.6792
1.052
0.62373
0.64565
0.67453
0.69343
0.66834
0.66681
0.66374
0.66988
0.69502
0.7925
0.8356
0.68549
0.70469
0.73114
0.68707
0.7145
0.67764
0.69663
0.83753
0.76208
0.69343
0.68077
0.68865
0.76208
0.69343
0.6792
0.71945
0.66069
0.69183
0.8091
0.69823
0.7145
0.71779
0.70795
0.70307
0.69984
0.71614
1.028
0.6792
0.74473
0.74817
0.70632
0.70958
0.69183
0.69502
0.72277
0.72778
0.71285
0.82985
0.69343
0.67453
0.88716
0.65615
0.68077
0.70146
0.68865
0.69823
0.64269
0.80353
0.72778
0.67298
0.76208
0.66988
0.70146
0.72111
0.68077
0.68391
0.74473
0.7656
0.74302
0.69984
0.69663
0.69663
0.66988
0.64714
0.66527
0.67453
0.67453
1.122
0.72444
0.63973
0.67453
0.67298
0.74989
0.66222
0.67608
0.69984
0.71779
0.69024
0.92257
0.73961
0.64121
0.67298
0.69024
0.69984
0.70469
0.67764
0.70795
0.65766
0.66988
0.68234
0.66374
0.66834
0.67453
0.69024
0.70469
0.64863
0.7379
0.74645
0.64121
0.68549
0.71121
0.69502
0.7145
0.68549
0.68234
0.67764
0.65766
0.9977
0.68549
0.67453
0.69663
0.67764
0.71121
0.69343
0.68865
0.66988
0.65615
0.68234
0.75683
0.69343
0.69823
0.66222
0.69663
0.65615
0.6792
0.70958
0.72611
0.74302
0.69502
0.64121
0.67143
0.68391
0.65313
0.69024
0.67608
0.65917
0.68391
0.85704
0.67764
0.85114
0.69984
0.66222
0.65766
0.67298
0.69663
0.6792
0.67298
0.75336
0.73114
0.77446
0.71614
0.66222
0.63973
0.68707
0.68391
0.67453
0.73961
0.67298
0.66834
0.82604
0.67298
0.68391
0.68707
0.69984
0.69024
0.65013
0.69823
0.66527
0.6792
0.85114
0.67453
0.66681
0.71121
0.70795
0.67298
0.65615
0.72611
0.71285
0.83946
0.74131
0.6792
0.67298
0.65163
0.67608
0.67453
0.68549
0.64714
0.82224
0.9506
0.66069
0.69024
0.67764
0.64121
0.65917
0.68707
0.64269
0.66834
0.76033
0.68077
0.67453
0.66069
0.69343
0.66069
0.70469
0.68391
0.67608
0.67298
0.70632
0.66222
0.69502
0.68234
0.70307
0.66834
0.68077
0.66988
0.7379
0.69024
0.74302
0.69343
0.82794
0.65615
0.7145
0.64417
0.69024
0.66374
0.66681
0.7145
0.64714
0.76913
0.72611
0.65917
0.93111
0.69663
0.71945
0.66527
0.77268
0.68707
0.73961
0.67608
0.89125
0.98628
0.75858
0.6792
0.6792
0.69024
0.84333
0.68707
1.0162
1.574
0.72111
0.73114
0.7379
0.70632
0.75162
0.73282
0.7145
0.98855
0.70469
0.81658
1.2589
0.7709
0.76208
0.75162
0.7925
0.75162
0.79616
0.75509
0.7925
0.68865
0.877
0.72277
0.73282
0.75858
0.70469
0.69663
0.7656
0.85507
0.7656
0.7709
0.75858
0.80353
0.7379
0.74645
0.72277
0.80538
0.79068
0.76913
0.78163
1.0375
0.74817
0.80724
0.88308
0.7925
0.69343
0.73114
0.80168
0.77804
0.78343
0.76033
0.98175
0.82604
0.78524
0.74302
0.87902
0.74131
0.71945
0.68865
0.70958
0.74131
1.2618
0.73961
0.75162
0.77983
0.76736
0.75336
0.70632
0.73961
0.78886
0.74473
0.89536
0.83753
0.71945
0.74989
0.77268
0.70632
0.69502
0.75683
0.77446
1.0209
0.77268
0.68865
0.78705
0.79983
0.83368
0.74473
0.76208
0.73961
0.75858
0.74989
0.75683
0.74989
0.73282
0.70795
0.74645
0.76033
0.80353
0.73451
0.76208
0.82035
0.83946
0.8531
0.75858
0.7379
0.76384
0.78705
0.68391
0.73961
0.74473
0.84333
0.74131
0.76033
0.77446
0.82035
0.75858
0.69823
0.77804
0.75162
0.80724
0.74817
0.80724
0.71614
0.73114
0.7379
0.75162
0.7145
0.72611
0.73621
0.95719
0.79616
0.72111
0.80538
0.7379
0.83368
0.74645
0.73114
0.70795
0.70632
0.72277
0.74645
0.72778
0.78163
0.71779
0.69984
0.75336
0.67608
0.69502
0.78524
0.8356
0.78705
0.74817
0.72778
0.82035
0.81096
0.7379
0.73114
0.67298
0.90365
0.8091
0.74989
0.83176
0.74302
0.80538
0.75509
0.73282
0.77625
0.74302
0.74645
0.75336
0.77268
0.73114
0.72444
0.73621
0.80353
0.82414
0.76033
0.80168
0.72277
0.82985
0.72444
0.93541
0.75162
0.85704
0.77268
0.83753
0.8147
0.78524
0.74817
0.76913
0.7145
0.73282
0.76913
0.72611
0.7656
0.73282
0.76384
0.85507
0.80724
0.79616
0.80724
1.0233
0.95719
0.99312
0.91622
1.0715
1.2445
0.84918
0.82985
0.75162
0.86896
2.0701
0.86497
0.72444
0.73621
0.72111
0.67764
0.93111
0.76384
0.69024
0.74817
0.82794
0.73114
0.82035
0.83753
0.88512
0.91411
1.1776
0.83368
0.80168
0.82604
0.82604
0.86896
0.76384
0.79983
0.86099
0.74645
1.9231
1.0046
0.70632
0.71285
0.6792
0.64269
0.69502
0.67764
0.74302
0.72778
0.68707
0.78705
0.74473
1.6293
0.90157
0.71614
0.72277
0.7379
0.80353
0.72111
0.91622
0.76208
0.69663
0.79068
0.70146
0.73282
0.69663
0.7145
1.4655
1.2106
0.72111
0.7379
0.72111
0.69343
0.78524
1.2706
0.72277
0.96828
1.0328
0.8531
0.74473
0.68865
0.76913
1.3397
0.69024
0.69663
0.73114
0.71285
0.74817
0.74473
0.75336
0.66988
0.66374
0.71121
0.76033
0.68549
0.70795
0.76208
0.70146
0.74302
0.95499
0.72111
0.70307
2.2542
0.74302
0.72946
0.68234
0.69663
0.70307
0.90991
0.68707
0.69823
0.72946
0.8531
0.70958
0.70632
0.77804
0.7145
0.69663
1.2794
0.76208
0.68234
0.68549
0.69024
0.69663
0.71945
0.70469
0.71285
0.69502
0.67764
0.76208
0.66834
0.70795
0.73621
0.66222
0.68865
0.67453
0.74817
0.86696
1.1508
0.71121
0.75683
0.69502
0.68391
0.73282
0.68707
0.69183
0.70469
0.73451
0.76033
0.76736
0.73282
0.74131
0.71285
0.72444
0.70795
0.66069
0.69663
0.66834
0.73621
0.88512
0.74131
0.73114
0.67608
0.69502
0.72778
0.72277
0.73961
0.71121
0.92897
0.71614
0.70146
0.75509
0.70958
0.71121
0.70632
0.67298
0.69502
0.69024
0.83368
0.70146
0.69663
0.68865
0.64863
0.68865
0.7379
0.69183
0.75509
0.74473
0.75162
0.71614
0.72111
0.68707
0.73451
0.69502
0.68549
0.69823
0.71121
0.71121
0.75336
0.69024
0.74989
0.70958
0.7709
0.74989
0.68234
0.66069
0.75162
0.69183
0.75509
0.71121
0.6792
0.65464
0.72778
0.7379
0.70795
0.68234
0.69663
0.66988
0.85507
0.77446
0.71945
0.73621
0.78705
0.73282
0.67608
0.70307
0.76208
0.74817
0.71285
0.66834
0.69343
0.69663
0.75336
0.71779
0.77804
0.72444
0.69183
0.81658
0.69343
0.69024
0.67764
0.67453
0.74645
0.77268
0.68077
0.67298
0.78524
0.97949
0.71945
0.67143
0.72277
0.70307
0.67298
0.66527
0.67143
0.66374
0.85704
0.70632
0.70469
0.67764
0.71945
0.69024
0.72111
0.66988
0.72611
0.68549
0.95499
0.70632
0.67608
0.72111
0.68234
0.68865
0.68865
0.68234
0.72277
0.68391
0.74817
0.87297
0.71779
0.70632
0.68234
0.70795
0.70146
0.69183
0.69502
0.67143
0.76384
0.84918
0.69663
0.72111
0.70632
0.72444
0.70958
0.71779
0.69502
0.69183
2.2439
0.71779
0.74302
0.72111
0.82604
0.74131
0.7379
0.71121
0.69183
0.71614
0.93541
0.81658
0.8147
0.81658
0.78705
0.78705
1.2134
1.0093
0.82794
0.80353
0.98175
0.79799
0.86896
1.0423
0.7379
3.9719
3.0549
2.4604
0.90782
2.4099
0.90157
0.88105
0.72111
0.68391
0.70146
0.77804
2.2856
0.72444
0.75858
0.79616
0.78705
0.77446
0.80353
0.73282
0.71779
0.74131
1.6596
1.2106
1.0765
1.0839
1.028
1.1092
0.98628
0.92257
0.8147
0.71945
0.69984
0.70795
0.72277
0.74989
0.84918
1.3032
2.2284
0.73451
2.037
3.6308
3.3884
4.1305
2.0559
8.3176
0.87096
0.74302
2.5351
2.0091
1.7906
3.3113
3.6728
0.90365
0.79983
3.6224
5.0816
4.0179
0.73451
2.9242
5.0699
5.6885
6.2951
0.85507
2.8445
8.5901
1.4355
0.74302
1.0544
0.74645
1.8621
1.3552
1.7418
0.77625
1
1.0889
3.02
2.5177
2.2909
9.9541
2.6485
0.73621
0.79983
0.86099
0.67143
0.97275
0.77625
0.69663
1.3964
1.1272
0.90365
1.0186
0.81846
0.85704
0.68707
0.74817
1.4028
2.4378
2.8314
3.0479
4.7643
6.4863
8.531
4.0738
12.445
0.79068
0.7656
1.4355
1.1272
4.9659
6.9502
6.6374
5.9704
14.223
0.82035
0.92683
1.3836
0.81096
0.92897
1.0641
1.0069
1.2882
3.6224
5.8749
4.14
0.68234
0.90782
1.7824
1.8493
2.4604
3.9264
6.0256
4.256
3.9719
1.4723
0.97275
1.4521
1.2531
5.2845
2.4099
4.3251
0.75683
1.2331
3.8107
3.8548
3.4914
1.8493
4.0926
1.3092
0.84528
0.88105
1.7824
2.1232
2.1232
2.1827
2.7925
4.7534
3.3266
3.3113
2.4889
4.4875
7.6913
0.73961
0.8091
0.79068
0.86696
0.77446
0.72611
0.86497
0.80724
1.1143
2.7479
3.9446
2.2699
5.4702
3.2885
4.4361
6.1518
4.0087
1.3213
12.246
2.4774
1.4757
0.78343
0.79799
5.4325
5.42
1.5668
0.82985
1.5488
1.6255
0.71614
4.6026
4.2267
3.54
1.5453
1.6032
0.78163
0.75336
1.4655
0.74131
1.7258
2.3659
2.3442
2.0324
1.1402
6.8549
7.1779
4.529
5.7677
2.8973
1.9099
1.9099
2.1429
0.70469
0.9977
1.5136
2.6546
2.0701
1.4689
1.3772
1.0139
0.75858
0.73282
1.1324
3.1189
1.9815
3.8994
9.3111
4.1591
1.4655
0.68549
1.0666
1.9498
1.9588
2.3714
0.8356
3.5727
4.0365
2.0091
3.3729
2.4491
2.9717
0.8356
1.2823
0.73961
0.78705
0.77268
0.8531
0.78163
0.82035
0.75509
0.80538
0.75336
1.094
4.0644
4.0832
0.7379
3.1696
5.2602
4.14
5.3456
3.069
4.4463
5.4702
3.6644
5.5081
3.7154
3.8815
1.6943
0.66988
1.1885
2.3121
3.3651
0.9506
0.70795
1.052
1.122
2.5235
1.4928
1.122
0.89125
1.6982
2.355
2.6182
1.3122
1.6982
2.4099
1.4655
9.6605
3.8548
4.3752
2.7925
2.6242
5.3456
2.5942
3.1696
1.2764
0.82414
0.80168
1.3366
0.87902
0.93325
1.1429
1.0093
0.88716
1.074
0.86896
