44.771
44.771
44.771
2.1086
2.1086
2.1086
2.4266
2.4946
3.9084
3.9902
4.2462
2.8642
3.2584
1.7742
1.7378
1.7298
1.3932
2.9717
3.6058
1.2942
1.2274
1.1455
0.92897
0.88308
2.4946
11.35
4.5709
4.0458
3.3037
3.7757
3.1915
3.2509
1.0046
2.5763
1.7378
1.4825
2.3335
10.471
3.9537
6.3096
2.9785
2.5882
3.1261
4.3053
10.765
1.9011
1.9011
1.9011
1.9011
1.9011
1.9011
1.9011
1.9011
1.9011
1.9011
1.9011
1.9011
1.9011
1.9011
1.9011
1.9011
1.9011
1.9011
1.9011
1.9011
1.9011
1.9011
1.9011
1.9011
1.9011
1.9011
1.9011
1.9011
1.9011
1.9011
1.9011
1.9011
1.9011
1.9011
1.9011
1.9011
1.9011
1.9011
1.9011
1.9011
1.9011
1.9011
1.9011
1.9011
1.9011
1.9011
1.9011
1.9011
1.9011
1.9011
1.9011
1.9011
1.9011
1.9011
1.9011
1.9011
1.9011
1.9011
1.9011
1.9011
1.9011
1.9011
1.9011
1.9011
1.9011
1.9011
1.9011
1.9011
1.9011
1.9011
1.9011
1.9011
1.9011
1.9011
1.9011
1.9011
1.9011
1.9011
1.9011
1.9011
1.9011
1.9011
1.9011
1.9011
1.9011
1.9011
1.9011
1.9011
1.9011
1.9011
1.9011
1.9011
1.9011
1.9011
1.9011
1.9011
1.9011
1.9011
1.9011
1.9011
1.9011
1.9011
1.9011
1.9011
1.9011
1.9011
1.9011
1.9011
1.9011
1.9011
1.9011
1.9011
1.9011
1.9011
1.9011
1.9011
1.9011
1.9011
1.9011
1.9011
1.9011
1.9011
1.9011
1.9011
1.9011
1.9011
1.9011
1.9011
1.9011
1.9011
1.9011
1.9011
1.9011
1.9011
1.9011
1.9011
1.9011
1.9011
1.9011
1.9011
1.9011
1.9011
1.9011
1.9011
1.9011
1.9011
1.9011
1.9011
1.9011
1.9011
1.9011
1.9011
1.9011
1.9011
1.9011
1.9011
1.9011
1.9011
1.9011
1.9011
1.9011
1.9011
1.9011
1.9011
1.9011
1.9011
1.9011
1.9011
1.9011
1.9011
1.9011
1.9011
1.9011
1.9011
1.9011
1.9011
1.9011
1.9011
1.9011
1.9011
1.9011
1.9011
1.9011
1.9011
1.9011
1.9011
1.9011
1.9011
1.9011
1.9011
1.9011
1.9011
1.9011
1.9011
1.9011
1.9011
1.9011
1.9011
1.9011
1.9011
1.9011
1.9011
1.9011
1.9011
1.9011
1.9011
1.9011
1.9011
1.9011
1.9011
1.9011
1.9011
1.9011
1.9011
1.9011
1.9011
1.9011
1.9011
1.9011
1.9011
1.9011
1.9011
1.9011
1.9011
1.9011
1.9011
1.9011
1.9011
1.9011
1.9011
1.9011
1.9011
1.9011
1.9011
1.9011
1.9011
1.9011
1.9011
1.9011
1.9011
1.9011
1.9011
1.9011
1.9011
1.9011
1.9011
1.9011
1.9011
1.9011
1.9011
1.9011
1.9011
1.9011
1.9011
1.9011
1.9011
1.9011
1.9011
1.9011
1.9011
1.9011
1.9011
1.9011
1.9011
1.9011
1.9011
1.9011
1.9011
1.9011
1.9011
1.9011
1.9011
1.9011
1.9011
1.9011
1.9011
1.9011
1.9011
1.9011
1.9011
1.9011
1.9011
1.9011
1.9011
1.9011
1.9011
1.9011
1.9011
1.9011
1.9011
1.9011
1.9011
1.9011
1.9011
1.9011
1.9011
1.9011
1.9011
1.9011
1.9011
1.9011
1.9011
1.9011
1.9011
1.9011
1.9011
1.9011
1.9011
1.9011
1.9011
1.9011
1.9011
1.9011
1.9011
1.9011
1.9011
1.9011
1.9011
1.9011
1.9011
1.9011
1.9011
1.9011
1.9011
1.9011
1.9011
1.9011
1.9011
1.9011
1.9011
1.9011
1.9011
1.9011
1.9011
1.9011
1.9011
1.9011
1.9011
1.9011
1.9011
1.9011
1.9011
1.9011
1.9011
1.9011
1.9011
1.9011
1.9011
1.9011
1.9011
1.9011
1.9011
1.9011
1.9011
1.9011
1.9011
1.9011
1.9011
1.9011
1.9011
1.9011
1.9011
1.9011
1.9011
1.9011
1.9011
1.9011
1.9011
1.9011
1.9011
1.9011
1.9011
1.9011
1.9011
1.9011
1.9011
1.9011
1.9011
1.9011
1.9011
1.9011
1.9011
1.9011
1.9011
1.9011
1.9011
1.9011
1.9011
1.9011
1.9011
1.9011
1.9011
1.9011
1.9011
1.9011
1.9011
1.9011
1.9011
1.9011
1.9011
1.9011
1.9011
1.9011
1.9011
1.9011
1.9011
1.9011
1.9011
1.9011
1.9011
1.9011
1.9011
1.9011
1.9011
1.9011
1.9011
1.9011
1.9011
1.9011
1.9011
1.9011
1.9011
1.9011
1.9011
1.9011
1.9011
1.9011
1.9011
1.9011
1.9011
1.9011
1.9011
1.9011
1.9011
1.9011
1.9011
1.9011
1.9011
1.9011
1.9011
1.9011
1.9011
1.9011
1.9011
1.9011
1.9011
1.9011
1.9011
1.9011
1.9011
1.9011
1.9011
1.9011
1.9011
1.9011
1.9011
1.9011
1.9011
1.9011
1.9011
1.9011
1.9011
1.9011
1.9011
1.9011
1.9011
1.9011
1.9011
1.9011
1.9011
1.9011
1.9011
1.9011
1.9011
1.9011
1.9011
1.9011
1.9011
1.9011
1.9011
1.9011
1.9011
1.9011
1.9011
1.9011
1.9011
1.9011
1.9011
1.9011
1.9011
1.9011
1.9011
1.9011
1.9011
1.9011
1.9011
1.9011
1.9011
1.9011
1.9011
1.9011
1.9011
1.9011
1.9011
1.9011
1.9011
1.9011
1.9011
1.9011
1.9011
1.9011
1.9011
1.9011
1.9011
1.9011
1.9011
1.9011
1.9011
1.9011
1.9011
1.9011
1.9011
1.9011
1.9011
1.9011
1.9011
1.9011
1.9011
1.9011
1.9011
1.9011
1.9011
1.9011
1.9011
1.9011
1.9011
1.9011
1.9011
1.9011
1.9011
1.9011
1.9011
1.9011
1.9011
1.9011
1.9011
1.9011
1.9011
1.9011
1.9011
1.9011
1.9011
1.9011
1.9011
1.9011
1.9011
1.9011
1.9011
1.9011
1.9011
1.9011
1.9011
1.9011
1.9011
1.9011
1.9011
1.9011
1.9011
1.9011
1.9011
1.9011
1.9011
1.9011
1.9011
1.9011
1.9011
1.9011
1.9011
1.9011
1.9011
1.9011
1.9011
1.9011
1.9011
1.9011
1.9011
1.9011
1.9011
1.9011
1.9011
1.9011
1.9011
1.9011
1.9011
1.9011
1.9011
1.9011
1.9011
1.9011
1.9011
1.9011
1.9011
1.9011
1.9011
1.9011
1.9011
1.9011
1.9011
1.9011
1.9011
1.9011
1.9011
1.9011
1.9011
1.9011
1.9011
1.9011
1.9011
1.9011
1.9011
1.9011
1.9011
1.9011
1.9011
1.9011
1.9011
1.9011
1.9011
1.9011
1.9011
1.9011
1.9011
1.9011
1.9011
1.9011
1.9011
1.9011
1.9011
1.9011
1.9011
1.9011
1.9011
1.9011
1.9011
1.9011
1.9011
1.9011
1.9011
1.9011
1.9011
1.9011
1.9011
1.9011
1.9011
1.9011
1.9011
1.9011
1.9011
1.9011
1.9011
1.9011
1.9011
1.9011
1.9011
1.9011
1.9011
1.9011
1.9011
1.9011
1.9011
1.9011
1.9011
1.9011
1.9011
1.9011
1.9011
1.9011
1.9011
1.9011
1.9011
1.9011
1.9011
1.9011
1.9011
1.9011
1.9011
1.9011
1.9011
1.9011
1.9011
1.9011
1.9011
1.9011
1.9011
1.9011
1.9011
1.9011
1.9011
1.9011
1.9011
1.9011
1.9011
1.9011
1.9011
1.9011
1.9011
1.9011
1.9011
1.9011
1.9011
1.9011
1.9011
1.9011
1.9011
1.9011
1.9011
1.9011
1.9011
1.9011
1.9011
1.9011
1.9011
1.9011
1.9011
1.9011
1.9011
1.9011
1.9011
1.9011
1.9011
1.9011
1.9011
1.9011
1.9011
1.9011
1.9011
1.9011
1.9011
1.9011
1.9011
1.9011
1.9011
1.9011
1.9011
1.9011
1.9011
1.9011
1.9011
1.9011
1.9011
1.9011
1.9011
1.9011
1.9011
1.9011
1.9011
1.9011
1.9011
1.9011
1.9011
1.9011
1.9011
1.9011
1.9011
1.9011
1.9011
1.9011
1.9011
1.9011
1.9011
1.9011
1.9011
1.9011
1.9011
1.9011
1.9011
1.9011
1.9011
1.9011
1.9011
1.9011
1.9011
1.9011
1.9011
1.9011
1.9011
1.9011
1.9011
1.9011
1.9011
1.9011
1.9011
1.9011
1.9011
1.9011
1.9011
1.9011
1.9011
1.9011
1.9011
1.9011
1.9011
1.9011
1.9011
1.9011
1.9011
1.9011
1.9011
1.9011
1.9011
1.9011
1.9011
1.9011
1.9011
1.9011
1.9011
1.9011
1.9011
1.9011
1.9011
1.9011
1.9011
1.9011
1.9011
1.9011
1.9011
1.9011
1.9011
1.9011
1.9011
1.9011
1.9011
1.9011
1.9011
1.9011
1.9011
1.9011
1.9011
1.9011
1.9011
1.9011
1.9011
1.9011
1.9011
1.9011
1.9011
1.9011
1.9011
1.9011
1.9011
1.9011
1.9011
1.9011
1.9011
1.9011
1.9011
1.9011
1.9011
1.9011
1.9011
1.9011
1.9011
1.9011
1.9011
1.9011
1.9011
1.9011
1.9011
1.9011
1.9011
1.9011
1.9011
1.9011
1.9011
1.9011
1.9011
1.9011
1.9011
1.9011
1.9011
1.9011
1.9011
1.9011
1.9011
1.9011
1.9011
1.9011
1.9011
1.9011
1.9011
1.9011
1.9011
1.9011
1.9011
1.9011
1.9011
1.9011
1.9011
1.9011
1.9011
1.9011
1.9011
1.9011
1.9011
1.9011
1.9011
1.9011
1.9011
1.9011
1.9011
1.9011
1.9011
1.9011
1.9011
1.9011
1.9011
1.9011
1.9011
1.9011
1.9011
1.9011
1.9011
1.9011
1.9011
1.9011
1.9011
1.9011
1.9011
1.9011
1.9011
1.9011
1.9011
1.9011
1.9011
1.9011
1.9011
1.9011
1.9011
1.9011
1.9011
1.9011
1.9011
1.9011
1.9011
1.9011
1.9011
1.9011
1.9011
1.9011
1.9011
1.9011
1.9011
1.9011
1.9011
1.9011
1.9011
1.9011
1.9011
1.9011
1.9011
1.9011
1.9011
1.9011
1.9011
1.9011
1.9011
1.9011
1.9011
1.9011
1.9011
1.9011
1.9011
1.9011
1.9011
1.9011
1.9011
1.9011
1.9011
1.9011
1.9011
1.9011
1.9011
1.9011
1.9011
1.9011
1.9011
1.9011
1.9011
1.9011
1.9011
1.9011
1.9011
1.9011
1.9011
1.9011
1.9011
1.9011
1.9011
1.9011
1.9011
1.9011
1.9011
1.9011
1.9011
1.9011
1.9011
1.9011
1.9011
1.9011
1.9011
1.9011
1.9011
1.9011
1.9011
1.9011
1.9011
1.9011
1.9011
1.9011
1.9011
1.9011
1.9011
1.9011
1.9011
1.9011
1.9011
1.9011
1.9011
1.9011
1.9011
1.9011
1.9011
1.9011
1.9011
1.9011
1.9011
1.9011
1.9011
1.9011
1.9011
1.9011
1.9011
1.9011
1.9011
1.9011
1.9011
1.9011
1.9011
1.9011
1.9011
1.9011
1.9011
1.9011
1.9011
1.9011
1.9011
1.9011
1.9011
1.9011
1.9011
1.9011
1.9011
1.9011
1.9011
1.9011
1.9011
1.9011
1.9011
1.9011
1.9011
1.9011
1.9011
1.9011
1.9011
1.9011
1.9011
1.9011
1.9011
1.9011
1.9011
1.9011
1.9011
1.9011
1.9011
1.9011
1.9011
1.9011
1.9011
1.9011
1.9011
1.9011
1.9011
1.9011
1.9011
1.9011
1.9011
1.9011
1.9011
1.9011
1.9011
1.9011
1.9011
1.9011
1.9011
1.9011
1.9011
1.9011
1.9011
1.9011
1.9011
1.9011
1.9011
1.9011
1.9011
1.9011
1.9011
1.9011
1.9011
1.9011
1.9011
1.9011
1.9011
1.9011
1.9011
1.9011
1.9011
1.9011
1.9011
1.9011
1.9011
1.9011
1.9011
1.9011
1.9011
1.9011
1.9011
1.9011
1.9011
1.9011
1.9011
1.9011
1.9011
1.9011
1.9011
1.9011
1.9011
1.9011
1.9011
1.9011
1.9011
1.9011
1.9011
1.9011
1.9011
1.9011
1.9011
1.9011
1.9011
1.9011
1.9011
1.9011
1.9011
1.9011
1.9011
1.9011
1.9011
1.9011
1.9011
1.9011
1.9011
1.9011
1.9011
1.9011
1.9011
1.9011
1.9011
1.9011
1.9011
1.9011
1.9011
1.9011
1.9011
1.9011
1.9011
1.9011
1.9011
1.9011
1.9011
1.9011
1.9011
1.9011
1.9011
1.9011
1.9011
1.9011
1.9011
1.9011
1.9011
1.9011
1.9011
1.9011
1.9011
1.9011
1.9011
1.9011
1.9011
1.9011
1.9011
1.9011
1.9011
1.9011
1.9011
1.9011
1.9011
1.9011
1.9011
1.9011
1.9011
1.9011
1.9011
1.9011
1.9011
1.9011
1.9011
1.9011
1.9011
1.9011
1.9011
1.9011
1.9011
1.9011
1.9011
1.9011
1.9011
1.9011
1.9011
1.9011
1.9011
1.9011
1.9011
1.9011
1.9011
1.9011
1.9011
1.9011
1.9011
1.9011
1.9011
1.9011
1.9011
1.9011
1.9011
1.9011
1.9011
1.9011
1.9011
1.9011
1.9011
1.9011
1.9011
1.9011
1.9011
1.9011
1.9011
1.9011
1.9011
1.9011
1.9011
1.9011
1.9011
1.9011
1.9011
1.9011
1.9011
1.9011
1.9011
1.9011
1.9011
1.9011
1.9011
1.9011
1.9011
1.9011
1.9011
1.9011
1.9011
1.9011
1.9011
1.9011
1.9011
1.9011
1.9011
1.9011
1.9011
1.9011
1.9011
1.9011
1.9011
1.9011
1.9011
1.9011
1.9011
1.9011
1.9011
1.9011
1.9011
1.9011
1.9011
1.9011
1.9011
1.9011
1.9011
1.9011
1.9011
1.9011
1.9011
1.9011
1.9011
1.9011
1.9011
1.9011
1.9011
1.9011
1.9011
1.9011
1.9011
1.9011
1.9011
1.9011
1.9011
1.9011
1.9011
1.9011
1.9011
1.9011
1.9011
1.9011
1.9011
1.9011
1.9011
1.9011
1.9011
1.9011
1.9011
1.9011
1.9011
1.9011
1.9011
1.9011
1.9011
1.9011
1.9011
1.9011
1.9011
1.9011
1.9011
1.9011
1.9011
1.9011
1.9011
1.9011
1.9011
1.9011
1.9011
1.9011
1.9011
1.9011
1.9011
1.9011
1.9011
1.9011
1.9011
1.9011
1.9011
1.9011
1.9011
1.9011
1.9011
1.9011
1.9011
1.9011
1.9011
1.9011
1.9011
1.9011
1.9011
1.9011
1.9011
1.9011
1.9011
1.9011
1.9011
1.9011
1.9011
1.9011
1.9011
1.9011
1.9011
1.9011
1.9011
1.9011
1.9011
1.9011
1.9011
1.9011
1.9011
1.9011
1.9011
1.9011
1.9011
1.9011
1.9011
1.9011
1.9011
1.9011
1.9011
1.9011
1.9011
1.9011
1.9011
1.9011
1.9011
1.9011
1.9011
1.9011
1.9011
1.9011
1.9011
1.9011
1.9011
1.9011
1.9011
1.9011
1.9011
1.9011
1.9011
1.9011
1.9011
1.9011
1.9011
1.9011
1.9011
1.9011
1.9011
1.9011
1.9011
1.9011
1.9011
1.9011
1.9011
1.9011
1.9011
1.9011
1.9011
1.9011
1.9011
1.9011
1.9011
1.9011
1.9011
1.9011
1.9011
1.9011
1.9011
1.9011
1.9011
1.9011
1.9011
1.9011
1.9011
1.9011
1.9011
1.9011
1.9011
1.9011
1.9011
1.9011
1.9011
1.9011
1.9011
1.9011
1.9011
1.9011
1.9011
1.9011
1.9011
1.9011
1.9011
1.9011
1.9011
1.9011
1.9011
1.9011
1.9011
1.9011
1.9011
1.9011
1.9011
1.9011
1.9011
1.9011
1.9011
1.9011
1.9011
1.9011
1.9011
1.9011
1.9011
1.9011
1.9011
1.9011
1.9011
1.9011
1.9011
1.9011
1.9011
1.9011
1.9011
1.9011
1.9011
1.9011
1.9011
1.9011
1.9011
1.9011
1.9011
1.9011
1.9011
1.9011
1.9011
1.9011
1.9011
1.9011
1.9011
1.9011
1.9011
1.9011
1.9011
1.9011
1.9011
1.9011
1.9011
1.9011
1.9011
1.9011
1.9011
1.9011
1.9011
1.9011
1.9011
1.9011
1.9011
1.9011
1.9011
1.9011
1.9011
1.9011
1.9011
1.9011
1.9011
1.9011
1.9011
1.9011
1.9011
1.9011
1.9011
1.9011
1.9011
1.9011
1.9011
1.9011
1.9011
1.9011
1.9011
1.9011
1.9011
1.9011
1.9011
1.9011
1.9011
1.9011
1.9011
1.9011
1.9011
1.9011
1.9011
1.9011
1.9011
1.9011
1.9011
1.9011
1.9011
1.9011
1.9011
1.9011
1.9011
1.9011
1.9011
1.9011
1.9011
1.9011
1.9011
1.9011
1.9011
1.9011
1.9011
1.9011
1.9011
1.9011
1.9011
1.9011
1.9011
1.9011
1.9011
1.9011
1.9011
1.9011
1.9011
1.9011
1.9011
1.9011
1.9011
1.9011
1.9011
1.9011
1.9011
1.9011
1.9011
1.9011
1.9011
1.9011
1.9011
1.9011
1.9011
1.9011
1.9011
1.9011
1.9011
1.9011
1.9011
1.9011
1.9011
1.9011
1.9011
1.9011
1.9011
1.9011
1.9011
1.9011
1.9011
1.9011
1.9011
1.9011
1.9011
1.9011
1.9011
1.9011
1.9011
1.9011
1.9011
1.9011
1.9011
1.9011
1.9011
1.9011
1.9011
1.9011
1.9011
1.9011
1.9011
1.6255
1.9143
1.7989
1
0.91201
0.93756
1.0889
1.1015
0.87498
1.1455
1.0257
1.0186
0.89743
1.0304
1.0691
5.358
1.71
1.2706
1.1885
1.1749
1.2589
1.2445
1.2794
1.1272
1.2531
1.2331
1.5849
1.0839
1.0914
1.3583
1
1.0351
1.1402
1.1272
1.3366
1.0116
0.97949
1.1169
0.94842
1.3213
1.1117
1.1561
1.2503
1.1588
1.1482
1.2162
1.2474
1.2647
1.2078
1.2023
1.1858
1.0965
1.2823
1.1508
0.92257
1.2764
1.0965
1.2246
1.2677
1.0186
1.1912
0.94189
1.0423
1.1272
1.0139
1.2246
1.0471
0.97949
1.1588
1.0889
0.88105
0.96161
1.0186
0.8531
0.88105
0.84918
0.97724
0.77625
0.96605
1.0351
0.91833
0.97949
1.0069
0.93325
0.97724
0.90991
1.0162
0.89125
1.2823
1.0351
0.84333
0.86099
0.89125
0.92045
0.84333
0.84333
0.88105
0.97275
0.87498
0.93541
0.8531
0.99312
0.94624
1.0471
1.0186
0.9594
1.0139
0.89536
0.9977
1.0641
1.1668
0.9247
1.0375
0.94842
0.93325
1.0116
1.0116
1.122
0.94842
1.1298
1.0889
1.0328
1.074
0.96828
1.0304
0.91201
1.1455
0.87902
1.0864
1.0814
0.98401
1.0023
1.374
0.96605
1.1402
1.028
1.0257
1.1614
1.0304
1.3335
1.0257
0.92897
1.1092
1.1066
1.0593
0.88716
0.90365
1.0495
1.194
0.9977
1.0209
1.028
1.1885
1.0257
1.0257
0.94624
0.96828
1.219
1.1246
1.3122
0.9506
0.87096
0.90157
1.1117
1.1272
1.2503
0.98628
1.0257
0.92045
1.0544
1.8535
5.3827
9.6383
10.839
0.87096
0.80168
0.89536
0.87096
0.84723
0.7925
0.84333
0.79616
0.97275
0.86099
1.194
2.8184
2.5645
2.4889
2.0324
1.2677
1.0023
0.86896
0.92257
0.98628
1.0162
0.94189
0.8995
0.90991
1.1858
1.0328
1.0568
0.94189
0.91833
0.96605
2.2336
0.93541
1.4894
1.2023
1.0544
1.8621
0.92683
0.97724
1.6866
1.3122
1.4962
1.7989
1.8113
1.6218
5.6364
1.7219
0.86298
1.0375
1.1272
1.0093
1.0093
1.0209
0.97724
0.90157
0.98855
1.0789
1.219
1.0864
1
0.90991
1.0471
0.91833
0.95719
1.0889
0.87297
1.0351
1.1508
1.0116
0.97724
1.0209
0.97051
0.93541
2.6669
4.3053
4.5394
4.0272
2.851
2.7227
3.1117
1.9364
1.7458
1.6749
4.0458
2.5061
3.4914
3.281
1.6181
1.7539
1.1194
2.5586
3.1623
3.013
1.5382
1.5922
1.7701
2.0464
1.1588
2.4831
2.2751
1.7179
2.6002
0.97724
0.94842
0.98855
1.074
0.99312
1.0423
1.0839
1.0447
1.1041
0.94406
1.2246
0.91201
0.89331
1.219
0.93756
1.2912
0.97051
1.074
0.97275
0.88512
1.2972
1.8793
2.5235
2.7606
2.0324
1.4894
1.6982
2.0893
1.3552
1.2706
1.1041
1.762
1.9187
2.2029
1.2764
1.6482
2.9512
3.0832
2.1135
3.2137
3.0761
3.0903
3.1915
2.2336
3.1623
3.3189
3.069
2.0277
3.2137
2.7227
1.8793
3.2584
2.3121
2.6424
2.3988
3.54
1.7947
2.4717
2.9444
2.1232
2.4266
2.9992
3.0479
2.5351
2.1528
3.062
1.8323
1.7865
2.9309
1.7539
2.884
2.1232
1.71
1.9187
2.7542
2.5704
1.6596
1.6827
1.6827
2.0749
2.4889
2.3714
2.7102
2.9854
1.0162
0.7925
1.028
0.87498
0.89743
0.90573
0.78705
0.9528
0.80353
0.90782
0.83176
0.70632
0.8892
0.82985
0.79433
0.77446
0.8091
0.74645
0.95499
0.89125
0.80353
0.84918
0.87902
1.1324
0.78524
0.8995
0.85704
0.88716
0.93756
0.93756
0.82604
1.2618
0.82035
0.80538
0.72778
0.77268
0.77446
0.79068
0.9247
0.8531
0.82224
0.80724
0.92257
0.85114
0.93541
0.86696
0.83176
0.84723
0.75858
0.85704
0.75336
0.75162
0.88308
0.82794
0.84918
0.82794
0.7925
0.76033
0.75683
0.9247
0.80168
0.94624
0.81658
0.85901
0.80168
0.82985
0.877
0.87096
0.72611
0.89331
0.79433
0.82604
0.77446
0.79433
0.8091
0.92683
0.96605
0.84918
0.83946
0.81283
0.88308
0.88512
0.89743
0.8356
0.86497
0.86298
0.79068
0.79433
0.79433
0.80168
1.1246
0.7925
0.8531
0.77625
0.90157
0.98628
0.82035
0.96828
0.90991
0.92257
0.93541
1.0116
0.86298
0.9247
0.84723
0.84918
0.84528
0.81096
0.79616
0.92897
0.87498
0.93111
0.90991
0.91622
0.94624
0.9594
0.91411
0.87498
0.81658
0.95719
0.99541
0.84918
0.90991
0.93756
0.82604
0.8531
0.91411
0.82035
0.93756
1.0257
0.75509
0.83753
0.9247
0.79799
0.89536
0.83753
0.88512
0.83176
0.97499
1.3996
1.1272
0.85507
0.90573
0.82985
0.83176
0.84333
0.82794
0.77625
0.85114
0.93111
0.89536
0.88512
0.80168
1.0209
0.84918
0.9247
0.8414
0.9528
0.80724
0.92683
0.75509
0.83753
0.80724
0.86298
0.83753
0.9594
0.73282
0.96383
0.79799
0.9594
0.81658
0.91833
0.89125
0.8356
0.82035
0.83368
0.83753
0.79799
0.90573
0.90157
0.82604
1.094
0.88512
0.81846
0.88512
0.90157
0.76384
0.8414
0.8414
0.9528
0.98628
0.8531
0.98175
0.79983
0.89743
1.1508
0.89331
0.94406
0.82604
0.92683
0.87902
0.97949
0.88308
0.83946
0.84333
0.81096
1.0765
0.99083
1.0257
0.93111
0.90365
0.83368
0.91411
0.8531
1.0162
0.98855
0.877
0.87297
0.91833
0.98175
0.87498
0.95719
0.85114
0.83753
0.90782
0.85704
1.1482
0.94406
1.0209
0.82035
0.86696
0.88716
0.78705
0.81658
0.79433
0.7656
0.85704
0.90157
0.82985
0.80724
0.85114
0.9506
0.82985
0.75509
0.86497
0.86497
0.82224
0.84528
0.75683
0.86896
0.91833
0.82604
0.83368
0.8091
0.86696
0.89536
0.8892
0.8091
0.8356
0.76384
0.76033
0.80724
0.72611
0.76736
0.7925
0.81658
0.80168
0.77983
0.76208
0.81096
0.88308
0.78524
0.86099
0.84528
0.90991
0.8147
0.81658
0.8091
0.78343
0.8091
0.88512
0.8995
0.72111
0.86696
0.74645
0.74817
0.76033
0.80168
0.79799
0.81658
0.8356
0.88512
0.81846
0.8892
0.82224
0.82794
0.82224
0.84333
0.8356
0.95719
0.89536
0.97051
0.79616
0.88105
0.84333
0.79616
0.88512
0.78705
0.73621
0.73961
0.78343
0.8147
0.83176
0.83176
0.7656
0.8091
0.8091
0.8091
0.85507
0.84528
0.82985
0.88105
0.81846
0.90157
0.75336
0.82035
0.80353
0.86497
0.90991
0.75336
0.8531
0.78886
0.77804
0.79068
0.74817
0.82035
0.84918
0.8147
0.77446
0.76384
0.79068
0.78524
0.74817
0.71779
0.78705
0.97724
0.76208
0.76736
0.74473
0.77983
0.82224
0.77983
0.71945
0.78163
0.85507
0.74817
0.82604
0.83368
0.87498
0.94406
0.79068
0.79799
0.75683
0.82604
0.85507
0.84723
0.81283
0.85704
0.85114
0.76384
0.88512
0.83368
0.77625
0.94189
0.80168
0.7925
0.79983
0.81658
0.97949
0.78886
0.93111
0.87498
0.74473
0.85704
0.89331
0.77446
0.81096
0.93325
0.90157
1.0093
0.83753
0.81658
0.81658
0.84528
0.86298
0.86298
1.0765
0.83946
0.92045
0.91411
0.83368
0.80168
0.90573
0.7925
0.92257
0.86696
0.86099
0.79799
0.80538
0.75336
0.85704
0.8356
0.86298
0.83753
0.87498
0.84528
0.88105
0.85114
0.89743
0.8147
0.90991
0.8531
0.89743
0.78886
0.76208
0.75336
0.77446
0.7656
0.83368
0.84918
0.83176
0.81096
0.86497
0.81846
0.80353
0.89125
0.82224
0.78343
0.85704
0.89743
0.97275
0.78524
0.7925
0.89331
0.80724
0.74817
0.80353
0.8356
0.83753
0.81846
0.85114
0.79068
0.877
0.82414
0.83368
0.82794
0.86696
0.88512
0.84918
1.0765
0.80724
0.8091
0.93541
0.96605
0.90365
1.0023
0.97051
0.80353
0.97499
0.92257
0.82604
0.84918
0.87096
0.78705
0.78343
0.89743
0.79983
0.84333
0.83176
0.82224
0.94406
0.9506
0.7925
0.93325
0.86497
0.79799
1.0162
0.88512
0.96605
0.88105
0.78163
0.90991
0.95499
0.9247
0.92683
0.81846
0.83946
0.86497
0.84918
1.0765
0.86099
0.8892
0.81658
0.83368
0.81846
0.88308
0.8892
0.85901
0.84333
0.85114
0.8091
0.82414
1.052
1.0593
0.80724
0.87096
0.87902
0.97949
0.81658
0.89331
1.2706
7.9983
1.6218
1.5849
1.0023
1.1614
0.94189
0.99541
10.423
0.84723
2.4946
0.91411
0.93972
0.8356
1.0914
0.91201
0.98175
0.82414
0.91411
1.2647
1.1588
2.0941
2.5645
12.106
7.8524
3.3266
2.9923
4.9317
3.8548
2.6607
4.0644
3.5645
4.5186
12.218
1.0814
2.2699
5.224
4.1115
4.256
3.1623
3.7154
2.8445
3.0832
3.02
3.6141
3.3651
9.8401
12.274
0.90365
0.83368
1.0046
0.77625
0.83753
1.0304
0.81658
0.8995
1.0093
0.85114
0.89743
0.85901
0.96161
1.1041
0.93972
0.8091
0.91411
0.88105
0.90573
0.82035
0.87498
0.75858
0.93541
0.88308
0.91201
0.89743
0.92045
0.84918
0.90365
0.94624
0.92683
0.84723
0.81096
0.85507
0.86497
1.1376
1.0162
1.0069
0.86298
0.85114
0.82794
0.83946
0.93972
0.82414
0.89125
0.98401
0.81658
0.9247
0.93756
1.0568
0.92257
0.96161
0.94406
0.90573
0.8414
0.8995
0.86497
1.0233
0.83946
0.8356
0.84918
0.81658
0.87498
0.93756
0.89331
0.9247
0.8147
1.0328
0.94624
0.87297
0.8147
0.8147
0.73451
0.88308
0.93972
0.81846
0.9506
0.89743
0.90782
0.87297
0.86298
0.81846
0.77625
0.86896
0.80168
0.77804
0.83176
0.76208
0.84528
0.82224
0.74817
0.80724
0.80724
0.93541
0.8356
0.85114
0.84333
0.87902
0.78163
0.77983
0.8995
0.86896
0.82414
0.78524
0.88512
0.8091
0.84723
0.82794
0.90573
0.71614
0.75509
0.84918
0.8414
0.74817
0.87297
0.83368
0.71614
0.76033
0.91833
0.75336
0.90782
0.84528
0.77446
0.8147
0.7709
0.75858
0.79983
0.75509
0.94842
0.79068
0.7379
0.7709
0.69984
0.80168
0.74817
0.73621
0.7709
0.76913
0.75162
0.76913
0.72111
0.7145
0.82224
0.72444
0.73621
0.79433
0.83176
0.87297
0.75509
0.75858
0.71121
0.74131
0.7379
0.75683
0.72611
0.69823
0.86896
0.95499
0.76913
0.70146
0.76208
0.79799
0.82035
0.78705
0.80168
0.73961
0.72277
0.82414
0.72946
0.79433
0.76208
0.7379
0.72611
0.73451
0.78705
0.84918
0.89125
0.75858
0.74817
0.76033
0.86696
0.77983
0.83176
0.80724
0.69183
0.78524
0.83753
0.77268
1.0209
0.79616
0.75858
0.76736
0.79616
0.78886
0.81096
0.80724
0.75336
0.88716
0.79983
0.74817
0.70795
0.70146
0.74817
0.81658
0.75336
0.72778
1.0209
0.82985
0.78163
0.77804
0.81096
0.7379
0.75509
0.8147
0.81283
0.74131
0.82794
0.83176
0.75683
0.76384
0.74645
0.77804
0.76736
0.77804
0.82035
0.7925
0.78705
0.81283
1
0.76913
0.73961
0.77446
0.80168
0.88105
0.76736
0.81658
0.88716
0.85704
0.91833
0.97949
0.93325
0.90157
0.89125
0.85114
0.8414
0.77446
1.1143
0.9977
0.89536
0.94189
1.0495
1.0889
1.0914
0.98855
1.0023
1.0375
1.1885
0.94624
0.93111
0.84528
0.86298
1.0257
1.0839
0.82414
0.93325
0.8892
0.88105
0.94189
0.84918
1.0069
1.0069
0.8892
1.0069
0.82985
0.86298
0.91201
0.8414
1.0046
0.87902
0.90573
0.94189
0.86099
2.9309
1.0186
1.0233
0.93325
0.83176
0.84333
0.81846
0.8414
0.82985
0.76913
0.96161
0.97275
0.82224
0.76208
0.73621
1.0593
0.92683
0.90365
0.82414
0.94624
0.85901
0.95719
0.82985
0.82985
0.74645
0.86099
0.87498
0.91201
0.78163
0.75509
0.73621
0.76913
0.83176
0.76384
0.8414
0.7656
0.81283
0.88308
0.74302
0.81096
0.83176
0.88308
0.82985
0.97949
0.73961
0.79983
0.88308
0.7925
0.8091
0.8091
0.81846
0.91833
0.77268
0.8995
1.0568
0.77268
0.71779
0.85704
0.91411
0.84918
0.80724
0.83753
0.83368
0.91201
0.68391
0.8356
0.74302
0.89743
0.85114
0.86298
0.90157
0.91201
0.80168
0.78163
0.89331
0.87297
0.8995
0.8356
0.90157
0.78886
0.77268
0.86099
0.90573
0.88308
0.83753
0.91833
0.8995
0.83753
0.92897
0.88512
3.2961
0.84918
0.83368
0.99083
3.5892
1.9011
3.1696
3.4198
10.914
9.2683
0.86896
0.93325
0.83753
1.0233
0.90157
0.96161
0.89331
0.96605
0.83176
0.97949
0.99312
0.91622
0.81658
0.88308
0.88512
1.0814
1.1298
0.92257
0.85114
0.93972
0.89331
0.73621
0.78705
0.85901
0.78343
0.87498
0.93541
0.91833
0.87498
0.91411
0.87902
0.87096
0.81846
0.87902
0.90991
0.96605
0.92683
0.81846
0.90365
0.93972
0.9247
1.0209
0.91411
0.86497
0.93111
0.76384
0.91411
0.83368
0.78705
0.92897
0.84528
0.92257
0.84528
0.90991
0.87902
0.90365
1.1015
0.91411
0.99083
0.93756
0.84333
0.82604
0.81096
0.8892
0.86497
0.85704
0.7925
0.9506
0.89331
0.88512
1.0093
0.81846
0.90157
1.0116
1.0186
0.90157
1.0789
0.86696
0.82794
0.89125
0.86099
1.0257
0.88512
0.9506
0.97275
0.78705
1.0162
0.89125
0.90157
0.90573
0.877
0.89536
1.0186
0.79616
1.0162
0.92045
0.93325
0.83946
0.9528
0.85507
0.93111
1.0814
0.91411
0.9977
1.0209
0.96383
1.0641
0.877
0.86298
0.93325
0.80724
0.82794
0.82035
0.81096
0.8892
0.88716
0.86099
0.89331
0.85114
0.86298
0.87096
0.95499
0.79983
0.76208
0.87902
0.91201
0.97051
0.85114
0.8995
0.87902
0.93325
0.90365
1.2647
1.2618
0.88308
1.0423
0.83176
0.87498
0.92257
0.77446
0.90991
0.91201
0.90573
0.94406
0.90782
1.0023
1.0423
1.0814
0.91622
0.96605
1.1143
0.92683
0.89125
0.93325
1.0814
1.2162
1.1508
6.8077
1.8493
9.0782
14.125
0.93111
0.9594
0.88716
0.86696
0.97275
1.052
0.86099
1.0023
2.8314
0.92897
0.82794
1.4388
1.6406
2.4266
1.9143
1.9724
4.2073
5.358
2.4266
4.1976
2.6363
2.7479
3.6141
3.7497
1.4125
2.6915
4.4157
5.7016
3.7757
5.3211
3.9902
4.1976
3.4995
4.3853
4.2756
4.5709
5.9566
3.2063
4.7098
3.5727
5.6105
3.4674
3.4198
3.1261
4.6026
2.9854
3.8905
3.8726
2.8119
2.5119
4.0551
3.4995
3.6224
2.3281
3.8107
4.2954
4.4978
3.7584
3.9355
3.8459
3.3037
4.8753
3.9264
2.8184
3.8815
3.3189
5.2
4.0272
3.3113
4.5082
4.8529
2.4155
2.4044
1.4997
0.9506
1.4588
1.3397
1.0965
0.92897
1.7179
1.7378
1.3459
1.2445
1.1143
0.84333
0.82985
0.877
0.95499
1.0069
0.83176
0.85507
0.84723
0.9528
0.86896
0.78886
0.90365
0.8091
0.73282
0.80168
0.88105
0.80538
0.79616
0.79983
0.85114
0.85114
0.80168
0.79433
0.7925
1.1015
0.82414
0.85507
0.82414
0.79433
0.84723
0.91201
0.78163
0.90782
0.82035
0.78524
0.73114
0.77268
0.91833
0.88308
0.84723
0.81846
0.78705
0.98175
0.7925
0.76913
0.877
0.82035
0.86896
0.85114
0.92045
0.877
0.79616
0.73961
0.93541
0.8995
0.76913
0.83176
0.83176
0.81283
0.87096
0.85901
0.84918
1.0839
0.88308
0.81846
0.84918
0.86099
0.9528
0.89743
0.78705
0.85114
0.97949
0.89536
0.91833
0.82985
0.96605
0.98175
0.92683
1.0691
1.1169
1.2474
8.1658
3.0269
1.0471
0.90157
0.99083
0.8995
0.89743
0.85507
1.0233
0.93325
0.87096
0.90365
1.0233
1.1324
1.256
1.1508
0.97275
0.9594
1.1482
1.0423
1.0023
1.0233
1.1092
1.2417
1.0715
1.1588
0.96828
1.0593
1.4322
3.4754
11.912
4.1783
4.9659
0.92897
0.79433
1.0069
1.0889
0.94406
0.877
0.84918
1.3305
3.3574
2.3281
0.9528
0.93325
1.0447
0.90157
0.9247
0.8531
0.97499
0.84528
1.1298
0.82224
0.88308
0.93541
0.92897
0.93111
1.0691
1.052
0.86099
0.92683
1.0864
0.95499
0.88512
0.97275
0.97499
0.98401
0.87902
0.92683
0.88512
0.89536
0.92045
0.86696
0.8892
0.86298
0.97275
0.90157
0.89536
0.84333
1.0789
1.028
1.0814
1.3092
1.3964
1.1561
1.1588
1.1324
1.0666
1.0568
1.1885
1.0889
5.188
3.1915
3.5975
4.256
3.1189
5.0933
5.5208
3.2137
5.5847
3.9446
4.5186
3.6559
5.1168
4.3152
4.3853
4.5394
3.7068
4.4771
4.0738
4.1495
5.3703
3.9719
4.5604
3.4594
3.8726
3.5481
4.5082
3.3884
3.5237
3.5481
5.4325
3.342
4.0738
3.0832
3.0549
2.904
3.3343
3.3651
3.6392
3.6392
4.592
3.155
4.1879
3.7068
3.5645
3.0549
3.1046
3.3729
3.3806
3.6475
3.2659
5.0003
4.0832
3.6141
4.8195
3.2063
3.7584
3.3343
3.8459
5.6754
3.3497
5.7148
1.5524
2.3442
1.7378
1.0568
1.0593
0.91411
0.97724
1.1668
0.86099
0.8147
0.89743
0.8091
0.7925
0.86099
0.90157
0.98628
0.89743
0.92897
0.83753
0.84918
0.8147
0.84723
0.81846
0.82604
0.89536
0.79799
0.8892
0.76033
0.72778
0.79068
0.92045
0.76913
0.84723
0.77625
0.84918
0.7925
0.80353
0.73451
0.88105
0.74131
0.74817
0.84918
0.79616
0.79983
0.81283
0.7709
0.82224
0.77625
0.82414
0.8091
0.77804
0.77446
0.84918
0.79068
0.877
0.82414
0.80168
0.80724
0.80538
0.73621
0.83946
0.8356
0.84723
0.81846
0.87498
0.79068
0.8356
0.79068
0.75336
0.8892
0.74131
0.82985
0.7925
0.79616
0.75162
0.98175
0.88716
0.7656
0.81846
0.84528
0.83753
0.78886
0.77268
0.73621
0.79799
0.84918
0.89536
0.75162
0.82414
0.79068
0.83368
0.76208
0.85704
0.8995
1.0093
0.72946
0.91201
0.96828
0.77268
0.91201
0.79799
0.83368
0.76913
0.90157
0.8356
0.85507
0.85901
0.80168
0.92257
0.87902
1.0046
0.86696
0.83368
0.85114
0.76913
0.86099
0.81096
0.83946
0.81283
0.877
0.85114
0.9528
0.86298
0.75162
0.86099
0.88512
0.83368
0.86696
0.82604
0.84918
0.77983
0.96161
0.84333
0.91201
0.91411
0.8995
0.88716
0.86896
0.85114
0.7656
0.85704
0.88308
0.96161
0.83946
0.97499
0.78343
0.82224
0.83753
0.79068
0.8531
0.90573
0.77625
0.79983
1.3583
0.84528
0.88105
0.79983
0.86896
0.87096
0.98175
1.0447
0.87498
0.95719
0.8995
0.93756
0.877
0.87902
0.81846
0.90991
0.88308
0.81096
0.88105
1.0069
1.1066
0.8147
1.1455
0.74645
0.83368
0.80168
0.79799
0.94189
0.92045
2.5003
0.93541
0.96161
1.0423
1.052
2.5177
1.0495
0.91833
0.8531
0.9977
0.9247
0.89125
1.1482
1.074
0.92257
1.1376
0.97275
0.91411
0.95719
0.94842
0.79068
1.0765
0.82414
0.87096
1.0209
0.86099
0.80168
0.87297
0.84723
0.80724
0.92897
0.97051
0.90991
0.88512
0.79433
0.84918
0.87297
0.84333
0.86896
0.85507
0.88716
0.79433
0.79433
0.98175
0.78524
0.81846
1.0789
0.77625
0.82035
0.84918
0.94189
0.87902
0.78886
0.86497
1.0617
1.0139
0.82414
0.84528
0.8892
1.028
0.83753
0.98401
0.8995
0.8147
0.91622
0.95719
1.0789
0.90157
0.877
0.78163
0.81846
0.96383
0.89331
0.85114
0.80353
0.8995
0.87902
0.92897
0.82224
0.90782
2.2751
2.7733
0.92683
0.83176
0.9528
0.89331
0.89331
0.86298
0.86099
0.8414
1
0.7925
0.84918
0.92897
0.87498
0.9977
0.89125
0.97275
0.93756
0.92045
0.98628
0.86099
1.0023
0.97275
0.99312
0.8091
0.92897
1.1298
0.91411
1.074
0.99312
1.0399
1.0209
0.93541
1.2503
0.98401
0.86896
1.0046
0.88716
0.91622
0.98855
0.92257
1.0568
1.0765
0.89743
0.82794
0.76913
1.0351
1.0889
0.93111
0.9247
0.93541
0.89743
0.87096
0.91622
0.83753
1.0814
0.88716
1.0046
1.0544
0.9506
0.90365
0.9506
0.91201
0.91833
0.97499
0.87498
0.94842
0.94624
0.90782
0.98175
0.93541
0.8147
0.99541
1.0544
0.93541
1.2303
1
0.877
0.90573
1.0447
0.92045
0.86696
1.2503
1.1246
1.349
1.0328
0.9528
0.88512
1.0914
0.86696
0.97949
0.93541
0.98401
0.92683
0.78163
0.96828
0.9977
0.94406
0.95499
0.88716
0.877
0.77268
0.94189
0.82985
0.90573
0.8414
0.9247
0.84333
0.93972
0.82414
0.98628
0.98855
0.86497
1.2274
0.85507
2.4491
8.091
0.99541
1.0568
0.9528
0.95719
0.92683
0.80724
0.89331
0.89125
0.91411
0.84528
0.91622
0.96828
0.93972
0.91833
0.8995
0.9506
0.95499
0.9528
0.98855
1.1117
0.98855
0.99312
0.89331
0.98628
1.0965
0.9506
0.95499
0.95719
1.0233
1.0568
0.99312
1.0116
1.0328
1.0257
0.92257
1.0471
1.052
1.1614
1.0233
1.0116
0.92897
1.0351
0.90991
0.96828
0.95719
1.0423
0.91201
0.91833
0.93972
1.0304
0.94189
1.0423
1.0814
0.86896
1.0139
0.91622
1.0093
0.92257
0.93111
0.98855
0.90991
0.86696
0.91201
0.84723
0.80724
0.84918
0.92683
1.0814
0.94189
0.96605
0.94189
0.91411
0.96828
0.98855
0.8531
0.97051
0.92683
0.84333
0.94624
0.8091
0.87297
0.84918
0.90991
0.877
1.0351
0.91411
0.97499
0.92897
0.94406
0.8147
0.8091
0.91201
1.0209
0.97499
1
0.88512
0.85901
1.0093
1.1143
0.98628
1.1508
0.97275
0.93541
1.0328
1.0069
0.97051
0.8356
0.94842
0.93756
1.1194
0.93325
1.1041
1.2417
0.86298
1.0447
0.93111
0.92045
0.82224
0.8531
0.78886
0.87902
0.8147
0.86298
1.194
1.4757
1.4388
1.9588
1.1695
1.5776
1.7179
2.0464
1.0789
1.3521
3.1333
3.9811
3.8637
4.1495
3.4834
4.0365
3.8905
3.0061
3.3343
3.013
3.069
4.4566
3.3266
3.1769
3.0339
2.1827
3.4198
2.8445
2.8576
4.0179
12.359
1.052
1.0447
1.6032
0.9506
0.80353
0.78343
0.79799
0.83946
0.86099
0.89125
0.91201
0.82035
0.81846
0.92257
0.85507
0.90573
0.84723
0.80538
0.92897
0.78705
0.81658
0.71779
0.84918
0.79799
0.80353
0.80538
0.86298
0.80168
0.80353
0.7925
0.7656
0.87902
0.86896
0.80724
0.84918
0.87297
0.89125
0.78343
0.88105
0.82035
0.76384
0.78343
0.84918
0.8356
0.86896
0.83368
0.8147
0.87498
0.79616
1.0116
0.80538
0.81846
0.85114
0.8414
0.79616
0.80538
0.78524
0.877
1.0257
0.89536
0.8414
0.91201
0.93325
0.79068
0.89125
0.83753
0.8995
0.92683
0.90573
0.91622
0.84723
0.92257
0.89331
0.97949
0.82794
1.028
1.0304
0.97949
1.0351
0.91201
0.75162
1.0093
0.85901
0.82224
0.90157
1.0789
0.86099
0.91201
0.85507
0.84723
1.219
0.96161
0.8892
1.0116
0.94189
0.8892
0.88308
0.83753
0.92683
0.86896
0.88716
0.93111
0.97275
0.90365
0.93111
0.82035
0.88716
0.77625
1.0069
0.97949
0.96605
1.0069
0.88105
0.94189
0.89331
0.90157
1.0814
0.98628
0.87902
0.94406
0.95719
0.87096
0.90573
0.87902
0.89536
0.98401
0.85114
0.97499
1.0423
