4.3351
9.6161
10.889
15.205
13.032
0.8995
1.0139
1.2331
0.72946
11.668
22.491
1.7338
1.135
21.281
23.933
18.113
0.86099
1.574
0.75336
1.0139
0.85114
13.092
17.62
18.45
16.444
23.388
2.7669
22.029
23.227
0.92045
20.512
17.1
13.459
16.788
1.2106
15.959
12.078
1.0715
0.70795
0.96383
0.93111
7.5683
19.634
18.967
16.596
4.6026
18.664
1.6293
18.707
16.788
1.0593
0.7709
2.3878
0.72946
0.79983
3.1189
6.1094
20.324
21.528
10.52
0.7925
0.80353
0.74645
0.78343
0.69663
0.79616
0.92683
8.2035
21.38
22.284
8.5114
2.6607
2.3121
21.184
21.777
19.724
15.101
0.88512
2.904
26.242
21.135
24.378
14.757
1.5631
0.78163
0.78705
0.81283
5.2
24.66
3.5975
4.3954
17.701
19.011
19.187
21.086
12.417
21.281
1.2106
0.97499
7.9799
5.4325
13.152
30.2
18.239
1.0471
2.421
0.81283
0.8147
18.365
20.324
18.281
0.70958
0.84528
0.74131
0.73114
0.81658
15.171
23.823
18.578
21.478
14.191
19.634
17.865
20.559
24.774
0.8531
12.647
13.274
1.977
1.1535
6.8707
1.1272
1.3002
19.815
26.424
18.967
19.011
19.32
20.277
0.95499
16.827
23.933
21.577
25.177
20.749
22.803
23.014
1.0399
1.9231
1.2023
1.2735
1.1066
0.78163
1.0257
1.1143
0.78163
0.70795
21.878
23.878
1.8793
0.8356
1.1995
8.995
23.768
17.906
0.73621
20.464
24.155
20.749
15.959
21.429
17.219
1.0544
15.812
16.827
23.442
0.877
0.82035
0.97499
0.81283
0.78163
25.293
18.88
18.621
3.02
0.81096
2.3496
0.81846
0.7709
0.75683
0.70632
23.121
24.604
21.086
16.181
0.89743
1.1117
1.3996
12.078
3.2359
22.182
20.512
23.174
1.5596
24.322
20.137
1.3804
0.94842
0.83753
0.7709
0.76208
0.73451
21.429
22.387
24.547
18.323
20.654
25.882
26.73
1.9055
20.749
8.7297
1.0209
1.3274
1.4223
18.836
13.772
24.266
27.99
28.249
0.9247
22.751
19.679
23.714
16.144
1.4622
9.2683
22.387
21.184
0.72778
19.275
21.627
20.893
1.406
0.82604
0.70632
0.70469
16.406
21.478
19.679
0.76736
10.375
20.417
1.7179
7.1779
20.845
20.464
22.439
25.293
22.233
19.409
22.387
1.0423
0.93111
1.1246
19.77
20.184
20.654
6.5464
20.797
15.959
4.9774
0.78524
0.79068
0.76736
1.652
20.37
23.227
19.231
24.946
16.144
22.491
4.592
19.815
21.528
19.32
22.233
20.701
21.677
0.70469
0.8995
0.95719
0.75683
0.80168
1.2417
0.9977
1.2735
5.3333
7.5162
2.2336
0.85114
1.6827
1.5922
3.6559
12.942
13.552
25.293
27.861
18.365
2.0989
19.543
20.941
20.137
22.284
0.877
21.627
19.543
20.091
4.9431
0.96383
12.303
20.091
0.81096
0.83946
0.72611
9.2683
7.1945
1.349
1.652
1.2882
1.0471
6.4417
2.5704
21.979
21.928
20.559
21.677
0.83753
0.98175
0.7656
2.8314
19.953
24.378
20.701
0.86497
0.74302
0.94189
7.145
10.423
1.4859
20.845
19.999
0.75162
0.9506
0.75858
0.81283
0.75858
0.7145
0.78524
0.69024
0.80353
0.70795
13.122
13.521
15.996
21.727
23.388
19.275
18.323
15.453
0.69502
15.849
19.77
17.179
4.3752
22.594
0.82794
8.8716
0.9506
1.2303
0.75162
0.90782
0.82224
0.71285
0.78886
10.94
1.4825
1.3964
4.7424
0.84723
16.866
23.878
19.099
22.909
22.284
20.324
17.378
0.85704
0.71614
19.724
21.979
18.239
23.014
21.184
0.75162
3.8548
13.74
14.093
17.298
23.067
20.045
22.439
2.5882
19.724
23.659
8.2794
0.78886
0.89331
0.78524
2.0091
13.274
20.606
22.751
22.284
19.32
0.90782
0.82985
2.2182
17.498
19.143
19.099
9.2045
21.528
20.797
20.845
6.3826
20.091
13.74
0.87902
0.69183
21.478
19.77
24.099
19.77
20.091
21.281
22.439
18.793
23.605
0.84333
0.70632
0.75162
3.1117
23.388
20.512
1.4791
1.6255
10.765
1.0209
1.219
17.219
18.836
22.751
15.171
7.3451
0.69984
20.37
0.6792
0.72111
0.84918
1.1015
0.98855
1.8707
1.6144
1.4757
16.711
16.368
0.98628
3.0409
21.33
4.4055
15.849
17.1
12.303
0.75683
0.70469
1.094
1.4655
1.074
6.9663
14.158
20.137
8.2224
5.8345
0.76384
0.70632
0.65917
1.3614
0.7379
0.93111
0.74131
0.69502
0.69502
0.70795
15.996
20.749
18.408
3.3189
14.825
19.409
17.783
10.375
0.93111
0.87297
0.71945
0.78163
0.89331
0.70632
8.77
17.378
0.75858
0.74645
2.023
0.66069
0.68234
0.73451
1.1041
0.65917
0.72611
12.56
13.092
22.284
17.418
18.664
0.7925
2.5003
1.6444
10.889
23.496
21.777
20.559
18.365
12.474
1.6904
3.54
7.1121
1.7298
1.0617
1.2246
19.498
2.1827
0.69984
0.79983
0.69183
0.70795
0.74817
0.69183
0.66834
0.6792
0.75858
10.257
20.749
24.434
21.577
0.89743
0.98855
1.1803
0.81096
1.4093
0.78524
0.76033
0.69024
0.72611
0.76033
0.75683
0.73114
0.72778
0.85507
0.77804
0.75336
1.3772
0.75858
2.673
0.97949
11.194
7.6384
3.6392
6.4417
2.1184
0.64863
7.2111
24.322
17.66
19.099
20.091
21.135
18.072
8.2985
0.71779
1.1749
3.2584
1.1298
6.0954
17.022
19.187
15.488
1.2023
1.052
11.22
9.3972
2.7416
0.87498
0.82794
0.76913
9.0365
21.577
17.742
18.113
20.37
19.187
19.724
18.836
6.9663
9.6605
1.1858
18.793
18.75
0.9528
0.87096
0.87297
6.0395
0.67764
0.68234
7.2611
11.722
24.717
22.182
21.086
5.7412
17.865
0.7709
10.423
15.136
1.0162
1.5031
0.68234
1.1376
1.0471
2.0893
14.655
17.62
15.417
15.205
1.0116
1.1641
2.5351
1.6634
1.3932
5.6624
12.677
15.453
1.0328
0.72111
0.74131
0.75509
0.68077
0.66681
0.72277
0.72778
0.8091
0.69502
0.72778
0.95719
0.69183
2.4889
3.013
12.246
5.3951
0.70469
0.67608
1.9187
0.94406
1.5031
0.73114
6.4121
22.542
20.701
23.388
22.751
16.069
12.56
0.76736
0.69183
2.8576
0.68549
1.0715
20.941
22.029
23.496
16.406
17.947
1.0471
0.83176
0.79983
2.3933
0.68865
0.89743
2.355
0.65615
0.71121
0.65766
0.66681
0.64417
0.7379
0.6792
0.66374
0.65464
0.69183
1.6558
0.67608
0.65917
0.65013
0.69663
0.6223
0.65917
0.67453
0.66834
0.65313
0.67608
1.3709
14.158
16.144
0.77268
5.2119
19.055
19.409
1.3709
0.71285
0.78163
0.75858
0.75162
0.7656
0.77804
0.70632
0.75162
0.70795
0.84918
0.8091
0.83946
0.66527
1.4928
1.3062
1.0116
1.0023
1.3183
1.4622
10.069
13.583
17.498
21.478
8.3176
12.589
20.324
1.8493
0.85704
0.72111
1.0641
13.459
13.274
0.83946
0.75336
0.80353
0.9977
0.75858
0.78886
0.7656
0.78886
0.71121
0.71121
0.72277
0.67298
2.2751
9.8401
0.74131
1.3521
1.7418
1.0399
1.0914
0.72444
0.64417
12.56
0.76208
0.72111
20.324
20.417
20.184
19.907
18.75
8.4528
7.0632
7.2277
0.67608
0.66527
0.66527
0.67143
0.74817
2.5882
0.73114
0.69663
0.73961
0.71121
0.71285
0.71779
0.66222
12.134
17.66
7.9983
0.74473
0.88308
1.3366
1.2388
0.77268
1.349
1.0423
1.0641
1.2647
1.39
1.349
1.8493
4.4055
18.072
1.8535
5.2723
13.9
19.32
18.75
19.815
13.152
6.368
1.4555
6.4714
21.677
23.335
20.654
15.812
0.74817
14.355
20.606
17.338
19.011
16.406
0.84333
0.8091
0.73282
1.0328
0.76736
0.75683
0.74989
0.83176
0.70469
0.68865
0.74302
0.84333
0.73114
0.92683
4.0179
1.3183
0.65917
0.7709
1.3583
1.8323
0.81658
0.94189
0.87096
0.80168
1.1455
0.7709
8.2414
18.621
15.631
3.1623
3.8994
1.2706
16.558
18.45
19.32
20.23
25.119
1.9231
1.1641
0.71285
0.86298
0.67608
1.406
0.68391
0.69984
0.6223
0.74645
1.1885
2.0606
10.715
6.4863
0.84528
1.4962
0.97275
0.76736
0.74131
0.72111
0.8091
0.85901
5.9429
0.77804
0.86298
0.90991
0.73451
0.69343
4.8417
0.68549
0.6792
0.67298
0.67143
0.71945
0.66834
0.68234
0.66222
1.052
0.68707
0.7379
1.6904
4.4259
1.5066
1.2589
1.3397
1.4622
1.1912
1.2823
1.3709
1.4555
2.1727
3.013
3.4995
13.646
21.777
20.941
17.947
11.94
6.223
1.135
6.3387
1.1455
0.65464
0.91833
1.2303
0.97499
0.74989
1.1858
0.9247
0.74473
0.877
0.74989
0.76033
0.76736
2.6977
0.81846
0.72277
1.0544
0.96383
1.4791
0.85507
3.5563
4.7206
8.995
10.423
19.77
23.878
18.923
17.418
0.8531
0.77446
1.0471
1.3521
1.932
0.83176
10.94
17.258
20.37
23.121
23.281
19.099
20.512
7.2946
21.184
22.131
22.542
20.184
19.907
5.6885
19.231
13.74
21.677
21.281
20.989
18.535
1.1272
1.094
0.76384
0.72611
2.2336
0.76736
4.7863
0.65917
0.68707
0.73282
1.2162
1.8281
1.2417
1.4191
1.1272
9.8175
6.9663
1.4588
0.96828
1.194
1.0351
0.80538
1.4997
0.98855
0.68234
0.67453
0.66681
1.3996
0.66988
0.65615
0.8414
1.3062
0.68865
0.68707
0.63241
0.68549
0.80168
0.86896
1.0839
0.76736
0.67298
1.2359
0.74989
0.7379
0.98175
0.65013
0.66222
0.64269
6.3096
1.2589
1.0233
1.4928
1.0544
0.86099
1.1588
1.2531
4.529
1.766
1.4962
5.7943
5.3951
4.9659
1.4689
1.9099
1.2388
1.0666
3.4514
13.583
0.91201
0.9247
2.0137
0.70958
0.69183
1.2531
1.4655
1.4521
8.6099
7.0958
0.67764
0.69183
0.68865
0.65615
0.68077
0.73961
1.0641
0.64863
0.67143
0.65917
0.75858
0.67608
19.861
29.717
16.634
2.5119
1.0447
0.78343
1
0.82414
0.92897
1.4928
1.3002
1.6406
1.8621
0.70469
0.70307
0.69343
0.71945
0.68865
0.70146
0.70958
1.9953
0.7145
0.70958
0.70307
0.68549
0.70795
0.68865
7.0469
23.067
10.046
11.117
8.5901
2.2029
14.588
0.98175
1.7783
13.428
22.336
20.845
18.493
1.0209
1.1995
0.78524
1.0399
1.0023
0.74989
5.8884
3.8905
1.3183
1.6069
4.8641
12.106
2.3067
1.0116
1.3709
1.5922
1.2023
15.311
18.493
26.853
23.067
18.072
1.0495
7.0795
1.5704
0.71945
14.655
21.33
19.409
22.336
21.528
21.777
15.922
1.0209
0.83176
0.81283
0.7709
0.94189
0.83946
2.2284
8.4333
1.4757
1.2503
1.5311
0.78343
1.4322
1.9588
14.521
22.699
20.512
21.232
23.768
22.029
20.989
18.155
3.9537
0.82035
20.559
19.543
19.588
23.55
25.527
25.527
27.164
28.119
18.281
23.014
1.1912
0.66988
1.5524
0.67143
0.72778
0.69984
0.66681
0.9594
0.66988
0.68865
1.0351
1.6827
1.4028
6.8077
3.9994
2.4155
10.328
17.258
4.121
1.205
15.241
18.793
18.88
19.815
15.631
7.9433
0.78343
2.2131
1.0641
0.68077
0.67764
0.68549
7.4989
2.3388
0.66681
0.63533
0.67608
0.66527
0.65917
0.67143
0.66834
0.71285
1.4191
0.71285
0.69823
0.64121
0.64565
0.70469
0.66069
0.69663
0.69024
0.69024
1.1535
0.68077
0.69024
0.67453
0.66222
0.69823
0.66527
0.68077
0.70146
1.1482
0.65163
0.68234
0.68234
0.66069
0.76208
0.65313
0.64565
0.69663
0.66374
0.8356
0.85507
0.80353
0.69343
0.82224
0.7145
0.73282
0.74645
0.8356
0.82985
0.81283
0.73451
1.0257
0.63973
2.0749
0.68707
0.69823
0.73114
0.65615
0.66988
0.68549
0.69823
0.68549
0.66374
0.66988
0.70469
0.67298
0.67143
1.845
0.87498
1.7701
1.2078
4.3853
1.1535
10.351
1.5488
2.3281
8.8105
0.84333
0.65917
0.7379
0.70307
0.71614
0.69663
0.70146
0.68234
0.69343
13.183
6.3973
1.0641
1.2303
1.2106
2.1627
1.374
1.7865
9.4624
10.162
0.66681
0.67608
0.8356
0.80538
2.1677
15.101
17.539
18.281
19.055
5.42
18.664
22.699
16.368
22.182
0.86896
0.82985
0.85901
0.85507
0.80724
0.92897
0.77983
0.90365
0.98628
0.72111
5.9429
0.68234
0.66988
0.68391
0.79983
0.69183
0.66834
0.66681
0.72611
0.63387
0.65313
0.6792
0.66222
0.69183
0.72778
0.70632
0.70307
0.71285
0.72111
0.68549
0.66834
0.65313
0.70958
0.85704
0.65313
0.66527
0.66988
0.66069
0.7145
0.76033
0.69502
0.71285
0.68549
0.73621
0.71614
0.66988
0.68077
0.68234
0.69024
0.75509
0.64269
0.68865
0.72444
0.72111
0.69984
0.74645
0.70632
0.68391
0.67608
0.66988
0.69984
0.66069
1.0186
0.64417
0.66069
0.67298
0.67453
0.66374
0.74989
0.68865
0.71121
0.68707
0.74645
0.71779
0.67764
0.67453
0.7379
0.64863
0.68077
0.68234
0.72611
0.81658
0.88716
0.72111
0.72277
0.79068
0.71614
0.73282
0.7379
0.68707
0.78524
0.67298
0.68549
0.79433
0.77804
0.68707
1.1169
0.79616
0.71121
0.73114
0.70795
0.87096
0.75683
1.0864
0.73621
0.76736
2.0845
0.67298
0.90157
1.2023
0.8091
0.78886
0.87498
1.3868
1.1092
1.8578
4.6026
0.8356
0.79433
1.6827
0.70307
0.68865
0.68234
0.78524
0.65464
0.87498
0.92045
0.83946
1.0304
1.1246
4.3752
1.6672
1.0568
1.766
0.65917
1.0593
0.80538
1.8281
2.8576
0.74302
2.4774
0.99541
0.78705
0.75858
0.80724
0.74817
0.76033
0.82604
0.82794
0.79799
8.7902
18.113
17.742
19.907
8.6896
0.69823
1.4655
9.7275
11.722
0.73282
14.825
16.444
18.621
24.889
15.488
6.9183
19.679
17.989
17.458
14.421
0.93325
0.8531
0.96161
0.72277
0.83176
0.81846
0.74645
1.0375
0.86099
0.77804
0.74131
0.91833
6.0256
3.2961
5.3088
0.65766
1.2823
6.6681
7.8524
0.87297
0.77625
0.92683
1.4928
0.69343
0.70146
2.0893
0.68707
0.6792
0.71779
0.66374
0.69502
0.65917
0.7379
0.74817
0.71614
0.69663
0.70632
0.66222
0.7656
0.67764
0.71285
0.67453
0.70469
0.72111
0.71121
0.65917
0.71614
0.72277
0.73621
0.68077
0.65313
0.74473
0.71945
0.71614
0.75509
0.7925
0.72111
0.68865
0.73282
0.74989
0.73961
0.69823
0.73961
0.73451
0.70307
0.66834
0.72611
0.67453
0.93111
0.67764
1.4355
0.64269
0.71285
0.68234
0.69024
0.70146
0.67143
0.72946
0.63973
0.70958
0.72611
0.71945
0.83946
0.70632
1
1.0568
0.65917
0.70146
0.68234
0.67453
0.68865
0.70146
0.74989
3.8282
0.93111
1.9588
1.0069
3.3884
7.1285
1.6904
3.8905
1.888
1.5171
1.1402
1.2331
1.2882
0.9528
1.3213
1.2134
1.9409
2.2909
0.65464
0.68707
18.323
18.621
27.227
12.05
0.68865
1.122
21.086
15.066
13.335
16.904
8.3753
14.555
20.137
21.33
20.184
18.323
19.815
7.7983
1.1246
1.8621
0.92897
0.77804
2.4044
11.614
18.281
19.454
17.258
2.6062
7.709
4.3954
0.77446
0.77446
0.72778
0.69663
0.8356
0.76913
0.77446
0.79799
0.76033
0.70632
0.67143
1.7906
0.81658
1.1041
0.71945
0.69183
0.67298
0.68077
0.69024
0.68707
0.66222
0.67608
0.69502
0.73621
0.66834
0.70958
0.66681
0.67298
0.68234
0.70469
0.6792
0.66069
0.89331
0.73961
1.0839
0.72111
0.66069
0.66374
0.69823
0.67764
0.67764
0.64417
0.69823
1.0209
0.82414
1.3092
0.93111
0.79616
0.84333
0.7379
0.8091
0.79068
0.88716
0.7379
0.75336
0.90782
0.88105
0.75336
0.75858
0.75162
0.79799
1.5205
0.69183
0.70146
0.65163
0.67764
0.70469
1.1376
0.7379
1.052
1.0375
0.68077
0.69343
1.099
0.94624
0.90157
0.87297
3.3651
5.0119
1.4555
1.6749
1.219
1.1912
1.135
1.0093
1.1429
4.3152
3.1333
0.67608
0.64863
0.68865
0.64565
0.66374
0.92045
0.68391
0.6792
0.67764
0.71779
0.68865
0.65464
0.69663
0.64269
0.64714
0.74645
0.69502
0.68707
0.64863
0.66988
0.65917
0.66681
0.68077
0.68549
0.66374
0.66222
0.65013
0.6792
0.8147
0.90782
15.488
18.239
23.281
19.999
18.197
17.989
0.92683
7.7268
14.997
22.699
19.231
20.797
2.7479
21.577
20.512
22.439
21.627
23.442
19.275
0.86497
2.0045
1.3428
1.5241
1.4125
4.8865
1.7824
7.1614
0.70469
0.74817
0.70795
0.74473
11.272
17.947
24.717
22.856
24.155
22.336
26.73
20.654
22.387
11.169
15.276
20.512
19.953
0.87498
0.74131
0.73114
0.87297
0.71779
0.69984
0.75336
0.77446
0.75858
8.4723
21.232
19.011
19.679
13.996
0.877
0.75683
0.78524
0.78163
0.7925
2.9785
7.9068
0.67453
0.69502
0.66222
0.70795
0.72444
0.63973
0.68549
2.5704
3.4594
1.0765
0.90365
0.82035
0.76736
0.84333
0.82794
2.1627
0.69663
0.69024
0.66834
0.66374
0.70146
0.68077
0.72444
0.70795
0.70307
0.64863
0.71614
1.4555
1.4928
0.78343
0.64417
0.67764
0.64863
0.67453
0.66988
0.63973
0.67764
0.64565
0.66222
0.67764
0.64269
0.66988
0.68077
0.78886
0.73282
0.81658
0.80724
0.82035
0.75858
1.3996
0.71945
0.74817
0.70795
0.72444
0.80724
0.69343
2.3659
1.4256
1.406
1.2912
5.4702
1.4588
4.6666
10.023
3.8282
12.303
0.85114
0.67453
0.70632
1.5276
0.66681
0.69343
0.66374
0.73451
6.7608
24.831
18.03
20.701
21.627
18.197
1.1455
1.1015
0.68391
0.76033
0.74131
0.81096
0.8995
0.76384
0.75509
0.74131
0.82604
0.70795
0.74645
0.77804
0.77804
0.77446
0.75858
0.71121
0.97499
0.73114
3.1189
0.68234
0.72778
0.69183
0.67298
0.68707
5.7412
16.827
13.677
9.4842
11.35
1.3366
0.71779
0.67764
0.68391
0.71614
0.66527
0.66527
0.71779
0.69984
0.70146
9.4406
3.5237
1.4521
0.66222
0.6368
0.73961
0.65917
0.65313
2.6363
0.99083
2.7164
1.6749
3.2734
4.256
0.65615
1.0116
0.74302
0.78886
0.71285
0.95499
1.3397
1.8072
1.6032
0.69183
0.73961
0.74645
0.67764
0.64417
0.65313
0.67608
0.66069
0.68391
1.0715
0.94624
0.70146
0.64121
0.63241
0.64565
0.69183
0.67143
0.67764
0.70958
0.63533
0.67298
0.68391
0.70469
0.71614
0.67298
0.66069
1.4655
0.64863
0.65917
0.64863
0.65464
0.69343
0.70146
0.68707
0.71121
0.70146
0.6368
0.69663
0.70307
0.64121
0.68234
0.64269
0.63241
0.70307
0.66681
0.6368
1.1015
6.3973
0.90991
0.9506
1.3062
3.1989
16.634
20.324
16.218
20.989
19.679
0.92257
0.70146
1.3552
0.72111
0.97949
0.79068
0.75683
0.8147
0.7925
0.73961
0.74817
0.71614
0.70146
0.78705
0.68077
0.76033
0.8147
0.70632
0.70146
0.77268
0.73621
0.69663
0.74817
0.77983
0.7145
0.72277
12.274
1.0209
0.69183
0.66681
0.64714
0.69183
0.74989
0.67143
0.67453
0.65464
0.69502
0.67143
0.67143
0.86896
0.72444
0.70795
0.70469
0.66069
0.69343
0.65464
0.74131
0.68549
0.68391
0.68549
0.68234
18.281
22.751
18.113
15.066
24.831
24.434
21.184
18.323
4.5604
14.223
0.81283
2.7164
13.428
22.336
19.679
16.368
20.941
16.181
0.73114
0.68077
10.839
8.9125
1.4588
8.531
0.9528
2.5763
17.418
16.672
24.378
17.022
20.464
20.749
21.38
23.121
18.072
23.496
8.4333
0.85114
0.77983
0.85507
0.97051
0.7709
0.81283
0.7379
0.72946
0.74473
0.70958
0.7145
0.73282
0.81283
2.1135
4.1115
0.96605
0.94406
1.094
1.5241
0.68234
0.65313
0.66681
0.64269
0.67298
0.68234
1.5136
0.63533
0.63533
1.0209
1.0471
0.66527
2.1979
2.9717
1.135
1.5959
2.5235
1.5276
1.7579
1.888
2.4946
0.69823
0.66222
0.67608
0.71614
0.65013
0.71614
0.66527
0.67608
2.1727
0.9247
0.64714
0.66069
0.65013
0.68077
0.66222
0.68077
0.73961
0.69183
0.70632
0.70469
0.67764
0.66988
0.67143
0.66527
0.69984
0.69984
0.69024
0.68391
0.67453
0.69502
0.69502
0.68234
0.67143
0.69502
0.66834
0.6792
0.69343
0.70632
0.66681
0.67298
0.66988
0.71945
1.4928
0.8531
0.80168
0.64714
0.71779
0.66374
0.68549
0.70795
0.64269
0.64863
0.72778
0.66834
0.66527
0.66069
0.66681
0.66681
0.62951
0.87297
0.66222
0.65766
0.63387
0.63387
0.68865
0.66681
0.62951
0.66374
0.63826
0.66069
0.64269
0.66374
0.68707
0.69183
0.85704
0.68077
0.6792
1.3868
2.0417
0.65464
0.71779
0.6368
0.64863
1.4158
0.68707
0.65464
0.72946
0.66988
0.64565
0.8147
0.64714
0.67764
0.67143
0.6368
0.72111
1.5417
5.3703
1.4997
0.91201
0.8356
0.70795
1.3964
0.75162
0.76208
0.74989
1.0186
1.0399
2.2961
3.0761
20.324
23.442
23.335
26.363
21.281
0.77983
0.75509
1.6293
1.8664
0.63826
0.68391
15.596
23.442
1.5959
14.928
6.792
4.0458
0.72111
2.9785
0.7709
0.79983
0.70632
0.7145
0.72111
0.67453
0.70146
0.83946
0.69343
0.68865
0.70469
0.69984
0.67764
0.71945
0.65615
0.68234
1.1995
1.0023
2.9444
18.493
14.223
20.324
22.029
20.559
15.031
15.031
7.6384
10.593
16.293
18.535
24.266
31.989
18.578
24.946
20.701
16.904
15.417
0.84723
0.81283
0.76736
0.71285
0.82985
0.74645
0.68077
0.78343
0.65313
8.147
0.72611
0.66069
0.68865
0.65917
0.69343
0.66988
0.7145
0.65464
0.71945
0.70958
0.65917
1.5241
0.70632
0.90573
1.2882
0.93111
1.3932
1.1858
1.4223
1.0568
5.4954
2.5704
1.3552
8.0353
10.257
18.281
14.723
21.086
23.227
26.669
23.55
23.281
20.045
9.8401
0.78163
0.93111
0.68549
0.66527
1.2078
0.98401
1.0186
8.2604
2.4946
0.70958
0.7709
4.8641
0.68865
0.68707
0.68549
0.74645
0.69663
0.73282
0.65615
0.68549
1.3305
1.5668
0.71614
0.69663
0.65464
0.81096
0.73451
0.72946
0.75336
0.9594
1.1041
0.8414
0.72277
0.72444
1.7539
0.77625
0.84528
1.8707
0.72946
2.8184
0.67298
0.75683
0.75683
0.76208
0.76033
0.78524
1.8793
1.1143
1.5776
0.99541
1.4388
1.766
1.3677
1.374
1.6106
0.65464
0.69823
0.67608
0.71614
0.74302
0.65917
0.69663
0.66527
0.74645
0.73621
0.69823
0.72611
0.70146
0.67143
0.74817
8.9125
1.4689
0.66988
0.67608
0.73451
0.68865
0.69823
0.7379
0.68234
18.197
24.491
23.227
20.749
19.543
5.6624
1.3932
0.66527
1.8967
0.70307
4.0087
5.9566
13.709
4.7534
2.3933
1.0209
2.5645
3.7411
2.0749
1.7418
0.63973
0.66527
0.67298
0.65917
0.67608
0.70469
0.68391
0.66988
0.66988
0.64863
0.65766
0.63096
0.65464
0.65163
0.66834
0.67608
0.65313
0.69183
0.65766
0.69183
0.71121
0.66374
0.64121
0.69343
0.68391
0.90782
0.72778
0.73282
0.85114
0.65917
0.77983
0.73282
0.69183
0.64417
0.65615
0.68707
0.66069
0.66222
0.64417
0.67298
0.66222
0.67764
0.77446
0.70469
0.68077
0.66681
0.67608
0.67608
0.70146
0.67764
0.66374
0.68077
0.69343
0.67143
0.66681
0.70307
0.68865
0.70307
0.65464
0.69663
0.66527
0.65917
0.70469
0.68865
0.64863
0.66374
0.82414
0.68707
0.62517
0.66988
0.79983
0.66988
0.64121
0.7379
0.70307
0.87902
0.88716
0.73451
1.0715
0.80724
0.80353
0.71614
0.73114
0.66527
0.88308
0.73282
0.89331
0.96383
3.6559
0.66374
0.70795
2.1528
1.2677
1.0139
2.9923
2.8445
5.9979
0.7145
0.68865
0.68234
0.73114
1.9953
0.68077
0.88308
1.6943
1.803
16.406
16.711
17.498
18.197
26.242
26.669
21.627
13.305
0.79616
1.8281
2.9174
8.6896
0.66988
0.67764
0.66527
0.64121
1.2794
13.868
18.923
23.768
24.099
21.928
21.478
19.679
0.80538
1.6827
6.6988
2.2491
0.67764
0.6792
9.506
1.7824
1.803
2.138
1.7742
2.7669
34.514
1.2445
1.3552
1.135
2.0654
1.3122
6.8234
0.89331
16.255
21.979
26.062
27.416
23.174
25.645
15.74
2.729
1.5996
1.0023
10.544
1.1749
1.1455
1.6634
1.9187
3.1046
13.459
22.491
22.08
26.792
16.634
17.783
19.498
19.543
22.182
23.067
3.5975
1.6788
0.67143
0.72277
5.0699
7.4302
2.1281
0.98401
0.77446
0.91411
1.135
0.79616
1.374
1.183
4.5499
0.65766
0.69502
0.69984
0.6792
0.71779
0.69343
0.73114
0.71779
0.69343
0.69183
0.70146
1.3646
0.6792
0.7145
0.7379
0.67608
0.78705
0.77268
0.68865
0.75509
0.74473
0.68707
0.65615
0.74473
0.70958
0.69024
0.79068
0.76384
0.77446
0.67764
0.71121
0.69343
0.66681
0.74817
0.69024
0.69984
0.74645
0.72277
0.68707
0.72444
0.70307
0.68391
0.68865
0.68391
0.70632
0.73451
0.74302
0.66222
0.69823
0.77625
0.70632
0.72611
0.70146
0.66374
0.69502
0.69024
0.70146
0.67453
0.68391
0.69343
0.67298
0.69024
0.6792
0.70307
0.70146
0.76384
0.69823
2.3174
1.1995
0.70146
0.75858
0.70632
3.0479
9.0991
1.2706
0.70958
0.67608
0.70795
0.71121
0.65615
0.7145
0.78343
0.68707
0.72277
0.71285
0.71121
0.71614
0.72946
0.74131
0.70307
11.722
18.707
22.131
23.442
21.627
19.055
22.856
0.71121
1.4093
0.77983
10.116
9.7949
0.70632
2.3659
0.68077
14.488
1.4521
1.0447
3.4914
0.67453
0.78343
15.885
20.512
19.011
24.774
23.823
2.4378
0.6792
0.70632
0.70632
0.65313
1.5382
1.1967
1.1614
1.1803
1.1695
5.2481
0.6792
16.032
17.14
21.577
23.823
15.276
24.266
22.856
15.453
14.488
3.9902
7.4302
0.71614
0.67298
0.68234
0.70795
0.70958
0.68549
0.67298
0.68707
0.71121
0.68549
0.76033
0.72444
0.65766
0.70469
2.9717
2.7797
0.6792
0.82985
0.8356
0.77983
0.74645
0.77625
0.93972
2.2699
3.342
0.67298
0.66374
0.69183
0.68865
0.66069
0.65163
0.67453
0.68707
0.70958
0.68077
8.8716
1.6144
0.74302
0.68707
0.71121
0.71614
0.72778
0.71285
0.73961
0.67143
0.71285
0.82794
3.1333
0.65615
0.65313
0.66222
0.7145
0.65313
0.66681
0.68865
0.6792
0.69663
0.68707
0.66834
0.69024
0.8091
0.72611
0.68549
0.71121
0.70146
0.70146
0.70469
0.69024
0.69663
0.73621
0.75162
0.68391
0.70632
0.72946
0.74131
0.69984
0.73621
0.69343
0.68549
0.70469
0.71779
0.68707
0.67298
0.68549
0.74645
0.79616
0.70795
0.69984
0.67608
0.66069
0.6792
0.67298
0.65615
0.64269
0.6792
0.70958
0.69343
0.76033
0.69024
0.72946
0.71614
0.72111
0.69183
0.72277
0.69502
0.68391
0.77804
0.73621
0.74473
0.78705
0.68391
0.69343
0.69502
0.72611
0.75162
0.69183
0.68707
4.0458
17.742
17.458
19.011
1.6788
1.3122
0.65313
0.64714
0.65615
1.3614
1.3709
1.5453
1.099
1.2445
0.85704
3.2734
18.408
16.558
20.845
17.498
24.434
6.792
5.358
8.1283
2.6122
0.70795
0.66988
16.444
17.1
24.66
25.527
22.08
11.35
14.256
3.54
3.4995
9.0573
9.9083
0.73961
0.68549
2.4547
0.68234
0.70958
0.68707
1.135
0.91622
0.68707
0.68077
0.69663
0.67764
0.71779
0.66834
0.70469
0.67764
0.72444
0.67298
0.69343
0.74131
0.71614
0.71285
0.68391
0.67298
0.70146
0.68391
0.68549
0.70632
13.092
18.408
16.866
19.454
22.131
24.044
20.845
25.061
22.284
15.596
15.704
10.641
11.722
5.0816
11.776
1.0889
1.3183
0.83753
0.78163
0.76384
0.71285
0.76384
0.71779
0.7379
0.74131
0.79799
0.90365
1.0839
0.69183
0.91201
0.68707
4.7534
1.3062
4.2855
0.97724
1.1885
1.1194
13.213
19.275
19.275
8.2985
0.66374
4.8084
11.402
10
0.72611
0.7145
0.70795
3.9537
0.71779
0.65013
0.68549
13.996
19.634
22.961
25.41
19.099
0.97724
1.9364
1.3677
0.89125
1.9724
1.3366
0.68707
1.8408
18.408
17.022
18.664
22.909
29.174
23.121
0.79616
0.80168
0.76208
0.74302
0.73621
0.75162
0.6792
0.75162
0.77268
1.803
0.86696
2.0184
0.65766
0.66681
0.71285
0.70795
11.35
16.827
11.246
12.388
10.351
0.68865
2.8708
0.65313
0.70958
0.66222
0.68077
0.6792
0.70632
0.6792
0.66834
0.70469
0.68549
0.72778
0.67608
0.66527
6.9823
1.4158
2.7733
6.9984
5.0003
2.466
1.1722
6.9823
25.235
22.336
19.634
0.70958
11.858
0.70958
0.70469
0.67608
0.67298
0.67453
0.66069
15.668
23.659
18.621
21.232
9.528
0.87902
0.76033
0.76913
0.73114
0.84723
0.96605
0.9247
0.88512
0.79983
0.90782
2.8576
3.9174
0.65917
0.71945
5.8345
1.094
0.68865
0.73282
0.69663
0.71285
0.69343
0.80538
0.73961
0.78524
0.99312
1.1298
0.94624
1.135
1.2589
7.145
18.923
20.701
29.785
27.733
24.604
18.88
0.70307
0.68707
0.68077
0.65313
0.66222
0.69024
1.2106
0.68865
1.1143
8.1283
2.9717
16.218
16.558
0.65917
0.69502
1.1695
0.69502
0.68549
0.68391
6.2373
22.029
20.324
20.277
19.011
1.2589
10.74
18.923
0.7656
1.0544
0.89125
0.79799
0.75162
1.1858
5.0816
9.4406
8.7096
7.9068
1.2417
0.74473
1.0093
1.1376
2.5468
1.0914
2.5882
0.66527
0.71121
0.71285
0.69343
0.72946
1.1169
0.65163
0.68077
0.66988
0.71614
0.67608
0.6792
0.69984
0.68077
0.70958
0.69343
0.71945
0.68234
0.72946
1.0691
0.69183
0.64565
14.928
19.543
17.783
19.543
21.928
24.378
23.496
24.099
25.061
15.417
10.666
18.621
19.011
21.135
29.512
15.996
1.4256
3.069
8.5114
1.9409
10.093
19.861
20.37
0.65766
0.68234
0.74302
0.86298
9.1201
21.677
25.351
19.588
18.155
10.046
0.76913
0.73621
0.64565
0.65615
0.70469
0.7145
0.66374
0.69024
0.68707
0.70795
0.65615
2.1478
1.1015
1.3335
1.4322
3.4119
4.5082
5.1523
0.82604
0.79433
0.74473
0.70795
0.76384
0.67453
0.77268
0.74473
0.77268
0.78524
0.79068
0.79068
0.85114
0.70958
0.73282
0.7145
0.81283
0.69663
0.72444
0.95499
1.1967
0.65163
0.67453
0.68391
0.65163
1.2162
0.71614
2.8379
1.71
1.1143
0.9506
1.3459
7.145
0.91201
0.66681
0.66681
1.0765
0.69183
0.68549
0.66069
0.69024
0.74989
0.76736
0.65464
1.0069
0.65766
0.70632
0.67143
0.67143
9.6605
16.749
20.137
20.23
22.491
15.453
10.471
9.7051
13.521
4.4361
0.64863
0.72946
4.8753
0.72611
0.66834
0.66527
0.64714
0.70146
0.71121
0.69183
4.7973
10.94
0.67298
1.4158
0.99541
5.7148
4.4259
21.086
10.423
1.4191
18.88
14.028
19.77
14.825
19.907
14.894
10.209
9.0782
2.9717
15.668
19.999
16.368
1.5241
1.39
1.7579
1.9861
1.7179
1.4223
1.7865
3.7931
0.7709
0.69663
23.281
17.989
27.797
18.408
1.7989
0.69343
0.67764
0.69343
0.70632
0.75858
0.68707
0.88716
2.3388
2.2233
0.6792
0.76384
11.22
0.8531
15.136
13.152
0.78343
0.66988
0.84723
27.479
18.836
21.33
25.177
18.707
17.338
21.577
0.68865
11.885
9.2683
0.88512
2.4547
12.853
22.751
17.298
2.6669
0.82604
0.79799
1.5812
1.4488
0.74989
1.1561
0.77625
1.4028
9.4406
8.0353
0.66374
0.70146
0.67298
2.8314
25.41
8.1846
21.878
22.751
19.055
17.62
20.23
7.6208
24.21
21.135
17.742
22.336
10.162
0.65464
1.4488
2.4831
2.355
1.1641
1.4191
1.2359
1.1695
1.2388
1.7458
1.6255
1.205
1.5959
3.2137
11.885
0.64417
17.378
18.578
23.55
20.464
20.091
21.33
14.894
16.181
0.8995
6.2087
19.143
18.03
20.559
17.498
12.853
0.83176
13.614
12.106
0.69823
0.67764
0.70307
0.66222
17.179
21.232
24.322
22.594
19.498
20.324
21.33
23.605
2.7227
0.84918
0.7379
0.82414
0.83176
0.72444
0.72946
0.68077
3.4914
0.67143
0.71945
1.9055
9.2897
17.742
13.836
10.162
0.74131
0.71285
0.75336
0.75683
0.78886
0.73451
0.71945
0.74817
0.73451
0.79983
0.7145
0.70795
0.70469
0.77983
0.70958
0.73961
1.0186
6.3973
1.9275
0.97051
0.74645
0.97724
0.93325
0.73282
0.70146
2.958
0.90573
0.69024
4.7424
8.5704
0.70795
0.67298
0.80353
0.65163
0.67298
0.71285
0.74302
0.70632
0.69024
0.69984
0.72277
7.5162
16.482
17.62
20.37
20.184
22.856
15.382
9.7051
0.66222
4.7315
7.1121
19.409
0.76208
0.68549
4.102
17.498
0.68549
0.69183
0.71779
0.66988
6.9343
19.543
20.893
23.227
26.122
19.454
11.508
0.68391
1.1117
0.80724
3.8194
17.701
0.71945
13.772
1.0069
1.135
1.256
1.0046
3.9902
15.776
20.654
17.219
22.909
21.135
15.136
0.76736
0.70958
0.73114
0.87498
0.7379
0.86298
3.3343
3.4834
6.1518
0.69024
0.68077
0.69984
0.67453
0.70795
0.68234
0.71779
11.535
15.996
18.323
17.742
15.382
19.588
22.029
0.87096
4.8084
11.641
4.8529
21.281
16.866
18.45
13.677
10.023
0.74989
3.4119
11.272
0.86099
0.87902
0.89331
1.8535
0.74302
0.72611
0.74645
1.3964
1.8323
0.64714
0.71945
0.65313
0.70469
0.65917
0.67298
0.66988
0.70958
0.69024
0.70958
1.9275
0.69984
0.69663
0.6368
19.364
16.866
19.588
1.8155
20.091
17.989
18.707
24.434
26.607
21.478
13.335
0.74989
0.75858
0.64565
0.70146
0.64417
10.304
3.3497
14.723
20.654
23.823
20.749
27.797
16.596
21.878
4.14
1.8365
4.3752
1.9099
10.52
3.4834
0.69183
10.375
0.73621
0.72611
0.66222
0.67608
0.69024
0.69343
6.5313
10.069
31.915
23.605
24.946
26.424
20.797
23.496
17.061
11.143
1.0641
1.094
0.84723
0.73451
0.7145
1.8072
0.74989
0.80538
7.1285
3.8019
0.66222
0.73114
0.70958
0.70795
1.2388
0.68234
0.76208
0.65917
0.69663
0.70307
0.72277
0.71779
0.74302
0.65917
0.70307
0.72111
0.70307
0.65163
8.8105
12.388
21.577
27.353
18.578
25.351
21.038
16.444
2.0137
0.72611
1.3614
3.9994
13.459
1.3583
1.5996
1.3152
2.4491
2.2336
2.6363
0.82985
23.014
23.121
21.577
17.701
20.941
11.22
1.2078
0.8414
0.69502
0.81658
0.70795
0.72611
0.73961
0.77268
0.75683
0.69663
1
0.74473
0.72946
0.70958
0.80724
0.68549
1.122
0.72444
0.73114
0.71614
0.67298
0.72444
0.68391
0.72611
0.74817
0.70795
0.81283
0.71945
0.75509
0.76736
0.66374
0.75683
0.66069
7.3114
1.5776
0.66681
0.69502
1.2706
0.68865
2.4378
4.7206
1.3428
0.86497
1.099
0.85704
3.8726
19.77
15.031
7.1285
4.6559
15.453
20.417
5.105
10.715
16.069
20.989
24.547
25.468
20.749
20.417
16.255
15.56
1.0423
4.9431
0.70632
10.069
4.1115
12.218
0.68707
6.8077
4.9431
0.66527
0.66527
11.092
3.1915
21.135
20.23
18.535
19.364
6.1376
13.646
18.621
13.709
4.4978
1.5668
2.3442
13.646
8.1658
14.997
18.707
19.055
18.621
10.257
13.274
0.69663
0.69024
1.3646
18.408
25.586
22.909
18.923
20.797
14.191
8.356
0.66527
11.402
21.429
5.0816
3.5892
2.5351
9.9083
16.331
28.907
25.061
18.664
25.003
20.749
0.87297
2.2029
1.0617
0.71945
1.6218
1.1912
1.5205
0.72778
16.368
20.184
10.52
17.378
21.878
18.03
18.535
20.941
18.323
20.045
8.1096
13.996
0.66834
6.6681
17.539
20.845
26.424
20.701
20.606
25.177
18.323
16.596
4.6238
7.656
22.336
22.751
16.711
16.788
14.388
9.3541
2.9174
4.7206
7.5509
4.4978
13.305
8.7498
18.408
23.442
26.73
23.121
26.669
17.418
15.74
17.418
1.4997
11.858
2.2131
1.2274
19.588
22.856
16.069
11.695
16.866
23.174
22.594
26.062
26.242
29.376
27.164
32.434
26.242
27.29
23.067
0.70795
21.038
26.977
20.654
21.827
12.942
0.9528
21.232
25.527
21.827
21.038
17.539
23.605
20.701
17.824
6.166
22.856
14.158
1.2794
20.184
19.861
15.885
15.959
11.722
9.8175
6.4714
8.77
15.849
21.827
1.4962
19.187
29.174
19.454
13.002
3.5975
0.6368
10.328
22.542
22.961
23.768
21.878
18.197
17.418
21.727
9.3541
4.1305
2.2699
8.3368
19.275
14.825
16.482
14.962
4.9659
23.014
18.967
19.861
22.284
25.41
21.677
16.634
20.989
21.281
14.521
0.74302
1.8072
2.4378
24.66
6.4565
6.9823
1.4622
0.77804
0.68234
1.2134
2.3388
1.9409
1.0765
5.8345
11.376
12.162
21.979
23.714
17.539
21.232
18.281
10.691
0.67608
14.928
21.627
15.346
22.029
1.0544
19.543
27.29
15.996
26.363
27.227
22.909
13.032
26.182
25.527
22.961
22.856
19.679
22.751
18.155
8.2414
20.045
20.797
7.2946
5.1404
1.0023
13.9
23.933
25.061
23.014
23.442
21.184
10.94
22.029
19.32
1.9231
0.66222
0.91833
25.823
23.55
26.607
33.806
28.907
20.277
19.275
6.1235
22.387
25.527
21.727
20.559
12.246
25.763
20.324
12.735
22.131
1.1482
1.0139
4.8195
25.527
31.189
18.281
15.885
1.8113
7.5858
17.418
30.2
27.102
22.961
24.322
21.281
20.845
21.281
0.66681
0.80724
0.76913
2.3067
5.42
8.5704
18.072
15.56
23.823
24.717
27.479
22.491
19.231
17.579
1.4093
12.794
22.08
26.485
19.634
5.2119
26.73
23.55
29.444
30.69
30.269
26.546
26.607
27.102
32.063
29.648
26.303
26.303
32.211
26.303
26.242
29.785
33.037
8.4918
0.69823
0.93756
25.586
32.211
23.174
29.512
25.823
6.9183
30.549
24.66
28.708
29.854
25.882
26.915
25.003
24.889
26.669
32.137
31.405
30.269
26.977
33.189
4.5709
5.445
15.136
22.751
23.823
