4.5709
9.7499
11.641
7.9433
6.792
4.6026
9.3541
12.764
10.351
6.3533
7.6033
11.995
13.274
7.8886
6.6222
4.4566
4.0272
1.7378
9.8175
1.2882
15.346
1.1535
1.2274
1.1117
12.882
1.0568
5.0003
7.1121
6.223
9.4406
11.94
11.885
8.4918
1.3032
4.0738
2.1777
1.7298
3.0269
3.6224
1.0814
1.1641
1.3521
14.191
4.2855
4.3351
1.0666
1.0789
1.6293
9.6383
2.1577
1.1272
1.1041
7.5509
8.091
4.3251
6.6988
1.1194
5.188
8.2604
9.2897
6.0256
3.8371
8.5901
3.5156
1.1885
1.0495
3.0832
2.0512
2.5177
1.4894
1.0814
4.7098
10.593
1.4191
10.593
2.3442
7.1285
11.376
8.6497
11.246
10
8.892
6.5013
1.1668
2.904
4.9659
8.7096
10.023
8.1283
9.528
8.5704
2.904
8.5704
9.2045
1.183
6.0117
6.5917
1.0209
1.7219
2.466
6.1802
4.8195
7.7983
2.9717
9.3541
9.1411
8.4528
8.3753
6.6988
7.5858
7.2778
2.9992
5.5719
8.5704
8.5114
7.8886
10.28
7.2277
5.8614
1.1803
1.39
1.3092
2.2387
6.5615
1.5631
2.3442
2.7542
14.488
0.89125
1.0209
0.8995
5.358
3.6898
6.0674
7.5858
8.4723
1.1858
1.2162
1.1324
2.9717
1.4488
4.7098
10.471
6.6374
1.1803
7.3621
11.194
1.0914
2.0941
10.914
8.4918
3.7757
2.1038
4.1115
4.5394
6.9343
7.6736
7.5683
7.7983
6.5766
1.2647
1.1912
1.4454
10.914
1.6558
1.1194
1.0789
1.052
3.4198
2.1878
1.2388
1.2735
5.1051
3.9628
3.8194
6.166
9.8628
9.0157
10.889
8.3176
7.656
6.9502
5.3456
4.7643
4.3652
6.6527
7.5858
6.4863
9.9083
2.2182
1.4689
5.4325
0.91411
0.97724
1.4028
3.3806
0.98855
0.79983
6.9663
7.8705
7.6208
7.1945
10.568
12.56
5.8345
3.8107
1.4289
6.0256
1.1015
1.0447
1.2331
1.1803
4.8306
0.82035
0.89125
5.5719
1.4093
5.781
1.3459
0.93972
0.88308
2.0701
1.7579
0.83176
1.3213
1.0789
2.2182
10.789
2.9376
1.1508
1.6444
5.0003
5.8614
8.2224
5.8749
7.1945
1.3002
3.3963
3.5237
2.2594
0.85114
4.3954
1.0046
1.0093
1.0691
1.2706
9.3325
10.186
7.5509
5.8345
0.89536
3.8194
1.4689
1.0447
0.9977
0.88716
8.5114
1.1722
1.256
1.3836
2.2233
1.6106
1.0328
0.91411
0.97275
0.90573
1.3397
1.0568
1.4191
8.1283
11.272
8.1283
8.091
1.6482
6.5766
8.5704
4.1783
1.183
2.9923
2.3014
4.2267
7.5858
7.2444
6.7453
6.3096
2.1827
2.9785
2.5468
3.5237
1.0814
1.2274
1.652
1.1015
3.2359
6.4863
7.8343
9.2045
8.6696
8.7096
7.2277
1.0046
1.3428
0.88105
2.7925
5.3827
5.2119
9.5499
1.7539
1.2764
0.87498
0.77625
0.83946
3.5892
0.88716
1.3305
3.6475
0.80353
0.78163
0.78524
0.7925
0.83946
0.93111
1.0666
2.9717
0.8147
0.76736
1.3092
1.4158
6.4565
5.9841
4.6881
4.592
8.0168
0.79799
0.79068
0.73114
0.79433
0.73114
0.7925
0.72611
0.81096
0.72277
0.82224
0.77268
0.91411
0.80538
1.5631
2.3067
0.97051
1.4521
1.0046
0.80724
0.91411
3.5318
1.3152
0.877
5.7943
8.531
0.8892
0.88716
1.0568
5.4576
7.4817
1.7865
1.4825
0.82604
2.5351
2.2029
0.79983
4.14
5.3333
1.4289
1.0544
1.0889
0.93325
1.0257
3.0832
8.6099
10.093
1.888
0.72778
0.89743
1.4757
1.7947
3.2137
4.3752
1.0568
0.91622
3.9811
0.91201
0.90157
4.8306
7.8705
0.97275
0.77268
0.77446
0.7709
1.3459
3.5563
6.0534
1.3868
0.94406
0.94189
5.4954
1.9011
2.1232
1.0023
1.094
1.0328
5.1761
7.1614
0.76208
0.84918
0.8147
2.2856
3.9537
1.4655
3.3497
1.5205
5.5081
9.6161
10.023
5.902
0.79799
4.9888
5.0816
1.3772
7.9799
6.1376
3.1989
1.194
4.2462
5.6364
0.98401
3.1405
4.6559
1.3583
1.2331
0.93972
0.96161
7.0795
5.8614
0.75683
0.73621
0.78705
0.76033
0.84918
0.72946
0.79616
0.87297
1.099
0.90782
0.79068
1.0046
1.9999
1.5276
1.3122
5.2481
0.82035
0.78886
2.8642
1.3062
0.92257
0.98628
1.0715
0.82985
0.85704
0.81283
0.8531
0.74989
0.81658
0.94189
0.93756
1.0568
2.3988
0.84723
0.83368
0.69183
1.2972
1.4791
0.80353
0.76913
0.7709
0.78163
1.0789
0.99083
0.79068
0.79433
0.78886
0.90782
0.93541
0.87498
2.3335
3.3266
0.76384
1.0544
1.0233
1.0209
1.099
0.97051
0.99312
1.4825
1.4322
1.9143
0.86497
0.82224
0.69823
1.1376
0.877
1.183
0.71945
0.75683
1.5417
1.0375
1.556
1.4093
0.84528
0.73114
0.68234
0.91201
0.82985
1.0023
1.0765
1.1298
1.1429
1.1776
0.7145
1.0186
0.75336
0.89743
0.79983
1.2417
0.7925
1.6558
4.0644
0.92045
0.90782
0.8091
1.0423
1.0544
1.094
0.96828
1.2078
0.73114
0.76913
2.0045
0.97949
0.7379
0.74989
2.0464
0.8531
1.7989
1.1803
0.83946
0.82985
0.9247
0.80724
0.75683
0.85507
1.0715
1.7579
0.79616
2.7227
1
4.6132
6.5766
7.6913
7.6033
7.8705
7.9068
4.8529
4.5604
0.94189
6.0395
1.7539
1.3213
2.4322
2.6607
3.9719
2.5003
1.0447
0.96828
9.2257
6.6988
4.4259
8.6696
11.117
7.6033
5.1642
7.5509
2.6607
2.3878
1.0889
1.1402
0.82985
4.14
0.82794
4.2658
0.89331
0.79616
0.91201
0.87096
0.83368
5.6754
5.0466
4.5186
1.4158
5.6494
5.9841
6.5013
9.3756
8.4723
6.6069
7.7804
4.8195
8.0168
6.7453
6.0256
8.2414
7.9433
7.5683
7.3621
3.5563
4.2364
1.2764
0.71121
0.78163
1.1194
0.9247
1.5704
1.3305
0.86298
1.556
0.88512
0.9528
1.094
2.5235
0.90157
3.0269
11.194
0.83946
0.98855
1
0.99083
1
1.074
1.0814
3.7757
6.9183
9.3541
3.9264
6.368
14.928
9.0365
9.0991
8.6696
0.91622
0.85507
0.82414
4.2855
4.3251
3.8548
1.1535
11.967
3.8194
10.375
8.091
10.328
9.1411
8.1096
8.2414
0.86298
2.8642
7.1614
1.0864
1.8535
6.368
5.0119
7.0146
4.4361
5.4702
1.4093
0.76384
1.8493
0.81096
0.86896
0.77268
0.78524
0.75162
1.1066
0.70469
0.74131
9.7275
10.139
10.965
8.4333
5.1286
0.88105
5.358
4.7753
0.78705
1.0328
0.7925
1.9498
2.1429
2.4774
3.6559
1.1588
3.5481
0.86298
2.2284
3.5727
0.96161
0.98401
1.1066
1.0399
1.028
1.074
0.83368
0.75509
2.9717
13.152
9.9312
8.6099
1.5417
7.379
7.925
9.2045
4.4259
5.559
0.78886
8.8716
9.9541
10.641
4.14
2.4946
1.3397
5.2966
11.83
9.6828
6.6527
8.7096
0.79433
0.84918
1.5922
5.188
4.9431
1.5812
1.3772
1.3397
1.2218
1.183
0.7379
0.80724
0.93972
0.74131
2.4831
4.1783
5.4954
1.0209
0.87297
0.95719
0.83368
0.86896
0.89743
0.86497
1.0069
0.90365
0.94189
0.89125
0.72444
1.0789
0.76384
0.72611
0.71779
0.76033
0.7656
0.79616
0.68865
0.76736
0.77625
1.2078
0.94189
0.8995
1.0209
1.0023
1.1429
0.90157
0.69183
0.76384
1.0715
0.93325
0.78163
1.3583
1.0233
0.72277
0.73621
0.73114
0.78705
0.75162
0.73114
0.80538
0.73961
0.70146
0.71779
0.70469
0.75162
1.1803
0.72611
0.75336
0.71121
0.72611
0.72611
0.71779
0.69024
0.73961
0.72611
0.82604
0.69823
0.7145
1.0914
0.81096
0.70307
0.86099
0.84333
0.75858
0.82224
0.78705
0.71121
0.72444
0.82035
0.74473
0.76913
0.76208
0.71945
0.74989
0.74645
0.71285
0.91622
1.0965
0.83176
0.90573
0.86298
0.88308
0.75858
0.8892
0.74302
0.90157
0.81096
1.7701
0.74302
0.70632
0.7656
0.70958
0.69663
0.69183
0.73451
0.71121
0.70469
0.96161
0.69024
0.76736
0.71285
0.71779
0.88308
1.0471
0.80353
0.72778
0.70632
0.7925
0.71285
0.73961
0.67143
0.79616
1.9231
0.79068
0.83946
1.183
0.79799
1.1143
0.78886
0.81658
0.98175
0.8414
1.374
0.9594
0.71614
0.9977
0.76913
0.97275
0.93972
1.5704
0.67764
0.70795
0.68234
0.73621
0.73621
0.75336
0.70958
1.1668
0.72111
0.82224
1.2764
0.95499
0.80538
0.71614
1.0399
0.77983
0.7656
0.77268
0.78524
0.7925
0.76913
0.72277
1.2531
0.77446
1.0304
0.7925
0.65013
0.69823
0.6792
0.69343
0.69502
0.69343
0.70632
0.71779
0.69984
0.73282
0.71945
1.5066
0.93756
1.7061
1.0399
0.96828
0.76384
0.70958
0.74302
0.73114
0.72778
0.71285
0.71945
0.69183
0.69024
0.74131
0.70958
1.8621
0.73451
0.86896
0.91201
0.85507
0.79983
1.1272
0.93541
1.3428
0.9528
1.1482
0.72444
0.69823
0.70469
0.72444
0.70469
0.75858
0.94624
0.73621
0.69343
0.72111
0.70795
0.66681
0.69024
0.70958
0.68865
0.70958
0.70632
0.66527
0.89331
1.4488
1.0447
0.75509
0.9977
0.74302
0.80724
0.81658
0.86696
0.73621
0.74989
0.69343
1.2417
0.72111
1.0328
1.0046
0.71121
0.7709
0.91201
0.71945
0.83946
1.6069
0.70469
0.84723
0.74817
0.82035
0.72946
0.91201
1.0351
1.6144
0.80353
1.3152
1.4894
0.80168
0.79799
0.82604
0.88512
0.70958
0.71945
0.70958
1.4521
1.2246
0.68707
0.70146
0.74473
0.69984
0.72946
0.74817
0.74131
0.69024
0.71945
0.70958
0.65917
0.72946
0.69343
0.71779
0.79799
0.67298
0.74473
0.74989
0.70469
1.2823
0.77625
0.7709
0.73451
0.6792
0.69183
0.72111
0.8414
0.79616
0.84333
0.85507
0.86896
0.82414
0.77446
0.78705
1.1143
0.82794
0.86298
0.78886
1.1614
0.87297
0.76384
0.73961
0.72611
0.72946
0.97051
0.97724
6.2806
0.78524
0.79433
0.79433
0.75858
0.8147
0.78705
0.75162
0.82794
0.8531
0.80538
0.80168
0.80538
1.0351
0.69502
0.71945
0.70958
0.82224
0.70958
0.76384
0.71614
1.7179
1.2794
1.8923
1.4454
0.78705
0.84333
0.8995
0.79983
0.90573
0.78163
0.80724
0.80538
0.84333
0.86497
0.76033
0.78705
0.8091
0.82224
0.87297
0.78705
0.76384
0.8091
0.80168
0.75683
0.78705
0.77446
0.84528
0.78343
0.7925
0.99083
0.97499
1.0069
1.0162
1.0568
1.0423
1.1066
2.5882
0.82985
0.86896
0.92683
0.87297
0.8892
0.84918
0.83946
0.86896
0.82985
0.94842
0.84528
0.88105
0.85114
0.8531
0.7145
0.79799
0.71779
0.68707
0.73114
0.68077
1.1117
1.0351
0.80353
0.72611
0.76033
0.73961
0.90991
0.79616
1.4859
1.0186
0.94842
1.9953
0.75509
0.84333
0.84723
1.0617
0.83753
0.8414
2.5293
0.82224
0.81283
0.82794
0.8531
0.89743
1.3868
1.7418
2.6607
8.7096
8.1846
10.495
8.7096
7.1779
6.6681
1.9055
2.4831
4.7534
0.80168
0.79616
0.8147
0.76913
1.4488
2.6062
0.95719
1.3002
0.97499
0.94842
0.86696
0.91201
0.82414
1.5241
0.99312
0.88512
0.90365
0.79799
0.77804
1.6711
2.6669
0.82985
1.0139
3.2063
7.145
8.9743
8.5901
6.6834
1.1298
1.7989
4.0738
8.9536
2.8119
1.5311
0.71945
0.68391
0.70469
5.1051
1.2618
0.90365
1.2078
0.90991
0.90365
3.2734
2.7542
6.7453
7.6384
6.8077
7.1779
6.9663
7.145
5.5463
8.1283
6.3533
7.2611
1.8493
0.78343
1.0423
1.2331
2.2491
0.93541
1.0093
1.3366
2.1038
0.84918
1.0093
0.88512
0.8995
0.97499
1.0257
0.85901
1.0447
0.72778
0.68391
0.85704
0.72611
0.90157
0.78343
0.71945
0.78886
0.82414
1.0351
0.76033
0.77625
0.71285
0.70146
0.73282
0.71945
0.70146
0.79068
0.70146
0.72778
0.69663
0.68391
0.68391
0.72946
0.6792
0.70469
0.69183
1.2388
0.75683
0.75683
0.78163
1.1169
0.84528
0.92045
0.82794
0.90365
0.71285
0.69024
0.72111
0.69183
0.71121
0.69343
0.69183
0.74302
0.69663
0.77446
0.67298
0.67453
0.65766
0.67453
0.85507
0.80538
0.77446
0.79616
0.8147
0.84918
0.78886
0.73961
0.66834
0.69984
0.75858
0.72111
0.69183
0.72946
0.81658
0.85507
0.80724
0.8531
1.0839
0.90157
0.88512
1.0691
1.0046
1.0447
1.1614
0.82035
0.89536
0.8892
0.91411
0.73114
0.72111
0.68391
0.70632
0.67764
0.98175
0.98175
0.67764
0.71779
0.7145
0.67608
0.70307
1.1143
0.88512
0.79799
0.7379
0.85901
0.85704
0.76033
0.88716
0.71945
0.69984
0.67453
0.72444
0.73621
0.68707
0.71945
0.7145
1.2474
0.68234
0.72111
0.69823
1.3709
0.98855
0.7709
0.75858
0.7656
0.82224
0.83753
0.88716
0.84528
0.83753
0.74302
0.69343
0.70795
0.71779
0.69502
0.75683
0.68549
0.70307
1
0.95719
1.4158
0.80353
0.78886
0.78705
0.79616
0.80168
0.73621
0.69502
0.7379
0.71945
0.67608
0.72277
0.70795
0.68865
0.68077
0.99312
0.76208
0.74817
0.78705
0.78524
0.81846
0.94624
1.3646
0.79433
0.79983
0.79983
0.80353
0.84333
1.5885
1.3709
0.82035
1.7458
0.81096
0.8356
0.81283
0.93541
0.87297
0.76033
0.86298
0.8414
0.7925
0.89743
0.80538
0.94406
0.82224
0.84333
0.88512
0.75336
0.71121
2.2233
0.69502
0.70307
2.2182
1.6069
1.3274
0.71285
1.2331
0.877
0.81283
0.8356
0.84918
0.8147
0.79799
0.72611
0.74473
0.79799
0.79983
0.85901
0.9506
0.82985
0.82414
0.87498
0.83368
0.82224
0.84333
0.82224
1.052
0.83946
0.80168
0.83946
0.7925
0.82794
0.84528
0.78886
0.95499
0.84528
0.79983
0.92683
0.94406
0.90573
0.81658
0.92683
0.8892
0.77446
0.87297
0.88512
0.99541
0.92683
0.86099
1.349
0.877
0.74131
0.72611
0.71285
0.76384
6.3533
6.6834
7.7268
8.6696
1.4421
7.9433
6.8707
7.9068
7.2778
7.6913
0.92045
0.81283
1.0965
6.4565
8.9331
3.7584
5.3827
0.79983
0.74473
6.1376
0.9528
1.0666
1.1092
1.1668
0.92257
1.205
0.76736
0.76736
0.71945
0.73621
0.70795
0.68077
1.1194
1.7022
1.374
0.88716
1.1272
1.205
1.0304
1.1455
0.77268
0.78524
0.97051
0.80168
0.72111
0.81846
0.76208
0.97275
0.76033
0.70632
0.75683
0.96828
0.89536
0.72778
0.71121
0.78163
0.73961
0.7145
0.72611
0.70307
0.69663
0.72444
1.5704
0.91201
0.97051
0.72611
0.69663
0.70958
0.71614
0.69663
0.68077
0.79068
0.73282
1.0471
0.88105
1.0116
1.0471
0.88308
0.70632
0.71614
0.7925
0.97275
0.84723
0.8531
1.0715
0.89125
0.90573
1.074
1.0814
0.84528
0.99541
0.8147
0.7656
0.84723
0.80168
0.79983
0.7925
1.0447
1.1066
1.1749
0.88512
0.78163
0.81846
0.68865
0.69984
0.71779
0.71121
0.71285
0.70469
0.67764
0.72444
0.71121
0.79068
0.70632
0.7656
0.74817
0.70632
0.81658
0.7145
0.74473
1.0814
1.0351
1.2589
0.91201
1.2078
0.82035
0.7379
0.71285
0.71285
0.72946
0.71779
0.73621
0.93972
0.75162
0.7145
0.82604
0.7709
0.82604
0.70307
0.7656
0.69343
0.70795
0.78886
0.76736
0.77446
0.80168
0.79433
0.8147
1.0423
0.9977
0.78705
0.73451
1.3274
1.1995
0.74473
0.7145
0.79799
0.72946
0.79433
0.70795
0.77446
0.73282
0.75162
0.72444
0.69984
0.76208
0.72778
0.72778
0.77983
0.72111
0.71779
0.74473
0.70469
0.87096
0.77625
0.7379
0.74302
0.76033
0.72111
0.76033
1.1041
0.79983
0.88308
1.0162
0.86099
0.70632
0.72611
0.76736
0.74817
0.77625
0.74131
0.72778
0.72111
0.72946
0.70958
0.72778
0.74131
0.72444
0.74473
0.74473
0.72111
0.7379
0.79983
0.73451
0.72444
0.69984
0.78163
0.68865
0.74989
0.73114
0.76913
0.76736
0.87096
0.82035
0.72778
0.82604
0.94406
0.81658
1.0814
2.1627
0.76033
0.75162
0.72444
0.74645
0.7925
0.74302
0.79983
2.0559
0.73282
0.70146
0.93756
0.77268
0.70958
0.77804
0.79068
0.82414
0.78163
0.76033
0.73114
0.75509
0.75683
0.72444
0.72778
0.75509
0.71945
0.78163
0.71285
0.71121
0.67453
0.67608
0.71945
0.72778
0.69343
0.68549
0.70307
0.75336
0.72277
0.71945
0.74989
0.71779
0.74302
0.82604
0.71945
0.70632
0.75162
0.8091
0.70146
0.67608
0.74131
1.1324
0.71614
0.70632
0.75336
0.68707
0.86298
0.74131
0.70795
0.72946
0.72277
0.67764
0.73621
0.7379
0.68234
0.70795
0.79433
0.72277
0.7145
0.73114
0.70632
0.70632
0.72946
0.74473
0.70307
0.76208
0.72611
0.75162
0.73451
0.72946
0.74473
0.77446
0.77625
0.72277
0.74131
0.79616
0.74817
0.72277
0.71945
0.70795
0.74131
0.67764
0.69823
0.68549
0.75683
0.73114
0.73451
0.75336
0.72277
0.69183
0.72444
0.75336
0.7656
0.70958
0.8091
0.72778
0.69024
0.72611
0.7379
0.78524
0.74989
0.70795
0.73282
0.73282
0.75509
0.68865
0.74645
0.75858
0.70146
0.70632
0.71285
0.71121
0.68707
0.75509
0.69183
0.71945
0.74817
0.98628
0.95499
0.9506
0.84333
0.87297
1.2794
0.71614
0.74817
0.86896
0.73961
0.74473
0.81283
0.69343
0.81658
0.77446
0.85507
0.98628
0.71945
0.76913
1.2647
0.8531
0.73451
0.81658
1.0304
0.96161
0.93325
1.3122
0.71945
0.73451
0.81658
0.98175
0.81283
0.7145
0.72611
0.74302
0.7145
0.72778
0.69024
0.73282
0.75858
0.78705
0.67764
0.71945
0.69502
0.74131
0.9506
0.69343
0.77804
0.74645
0.69823
0.70795
0.73961
0.91833
0.71614
0.72946
0.70146
0.73961
0.75858
0.81096
0.71779
0.70146
0.71945
0.72277
0.69502
0.72444
1.1535
0.76913
0.78163
1.0447
0.72277
0.75683
0.72611
0.98175
0.75683
0.69984
0.66988
0.72946
0.68549
0.72611
0.69024
0.69663
0.73961
0.71945
1.0544
0.80724
0.90157
0.82414
0.90365
1.7061
1.2274
1.1246
0.84333
1.0423
1.1041
1.4894
1.4588
1.2474
0.84918
1.4859
0.72277
0.74473
0.69663
1.0666
0.75858
0.71614
0.74989
0.75509
0.78705
0.72778
0.75683
0.7656
0.72611
0.74989
0.74473
0.74302
0.74131
0.77268
0.74817
0.75858
0.82985
0.73282
0.75162
0.70307
0.74989
0.69663
0.69024
0.71945
0.72277
0.72946
0.73114
0.76033
0.71779
0.71945
0.73451
0.75336
0.75683
0.75509
0.75683
0.74131
0.74817
0.98401
0.80538
0.7656
0.70469
0.68707
0.69663
0.69183
0.7145
0.75162
0.74989
0.69183
0.71285
0.70146
0.73114
0.68865
0.72111
0.72611
0.72611
0.71945
0.72111
0.70958
0.69183
0.71121
0.73451
0.70307
0.90991
0.72778
0.78524
0.84333
0.98628
0.85507
0.75336
0.97499
1.135
0.82035
1.1912
0.77268
2.4717
1.3183
0.79068
0.70146
0.74817
0.69984
0.74302
0.72611
0.76208
0.71779
0.70307
0.72444
0.71285
0.7145
0.74473
0.72277
0.71945
0.72444
0.7379
0.74473
0.71285
0.7379
0.73451
0.71779
0.71285
0.73451
0.68549
0.73114
0.71285
0.69984
0.74302
0.75509
1.6368
1.5136
0.70795
0.69823
0.6792
0.70307
0.70958
0.69024
0.73282
0.67298
0.68707
0.69343
0.69984
0.72778
0.68865
0.74473
0.69663
0.73451
0.70469
0.77446
0.78886
0.87297
0.79433
0.9594
1.0304
1.3213
1.2764
0.69984
0.71285
0.81846
0.75683
0.72444
0.79616
0.70469
0.76384
0.70958
0.71614
0.70958
0.69984
0.69823
0.69024
0.76384
0.6792
0.75336
0.69663
0.74989
0.70795
0.69663
0.73114
0.70146
0.67298
0.70795
0.86298
0.68549
0.72111
0.76208
0.74989
0.68234
0.66834
0.69663
0.69502
0.68865
0.70632
0.74817
0.71614
0.69343
0.69984
0.68707
0.7379
0.7145
0.70469
0.71285
0.72946
0.66988
0.75336
0.70307
0.72111
0.7145
0.79068
0.70146
0.69663
0.68234
0.69343
0.70307
0.72111
0.71614
0.70795
0.70307
0.7145
0.71614
0.74817
0.73282
0.68549
0.74645
0.74131
0.73451
0.74473
0.66834
0.73621
0.69024
0.67608
0.71285
0.69183
0.72444
0.72611
0.74645
0.74645
0.70307
0.68865
0.77804
0.77625
0.68865
0.73451
0.72946
0.73621
0.70795
0.73451
0.71614
0.74817
0.71614
0.70146
0.72277
0.77268
0.70146
0.75162
0.79799
0.75509
0.73114
0.7379
0.71121
0.69502
0.75683
0.70307
0.70146
0.70958
0.72611
0.7145
0.70632
0.72444
0.72778
0.94842
0.79983
0.77983
0.76208
0.85901
1.6866
0.81658
1
1.7579
1.0233
0.78705
1.0495
1.8793
0.7925
0.66527
0.72111
0.72946
0.72778
0.74645
1.0617
0.80724
0.69984
0.70146
0.69183
0.68707
0.77625
0.75336
0.70632
0.70795
0.70146
0.66527
0.77446
0.74473
0.67298
0.69502
0.69823
0.70307
0.70307
0.69663
0.70469
0.69823
0.68865
0.72111
0.7145
0.68707
0.76208
0.71121
0.70146
0.73451
0.7709
0.72611
0.70958
0.67298
0.70146
0.67764
0.73282
0.72277
0.75162
0.68707
0.73114
0.73114
0.70795
0.72611
0.76033
0.75162
0.79068
0.77268
0.7925
0.77625
0.79068
0.82414
1.1066
0.70795
0.7709
1.4555
1.4355
0.82414
0.7656
0.7145
0.77625
1.0691
0.70307
0.78705
0.74817
0.75162
1.219
0.7145
0.74302
0.79433
0.99541
0.68077
0.67143
0.66834
0.73621
0.80168
0.72277
0.82794
0.72611
0.76736
0.72277
0.76913
0.70795
0.72778
0.74131
0.68707
0.75509
0.71614
0.71121
0.69502
0.69024
0.69183
0.72778
1.0495
1.0399
0.93111
0.82604
1.1535
0.8892
1.0641
1.1588
1.1015
1.1641
0.71945
0.69183
0.70307
0.69823
0.70958
0.76033
0.71285
0.74817
0.75683
0.71285
0.72111
0.74302
0.68865
0.69024
0.7379
0.72111
0.79983
0.72111
0.70958
0.72778
0.72111
0.72277
0.82035
0.71779
0.74989
0.73961
0.72111
0.72778
0.67453
0.6792
0.70469
0.7145
0.88105
0.73114
0.74473
0.69823
0.68865
0.76913
0.82224
0.69823
0.69984
0.75509
0.71121
0.7145
0.79799
0.69183
0.73282
0.71285
0.72778
0.72946
0.70469
0.75509
0.68077
0.71121
0.78524
0.70146
0.73282
0.69502
0.65615
0.6792
0.6792
0.72111
0.7656
0.6792
0.67608
0.68865
0.69343
0.72778
0.71285
0.71121
0.7379
0.68234
0.70146
0.67764
0.68077
0.71779
0.71614
0.67143
0.75509
0.66834
0.71779
0.74645
0.72444
0.69024
0.69343
0.72946
0.71614
0.72778
0.70958
0.74302
0.72778
0.75683
0.69183
0.70632
0.72111
0.70795
0.68234
0.66222
0.71945
0.85114
0.7379
0.74131
0.70632
0.75336
0.70795
0.71945
0.94842
0.89743
1.3092
0.98628
1.2274
0.71614
0.70469
0.69343
0.69823
0.67453
0.73282
0.71614
0.73114
0.72778
0.70307
0.72946
0.71614
0.83368
0.70146
0.90991
0.91411
0.72946
0.69823
0.71945
0.89743
0.73282
0.71614
0.7379
0.68391
0.69502
0.7379
0.71121
0.75509
0.73282
0.71285
0.71945
0.71945
0.72611
0.71779
0.72946
0.68865
0.72611
0.70795
0.76033
0.73961
0.70469
0.75336
0.73621
0.71121
0.76913
0.69984
0.70632
0.71945
0.71779
0.86298
0.71779
0.75336
0.75509
0.77625
0.76384
0.69343
0.70146
0.71285
0.69183
0.70307
0.74817
0.71945
0.75509
0.70146
0.69183
0.72444
0.70795
0.76208
0.70469
0.72778
0.76384
0.74131
0.74645
0.74131
0.70632
0.72611
0.72611
0.7709
0.68707
0.68234
0.74473
0.7379
0.82985
0.76033
0.7709
0.77268
0.76208
1.1695
1.0069
0.98401
0.77268
1.9454
1.766
1.1695
0.89743
0.86497
0.96605
1.2417
1.1402
0.87096
0.75683
0.9977
1.0593
1.0471
1.135
1.0864
1.1246
1.0641
1.574
1.2706
2.0701
0.94842
0.90157
1.0399
1.2331
1.6711
1.6106
0.74131
0.72111
0.70632
0.69183
0.84723
0.89536
0.74817
0.93111
0.76384
0.75683
0.77804
0.83368
0.88308
4.0458
6.1094
1.6444
0.67453
0.70307
1.3062
1.2134
1.3614
1.3868
1.0069
0.82604
0.73114
0.80168
0.877
0.74473
0.7145
0.71614
0.78886
0.79799
0.75162
1.2331
0.74817
0.74473
1.3397
0.83176
0.74302
0.8091
0.877
0.70958
0.81658
0.86099
1.2359
0.73621
0.75336
0.71121
0.72611
0.83368
0.70958
0.71779
0.70469
0.73282
0.70795
0.68707
0.74645
0.78163
0.69343
0.69183
0.71614
0.69343
0.71285
0.68549
1.4555
0.74817
0.69024
0.71614
0.78705
0.74131
0.70795
0.71121
0.75683
0.76033
0.72946
0.72778
0.73282
0.72111
0.7145
0.79068
0.72111
0.68865
0.71614
0.73621
0.74473
0.68391
0.72778
0.82035
0.72778
0.78343
0.83946
0.77804
0.76913
1.1015
0.90157
0.72611
0.68549
0.77268
0.71945
0.76736
0.70632
0.70307
0.69502
0.73451
0.72611
0.68707
0.72277
0.70795
0.72111
0.72277
0.71945
0.75162
0.69183
0.68391
0.74473
0.68077
0.69024
0.72778
0.70469
0.72778
0.70146
0.72111
0.68549
0.7145
0.70795
0.72277
0.70632
0.69343
0.69024
0.71614
0.76913
0.72611
0.69663
0.78886
0.70795
0.76208
0.68549
0.73451
0.72277
0.70958
0.69024
0.72444
0.76208
0.79433
0.74473
0.69183
0.75336
0.74131
0.73621
0.7145
0.68549
0.72444
0.70632
0.74473
0.70795
0.74302
0.70632
0.79616
0.79616
0.79983
0.85507
0.83176
0.88308
0.78705
0.82414
0.8091
0.8995
1.3062
1.1776
0.82794
1.0328
1.2677
0.72277
0.71285
0.71945
0.69343
0.71285
0.72111
0.72444
0.71945
0.71614
0.69502
0.78343
0.72444
0.70632
0.68549
0.76913
0.72611
0.77983
0.75509
0.7379
0.72611
0.71779
0.7656
0.69984
0.83368
0.72611
0.71121
0.72111
0.69823
0.72277
0.70146
0.70958
1.0641
0.84723
0.80538
0.95499
0.86696
1.3335
0.98175
0.79983
0.74302
0.76736
0.87096
1.0814
1.0568
1.1194
1.0814
1.1695
0.94842
1.3868
1.1967
1.219
1.1858
1.0351
1.1561
0.71121
0.77983
0.69984
0.98628
1.7539
0.74989
0.72111
0.74302
0.72946
0.74645
0.67298
0.69663
0.71121
0.69343
0.70307
0.68865
0.73114
0.69823
0.70307
0.69502
0.78886
0.76208
0.73621
0.78705
0.74302
0.72111
0.75683
0.69183
0.73961
0.68549
0.67453
0.69502
0.73451
0.71285
0.75858
0.70469
0.70795
0.72444
0.74473
0.74645
0.71614
0.74989
0.71779
0.68865
0.74989
0.73114
0.71614
0.7709
0.73961
0.79799
0.71945
0.73451
0.69984
0.72444
0.73282
0.7145
0.69343
0.72111
0.74473
0.69183
0.71779
0.7145
0.71285
0.68549
0.71614
0.70307
0.72946
0.73451
0.68865
0.70307
0.71614
0.70307
0.70307
0.70469
0.72111
0.73621
0.71121
0.72111
0.75509
0.74989
0.69502
0.69502
0.75336
0.70469
0.69823
0.72111
0.69024
0.72778
0.79799
0.78524
0.93325
0.70958
0.72444
0.68077
1.8578
0.69663
0.7145
0.69024
0.70469
0.74131
0.6792
0.70469
0.72277
0.72277
0.72611
0.72611
0.71285
0.67453
0.72111
0.72277
0.7656
0.72277
0.7145
0.67298
0.72277
0.69984
0.71121
0.66069
0.72111
0.70632
0.69502
0.71121
0.69183
0.73451
0.69183
0.72946
0.73114
0.69663
0.69502
0.73621
0.70146
0.73961
0.69024
0.67453
0.7379
0.73451
0.72444
0.68707
0.72111
0.72444
0.73114
0.73114
0.73282
0.72277
0.69984
0.71945
0.71285
0.77446
0.75509
0.75683
0.75509
0.72444
1.0069
0.89125
0.74473
1.0839
0.72277
0.74131
0.68707
0.71614
0.68077
0.73282
0.72111
0.74302
0.71285
0.79983
0.77446
0.83176
0.80724
1.0889
1.7458
0.72444
0.74302
0.70307
0.72444
0.69183
0.71121
1.1614
1.4421
1.3932
0.87902
2.2233
1.3964
1.6749
0.69502
0.74302
0.7379
0.71614
0.7145
0.71945
0.71945
0.75162
1.0233
0.79433
1.1246
1.0864
0.89536
1.4859
0.75336
0.74817
0.74989
0.75509
0.76033
0.74473
0.76736
0.77625
0.74817
0.70632
0.70795
0.67298
0.70795
0.73961
0.76736
0.70469
0.77625
0.80353
0.72611
0.74302
0.73282
0.76913
0.75162
1.574
0.71614
0.70307
0.70307
4.2658
8.356
7.7446
6.368
9.6828
6.1802
7.0632
7.9433
5.224
1.3032
4.102
1.1298
2.9992
0.70632
11.641
8.4333
9.4406
6.9984
7.0146
7.8163
9.3972
7.7983
7.0307
7.0795
2.4044
3.7154
11.508
3.7239
1.9364
1.4859
1.2942
1.028
1.3062
0.85901
0.77804
0.84918
1.0162
1.0641
5.0816
1.9055
1.5066
1.4421
1.2531
1.0139
0.71945
0.7145
0.8995
0.74131
0.72277
0.75509
0.8995
4.9317
1.762
0.86896
0.77804
0.90782
1.1324
0.75683
0.72444
4.2073
0.71945
0.77625
0.70469
0.74473
0.72444
0.72778
0.73114
0.72778
1.8664
0.73282
0.75162
4.217
0.75509
0.70469
0.71121
4.4978
8.9331
9.4624
6.9024
0.84528
4.2267
12.853
10.093
10.914
9.6605
10.544
7.3114
9.8175
13.152
6.3533
12.677
6.7608
1.3804
2.4491
7.925
10.864
10.023
8.2985
10.351
14.125
9.8175
10.023
8.4528
9.7949
10.666
9.1411
5.1642
4.1305
13.9
15.171
8.9331
8.2985
8.2604
8.8308
11.641
10.641
8.5114
2.7164
6.8707
15.959
9.2045
6.6374
0.91622
1.0864
1.1117
1.2706
1.6558
1.1376
0.87096
0.72946
0.79799
0.89743
0.77983
2.2131
2.4774
1.052
1.6482
0.77625
0.88105
1.3996
0.87902
0.71614
0.83753
1.7498
1.1668
7.2611
0.70307
0.74131
0.74302
0.78886
0.76736
0.79616
0.82224
0.72277
0.69024
1.0814
1.9055
0.75162
0.73961
0.69343
0.74473
0.70632
0.70795
0.73114
0.69024
1.1117
1.1561
1.2706
0.70146
0.71121
0.73621
0.70632
0.72611
0.73621
0.72444
0.75858
0.73961
0.73451
0.76913
0.68077
0.7709
0.74473
1.1015
0.86099
0.74989
1.2023
0.75336
0.98855
0.84333
0.74645
0.74131
1.4791
0.71614
2.3605
0.77268
0.74817
0.74473
0.7145
0.69984
0.75509
0.71945
0.73114
0.72611
0.69024
0.75683
0.73282
0.73961
0.71945
0.8414
0.97949
6.4565
6.7143
0.74645
0.74473
0.80168
0.76736
0.77804
0.73621
0.7656
0.74473
0.72611
0.77446
0.76913
0.74302
0.70307
0.71285
0.90157
0.74302
0.76033
0.69183
0.75336
0.7709
0.77983
0.69024
0.7656
0.74302
0.69984
0.73451
0.72611
0.72277
0.7709
0.7656
0.7656
0.72778
0.69823
0.74302
3.2137
0.8892
0.78524
0.90365
0.86696
0.877
0.75509
0.80538
0.9528
0.8531
2.0701
1.0257
3.3113
4.8641
3.5318
3.5237
5.6885
3.3037
2.023
1.219
0.7145
3.2359
0.69823
0.76913
1.4421
0.76033
0.72444
6.0256
4.4157
0.72111
2.729
5.3211
0.7145
0.79068
0.76033
0.70632
0.70795
27.164
9.8175
12.303
10.28
14.454
6.3241
0.93541
0.8531
0.97499
0.96161
1.1376
1.4289
2.2646
0.74131
0.74645
0.73114
4.5082
0.90991
0.80538
0.8356
0.82794
0.82985
1.0023
0.80724
5.2602
2.6915
0.74131
4.4361
0.77446
0.71779
0.74302
8.8512
13.804
10.814
9.2683
2.4044
0.79068
1.2706
1.5849
2.9785
7.6384
4.3752
13.49
2.5061
6.9984
0.81096
4.6026
0.76208
0.74817
0.74131
0.72946
0.74473
0.70632
0.71945
4.1115
0.70307
23.227
14.655
12.882
8.6298
11.194
9.0991
11.83
8.5901
0.97051
1.0093
1.2078
1.1324
0.82604
1.3092
7.379
12.794
8.8512
0.74817
3.5075
1.0328
0.90157
0.74473
0.7145
0.74817
0.78163
0.73451
0.71121
20.464
16.218
9.1833
14.655
12.589
9.5499
9.247
9.3972
13.243
9.7724
7.3621
7.7983
7.2277
7.2111
5.4702
0.85704
6.0256
9.7051
1.1015
0.99541
1.2078
3.7844
8.8105
12.134
12.882
7.8886
25.763
10.715
9.2257
14.191
7.5509
9.3111
8.6298
6.9183
14.962
11.588
8.0538
8.2224
12.912
13.9
4.2855
0.77446
12.05
12.078
13.804
4.6559
3.1405
1.6904
0.82414
4.4463
13.868
7.5858
8.4333
15.524
7.6384
8.6099
2.8642
19.099
10.139
7.0146
12.823
12.417
9.9312
9.506
8.2794
9.3541
8.6696
5.9429
11.967
4.529
9.6383
3.0061
1.2647
1.7022
1.2445
1.1803
1.4521
0.95719
0.74302
0.79433
0.81846
1.3521
3.5727
1.4125
3.2734
1.1588
0.98855
1.1298
1.0965
1.0116
1.2618
1.5812
0.73961
10.666
13.9
0.7145
5.2481
0.72444
0.72444
3.7844
3.2137
0.70632
0.70958
12.882
10.965
8.4333
13.274
8.892
8.0168
10.691
13.74
11.83
14.223
16.672
9.3756
8.1283
9.3972
13.964
9.0157
13.335
9.3325
11.885
11.885
0.87498
0.83176
0.99083
3.062
0.72111
7.5509
0.79799
0.85507
18.323
10.691
8.4723
12.764
8.4918
11.588
7.7625
12.388
11.885
9.4842
4.6238
6.9663
0.79616
0.77268
0.82414
0.76736
18.621
19.498
9.977
8.0353
12.647
9.3756
9.0365
1.6672
3.0974
1.9187
0.76913
0.84333
0.90782
1.0715
0.80538
1.1066
1.2359
1.1912
0.9977
0.86497
0.98628
0.71945
1.932
0.97275
1.6032
0.8892
0.75162
0.96383
0.84918
1.3002
1.349
0.82035
0.77804
0.78705
0.68707
0.69663
0.79983
0.70632
2.1777
0.76913
0.79068
1.0544
0.76033
1.1967
0.77446
1.1614
1.5171
0.67298
0.72277
0.68234
1.3646
1.1455
1.3646
0.94842
1.0375
0.9528
1.1508
2.2387
0.70795
0.76208
0.76736
1.0209
0.74645
0.81096
3.8994
0.70469
5.5208
0.67764
0.72444
0.78163
0.71945
0.71121
1.6181
0.87498
0.97499
0.73961
0.74302
0.74817
0.74989
0.78343
0.76033
0.76913
0.79983
1.4997
2.2751
0.76384
0.73621
0.75683
2.7606
0.74302
0.83176
0.70469
4.3451
6.1235
0.71614
1.6749
5.2845
4.8417
0.73282
0.74817
0.73451
5.3827
0.78886
2.8774
6.7764
18.88
12.05
11.641
9.9541
9.7051
8.5901
8.3753
14.622
13.709
14.928
8.7096
4.3053
2.6122
2.904
13.335
1.2589
3.6224
7.7625
3.2961
1.4093
9.1201
10.209
16.293
10.093
12.531
13.335
13.122
9.977
10.965
4.9204
14.588
12.942
11.143
8.7297
0.8414
0.79799
0.93111
0.78163
0.81283
0.88105
0.81283
1.0495
1.8239
2.0184
2.208
5.8884
1.1668
0.98628
3.5975
6.1944
12.078
14.928
18.793
15.996
8.7498
9.8628
12.56
9.6605
11.776
12.677
7.1779
3.6224
0.70469
9.0365
1.0046
1
1.1041
2.0989
12.078
15.205
12.162
8.531
6.4417
10.257
6.5766
20.559
12.647
15.524
10.593
13.614
9.6161
8.7498
9.7499
13.002
11.803
7.6208
8.5507
9.4842
4.7098
10.814
7.3282
2.8249
2.3659
0.78705
3.3266
15.417
3.9902
0.87297
2.2646
1.374
2.0941
2.6546
1.2972
1.5453
10.965
11.066
0.75162
14.928
2.9992
26.73
15.171
13.772
11.776
10.889
10.568
7.4131
13.032
5.1404
1.8707
1.5849
1.3274
0.83176
2.3823
0.86896
0.80353
0.8995
0.83176
3.0269
0.88716
1.1143
1.4859
3.5645
1.0839
1.1695
1.1668
1.3646
1.5488
3.7584
1.4256
1.6558
1.0116
0.90365
1.0139
3.8371
1.6788
9.3972
3.2584
7.4302
9.5719
12.417
14.322
9.5499
11.246
9.594
10.093
8.6896
8.7096
7.7446
15.704
12.677
14.289
1.0666
3.1046
1.6982
0.86099
0.83946
1.0186
2.0989
1.7061
0.93541
0.91201
0.8356
0.99541
4.5186
10.691
4.6345
14.588
14.622
1.3836
9.2257
17.258
17.179
13.062
8.4918
9.1833
7.0469
11.298
18.664
8.8716
8.4528
13.274
13.428
12.05
9.3111
9.0573
14.355
10.328
13.366
10.568
10.046
8.995
2.7164
3.281
1.0593
1.0447
1.0423
1.2823
1.374
1.3521
1.3836
1.3583
1.4655
2.5235
1.1143
1.4125
1.1695
15.066
15.524
8.9743
3.5156
0.71614
13.305
15.776
12.134
11.695
7.5858
12.023
9.8175
7.4473
2.2029
2.7606
9.0365
8.77
4.6559
6.8234
0.71614
15.524
16.144
16.982
14.06
12.735
16.482
13.932
11.588
9.0157
9.6605
8.7297
9.0365
3.5318
4.7534
15.205
11.588
22.699
8.5507
6.1094
3.767
6.0117
0.84333
1.4997
1.9187
1.3709
1.2246
1.1508
2.4378
1.39
3.581
11.246
8.892
0.84723
0.80538
1.3366
2.8184
0.86896
1.3002
2.7227
4.9317
4.6452
6.3241
6.3533
10.617
11.776
1.2359
1.4223
1.4859
1.2162
1.374
1.0889
5.8884
0.7379
3.5318
17.458
15.996
13.183
7.7804
11.912
12.853
12.503
1.5488
4.0551
11.169
16.255
9.0991
21.627
11.912
23.768
8.7902
11.455
11.298
3.8637
2.2284
11.83
11.508
17.701
10.28
8.3753
6.6374
2.4378
12.618
9.4624
18.239
9.0782
9.977
11.508
9.8175
7.9068
6.4269
10.186
11.967
14.488
9.1833
7.8886
17.14
14.454
7.2277
2.2029
1.3614
15.382
15.488
16.069
12.912
17.179
14.388
12.162
13.49
16.866
14.555
11.722
20.941
14.223
15.524
18.967
15.885
17.219
15.56
17.338
17.14
1.0666
1.8621
0.95499
9.6828
21.727
13.836
5.3703
16.711
16.032
14.962
12.618
13.366
15.031
1.1092
4.8865
1.6144
3.5727
1.3122
1.194
0.94842
1.7579
