6.3241
7.4817
8.414
9.7051
3.281
3.1405
2.5468
1.1015
3.9902
5.1168
1.6634
2.1184
0.97051
2.5704
7.4302
2.7797
1.1246
6.9343
6.9823
8.3368
8.9331
8.531
5.9429
9.4624
15.171
10.471
10.023
8.8105
8.6099
3.062
3.9811
6.6222
3.4754
2.8642
6.0954
16.331
9.0991
8.892
12.589
9.528
3.069
11.588
13.772
10.495
8.2985
11.246
14.588
8.356
1.4997
3.2211
3.2734
13.305
10.28
10.328
8.5901
6.9984
8.5507
8.2985
9.5719
5.5719
1.7258
5.2602
9.2257
1.028
5.1051
12.823
11.402
9.1411
13.002
8.6497
6.5163
1.5417
9.3541
11.722
8.0353
9.5499
7.925
11.117
8.4333
8.3176
4.4668
8.414
10.023
1.3397
1.1588
1.766
5.8884
5.358
9.8401
9.7949
9.7051
11.429
11.376
10.447
10
10.209
4.3551
3.6141
10.495
7.4817
11.066
8.8512
8.2604
10.351
5.7148
5.3456
2.6977
7.3451
7.5162
8.6099
3.2961
6.4269
11.614
10.965
7.9799
6.8707
1.2134
9.6828
13.836
8.9743
11.695
8.9125
11.143
10.74
10.568
13.996
10.139
8.8716
8.9125
7.1285
7.0795
2.9309
4.7424
4.3251
11.668
10.74
11.561
15.417
8.3946
5.6105
5.188
7.4645
4.4566
4.3152
8.147
11.967
9.4406
6.7453
1.4689
3.1477
3.1189
8.5901
12.794
12.972
6.7608
6.2806
6.4714
13.397
10.186
10.641
14.191
8.0538
8.6099
7.7268
7.6913
3.8815
8.8308
6.6834
4.2658
10.304
9.8175
7.5162
9.0991
7.925
9.3541
12.647
7.3451
9.3541
9.5499
10.233
5.902
1.4859
4.529
9.1411
6.792
10.99
11.561
7.1945
8.892
10.864
9.0991
5.2119
6.2087
5.2602
10.069
8.356
2.1979
7.9799
11.614
8.9125
11.482
11.885
13.49
11.066
7.7446
5.6234
7.3114
7.1779
1.6904
8.4333
7.0307
2.5468
2.1232
6.0117
9.7499
13.868
12.618
7.0146
8.2604
5.4576
4.1879
4.7315
2.1086
0.86896
10.046
12.942
8.4528
6.5163
6.4121
6.8707
6.4121
4.217
1.4322
5.1642
8.8512
7.6208
6.9823
4.4259
4.9204
9.7499
1.8836
1.766
1.2882
0.96605
1.3552
1.0789
2.3659
0.81096
3.7154
2.138
1.3428
4.1687
7.925
5.2602
4.2855
5.2845
7.4645
6.6527
7.2611
7.2444
7.6913
5.4325
6.0534
6.2517
5.7016
2.0606
1.9953
1.1117
3.3651
6.9823
10.765
2.6424
2.958
2.9992
5.7412
1.8493
2.5763
4.0087
5.9841
2.0464
2.4434
3.0061
1.7742
2.0797
0.97051
1.1482
1.8072
1.7338
1.194
1.5066
1.4289
2.5823
7.0469
12.218
10.864
7.379
7.4645
1.8621
1.3062
1.3032
1.1803
8.2035
12.972
11.641
7.709
8.2224
8.531
7.6208
5.7544
5.781
1.7498
4.4668
2.6182
3.581
4.5394
9.3541
13.183
16.181
8.5704
8.5114
8.8308
5.5847
2.1184
1.6293
1.2647
3.1333
9.4624
9.8175
11.885
9.4842
9.9541
6.7143
10.617
8.995
8.7297
12.078
10.839
9.247
12.106
8.6696
8.995
8.1658
11.169
12.706
9.247
8.3946
11.066
12.274
9.6828
6.9343
7.3451
9.3325
6.5163
5.6364
7.3114
7.2111
7.2946
7.0795
11.912
6.7453
5.821
5.1642
1.5631
7.709
13.092
6.0674
8.8716
9.1201
9.0991
9.7949
7.7804
12.503
8.2414
11.455
11.722
7.379
6.5615
4.3853
7.4817
9.7724
9.8628
12.735
8.9331
10.889
9.6828
11.041
10.691
7.0307
9.1622
16.827
11.561
10.617
9.0157
12.823
15.776
13.213
15.205
19.999
11.561
9.4189
10.617
13.804
13.032
8.0538
12.677
10.617
5.781
11.482
10.351
8.8716
11.695
17.783
4.1495
11.83
10.257
12.853
13.243
12.972
13.932
18.365
10.209
9.0782
16.368
9.8175
7.2277
7.5162
9.8175
6.2951
9.6161
7.1614
12.474
8.0538
9.0573
11.298
8.77
5.188
10.351
13.274
9.3111
6.3973
6.2087
8.892
7.1121
10.162
3.6308
6.2661
5.9156
9.3756
11.041
12.359
7.2277
8.8716
4.3652
1.1508
1.2942
7.9616
3.6559
3.6141
5.5847
7.0958
6.5615
6.5013
6.9984
4.8978
6.6222
6.3973
9.1201
11.83
9.0365
7.7446
9.9083
8.1846
2.1677
4.3251
4.0832
8.8105
7.7446
1.5922
5.3456
8.6696
12.106
8.4723
13.552
10.351
11.614
10.94
10.889
8.7297
10.495
15.453
12.942
9.8855
3.9719
9.5499
8.8512
9.3972
12.023
10.691
6.5766
6.9502
10.304
11.35
10.399
8.1846
16.904
8.8512
9.7051
6.4269
6.9343
14.928
13.804
6.8391
9.7051
9.1411
8.0353
10.52
8.5901
5.0119
15.596
7.0958
6.0814
9.4406
7.379
9.3111
7.1285
6.1376
10.186
5.4702
6.7143
19.454
8.892
7.2778
6.8391
10.375
3.0761
8.6298
7.4473
7.379
9.0157
9.6161
9.3111
7.5683
9.247
9.506
9.6605
9.528
10.914
7.8886
10.617
10.28
8.9536
8.356
10.691
8.6099
10.641
6.9984
20.37
7.5509
2.6853
4.102
8.2604
3.767
6.5464
6.8549
8.2794
6.8865
23.496
13.122
11.143
11.995
6.4863
8.2224
7.5336
5.9841
7.925
12.05
9.0573
5.781
10.233
6.1094
11.885
8.1096
7.3451
12.417
9.247
13.032
4.1976
6.3826
7.0146
6.8391
9.7724
5.1761
6.6988
8.6497
9.7724
10.351
8.3176
8.5901
6.9984
5.1286
3.8282
3.5237
5.8749
7.145
10.52
6.9024
4.8195
10.99
8.356
11.912
8.7498
7.0146
11.912
7.2611
4.1687
11.272
7.6913
9.0573
7.656
6.792
8.7096
7.7446
5.3456
10.209
6.9502
9.0991
16.181
3.8282
9.3756
5.5208
9.977
7.7446
6.8077
8.4918
8.1283
10.666
9.5499
6.0814
16.032
7.8705
7.0146
6.8234
9.6828
7.9983
5.1404
7.5858
6.4714
5.7677
6.4417
6.5464
7.8343
7.6913
8.2985
10.069
11.429
8.0538
7.7983
5.1404
6.0534
8.147
5.7016
9.4406
5.9704
14.158
6.5464
5.6364
3.4514
4.4463
9.3325
5.0234
6.4121
6.3387
5.1404
11.324
6.9823
9.3325
7.4817
5.5335
5.9429
15.885
10.864
7.656
13.122
7.2111
10.069
8.0168
8.995
7.8524
5.4075
6.9823
7.2111
10.666
13.804
9.4406
11.429
5.0816
6.5013
6.6374
7.656
10.99
3.4674
6.5615
6.7608
1.3836
5.8479
8.6099
7.6913
6.7143
7.7625
5.6234
8.1283
5.6754
6.3973
9.9312
6.0954
9.7949
5.3211
3.7068
3.6559
8.3753
8.2985
3.8282
7.5336
11.776
4.5082
6.0256
15.453
7.0632
15.812
11.641
15.631
8.0168
8.6099
10.52
6.5013
6.8865
8.2985
15.668
16.827
11.429
9.7275
9.3325
14.962
7.0958
7.8705
7.7625
12.618
14.655
12.503
13.428
9.7724
10.814
13.552
9.528
5.7544
12.853
6.0395
5.6234
4.4566
5.8345
12.618
1.7701
5.2481
5.2119
5.8884
1.9861
3.0339
7.8163
5.1286
7.3961
6.4863
3.54
7.6736
9.0573
7.4989
10.328
11.722
3.9355
6.0814
8.0168
11.94
7.7625
12.589
8.2414
10.304
9.3325
7.3621
13.397
8.995
7.925
15.885
6.9183
8.8308
9.8628
2.6002
7.4645
6.1944
9.247
8.3176
4.1495
4.8084
8.9125
2.9242
3.8194
3.8548
6.2373
2.851
1.3964
2.2803
10.495
7.3282
8.1283
8.6497
7.656
7.8163
6.5163
9.6161
5.9841
7.6913
6.5917
3.3113
1.6255
2.4946
7.145
1.4388
2.1777
0.90157
2.7353
1.7418
0.81096
1.3428
1.2274
1.0789
0.83753
1.7579
0.89536
1.122
1.2972
0.96161
1.6293
1.094
1.9099
1.4454
0.7656
1.135
1.3152
0.877
1.4894
1.0568
1.183
1.2078
1.0233
1.3677
1.7865
0.86696
1.1508
1.4256
0.8995
0.86896
1.3677
1.1508
1.0328
1.0471
1.1858
0.8995
1.074
0.91411
0.9247
0.87297
0.86099
1.0423
0.90365
0.85114
0.77804
1.205
0.9506
1.074
1.0046
0.86497
0.85507
0.79068
0.76384
0.82794
0.77625
0.77804
0.76736
0.75858
0.90782
0.82035
0.84333
0.97051
0.85901
0.8995
0.82035
0.78524
0.85507
0.82035
0.84723
0.82414
0.83753
0.8356
0.83368
0.74989
0.79433
0.73961
0.8147
0.76033
1.1324
1.0186
0.80724
0.7709
0.78524
0.76208
0.76384
0.81096
0.79068
0.77446
0.78524
0.74645
0.78343
0.81846
0.84333
0.77983
0.74302
0.83368
0.78343
0.79068
0.86696
0.78343
0.78524
0.78705
0.85901
0.83176
0.76736
0.77446
0.87498
0.76208
0.77268
0.8091
1.0765
0.86298
0.87297
0.8356
1.0765
0.74989
1.0914
1.0209
0.82414
0.85114
1.0328
0.80724
0.82224
1.1722
0.9506
0.87096
0.98628
1.6711
1.1535
1.0765
1.0186
1.0139
0.86696
1.1169
1.3002
0.92257
0.82794
1.374
0.79068
0.80724
1.3868
0.86497
0.8995
0.78163
0.70958
0.86099
0.79799
0.77983
0.78524
0.85507
0.77625
0.80168
0.89743
0.83368
0.85901
0.81846
0.75858
0.88105
0.83753
0.92897
0.79433
0.82604
0.74989
0.8414
0.92897
0.80724
0.76736
0.74645
1.2764
0.76913
0.75509
0.73961
0.78705
0.9594
0.81096
0.90157
1.052
0.76208
0.77268
0.81283
0.79616
0.77625
0.76384
0.77446
0.84528
0.84723
0.88512
0.97724
0.82985
0.82604
1.2134
0.88308
0.77625
0.87902
0.8892
0.77446
0.89743
0.82604
0.85507
0.87096
0.82604
0.81283
0.79616
0.83946
0.85114
0.86696
0.8414
0.78163
0.79068
0.85507
0.91201
0.8531
0.84528
0.78886
0.9594
0.80353
0.82985
0.86497
0.85704
0.86298
0.75509
0.74645
0.86497
0.74645
0.78705
0.87096
0.77625
0.93111
0.88308
0.85901
0.79616
0.83176
0.83753
0.78524
0.73282
0.8892
0.82224
0.76736
0.79433
0.8091
0.80724
0.73114
0.73961
0.76208
0.82985
0.75683
0.74817
0.71614
0.71945
0.75858
0.87498
0.76208
0.82224
0.76384
0.78705
0.78886
0.76033
0.7145
0.74817
0.77625
0.8091
0.77983
0.74817
0.81846
0.75162
0.77625
0.73451
0.78343
0.77268
0.79799
0.75683
0.76384
0.81283
0.8995
0.8147
0.77983
0.78343
0.76208
0.76913
0.8414
0.76913
0.87297
0.78524
0.79983
0.85507
0.80538
0.79983
0.79068
0.74473
0.82035
0.81846
0.76384
0.74645
0.81096
0.88512
0.7145
0.85507
0.77446
0.77446
0.76736
0.82224
0.79068
0.79616
0.78705
0.78343
0.78163
0.83176
0.77804
0.8531
0.83946
0.77983
0.74473
0.78705
0.80353
0.85114
0.85114
0.77625
0.79983
0.7656
0.8414
0.75509
0.74131
0.74302
0.77446
0.76033
0.74989
0.77268
0.76208
0.75336
0.85704
0.86298
0.73282
0.81096
0.83176
0.82985
0.76208
0.75509
0.73114
0.76736
0.78705
0.80353
0.85114
0.79983
0.82224
0.86896
0.75683
0.82414
0.78705
0.8414
0.86696
0.76208
0.8531
0.78705
0.7656
0.84723
0.8531
0.74989
0.78705
0.83368
0.74131
0.72778
0.78343
0.78524
0.85114
0.87096
0.78524
0.79433
0.88105
0.877
0.79616
0.73621
0.81846
0.74473
0.81096
0.86896
0.75509
0.76384
0.77625
0.76208
0.82985
0.75336
0.84918
0.8531
0.76384
0.76033
0.78163
0.76208
0.8414
0.79068
0.79983
0.75336
0.7709
0.84723
0.76033
0.81096
0.80353
0.82604
0.7379
0.8147
0.78343
0.84918
0.79068
0.77446
0.73451
0.82035
0.80538
0.7379
0.88512
0.79433
0.75162
0.75683
0.76384
0.79616
0.74302
0.76208
0.98855
0.77268
0.82985
0.71779
0.76033
0.8531
0.7656
0.74817
0.98175
0.80168
0.81846
0.81096
0.75858
0.74473
0.72778
0.74817
0.74473
0.77446
0.7709
0.79068
0.79068
0.88512
0.88105
0.8147
0.72611
0.88512
0.93111
0.74645
0.69183
0.74645
0.76033
0.7709
0.71779
0.76913
0.76913
0.85507
0.72277
0.8414
0.75858
0.8356
0.98855
0.77446
0.8091
0.84918
0.79983
0.83368
0.73114
0.88512
0.74817
0.80724
0.86696
0.79616
0.84723
0.72277
0.78524
0.75683
0.76913
0.8147
0.85114
0.76736
0.80353
0.8356
0.86099
0.74131
0.7925
0.76736
0.78886
0.75162
0.85507
0.78705
0.73451
0.83753
0.78343
0.84918
0.74131
0.79799
0.79616
0.76913
0.80724
0.79983
0.84333
0.77983
0.74131
0.78524
0.79433
0.77983
0.84723
0.86099
0.83946
0.77625
0.82035
0.80724
0.73282
0.79616
0.77446
0.79433
0.75162
0.83946
0.77625
0.78343
0.76033
0.76033
0.85507
0.7656
0.78163
0.80724
0.88105
0.73621
0.74302
0.77268
0.7709
0.75683
0.76033
0.81096
0.69663
0.74473
0.81846
0.84333
0.75336
0.74817
0.77625
0.7709
0.79983
0.82224
0.74817
0.76384
0.82794
0.82224
0.85901
0.75509
0.7379
0.79799
0.77268
0.75858
0.77446
0.75162
0.77446
0.77268
0.72277
0.8356
0.73621
0.78163
0.79433
0.72778
0.77268
0.72111
0.77804
0.77804
0.82985
0.75858
0.7656
0.8531
0.74473
0.74131
0.72946
0.72778
0.73282
0.80168
0.7925
0.74131
0.82794
0.74131
0.74302
0.76033
0.73961
0.78524
0.74473
0.8356
0.76208
0.79799
0.8091
0.80353
0.75336
0.7656
0.76384
0.7379
0.70632
0.79983
0.8091
0.72277
0.74989
0.86099
0.74302
0.84333
0.79983
0.8147
0.7709
0.76033
0.76736
0.77446
0.84723
0.78886
0.77625
0.77625
0.74817
0.83176
0.81846
0.80538
0.70632
0.78886
0.81283
0.8414
0.78343
0.76384
0.80538
0.76913
0.78524
0.76913
0.81658
0.79983
0.77268
0.75683
0.73114
0.74989
0.78343
0.73621
0.79799
0.80168
0.75509
0.79068
0.82035
0.73961
0.74473
0.74817
0.81096
0.73961
0.79433
0.87297
0.74131
0.75336
0.87297
0.877
0.71945
0.72277
0.82985
0.88308
0.74131
0.79616
0.76033
0.77625
0.80168
0.77268
0.77983
0.81096
0.86099
0.77804
0.75162
0.81658
0.77804
0.77625
0.88512
0.94624
0.74817
0.77268
0.7925
0.80724
0.77268
0.85114
0.85507
0.83946
0.82414
0.72611
0.79799
0.82985
0.78163
0.78524
0.76208
0.84333
0.79616
0.73621
0.82794
0.76736
0.74302
0.84333
0.74131
0.74645
0.77446
0.77625
0.74989
0.87096
0.73282
0.75683
0.76736
0.75336
0.77625
0.82794
0.86298
0.82604
0.71614
0.76736
0.89331
0.78343
0.80353
0.82035
0.74645
0.70795
0.73621
0.77446
0.79433
0.77983
0.79799
0.85114
0.78524
0.75683
0.74817
0.78524
0.78705
0.78343
0.73961
0.79616
0.72444
0.76913
0.79799
0.87498
0.77804
0.80724
0.8147
0.81846
0.86896
0.74817
0.85901
0.7709
0.73282
0.71614
0.76913
0.81096
0.80168
0.77446
0.79616
0.77804
0.76208
0.83368
0.78163
0.76384
0.82604
0.77804
0.72444
0.82224
0.78524
0.8414
0.80538
0.79983
0.74302
0.85901
0.74473
0.88716
0.82985
0.78343
0.71945
0.80353
0.76208
0.8531
0.76208
0.81846
0.75509
0.79799
0.73282
0.72946
0.74645
0.76913
0.75162
0.7709
0.82035
0.8414
0.84528
0.7709
0.74302
0.73961
0.80168
0.74817
0.73621
0.80353
0.81283
0.80353
0.80538
0.81096
0.7709
0.74645
0.82414
0.7656
0.83753
0.72444
0.77804
0.79433
0.80353
0.75509
0.75858
0.75858
0.7656
0.8091
0.83368
0.79068
0.83753
0.7656
0.82414
0.77446
0.82224
0.77446
0.78524
0.81658
0.78163
0.85114
0.79616
0.76384
0.88716
0.86497
0.75683
0.79983
0.80353
0.83753
0.76384
0.74131
0.75336
0.75509
0.78343
0.79616
0.75509
0.76033
0.74989
0.83368
0.82794
0.82414
0.81283
0.78524
0.76208
0.86497
0.88512
0.76384
0.77625
0.79433
0.86298
0.77446
0.81096
0.78705
0.78343
0.90782
0.82985
0.8147
0.8147
0.82414
0.76033
0.87498
0.83946
0.74645
0.81846
0.79983
0.81096
0.76736
0.76208
0.73282
0.80724
0.74817
0.78524
0.9506
0.77804
0.75162
0.77446
0.72778
0.76913
0.76384
0.77446
0.76913
0.76736
0.81096
0.75509
0.79799
0.78886
0.83176
0.8356
0.75162
0.8414
0.80538
0.79068
0.8147
0.78163
0.78524
0.78705
0.83946
0.82794
0.82794
0.7925
0.77268
0.80538
0.7145
0.80538
0.83753
0.76913
0.75858
0.79433
0.75336
0.76208
0.83753
0.8414
0.7656
0.7709
0.71614
0.76913
0.77446
0.8091
0.71779
0.75683
0.74989
0.79616
0.77804
0.77983
0.8892
0.72946
0.73961
0.76913
0.88512
0.81658
0.78886
0.81283
0.74645
0.80538
0.83368
0.75509
0.79433
0.80724
0.85114
0.82224
0.78705
0.7709
0.72111
0.81096
0.78163
0.77804
0.78886
0.8531
0.79799
0.77804
0.88105
0.93756
0.75858
0.77625
0.78705
0.78343
0.72444
0.79799
0.77268
0.74989
0.7656
0.78524
0.8892
0.84918
0.88512
0.75858
0.82794
0.76033
0.7925
0.71779
0.77804
0.8356
0.79068
0.74473
0.80168
0.77625
0.78886
0.78163
0.80538
0.77268
0.77804
0.75509
0.77804
0.79068
0.78163
0.74989
0.84918
0.74473
0.77804
0.88308
0.74473
0.76913
0.8531
0.79983
0.81658
0.78343
0.76384
0.77268
0.79983
0.86298
0.74989
0.93756
0.78705
0.84333
0.7709
0.8091
0.82224
0.88105
0.71614
0.83946
0.74473
0.82035
0.76208
0.8091
0.75509
0.73451
0.78705
0.78343
0.76736
0.76208
1.052
0.75683
0.82604
0.77804
0.82224
0.74473
0.80353
0.78886
0.7709
0.78163
0.77804
0.8414
0.79799
0.73961
0.76033
0.75509
0.76913
0.87902
0.77446
0.82224
0.79799
0.877
0.8147
0.77268
0.75858
0.74302
0.83176
0.76033
0.74645
0.77446
0.78343
0.75336
0.77625
0.77268
0.8147
0.82794
0.78705
0.82224
0.71614
0.77268
0.76033
0.79433
0.76384
0.81283
0.75509
0.78524
0.86497
0.75509
0.83753
0.77268
0.72111
0.76736
0.77446
0.78163
0.78163
0.76736
0.72946
0.78163
0.78524
0.77268
0.77804
0.84333
0.81846
0.74989
0.73114
0.80538
0.83946
0.79068
0.78705
0.79433
0.82604
0.74131
0.75683
0.75683
0.86896
0.77268
0.7656
0.7925
0.77268
0.87498
0.80168
0.81846
0.83176
0.74302
0.77446
0.83176
0.74131
0.76736
0.76033
0.71779
0.79068
0.80724
0.7709
0.74817
0.81283
0.7709
0.79616
0.82794
0.8147
0.78705
0.76208
0.85114
0.79068
0.8091
0.78886
0.79068
0.82604
0.80724
0.82604
0.87297
0.86896
0.82035
0.81283
0.83753
0.8091
0.76208
0.80353
0.76208
0.82604
0.83753
0.79983
0.92897
0.82224
0.85114
0.74989
0.8091
0.78524
0.77268
0.74989
0.90157
0.84528
0.80724
0.79433
0.75509
0.81283
0.74989
0.79616
0.86896
0.8356
0.79616
0.79983
0.78343
0.93541
0.75683
0.79983
0.8531
0.79068
0.82794
0.74473
0.82794
0.79616
0.80353
0.77446
0.8091
0.76033
0.77625
0.78163
0.81846
0.7925
0.78886
0.74302
0.72778
0.71945
0.83176
0.80538
0.75509
0.79433
0.74645
0.74989
0.79983
0.74817
0.78343
0.84723
0.75509
0.8147
0.73961
0.78524
0.85901
0.72277
0.73114
0.80353
0.72277
0.82985
0.75336
0.84528
0.78343
0.82604
0.80538
0.81096
0.7709
0.82794
0.78524
0.85507
0.8356
0.77446
0.75683
0.75336
0.72946
0.74302
0.75336
0.74645
0.77446
0.81846
0.86696
0.85901
0.75162
0.71945
0.80353
0.82604
0.75683
0.76736
0.75162
0.83753
0.77268
0.79983
0.81846
0.81658
0.73282
0.79068
0.82985
0.76033
0.75162
0.81096
0.76736
0.74645
0.74645
0.83946
0.71285
0.77983
0.87902
0.7709
0.7379
0.74817
0.8356
0.75858
0.82414
0.8147
0.81096
0.8356
0.74131
0.83753
0.89125
0.74989
0.73451
0.76736
0.81846
0.82794
0.79433
0.74473
0.71779
0.79433
0.85507
0.78343
0.7656
0.79799
0.76033
0.73114
0.73114
0.79983
0.80168
0.78886
0.79983
0.73621
0.78705
0.83368
0.74131
0.82794
0.83176
0.72444
0.90365
0.78886
0.81283
0.74817
0.76736
0.8147
0.78163
1.1066
0.70632
0.75858
0.73621
0.75162
0.78886
0.78524
0.78163
0.77268
0.7656
0.7925
0.72946
0.72611
0.73451
0.86298
0.78705
0.8147
0.74302
0.82414
0.7709
0.75162
0.82224
0.76208
0.88716
0.73961
0.75858
0.82985
0.76736
0.83753
0.75858
0.80353
0.80168
0.74989
0.87297
0.7709
0.74645
0.78343
0.84723
0.81658
0.74473
0.82035
0.74817
0.75683
0.76913
0.81658
0.74645
0.89331
0.7379
0.77268
0.75162
0.74302
0.77625
0.7145
0.85114
0.79983
0.79799
0.76736
0.76913
0.8091
0.7379
0.7656
0.80538
0.74989
0.71945
0.78886
0.82794
0.73961
0.74989
0.76208
0.77804
0.74989
0.72778
0.69183
0.78163
0.77268
0.77983
0.73621
0.82604
0.72778
0.8147
0.73282
0.7656
0.76384
0.8091
0.79799
0.76033
0.7656
0.74817
0.77446
0.74473
0.89536
0.75683
0.82604
0.76033
0.73621
0.81096
0.76208
0.76208
0.74131
0.75336
0.76208
0.78343
0.79068
0.72946
0.80724
0.83176
0.83176
0.78163
0.73114
0.71945
0.74302
0.72778
0.73961
0.78886
0.73621
0.79799
0.83753
0.73451
0.77268
0.78705
0.76033
0.78343
0.79433
0.78163
0.8356
0.75336
0.79068
0.76913
0.75162
0.76736
0.78524
0.76208
0.7379
0.70632
0.74817
0.72611
0.7145
0.74473
0.72778
0.74817
0.76208
0.7656
0.76913
0.75858
0.81846
0.76913
0.77804
0.74131
0.81283
0.77268
0.73451
0.75336
0.74473
0.74989
0.79983
0.73282
0.70958
0.77268
0.7709
0.73114
0.78343
0.77804
0.75858
0.76384
0.70958
0.74131
0.77625
0.73621
0.71779
0.77804
0.79068
0.74302
0.81283
0.79616
0.69984
0.73621
0.82035
0.77804
0.83753
0.68865
0.70958
0.74817
0.75162
0.73282
0.74131
0.79433
0.76384
0.77446
0.86696
0.7379
0.80538
0.79983
0.76736
0.76736
0.72444
0.81846
0.7656
0.78524
0.73621
0.82604
0.74817
0.76384
0.79433
0.74817
0.80353
0.77446
0.78163
0.79068
0.78705
0.71945
0.75162
0.73282
0.76736
0.79983
0.75336
0.9528
0.76736
0.78705
0.88105
0.71614
0.72611
0.70469
0.79799
0.72778
0.75509
0.69823
0.73621
0.73282
0.77446
0.80168
0.76208
0.71614
0.78886
0.70632
0.74989
0.75162
0.74131
0.75858
0.73114
0.72946
0.74302
0.71945
0.75162
0.77625
0.76384
0.70795
0.78886
0.73961
0.85507
0.7656
0.82985
0.75336
0.76033
0.78343
0.76384
0.74473
0.75683
0.72778
0.72277
0.8091
0.81283
0.72444
0.77625
0.78705
0.7925
0.74817
0.74989
0.72946
0.77804
0.71945
0.81283
0.78343
0.80724
0.72946
0.79616
0.7379
0.78886
0.71614
0.75683
0.83176
0.75858
0.74473
0.81846
0.72946
0.75162
0.83753
0.7656
0.74645
0.83946
0.74302
0.76384
0.77804
0.7925
0.76384
0.82414
0.7709
0.74131
0.75336
0.74989
0.77625
0.75858
0.84723
0.79799
0.73282
0.77625
0.77446
0.77268
0.74989
0.70795
0.75509
0.79433
0.77446
0.8147
0.81283
0.77268
0.8147
0.7925
0.70632
0.7925
0.82414
0.76033
0.76736
0.72277
0.7379
0.7145
0.78705
0.75858
0.82985
0.71121
0.81658
0.80724
0.78705
0.73961
0.76913
0.78343
0.77625
0.75858
0.73621
0.71614
0.72611
0.79433
0.79616
0.73621
0.73282
0.88105
0.75683
0.75509
0.76384
0.77625
0.72444
0.76736
0.80724
0.78343
0.74645
0.75858
0.78343
0.74645
0.72778
0.75336
0.81846
0.77268
0.73114
0.76384
0.74817
0.73282
0.74473
0.71614
0.70307
0.73282
0.81096
0.78524
0.8147
0.75683
0.80538
0.78343
0.71614
0.71121
0.75162
0.77268
0.75509
0.91411
0.73282
0.76033
0.76033
0.75336
0.73961
0.72778
0.70632
0.75509
0.71285
0.81096
0.76913
0.84918
0.76384
0.88716
0.7379
0.7709
0.76384
0.75162
0.80353
0.82414
0.73114
0.78524
0.82985
0.73114
0.78163
0.82794
0.77983
0.77268
0.74645
0.70307
0.78886
0.77625
0.72611
0.78705
0.74302
0.81283
0.81846
0.70958
0.81283
0.76736
0.74645
0.76913
0.77446
0.79983
0.75162
0.76208
0.74645
0.73621
0.76033
0.72778
0.78886
0.73621
0.75162
0.75683
0.82224
0.77446
0.79433
0.84528
0.8091
0.77268
0.73282
0.77804
0.70795
0.78343
0.78705
0.74989
0.75336
0.74817
0.79616
0.72611
0.74473
0.79068
0.72277
0.8995
0.8414
0.72946
0.71779
0.77446
0.76033
0.72277
0.75858
0.73621
0.77804
0.74817
0.76033
0.80538
0.71614
0.7656
0.76208
0.77804
0.85114
0.72946
0.74645
0.7709
0.78886
0.78524
0.82224
0.7709
0.74817
0.74302
0.79433
0.76384
0.76033
0.7709
0.71614
0.74302
0.75683
0.73451
0.69663
0.90782
0.7709
0.83176
0.79068
0.77268
0.76384
0.76913
0.72111
0.77983
0.75683
0.81096
0.73961
0.77804
0.77983
0.76208
0.82794
0.81096
0.80538
0.73114
0.78163
0.85114
0.78163
0.80724
0.7709
0.72611
0.79616
0.8147
0.75162
0.7379
0.78886
0.79616
0.7709
0.75683
0.77983
0.78886
0.72611
0.79983
0.74473
1.0233
0.75683
0.76913
0.8531
0.74473
0.75162
0.7379
0.73282
0.74817
0.7379
0.80168
0.74817
0.7925
0.74131
0.77983
0.76384
0.78343
0.72444
0.84918
0.96605
0.76208
0.82414
0.77268
0.78705
0.8091
0.76384
0.72277
0.76736
0.74302
0.81096
0.75162
0.77446
0.75509
0.72444
0.83946
0.81658
0.77804
0.77446
0.74989
0.76033
0.77446
0.73282
0.77804
0.78524
0.84918
0.75162
0.83176
0.87297
0.75336
0.74473
0.76208
0.76736
0.76736
0.79616
0.72778
0.78163
0.74817
0.78886
0.79068
0.8091
0.75683
0.78163
0.76384
0.72946
0.8356
0.7656
0.72277
0.7656
0.77804
0.82604
0.71779
0.74473
0.77446
0.74302
0.76384
0.74131
0.86696
0.82794
0.73114
0.82414
0.7656
0.7145
0.77804
0.76736
0.77983
0.74302
0.8091
0.75509
0.81846
0.77446
0.77268
0.81846
0.78163
0.76913
0.78886
0.78705
0.83368
0.72778
0.76736
0.72778
0.73961
0.74989
0.79068
0.81283
0.7709
0.89743
0.73621
0.7656
0.79799
0.74131
0.75509
0.83753
0.81096
0.69502
0.72611
0.7925
0.72778
0.74302
0.76208
0.77625
0.72946
0.77446
0.80353
0.72611
0.76913
0.80538
0.73451
0.73621
0.78705
0.75509
0.8356
0.79433
0.73961
0.82224
0.77625
0.88105
0.76384
0.72277
0.81096
0.76033
0.76736
0.74817
0.77268
0.72277
0.77983
0.75509
0.81658
0.8091
0.78163
0.8147
0.74302
0.71779
0.74302
0.93972
0.73282
0.75858
0.76913
0.76913
0.79068
0.74817
0.80353
0.80353
0.83176
0.80168
0.76033
0.88716
0.7145
0.78524
0.81096
0.78524
0.75509
0.877
0.77446
0.81283
0.84528
0.75509
0.72111
0.83946
0.75858
0.83176
0.7709
0.79799
0.80168
0.72611
0.73961
0.74645
0.77625
0.77804
0.78886
0.8091
0.74817
0.76033
0.90782
0.73621
0.75683
0.78705
0.7656
0.75509
0.79068
0.71121
0.75858
0.8091
0.74473
0.74645
0.82604
0.7925
0.8356
0.80724
0.81283
0.82224
0.77446
0.77804
0.83176
0.70146
0.84528
0.79799
0.80353
0.77268
0.76208
0.76736
0.77268
0.88716
0.877
0.78705
0.86696
0.75683
0.76736
0.72277
0.74989
0.7925
0.79068
0.76384
0.73961
0.81846
0.77804
0.76384
0.72611
0.79799
0.76736
0.73282
0.74473
0.73621
0.72778
0.79068
0.80353
0.72611
0.75162
0.81096
0.77446
0.7379
0.74989
0.78524
0.75858
0.82794
0.75858
0.79068
0.76384
0.74817
0.77983
0.79983
0.73961
0.78343
0.72611
0.72778
0.82985
0.75162
0.73282
0.72946
0.74302
0.74645
0.78705
0.75162
0.75858
0.72111
0.76736
0.79068
0.80168
0.79616
0.77268
0.85114
0.75683
0.71945
0.8147
0.8147
0.77268
0.78524
0.8147
0.7656
0.73282
0.8356
0.75509
0.74131
0.76913
0.78343
0.7925
0.76913
0.8356
0.79616
0.74131
0.78886
0.75858
0.74645
0.75858
0.75162
0.75858
0.7925
0.75509
0.75683
0.73621
0.71945
0.8091
0.76736
0.76208
0.73961
0.75858
0.74817
0.78343
0.78705
0.74302
0.80538
0.91201
0.75858
0.72444
0.74817
0.74131
0.82035
0.74131
0.74302
0.82794
0.83176
0.73961
0.84918
0.76384
0.72111
0.81658
0.76913
0.72277
0.74473
0.76384
0.75162
0.8091
0.71614
0.79983
0.72444
0.74645
0.76208
0.77625
0.73961
0.82035
0.90365
0.85507
0.91833
0.75858
0.72277
0.78343
0.77446
0.77446
0.79616
0.72444
0.78886
0.77446
0.76913
0.72277
0.76736
0.71285
0.8091
0.84528
0.90157
0.85901
0.77268
0.71945
0.72946
0.74817
0.78343
0.82604
0.74989
0.74817
0.70632
0.74989
0.81096
0.71614
0.79983
0.81846
0.79799
0.80168
0.75683
0.76208
0.83946
0.76913
0.77268
0.82224
0.77625
0.81283
0.81658
0.85507
0.75683
0.77625
0.74473
0.74645
0.77446
0.75683
0.74989
0.93972
0.80724
0.73114
0.79799
0.79433
0.77625
0.83176
0.82414
0.70795
0.73282
0.75336
0.75162
0.7709
0.78886
0.74817
0.76208
0.75509
0.83176
0.8892
0.7379
0.73451
0.76208
0.81846
0.74302
0.79983
0.7656
0.73961
0.76736
0.75336
0.8892
0.74302
0.77268
0.8147
0.72946
0.75336
0.79616
0.72111
0.83176
0.72611
0.76736
0.72946
0.78163
0.74473
0.75683
0.75162
0.79433
0.78163
0.72444
0.7656
0.73451
0.7656
0.78705
0.75683
0.78343
0.87096
0.74645
0.80353
0.77983
0.75858
0.72444
0.78343
0.73961
0.73451
0.8091
0.8147
0.76913
0.80168
0.8414
0.74473
0.71121
0.71945
0.78524
0.93325
0.78886
0.77983
0.79068
0.85114
0.75683
0.76384
0.83368
0.79068
0.75509
0.76033
0.74989
0.8147
0.99312
0.75336
0.7709
0.74473
0.81846
0.71779
0.73961
0.75509
0.75509
0.72111
0.75858
0.74989
0.73114
0.80724
0.75683
0.7379
0.77446
0.77983
0.72778
0.73621
0.74645
0.70146
0.79068
0.84723
0.78524
0.8531
0.81096
0.78163
0.76033
0.76913
0.71121
1.0568
0.73282
0.80724
0.75336
0.78163
0.76736
0.8091
0.81658
0.76384
0.74131
0.77983
0.83753
0.77983
0.81096
0.76033
0.78163
0.80168
0.82035
0.88308
0.82414
0.71121
0.7709
0.7656
0.7379
0.79068
0.78886
0.74302
0.79799
0.75162
0.74989
0.81283
0.74131
0.83753
0.91201
0.73621
0.73114
0.76033
0.76736
0.78705
0.73451
0.74645
0.75858
0.74302
0.78524
0.74645
0.7379
0.72946
0.77804
0.74989
0.7709
0.76913
0.81658
0.82414
0.72444
0.70469
0.77625
0.78343
0.76208
0.71945
0.78705
0.85114
0.82035
0.7379
0.7656
0.78886
0.76736
0.76913
0.78705
0.80538
0.89125
0.88512
0.76736
0.78524
0.76384
0.80353
0.75683
0.78343
0.74645
0.78886
0.77446
0.77446
0.75858
0.79433
0.89743
0.79983
0.7925
0.877
0.79799
0.73282
0.8091
0.79433
0.73282
0.81283
0.77983
0.81283
0.72444
0.81846
0.77983
0.82794
0.7709
0.74645
0.80353
0.7709
0.74989
0.83946
0.72778
0.70958
0.73621
0.76033
0.89331
0.77804
0.69024
0.76913
0.8531
0.74131
0.877
0.75509
0.75683
0.80353
0.8531
0.81283
0.7379
0.83368
0.76033
0.73961
0.86696
0.77446
0.75683
0.73961
0.73621
0.72778
0.73282
0.75162
0.73451
0.74302
0.73621
0.77268
0.80168
0.82414
0.74817
0.74989
0.74302
0.74645
0.7709
0.88716
0.7379
0.78705
0.75683
0.84333
0.79068
0.76384
0.72778
0.76736
0.79068
0.69343
0.69823
0.8147
0.78886
0.76913
0.7656
0.77268
0.77983
0.71945
0.74302
0.79799
0.79616
0.8356
0.74645
0.7656
0.85901
0.74131
0.8531
0.75683
0.84528
0.74302
0.69502
0.78524
0.74302
0.75509
0.7379
0.75162
0.73961
0.81846
0.81283
0.71285
0.85704
0.74817
0.76913
0.76033
0.79616
0.75683
0.77983
0.72778
0.75162
0.77268
0.76033
0.74817
0.72111
0.79068
0.78705
0.7709
0.76913
0.74645
0.74302
0.81846
0.81658
0.73451
0.74473
0.72778
0.78343
0.83946
0.75683
0.7656
0.73114
0.75858
0.74645
0.73114
0.82985
0.82604
0.79799
0.79983
0.72277
0.82224
0.79616
0.74645
0.73961
0.74817
0.73114
0.72946
0.77268
0.73621
0.72111
0.79799
0.79068
0.71945
0.78886
0.78343
0.83368
0.7379
0.73282
0.75162
0.82224
0.74473
0.82604
0.74473
0.71779
0.78343
0.75162
0.77446
0.80168
0.81096
0.77804
0.74302
0.76384
0.71945
0.78163
0.74302
0.71285
0.87297
0.72946
0.77268
0.72778
0.77446
0.7656
0.84333
0.74131
0.75858
0.78886
0.73451
0.73282
0.82224
0.75683
0.74473
0.72111
0.77446
0.74989
0.81283
0.78163
0.82604
0.7925
0.74302
0.7145
0.72444
0.7925
0.79616
0.72111
0.7656
0.7925
0.78886
0.79799
0.75858
0.71285
0.74302
0.79068
0.79983
0.74131
0.87498
0.76736
0.76208
0.89536
0.81283
0.81096
0.76384
0.83753
0.74989
0.79983
0.76208
0.74131
0.77983
0.77983
0.76208
0.78524
0.7709
0.77268
0.75858
0.78524
0.75162
0.76208
0.76033
0.77268
0.77625
0.84333
0.80538
0.72111
0.84528
0.8091
0.87498
0.74302
0.72611
0.76033
0.78524
0.83753
0.77268
0.76208
0.87096
0.89743
0.79433
0.75858
0.73282
0.88716
0.82035
0.70307
0.83753
0.86099
0.91201
0.77625
0.76384
0.73282
0.77983
0.78524
0.74302
0.76208
0.74989
0.82224
0.72946
0.77268
0.81283
0.76384
0.75162
0.79616
0.74989
0.98401
0.77625
0.87902
0.76033
0.77804
0.92257
0.82985
0.72111
0.76384
0.7925
0.76913
0.83176
0.76913
0.76033
0.74473
0.71121
0.72444
0.72778
0.75509
0.78886
0.82985
0.8414
0.70958
0.72111
0.8414
0.70795
0.68865
0.84723
0.79983
0.74473
0.73961
0.76384
0.78343
0.77804
0.78524
0.77625
0.74817
0.76384
0.77446
0.7379
0.73961
0.76208
0.74989
0.85507
0.77625
0.76736
0.8356
0.78343
0.78343
0.78886
0.93325
0.75683
0.8091
0.94624
0.75509
0.75509
0.82604
0.78705
0.76033
0.78886
0.73621
0.75336
0.76033
0.75683
0.77446
0.877
0.89743
0.75858
0.83176
0.77625
0.75858
0.73621
0.76736
0.70795
0.82604
0.70958
0.81283
0.82794
0.71779
0.7379
0.7379
0.74131
0.77804
0.75336
0.73114
0.78163
0.75336
0.7656
0.74817
0.77446
0.7379
0.79983
0.9977
0.85901
1.0046
0.83368
0.75162
0.79616
0.79799
0.84918
0.8531
0.77446
0.79068
0.74989
0.81096
0.87902
0.77446
0.77804
0.74131
0.76384
0.70146
0.79433
0.80538
0.72946
0.83946
0.78343
0.71285
0.84723
0.73451
0.72611
0.7379
0.76033
0.74989
0.74817
0.74302
0.8147
0.82035
0.91622
0.74131
0.78343
0.7379
0.73961
0.73621
0.74989
0.7379
0.81658
0.77625
0.73114
0.77446
0.76913
0.71121
0.8091
0.75162
0.74302
0.74131
0.74817
0.78886
0.75858
0.70958
0.72111
0.74645
0.72778
0.73282
0.76208
0.75858
0.75162
0.78163
0.83946
0.75858
0.7925
0.80168
0.82604
0.75162
0.75858
0.78343
0.75336
0.87902
0.78343
0.79983
0.84918
0.72611
0.74302
0.78163
0.75162
0.68391
0.7925
0.77268
0.77446
0.73114
0.76033
0.73961
0.78163
0.72946
0.7145
0.7379
0.70307
0.71121
0.74302
0.75162
0.69823
0.72611
0.7709
0.72778
0.73621
0.74645
0.86896
0.71614
0.7656
0.7709
0.79616
0.73961
0.76736
0.71285
0.73961
0.73114
0.79616
0.71121
0.94406
0.86298
0.7656
0.72778
0.76208
0.78163
0.80168
0.76208
0.74473
0.71614
0.7379
0.71779
0.73961
0.7925
0.74645
0.80538
0.7709
0.80724
0.80538
0.82985
0.8147
0.93756
0.73621
0.77268
0.75336
0.74473
0.85704
0.77446
0.74817
0.70795
0.79068
0.8414
0.87498
0.79616
0.72946
0.81283
0.82604
0.86896
0.76913
0.79433
0.78163
0.81846
0.83176
0.73961
0.73621
0.82035
0.78705
0.79983
0.78524
0.84528
0.76033
0.79068
0.81096
0.82414
0.80168
0.84528
0.78163
0.75683
0.75858
0.81846
0.73114
0.79068
0.89743
0.83176
0.75162
0.7925
0.76033
0.75336
0.75858
0.74817
0.74645
0.73282
0.75683
0.76208
0.85507
0.86696
0.76736
0.74645
0.71779
0.70795
0.74473
0.82794
0.77268
0.76384
0.80168
0.78163
0.79616
0.81658
0.75162
0.78163
0.7379
0.78705
0.77625
0.72444
0.7379
0.78343
0.79616
0.80538
0.76913
0.70795
0.80168
0.8147
0.73282
0.7379
0.74989
0.75509
0.73282
0.82604
0.77268
0.78163
0.77983
0.70307
0.71945
0.83753
0.76033
0.74645
0.80168
0.77268
0.75509
0.75858
0.79616
0.79433
0.82224
0.80538
0.68549
0.72946
0.8091
0.72778
0.73282
0.72611
0.75858
0.74131
0.76736
0.77804
0.75336
0.78705
0.79068
0.77804
0.78163
0.73114
0.71779
0.87297
0.76913
0.77268
0.82985
0.7145
0.75162
0.78886
0.74645
0.74473
0.77804
0.81846
0.72444
0.8356
0.77625
0.80353
0.73451
0.78886
0.72946
0.77804
0.82794
0.76913
0.85114
0.82224
0.87498
0.76033
0.75509
0.80724
0.84333
0.75858
0.78163
0.77804
0.73961
0.76384
0.75162
0.80353
0.75336
0.78524
0.76384
0.74473
0.71945
0.77446
0.75162
0.76033
0.73114
0.77268
0.77268
0.79068
0.75509
0.79983
0.85507
0.75683
0.77983
0.76033
0.76384
0.7379
0.76913
0.76033
8.531
3.0479
