1.1066
1.7579
2.0941
0.97499
1.1066
0.90573
0.91411
0.87498
0.9594
0.99312
1.1641
3.7068
0.83176
3.0409
1.0495
1.0666
0.91411
0.93541
1.7338
0.93541
1.1482
1.4894
1.9055
1.1041
1.1041
1.1041
1.1041
1.1041
1.1041
1.1041
1.1041
1.1041
1.1041
1.1041
1.1041
1.1041
1.1041
1.1041
1.1041
1.1041
1.1041
1.1041
1.1041
1.1041
1.1041
1.1041
1.1041
1.1041
1.1041
1.1041
1.1041
1.1041
1.1041
1.1041
1.1041
1.1041
1.1041
1.3366
0.85114
1.803
1.5631
1.6406
1.6406
1.6406
1.6406
1.6406
1.6406
1.6406
1.6406
1.6406
1.6406
1.6406
1.6406
1.6406
1.6406
1.6406
1.6406
1.6406
1.6406
1.6406
1.6406
1.6406
1.6406
1.6406
1.6406
1.6406
1.6406
1.6406
1.6406
1.6406
8.2985
8.1846
2.4774
1.0789
2.3659
1.2647
5.8479
5.0582
5.7544
0.87096
0.93756
0.77983
0.90573
0.80538
0.82604
0.85901
0.86099
2.9174
0.99541
0.79616
1.0023
0.99541
1.4028
2.0989
7.1285
13.868
14.825
1.3677
2.8119
2.5527
4.4668
0.83753
2.0324
1.3552
1.3677
2.5351
3.8815
1.2078
1.8408
0.77804
0.82414
0.85507
1.6904
2.7733
2.5942
1.0495
1.2942
0.78705
2.1184
1.0399
1.4894
2.3496
2.1727
1.8578
2.2336
2.3281
1.7865
1.4256
1.4757
2.0559
5.2602
0.91622
12.19
7.9983
1.4622
2.1086
3.2434
3.5727
0.92683
0.80168
0.88105
0.82035
0.99083
0.71945
0.84528
0.89125
0.9528
0.98175
1.9724
20.417
17.14
2.7925
0.96383
1.099
1.074
1.052
1.1429
2.5119
2.9309
11.668
10.257
1.1695
1.7498
1.074
1.9907
1.0568
1.2503
0.91833
1.1455
0.8147
0.7925
0.85114
0.84723
0.84723
0.74473
7.4473
0.80724
0.83368
2.4547
1.0617
1.2589
1.8923
1.5453
0.77804
16.866
1.3772
0.98628
0.91411
1.0233
5.902
6.0117
1.1429
1.183
1.39
1.0351
1.4289
1.4757
1.1995
1.094
0.90991
1.2023
1.194
1.194
1.2706
1.2677
2.2233
1.1376
0.9594
0.86896
0.97949
1.094
0.94189
0.82414
1.3092
0.92897
0.75162
0.93111
0.81846
0.94406
11.668
8.5704
13.459
15.488
2.0701
1.0304
2.2542
4.1976
5.559
0.87902
0.85901
2.7669
3.4674
0.81283
0.8356
1.8365
0.97724
1.0046
2.0137
1.4454
1.3092
1.1246
1.3305
1.574
1.6711
1.556
4.8865
4.5814
1.4825
0.85901
0.81658
0.78524
0.79068
2.6424
5.902
0.91201
0.99312
6.8707
15.56
6.8707
1.1429
0.81283
1.1508
0.80353
2.8314
14.655
1.0304
1.4894
1.5885
1.1117
1.3213
1.3032
1.3996
1.3709
1.4355
1.39
1.6634
1.2417
1.9724
0.96383
0.80353
0.86298
1.3152
1.5812
0.92897
0.80353
0.82985
0.7925
0.82414
1.1885
0.8414
0.75858
0.79616
0.87096
1.4928
1.9364
0.73282
0.77625
0.87096
0.8091
0.74989
0.83176
0.78524
0.81658
0.98175
0.7925
0.83176
0.80538
0.79799
0.90782
0.81283
0.91411
1.2794
0.89743
0.87297
0.92045
1.6368
1.4825
0.75336
0.73451
1.1967
0.8995
0.75683
0.90782
0.81658
0.77983
0.85114
1.1535
0.76033
0.8091
0.77446
0.75336
0.80538
1.0965
0.8356
0.71121
0.74989
1.5849
0.97499
1.1561
0.97051
0.97724
1.1117
1.0839
1.6982
0.78343
0.80168
0.78886
1.406
0.82985
0.87096
0.88512
0.77268
0.87902
1.4388
0.8147
0.8531
0.82414
0.83753
0.87498
1.5276
0.74302
0.70469
0.77625
0.80353
0.80353
0.78705
0.7709
0.75683
0.84528
0.74645
0.72111
0.75509
0.82035
0.82794
0.82035
0.75162
0.78524
0.76913
0.75858
0.75509
0.7925
0.86099
0.73451
0.91622
0.84528
0.79799
0.86896
0.76913
0.80353
0.76033
0.80168
0.7656
0.8147
0.76033
0.71614
0.81846
0.77983
0.70958
0.96828
0.83176
0.74645
0.82035
0.83176
1.6827
1.2134
1.3305
0.86099
1.2134
1.2618
1.1535
1.1324
1.3583
1.7906
1.1695
1.1561
1.1776
0.96605
1
0.96828
1.6181
1.0965
1.1668
1.0889
1.3243
1.4223
1.9634
1.0471
0.77446
0.75162
0.90365
0.74645
0.74989
0.78705
0.7379
0.70795
0.77804
0.77268
0.83368
0.79983
0.72611
0.90573
0.80168
0.74817
0.81096
0.79433
0.75858
0.75858
0.69502
0.73961
0.71779
0.72611
0.73114
0.74473
0.8091
0.72946
0.91833
0.70469
0.81283
0.71779
0.78343
0.69343
0.76913
0.73282
0.91411
0.87902
0.68077
0.76033
0.8531
0.74131
0.8531
0.78524
0.83368
0.77446
0.70307
0.96161
0.90365
0.85704
1.3062
0.77804
0.8091
1.6331
0.80724
0.77446
0.87096
0.87498
0.83753
1.0233
0.8091
0.89331
0.97724
1.1143
0.8414
0.88105
0.79983
0.93756
0.82224
0.68865
0.90365
0.75858
0.74302
1.3243
0.84528
0.88105
0.91833
1.2417
1.5171
1
1.5382
0.74473
0.86696
0.83946
0.93541
0.84528
0.79983
1.2359
0.76913
0.81658
0.92257
1.2677
0.81096
1.1482
1.4125
0.94624
0.83176
1.4997
3.54
3.2885
0.74302
0.87902
0.75683
0.79983
0.8147
0.76033
0.78343
0.78886
1.2823
1.0568
0.8147
0.78163
0.80168
0.81846
1.2531
1.1324
1.0162
0.78705
0.76033
0.72778
0.80168
0.79616
0.80353
0.71285
0.84723
0.8147
0.73621
0.7925
0.88308
0.77804
0.8414
0.7709
0.73451
0.76736
0.81283
0.76736
1.2134
1.2706
0.93541
0.93756
1.0814
0.76384
0.91833
0.99312
0.70469
0.72611
0.82035
0.77983
0.75509
0.80353
0.7145
0.78524
0.70469
0.75858
0.82985
0.86696
0.86696
0.82604
0.8091
0.94842
0.91201
0.84918
0.89331
0.77625
1.2735
1.5488
0.72277
0.81658
0.69984
0.76384
0.73961
0.75336
0.86896
0.74645
0.80168
0.70146
0.84528
0.79068
0.67298
0.73282
0.78886
0.80353
0.77446
0.76208
0.84528
0.74473
0.77983
0.7145
0.79983
0.68865
0.78524
0.7709
0.75162
0.76384
0.9594
1.1429
0.75683
1.9679
0.73621
0.78886
0.77268
0.8531
0.75336
0.76384
0.72444
0.76913
0.69502
0.7925
0.69984
0.74131
0.82985
0.75683
0.78524
0.78524
0.75683
0.83368
0.8531
0.70795
0.83176
0.7925
0.8414
0.80353
0.76913
0.71614
0.95499
0.76033
0.84528
0.80538
0.98855
0.9594
0.92045
0.92897
1.0233
0.93111
1.1668
0.99312
0.73621
0.75683
0.74817
0.8414
0.78343
0.8892
0.73451
0.7145
0.81658
0.79433
0.8995
1.2274
0.73451
0.74989
0.8414
0.82035
0.8892
0.74645
1.0023
1.9634
0.72444
0.76208
0.74131
0.78524
0.76384
0.67608
0.71614
0.68549
0.81658
0.86497
0.94624
0.79068
1.4093
0.9594
2.0324
0.71945
0.77983
0.74989
1.3932
0.8356
0.76384
0.89536
1.074
0.877
0.74989
0.96161
0.82604
0.79799
0.77804
0.81283
0.8091
1.094
0.90157
0.75336
0.81096
0.78524
0.82224
0.92257
0.86298
0.92257
0.72277
0.70307
0.7656
0.80724
0.79433
0.79799
0.76208
0.72946
0.79616
1.0186
0.84918
0.97499
1.3552
1.5704
1.0186
2.1429
1.5524
0.81846
0.83176
0.78343
0.79433
0.82794
0.76736
0.7925
0.77268
0.75162
0.73451
0.79068
0.72277
0.75162
0.7379
0.72611
0.88105
1.3964
1.4191
1.4791
0.82604
0.80724
0.76208
0.83176
0.79068
0.70307
0.84333
0.88716
0.83753
0.71614
1.2677
0.85901
0.74473
0.78524
0.74131
0.74817
0.78705
0.74817
0.82604
0.8091
0.74302
0.75336
0.76208
0.75683
0.81846
0.78524
0.76208
1.0423
1.6255
1.8793
0.82794
0.81283
0.79983
0.73451
0.77983
0.79616
0.81658
0.82985
0.73621
0.97051
1.0069
0.99312
0.93111
0.72611
0.9977
1.0914
0.92045
1.0233
0.93111
0.82985
0.77625
0.77446
0.75683
1.2274
0.68865
0.86298
0.74817
0.79616
0.80353
0.94189
0.76913
0.80724
0.77983
0.88716
1.0046
0.81658
0.82794
0.77268
0.83368
0.7379
0.87498
0.82414
0.78705
0.84918
0.74645
0.75162
0.7709
0.74989
0.81658
0.76736
0.71945
0.72778
0.80353
0.78524
0.77804
0.83368
0.85704
0.85114
1.1272
0.8892
0.7379
0.80724
0.87297
0.9977
0.81846
1.5922
0.83368
0.81658
0.89125
0.81846
0.85507
0.92683
0.94406
0.72611
0.81096
0.78886
0.8531
0.85901
0.98175
0.83176
0.72611
1.5996
0.91201
1.0544
1.2942
1.3614
1.2388
1.0257
1.0839
1.1588
1.2706
1.6749
2.5942
0.86099
0.97949
0.73282
9.5719
0.80353
0.75858
0.80724
0.75858
0.73451
0.79799
0.83176
0.90365
0.78163
0.70795
0.79799
0.72946
0.72611
0.78705
0.82604
0.68077
0.82035
0.77983
0.91622
0.82604
0.82604
0.71614
0.74131
0.74131
0.72778
0.77983
0.7145
0.74131
0.89125
0.80168
0.79068
0.75509
0.8414
0.93111
0.74473
0.90365
0.75683
0.84528
0.68391
0.76384
0.81658
0.72444
0.76208
1.0023
2.0749
2.4889
0.93325
2.2909
0.83368
0.79068
0.81846
0.85901
0.88308
0.79799
0.7656
0.76208
0.75509
0.89743
0.80724
0.77983
0.89125
0.74473
0.9506
0.79983
0.87498
0.77446
0.92683
0.76913
0.71945
0.84528
0.76033
1.074
1.0351
0.76033
0.83753
0.80353
1.0889
0.78343
0.68234
0.75858
0.77983
0.72277
1.6444
1.1641
0.99083
0.8531
0.86099
0.73621
0.84723
0.77268
0.76736
0.74131
0.78163
0.70632
0.7709
0.75683
0.78705
0.81658
0.73114
0.80168
0.93541
0.74989
0.87902
0.74473
0.73114
0.71779
0.72111
0.72946
0.70307
0.9506
0.74989
2.3335
0.78705
0.83753
0.81283
0.7925
0.7709
0.7925
0.77446
0.74989
0.77446
0.84918
0.86896
0.74645
0.8414
0.7656
0.75858
0.76736
0.7656
0.7709
0.78705
0.75683
0.86696
0.97949
1.5276
0.8147
0.80724
0.86896
1.0139
0.90991
1.1614
1.256
1.0544
1.1776
0.84528
0.76208
0.84528
0.7709
0.98855
0.79799
1.5668
0.86696
0.89536
1.0617
0.76033
0.83368
0.84528
1.0162
1.1298
0.99541
1.8113
0.79068
0.82604
0.75336
0.8091
0.81096
0.70795
0.8091
0.83753
0.9594
1.2503
1.2589
0.82985
0.87902
0.72611
0.8414
0.78524
0.75683
0.84333
0.92897
0.80353
0.83176
0.75162
0.84918
0.75683
0.76208
1.183
0.75858
1.194
0.83368
0.86298
0.9528
0.81096
0.90573
0.82035
0.78886
0.75858
0.72611
0.79616
0.7656
0.7656
0.7379
0.7656
0.69502
0.72946
0.77625
0.72946
0.70958
0.82035
0.77625
0.8995
2.3442
0.89331
1.0471
0.85704
0.79983
1
0.75336
0.77268
1.1722
0.69823
1.3583
0.87498
0.73621
0.82604
0.8091
0.7925
0.92897
0.75683
0.7925
0.83368
0.82604
1.0139
0.90157
0.82604
0.74131
0.8531
0.81658
0.82035
0.86497
0.86099
0.82414
0.92683
0.8091
0.7709
0.74473
0.71945
0.83368
0.81846
0.78705
0.76913
0.85114
0.76384
0.93541
0.99312
0.70795
0.93111
0.79068
0.79068
0.7709
0.88716
0.69502
0.72111
0.8414
0.7925
0.73114
0.84333
0.89331
0.84918
0.74473
0.74131
0.80538
0.75336
0.74473
0.83753
0.76033
0.78705
0.9247
0.84723
0.86696
0.83753
0.92683
0.99541
0.9247
1.8323
1.0691
1.0447
1.028
1.714
0.97724
1.0715
1.1995
0.78524
0.72778
0.76208
0.84528
0.7925
0.77625
1.0023
0.98401
0.8995
1.0447
1.8493
1.0617
1.6711
0.83176
0.83176
0.83176
0.86298
0.73451
0.87498
0.74302
0.72611
0.84528
0.86896
0.76033
0.69823
0.8091
0.89125
1.099
0.89536
0.77268
0.85507
2.4547
0.81283
1.3152
1.1272
1.1324
0.88308
0.8356
0.78163
0.87902
0.72111
0.76913
1.3397
0.75683
0.86099
0.80168
0.86099
0.93756
0.81096
0.8091
0.77446
0.79068
0.75509
0.74645
0.77446
0.74989
0.92257
0.75858
0.85901
0.7709
0.76913
0.8147
0.74131
0.83946
0.73451
0.75509
0.82224
0.7709
0.81846
0.89125
0.7709
0.85704
0.75683
0.87297
1.4223
0.74473
0.83176
0.68707
0.9594
0.93972
0.85901
0.94624
0.84918
0.82035
0.85901
0.96161
0.94406
1.845
2.0137
0.74645
0.76033
0.76384
0.70958
0.79068
0.78886
0.84333
0.8995
0.87096
0.92683
1.1858
0.94406
0.81096
0.9594
0.9247
0.84528
1.1376
0.88716
0.96605
1.2942
1.6634
0.87096
0.94189
0.91411
0.7709
0.8356
0.98855
5.728
0.99083
0.95499
1.3583
1.1143
1.5417
1.5849
0.96161
0.74131
0.77268
0.76384
0.70469
0.75858
0.78163
0.7656
0.75858
0.85114
0.77804
0.78705
0.78524
0.72277
0.82414
0.89331
0.80353
0.81846
0.7656
0.76033
0.74817
0.87297
0.76736
0.77625
0.73621
0.83946
0.8414
0.82035
0.86497
0.88512
0.78163
0.77268
0.74473
0.80353
0.86696
0.84723
0.69823
0.77983
0.74131
0.80168
0.7656
0.79799
0.77268
0.75683
0.79616
0.76033
0.91833
0.77268
0.82035
0.9977
0.8531
0.80724
1.0544
0.75683
0.78886
0.76208
0.72444
0.89536
0.79983
0.84333
0.77446
0.79799
0.78886
0.77625
0.83176
0.85114
0.81283
0.77983
0.70146
0.7709
0.84723
0.79799
0.82794
0.76913
0.79433
0.74131
0.85507
0.84528
0.74131
1.2303
0.86497
1.2246
0.78705
0.92683
0.80168
0.72444
1.7824
1.5453
0.81658
0.79983
0.94842
0.76913
1.0257
1.1455
1.4223
1.2764
1.1995
1.2794
1.219
0.8995
0.74473
0.97275
0.83946
0.79983
0.73282
0.76033
0.73114
0.78705
0.75858
0.81846
0.90157
0.78705
0.77625
0.76736
0.98401
0.97051
0.82794
0.72946
1.0328
0.90782
0.8531
1.6749
0.8531
0.75336
0.73451
0.89125
0.67298
0.81283
0.69984
0.8414
0.76384
0.75336
1.0257
0.72611
1.2303
1.5101
0.8995
0.85704
0.89743
0.75683
1.0914
0.877
1.6144
0.90365
1.135
1.3964
0.77625
0.90573
0.85901
0.87096
0.9506
0.7656
0.76913
0.88308
0.85114
0.82794
0.88105
0.8892
0.76208
0.99083
1.1169
0.82224
0.7379
0.84723
0.98628
0.75683
0.87902
0.86298
0.82414
0.877
0.85114
0.76913
0.90157
0.92897
1.0162
0.83176
1.0093
0.8531
0.7379
0.90782
0.9506
0.85901
0.8531
0.86298
0.7925
0.85704
0.80168
0.92897
0.92683
0.85114
0.86696
0.80353
0.94624
0.86696
0.86696
0.79433
0.83176
1.349
0.74645
1.0375
0.99541
1.2474
0.98628
1.1722
1.3152
0.9506
1.9634
0.88716
0.8147
0.74131
0.89743
0.8995
0.97275
0.78343
0.85114
0.75858
0.7925
1.1668
1.4388
1.4388
0.90782
0.96161
1.1995
0.85114
0.76384
0.78343
0.8531
0.83176
0.78343
0.87902
0.82985
0.81846
1.4723
0.79983
1.2303
1.4521
0.91201
0.7379
0.87498
0.86298
0.78886
0.76208
0.84723
0.76913
0.71614
0.8356
0.77446
0.79616
0.82985
0.71779
0.97051
0.8147
0.79068
0.77268
2.6122
0.92683
0.98401
1.2388
1.2023
0.98855
1.4894
1.3002
1.135
0.92257
1.0233
0.82985
0.90157
0.83946
0.84723
0.82985
0.72946
0.80724
0.77804
0.68549
1.0328
0.83176
1.0233
0.8414
0.99541
0.82794
0.78705
0.93541
0.96605
0.84918
0.80168
0.84918
0.87297
0.95499
0.77983
1.0209
1.2274
0.91833
0.71779
0.75509
0.86696
0.72444
0.79068
0.74989
0.8091
0.78343
0.72778
0.70795
0.7656
0.80353
0.80353
0.76033
0.90782
0.85507
1.0666
1.5812
0.96161
0.8531
0.96383
0.84528
2.0464
0.76208
0.76033
0.89743
0.92045
0.8414
0.81658
0.84333
0.79799
0.87096
0.7709
0.77268
1.1402
0.85704
0.83176
0.9506
1.0351
0.877
0.91201
0.82035
0.77625
0.97275
0.93111
0.83946
0.7925
0.80353
0.87498
0.84723
0.82604
0.69024
1.1066
1.2764
0.97051
0.87498
0.81096
0.67608
0.81283
0.86696
1.4421
0.83946
0.77983
0.8892
0.75162
0.8147
0.79799
0.79799
0.91201
0.84528
0.78343
0.71121
0.84333
0.97724
0.79616
0.93325
0.79068
0.78163
0.79616
0.8147
0.90991
0.78343
0.77268
0.9528
0.84723
2.6485
0.82224
0.96605
0.84723
0.78524
0.8147
0.92257
1.6444
0.78524
0.90782
0.82414
0.86298
0.77983
0.86497
0.87902
0.72946
0.74989
0.7656
0.8091
0.76736
0.88308
0.86696
0.74473
0.9977
0.84918
1.2531
0.79433
0.79616
0.91411
1.1015
2.0893
2.3768
0.87096
0.84333
1.219
1.0666
1.122
0.88308
0.98401
16.788
14.322
1.2218
1.0715
0.97051
0.91622
0.96161
1.094
0.84333
1.122
1.0069
1.052
1.1455
1.0691
1.256
1.8493
0.78886
0.82794
1.556
0.92045
0.74302
0.82224
2.4547
0.7709
0.82414
0.78524
1.0233
0.81846
0.88308
0.8531
1.0093
1.4962
0.7925
0.83176
0.90991
0.90991
0.89743
0.76208
1.3428
2.0701
0.99312
0.98628
1.205
1.0593
4.7315
4.4978
9.0157
1.2246
0.94189
0.9247
0.9528
1.0965
1.0399
2.0654
1.0328
0.8414
0.9528
0.9528
0.98401
0.90991
1.0471
0.97499
1.1041
0.98175
0.73282
0.78524
0.8414
0.75336
0.76913
0.78524
0.76384
1.2942
0.83176
1.9364
1.7498
1.4488
0.85704
1.2589
1.6788
0.91201
2.7669
0.83753
1.762
2.1038
1.8493
0.97949
0.97499
1.028
0.9506
1.4894
0.95499
1.4997
0.82224
0.79616
0.98175
0.79616
0.85704
0.78163
0.73114
3.7584
1.3305
0.77983
0.79616
0.74131
0.83946
0.74473
0.85114
0.76736
0.69502
0.77446
0.85507
0.89536
0.76033
0.82035
0.73282
0.82035
0.76736
0.81846
0.8091
0.76208
0.76384
0.76736
0.76384
0.82224
0.98175
1.0423
0.75336
1.4191
0.88512
1.6032
1.8493
1.1482
1.0423
1.2794
1.3459
1.183
1.1749
1.0495
0.98175
1.4454
0.80724
0.74645
0.8091
0.78886
0.77983
0.86497
0.92897
0.79068
0.80538
0.75336
0.76736
0.74645
0.80353
0.76384
0.80538
0.8995
0.77446
0.86896
0.97499
1.7378
1.7824
1.5596
3.3189
0.72611
0.88716
0.73282
0.87498
0.83176
0.82794
0.90573
0.90573
0.8356
0.7656
0.92683
0.73282
0.76033
0.85507
0.83753
0.79616
0.69984
1.0069
0.7656
0.9528
0.85114
0.88716
0.80353
0.83946
0.8414
0.83753
0.86497
0.7925
0.98175
0.84528
0.79799
0.8147
0.87096
0.75162
0.77446
0.86696
0.8414
2.9648
0.7709
0.81846
1.0233
0.94624
0.85901
0.67298
0.8531
0.83368
0.76736
0.72111
0.86696
0.78524
1.0839
1.2134
0.9594
1.0423
0.85507
0.80538
0.90365
0.99312
1.135
1.1015
1.1455
1.1117
1.0495
1.4894
1.0069
1.1092
1.0257
1.8323
0.85901
0.84528
0.78886
0.76033
0.91833
0.82035
0.71779
0.83753
0.8147
0.74302
0.80724
0.76736
0.79799
0.76736
0.89743
0.97724
1.3183
2.0184
1.0375
1.1722
0.9977
2.466
0.80538
1.0257
0.76913
0.87096
0.84918
0.9528
0.78524
0.89125
0.81096
0.81096
0.77268
0.80724
0.77804
0.85507
0.87498
0.7709
0.76208
0.79616
0.83946
0.93972
0.91411
0.86298
0.91622
0.86896
0.8147
0.98401
0.76208
0.74131
0.87297
0.77268
0.85507
0.77446
0.79983
0.88105
1.4588
0.99083
0.93972
0.8892
0.91833
1.1508
1.2388
1.3428
0.8356
0.81658
0.7379
0.79983
0.77625
0.90365
0.83368
0.86696
0.79799
0.80724
0.79616
0.76208
0.77268
0.8356
0.84528
0.82224
0.78524
0.8531
0.82414
0.75336
0.8091
0.79799
0.77446
0.7925
0.84723
0.8356
0.74302
0.99541
0.84333
0.86696
0.85507
0.76384
0.78705
0.78163
0.83753
0.85507
0.8091
1.0023
0.85507
0.69502
0.8091
0.85704
0.82985
0.80724
1.0093
0.79068
0.76913
0.87096
0.95499
0.83176
0.94624
0.78524
0.86896
0.8892
0.7925
0.88105
0.92683
0.84528
0.85704
0.76913
0.90573
0.91201
0.82604
0.7145
0.78343
0.73114
0.7925
0.77268
0.82414
0.84918
1.0666
0.73961
0.93111
0.96605
0.80538
0.97949
0.78343
1.3521
0.77804
0.76208
0.74989
0.75509
0.79433
0.82414
0.80353
0.78524
0.7709
0.877
0.96383
0.83368
0.85507
0.82224
0.81658
0.78343
0.79983
0.83946
0.8531
0.75683
0.77804
0.75683
0.89536
0.94624
0.85704
0.80353
0.89536
1.0139
0.7925
0.86896
0.85704
0.77625
0.79433
0.79616
0.9594
1.205
1.5382
1.0617
1.1641
1.0641
1.8323
1.3092
1.0544
0.79616
2.2491
1.1015
0.93756
0.72277
0.76913
0.8356
0.82794
0.97949
1.0069
0.74817
0.82794
0.83753
0.79433
0.9247
0.74645
0.81846
0.82224
0.81658
0.77268
0.81846
0.7925
0.82035
0.9594
0.86099
1.2417
0.80353
0.79068
0.91622
0.77268
0.7656
0.86896
0.87096
0.90573
0.74817
1.1508
0.81658
0.86696
0.8356
0.82604
0.93972
0.9528
0.84918
0.76736
0.82985
0.97275
0.83753
0.77268
0.82794
0.85901
0.88716
0.97051
1.0093
0.88512
0.84918
1.0765
1.0617
1.0914
1.1803
1.1041
1.2218
1.374
1.3836
1.2078
1.2388
0.76736
0.93325
0.88716
0.83176
0.9594
0.86298
0.95499
0.91201
0.89125
1.0715
0.94842
0.79983
1.0814
0.83946
0.9506
0.93972
0.81846
0.79616
0.90157
0.97051
0.79983
1.0715
1.9011
0.78524
0.77625
0.88308
0.89331
0.94842
0.99541
0.7656
0.77983
0.75858
1.6749
1.0423
0.78886
1.1117
1.0789
1.099
0.8995
1.5136
1.374
2.1627
0.85507
1.1066
1.2823
1.6672
1.8197
1.2218
1.2218
1.1402
1.2445
1.0186
1.1995
1.2942
1.2823
1.1749
1.0593
1.6558
0.9247
0.87498
1.052
0.99541
1.2274
1.8923
0.84918
0.8091
0.82224
0.82035
0.90573
0.78163
0.8091
0.85704
0.71779
0.75683
0.81096
0.78886
0.71945
0.72946
0.84723
0.87297
0.7709
0.74989
0.77983
0.84333
0.71945
0.74989
0.80353
0.86896
0.79799
0.8356
0.71285
0.77983
0.80168
0.80353
0.83753
0.8091
0.8531
0.80353
0.86497
0.80353
0.82604
0.84723
0.99083
0.87096
0.84918
0.82604
0.88716
0.91622
0.75858
0.88105
0.8414
0.87902
0.81846
0.72778
0.86696
0.87297
0.81096
0.75683
0.877
0.78163
0.94189
0.8414
0.84723
0.97499
0.75858
0.74989
0.85114
0.877
0.86896
0.75683
0.73961
0.80538
0.92045
0.84723
0.80724
0.77625
0.87096
1.256
0.78705
0.95719
0.74645
0.8414
1.5101
0.96161
0.88512
0.79799
0.84723
0.82414
0.82224
1.0116
0.79983
0.74989
0.8414
0.85507
0.81096
0.74817
0.78886
0.96828
0.87297
0.8091
0.78343
0.87096
0.83753
0.82985
0.79616
0.88308
0.77625
0.80538
0.82035
0.81846
0.78886
0.83176
0.87498
0.7925
0.82604
0.77983
0.72111
0.7925
1.2882
0.82794
0.81283
0.79068
0.92897
1.0046
0.70146
0.76913
0.77983
1.122
1.888
0.85704
0.98855
0.82604
1.0233
1.2764
0.81283
0.95499
0.89743
0.82414
0.91622
0.93756
0.84918
0.73451
0.82224
0.71121
0.82794
0.86298
0.84528
0.80353
0.9506
1.3964
1.5171
0.96383
0.85507
1.1482
1.8493
0.99312
0.89536
0.7925
0.75162
0.87297
0.8531
1.6943
0.72778
0.82414
0.79068
0.75509
0.89331
0.7925
0.72277
0.82414
0.82604
0.83368
0.80353
0.83753
0.8091
0.84918
0.78524
0.7709
0.73114
0.74131
0.75336
0.7656
0.93756
0.87297
0.77804
0.76033
0.81846
0.82224
0.87297
0.77983
0.76913
0.87297
0.80538
0.80168
0.74989
0.80353
0.8414
0.81846
0.76208
0.70795
0.75683
0.73114
0.85901
0.73282
0.7656
0.89536
0.96383
0.77268
0.77446
0.83946
0.75858
0.85901
1.3709
2.0606
0.77804
0.73114
0.80353
0.88308
0.8531
0.74302
0.74645
0.90157
1.4028
0.82794
0.80724
1.0116
0.99312
0.85901
2.0464
1.7219
1.7022
1.2764
0.72444
0.79068
0.78705
0.76736
0.81283
0.74131
0.91833
0.82794
0.78524
0.79433
0.82414
0.79983
0.74131
0.72277
0.81283
0.83176
0.77983
1.0666
1.4894
1.9953
0.72277
0.82604
0.7709
0.90782
0.77804
0.7656
0.90157
0.82604
0.8414
0.85901
0.79616
0.97275
0.78886
0.75683
0.78886
0.75336
0.71945
0.80538
0.84528
0.77983
0.79616
0.75162
0.89743
0.71285
0.78705
0.79983
0.73961
0.86099
0.78343
0.80724
0.72946
0.74131
0.6792
0.74645
0.79433
0.84333
0.82035
0.73961
0.80724
0.85704
0.9506
0.74302
0.93111
0.94406
0.84528
0.74645
0.7709
0.75509
0.7709
0.79983
0.8091
0.77446
0.72611
0.84723
0.80168
0.68549
0.9247
0.75858
0.94406
1.4791
0.78705
0.79799
0.83946
0.81658
0.75509
1.183
0.79983
0.73282
0.70958
0.71945
0.70469
0.74645
0.75336
0.75683
0.74645
0.74817
0.79983
0.72611
0.69343
0.8531
0.78524
0.69183
0.77983
0.7925
0.82035
0.78343
0.78886
0.70307
0.71285
0.72611
0.70795
0.8414
0.73961
0.74989
0.8147
0.74473
0.72277
0.86298
0.97275
1.2589
0.76736
0.94406
0.9594
0.83946
0.80538
0.76736
1.7783
1.0864
0.87498
1.0257
1.2764
1.2303
0.9247
1.0965
1.0069
1.205
1.1641
0.93756
1.194
1.1535
1.2794
1.1041
0.96828
0.82604
0.877
0.83753
1.0351
1.1482
0.81096
0.75162
0.74989
0.88308
1.2417
0.92045
1.4421
0.77983
0.82794
0.78343
2.3988
1.6293
1.4928
0.8091
1.4928
1.1803
3.3651
1.5417
1.1885
2.208
0.92897
0.82035
0.70958
0.78705
0.78524
0.877
0.77983
0.88512
0.8091
0.73451
0.76913
0.72946
0.73282
0.7379
0.79616
0.75683
0.78343
0.8091
0.78705
0.75162
0.80353
0.81658
0.88512
0.72444
0.77268
0.70958
0.9977
1.183
0.88716
0.81283
0.8531
0.7709
1.2735
0.88716
0.91622
1.0691
0.7145
0.68234
0.78705
0.80724
0.91622
0.90573
0.71945
0.79068
0.83368
0.73282
0.91833
0.75683
1.2764
1.3305
1.1668
0.7656
0.77804
0.72444
0.74817
1.0447
1.1668
1.0046
0.71614
0.84528
1.3836
1.4125
0.85901
0.83946
1.5631
1.1668
0.78524
0.78705
0.77446
0.79068
0.86298
0.8531
0.80353
0.77268
0.78705
0.77268
0.84333
0.78705
0.86099
0.7709
0.76913
2.0845
0.98855
1.0568
0.87096
1.1041
0.82224
0.73114
0.73961
0.89125
0.81283
1.028
0.95719
0.77446
0.93325
0.8147
0.92897
1.5101
1.2589
0.83176
0.82414
0.70632
0.79068
0.74989
1.1376
0.80353
0.76384
0.84333
0.78886
0.75162
0.8356
0.84528
0.76208
0.81096
0.80538
0.78163
0.79433
0.83368
0.93111
0.83368
0.78705
0.85901
0.79616
0.77983
0.78524
0.8531
0.81096
0.86497
0.84528
0.78886
0.75336
0.8531
0.74645
0.7379
0.68865
0.70307
0.84918
1.0544
0.95719
0.93541
0.88716
0.72444
0.68707
0.83368
0.77446
0.90573
0.78705
0.82035
0.78343
1.2706
0.92045
1.1324
1.39
0.7656
0.72111
0.82604
0.69024
0.79616
0.7709
0.82414
0.75336
0.8091
0.76913
0.7709
0.70146
0.84333
0.78886
0.86896
0.79983
0.76033
0.82224
0.89125
0.81846
0.86497
0.74989
0.82794
0.77804
0.70469
0.7656
0.83368
0.7925
0.877
0.86696
0.93541
0.82224
0.79433
0.88716
0.76736
0.877
0.92045
0.87902
0.74989
0.76913
0.7925
0.8531
0.75336
0.8531
0.7379
0.80538
0.81096
0.79799
0.75858
0.86696
0.85901
0.73114
0.97275
0.83368
0.84918
0.82794
0.90157
0.79799
1.3459
0.83946
0.84918
0.92897
0.84723
0.68234
0.81283
0.91622
0.85901
0.82414
0.77804
0.75858
0.91833
0.98855
0.86497
0.80168
0.73451
1.0471
0.79799
1.3868
0.79068
1.6444
0.82794
1.3397
1.0568
1.2882
1.3305
1.3274
0.99083
1.2106
0.76208
0.80353
0.73114
0.74989
0.84918
0.88105
1.6634
1.0691
0.94842
0.8414
1.7701
0.73961
0.74473
0.71285
0.74645
0.87096
0.77268
0.81658
0.76033
0.79983
0.76736
0.77446
0.84333
0.73621
0.79983
0.82985
0.85704
0.71121
0.74989
0.76736
0.80538
0.77804
0.74131
0.80168
0.75683
0.7925
0.75162
0.87498
0.79433
0.79799
0.73114
0.74989
0.76736
0.86298
0.97724
0.97275
1.0814
1.1482
1.2882
1.3305
1.4928
0.92045
1.2706
0.94842
1.1749
1.2853
1.1455
1.1858
1.349
0.90782
0.75858
0.89743
0.70958
0.72946
0.74473
0.75162
0.71285
0.91411
0.73282
0.86099
0.89743
1.9907
1.0568
1.9815
2.9717
0.9528
0.82035
0.86298
0.78524
0.75858
0.74645
0.82224
0.81096
0.81846
0.88512
0.86497
0.82985
0.78163
1.0399
2.704
1.5631
0.73282
0.74131
0.75336
0.7656
0.78163
0.77625
0.79983
0.7379
0.75336
0.91411
0.77446
0.81658
0.78343
0.82035
0.8531
0.79433
0.77983
0.82035
0.77983
0.81096
0.80168
0.77983
0.72778
0.77804
0.84723
0.79983
0.90782
0.69984
0.8091
0.88512
0.81283
0.77983
0.77446
0.7379
0.8147
0.83368
0.7925
0.84528
0.75162
0.89125
0.70632
0.78343
0.76384
0.78705
0.70795
0.82035
0.74302
0.91201
0.90991
1.2503
0.83176
0.86298
0.84333
1.0889
0.91411
0.99083
0.97051
1.7258
1.3032
1.6634
1.9055
0.99312
0.72611
0.7709
0.70795
0.76736
0.91833
0.79799
0.76033
0.77446
0.78524
1.2331
0.94189
1.977
4.3451
0.74131
0.72778
0.79068
0.77625
0.93541
0.79616
0.73451
0.84528
0.75336
0.77268
0.75683
0.81096
0.82414
1.0839
0.83753
0.98855
1.3614
0.8147
1.2823
0.79983
0.77268
0.77804
0.8356
0.89536
0.8414
0.92045
1.0641
0.84918
0.79799
1.7742
1.8113
2.9923
0.8414
0.75683
0.77268
0.78886
0.77268
2.5003
1.0471
0.82794
0.81283
0.85507
0.89536
0.80168
0.89125
0.83753
0.82794
0.87498
0.8091
0.83946
0.87096
0.93325
0.94842
0.83753
0.82224
1.1143
0.82985
0.92897
1.135
0.96605
0.92257
0.79068
1.4655
0.91622
0.78163
0.77268
1.2331
1.2218
1.6368
0.75683
0.81846
0.89331
0.73961
0.73114
1.4622
1.9543
3.2734
0.71121
0.73451
0.77804
0.75336
0.7656
0.72111
0.82414
0.75858
0.92683
1.2162
0.89743
1.0814
1.9815
3.8459
1.2078
0.71945
0.79068
1.256
1.4928
1.0447
0.95499
0.93111
1.0046
1.1015
1.2303
0.93756
1.9099
1.1967
0.9247
1.0544
1.2078
1.4355
1.1117
0.86497
0.80724
0.8414
1.2882
0.95719
1.0789
3.0061
0.86497
2.2439
0.70632
0.88512
0.82604
0.81096
0.82604
0.76208
0.84528
0.82224
0.91201
0.91411
0.75162
0.82224
0.78705
0.91833
0.74473
0.78886
0.82985
0.74817
0.8091
0.86298
0.77804
0.79433
0.69663
0.73451
0.74989
0.74473
0.75683
0.82794
0.72111
1.256
0.93325
0.8147
0.86298
1.1066
3.3113
2.208
1.0814
1.2417
1.6106
0.75858
0.96605
0.93111
1.6255
2.2439
0.79799
0.82985
0.85507
0.79068
0.69502
0.76033
0.93972
0.80353
0.72111
0.8531
1.0162
0.9506
0.94189
2.0941
1.0914
1.194
0.75683
0.86298
0.80168
0.81846
0.8091
0.81658
0.76033
0.89743
0.80538
0.89331
0.77625
0.91201
0.80168
0.73451
0.81283
1.219
0.89743
0.78163
0.77625
0.85114
0.93325
0.75683
0.77983
0.77268
0.77983
0.82794
0.73961
0.81096
0.81846
0.70632
0.79433
0.82414
0.79616
0.87096
0.79799
0.73282
0.76033
0.83176
0.82035
1.0568
1.074
1.4355
1.4655
1.3836
1.1776
1.3274
1.0965
2.138
0.79983
0.80538
0.72611
0.75858
0.74131
0.83368
0.78886
0.85507
0.7379
0.77446
0.78705
0.72778
0.93756
0.85704
0.77446
0.78163
0.78163
0.78163
0.74302
0.82985
0.76736
0.72946
0.80538
0.78886
0.74302
0.78524
0.81096
0.75509
0.82985
0.78163
0.75162
0.73114
0.78163
0.81096
0.8892
0.76208
0.78705
0.877
0.79616
0.73114
0.73961
0.8147
0.75336
0.80724
0.76384
0.79616
0.8531
0.74473
1.1298
1.7378
3.2584
0.81283
0.76736
0.77446
0.75162
0.79433
0.76913
0.82604
0.68234
0.74473
0.73114
4.6026
1.0186
0.93325
0.98855
1.0139
1.5346
1.0965
1.574
1.1194
1.0617
1.0447
1.0544
1.7498
1.2388
0.98401
1.0691
1.2647
1.3646
0.93756
1.3183
1.2735
0.86298
1.6331
1.2274
1.1246
1.1967
1.1912
1.1776
1.1912
1.4028
1.0789
2.1627
0.77983
0.76736
0.88308
0.82985
0.88716
0.81283
0.77446
0.7656
0.76736
0.67453
0.80168
0.89536
2.884
20.701
12.589
26.122
15.276
12.417
1.2331
1.4355
2.0606
13.305
34.754
38.371
41.305
12.417
19.724
30.479
15.453
19.634
15.776
20.701
1.1641
1.6558
24.266
16.558
15.101
23.659
8.531
33.806
37.325
2.2646
1.5922
17.14
33.963
32.961
35.892
40.458
39.994
41.02
42.56
25.468
25.763
39.537
35.481
31.046
36.983
31.261
37.497
41.4
18.793
2.1627
30.903
42.462
11.561
31.696
20.464
29.648
40.551
8.4723
43.152
42.073
7.656
30.339
35.237
35.892
35.81
41.783
19.055
21.232
29.174
40.365
7.5858
31.989
25.177
32.211
38.548
10.593
13.583
19.861
16.634
30.409
44.771
37.584
24.155
29.04
14.997
10.765
15.74
39.355
43.152
36.392
32.961
28.642
39.174
30.62
29.923
31.915
32.734
24.155
23.227
28.119
44.361
30.269
37.584
37.411
35.4
36.813
13.521
20.23
14.757
27.733
20.654
30.903
35.645
32.961
32.211
28.51
34.356
1.6144
1.1117
34.277
17.66
16.749
28.314
25.119
25.882
20.654
7.3621
40.365
30.761
21.928
24.322
26.485
32.659
8.2604
23.121
29.717
26.853
27.606
11.455
33.729
35.975
17.179
20.989
24.604
36.983
21.429
27.479
32.81
17.298
21.135
35.237
26.73
21.135
13.397
23.121
20.464
26.977
32.584
38.726
34.754
26.424
29.376
32.509
38.019
28.445
15.668
15.596
0.94624
16.634
19.099
28.51
24.717
33.806
31.189
28.379
33.113
32.885
15.276
20.37
31.477
28.576
14.723
12.218
25.061
24.717
27.606
32.434
16.634
18.88
28.119
29.717
27.29
16.144
11.482
16.406
27.416
32.961
19.498
21.928
15.668
25.882
15.996
13.366
9.4624
6.0814
7.379
0.98628
0.98401
0.87297
1.9231
0.81846
15.205
1.135
1.7865
1.3772
1.1749
3.4041
5.6234
1.1885
1.3335
1.3002
3.3343
0.98628
0.80538
8.7297
14.521
22.594
12.274
36.813
30.903
14.028
27.479
36.058
33.42
26.607
19.32
38.371
22.699
17.498
18.535
23.335
12.618
28.379
22.646
30.13
30.832
25.704
36.983
26.062
23.823
13.996
31.842
25.468
35.645
14.723
13.804
14.421
2.0654
0.97949
0.78343
0.8531
0.91411
1.3428
0.86896
1.1668
0.87297
1.0162
0.91201
0.82414
1.0617
0.88512
0.81658
0.92257
0.94406
0.92257
1.1324
0.86696
0.94842
0.97499
1.1455
0.84723
1.1749
1.1298
0.98175
1.4355
1.7022
0.98401
0.74473
1.0965
0.90365
1.1272
1.5205
1.0839
1.7742
0.9528
1.4689
0.90782
1.3335
1.2503
1.1376
1.71
1.0023
0.82414
2.6546
0.8414
0.91201
1.875
2.4099
8.3176
1.122
1.219
1.0116
1.3213
5.9293
11.722
9.0991
27.99
10.94
13.183
18.03
15.596
25.586
2.6424
2.8576
16.711
14.289
14.06
35.892
34.514
14.093
20.749
12.303
25.823
27.227
26.853
25.41
38.371
16.255
14.421
16.255
22.387
21.232
21.281
21.429
16.866
16.558
23.933
29.174
26.485
31.333
16.181
36.058
31.769
32.81
33.574
25.293
34.514
30.62
43.053
3.3113
24.717
13.002
23.174
35.4
27.542
31.261
29.785
12.589
0.97724
10.715
11.298
18.493
14.622
19.679
21.878
19.907
21.184
32.81
21.777
30.974
31.477
24.155
19.055
33.189
31.842
37.154
28.51
22.284
23.768
17.338
25.177
27.797
20.701
34.198
23.878
33.42
1.4962
16.943
4.217
3.5892
18.408
29.04
21.232
15.066
31.477
43.152
39.264
35.4
30.69
34.834
29.309
34.834
16.749
23.335
26.303
17.824
13.772
17.298
20.277
14.655
7.7804
14.421
28.379
19.953
26.669
23.988
19.77
19.953
25.586
32.885
23.768
14.322
0.90365
0.98628
0.8147
0.86696
0.76736
1.0399
0.82224
1.0423
0.77804
1.0593
0.88512
1.2823
3.0409
21.928
1.2735
1.4521
1.4723
1.7061
1.5959
1.4723
1.7022
2.208
1.652
1.3996
1.1508
2.5645
1.3183
10.28
9.5719
1.0495
2.3768
1.205
2.5351
25.177
34.594
32.063
25.235
26.546
2.9376
5.2723
22.751
0.91622
0.87498
19.953
33.729
29.58
32.961
34.041
18.88
32.285
39.719
6.1518
32.885
32.584
36.813
16.558
22.961
11.376
1.0471
0.97051
0.86298
1.0495
1.1995
1.4289
2.3933
1.2589
24.66
7.8705
17.62
27.353
6.1235
1.8323
0.8892
0.95499
17.298
15.996
24.889
40.458
30.409
32.885
36.224
41.879
11.614
24.378
29.512
40.832
38.107
26.915
28.907
43.053
40.644
38.726
4.9317
15.346
38.194
35.645
32.509
40.551
14.289
16.444
27.861
38.637
