2.6607
2.6485
1.2303
1.4928
3.4356
2.9785
5.8345
1.6181
3.4754
5.0234
15.524
11.94
2.2233
14.289
13.243
1.0965
1.7458
13.583
17.022
2.0137
1.1194
16.596
18.664
2.9309
0.82604
2.0606
17.022
17.989
3.0479
7.8886
14.223
15.241
11.885
19.861
12.735
6.6988
16.218
19.634
13.305
0.94842
1.0233
0.7925
7.0795
11.641
12.882
19.999
0.72946
0.83753
0.73621
1.1041
0.71945
11.912
11.885
18.836
1.8281
0.87096
2.2439
0.77446
1.2531
1.2331
0.92897
2.4889
2.1281
1.2589
7.0958
1.8923
2.2803
3.7497
9.7499
10.641
1.3002
0.79799
0.67608
0.73451
1.5996
0.83753
0.8414
7.4989
8.4528
9.6161
1.3122
0.74817
0.8091
7.145
8.3176
7.0632
16.866
0.73451
0.80538
0.76736
1.0209
2.6792
1.0568
0.95719
0.72946
1.0965
2.4491
6.2806
6.7453
6.166
3.281
6.1094
7.5683
5.1761
0.72444
1.0765
0.65615
0.67608
0.73621
4.5499
3.9811
0.94406
0.85507
0.8356
1.6596
2.5468
4.9888
2.6669
21.33
0.64269
0.66681
0.67143
0.67298
0.64269
0.68391
0.62517
0.93111
0.69663
0.65163
0.67298
0.65163
0.64121
1.0447
2.0464
0.72611
0.78343
0.6166
3.6983
3.1405
1.9454
6.2087
10.568
8.5901
5.224
3.9994
8.3946
11.749
2.1928
0.69823
0.66681
0.63533
0.67764
0.64714
0.6792
1.1455
0.97275
0.90365
0.85507
0.90782
1.0666
2.0893
1.1455
0.84528
6.4863
9.4624
2.5468
0.81096
3.6644
0.7709
0.66069
0.73961
0.74131
0.71285
0.66681
0.99083
0.82794
1.1749
0.74645
0.67608
0.68707
0.78705
0.66834
0.64863
0.73114
0.73282
0.83753
0.87297
0.8091
0.6792
0.77983
0.72946
0.73451
0.70958
0.70469
0.79433
0.93972
0.70795
0.68865
0.68865
0.77446
0.73282
0.65766
0.73451
0.63387
0.61802
0.64417
0.63973
0.62373
0.65917
0.71945
0.68077
0.63387
0.68234
0.75683
0.66069
1.0495
1.574
1.1668
0.69663
0.88716
0.68865
0.68865
0.73621
0.63533
0.61944
0.81096
1.0162
0.67453
1.0765
0.88105
0.89536
1.1535
0.78886
0.66834
0.73961
0.69343
0.64565
0.66988
0.64121
0.65464
0.73961
0.69502
0.69343
1.0351
1.3062
0.72277
1.6218
1.3772
0.78886
0.66834
0.8531
3.8726
0.85704
0.67764
0.7145
1.6331
1.9055
0.67143
1.3677
1.6144
5.224
0.64863
0.61376
2.7797
1.3032
0.78705
0.93972
0.79983
0.65013
0.75336
0.94406
0.8892
0.63387
0.69663
0.65313
0.67143
0.72444
0.83753
0.69663
0.67764
0.70632
0.69024
0.73114
0.68707
0.66527
0.70958
0.69502
0.66834
0.75162
0.77804
0.75858
0.72111
0.62373
0.65313
0.64565
0.66069
0.65917
0.65615
0.65766
0.63241
0.64121
0.64269
0.64863
0.67143
0.73621
0.63241
0.67143
0.81658
0.70146
0.69343
0.63241
0.63241
0.61944
0.62806
0.66222
0.63973
4.8084
0.8147
0.72611
0.62517
0.62373
0.7379
0.74645
0.63826
0.64714
0.63973
0.69343
0.64121
0.60395
0.60117
0.59979
0.62661
0.59429
0.62806
0.6368
0.63973
0.68707
0.68077
0.75162
0.72111
0.75162
2.1827
2.2233
0.83176
0.67608
0.66222
0.7145
1.4997
2.0989
0.87297
0.62951
0.6368
0.66834
0.61518
0.62517
0.62517
0.67764
0.59566
0.81846
0.6166
0.69183
1.9364
3.2285
0.81283
0.66527
1.4256
0.75509
1.4859
1.5996
2.8445
0.64714
0.72277
0.69984
0.6223
1.6144
1.3305
8.6497
1.2106
0.8995
4.4875
0.82985
0.68707
0.6223
0.72611
0.74645
0.92897
1.4125
0.66069
0.65766
0.62661
0.90782
4.9091
0.65464
0.83368
0.96605
1.9011
1.0617
1.6866
0.64714
0.73621
0.83753
0.64714
0.82035
0.82985
1.6106
0.81283
0.7925
0.69984
0.79983
0.72611
0.94624
0.95719
0.81846
0.67298
0.64121
0.65013
0.64121
0.92683
0.91201
0.75509
0.62087
0.64269
0.64417
0.67453
0.65013
0.63096
1.0839
0.74131
0.66681
0.67608
0.68865
0.66069
0.65615
0.66374
0.68707
0.68707
0.66988
0.97499
3.9811
3.155
1.6482
0.67298
0.97724
0.73961
0.70469
0.74645
0.66834
0.87297
0.79616
0.63533
0.82794
0.78163
0.81096
0.72611
0.64121
0.63973
0.65013
0.65313
0.83946
0.72277
0.65013
0.66681
0.71614
0.74302
0.70307
0.65766
0.63096
0.75509
0.81846
1.8113
0.63973
0.66222
0.65013
0.74989
0.78343
1.71
0.61802
0.67608
0.67453
0.63096
0.69024
0.81658
1.6558
5.9841
0.61376
0.64565
0.64121
0.73451
0.8147
0.63241
0.70469
0.67764
0.81096
0.73282
0.66527
0.63973
0.70307
0.66069
0.69183
0.68549
0.61235
0.66681
0.81096
0.64714
0.66069
0.64714
0.59841
0.62087
0.60674
0.62661
0.61944
0.62373
0.68077
0.70146
0.69343
0.77446
0.79799
0.96383
0.69663
0.66374
0.78886
0.94406
0.68707
0.68234
0.65917
0.92683
0.66681
2.1727
5.5719
0.84333
0.72946
9.0782
2.9242
0.64714
0.70795
1.8197
0.70307
0.63826
0.68549
0.69024
0.71614
0.65163
0.65615
0.69823
0.64417
0.65013
0.90991
0.88512
1.3428
0.67764
0.66988
0.8356
0.68865
0.66834
0.64269
0.62517
0.65163
0.64714
0.62517
2.0749
1.6943
2.4547
0.66527
0.61376
0.65013
0.66681
0.7925
0.6368
0.66222
0.68077
0.67764
0.73451
0.64565
0.65615
0.63241
1.8707
1.5031
0.68391
0.6792
0.69183
6.1944
0.70307
0.68707
1.0765
0.66222
0.72444
0.64269
0.65615
0.68391
0.86896
1.8707
0.66527
0.65013
0.65013
0.68707
0.6792
0.76033
0.72946
0.74131
0.71121
0.66527
1.3305
0.96605
1.7742
0.65464
0.64714
0.64417
1.8793
0.68391
0.68077
0.69024
0.68549
0.7656
0.89331
0.66681
0.68077
0.65766
0.63096
0.70146
0.70307
0.70795
0.64565
0.64121
0.64565
0.62373
0.61376
0.63241
0.63826
0.63241
0.68865
0.68077
0.68865
1.8836
0.64121
0.6368
0.76384
0.74473
0.66988
0.72611
0.6368
0.71614
0.71945
0.69502
0.66988
0.72778
0.78705
0.65464
0.72778
0.68707
0.71945
0.6368
0.75858
0.66527
0.68549
0.65917
0.68549
0.71285
0.67298
0.90573
0.66681
0.65163
0.71285
0.65163
0.64121
0.65464
0.70795
0.7379
0.8356
0.68234
0.63096
0.69343
0.6166
0.73451
0.6792
0.62087
0.66222
0.76384
0.91201
5.9429
0.76736
0.65313
0.78705
0.88105
0.64863
0.67608
0.6368
0.64417
0.69183
0.90991
0.63973
0.70469
0.67298
0.66527
0.66834
0.67453
1.875
0.65163
0.60256
0.59156
0.61802
0.6223
0.66527
0.96383
0.72611
0.69663
3.9264
0.68549
0.79983
0.90157
0.6792
0.84528
0.65615
1.5241
0.67764
0.68707
0.73282
4.9317
7.3282
0.9594
4.9091
2.1928
1.0914
3.8459
3.54
1.6032
4.1976
2.3933
3.0974
3.013
0.68234
1.1324
1.4521
1.3868
1.3274
0.97051
1.8408
9.0157
0.76208
0.61518
0.60674
0.67453
2.1878
2.7606
2.8973
0.89743
2.2803
0.60814
0.64121
0.61518
0.62087
1.1995
1.4894
2.8445
3.6308
1.0568
1.9634
0.65163
0.83753
2.2699
1.8793
1.1246
2.0137
0.69823
1.3366
1.6255
0.65313
1.4454
2.5235
14.825
0.67608
0.62951
0.62373
0.63096
0.63973
0.63973
0.6223
0.64269
0.62087
0.6223
0.60954
0.60674
0.61376
0.60674
0.6368
0.65615
0.63826
0.64565
0.61518
0.6792
1.9364
2.0184
0.92257
1.0965
1.0447
0.94189
0.86696
0.8995
0.78886
0.77625
0.75509
0.85704
2.4547
0.90991
0.85114
0.65615
0.69024
0.7925
0.74131
0.74302
0.69183
0.79983
0.69663
0.66527
0.99312
2.2336
1.6788
0.62806
0.66527
0.66834
0.69663
2.2233
4.6132
1.9907
0.62087
0.60954
0.62951
0.67764
2.851
1.2853
1.39
4.5394
0.64714
0.86696
1.194
0.63533
0.84723
2.6607
3.5237
0.68865
1.1272
5.821
1.1143
0.99083
6.1094
2.4831
2.3714
1.0093
1.7418
1.1561
1.0186
1.8408
0.81096
0.86099
1.7179
3.7844
1.5596
0.72277
0.67764
0.71285
0.78163
1.5704
0.72611
1.3804
0.64565
0.83946
0.7145
0.71121
0.69984
0.70469
0.66527
0.62661
0.66681
0.96605
0.71614
0.77804
1.8493
3.1189
0.69183
0.64269
0.63973
0.75858
0.70795
0.78705
0.9528
0.66681
0.65163
0.6166
0.64121
0.62517
0.62373
0.61235
0.62373
0.73282
0.63826
1.8707
1.7338
0.70795
1.5812
0.73451
0.71779
0.65013
1.4125
2.6853
2.0417
1.7865
1.4859
0.83946
0.65917
0.70795
0.72778
0.73621
0.68865
0.62087
0.70958
0.63533
0.70146
0.75683
0.74989
0.67143
0.63533
0.66834
0.74302
0.74989
0.69024
0.66681
0.6166
0.60395
0.66222
0.65163
0.79799
4.1976
0.69984
0.9594
1.1066
0.64417
1.0186
0.82414
0.74302
0.94189
1.1614
0.97499
3.6898
0.71285
0.68865
0.62517
0.68234
0.68707
0.65917
0.70307
0.72111
0.65163
0.62517
0.62661
0.7145
0.69823
0.6166
2.0941
0.93756
1.5031
1.4928
2.138
2.7227
0.74473
0.64121
0.60954
0.70795
0.6792
0.62951
0.6166
0.65615
0.63387
0.65163
0.67764
0.7709
0.69823
0.66834
0.65163
0.66834
0.66222
0.61235
0.69024
0.61376
0.65013
0.61944
0.63826
1.1803
0.92897
1.7989
1.9543
0.77268
0.69024
0.66834
0.62806
0.63241
0.67764
0.64417
0.62517
0.6223
0.66988
0.64417
0.67143
0.68077
0.64565
0.66069
0.67143
0.97724
0.60534
0.60534
0.61518
0.65917
0.62661
0.61518
0.63096
0.66069
0.61944
0.62517
0.62087
0.6368
0.6223
0.63533
0.69183
0.64863
0.63096
0.60814
0.61376
0.64714
0.60534
0.6166
0.64417
0.63241
0.62806
0.61944
0.6368
0.62517
0.60395
0.62661
0.60256
0.64863
0.71779
0.69502
0.82794
0.82414
0.72111
0.65615
0.62951
0.70469
0.74989
1.4488
0.8091
0.89536
0.63826
0.62517
0.62806
0.62517
0.61944
0.68234
0.62661
0.63387
0.62661
0.60534
0.59979
0.61518
0.60256
0.59704
0.6223
0.62373
0.63826
0.60395
0.61802
0.63533
0.60954
0.66527
0.79068
0.75858
0.61094
0.67143
0.66834
0.64565
0.62951
0.63533
0.65917
0.62951
0.62517
0.62661
0.61376
0.64863
0.61235
0.63096
0.6368
0.60814
0.62517
0.63533
0.63973
0.66069
0.65917
0.69984
0.67453
0.66988
0.62661
0.60674
0.62661
0.60954
0.61518
0.59566
0.63096
0.63826
0.60954
0.67764
0.69823
0.92257
2.023
0.84723
0.77983
0.69502
0.60395
0.6368
0.63387
0.61802
0.65615
0.67608
0.63973
0.64269
0.63973
0.62661
0.63826
0.64565
0.63241
0.64714
0.61944
0.59704
0.64863
0.61802
0.62087
0.60117
0.61518
0.70146
0.67453
0.64269
0.65013
0.64121
0.61802
0.63826
0.64121
0.74473
0.61944
0.61376
0.78163
0.71945
0.59979
0.60395
0.64417
0.62373
0.6166
0.61518
0.61094
0.63241
0.62373
0.62517
0.62373
0.61944
0.61802
0.64121
0.62806
0.63387
0.6792
1.9861
0.87902
0.70958
0.76033
0.66527
0.59566
0.61235
0.64417
0.6166
0.62087
0.61944
0.60814
0.67453
0.65163
0.76208
0.70632
0.66834
0.69024
0.72111
0.68549
0.59704
0.61518
0.61376
0.6223
0.73961
2.7416
2.0277
0.86298
0.73451
0.71285
0.63826
0.68077
0.64269
0.62087
0.60814
0.70632
0.6166
0.65766
0.71779
0.64863
1.7742
1.5959
1.9588
1.7258
1.5031
0.73961
0.64269
1.7378
0.67298
0.60954
0.65313
1.1429
1.349
2.1281
1.1995
2.8314
1.5922
2.6424
1.3932
1.8535
0.66222
0.64565
0.62087
0.64714
1.932
1.3646
1.9588
1.8408
2.0845
2.3174
1.4997
1.5066
0.83753
1.7179
1.8281
1.714
1.6749
1.1588
0.77983
0.61944
1.2853
0.64121
0.66374
0.63973
0.64417
0.63533
0.61094
0.75858
0.66069
0.63387
0.60395
0.63973
0.65766
0.65615
0.61944
0.60395
0.61802
0.62951
0.62661
0.64863
0.64121
0.61235
0.64269
0.62661
0.60814
0.60814
0.83753
0.62951
0.61376
0.63826
0.63241
0.68077
0.69343
0.60256
0.61094
0.60534
0.62517
0.60534
0.66988
0.63387
0.6223
0.62517
0.64417
0.6223
0.60954
0.59429
0.62951
0.66374
0.66988
0.66988
0.69343
0.66374
0.63973
0.65766
0.66988
0.63241
0.65615
0.65766
0.66834
0.6368
0.68549
0.65464
1.4289
2.1777
2.0045
1.1482
1.0495
1.5488
2.1827
2.023
1.6255
1.8793
1.9187
1.4928
4.0458
2.2803
3.1623
1.7539
1.1066
0.84918
0.67298
1.7498
1.8072
2.0989
1.5346
1.3243
0.87096
1.1668
1.9999
2.4155
1.7783
1.5704
0.70469
1.932
1.9143
3.8548
2.5235
2.3933
1.3709
1.0617
1.5812
0.9528
0.83753
1.074
0.78343
1.6406
0.70958
0.79799
1.4588
0.76208
0.67608
1.2445
1.4322
2.3823
0.8531
0.74302
0.64565
2.1928
0.64863
0.84918
0.64417
0.63241
0.64269
0.63096
0.65013
0.66988
0.66681
0.62517
0.71945
1.3152
1.0046
1.0233
1.3677
1.2794
1.1995
0.84333
0.83753
0.8356
0.62517
0.65917
0.63241
0.61802
0.6166
0.84918
1.3397
1.3964
0.77446
0.61802
0.7379
1.2853
1.122
0.63096
1.0914
1.4622
0.66527
0.67298
0.65313
0.61235
0.65464
0.68549
1.3868
1.4256
1.1194
0.6166
0.64863
0.66527
0.64121
0.62373
0.65163
0.62087
0.6166
0.63096
0.63533
0.61376
0.62373
0.63973
0.62517
0.6368
0.62517
0.6223
0.62373
0.65163
0.65313
0.62951
0.69984
1.2618
1.3932
1.5346
1.1066
0.7656
4.4361
3.2137
1.6331
1.1272
5.0582
1.8923
0.98628
1.0666
1.0765
0.88308
0.72444
0.75336
0.72111
0.93111
0.98855
0.69502
1.8155
1.2942
0.98855
0.85114
0.78343
0.81283
0.88512
1.9143
1.0209
2.2961
1.2303
0.85901
0.92257
2.1727
0.84918
1.0839
0.91201
1.2106
2.2182
1.1455
0.66222
1.2647
0.75509
0.68234
1.6943
1.5488
2.3388
1.5205
0.66374
0.89125
0.89125
0.79068
1.135
0.64417
0.72611
0.66374
0.63096
0.67764
0.68391
0.65615
0.67764
0.6792
0.68549
0.64269
0.68549
0.79433
0.66681
0.65615
0.65615
0.69984
0.65917
0.69663
0.66527
0.66834
3.0761
10.375
0.63096
0.62806
0.6368
0.78343
0.6166
0.62806
0.62951
0.7145
0.69502
0.67764
0.62661
0.65766
0.66988
0.65766
0.68077
0.64863
0.61518
0.70958
0.64269
0.66988
0.65313
0.62661
0.64714
0.65917
0.81096
0.75509
0.64121
0.78705
0.85507
0.75162
0.66681
0.877
0.8356
0.97275
0.66527
0.85507
0.72444
0.83753
0.94406
0.7379
0.66681
0.65615
0.68549
0.72444
0.67764
0.63096
0.66988
0.64714
0.97275
0.71945
0.67298
0.70307
0.98401
0.86896
0.72444
0.68707
0.64714
0.66988
0.6368
0.67143
1.4223
0.66681
0.62373
0.65917
0.65615
0.75858
0.62806
0.6368
0.61944
0.62373
0.62373
0.63241
0.63241
0.67764
0.60814
0.61376
0.6368
0.62087
0.69502
0.68549
0.65163
0.63973
0.66527
0.63826
0.62373
0.65766
0.65917
1.3772
0.68707
0.64269
0.66069
0.61094
1.5417
1.932
2.0893
0.78705
0.75162
2.0512
2.6363
10.74
1.4588
1.1995
0.92897
0.85507
1.1508
0.81658
0.73621
0.70958
0.68234
0.67143
0.69502
0.71121
0.7145
0.63387
0.75336
0.71945
0.60674
0.74131
0.75683
0.63387
0.80538
0.70958
0.67608
0.77446
2.138
0.6368
0.68077
0.63826
0.66988
0.71779
0.66988
0.67143
0.71614
0.72611
0.66222
0.69663
0.72946
0.69663
0.6792
0.66681
0.68234
0.66374
0.70146
0.68549
0.67764
0.68707
0.71285
0.67298
0.68391
0.63973
0.71614
0.65313
0.70632
0.70146
0.66527
0.69823
0.65615
0.69663
0.64269
0.69502
0.7379
0.65917
0.67143
0.70795
0.68707
0.66374
0.72946
0.64863
0.66988
0.67453
0.69984
0.7145
0.66988
0.69343
0.67143
0.66988
0.67764
0.70795
0.69024
0.67453
0.63096
0.63533
0.69823
0.6792
0.68391
0.66988
0.67143
0.7379
0.63241
0.65313
0.63387
0.67453
0.63973
0.65313
0.68391
0.65917
0.64121
0.68707
0.68865
0.67764
0.67608
0.63826
0.67143
0.62517
0.68234
0.66222
0.69984
0.67143
0.65013
0.63826
0.63826
0.6368
0.6166
0.65766
0.64121
0.65464
0.75336
0.6792
0.61376
0.62806
0.61235
0.64121
0.62087
0.68865
0.68077
0.68391
0.63826
0.68549
0.66069
0.65917
0.67298
0.64269
0.66834
0.65313
0.64714
0.65313
0.63096
0.65313
0.64863
0.64565
0.64269
0.66374
0.68391
0.62087
0.62661
0.62373
0.61944
0.64863
0.68077
0.64863
0.63241
0.68391
0.64121
0.66681
0.68707
0.75162
0.68234
0.63241
0.63241
0.6223
0.63533
0.63096
0.61802
0.68234
0.66527
0.63096
0.63096
0.63096
0.65615
0.63387
0.61944
0.6166
0.66222
0.63096
0.67298
0.69024
0.67608
0.62087
0.61376
0.62517
0.6368
0.64417
0.63533
0.65313
0.61802
0.67453
0.61944
0.62806
0.69343
0.61944
0.61518
0.64863
0.66222
0.60954
0.65464
0.69343
0.70469
0.6792
0.66988
0.64714
0.65163
0.60674
0.63241
0.6223
0.64714
0.63826
0.62087
0.64121
0.69343
0.65013
0.76033
0.64714
0.67143
0.65163
0.62806
0.67608
0.65464
0.64269
0.64863
0.62951
0.63533
0.65917
0.62373
0.61518
0.63973
0.63826
0.66222
0.62806
0.64714
0.64269
0.64269
0.65615
0.62373
0.63973
0.64417
0.68077
0.64121
0.62661
0.62373
0.64714
0.67764
0.65013
0.62661
0.66222
0.65464
0.63973
0.68549
0.63096
0.65313
0.66988
0.74645
0.65464
0.62806
0.64121
0.66527
0.67453
0.69024
0.65163
0.62517
0.67298
0.67298
0.66222
0.68707
0.64417
0.6792
0.66834
0.67764
0.6368
0.67298
0.60814
0.63973
0.6223
0.63826
0.6368
0.65313
0.62951
0.62806
0.6166
0.62806
0.64269
0.63533
0.61518
0.63387
0.64565
0.61944
0.65013
0.64863
0.63533
0.63826
0.65917
0.64863
0.63241
0.63533
0.65766
0.62087
0.64269
0.65615
0.61944
0.62373
0.6368
0.63096
0.61518
0.65766
0.70307
0.64121
0.66222
0.63533
0.64417
0.62661
0.62517
0.61802
0.6166
0.67143
0.64269
0.62806
0.61944
0.62373
0.6166
0.61376
0.63533
0.62517
0.61944
0.6223
0.66222
0.64121
0.63241
0.64417
0.65464
0.70632
0.65013
0.65013
0.65615
0.6223
0.60256
0.64863
0.61235
0.61518
0.62661
0.60954
0.62087
0.64121
0.60674
0.68077
0.63096
0.64121
0.64565
0.61094
0.65163
0.67608
0.62373
0.6223
0.61094
0.62517
0.63387
0.63533
0.62661
0.63241
0.61518
0.60256
0.63973
0.62373
0.61518
0.61094
0.63241
0.62806
0.61944
0.6223
0.60814
0.61376
0.61802
0.62661
0.61802
0.63387
0.61235
0.67453
2.5119
1.5776
1.074
0.63826
0.62661
0.61376
0.66069
0.63096
0.61802
0.61376
0.61802
0.61802
0.63096
0.6166
0.64269
0.6368
0.60954
0.61944
0.65917
0.62951
0.62517
0.62373
0.62373
0.61518
0.68391
0.62373
0.65766
0.60814
0.61376
0.6166
0.63096
0.6223
0.62951
0.63387
0.62517
0.63533
0.61802
0.60954
0.61376
0.64269
0.66069
0.63096
0.65615
0.61944
0.63241
0.60256
0.61944
0.6368
0.61518
0.61235
0.61518
0.65313
0.63241
0.64714
0.70632
0.67298
0.62517
0.6368
0.65917
0.67453
0.63096
0.62087
0.63533
0.62951
0.63533
0.63973
0.61094
0.64269
0.6223
0.71779
0.67608
0.66222
0.6166
0.63241
0.63387
0.62517
0.64417
0.63826
0.62951
0.63387
0.64121
0.63241
0.63826
0.61376
0.63533
0.64269
0.65013
0.64121
0.65766
0.72611
0.63241
0.66681
0.64269
0.65013
0.64714
0.65013
0.66834
0.66681
0.63533
0.65313
0.65766
0.63826
0.6223
0.63241
0.6368
0.6166
0.63387
0.61518
0.61376
0.6368
0.65013
0.64417
0.70795
0.75683
0.65464
0.61944
0.64863
0.64121
0.67453
0.63973
0.65013
0.62661
0.60954
0.60674
0.63241
0.6166
0.63096
0.64417
0.67143
0.63241
0.62951
0.62951
0.66988
0.63241
0.62661
0.65464
0.64121
0.61376
0.66374
0.62517
0.61802
0.62517
0.62087
0.63241
0.66834
0.63241
0.66222
0.66069
0.66834
0.63973
0.64121
0.62087
0.63826
0.67764
0.66374
0.6166
0.64863
0.63533
0.6166
0.63241
0.62951
0.60674
0.61944
0.61802
0.62373
0.61235
0.62087
0.63241
0.69984
0.64269
0.67298
0.63387
0.72946
0.67298
0.64417
0.64714
0.65464
0.64863
0.6792
0.64565
0.64863
0.60117
0.69663
0.72111
0.70146
0.66834
0.79983
0.72111
1.0568
0.78524
0.64269
0.65917
0.98175
0.70307
0.65313
0.63973
0.62661
0.64417
0.68077
0.63533
0.63241
0.6368
0.69024
0.63973
0.61235
0.62661
0.62951
0.75858
0.61094
0.61094
0.60674
0.61802
0.61235
0.62087
0.75336
0.77804
0.65313
0.70146
0.62517
0.61094
0.60395
0.60674
0.60674
0.61235
0.62087
0.60674
0.61518
0.61518
0.62087
0.62087
0.65917
0.61802
0.66069
0.63387
0.63096
0.6223
0.63533
0.62661
0.6223
0.61944
0.65766
0.59704
0.64863
0.68865
0.62373
0.60534
0.64714
0.6166
0.62373
0.74817
0.59841
0.6166
0.6223
0.73451
0.73114
0.65766
0.60954
0.62517
0.65766
0.62661
0.63096
0.64714
0.68549
0.6166
0.65013
0.6166
0.6223
0.60954
0.62661
0.63533
0.62951
0.62517
0.61944
0.61094
0.65615
0.72444
0.69183
0.63387
0.61944
0.59979
0.63973
0.62373
0.61802
0.60674
0.6368
0.61235
0.61944
0.63096
0.67453
0.73961
0.60954
0.61944
0.63826
0.65615
0.61802
0.65464
0.65013
0.64863
0.64121
0.60814
0.62517
0.62373
0.62373
0.64417
0.62806
0.63533
0.62517
0.6368
0.61944
0.61944
0.61802
0.62806
0.63973
0.63096
0.63533
0.61944
0.62373
0.60954
0.60256
0.61944
0.62661
0.6166
0.63096
0.63096
0.65615
0.66069
0.64565
0.61376
0.77446
0.60117
0.61094
0.6368
0.63096
0.61094
0.65615
0.61802
0.62517
0.62806
0.63533
0.64863
0.61802
0.62517
0.62806
0.60534
0.62951
0.65615
0.62806
0.62373
0.61802
0.62951
0.63826
0.65464
0.66222
0.60534
0.65615
0.64714
0.61376
0.6223
0.62373
0.63826
0.62087
0.61376
0.62373
0.61518
0.62087
0.63826
0.62806
0.61802
0.6166
0.6223
0.61802
0.65013
0.64714
0.64417
0.61802
0.64714
0.63096
0.6368
0.63096
0.6166
0.64121
0.64714
0.64121
0.6223
0.77268
0.62661
0.64121
0.63241
0.60256
0.61518
0.73961
0.82794
0.61518
0.64714
0.63973
0.65013
0.63973
0.61235
0.62951
0.63387
0.61802
0.60395
0.62373
0.62806
0.61518
0.60954
0.60954
0.62087
0.61944
0.61094
0.62661
0.62661
0.61802
0.63387
0.63387
0.62517
0.63826
0.6368
0.6166
0.65464
0.61518
0.80724
0.65615
0.71121
0.71285
0.61802
0.71614
0.65766
0.60534
0.60534
0.62087
0.60814
0.60814
0.74473
0.64121
0.83368
0.68077
0.60954
0.61802
0.63533
0.62951
0.61376
0.7145
0.74302
0.64863
0.62087
0.61094
0.61518
0.64121
0.59841
0.6223
0.61518
0.62517
0.60395
0.60814
0.60954
0.63241
0.61376
0.60256
0.62951
0.61235
0.60534
0.62087
0.59979
0.62951
0.61518
0.62661
0.60954
0.66527
0.62661
0.63387
0.63096
0.62661
0.66834
0.67453
0.73282
0.59841
0.6223
0.61944
0.60674
0.61235
0.62951
0.62661
0.61802
0.6166
0.60256
0.62517
0.61518
0.59704
0.6166
0.60814
0.60256
0.60954
0.63096
0.62087
0.60534
0.59156
0.60534
0.59429
0.6166
0.60674
0.60954
0.65163
0.61235
0.60954
0.62087
0.63241
0.61235
0.62373
0.62517
0.60954
0.64269
0.61376
0.62806
0.61944
0.64121
0.66374
0.68549
0.69984
0.63973
0.84528
0.64417
0.63241
0.63826
0.66527
0.7925
0.71121
0.61235
0.60534
0.60674
0.76033
0.62806
0.62806
0.63241
0.65013
0.63096
0.65163
0.73282
0.69823
0.62373
0.63096
0.61802
0.60674
0.65013
0.65615
0.62373
0.63973
0.61802
0.61944
0.61944
0.66681
0.66988
0.60814
0.70469
0.77983
0.64269
0.60256
0.64121
0.64863
0.60814
0.60534
0.60117
0.73621
0.63387
0.78343
0.77268
0.73621
0.63241
0.64269
0.61376
0.63826
0.62951
0.64565
0.8356
0.69024
0.63096
0.62087
0.60814
0.62517
0.7145
0.65464
0.65313
0.62661
0.63387
0.67298
0.63533
0.79799
0.64121
0.61518
0.68391
0.64417
0.61376
0.61518
0.62661
0.66988
0.7379
0.68234
0.63973
0.60395
0.63826
0.62661
0.65464
0.64417
0.80168
0.82224
0.62951
0.64565
0.61376
0.61944
0.61094
0.60674
0.63826
0.63387
0.62661
0.6166
0.93972
0.71121
0.72277
0.70469
0.6223
0.64565
0.67453
0.67143
0.74817
0.8091
0.76033
0.61944
0.67143
0.8147
0.65464
0.64417
0.61802
0.61235
0.69183
0.9977
0.65013
0.61094
0.65917
0.64565
0.65766
0.68077
0.60395
0.63973
0.877
0.72611
0.68077
0.70146
0.66681
0.81096
0.68707
0.63826
0.6223
0.62373
0.61802
0.61235
0.6166
0.61235
0.6368
0.63826
0.61235
0.63826
0.62661
0.61518
0.63973
0.62806
0.61802
0.6166
0.62806
0.63533
0.62517
0.59979
0.61235
0.61235
0.62517
0.63973
0.63826
0.61944
0.62087
0.61376
0.61376
0.59704
0.62951
0.61944
0.60674
0.6166
0.6166
0.66222
0.59566
0.60395
0.60534
0.60814
0.61944
0.62806
0.6166
0.60395
0.60814
0.6223
0.62087
0.63096
0.61518
0.61376
0.6166
0.61376
0.61094
0.60674
0.8147
0.69823
0.75509
0.74473
0.61518
0.63241
0.60395
0.61376
0.61235
0.61094
0.66988
0.61376
0.63826
0.66834
0.6368
0.62373
0.61944
0.62806
0.65313
0.65313
0.61235
0.66988
0.68865
0.63096
0.65464
0.75162
0.75509
8.8105
2.133
0.95719
0.76913
0.72444
0.70632
0.65615
0.70469
0.68549
0.71121
0.65615
0.68549
0.67608
2.4774
0.67608
0.65313
0.66374
0.68707
0.68391
0.72111
0.69984
0.65615
0.76913
0.6792
0.74473
0.8892
1.1041
1.0304
0.6792
0.63387
0.63387
0.66527
0.66988
1.4028
0.72946
1.5311
0.8356
0.70632
0.82224
1.0093
1.2942
1.094
1.0304
1.122
1.122
0.90365
1.0399
0.8995
1.3459
1.5668
1.9724
3.6728
2.9444
5.1051
3.8726
2.9717
5.902
3.2885
0.8414
0.65163
0.62951
0.61944
0.70146
0.73451
0.97499
0.75162
0.73282
0.69663
0.69502
0.7656
0.99083
0.74131
0.65464
0.68234
1.1561
0.66222
0.67453
0.71285
0.66527
0.66527
0.86298
0.70795
0.66988
0.62806
0.63387
0.80353
0.75858
0.74817
1.0209
0.80538
0.79983
0.8892
0.70307
0.73451
0.78524
0.79983
0.73451
0.72444
0.91411
0.68549
0.67764
0.66069
1.1455
1.1041
0.64121
0.75509
0.85704
0.67764
0.6223
0.66834
0.68234
0.66988
0.70958
0.61235
0.66069
0.64417
0.66069
0.72111
0.71779
0.66834
0.72946
0.65013
0.66988
0.73961
1.094
0.82604
0.81283
0.96383
1.1246
1.0046
2.0091
0.81658
0.72611
0.66374
0.69024
0.76913
0.69984
0.72946
0.67298
0.69183
0.68234
0.64417
0.67764
0.64565
1.1092
0.68077
0.71779
0.68707
0.63973
0.78886
0.72778
0.63533
0.9594
2.4266
3.5727
18.45
1.3521
0.67764
0.63096
0.60674
0.62517
1.0116
0.86099
0.75509
0.63826
0.9247
1.122
1.1776
0.62806
0.71614
0.62087
0.65013
0.64121
1.1803
1.2303
0.63973
0.63533
0.66988
0.61094
0.60395
0.60395
0.63096
0.64269
0.61944
0.63096
0.62806
0.61802
0.61944
0.63241
0.6368
0.97275
0.65313
0.96828
0.87096
0.59841
0.60534
0.61094
0.65464
0.63973
0.91833
0.63241
0.61094
0.63241
0.63387
0.65013
0.62661
0.61802
0.60954
0.61235
0.61802
0.93541
0.63826
0.59566
0.62517
0.76384
0.78705
0.79068
0.62373
0.62661
0.61518
0.61944
0.65464
0.61802
0.64269
0.63096
0.66222
0.6223
0.63387
0.61802
0.63241
0.69823
0.75162
0.82794
0.93541
0.7145
0.70958
0.63241
0.62951
0.61094
0.69183
0.63241
0.6368
0.64417
0.64714
0.64863
0.6166
0.60395
0.60954
0.62087
0.63241
0.64269
0.61944
0.62661
0.62373
0.61376
0.63826
0.65464
0.64121
0.70795
0.64565
0.70146
0.77804
0.69183
0.63533
0.63973
0.61944
0.62087
0.62661
0.66222
0.63387
0.6368
0.6223
0.6166
0.60534
0.62087
0.61094
0.67298
0.67608
0.65163
0.61802
0.62806
0.7925
0.68549
0.72611
0.77446
0.65464
0.64417
0.62373
0.69024
0.6166
0.79799
0.66681
0.65464
0.73451
0.74473
0.69984
0.67143
0.63387
0.77446
0.65163
0.67764
0.64269
0.64714
0.66681
0.63533
0.63826
0.63387
0.65013
0.62087
0.66222
0.72111
0.69343
0.68549
0.66834
0.66988
0.88512
0.86497
0.84918
0.79983
0.9506
0.71121
0.64863
0.63826
0.63826
0.64565
0.62517
0.64121
0.71285
0.63533
0.64269
0.63387
0.60534
0.62661
0.62087
0.62661
0.60256
0.62951
0.62517
0.62373
0.69823
0.69502
0.71121
0.83946
0.7145
0.70307
0.68234
0.74302
0.69343
0.64714
0.63973
0.69183
0.67608
0.68865
0.74989
0.68077
0.66069
0.72611
0.87096
0.67298
0.65615
0.61235
0.62517
0.66527
0.62087
0.6166
0.61802
0.7145
0.69183
0.64714
0.71614
0.68391
0.65766
0.80538
0.64565
0.74473
0.6792
0.67298
0.76913
0.69343
0.70795
0.72277
0.82224
0.91622
0.74817
0.64714
0.81283
0.68234
0.71945
0.60954
0.62517
0.71121
0.69663
0.74989
0.63387
0.78163
0.78163
0.88105
0.78343
0.81096
0.77625
0.66834
0.68391
0.72277
0.86099
0.68234
0.65464
0.64269
0.72111
0.63973
0.66069
0.65917
0.60534
0.6368
0.64417
0.59979
0.60814
0.61802
0.62951
0.61802
0.60534
0.61518
0.63096
0.60395
0.62806
0.6368
0.66834
0.62087
0.62951
0.64714
0.61802
0.69823
0.69663
0.70958
0.69183
0.76208
0.7145
0.65013
0.70795
0.62373
0.65917
0.67143
0.6166
0.61235
0.63826
0.64565
0.71614
0.67608
0.70795
0.60954
0.63387
0.61235
0.66527
0.7145
0.77983
0.79983
0.79068
0.87902
1.1967
0.76913
0.65163
0.60256
0.73114
0.69024
0.82604
0.60814
0.877
0.77268
1.1092
0.6792
0.68549
0.61235
0.73961
0.63533
0.61094
0.67453
0.67608
0.71779
0.69024
0.69343
0.67608
0.79616
0.71121
0.72111
0.96161
0.68549
0.68707
0.73621
0.69663
0.61944
0.94624
0.66222
0.67764
0.67764
0.7145
0.8414
0.70307
0.66374
0.75509
0.66834
0.68077
0.65615
0.73282
0.92045
0.67764
0.67143
0.66374
0.66834
0.64565
0.68234
0.6223
0.6223
0.65917
0.61944
0.61802
0.65163
0.62087
0.67453
0.65013
0.83176
0.9528
0.8414
0.69663
0.63973
0.62806
0.64863
0.81658
0.79983
0.70469
0.86497
0.69823
0.69502
0.62806
0.60954
0.62087
0.63241
0.62087
0.62806
0.8892
0.67143
0.65313
0.67143
0.86497
0.69663
0.63096
0.65313
0.68865
0.66834
0.65917
0.63533
0.64565
0.66988
0.76033
0.78343
0.65464
0.61376
0.61944
0.70958
0.62517
0.62373
0.66834
0.75858
0.70795
0.66069
0.64565
0.64121
0.61094
0.61518
0.61944
0.61944
0.65766
0.62517
0.62087
0.61518
0.61094
0.62087
0.6223
0.62087
0.6166
0.62661
0.68391
0.64269
0.66222
0.64863
0.62661
0.66681
0.66988
0.62951
0.62951
0.63096
0.60954
0.61235
0.61235
0.6166
0.65766
0.62806
0.61518
0.62087
0.63096
0.61376
0.61944
0.66527
0.62806
0.61518
0.64863
0.62951
0.62517
0.62806
0.63973
0.61944
0.65013
0.65464
0.66527
0.63826
0.64417
0.69984
0.68234
0.67143
0.65766
0.61376
0.68707
0.8147
0.73114
0.6223
0.84918
0.66681
0.73114
0.78705
0.69663
0.66988
0.65464
0.70958
0.65766
0.70795
0.66222
0.66374
0.60814
0.71121
0.69502
0.73451
0.65013
0.71614
0.84333
0.74817
0.67608
0.62806
0.76208
0.6223
0.66374
0.79616
0.82985
0.74989
0.7656
0.74989
0.84723
0.68549
0.66527
0.72946
0.68707
0.73114
0.66527
0.61802
0.69984
0.63387
0.67143
0.65013
0.63973
0.62951
0.66527
0.6223
0.65464
0.65464
0.75162
0.75509
0.82035
0.88716
0.68077
0.72111
0.65464
0.73114
0.63387
0.71779
0.82794
0.61518
0.93541
0.64714
0.73114
0.69663
0.70795
0.64863
0.65163
0.64565
0.74817
0.73961
0.64863
0.69823
0.68234
0.68077
0.64565
0.69984
0.66222
0.67143
0.66834
0.65615
0.66834
0.74131
0.65013
0.63973
0.70307
0.68391
0.66374
0.64714
0.74817
0.76384
0.64417
0.76384
0.75858
0.70632
0.62806
0.62373
0.71121
0.67143
0.70469
0.69183
0.63241
0.67143
0.65013
0.60674
0.72111
0.69823
0.65313
0.67453
0.66374
0.60954
0.6368
0.61235
0.63387
0.69663
0.72444
0.72277
0.73621
1
0.61802
0.76208
0.77983
0.77804
0.63826
0.59704
0.60954
0.63973
0.60674
0.6223
0.62806
0.63826
0.63096
0.60674
0.64269
0.62806
0.61944
0.60954
0.61518
0.61094
0.6223
0.62087
0.62951
0.60534
0.60674
0.62806
0.66374
0.63241
0.61376
0.66069
0.66527
0.63096
0.65163
0.63826
0.64121
0.65464
0.69183
0.62517
0.62373
0.60954
0.61518
0.68234
0.66374
0.62517
0.63826
0.70469
0.64121
0.68707
0.62087
0.90991
0.68391
0.70632
0.76033
0.88512
0.8091
0.61944
0.64714
0.6223
0.60814
0.62373
0.61376
0.69024
0.86696
0.72946
0.7925
0.70632
0.7925
1.0351
0.78886
0.70632
0.76736
0.7379
0.94624
0.9977
0.72778
0.63826
0.6223
0.67143
0.69823
0.65163
0.81846
0.66834
0.65917
0.69183
0.86696
0.6792
0.69663
0.69663
0.90365
0.82035
0.75162
0.75683
0.66222
0.66222
0.6368
0.66834
0.62087
0.59841
0.70958
0.73282
0.85507
0.71945
0.73114
0.77804
0.70632
0.9247
0.77625
0.66988
0.62661
0.67453
0.66527
0.80168
0.70146
0.61518
0.63096
0.60954
0.67453
0.9528
0.64269
0.66681
0.74989
0.65313
0.69024
0.8531
0.76384
0.69823
0.66834
0.80538
0.78343
0.62661
0.61235
0.6166
0.64863
0.61094
0.62087
0.63096
0.70958
0.6166
0.60814
0.67453
0.62517
0.62087
0.62951
0.61235
0.62087
0.62661
0.62087
0.63533
0.62517
0.68077
0.66681
0.64863
0.62951
0.61944
0.6368
0.78163
1.1066
0.70795
0.70795
0.81846
0.69502
0.68077
0.89331
0.68234
0.83368
0.85114
0.81283
0.87297
0.75858
0.70958
0.69984
0.69024
0.78524
0.81846
0.69502
0.63096
0.71945
0.82414
0.87297
0.80168
0.88716
0.9977
1.1169
0.71614
0.65766
0.65013
0.7145
0.68707
0.74473
1.256
0.74817
0.67298
0.66834
0.64121
0.65766
0.72277
0.73961
0.65313
0.65163
0.65313
0.87297
1
0.7379
0.9506
0.8531
0.78163
0.89331
0.78886
0.73961
0.72611
0.69502
0.74817
0.66681
0.61376
0.69663
0.63096
0.6166
0.62806
0.62373
0.62806
0.62373
0.65917
0.64121
0.66834
0.61376
0.63973
0.62373
0.60534
0.6223
0.63973
0.63096
0.63241
0.69502
0.65917
0.73451
0.63387
0.6166
0.64121
0.63387
0.62661
0.61802
0.61094
0.62373
0.63973
0.62661
0.63973
0.65013
0.67608
0.68234
0.71779
0.65766
0.68077
0.72277
0.63973
0.74131
0.77446
0.64417
0.66834
0.73114
0.68707
0.80168
0.72277
1.0375
1.0093
0.8995
0.95719
0.7709
0.88716
1.2078
0.94189
0.82035
0.8091
0.90991
1.0814
0.8091
0.85704
0.9506
0.65917
0.8091
1.0351
0.88308
0.88512
0.70795
0.92045
0.71285
0.75336
0.99312
1.2445
0.96161
0.99083
0.7145
0.89125
0.7145
0.8995
0.69663
0.76736
0.90991
0.83946
0.63387
0.74473
1.0139
0.72111
0.98855
1.0471
0.77983
1.0641
0.67453
0.62517
0.64417
0.63533
0.62661
0.64121
0.87902
0.78705
0.78163
0.77804
0.8091
0.74817
0.89331
0.65313
0.64417
0.78163
0.77625
0.73114
0.83368
0.8147
0.7145
1.0715
0.72444
0.68549
0.97051
0.8995
0.88308
0.77446
0.96383
0.71614
0.94406
0.74473
0.74989
0.82224
0.92683
0.92683
0.93325
1.2162
1.0233
0.68865
0.68707
0.93325
0.94406
0.84918
0.77983
0.80538
0.7656
1.0257
0.79433
0.97051
1.0351
0.75858
1.0069
0.78705
0.66374
0.74473
0.65013
0.64863
0.70632
0.83946
0.78705
0.83368
0.6792
0.7925
0.70469
2.0184
1.5885
1.2794
1
1.0069
1.7418
0.96828
0.96605
0.84723
1.1272
1.135
0.86298
0.93541
1.5631
0.91201
0.77625
1.2912
0.66681
0.65766
0.90157
0.77983
1.8621
0.97499
0.81846
1.4555
1.4388
0.70469
1.1402
1.5776
1.3183
1.977
1.7865
1.7783
1.7458
1.0568
1.0715
0.65464
0.61518
0.63096
0.64863
0.67764
0.6368
0.73961
0.72111
1.1995
1.1722
0.72611
0.68865
0.89536
1.122
1.8197
1.4158
1.406
1.8664
0.68865
0.99083
1.39
1.1429
1.3366
1.3274
1.7865
0.80538
1.3002
1.5066
0.91833
0.80353
0.72611
0.79799
0.80353
0.6223
0.66681
0.65013
0.62951
0.61094
0.62951
0.6223
0.6368
0.66222
0.66069
0.75336
0.79068
0.64863
0.78343
0.86497
0.70958
1.3614
1.0046
1.0814
0.96828
1.5631
1.5346
1.8072
1.4388
2.0045
1.219
0.95499
1.5996
0.72611
0.77804
0.80724
0.66069
0.79799
0.67608
0.63973
0.78343
0.82794
1.1535
0.67764
0.74989
0.78886
1.5812
1.3274
0.83753
0.75683
0.82224
0.69663
1.5704
1.977
5.821
1.2303
0.95499
0.69984
1.3964
0.63973
0.83753
0.77625
0.64565
0.6792
0.60814
0.61518
0.60534
0.60256
0.60674
0.63241
0.64714
0.60395
0.73114
0.67453
0.88308
1.3583
1.5066
1.8535
0.63241
0.7709
1.0471
1.4757
1.0965
0.86298
1.762
1.2677
0.80538
0.85901
0.90573
0.76033
1.374
1.5959
1.3274
1.7022
0.83946
0.83368
0.73451
0.64121
0.8892
1.194
0.98175
0.75336
0.8147
0.71779
0.72946
0.72444
0.69502
1.0209
0.69823
1.2417
0.7925
0.75336
0.83368
0.81658
1.3677
0.68234
0.71945
0.66527
0.97275
1.4289
1.349
1.028
0.93111
1.0568
0.94624
1.0046
0.8147
0.97499
1.0715
0.76384
0.86696
1.3614
0.99312
0.81846
1.4521
0.79799
0.91833
1.8578
1.3614
1.6866
1.4158
1.3213
1.7378
1.9498
1.7742
0.74473
0.79068
0.90573
1.094
1.7906
2.7479
0.74989
0.84333
0.8531
0.81846
0.81846
0.65766
0.68391
0.78524
0.71285
0.76384
0.70795
0.81846
0.9594
0.74989
0.65615
0.68707
0.73621
0.71614
0.97499
0.94406
0.64269
1.2531
1.3305
1.5776
1.714
0.90157
1.1066
2.0091
1.1803
1.9099
1.6444
2.3335
4.592
1.1614
0.80538
1.8578
1.1722
1.2853
1.1455
1.0593
0.74302
1.1858
1.3366
1.2134
0.67298
0.66374
0.64863
0.70795
0.84918
0.93325
1.4158
1.3152
1.4997
1.4488
1.4928
1.845
1.0162
1.6444
0.65464
0.86298
0.89331
0.94842
0.87096
