1.9861
10.99
3.4914
1.2162
6.4417
2.1878
1.7824
1.5276
1.2912
3.3574
2.4547
3.069
8.8105
1.0046
1.2023
1.6255
0.88716
1.5453
1.6144
2.3014
1.4622
1.1015
1.5488
1.5524
1.5596
1.5241
2.0701
1.4928
14.555
2.3067
1.2794
1.0965
1.1455
1.3335
1.2882
1.2388
3.6813
4.3752
1.2764
1.1092
4.4668
0.91622
10.617
14.555
11.015
21.232
0.86896
1.1995
1.219
1.4655
3.2509
14.757
11.092
11.298
7.2611
6.6834
3.4041
1.2823
1.094
1.135
13.002
11.535
11.402
11.561
1.4158
0.98175
1.0447
6.1944
1.0765
1.2274
15.922
13.183
0.98175
0.97051
7.1614
8.8512
12.388
0.92897
0.95719
1.0839
0.89125
7.0958
12.474
9.1622
11.272
11.429
9.5499
14.997
9.2257
14.256
10.965
9.4189
1.6444
13.868
1.1376
12.19
11.143
2.6485
11.143
14.028
1.6106
17.061
13.092
4.3652
12.823
12.882
6.0954
11.508
1.71
1.5276
1.9454
1.2942
1.3305
2.3442
1.5488
2.2233
10.351
13.428
0.94406
0.86298
8.6896
12.882
11.749
7.4131
12.078
13.335
15.488
13.677
17.824
0.9506
11.912
11.246
7.1121
1.7865
1.3459
1.5031
13.583
17.179
10.471
9.7724
12.05
10.864
2.1038
12.106
0.96605
0.9977
1.2942
0.90573
1.0328
1.2503
9.528
12.134
18.03
14.454
12.303
12.618
10.789
14.894
13.932
1.8197
0.96828
8.9331
13.583
11.272
14.588
0.9506
0.96605
1.2303
1.2764
1.0139
2.5586
1.5922
2.3823
1.3152
1.122
1.0889
1.3032
1.1614
1.1376
1.205
2.9992
2.5527
1.7783
1.5311
1.0965
0.95499
1.1376
1.1272
1.0304
1.2735
1.3646
1.2531
1.4962
1.3459
1.9999
2.023
2.8054
1.2474
1.4322
1.8836
0.80724
0.92045
1.0186
0.82414
2.1777
2.0941
1.0023
0.81283
0.877
1.4689
2.3227
1.5346
0.9506
1.0914
0.88512
3.6058
1.0889
1.2023
1.39
1.3366
2.1627
2.8054
1.8664
1.3032
1.1117
1.6368
2.0989
0.8091
0.85901
0.90573
0.8892
0.93111
3.8548
0.93111
0.85507
0.92897
0.82794
0.84528
0.83368
0.8091
0.81846
0.9528
0.79068
0.8091
0.78163
0.84723
0.83753
0.79983
0.89743
1.0233
0.76736
0.89125
1.1508
1.5276
0.86696
0.76208
1.0351
1.0691
0.73961
1.4191
1.3243
1.0617
1.0209
1.1272
1.1803
1.0814
1.1967
0.83753
1.0328
1.0965
0.92257
0.90365
0.82985
0.93756
1.2445
0.96605
1.2246
1.0814
1.2794
1.194
9.5499
7.3114
11.94
7.6208
8.4528
11.749
10.423
1.4093
10.839
8.4918
9.528
9.8855
13.274
1.5346
1.9953
1.4289
0.9528
0.72778
0.72444
0.72277
0.74989
0.77268
0.70469
0.69984
0.75683
2.0324
0.92683
0.90991
1.1402
0.74817
0.69343
0.74817
0.68077
1.2218
1.4825
1.1803
1.3964
0.83176
0.72277
0.78343
1.3002
1.1995
0.79799
0.77268
0.72277
0.80168
0.79068
0.77983
1.2274
1.256
0.82414
0.96161
0.89125
0.70632
0.83753
0.9506
3.0409
0.72277
0.84918
0.78705
0.73114
4.1591
14.622
6.4121
7.8705
9.5499
10.839
3.9355
1.2853
3.7931
0.68549
15.311
11.376
12.618
10.471
10.691
12.134
12.764
7.4473
3.1769
0.98628
2.0512
1.1912
0.83946
1.9999
9.506
13.152
12.218
10.593
11.066
8.356
8.0353
13.062
12.445
0.92257
1.0139
1.4723
6.6834
12.078
9.0782
0.8356
2.1528
1.1912
1.1695
1.0641
1.2531
0.86896
1.0139
3.7239
6.6988
8.531
11.22
11.117
12.647
11.246
15.205
9.2257
5.224
7.1121
0.79983
9.2897
4.6452
0.75858
0.81658
1.2388
6.7453
13.428
12.274
1.4256
9.6828
14.791
12.303
0.75336
1.3152
1.5066
1.3552
0.72778
0.86298
0.78886
0.80168
0.7925
0.77804
0.88308
0.75858
0.85114
0.84333
0.79616
0.80724
0.94624
1.6788
0.73114
0.84918
0.94842
0.86099
0.88105
0.88512
0.85704
1.1561
0.96828
6.4714
0.67298
0.7145
0.75858
0.69343
0.86896
0.78524
0.70958
0.66527
0.93756
0.69984
0.73621
0.67764
0.68549
0.70146
0.72778
0.71121
0.67453
0.73282
0.67608
0.72778
0.7656
0.68549
0.78705
0.70469
0.7379
0.75858
0.65464
0.67143
0.72277
0.70307
0.81846
0.69823
0.71614
0.7145
0.71121
0.71285
0.76736
0.75683
0.89331
0.79799
0.71121
1.406
1.2359
1.4521
0.75858
1.0093
1.3614
0.87297
0.74473
0.69024
0.79433
0.76736
0.72946
0.78163
0.73114
0.72611
0.72778
0.78524
0.77446
0.71614
0.80353
0.75683
0.77804
0.92045
0.78705
0.8091
0.76736
0.75858
0.73114
0.75162
0.77268
0.74645
0.73282
0.71614
0.97275
0.75336
0.83753
0.75162
0.74989
0.73961
0.69502
0.71614
0.74473
0.73282
0.70958
1.028
0.7656
0.80168
0.68707
0.7379
0.74645
0.74131
0.77446
0.72444
0.74989
0.68549
0.68077
0.82224
0.75162
0.7379
0.73114
0.76913
0.92897
0.77983
0.72277
0.7379
0.74817
0.70469
0.74645
0.77625
0.79068
0.72778
0.72111
0.83368
0.76736
1.0617
0.73961
0.74473
0.71945
0.71121
0.77268
0.75162
0.73114
0.77268
0.76913
0.69663
0.79799
0.72444
0.73114
0.73451
0.79616
0.80168
0.79433
0.8892
0.82035
0.75683
0.74302
0.82035
1.2218
0.82794
0.82985
0.81846
1.194
1.2823
1.1015
0.98401
1.2503
1.3183
1.1535
1.2331
1.2706
1.5996
1.39
3.5645
0.68707
0.69984
0.72778
0.74989
0.78163
0.70146
0.68707
0.72444
0.72277
0.70958
0.70632
0.69343
0.67608
0.67143
0.72946
0.67608
1.1776
0.72778
0.66527
0.70958
0.74817
0.66681
0.72778
0.69343
0.67143
0.74645
0.78705
0.70795
0.72778
0.69183
0.69502
0.74302
0.68549
0.70958
0.67608
0.75336
0.70795
0.71285
0.67143
0.69823
0.71779
0.89125
0.69823
0.67453
0.69823
0.69343
0.75683
0.67764
0.69663
0.66527
0.74645
0.68707
0.70958
0.73114
0.74817
0.74302
0.66222
0.71285
0.69183
0.69823
0.69343
0.66834
0.76384
0.75162
0.76913
0.68865
0.69343
0.71614
0.7379
0.68549
0.70958
0.86696
1.1508
1.3552
0.93111
0.71945
0.70958
0.71121
0.72611
0.99083
0.75683
0.69024
0.72277
0.71121
0.75509
0.71614
0.75336
0.72111
0.79616
0.75336
0.73114
0.71779
0.68549
0.69663
0.67298
0.74817
0.74302
0.79983
0.68391
0.72946
0.70795
0.78705
0.78343
0.72778
0.72946
0.72277
0.76913
0.69183
0.72778
0.73621
0.70795
0.72611
0.70469
0.73621
0.67298
0.70632
0.73282
0.6792
0.69823
0.68707
0.71614
0.74473
0.74817
0.69823
0.72946
0.70795
0.72778
0.73451
0.6792
0.80168
0.71779
0.77625
0.75509
0.73621
0.68077
0.74989
0.8091
0.69663
0.82604
0.68077
0.76208
0.68549
0.72946
0.74989
0.8147
0.71121
0.73282
0.74473
0.73282
0.75509
0.69183
0.75858
0.72111
0.95499
0.71945
0.73282
0.79433
0.74473
0.69502
0.71614
0.73282
0.70469
0.67298
0.75336
0.7145
0.70307
0.74131
0.72277
0.77268
0.73114
0.97499
0.7709
0.66527
0.68865
0.68391
0.72946
0.69024
0.73282
0.69183
0.71121
0.68391
0.70632
0.69984
0.75858
0.75336
0.68865
0.68234
0.70146
0.70795
0.69183
0.71121
0.66069
0.73621
0.69823
0.67298
0.87297
0.97051
0.7379
0.83368
0.78524
2.7669
0.69823
0.72778
0.66988
0.67453
0.65464
0.68865
0.67764
0.66527
0.65615
0.66069
0.69183
0.67298
0.66527
0.64565
0.65464
0.73451
0.80538
0.70146
0.88308
0.78343
0.68707
0.71614
0.7145
0.64565
0.75509
0.81658
0.76033
0.64863
0.7379
0.66222
0.68707
0.70958
0.65464
0.6792
0.64863
0.71285
0.64714
0.67143
0.64714
0.66374
0.66527
0.66069
0.70795
0.68077
0.69024
0.93972
0.76208
0.73114
1.1455
0.82794
0.72277
0.69984
0.66834
0.65766
0.66681
0.68234
0.68865
0.69343
0.81658
0.93325
0.70632
0.69343
0.67608
0.66374
0.67608
0.66527
0.66069
0.6792
0.6792
0.67143
0.70795
0.67453
0.66374
0.67608
0.68234
0.67608
0.70469
0.69024
0.6792
0.69502
0.70146
0.69502
0.65917
0.66374
0.68865
0.69502
0.71121
0.69663
0.69823
0.69663
0.74473
0.69183
0.66681
0.65163
0.66681
0.69024
0.65464
0.67608
0.69343
0.67298
0.66527
0.66834
0.69024
0.69024
0.67298
0.70632
0.66834
0.68234
0.68707
0.67608
0.66834
0.71285
0.69502
0.69024
0.73451
0.69024
0.66527
0.65313
0.66069
0.69343
0.69663
0.70795
0.71285
0.7145
0.69984
0.70146
0.7145
0.69024
0.66681
0.72611
0.66222
0.67143
0.65917
0.68707
0.66988
0.68549
0.69663
0.70307
0.74302
0.68077
0.67764
0.66988
0.68707
0.69663
0.6792
0.73451
0.69343
0.66834
0.68865
0.65615
0.68549
0.67298
0.69984
0.71285
0.68077
0.66988
0.66527
0.68865
0.70146
0.75336
0.68549
0.83753
0.75336
0.8356
0.82035
0.66222
0.70632
0.98628
0.87902
0.80353
1.7579
0.68549
0.69502
0.70146
0.87902
0.66374
0.69183
0.68865
0.68865
0.66834
0.67453
0.67143
0.67143
0.71614
0.67608
0.70795
0.68549
0.69984
0.67143
0.66834
0.72444
0.67608
0.7145
0.67143
0.71614
0.68077
0.68707
0.68234
0.67764
0.67764
0.68707
0.66374
0.65917
0.70146
0.69984
0.69024
0.69183
0.66222
0.8147
0.68391
0.84723
0.65766
0.66834
0.92045
0.82794
0.65917
0.66988
0.65464
0.66222
0.67764
0.69823
0.67608
0.64121
0.69663
0.64714
0.67298
0.68391
0.65917
0.69502
0.98855
0.88308
0.65766
0.66834
0.64863
0.68707
0.74473
0.89536
0.71945
0.78886
0.7656
0.69183
0.68077
0.72111
0.68391
0.65766
0.96383
0.72946
0.66988
0.68077
0.67143
0.66527
0.64863
1.1117
0.67143
0.68549
0.64863
0.67453
0.68234
0.64863
0.68077
0.70307
0.66069
0.68234
0.68234
0.70958
0.66834
0.67143
0.68391
0.68865
0.70795
1.2218
0.66527
0.68391
0.6792
0.89536
0.71121
0.70307
0.68391
0.66988
0.66681
0.70632
0.69984
0.69502
0.65615
0.70146
0.67143
0.74817
0.66069
0.67764
0.68865
0.68234
0.67608
0.67608
0.72444
0.66374
0.67764
0.66222
0.66681
0.70958
0.67453
0.76913
0.68865
0.66988
0.69823
0.66527
0.65766
0.68234
0.66374
0.65163
0.69024
0.67764
0.68234
0.69502
0.65917
0.67453
0.67764
0.66834
0.64565
0.64417
0.6792
0.65917
0.69024
0.65766
0.65464
0.68391
0.66681
0.76736
0.68077
0.65917
0.65766
0.70469
0.73451
0.68234
0.65313
0.68549
0.68707
0.66988
0.65917
0.6792
0.66988
0.66527
0.67608
0.69502
0.68077
0.68391
0.67298
0.66374
0.68391
0.64417
0.65163
0.65615
0.66681
0.66069
0.69984
0.66527
0.67143
0.66527
0.6792
0.68077
0.68391
0.68865
0.67608
0.67143
0.67764
0.69663
0.68707
0.68077
0.66374
0.68391
0.64269
0.72111
0.67298
0.70469
0.67143
0.84528
0.65615
0.69183
0.81658
1.9143
1.4355
0.65917
0.66069
1.5849
0.86298
0.69502
0.70469
0.85114
0.8147
0.92683
0.66374
0.7145
0.70307
0.68865
0.66069
0.77804
1.0304
0.69663
0.68391
0.65917
0.65163
1.0814
0.65766
0.8147
0.68549
0.8892
0.94842
1.3032
1.2912
1.2388
1.2331
1.4622
1.2706
1.803
2.5061
0.93325
1.2023
0.8414
0.78524
0.67453
0.69024
0.70632
0.66527
0.7925
0.66834
0.66834
0.67764
0.97949
2.3388
0.70958
0.68391
0.75858
0.77446
0.82604
0.76208
1.2531
0.69984
0.69663
1.1641
1.1508
0.89536
0.87096
0.77804
2.4717
0.65766
0.71945
0.66834
0.87902
0.69024
0.66374
0.67608
0.69502
0.77446
0.74817
0.64565
0.67764
0.69984
0.70469
0.70795
0.69024
0.67608
0.68865
0.72778
0.71779
0.67608
0.69663
0.69183
0.70795
0.70469
0.72277
0.71614
0.76736
0.66222
0.98401
0.67764
0.77625
1.7824
1.6982
2.4434
1.1117
0.69024
0.72778
0.74989
0.65917
0.67764
0.67608
0.69984
0.65917
0.66834
0.79433
0.69984
0.67298
0.71614
0.6792
0.65163
0.69183
0.68865
0.74302
0.70958
0.69984
0.66222
0.69502
0.69984
0.64565
0.65615
0.69024
0.83176
0.68865
0.77804
0.67453
0.79983
0.66374
0.66374
0.67143
0.67143
0.66527
0.65163
0.66527
0.66834
0.69502
0.70307
0.68234
0.64565
0.65615
0.66374
0.64269
0.66681
0.71614
0.70307
0.65163
0.66988
0.68865
0.67453
0.69663
0.65615
0.67453
0.68391
0.66988
0.68391
0.66374
0.67143
0.67143
0.67608
0.69984
0.71285
0.67764
0.70958
0.67298
0.66681
0.66834
0.68865
1.0914
2.1184
0.76913
0.79433
0.74645
0.7379
1.122
0.78705
0.72277
0.67764
0.65313
0.73451
0.94189
1.1749
0.69502
0.84918
0.65464
0.6792
0.93325
0.71614
0.82414
0.78524
0.68549
0.65615
0.66222
0.68077
0.66222
0.68234
0.68234
0.66222
0.65013
0.66069
0.65917
0.67764
0.66222
0.67298
0.64417
0.68391
0.66374
0.6792
0.66222
0.67298
0.66527
0.72778
0.65917
0.68234
0.68234
0.70632
0.68234
0.68865
0.69823
0.69183
0.67764
0.67764
0.68549
0.69183
0.69663
0.72111
0.73961
0.72778
0.69502
0.70307
0.65464
0.64565
0.68549
0.66222
0.70307
0.66374
0.69823
0.66988
0.65917
0.65766
0.70958
0.68707
0.69183
0.66681
0.68865
0.69343
0.66527
0.71121
0.7379
0.68234
0.75336
0.82604
0.6792
1.2912
0.75162
0.67608
0.70632
0.92257
0.68707
0.6792
0.79433
0.69343
0.6792
0.73282
0.75858
0.72111
0.65615
0.70307
0.73961
0.68077
0.73961
0.69343
0.69024
0.72444
0.70958
0.67453
0.66222
0.64863
0.71121
0.71285
0.67608
0.68549
0.68707
0.71285
0.75336
0.67298
0.67453
0.68077
0.70146
0.68077
0.68391
0.67608
0.68549
0.7145
0.73961
0.68077
0.66834
0.69663
0.75336
0.66988
0.66988
0.67298
0.64565
0.7145
0.69663
0.66681
0.75162
0.77268
1.0914
1.4928
2.0559
0.83176
0.69984
0.69183
0.97499
1.0593
0.82035
0.90782
0.98175
0.82224
1.0116
1.0328
1.3335
1.0139
1.0691
0.73961
0.67764
0.71614
0.70469
0.6792
0.7145
0.92257
0.70795
0.68391
0.66834
0.66681
0.67143
0.77625
0.67764
0.69343
0.68234
0.66681
0.66681
0.67764
1.0209
1.2134
0.67143
1.1169
1.0666
1.094
1.2912
1.4894
1.1885
1.094
1.0257
1.6106
0.96161
1.4388
1.2106
1.0568
1.1272
2.904
1.7458
1.4488
0.8091
0.68549
1.2794
0.64417
0.6792
0.66527
0.64121
0.68077
0.66069
0.81096
0.66988
0.65163
0.65917
0.68077
0.63533
0.64565
0.63973
0.64863
0.64417
0.63096
0.65313
0.6368
0.64863
0.66374
0.68707
0.65766
0.66069
0.64565
0.67764
0.65766
0.67143
0.65163
0.69663
0.67143
0.67453
0.65013
0.67453
0.69024
0.66069
0.63387
0.65464
0.66681
0.64714
0.67764
0.66834
0.67143
0.66834
0.67453
0.66834
0.67143
0.67143
0.69823
0.64417
0.65013
0.65917
0.65163
0.70307
0.65013
0.69663
0.68549
0.64565
0.66527
0.68549
0.65615
0.66834
0.66527
0.66988
0.66374
0.66527
0.73114
0.65313
0.81846
0.74817
0.74131
0.64863
0.67298
0.64714
0.63533
0.76913
0.65766
0.66681
0.66527
0.66069
0.72946
0.64269
0.64863
0.64121
0.62951
0.65313
1.1376
0.83753
0.76384
0.78524
0.78343
0.83176
0.9506
0.82794
0.67143
0.69343
0.67143
0.65313
0.65163
0.66988
0.69183
0.67453
0.66069
0.63973
0.68549
0.63826
0.6792
0.65766
0.69024
0.66834
0.67608
0.66222
0.66988
0.64565
0.65464
0.65917
0.67764
0.65464
0.69183
0.66069
0.65615
0.69343
0.66374
0.66527
0.65013
0.65163
0.66069
0.69183
0.68391
0.68549
0.65615
0.68549
0.66681
1.0789
0.66374
0.6792
0.64714
0.6792
0.66681
0.69343
0.66374
0.65013
0.67298
0.67453
0.63826
0.69502
0.64121
0.66681
0.64714
0.65464
0.65013
0.68077
0.68549
0.65464
0.64714
0.6792
0.70146
0.66069
0.66374
0.66222
0.67143
0.66527
0.65766
0.65766
0.68549
0.65464
0.64269
0.66988
0.72444
0.66527
0.67764
0.6792
0.65163
0.69823
0.65917
0.69183
0.68077
0.64417
0.66527
0.66374
0.70958
0.65313
0.67764
0.67143
0.70632
0.65766
0.68549
0.65313
0.66069
0.6792
0.65313
0.65013
0.67608
0.66681
0.67453
0.68391
0.65766
0.67298
0.66988
0.67453
0.63533
0.65917
0.66374
0.66527
0.66069
0.65615
0.64565
0.65013
0.70795
0.66374
0.69183
0.68234
0.65917
0.66527
0.67608
0.68391
0.67298
0.68865
0.65464
0.66222
0.64714
0.64417
0.64269
0.68391
0.64269
0.70632
0.66069
0.65917
0.64417
0.6792
0.69183
0.65013
0.67453
0.64714
0.65917
0.66527
0.66988
0.67143
0.68234
0.72946
0.63826
0.66527
0.68549
0.67143
0.64714
0.64417
0.65464
0.66834
0.66834
0.65615
0.63533
0.68077
0.67608
0.65917
0.65766
0.64714
0.67608
0.67453
1.1722
1.0544
1.1614
1.0864
1.2503
1.1455
1.1776
1.0593
1.6943
1.0186
1.0641
1.6634
0.6792
0.66069
0.68865
0.8147
0.84723
0.90991
1.1668
0.75336
0.63533
0.74645
0.64565
0.66527
0.66222
0.64417
0.66988
0.64417
0.66681
0.65313
0.67298
0.63826
0.63096
0.64121
0.63387
0.64121
0.65766
0.71779
0.80353
0.65766
0.87096
0.87498
0.93972
0.65615
0.65615
0.66988
0.65615
0.65615
0.69343
0.66834
0.66681
0.66527
0.67764
0.66374
0.64863
0.65313
0.68391
0.66988
0.64714
0.65766
0.64714
0.67764
0.66222
0.6792
0.68865
0.65615
0.68865
0.69024
0.79983
0.66681
0.76736
0.64417
0.69183
0.65163
0.63241
0.6792
0.66222
0.68077
0.73114
1.4454
0.66527
0.67298
0.69663
0.66069
0.6368
0.64565
0.66527
0.65313
0.64565
0.74817
0.69024
0.68077
0.67764
0.65013
0.66834
0.66069
0.68077
0.63533
0.67764
0.67608
0.65766
0.73621
0.64714
0.65766
0.65917
0.66988
0.69024
0.70958
0.70795
0.68549
0.70469
0.69343
0.65917
0.66988
0.69663
0.68077
0.68077
0.68707
0.65313
0.69024
0.65917
0.91833
0.73282
0.67608
0.66988
1.1041
0.89743
0.78705
0.67143
0.77804
0.67764
1.1376
0.77268
1.3366
0.97051
0.70795
0.66681
0.84333
0.98628
0.69663
0.71285
0.65615
0.65163
0.6792
1.0375
0.75509
0.76384
0.65163
0.8147
0.87902
0.66222
0.71614
0.66681
0.66681
0.93111
0.94406
1.1298
0.67143
0.67143
0.65013
0.66069
0.66374
0.67453
0.67453
0.65313
0.67608
0.65766
0.68234
0.65766
0.66681
0.69823
0.66834
0.65464
0.66527
0.65766
0.64269
0.67298
0.66988
0.66834
0.66988
0.69502
0.70469
0.71285
0.66681
0.65163
0.6792
0.65163
0.65163
0.65766
0.72946
0.66527
0.65615
0.69343
0.67764
0.65163
0.70469
0.66834
0.67764
0.66527
0.67764
0.69502
0.67764
0.65163
0.67608
0.65013
0.65163
0.66069
0.69663
0.67298
0.64417
1.3092
0.68077
0.70307
0.79983
0.68865
0.70146
0.92257
0.68234
0.72444
0.70146
0.71945
0.82414
0.69343
0.64863
0.67764
0.66374
0.67608
0.64417
0.65163
0.67298
0.65163
0.69663
0.69024
0.66069
0.66527
0.66069
0.67608
0.64863
0.67764
0.64269
0.64565
1.2735
0.68234
0.66681
0.67143
0.69024
0.69183
0.65013
0.66527
0.66681
0.68234
0.67608
0.66527
0.6792
0.70146
0.66374
0.65464
0.70795
0.69502
0.65464
0.66069
0.67608
0.64565
0.64121
0.68707
0.70469
0.70958
0.69183
0.65013
0.69823
0.69183
0.66681
0.68865
0.65615
0.69823
0.67453
0.69024
0.65766
0.67143
0.67764
0.65615
0.67453
0.71779
0.70307
0.8091
0.64565
0.66222
0.67608
0.67298
0.67608
0.66374
0.65313
0.6792
0.65013
0.70307
0.68865
0.67143
0.66222
0.67298
0.69663
0.68234
0.68707
0.68077
0.72946
0.66988
0.69663
0.66988
0.66988
0.68077
0.69502
0.67143
0.67143
0.70795
0.85704
0.92257
0.74302
0.74473
0.72611
0.96161
1.2445
1.2853
1.4388
1.1668
1.2078
0.94406
0.97724
0.86099
0.98855
1.1695
1.0641
0.87498
1.1858
1.4355
2.1429
0.70307
0.68077
0.66988
0.66222
0.64417
0.92683
0.69183
0.74645
0.73621
0.83176
0.64714
0.65313
0.67608
0.66988
0.72778
0.71945
0.81283
0.68707
0.67608
0.76208
0.79433
1.6558
1.2823
1.1272
1.1402
1.4588
0.70632
0.67453
0.67764
0.66069
0.67608
0.75858
0.76736
0.76384
0.67298
0.97949
0.65464
0.83753
0.66834
0.65013
0.65766
0.7709
0.69984
0.8091
0.66834
0.73282
0.67608
0.67453
0.66222
0.65163
0.64863
0.65917
0.93972
0.65464
0.9506
0.65013
0.66069
0.91622
0.65766
0.64269
0.64714
0.66988
0.66374
0.67143
0.65917
0.67608
0.65313
0.66374
0.67764
0.76208
0.67453
0.65163
0.64863
0.66681
0.67453
0.82604
0.69502
0.67143
0.68234
0.82794
1.5276
1.1015
0.8892
0.66527
0.7379
0.86696
1.1143
0.68077
0.71945
0.65766
0.67143
0.65464
0.67453
0.72444
0.76033
0.64417
0.66681
0.66681
0.65615
0.70146
0.69663
0.66988
0.66988
0.69984
0.69502
0.65464
0.70307
0.68391
0.67298
0.65766
0.66988
0.78705
0.70958
0.69024
0.66988
0.67764
0.70632
0.66988
0.67298
0.65917
0.69823
0.67298
0.66069
0.67143
0.68549
0.71614
0.83946
0.67298
0.67608
0.66681
0.66681
0.66988
0.64863
0.65464
0.69663
0.72277
0.69984
0.64121
0.66988
1.0186
0.7656
0.72778
0.8091
0.75858
0.6792
1.0116
2.3496
1.8967
0.68549
0.67608
0.92897
0.91833
0.80724
0.74302
1.4388
1.349
0.68865
0.72778
0.67453
0.66834
0.66988
0.65615
0.65615
0.65013
0.69502
0.68391
0.66069
0.66527
0.65917
0.65163
0.62661
0.66681
0.69183
0.66988
0.71779
0.66222
0.65766
0.65013
0.70469
0.67143
0.69663
0.6792
0.84723
0.68077
0.64121
0.65615
0.69024
0.66069
0.69183
0.68549
0.65313
0.63973
0.66374
0.64121
0.64863
0.64417
0.66834
0.66834
0.67453
0.63973
0.67453
0.65615
0.65615
0.66374
0.64269
0.67143
0.6792
0.66988
0.68865
0.67453
0.67764
0.66069
0.66374
0.65766
0.66069
0.66681
0.67453
0.6792
0.69183
0.64863
0.66527
0.65013
0.66988
0.75162
0.76384
1.0814
0.68549
0.74817
1.0328
0.75858
1.1092
0.74645
0.83946
1.2882
1.9634
1.0162
0.90365
1.074
0.79433
1.6368
0.68391
0.70146
0.70146
0.70632
0.82414
0.69343
0.66222
0.70146
0.68077
0.65464
0.67608
0.67143
0.68707
0.67453
0.66988
0.65013
0.68077
0.65766
0.67298
0.66527
0.64417
0.66069
0.65766
0.66834
0.66681
0.64714
0.66681
0.66222
0.68391
0.66374
1.0495
0.64565
0.65464
0.65464
0.64417
0.68077
0.65163
0.67764
0.66222
0.67608
0.67298
0.66374
0.66988
0.65313
0.69183
0.64417
0.64714
0.65313
0.67764
0.67764
0.66681
0.64565
0.74302
0.64863
0.66069
0.67143
0.64565
0.65766
0.65313
0.65163
0.67764
0.66988
0.65766
0.65766
0.877
0.67143
0.65313
0.67143
0.70307
0.69183
0.66069
0.65163
0.65766
0.71614
0.6792
0.66834
0.64863
0.66374
0.66834
0.68549
0.64565
0.69024
0.66069
0.67143
0.67608
0.64863
0.69024
0.65766
0.66527
0.69663
0.64121
0.65766
0.68077
0.73451
0.7709
0.79433
0.73114
0.70958
0.72778
1.0046
1.099
0.73114
0.66069
0.66222
0.65313
0.89331
0.69663
0.66069
0.66069
0.66527
0.67298
0.67453
0.65917
0.64121
0.65615
0.64565
0.69343
0.65313
0.66069
0.66374
0.65766
0.64565
0.65766
0.66374
0.64714
0.66527
0.65013
0.66222
0.67608
0.68707
0.64714
0.70795
0.68391
0.67298
0.67608
0.65464
0.64863
0.65766
0.92045
0.66222
0.71121
0.67298
0.66374
0.64863
0.69502
0.64565
0.69663
0.67764
0.65917
0.67764
0.70469
0.66222
1.3428
1.3709
0.95499
0.76736
0.8892
0.78886
1.3932
1.4093
1.1376
2.0701
0.6792
0.90991
0.78163
0.76384
0.8356
0.66681
0.71945
0.66374
0.69183
0.68391
0.66834
0.68549
0.68234
0.66222
0.66527
1.0209
0.81658
0.74473
0.66069
0.65766
0.97499
0.99083
0.88716
0.69823
0.68549
0.64863
0.66681
0.69984
0.68077
0.67453
0.68077
0.66834
0.69343
0.64417
0.66681
0.66222
0.67453
0.70146
0.69024
0.67608
0.68391
0.66222
0.68077
0.63973
0.67453
0.64863
0.6792
0.66069
0.67143
0.65615
0.65013
0.66988
0.70632
0.68077
0.67298
0.68865
0.68234
0.72946
0.65615
0.68077
0.63533
0.66988
0.64863
0.76736
0.66834
0.67453
0.64417
0.70146
0.65917
0.67143
0.66527
0.67453
0.68234
0.70795
0.70632
0.67764
0.66374
0.68077
0.72111
0.7145
0.71779
0.70632
0.68391
1.0233
0.67298
0.65464
0.64714
0.69183
0.67453
0.64269
0.65013
0.66834
0.64565
0.73114
0.64269
0.6792
0.64121
0.65013
0.64863
0.66069
0.68077
0.66069
0.71121
0.65163
0.67453
0.68707
0.65464
0.72444
0.67764
0.68234
0.64863
0.65766
0.65917
0.68865
0.64565
0.68391
0.68391
0.68865
0.66374
0.67608
0.67453
0.67608
0.66988
0.70146
0.68234
0.66069
0.65163
0.67608
0.65917
0.67453
0.65917
0.66222
0.71614
0.66681
0.64269
0.67298
0.68549
0.66222
0.64269
0.6792
0.72111
0.66681
0.66834
0.75162
0.71945
0.68391
0.75858
1.1535
1.5885
0.76208
0.80353
0.87096
0.72611
0.67764
0.66222
0.64417
0.83946
0.66834
0.64269
0.66988
0.66681
0.6792
1.3002
0.72946
0.8892
1.0139
0.66681
0.66834
1.0375
1.1246
0.66681
0.67764
0.88716
1.2134
1.2589
1.0423
0.66222
0.98855
1.1298
1.6827
0.68391
0.68707
0.65917
0.67453
0.64714
0.65013
0.73621
0.66988
0.65464
0.66069
0.64714
0.65615
0.68234
0.66834
0.66222
0.68865
0.72611
0.69823
0.67298
0.66681
0.64714
0.65313
0.66988
0.67453
0.66834
0.72277
0.67298
0.68234
0.68234
0.68077
0.66834
0.68077
0.70795
0.65615
0.67764
0.64121
0.69343
0.67764
0.68391
0.66222
0.65766
0.66988
0.67764
0.66834
0.6792
0.64863
0.68549
0.66988
0.69502
0.66222
0.66527
0.64565
0.65313
0.8531
0.69984
0.66527
1.2359
1.074
1.1995
1.1614
1.219
1.3152
2.5119
1.8197
0.65163
0.66374
0.72277
0.71779
0.68707
0.69823
0.64565
0.70632
0.7145
0.70307
0.66527
0.79433
0.69823
0.72277
0.68549
0.75162
0.71779
0.75858
2.3659
0.88105
0.79799
0.93325
1.1092
1.4928
1.1641
0.67608
0.6792
0.67143
0.67143
0.68077
0.66374
0.64121
0.64269
0.65013
0.64863
0.65615
0.66527
0.68234
0.66681
0.64565
0.66069
0.6792
0.72111
0.68077
0.71285
0.66681
0.65615
0.69024
0.68391
0.65464
0.66069
0.65766
0.67143
0.67143
0.66988
0.70469
0.68077
0.69183
0.66374
0.68391
0.66834
0.66527
0.66834
0.67298
0.65615
0.66222
0.69343
0.67143
0.68865
0.65766
0.66069
0.65917
0.67143
0.65163
0.66069
0.68234
0.6792
0.65313
0.67764
0.68707
0.67143
0.66527
0.66069
0.66069
0.66681
0.64565
0.67143
0.66069
0.65013
0.67298
0.66374
0.66527
0.64714
0.65163
0.64417
0.67143
0.64417
0.69183
0.69343
0.66988
0.66834
0.65917
0.67298
0.73282
0.69663
0.66222
0.65917
0.64714
0.65917
0.67143
0.66681
0.64863
0.73961
0.69024
0.66988
0.69823
0.65464
0.64565
0.66988
0.66527
0.66527
0.67143
0.7379
0.66374
0.67608
0.65766
0.66527
0.65013
0.69024
0.64417
0.67143
0.66834
0.69984
0.66527
0.68077
0.66988
0.65615
0.66834
0.66069
0.64269
0.65917
0.64121
0.64417
0.66834
0.88105
0.69663
0.68707
0.78524
0.82414
0.74302
0.72277
1.1194
0.6792
0.76736
0.65313
0.68707
0.67608
0.68865
0.65917
0.64863
0.68865
0.66834
0.66834
0.66222
1.2823
0.79983
0.93541
1.3583
1.2445
1.1668
1.3032
1.4689
1.3183
1.4158
1.3243
1.1455
1.3213
1.5849
1.5812
1.349
2.9992
0.68077
0.67298
0.66834
0.68391
1.099
0.72611
0.71945
0.69984
0.67298
0.68707
0.70146
0.69343
0.63096
0.66988
0.66222
0.70146
0.67143
0.67143
0.67453
0.65766
0.66988
0.69343
0.68707
0.7709
0.65163
1.1535
0.79799
0.91411
2.4378
0.71121
0.67453
0.73282
0.71121
0.68707
0.76384
0.64565
0.67453
0.68707
0.89125
1.2677
1.1041
0.68234
0.6792
0.67298
0.68707
0.68234
0.70632
0.67453
0.68077
0.68391
1.0328
0.66069
0.67453
0.68391
0.66069
0.66222
0.72277
0.66374
0.82224
0.68707
0.68391
0.68391
0.69024
0.67608
0.70307
0.68077
0.68865
0.67298
0.71121
0.66834
0.67453
0.68707
0.68077
0.81658
0.65917
0.68549
0.67453
0.70307
0.66681
0.66988
0.64863
0.68549
0.6792
0.66069
0.67298
0.67143
0.68391
0.67608
0.67453
0.67764
0.68234
0.66988
0.65917
0.6792
0.67298
0.64121
0.66988
0.66681
0.65313
0.66527
0.64565
0.66527
0.66681
0.65464
0.63826
0.67764
0.67298
0.66527
0.68391
0.66681
0.67608
0.68234
0.68707
0.66834
0.74131
0.65615
0.67608
0.73451
0.69502
0.66374
0.66374
0.68549
0.67298
1.0209
0.79983
0.8892
0.70958
0.83368
0.82414
0.74989
0.82224
1.3002
1.4723
0.65464
0.76033
0.69502
0.71614
0.66681
0.71121
0.68865
0.66069
0.6792
0.70795
0.66834
0.68549
0.6792
0.69183
0.69024
0.66988
0.72444
0.67143
0.68077
0.69663
0.68707
0.78524
0.65464
0.71121
0.64863
0.68234
0.67764
0.69502
0.66834
0.70632
0.69183
0.67764
0.67764
0.67608
0.8531
0.70307
0.68707
0.69343
0.68234
0.67608
0.67764
0.69183
1.3213
1.1041
0.7656
0.90365
0.72778
0.877
0.71285
0.70958
0.70958
0.72111
0.76384
0.877
0.7145
0.6792
0.66527
0.67764
0.6792
0.6792
0.67143
0.70469
0.68707
0.66834
0.67453
0.65615
0.65766
0.70146
0.66681
0.70307
0.71779
0.65917
0.66069
0.67143
0.64863
0.64714
0.66069
0.70146
0.68234
0.64417
0.66222
0.66527
0.65917
0.67608
0.70958
0.68234
0.72611
0.64417
0.6792
0.66988
0.66374
0.63973
0.67298
0.68077
0.69823
0.68865
0.66681
0.65917
0.68865
0.69663
0.66834
0.67608
0.74989
0.98401
0.77446
0.84723
1.0617
0.66527
0.67143
0.68865
0.66527
0.67608
0.71285
0.69343
1.1298
1.5311
0.66834
0.66988
0.65013
0.65163
0.66988
0.69343
0.67453
0.66527
0.9247
0.69343
0.69823
0.66834
0.66222
0.66681
0.69663
0.66988
0.68234
0.64863
0.65766
0.65464
0.65163
0.77983
0.7925
0.75683
1.0233
3.0409
0.65615
0.8091
1.1912
1.0471
1.0617
1.0889
1.0093
1.7298
1.194
3.4277
1.5849
0.69984
0.97275
1.7179
0.70632
0.66222
0.70469
0.68077
0.65615
0.66222
0.64565
0.66069
0.67764
2.7542
0.71285
0.69663
0.66834
0.68865
0.67298
0.66988
0.72946
0.69024
0.68077
1.9724
0.67298
3.5075
7.7983
7.5509
9.3541
8.9743
10.399
11.535
12.706
10.257
8.5901
10.139
6.9024
1.2912
0.70795
0.71121
5.4702
10.617
11.722
17.14
10.74
12.162
14.421
11.858
10.139
10.423
10.023
10.889
9.2257
12.023
9.3325
0.92683
1.2417
4.7643
2.9648
10.023
11.912
11.508
7.8343
1.094
0.98628
1.2303
5.6234
12.853
4.7643
1.0233
1.2735
1.1749
1.1614
1.0568
1.374
1.1561
1.4521
1.4223
1.2794
0.70307
1.3397
0.98855
2.2387
0.77268
0.67298
0.69183
0.7656
1.0209
0.72277
0.7379
1.183
0.82414
0.76208
0.83368
0.88716
1.1668
0.87297
0.72946
0.73961
1.5596
9.7275
0.83753
0.77804
0.70307
0.72778
0.74473
0.75858
0.7379
0.70958
0.83753
0.75858
0.70958
0.67298
0.71614
0.72111
0.79433
0.70632
0.70469
0.77625
0.71121
0.75858
0.72611
0.71121
0.74473
0.74817
0.84918
0.8531
0.72946
0.68391
0.69663
0.70307
0.68865
0.69984
0.69502
0.70958
0.69343
0.72277
2.5293
10.965
10.069
10.666
8.2985
11.83
3.1333
9.8628
12.531
12.972
9.9312
8.3176
16.406
1.3804
0.76736
7.4131
7.2111
10.257
13.062
8.9331
7.5162
1.3804
1.0666
2.4547
11.169
9.3541
5.5847
10.914
12.823
10.233
14.757
12.706
9.6161
8.9331
10.839
0.86696
1.1194
2.7797
7.2111
3.7239
18.793
12.474
11.324
8.6696
12.19
11.641
8.8308
1.0046
9.6605
11.015
12.706
10.351
10.447
6.2661
0.76384
2.3933
1.3213
11.858
14.191
25.527
8.531
13.677
4.102
0.69024
11.508
13.459
24.322
12.503
8.414
10.99
5.8076
0.75162
0.70146
0.73961
0.83176
0.71614
2.8249
3.8282
7.2444
0.73451
9.8175
0.68549
7.0632
7.9983
8.4528
1.0641
1.2445
2.5882
14.622
11.246
9.6605
9.4406
0.75162
1.4859
2.6607
0.80724
0.72277
0.79433
4.9431
7.8705
9.2683
8.8716
13.677
15.136
9.2045
10.52
11.041
17.66
16.558
14.723
7.3114
1.0617
0.73451
0.7709
0.86696
1.1015
0.73282
2.3442
2.2909
4.9545
12.764
12.274
11.885
13.366
11.588
8.8105
1.0789
0.90782
0.77983
0.87498
1.0814
0.83946
0.71945
0.86298
0.79433
0.9506
0.77983
0.85704
0.77625
0.77268
4.1305
0.78705
0.74817
0.86099
0.77446
0.83946
3.6898
10.568
12.274
10.069
13.996
10.889
14.06
11.22
7.4473
0.70632
2.7797
13.868
15.453
2.4322
0.72611
2.5882
12.474
20.701
15.382
11.967
10.765
0.75336
11.803
13.335
7.5336
1.2331
8.3176
13.183
12.331
11.668
10.864
10.765
0.79983
0.80353
0.79983
0.78524
0.94842
1.074
1.0304
0.72444
0.89331
0.78163
2.0654
0.93756
0.93756
1.2162
3.0339
9.4189
14.028
10.864
10.093
10.046
11.35
8.0724
0.73282
2.4378
9.4842
9.6161
1.3366
0.90157
0.97051
0.84333
2.0091
2.1184
2.729
1.9055
3.0903
1.5031
0.74473
5.358
0.75509
0.68865
0.66988
0.68077
0.72444
0.71285
4.7973
11.995
8.6298
9.8175
10.765
10.593
10.351
9.9541
7.6384
9.7949
11.614
7.4817
13.335
9.7949
10.023
10.617
10.447
10.765
10.914
7.7983
0.88512
0.70958
0.94406
2.2594
6.1518
12.503
31.189
11.803
11.588
10.666
13.183
10.399
8.5507
1.2359
0.88716
1.4622
1.2735
0.70632
5.5208
5.7544
1.3032
1.3032
1.5382
1.3552
2.9923
0.67298
0.68391
5.6364
8.3753
8.0168
6.6681
15.171
12.445
10.617
9.6828
11.169
11.272
11.117
11.912
13.274
8.5114
5.9429
6.8865
9.247
10.069
11.35
13.614
6.4121
0.90365
11.858
10.139
8.2794
6.9984
10.495
8.0353
14.093
9.7724
13.646
12.05
12.417
12.106
11.83
1.2882
9.8401
11.376
13.49
9.506
8.7902
6.8865
4.9659
8.3176
1.5066
2.2961
8.9125
11.967
9.0365
11.455
1.8113
1.3428
1.6672
1.5885
1.6106
2.6607
0.82035
3.4277
7.379
8.6696
11.117
12.359
6.9502
5.8345
11.246
11.508
3.4514
2.5119
8.0353
2.1727
0.71285
0.77268
0.7379
0.80353
1.762
0.92257
11.246
8.7297
8.2604
2.5351
11.35
7.925
1.4555
4.4978
7.1121
8.8308
15.276
6.1235
0.73621
0.81846
0.7379
0.9506
0.88512
1.3709
1.7219
3.6308
1.3274
1.5812
1.7947
1.6827
4.1879
9.2257
7.7446
11.508
9.6161
12.912
15.453
9.3541
9.8401
10.233
9.7275
1.5596
0.71121
0.75336
0.877
1.0375
2.2856
3.1046
10.447
13.932
10.186
9.7949
7.656
1.1246
1.8923
5.9566
4.6774
10.544
9.2683
11.015
7.6736
0.70146
1.9498
3.0549
2.6546
0.86696
1.2134
6.5163
7.7804
0.68234
0.9594
1.3213
1.556
1.7061
5.358
12.417
15.136
12.19
10.209
11.776
9.8401
7.0632
12.589
4.6132
1.0046
0.8091
0.82604
8.5507
9.8628
9.594
10.046
10.94
8.6099
7.6208
6.6988
10.593
0.87096
0.82604
0.76208
0.82414
1.3213
1.9543
2.6424
1.6827
0.90365
7.9799
8.995
12.531
10.447
15.74
14.322
13.614
11.143
10
18.621
13.836
11.041
9.6161
9.528
10.304
11.194
12.445
10.375
8.3946
7.4473
3.2434
11.429
6.1376
11.776
11.402
11.092
8.8105
11.429
1.0162
0.94624
1.5066
0.74645
1.7742
0.87096
4.592
9.5499
9.8401
6.8077
12.388
8.356
13.243
9.3541
13.804
8.0538
10.568
14.655
19.143
15.74
6.6374
0.7709
0.86696
1.0715
3.4754
1.2388
0.70146
0.92897
5.9429
10.495
8.3176
12.445
7.0146
0.75858
9.528
0.6792
0.8091
0.94624
2.2594
3.3806
5.0582
0.68234
0.73114
0.66222
0.76384
7.7983
12.764
14.06
10.641
10.914
3.2434
1.8113
8.2985
14.191
8.2035
6.9024
8.5114
9.4189
1.3932
0.85507
0.7656
0.75509
0.97275
5.7148
11.641
15.276
10.257
11.092
15.417
1.1169
0.77268
1.6255
2.4946
3.342
1.3152
8.2224
11.803
11.402
9.1201
11.858
14.028
14.723
7.9799
11.722
11.455
10.715
9.506
7.0632
5.3456
10.375
7.2946
1.7378
9.7499
12.706
8.9331
11.641
9.9312
8.091
13.122
4.102
0.82985
0.89536
11.749
8.5704
11.508
11.668
9.2897
4.8306
2.3988
0.8531
5.8614
3.6813
10.889
12.445
8.8105
11.561
12.19
10.715
8.091
6.1235
7.4989
13.366
16.144
8.892
7.4131
9.3111
13.213
0.91411
10.666
7.5336
16.255
16.943
13.062
11.614
12.853
10.593
14.421
12.972
1.3932
12.882
15.488
10.116
9.1622
4.5186
9.1833
13.49
11.455
6.5917
15.488
8.2224
12.246
5.9704
11.695
13.243
11.912
9.9083
8.8716
11.94
9.528
11.508
8.7902
4.6026
0.77625
0.76384
1.3459
0.7709
12.706
12.56
9.7724
10.889
10.691
10.375
5.8884
7.9433
13.772
11.803
11.402
13.032
13.092
11.695
6.8865
12.106
14.256
8.8512
12.023
11.749
7.9068
10.666
9.2683
2.0654
13.709
9.3972
7.3451
8.2985
14.588
7.8886
10.568
11.614
9.6605
9.0573
1.9143
8.2035
8.9125
8.7902
7.9799
8.77
7.0632
9.7949
10.568
10.568
10.52
6.792
6.3533
9.4842
12.531
8.77
10.351
17.378
6.8707
7.3114
10.162
5.5719
17.418
14.421
8.8105
6.4417
12.445
10.423
13.932
11.298
5.8479
10.209
10.94
8.9125
0.84723
1.7701
0.73282
3.1261
1.0304
1.1967
1.2972
1.349
1.2942
12.274
7.5336
8.9743
9.8628
11.092
12.023
19.861
11.402
11.482
9.3541
12.445
21.281
30.13
9.7051
11.858
10
11.967
6.6527
9.3325
19.143
15.066
13.552
16.596
13.305
17.022
18.113
18.88
