3.3806
2.1878
2.1677
2.3878
1.9861
1.0666
1.0814
0.99312
0.82414
1.0233
1.1858
0.82035
0.81846
0.7925
0.88716
1.3552
0.78524
1.6106
1.3428
8.0724
1.2162
2.1627
1.932
1.7865
3.9994
1.3932
0.9528
0.91622
0.8995
0.86896
1.2677
1.2134
1.1641
2.7416
1.8923
1.8155
1.406
1.135
10.495
0.91622
5.2845
2.8445
2.7733
1.9861
1.4622
2.7542
1.1117
3.8107
1.556
3.2285
1.9679
3.9264
2.0654
2.0417
3.2885
0.86896
0.86696
0.97499
1.0617
1.4454
1.0399
1.5276
1.3335
0.97051
0.88105
1.0789
1.3836
1.0116
0.81096
1.0257
0.92045
1.8493
2.1577
2.1429
1.8197
1.6406
7.8886
10.568
0.82414
1.0447
1.028
1.1995
1.4223
1.3243
1.1402
0.8414
1.0715
0.8414
5.0582
4.0832
1.1912
1.8493
11.995
14.791
1.3002
3.155
0.8147
0.8892
2.4946
1.2794
1.256
1
1.3062
1.5488
1.1272
1.0304
1.194
1.3062
8.3176
6.1802
2.0989
0.87498
0.96605
1.8239
1.219
2.904
0.94189
0.8147
1.0593
3.2434
2.799
1.9055
3.2584
2.2387
2.5882
2.2182
1.7219
5.105
1.1429
0.93111
0.8414
1.1092
4.1783
2.4322
1.0889
1.3062
1.122
1.4355
1.094
1.1246
1.5631
1.3062
1.099
1.2618
5.4576
11.429
1.3459
0.82985
0.98855
1.4555
0.85704
0.78163
3.2285
2.6546
1.8113
1.8113
1.9454
4.8417
4.2855
1.2972
1.406
1.803
0.91411
1.0399
1.7298
1.1561
1.1298
1.5959
1.4355
1.2417
1.3152
1.1117
1.0715
1.3122
1.2677
1.1588
1.1324
9.4406
0.72444
1.122
1.2706
1.0423
1.4322
1.5959
1.2764
1.5596
10.116
0.96161
1.2972
0.87498
1.0593
0.88105
1.0186
1.0093
1.7418
2.8445
1.3335
3.4198
10.495
9.1833
10.375
1.6711
1.0162
0.877
0.88512
6.8234
13.646
8.3368
1.0069
1.2589
1.0691
1.0209
0.94842
2.1928
1.6032
0.94624
0.84723
4.0087
0.92897
7.6208
10.046
8.8716
1.7498
4.4055
4.1879
5.3088
2.4547
1.1535
0.97724
0.94189
0.78163
1.1169
1.0351
1.3772
1.1668
1.2589
1.2445
1.1749
1.349
3.1189
1.39
4.8529
2.7669
2.8708
0.8995
0.99312
2.6977
1.2274
2.0184
0.93756
2.4155
3.3651
1.5346
1.0864
3.0832
1.4521
1.2647
1.1668
1.8365
2.2961
5.188
0.92257
0.83753
1.2078
1.9724
6.0395
5.2
9.1622
7.9616
0.76736
12.589
9.1201
7.1121
2.4889
5.445
1.256
7.3621
7.5683
9.3972
7.7625
1.1066
1.6711
1.0186
1.0447
2.1727
1.0666
1.2647
1.0965
1.183
1.1376
1.7783
1.5136
0.91622
2.0559
2.5351
1.2531
4.1115
1.406
1.1298
0.9528
1.1803
1.1614
1.0814
1.1722
1.0593
1.1885
1.1803
1.4028
1.2706
1.39
1.3002
1.3932
0.81283
0.90157
0.8531
0.84528
0.82794
0.77804
0.81283
0.81283
0.84723
1.2764
0.84918
0.84723
0.94842
0.80724
1.8365
1.3868
1.4555
0.89125
1.0046
0.82794
0.877
0.74817
1.028
1.1169
2.2803
1.1749
1.0889
1.1668
0.85114
0.97949
1.2417
1.074
1.4158
1.0965
0.75683
0.91411
1.0351
0.74817
0.89331
0.91411
0.94842
0.86298
0.78163
0.80724
0.78163
0.81283
0.79616
1.4256
0.83368
0.85114
1.3772
1.3366
1.4859
1.5417
3.0903
0.98175
0.87297
0.8356
0.97499
0.91201
0.86298
0.83368
1
0.82414
0.88512
0.87096
1.0046
0.83368
0.90365
2.7606
0.89536
0.84723
0.81283
0.95719
0.86497
0.90573
0.9977
1.0209
0.92683
0.85507
0.77268
1.4223
2.6182
2.8249
1.6672
0.77446
0.72611
0.79433
0.86298
0.877
0.8531
1.9143
1.6331
1.2417
1.1376
1.3614
1.1508
1.2706
1.194
1.3964
1.1092
1.0186
1.5417
0.92683
0.85114
0.86896
2.3281
2.0091
0.87297
0.90782
1.205
0.99083
1.1561
1.0691
1.1722
1.2388
1.1298
1.0304
0.86696
0.9247
1.2677
1.0889
1.1272
1.3092
1.1967
1.0162
0.87297
1.7061
0.86497
0.8531
0.72778
0.82414
0.82794
1.0715
1.0257
0.9528
0.75858
0.86696
0.82224
0.84333
1.1749
0.73621
0.76208
0.76208
0.82035
0.83753
1.1272
0.88512
0.81283
0.82414
0.87498
0.79799
0.78163
1.0328
2.4044
1.6255
0.95499
0.83946
0.87297
0.96605
1.256
0.94842
0.92683
0.77446
0.84528
0.79799
2.0184
0.8147
0.78886
0.81846
0.78343
0.74302
0.83946
1.1668
0.77804
0.82035
0.85704
0.80724
0.74817
0.78524
0.86696
1.0162
1.9011
1.1482
0.89331
0.90573
1.2853
0.90991
0.8414
0.82604
1.3583
0.98401
0.97724
2.4434
2.5119
1.4223
4.8865
3.1046
1.5812
1.3366
1.3521
0.9977
1.2882
5.236
0.92257
0.70307
1.094
0.96383
1.0023
0.8995
1.5276
1.9498
0.76736
0.74131
0.76736
0.78886
0.81096
0.77268
1.3552
1.8408
1.3552
1.0715
1.3836
1.1194
1.183
1.1695
0.98401
2.0941
6.7298
0.82035
1.7539
1.6904
1.2531
1.4388
0.7709
0.82985
0.80353
0.9594
0.80538
0.74989
0.85114
0.83368
0.79799
0.7925
0.82035
1.0715
1.0093
1.374
0.84918
0.75336
0.81096
0.85114
0.88105
0.99541
0.93756
0.79068
0.91833
0.87297
0.8091
1.2794
0.84918
1.1143
0.79799
0.8531
0.77268
0.85704
0.85704
0.71779
0.96383
0.94189
0.76033
0.87297
0.84333
0.78524
0.85114
0.8892
0.98401
0.80538
0.76736
0.85507
0.78163
0.88105
0.83368
0.84333
0.94624
0.76033
0.79616
0.75336
0.8147
0.78705
0.77983
1.0233
0.78705
0.90991
0.8531
0.76208
0.81283
0.86497
0.79616
0.97724
0.9506
0.8147
0.90157
0.79433
0.92257
0.80353
0.85114
0.82794
0.82794
0.77983
0.7709
0.77983
0.82794
0.88105
0.89125
1.0139
0.89331
0.97949
2.7606
2.4099
2.9648
0.86497
0.81096
0.93325
4.6989
2.0559
1.0209
0.86896
0.85114
0.90573
2.2856
0.83368
0.9506
1.2023
2.2182
0.97724
0.7925
0.85507
1.4421
1.2078
1.0351
0.82035
0.78163
0.89743
0.74473
0.76913
0.8147
0.86497
1.2531
0.94406
0.76384
0.87902
0.78343
0.92683
0.76736
0.78524
0.83753
0.87297
1.2794
1.8365
1.5596
2.5119
2.7733
2.0893
1.5066
1.2106
1.1169
1.0765
0.94624
0.70146
1.1668
0.76736
0.79433
0.7656
0.97051
0.86298
1.1272
1.3122
1.9187
0.79799
0.92897
0.96605
0.87297
0.93972
0.88512
0.87902
0.89125
0.83368
1.0093
1.4028
0.85114
1.0304
0.8995
0.89743
1.4191
1.256
0.81658
1.1722
0.78886
1.0965
1.0864
1.0641
0.89743
0.84918
1.0069
0.82224
0.91833
0.76736
0.89331
0.75683
0.96383
0.85704
0.81846
0.84333
0.79799
0.92257
1.0069
0.85704
0.79616
0.79433
0.84723
0.82604
0.80724
0.87902
0.84333
0.78886
0.87902
0.90991
0.80724
0.81283
0.8414
0.92045
0.87902
1.0471
0.79068
0.86896
0.8892
0.90157
0.7709
0.74131
0.87498
0.94406
0.92897
0.82794
0.77983
0.92257
1.1668
1.5776
1.5101
0.89536
1.6749
1.4322
2.5942
0.99083
1.074
1.3964
1.2735
1.2417
1.4289
1.0641
1.0641
1.2706
1.3521
1.1588
1.3092
1.1429
1.714
1.2388
1.219
1.1508
0.91201
1.7179
3.1989
0.99083
0.82224
0.76913
1.0447
0.90573
1.5171
9.6828
1.2794
7.7268
8.1658
2.2387
1.4962
1.8967
1.1117
0.81283
0.96383
0.90573
1.5346
1.5704
0.98175
0.74302
0.91201
0.84918
2.5645
4.4566
5.6624
1.3243
1.1641
1.1885
1.4488
1.349
1.1455
1.194
1.6444
1.2531
1.1885
1.0914
3.0409
2.6424
0.85114
8.356
9.7949
13.459
19.861
9.6828
11.376
13.152
10.839
0.82224
0.81096
1.8113
2.0941
3.4674
7.4302
1.7579
1.6904
2.0464
4.8306
1.3709
1.0568
4.3551
1.099
4.1115
6.1802
0.92897
0.89331
5.2845
0.92897
0.86298
0.86298
0.84918
0.83946
0.78705
0.88716
1.0423
1.1482
0.84723
1.0209
1.2134
0.87297
0.87902
0.8995
0.82794
0.95499
2.8642
8.414
8.0538
1.6904
1.2078
1.3092
1.3614
1.3002
1.1614
1.3183
0.93756
1.3868
1.4256
0.94842
1.3836
0.78705
0.8531
0.8531
0.81658
0.76033
0.70146
0.77804
0.88716
0.9594
1.9953
0.96161
0.78886
1.2417
1.7783
1.4355
5.6364
1.3646
0.90365
0.84918
0.78886
0.78343
0.8147
0.74645
0.74302
0.79799
0.8091
1.0139
0.7379
0.80538
0.78163
0.77446
0.72277
0.75683
0.77268
0.75683
0.79433
1.0641
0.81096
0.82985
0.77268
0.8147
0.75683
0.74989
1.2589
0.8414
0.8531
0.91833
0.97724
0.98855
0.80724
0.87096
1.0304
1.6558
0.98855
6.0814
0.8356
0.84528
0.83176
0.79068
0.92683
0.81658
0.77625
0.72778
0.72444
0.89743
1.4421
1.3932
1.3335
0.9506
1.3772
1.3932
1.3092
1.2359
3.6058
1.2853
0.98855
0.75336
1.0889
1.0864
0.90573
1.5276
1.6255
1.7338
0.7925
0.75336
1.0765
0.7656
0.80353
0.86298
0.92257
0.81096
0.77983
0.87096
2.958
1.1614
0.97275
1.0093
1.0093
0.88308
1.3709
1.3428
1.1967
1.1066
1.1376
1.0889
1.2417
0.9594
1.5382
1.5596
0.87498
1.3772
0.80538
0.84918
0.76913
0.93325
0.83368
0.7656
0.82794
0.76913
0.78343
0.77446
0.90365
0.80353
1.1722
0.95499
1.5885
1.0666
1.4894
1.3868
1.3032
1.0399
1.2246
1.0069
1.3305
1.7906
1.0495
1.714
0.89331
0.92045
1.4859
2.5882
1.6711
3.2285
0.83753
1.5812
1.3677
1.1535
1.875
1.2589
1.3335
0.91622
0.96161
1.0399
0.75509
1.0814
1.4555
1.9011
0.90782
0.95499
1.3032
0.76913
0.81096
0.79616
0.73451
1.183
0.79068
0.79068
0.82985
0.76736
0.75162
0.86298
0.77446
0.80168
0.87498
1.194
0.75683
0.79616
0.80168
0.83753
0.81096
0.87297
0.87297
0.83946
0.93325
1.5205
1.6368
2.2029
1.7418
1.9815
2.8576
2.6792
1.8578
1.3932
1.5276
0.87096
0.82035
0.85507
0.81283
0.79068
0.85901
0.8356
0.73451
0.78343
0.85704
0.76208
0.8414
0.78524
0.79983
0.92897
1.3459
0.79983
0.75509
0.83176
1.122
0.75509
0.79616
0.80353
0.80168
0.90157
1.074
1.3092
0.7709
0.92045
1.5205
1.0641
1.0209
0.76736
0.87096
0.8414
0.98401
0.83176
0.96828
0.87297
1.2417
0.94842
1.5631
1.1092
1.4125
0.7656
0.83176
0.77446
0.85704
1.1092
0.90157
0.8091
1.977
1.4355
1.3459
0.96605
1.0691
1.1967
1.3122
1.1194
1.3092
1.4689
1.5136
1.3032
1.8365
2.0512
0.91201
0.78163
0.83946
0.79616
0.76913
1.4757
0.76208
2.6363
17.824
0.81096
0.77625
0.80538
0.7925
0.91411
0.83176
0.83753
0.87297
0.79616
0.92897
0.77804
0.8414
0.81846
0.79983
4.8529
1.4223
1.652
1.3183
0.85507
0.86298
0.86696
0.7379
0.82414
13.74
13.74
13.74
13.74
13.74
13.74
13.74
13.74
13.74
13.74
13.74
13.74
13.74
13.74
13.74
13.74
13.74
13.74
13.74
13.74
13.74
13.74
13.74
13.74
13.74
13.74
13.74
13.74
13.74
13.74
13.74
13.74
13.74
13.74
13.74
13.74
13.74
13.74
13.74
13.74
13.74
13.74
13.74
13.74
13.74
13.74
13.74
13.74
13.74
2.6062
2.4889
0.89125
7.6736
8.1658
0.79799
1.0789
1.5346
3.02
19.275
26.242
1.3804
1.0864
1.2882
0.9506
1.3804
0.87297
1.0447
0.89536
0.89331
0.83753
0.83368
0.88308
0.84528
0.93756
4.6132
1.5631
1.8197
7.0307
22.699
11.066
9.9083
11.749
8.4528
2.3121
1.5959
2.0184
3.4041
4.3053
0.78886
0.79616
0.78524
0.80538
0.82035
0.8995
0.88512
0.81658
0.81096
0.78886
0.80724
0.78163
1.0116
0.85114
1.2503
2.8576
3.9446
1.2735
0.89536
1.0965
0.93756
0.88716
0.98175
1.0233
3.1842
0.77446
0.83176
0.83176
1
0.82035
0.90365
0.77625
0.8091
0.87096
0.82985
0.8356
0.8892
0.74473
0.82224
0.77804
0.86099
0.80538
0.78886
0.82224
0.88512
0.81283
0.85507
0.81096
0.88105
0.90365
0.9977
0.88716
0.83368
0.92257
0.88716
0.82794
0.88308
0.86099
0.96605
1.5276
0.83946
0.77804
0.84528
2.2856
2.7861
2.3281
1.1246
5.2119
11.246
5.4325
1.1246
1.194
3.9628
1.5205
0.78163
0.91411
1.6482
1.0399
1.0046
2.2336
4.1115
1.0423
1.3804
1.1508
1.8408
0.96383
1.2823
1.2218
1.0495
2.0893
1.2882
1.1695
1.1169
1.1912
2.2803
0.95719
1.1143
6.7608
9.1201
0.78886
10.162
12.618
9.4189
7.6033
13.305
11.22
8.3946
13.274
14.997
11.22
9.1622
6.1235
1.2618
1.977
1.6982
1.0544
6.9663
1.7022
2.4155
1.3836
7.1121
11.117
7.9433
10.233
9.5719
14.723
1.3772
2.7164
8.3176
9.0157
1.1588
1.2972
0.88512
10.74
8.5507
7.8705
14.454
14.825
2.3388
1.1376
1.406
1.3274
1.2162
1.2474
1.3366
1.1995
1.1429
1.3583
1.3002
2.4547
1.9588
1.3677
0.81283
2.9923
3.1477
1.5101
5.1286
2.6915
1.9543
0.7925
0.79616
1.0328
0.7925
0.75509
0.88105
0.78524
0.90782
0.83176
0.8531
0.98175
0.79616
1.0328
0.96828
0.9506
4.3351
1.2823
1.6106
3.4119
2.1528
2.0893
1.094
1.0568
2.5468
0.79799
0.82985
0.87902
0.84333
0.83368
0.82794
0.79433
0.83753
0.81283
0.82414
0.76033
0.80168
0.84918
0.90782
0.90157
0.75683
0.82604
0.8356
0.80168
0.89125
0.77446
0.82035
0.82035
1.028
0.9594
0.87096
0.77804
0.84528
0.84723
0.87498
0.91622
0.82414
0.84723
0.81846
0.80724
0.8091
0.79983
0.8531
0.86298
0.88105
0.77804
0.82035
0.77625
0.83753
0.95719
0.91201
0.8091
0.8091
0.79433
0.87096
0.8091
0.82224
0.83753
1.0233
0.82224
0.8995
0.7656
0.8995
0.80353
0.86497
1.1508
0.91622
0.97949
0.87902
1.4997
1.6218
0.93325
0.89331
0.90991
1.0447
1.1041
0.87297
1.074
0.9506
1.1749
2.2751
0.85704
0.7709
0.8414
0.84333
0.78524
2.2909
3.7844
10.375
1.1169
1.1967
1.6069
2.0559
0.7925
0.76913
0.76736
0.78524
0.73451
0.8531
0.84918
0.90573
0.79068
0.81096
0.78705
0.82604
0.84918
0.70958
0.84333
0.76736
0.79068
0.75683
0.79616
0.91411
0.75336
0.8147
0.8356
0.91201
0.78524
0.80168
0.88105
0.91622
1.1641
1.2246
1.4791
1.2853
1.8967
1.9999
1.8072
0.88308
1.1749
1.0666
1.0046
1.2331
1.2618
1.0186
1.0375
1.1858
1.183
1.052
1.0046
1.0351
1.0046
1.4388
1.0233
1.652
1.0447
1.1776
1.2618
1.3677
0.94406
1.2388
1.2331
0.96161
2.0045
0.83368
0.80353
0.82414
0.85507
0.91411
1.2331
0.77983
1.2589
1.1749
0.93972
0.78163
0.87297
0.83946
0.83368
0.76384
0.87902
0.84528
0.79983
0.83946
0.79983
0.75858
0.90782
0.84528
0.78524
0.82414
0.89331
0.90573
0.82224
0.75162
1.1143
0.72778
0.77268
0.74302
0.73451
0.79799
0.89743
0.77268
0.76208
0.74473
0.76384
0.75683
0.74302
0.97949
0.73282
0.75509
0.72946
0.77804
0.8091
0.80538
0.77983
0.74131
0.81283
0.72111
0.8356
0.75858
0.81096
1.0162
0.84723
0.78705
0.79983
0.76384
0.78705
0.81283
0.76208
0.88716
0.78343
0.76913
0.77804
0.79983
0.74645
0.83946
0.8356
0.76913
0.75858
0.80538
0.75683
1.0399
0.79433
4.6559
2.5586
0.77804
0.76384
0.73961
1.1143
0.79433
0.86497
0.80353
0.90573
1.1429
0.96828
0.86896
0.72277
0.77268
0.81658
0.90573
0.98401
0.9247
0.85114
0.81658
0.8531
0.80538
0.83368
0.9594
0.81658
0.8531
0.8892
0.85114
0.78886
0.76033
0.877
0.87297
0.78524
0.88105
0.8892
0.77446
0.93541
0.90365
0.877
0.70632
0.81283
0.7925
0.7709
0.7379
0.74817
0.88105
0.7709
0.84918
0.77446
1.875
1.2445
1.0691
0.9247
1.9364
0.82794
1.803
0.78163
0.81846
0.78163
0.75336
0.79616
0.72444
0.78705
0.72611
0.75509
1.0471
0.80353
0.74302
0.90157
1.0069
0.90365
0.8356
0.78886
0.78163
0.75162
0.79068
0.73282
0.78163
0.76913
0.8531
1.0814
0.78524
0.83176
0.84723
0.82604
0.76384
1.6749
1.5311
1.2706
1.052
0.74473
0.93756
0.89331
0.88716
2.2646
1.219
1.074
0.84528
1.3677
1.1561
1.2618
1.0471
1.028
0.94189
1.0375
1.1912
1.1695
1.0423
1.0789
1.2531
0.72778
0.77446
1.0471
0.96828
0.81846
0.75336
0.80353
0.78524
0.77804
0.79433
0.75509
0.77983
0.94406
0.97949
0.77804
0.82414
1.3032
0.82035
0.85114
1.5668
0.74302
0.8091
0.77625
0.89536
0.77268
0.73451
0.98628
0.75336
0.80353
0.84333
1.803
0.7379
0.82985
0.88512
0.82035
0.8531
0.82414
0.97275
0.91201
0.79068
0.8531
0.93325
1.1272
1.074
0.85901
0.85901
0.92683
2.0893
0.81096
2.2961
1.0023
1.8323
1.0471
1.0399
1.122
2.3768
0.78163
0.7656
0.83946
0.86298
0.84723
0.85114
0.81096
0.83176
0.84528
0.78343
0.9977
0.82035
0.75162
0.78163
0.87297
0.80168
0.83946
0.79433
0.88716
0.87096
0.86497
0.87096
1.074
0.84918
1.0209
0.81096
0.83368
0.77625
0.79983
1.0162
3.3651
3.6898
9.2257
9.3756
8.4528
0.84333
0.8356
10.471
8.6696
2.6002
4.6989
1.2023
1.1092
1.0471
1.0965
1.3804
1.099
1.2274
1.256
1.3964
1.1482
1.135
2.4717
1.39
1.1749
1.39
1.1588
1.0789
1.0889
1.2218
1.2882
1.1508
0.77625
0.89331
0.83753
1.1041
0.91411
0.86896
0.78343
0.75162
0.80168
2.1038
1.6482
5.3827
7.2111
0.75683
0.90782
0.75336
0.7379
0.83368
0.79068
0.78886
0.76384
0.79616
0.87498
0.8147
0.85114
0.7925
0.78524
3.2734
7.4131
9.2257
6.9183
8.4333
6.8549
1.8923
2.8249
0.8531
0.77625
0.87096
0.80353
0.83753
1.2706
0.92897
1.0375
5.3703
0.93111
0.90573
0.82985
0.97724
0.85704
1.6558
1.2388
1.1695
2.5527
0.7925
2.1777
1.2972
1.349
0.84918
5.2602
8.5114
9.3541
2.1878
1.8621
0.80353
0.84918
0.96383
0.75858
0.78163
0.93756
0.91622
0.80724
0.8147
0.80168
0.8147
1.1246
2.6915
0.877
0.90991
3.6559
10.28
1.1803
1.1722
1.1641
1.0162
1.1858
0.98175
1.1912
1.0864
1.4757
0.74131
0.77804
0.72778
0.86298
1.2589
5.42
0.80353
0.86298
0.84723
0.76384
0.83753
0.78343
0.72277
0.78886
0.73451
0.83368
0.83753
0.80538
1.0375
1.052
0.86099
0.87498
0.8414
0.93756
0.82224
0.9247
0.82224
0.88512
0.93541
1.8155
0.82224
0.81658
0.88105
0.77268
0.90991
0.78886
0.86099
0.84918
0.92045
0.83753
0.90157
0.8414
0.83946
0.8892
0.82794
0.81658
0.92683
0.84528
0.73114
0.8531
0.82414
0.79983
0.82604
0.8531
0.86497
12.078
9.0157
2.3014
2.3988
4.4157
8.356
8.1283
6.5313
0.80724
0.89536
0.86497
1.2274
7.0795
4.9659
11.298
8.1096
5.7148
1.5959
7.8886
7.2611
1.1722
1.2023
1.8239
3.9446
5.3456
0.79799
1.0233
2.8184
1.1588
1.349
0.97949
1.5922
0.87297
0.82035
1.3274
0.8356
0.83753
0.86896
0.82035
0.82035
0.79433
0.83176
0.88308
0.82794
0.80538
0.77804
0.71121
0.78705
0.7709
0.87902
0.81846
0.85901
0.73961
0.84333
0.8147
0.81096
1.3996
2.0989
0.91833
4.5604
9.2045
9.506
10.093
0.88512
1.2359
4.5814
0.86497
0.75683
0.74131
0.87498
0.79433
0.69663
0.89536
0.82604
0.81096
0.8531
0.84528
0.8356
0.75162
0.81096
0.8414
0.74473
0.83368
0.83946
0.8091
0.77804
0.70307
0.74817
0.89125
0.79799
0.77446
1.4555
1.1858
1.4125
1.1117
1.0965
1.3274
1.2162
1.1015
1.4125
1.074
1.3836
0.83176
0.8531
0.8414
0.71614
0.8356
0.74302
0.83368
0.77983
0.75162
0.79616
0.82794
0.79799
0.76913
0.7925
0.80538
0.75683
0.80538
0.86896
0.8414
0.78705
0.75509
0.71779
0.84333
0.70469
0.7709
0.81658
0.79433
0.83368
0.73961
0.81658
0.9594
0.8091
0.80353
0.89743
0.7656
0.74817
0.71285
0.73114
0.78886
0.81283
0.86298
0.70795
0.76208
0.75858
0.73961
0.93111
0.80538
0.74817
0.75162
0.90157
0.91411
1.0568
1.2764
0.86497
0.80168
0.85704
0.84333
0.83753
1.4355
0.92257
1.4655
1.0765
1.1995
1.0641
1.2359
1.1376
1.2359
1.0814
1.0666
0.98175
1.074
1.0375
1.0328
1.074
1.1588
1.652
0.92897
0.85507
0.77268
0.96161
0.8414
0.83753
0.77804
0.7656
0.79799
0.80168
0.76033
0.7656
0.91201
0.7925
0.81096
1.5101
1.0568
0.85901
1.9543
1.6255
1.9724
0.8091
0.81658
0.75509
0.87297
0.77804
0.79068
0.82985
0.77446
0.76384
0.71945
0.78163
0.7709
0.86896
0.83368
0.81658
0.72611
0.87498
0.83176
0.75683
0.76384
0.86896
1.2246
1.0209
0.92897
1.4191
0.80538
0.76736
0.75858
0.82985
0.76033
0.77983
0.77983
0.83946
0.82224
0.73961
0.79799
0.82035
0.87902
0.8531
0.74131
0.77446
0.79799
33.266
16.982
5.4576
0.90365
0.82604
0.83753
0.96605
0.87498
0.8091
0.74302
0.76033
0.77983
0.84918
0.87096
0.81096
0.82035
0.78705
0.85704
0.89536
0.81096
0.93541
1.0447
0.79068
0.80168
0.77983
0.8414
0.84918
0.85901
0.8356
0.79799
0.75858
0.88105
0.77268
0.76913
0.8356
0.75858
0.78343
0.90157
0.8892
0.94189
0.9528
0.80168
0.9506
0.86099
0.77983
0.88512
0.87902
0.877
0.8414
0.91201
0.95499
0.88308
0.93111
0.89536
0.79433
0.89743
0.83946
1.0233
2.7861
0.83946
1.0864
0.89125
0.98855
0.74302
0.85507
1.0471
0.86696
0.85507
0.77804
1.0186
0.78163
1.0889
0.75683
1.3772
5.2119
1.8113
2.3335
4.9774
6.1094
1.1194
0.93541
1.1695
1.4588
1.0814
0.90991
0.99312
1.0617
1.1455
1.0544
1.5488
0.98175
0.83368
1.7258
1.4223
1.2303
1.5241
0.86896
0.78343
0.76208
0.84918
0.78343
0.83753
0.92683
0.83946
0.78163
0.87498
0.76033
1.6982
1.4223
0.87297
0.84333
0.86298
0.88105
0.83946
3.2509
3.9537
1.4256
1.6069
1.2647
0.85901
0.79616
1.2303
1.7947
8.8308
8.3368
0.90991
0.75162
0.76913
0.78163
0.81658
0.9594
0.84333
0.77625
0.84918
0.85114
0.81096
0.81846
0.76384
0.9506
0.79433
0.8531
0.75336
0.78343
0.73282
0.81283
0.82414
0.80724
0.8414
0.73961
0.91622
4.1115
1.7783
1.1967
0.90782
0.8147
0.91411
0.9247
6.1518
1.0715
1.3964
0.90782
0.8995
1.7298
2.9648
1.0544
0.88512
0.85704
0.78343
0.96161
1.7338
0.88512
0.79983
0.78524
0.79799
0.82035
0.83368
0.83176
0.90782
0.85901
0.85901
0.76208
0.74473
0.77268
0.8356
0.90157
0.79433
0.82414
0.83368
0.76033
0.83176
0.78705
2.704
1.5596
2.3768
1.8113
0.74302
0.71614
0.7925
0.7656
0.86497
0.74302
0.85507
0.69984
0.75683
0.81283
0.77268
0.9594
0.90365
1.0471
1.2735
1.0069
0.81096
0.86896
0.89125
0.93756
1.0691
1.135
1.2677
1.0814
1.1561
0.99083
1.2735
1.1117
1.3552
1.3614
1.219
1.3614
1.9409
1.7824
0.79983
0.78343
0.84333
0.8147
0.74817
0.82794
0.8091
0.79616
0.70146
0.80168
0.79433
0.78705
0.91622
0.80168
0.78163
0.79068
0.7709
1.7824
0.8356
0.73621
0.7925
0.80168
0.84333
0.75162
0.8147
0.76736
0.78886
0.82604
0.80168
0.80168
0.76736
0.77446
0.80353
0.74473
0.80168
0.83176
0.77268
0.75509
0.7709
0.74817
0.78163
0.80538
1.3996
0.82794
0.86099
1.0568
0.78886
0.72277
0.84333
0.7925
0.86099
0.74473
0.87096
0.87096
0.86099
0.83753
0.70307
0.93972
1.0789
0.98401
0.93111
0.74302
0.77804
1.1614
0.81283
0.77983
0.82224
0.82224
0.79983
0.82224
0.86896
0.92257
0.88716
0.82985
0.79068
0.82604
0.78886
0.93756
0.81283
0.8531
0.76208
0.89743
1.0209
0.76208
0.82224
1.7947
1.5849
0.94842
1.4125
0.82604
0.86696
0.79983
0.84918
0.86696
0.91622
0.89743
0.91833
0.77268
0.8091
0.76736
0.84918
0.91622
0.82604
0.83753
0.90365
0.79616
1.5417
3.8637
1.1455
1.4757
1.3032
1.2764
1.5812
1.1912
1.2134
0.97275
1.1482
1.2331
1.2912
0.85901
0.86896
0.79983
1.0495
1.052
1.1117
0.91411
0.78524
0.87902
1.1324
1.1641
0.88105
1.5241
1.2794
0.83368
1.0544
1.1092
1.0965
1.3772
1.1143
0.77268
0.82985
0.7925
0.877
0.85901
0.88512
0.89125
0.88308
0.87096
0.82794
0.96383
0.86696
0.80538
1.4622
0.82035
0.94189
0.84528
0.81096
0.8414
0.74989
0.87096
0.83946
0.90991
0.82604
0.83946
0.88512
1.0046
0.90365
0.88512
0.78343
0.82224
0.91411
0.8356
0.87297
1.4256
0.85704
0.95719
1.3274
2.2131
0.83176
0.78705
0.85507
0.81846
0.75336
0.88512
1.574
0.8356
0.79616
0.95719
0.82414
0.90365
0.86696
1.349
0.86896
0.81096
0.99083
0.9506
0.79799
0.84528
0.8356
1.3709
0.84918
0.83946
0.79983
0.73961
0.86298
0.99312
0.85901
0.82985
0.74817
0.83946
1.7498
1.3213
3.2659
2.1429
0.94189
0.81846
0.80724
1.205
0.97275
1.4454
1.1995
3.062
3.1915
0.83753
0.86497
0.78343
0.79433
4.0365
2.7164
0.90991
0.83176
2.7542
4.9774
0.88105
0.78705
0.8147
0.73451
0.77983
0.72611
0.84333
0.77446
1.5996
6.8707
5.728
1.9634
1.9275
0.77804
0.81283
0.85704
0.80538
0.84528
0.76736
0.86298
1.5205
1.7701
1.0046
0.89536
0.93972
1.7742
1.1092
1.4588
1.1402
1.4355
0.97275
1.1885
1.0447
1.349
2.2594
1.9815
2.2491
4.7643
8.6298
10.74
8.8716
8.356
1.6634
2.8973
6.6834
11.535
12.531
4.6238
1.9907
1.028
2.133
0.92257
3.0479
10.568
10.423
8.2985
7.1945
5.9566
10.447
9.977
12.647
10.641
11.885
4.102
0.98628
0.93541
0.90365
1.1641
0.73451
0.76384
0.96605
0.93756
0.82604
0.85901
1.0399
1.2706
1.2618
0.91411
1.4825
5.2845
2.6303
0.82035
0.83753
9.0782
7.3961
9.2683
7.2111
5.821
8.9536
6.166
1.1614
0.95719
9.4624
10.423
7.4989
1.6634
0.82985
1.2882
7.5683
2.0701
1.3709
0.93972
1.0423
0.91201
1.122
1.0814
1.2647
1.0568
1
0.96161
0.97724
1.1429
22.909
2.6485
1.1429
1.2388
1.4289
1.183
0.87096
1.219
1.3032
1.1066
2.6242
1.1298
1.2303
0.9977
1.0789
0.86298
1.1402
1.0139
0.9506
3.1117
1.1429
0.85114
1.4962
6.5013
4.14
0.77446
0.77983
0.7379
0.85114
1.0447
6.4121
10.666
8.091
12.882
10.889
11.246
9.8628
7.4645
8.5901
7.8705
4.8529
0.83176
0.82035
1.4158
8.8512
7.0958
5.224
2.9923
2.1928
0.73961
0.82224
0.7709
0.92045
0.84528
0.80168
0.78705
1.2912
0.77804
0.76913
0.77268
0.84333
0.79983
1.4962
1.5136
1.2388
0.97949
1.4588
1.0399
0.74302
0.80353
0.82224
0.81846
0.77625
0.76913
0.87498
0.91622
1
0.98175
0.92897
0.88716
0.79983
0.94624
0.81283
0.81283
0.82985
5.821
0.75336
0.81658
0.76736
0.78343
0.76913
0.86298
0.74817
0.78705
0.8414
0.75336
0.74989
0.84528
0.70958
0.81096
0.81096
0.92897
0.97949
0.76208
0.8414
0.77446
0.7925
2.7861
0.82414
0.75509
0.89331
0.77804
4.1495
6.8077
7.8886
9.7499
9.6828
11.376
8.5704
0.74302
0.82794
0.82035
0.80168
1.0093
1.0666
1.6827
1.8113
7.7804
10.186
7.8343
1.2589
1.052
1.3243
1.135
1.0864
1.1614
1.3274
4.7973
9.6161
1.0116
1.7906
0.87096
0.82985
0.89331
0.94189
0.80168
6.9823
5.035
0.79068
0.82794
9.3111
8.5114
8.7096
13.213
12.359
12.445
8.2794
3.9446
0.93325
1.028
0.88308
0.91201
0.85901
0.84528
0.89331
0.8892
0.77983
4.7973
6.4417
3.3806
3.4041
0.79616
0.76033
0.71121
0.8147
0.76736
0.78343
0.85507
0.78524
0.75336
0.80168
0.73961
0.90991
0.80353
0.95499
0.77268
0.81658
0.7709
0.81096
0.74131
0.71285
0.73621
0.76033
0.80353
0.80168
0.89743
0.79983
0.71285
0.77804
0.78705
0.77268
0.83753
0.79799
0.83176
0.82604
0.80168
0.77268
0.76033
0.78524
0.84528
0.74302
0.76033
0.72946
0.72611
0.76208
0.74645
0.78524
0.78705
0.76208
0.74473
0.74989
0.76913
0.73961
0.70632
0.77983
0.77983
0.74131
0.79433
0.74989
0.72778
0.72277
0.7656
0.74131
0.73114
0.78705
0.72277
0.94842
0.92257
0.79799
0.77625
0.76208
0.77446
0.8147
0.69183
0.8892
0.79799
0.77983
0.74989
0.86497
0.79616
0.74645
0.82985
0.8531
0.7379
0.81096
0.81283
0.82604
0.79616
0.73961
0.79068
0.75683
0.82604
0.79616
0.81658
0.81283
0.82414
0.79433
0.77625
0.75858
0.8091
0.76736
0.8531
0.73114
0.78524
0.78163
0.82035
0.81096
0.78163
0.82794
0.82414
0.82794
9.7275
8.2414
9.9083
11.066
9.7051
10.447
10.471
0.93111
6.3387
6.3387
3.7239
10.94
8.3368
11.376
9.8855
9.247
10.351
1.2735
2.4434
3.6898
2.7925
2.4717
0.74817
7.7268
6.0534
10.233
1.0765
1.406
1.3836
1.9143
7.7804
1.219
3.4674
0.91622
1.1858
0.93756
1.256
1.0666
1.0139
1.2972
1.135
1.2388
1.1041
1.0914
1.6144
0.76384
0.89743
0.81283
0.76913
0.75162
0.99083
0.89331
0.79799
0.86099
0.80353
0.8091
8.414
8.9536
10.023
6.8391
7.6736
9.6605
8.147
7.7804
9.0782
8.3176
7.2277
5.0699
1.099
9.4406
3.4754
1.0257
2.9242
2.0464
1.5996
1.4289
1.3122
1.6866
1.094
5.5463
10.789
0.75162
5.0582
3.1261
1.3062
0.82794
0.89536
0.89331
0.86497
0.79616
1.3772
0.76913
0.90782
8.147
13.836
9.506
8.8512
7.0307
7.1285
8.147
8.2985
6.8549
5.4702
0.98628
0.82224
0.82985
8.531
10.023
10.814
9.2045
7.1285
8.5901
3.0409
1.1429
3.4594
9.2683
9.2683
10.186
8.3946
8.0724
11.695
9.7949
11.169
10.304
7.4817
5.5081
0.80353
0.80168
5.4325
5.5208
4.256
2.0184
1.6788
1.1641
1.3002
1.4028
1.1092
1.1298
1.2882
0.86497
0.82985
7.6736
11.722
8.0724
6.2517
8.6696
6.5615
5.1642
6.6069
1.374
1.0789
0.8892
0.91622
0.97499
0.9506
1.2246
0.91411
0.76913
0.79616
1.1041
0.80724
1.1695
7.656
6.9502
0.8414
0.77625
0.86298
3.9811
12.05
9.506
8.414
9.1833
8.2794
6.4417
0.82604
0.71779
0.82794
0.91201
0.877
0.86696
0.96605
0.8414
0.87498
4.0272
7.1779
6.2517
3.8905
3.767
0.73621
5.3456
1.135
0.78705
2.3281
0.80168
0.83946
0.81846
0.86298
1.0641
7.3961
2.5704
0.82414
0.80168
0.83753
0.86497
8.3946
11.35
8.5507
9.4624
6.9984
8.0538
9.4842
6.5163
1.194
0.86099
0.82035
0.87498
0.82985
0.83946
1.5849
3.1046
6.6834
4.102
1.205
1.5136
2.0797
7.379
9.8401
9.6161
7.1779
9.2045
6.368
11.324
0.97275
0.76736
0.81846
0.96828
3.4995
4.0179
0.75162
4.6774
1.1402
2.1627
1.2274
0.88716
0.80538
0.72111
1.5205
7.2444
0.75858
0.77983
0.87297
0.84528
0.82794
0.77625
0.76208
0.83753
0.9247
5.5335
5.902
0.88716
0.79068
7.9983
1.5205
2.138
1.1143
1.2474
1.0423
1.0304
0.91201
0.92683
0.92683
1.4521
1.1803
1.0789
1.205
1.2794
1.1117
1.1376
1.7783
0.91411
1.1066
1.2531
1.0839
1.099
1.2853
1.0839
1.1561
1.1668
1.0093
0.92683
1.0046
0.8356
0.99083
2.8445
0.83368
0.8356
4.2658
6.7453
0.99541
0.73961
0.79983
10.914
0.84723
7.6384
6.5766
0.84723
0.82224
0.78524
8.1658
11.092
7.7268
14.962
8.1658
7.656
0.94406
1.2618
1.074
0.95499
1.0617
2.2594
9.3111
2.8314
4.8195
0.82985
0.9594
0.82224
4.3551
0.84333
0.78163
5.6885
9.0157
7.4989
8.8105
1.5382
0.85704
1.5101
7.4817
8.2224
7.0469
1.6827
7.8524
5.9979
0.93972
0.85114
0.83176
0.88716
0.85901
0.99312
0.87096
0.88716
1.1066
0.84528
0.84528
0.83946
1.3062
8.414
4.5394
0.79616
0.74817
0.8147
0.82035
0.74302
0.76033
0.83176
0.78524
0.7709
0.78524
0.74302
0.8414
4.1115
0.69183
0.73621
0.82224
0.81658
0.79616
0.73961
0.75683
8.531
0.8995
0.84528
0.8356
0.74817
0.8414
6.3096
8.1846
10.544
9.977
9.0573
1.2503
0.94406
0.90365
0.8091
1.1588
0.83368
0.97724
0.88308
1.3274
0.84333
3.2434
6.9984
0.82414
4.4978
6.368
2.673
2.0893
0.82985
0.88308
5.3827
3.6644
0.79983
1.0209
0.90365
1.2972
0.82035
0.7925
0.8147
0.97051
0.83946
0.7709
3.3266
2.9444
0.96828
1.2677
1.7742
0.74473
0.77625
0.81096
0.77625
5.5081
7.9983
0.82414
7.1614
8.6896
0.74131
0.8091
10.233
5.3456
0.8892
0.83368
0.82794
0.81283
0.78705
14.454
0.89536
0.79068
0.78163
0.79983
0.88105
0.8091
0.72111
0.80538
9.977
8.356
8.2035
0.79616
0.86896
0.87902
9.2045
9.2897
9.3111
8.6696
8.3368
6.6222
9.3111
9.247
11.092
6.4714
10.093
2.0091
0.9506
1.0715
0.8531
0.82985
1.2942
0.8356
0.84333
0.82985
4.1115
2.4491
2.3659
6.7764
6.8234
0.93972
1.0375
1.1041
1.1561
1.1376
4.1783
0.89536
0.87096
0.79983
0.96161
0.84918
0.93972
0.84723
0.83946
0.86896
1.0233
0.87498
0.78163
0.81846
0.77446
0.8147
0.83946
0.88308
0.75683
0.75683
0.74817
0.82794
0.83753
0.87498
0.92683
0.83368
0.79068
0.82035
0.76736
0.88308
0.77625
1.4093
1.6943
1.1324
0.97724
1.3366
1.2531
1.2764
1.2853
1.1143
0.82224
0.7709
0.76384
1.205
1.0046
0.82604
0.79799
1.0257
0.85114
0.83753
0.83368
0.76384
0.73621
0.73282
0.77268
0.79983
0.77446
0.75683
1.3709
1.1402
1.8113
1.3428
1.0666
0.9594
1.1041
0.88512
1.094
1
1.0839
1.2134
1.1695
1.0839
0.98401
0.78343
0.95719
1.4488
0.77446
0.97051
0.8995
0.80353
0.8995
1.2388
1.3964
1.2274
1
0.877
0.80353
2.1777
0.77268
0.83946
0.79616
0.82794
0.8091
0.83368
0.78524
0.82604
0.74817
0.87498
0.8147
0.80353
0.72277
1.6634
0.87498
0.88105
0.79983
0.88512
0.80538
0.9594
0.91201
1.0864
0.90157
0.93972
0.86696
0.95719
0.84528
0.90991
0.93756
1.0046
0.94842
0.82794
0.82604
0.8414
0.84723
0.81846
0.81283
0.75162
0.79799
0.77804
0.86298
1.4289
3.7325
6.9984
3.6813
0.96161
0.82035
0.8414
0.79068
1.2162
2.138
0.85704
0.85507
0.84918
0.82224
0.73451
0.93325
0.71285
0.79616
0.74131
0.74645
0.72444
0.73282
0.73961
0.78163
10.52
4.1976
0.73961
0.77983
0.74473
0.75858
6.9502
6.5464
0.78524
0.76736
0.75162
6.3973
5.6624
0.89536
0.82985
0.92897
0.75336
6.8549
4.6559
0.78705
0.80353
0.70632
0.79616
3.9628
1.7338
1.0093
1.4191
0.76033
1.2618
8.6696
7.4473
8.8512
7.1285
7.3114
8.2985
7.7268
8.531
8.3368
8.531
11.455
9.1201
10.99
6.5615
2.3823
1.3932
1.4388
1.4158
2.0606
1.1722
1.099
1.3062
5.0933
12.106
11.695
19.724
10.94
12.56
7.925
10.233
15.346
9.4842
6.8865
8.414
5.7412
0.91833
0.84528
0.97275
0.86896
0.91833
1.1561
0.87902
13.868
6.8707
6.3096
1.2942
1.0257
1.5885
3.7411
0.7709
5.9979
16.672
9.977
6.7143
3.0974
5.445
7.4817
7.4473
1.0914
1.0162
1.1967
1.0093
1.6032
1.2972
1.0889
1.4355
1.7219
3.7325
9.1833
13.74
10.593
8.4723
11.169
10.765
10.914
11.722
13.552
9.0991
12.106
11.117
7.8343
14.521
17.258
13.335
9.247
8.531
17.378
8.1096
10.257
6.7298
2.8054
6.5464
6.166
1.0233
0.84723
0.91201
0.90782
3.6475
6.223
1.4158
5.188
11.402
9.4624
1.2735
6.9183
10.093
1.052
9.8401
6.4269
0.86497
0.75858
6.4417
7.5162
9.6828
5.42
9.1833
2.133
1.3772
5.559
7.2111
4.5604
0.8091
8.0353
1.7742
0.75336
12.134
4.529
9.7051
6.8549
9.3111
5.7412
14.521
7.379
1.9231
1.2912
1.0666
1.052
1.0186
1.0965
1.2106
1.4791
1.7179
1.2303
1.2023
1.2764
1.1298
3.8548
1.1482
1.1143
1.0889
6.0256
11.143
2.7416
13.868
10.715
13.152
11.246
9.0365
7.4989
5.3951
6.7764
15.417
10.233
9.5719
7.5858
5.6105
0.85507
0.97275
0.82604
1.0666
9.247
12.823
16.866
11.402
8.9125
10.74
9.9083
1.3243
10.116
15.704
15.776
28.314
18.836
8.9125
9.506
8.77
10.28
13.49
13.397
10.328
11.22
10.233
6.9823
0.90157
1.1803
1.2331
1.0093
0.82414
0.87096
0.87096
0.95719
0.78705
0.8147
1.0186
1.3243
0.93111
1.3552
1.2417
1.1324
0.92045
1.1429
0.95719
1.0641
1.1455
1.2246
2.0797
1.7378
1.6866
1.1015
2.5763
4.8306
1.0351
1.0965
1.3614
1.374
1.219
2.0845
1.2106
1.3152
1.094
1.4997
0.96828
1.0257
1.2794
1.1194
0.99541
1.2972
2.023
1.5171
1.0423
1.5596
1.8793
0.79983
0.80724
0.76913
0.90365
0.88716
0.94624
0.84333
0.87297
0.79616
1.0715
1.2106
1.1246
0.85114
1.0257
19.454
