14.928
12.134
1.7338
1
0.90365
13.614
9.3111
19.099
12.331
15.631
11.117
14.158
9.0157
5.8076
10.814
1.5417
20.989
13.428
15.417
15.031
8.1283
12.331
0.94842
0.88512
8.091
13.583
15.276
10.116
5.8749
14.689
0.81846
1.9634
1.0116
1.028
1.7338
12.589
7.6736
10.839
13.274
14.723
16.711
11.066
8.1846
0.86497
7.145
8.7498
14.723
10.304
10.839
7.0307
2.2233
0.75683
21.38
13.366
25.061
12.56
10.52
11.143
13.243
9.0991
12.531
16.032
10.889
13.092
10.023
0.76736
0.86497
1.0691
9.0573
17.906
11.246
8.9743
11.695
2.7164
10.914
16.218
19.099
15.704
14.256
12.823
1.3366
0.80353
0.94406
9.3325
10.328
7.2778
15.631
8.6696
11.588
10.399
3.3963
10.328
12.359
0.85901
0.71614
0.71945
0.80168
1.0814
1.1402
1.1588
0.89743
7.8163
11.22
13.428
8.77
13.366
10.423
7.3114
0.77446
6.1518
13.305
17.947
13.397
11.94
9.3541
4.6774
2.958
0.76384
0.92045
14.421
11.995
14.355
17.258
15.885
10.093
9.3756
3.9355
5.4828
9.0365
8.0538
11.455
5.0816
5.445
1.1722
1.1561
6.6834
10.447
13.964
12.735
6.5163
7.7804
12.303
9.6605
6.9024
0.877
0.84528
6.4565
0.73451
3.3037
13.335
10.691
8.9536
0.84918
1.0209
1.2162
2.0277
0.9594
6.4714
8.4528
1.2589
1.4488
12.246
12.05
10.617
8.6298
6.8707
1.2972
2.8184
0.72778
0.78705
1.1695
9.7051
13.964
8.3753
8.5507
9.4624
9.3541
0.8995
1.0715
0.89743
5.3951
16.52
9.0365
12.417
1.0544
5.5719
9.6383
17.579
14.894
9.1833
18.239
6.2661
11.561
7.8163
10.399
3.5892
14.588
1
11.143
11.561
10.093
9.6161
5.1523
7.2946
2.5763
1.2735
9.1411
19.275
8.3176
8.4528
6.5766
4.4566
1.0889
11.83
10.069
9.1201
8.4918
10.116
2.9992
9.977
0.7379
0.8892
1.2647
0.93325
1.094
13.183
9.9312
11.803
8.4333
7.0958
0.77268
0.86099
6.6834
9.3756
1.0691
1.3305
0.71121
0.74473
0.71614
0.72611
0.79433
3.5318
9.4406
6.7453
13.932
11.246
1.1776
1.2589
1.2162
1.1015
1.0139
1.0328
0.93756
0.87297
0.91201
1.652
5.7148
8.7297
7.2611
10.765
6.3826
1.1668
0.79433
12.794
6.792
7.3961
14.555
9.1833
9.3541
0.71121
0.78524
0.78524
0.69502
0.65766
0.71614
0.69984
6.7298
12.331
9.2897
9.594
5.7943
8.5704
9.6605
2.4099
3.8726
2.466
1.8408
14.997
7.4989
6.9183
6.8707
8.3753
9.6383
10.471
11.015
10.715
0.86896
1.3213
8.6696
13.932
9.7949
13.183
9.1201
1.4191
2.9785
5.5719
1.0889
4.5709
11.885
12.078
10.304
6.5313
8.6696
5.1168
0.73961
1.1912
0.81846
0.79433
0.93972
6.5163
0.94406
1.0186
1.052
1.0023
0.97499
1.0789
1.1015
1.0839
1.7258
0.84528
0.84333
2.2284
0.77983
0.79983
1.4588
0.73451
0.73451
1.9543
0.95719
5.3088
9.977
11.668
8.5704
8.1658
8.6896
12.706
8.77
7.7446
6.3973
7.4302
9.247
1.4962
0.91833
0.93972
1.0139
3.0479
11.429
12.445
9.4624
11.169
8.4333
8.1283
8.9125
3.9537
5.902
8.1658
0.80168
0.80724
1.6255
12.303
12.764
9.1622
10.789
9.7275
7.4645
4.3853
4.2267
5.8614
8.8716
9.8628
6.9183
6.5013
9.3325
0.72444
1.0423
0.69024
1.052
0.70958
1.0423
0.94189
1.5276
0.95719
1.2274
1.0568
1.2359
1.0715
1.0544
1.7179
0.92045
0.85114
0.8147
0.75509
0.71945
0.68391
0.77804
0.69823
1.4158
1.8923
0.78886
1.0914
4.9888
3.2063
0.66988
0.68707
0.67453
1.0233
8.4333
11.588
11.22
5.3088
8.1096
8.8512
14.388
7.1285
6.6222
9.7949
9.8401
11.246
1.556
0.74645
0.8531
0.7709
3.2285
7.1285
8.3176
7.2946
9.6828
10.914
11.272
9.8855
11.482
7.9799
10.257
0.85114
8.3368
13.335
15.382
11.482
7.2111
14.622
6.4269
10.023
8.4723
12.078
9.7051
8.8512
4.9091
9.3325
8.0353
6.8707
2.0606
0.89743
0.87096
1.1967
1.2677
7.7804
12.474
8.6896
7.9616
8.5114
1.2503
1.1429
0.73451
1.0789
0.76913
0.72444
0.75162
0.73282
0.68234
1.9011
1.1749
1.556
0.97275
0.97275
0.97051
0.96161
1.0839
1.0093
1.052
1.6069
0.71779
0.8414
1.1246
0.69663
5.7943
7.9983
6.9024
8.8716
10.351
10.889
0.70795
0.69183
0.65464
0.67298
0.66681
0.78163
0.77804
0.73282
0.75336
0.67764
0.71285
0.74817
0.70958
0.67453
0.71779
0.69502
0.69823
5.0699
6.0954
12.246
6.4863
5.7544
0.72111
0.76736
0.73451
0.89331
0.8147
2.1827
0.7379
0.68707
0.71121
0.68865
0.64714
0.69984
0.82224
0.69183
0.71779
0.70632
0.71285
0.66834
0.66374
0.72444
0.63096
0.67764
1.2531
0.88512
4.5082
9.4406
11.695
11.376
8.6099
5.8884
6.7608
9.1622
0.8091
1.4125
0.88512
1.1482
0.84333
0.77804
0.68707
0.79799
1.9588
0.82985
0.78886
0.98855
0.72444
0.69343
0.69663
0.68865
0.74473
0.73114
1.3646
0.68549
0.69502
0.77268
0.73114
0.80353
0.69024
0.66222
0.68549
0.67453
0.68865
0.70632
0.76033
0.83753
0.68549
0.72946
0.74302
0.66681
0.69024
0.68549
0.66681
0.73114
0.70795
0.69663
0.72946
0.76033
0.67143
0.76208
0.67764
0.67608
0.65313
0.77983
0.72444
0.70146
0.71121
1.0544
0.71779
0.68549
0.66374
0.68549
0.67608
0.85114
0.6792
0.6792
0.69663
0.71121
0.77983
0.66834
0.72946
0.71121
0.97949
0.9977
0.66681
0.65313
0.65013
0.68077
0.68549
0.73282
0.67143
0.70307
0.70632
0.77983
0.76208
0.69343
0.6368
0.70146
0.8414
0.70146
0.71614
0.67143
0.72611
0.76736
0.68391
0.70146
0.69343
0.72111
0.73114
0.75683
0.69024
0.67764
1.052
0.66069
0.69823
0.70146
0.65313
0.70958
0.70307
0.68234
0.66374
0.70146
0.77268
0.68391
0.8091
0.74473
0.65766
0.70307
0.82604
0.65013
0.66222
0.73282
0.68865
0.90365
0.69183
0.74302
0.71779
0.72111
0.69823
0.69024
0.76913
0.80724
0.78705
0.69823
0.65615
0.65766
0.65464
0.71614
0.72277
0.70958
0.67453
0.78705
0.74131
0.67453
0.70795
0.69984
1
0.6792
0.65313
0.73114
0.74473
0.69024
0.68549
0.67453
0.79983
0.69984
0.71285
0.68077
0.72946
0.69024
0.70469
0.72946
0.89125
0.70795
0.6792
0.69024
0.7145
0.64714
0.65917
0.66069
0.71121
0.6792
0.69502
0.65615
0.72277
0.67298
0.72778
0.76208
0.69024
0.79616
0.65013
0.76033
0.65313
0.66681
0.69343
0.65464
0.68549
0.70632
0.72111
0.67143
0.73961
0.72111
0.65163
0.72111
0.97499
0.71121
0.74645
0.69343
0.69984
0.68549
0.73114
0.7379
0.6792
0.67764
1.1776
0.94624
1.1041
1.1535
1.0447
1.0069
1.0765
1.0765
0.95499
0.97949
1.4028
1.0328
1.2706
0.88512
1.5668
1.3152
1.9275
0.66681
0.70469
0.82604
0.74989
0.70958
0.7379
0.69663
0.90365
0.70632
0.77625
0.66374
0.72611
0.71945
0.67608
0.64269
0.69024
0.71121
1.0069
0.78524
0.75509
0.7709
0.72444
0.67764
0.71779
0.80538
0.73282
0.74302
0.71779
0.78343
1.0116
0.70469
0.70146
0.72611
0.71945
0.64565
0.68707
0.70307
0.66374
0.71614
0.74817
0.7145
0.81096
0.79983
0.76736
0.7379
0.69984
0.70795
0.69183
0.8414
0.69502
0.69343
0.71121
0.92045
0.73621
0.69024
0.71121
0.74302
0.69343
0.71614
0.72778
0.75858
0.77804
0.84918
0.75858
0.67143
0.70307
0.71285
0.76208
0.78343
0.70469
0.69823
0.69343
0.74645
0.72277
0.79433
0.67764
0.69343
0.71614
0.73961
0.69183
0.73621
0.68234
0.69984
0.69663
0.7145
0.67453
0.68707
0.71945
0.77983
0.75336
0.77625
0.7145
1.0257
0.85704
1.1455
0.66374
0.66374
0.71614
0.88512
0.74131
1.6482
0.92683
0.76913
1.0116
1.0399
0.91201
1.0399
1.122
1
0.74131
2.1928
0.65464
0.66527
0.85114
0.6792
0.7145
0.67453
0.73961
0.70469
0.64863
0.75336
0.75683
0.73621
1.0423
0.68391
0.71285
0.66834
0.70307
0.68234
0.64714
0.81096
0.67764
0.68077
0.74302
0.67608
0.69663
1.0351
1.2853
0.99312
0.75336
1.135
1.2359
0.72946
0.80538
0.71779
1.406
1.1324
0.71945
0.9977
0.67143
0.75858
0.71779
0.73114
1.8072
0.67298
0.73961
0.64565
0.68391
0.83753
0.69663
0.66222
1.0399
0.80353
0.72946
0.68077
0.89536
0.97275
0.6792
0.69984
0.65013
0.7379
0.69823
0.67453
0.71285
0.64417
0.71614
0.69502
0.68707
0.80168
0.71285
0.77268
0.68234
0.70958
0.70795
0.65615
0.66374
0.70958
0.66374
0.64714
0.66069
0.69024
0.79433
0.67453
0.65615
0.67453
0.75509
0.73451
0.69502
0.66374
0.72611
0.69502
0.72111
0.7656
0.68391
0.68234
0.77446
0.8356
0.63533
0.65766
0.66834
0.72946
0.8414
1.0023
0.65163
0.69183
0.67608
0.71614
0.69984
0.71121
0.8414
0.70958
0.69343
0.73114
0.73114
0.70307
0.70632
0.69663
0.68391
0.69183
0.64417
0.69502
0.69823
0.66374
0.68707
0.75509
0.69502
0.67143
0.68549
0.68707
0.69343
0.74131
0.72277
0.69663
0.75509
0.72778
0.7379
0.77268
0.69183
0.65615
0.82985
0.70307
0.69984
0.69502
0.67143
1.0789
0.68865
0.69024
0.70632
0.82985
0.62517
0.73621
0.67143
0.75336
0.67764
0.67298
0.69024
0.7379
0.69024
0.73961
0.66069
0.68549
0.72444
0.71285
0.74989
0.73451
0.74989
0.76033
0.73451
0.68234
0.9506
0.73961
0.62373
0.89125
0.73114
0.69823
0.66069
0.69663
0.69502
0.79068
0.69663
0.63973
0.63241
0.96383
0.66681
1.349
0.73114
0.70307
0.66527
0.71945
0.65766
0.64121
0.74645
0.76208
0.69183
0.65917
1.0046
0.71285
0.69343
0.72444
0.65013
0.6792
0.70469
0.70469
0.62951
0.67608
0.64863
0.70146
0.7145
0.67298
0.87096
0.72778
0.67764
0.69183
0.65615
0.73621
0.68234
0.66834
0.68077
0.75336
0.76913
0.67608
1
0.67764
0.71121
0.69343
0.6792
0.71285
0.65615
0.65313
0.67298
0.65917
0.68077
0.70307
0.66527
0.87498
0.72611
0.67298
0.67143
0.68865
0.70632
0.69024
0.74645
0.64121
0.69984
0.69024
0.68707
0.66834
0.70958
0.91622
0.82604
0.70307
0.66834
0.71779
0.67143
0.69343
0.65615
0.69024
0.67143
0.68077
0.70469
0.75162
0.67298
0.90573
0.65013
0.69823
0.70469
0.66527
0.85114
0.65766
0.69183
0.81846
0.71285
0.93972
0.64121
0.65464
0.65917
0.70632
0.64863
0.66681
0.69984
0.67143
0.67143
0.64863
0.67453
0.67143
0.65615
0.65917
0.75509
0.76736
0.75509
0.8147
0.79616
0.70795
0.69502
0.67608
0.63826
0.64714
0.7145
0.68234
0.72444
0.65163
1.0765
0.69343
0.70795
0.72111
0.70958
0.75509
0.64417
0.71614
0.65615
0.65615
0.75336
0.72444
0.69823
0.71121
0.67143
0.66988
0.69823
0.63533
0.74302
0.72778
0.68549
0.67764
0.67608
0.66834
0.7145
0.76913
0.99312
0.90782
1.0789
1.0351
0.68707
0.66222
0.64714
0.68234
0.67608
0.73451
0.70307
0.71121
0.74989
0.72611
0.69024
0.67298
0.74645
0.70307
0.72778
0.6792
0.79616
1.2942
1.099
0.87498
1.1194
0.74817
0.9594
0.73621
0.7379
2.5061
0.92897
0.79983
1.2218
0.81658
0.92897
0.97949
0.98175
0.80724
0.87096
1.2794
1.2023
0.69343
0.68234
0.70307
0.7379
0.66527
0.72611
0.69663
0.68865
0.64417
0.85901
0.69183
0.64121
0.70795
0.75162
0.66988
0.72778
0.6368
0.67298
0.71121
0.64269
0.79983
0.70795
0.76208
0.74302
0.72946
0.67608
0.7379
0.9247
0.65013
0.78705
0.72111
0.63973
0.78163
0.65615
0.66834
0.85704
0.67608
0.88105
0.68234
0.75162
0.64417
0.68391
0.66988
0.76913
0.65313
0.66222
0.74989
0.64269
0.78163
0.68234
0.70469
0.66681
0.76736
0.76208
0.74645
0.76208
0.63973
0.69343
0.68865
0.67298
0.67298
0.68707
0.71779
0.70632
0.78343
0.71285
0.71945
0.68077
0.69823
0.64121
0.7379
0.69183
0.77625
0.67143
0.8147
0.72611
0.68077
0.93972
0.70632
0.67764
0.68865
0.71779
0.67143
0.68234
0.68077
0.70795
0.67608
0.66222
0.65313
0.63826
0.69024
0.70795
0.68077
0.76384
0.69984
0.75162
0.67453
0.67298
0.67608
0.68391
0.65917
0.71779
0.66681
0.93541
0.97949
0.68707
0.64714
0.89743
0.78705
1.1015
0.66527
0.64863
0.78524
0.7145
0.73621
0.82224
0.81658
0.73621
0.77446
1.0544
1.7338
0.70795
0.71614
0.66374
0.78343
0.69984
0.73621
0.70469
0.71121
0.93541
0.66374
0.72277
0.72277
0.71121
0.91411
1.2445
1.5596
1.6368
1.0139
2.1627
1.1885
0.69823
0.88105
0.81658
0.84333
0.69343
0.73961
0.65766
0.66527
0.65917
0.69183
0.77268
0.68865
0.68077
0.69024
0.63826
0.71945
0.66681
0.72778
0.75683
0.78343
0.69663
0.66834
0.71285
0.68077
0.68865
0.73282
0.68391
0.66374
0.69024
0.66988
0.69984
0.69823
0.71285
0.74817
0.73451
0.66222
0.75509
0.6792
0.72778
0.89536
0.68234
0.78705
0.70795
0.70795
0.70469
0.68234
0.69502
0.68549
0.66069
0.63387
0.65917
0.74131
0.65313
0.83368
0.71945
0.6792
0.74302
0.72444
0.70307
0.65766
0.66834
0.69343
0.75683
0.64417
0.71614
0.66527
0.67764
1.1092
0.6792
0.67453
0.70795
0.65615
0.77804
0.69183
0.69343
0.71285
0.71285
0.68234
0.71614
0.8531
0.68234
0.71614
0.71614
0.71614
0.66527
0.64863
0.66222
0.65615
0.65464
0.84528
0.73451
0.76913
1.0257
0.64417
0.63826
0.74817
0.71121
0.65163
0.69502
0.69024
0.72111
0.67608
0.86696
0.65615
0.72444
0.68865
0.66988
0.6792
0.65917
0.66222
0.70958
0.69663
0.74989
0.8091
0.69663
0.68865
0.67143
0.66222
0.70307
0.68549
0.72778
0.68549
0.71779
0.67298
0.74989
0.65013
0.69663
0.68077
0.6792
0.66681
0.78705
0.70632
0.74645
0.69984
1.2735
0.89331
1.1402
0.68707
0.66069
0.67764
0.78705
0.66069
0.74302
0.65313
0.68865
0.63826
0.68549
1.0375
0.67143
0.6368
0.68234
0.76736
0.66988
0.6792
0.7379
0.72277
0.65917
0.65464
0.65917
0.66222
0.68077
0.66374
0.7656
0.67453
0.83176
0.77804
0.72611
0.71779
0.65615
0.63533
0.68707
0.85901
0.65163
0.67453
0.65313
0.96605
0.66527
0.64417
0.63241
0.70307
0.7925
0.69823
0.64714
0.69984
0.75336
0.66069
0.65163
0.71779
0.79068
0.93972
0.69024
0.65313
0.75509
0.67764
0.65163
0.69024
0.65464
0.63973
0.6368
0.65313
0.85114
0.69502
0.65917
0.64417
0.6368
0.90573
0.68077
0.66222
0.66681
0.66069
0.69343
0.63826
0.63826
0.71285
0.74645
0.68707
0.73114
0.89536
0.66681
0.72277
0.6223
0.65766
0.64269
0.70795
0.73114
0.69502
0.67608
1.2677
0.68865
0.65615
0.70146
0.65013
0.68549
0.74989
0.67764
0.66527
0.70146
0.65917
0.69183
0.73451
0.72277
0.70632
0.74473
0.64121
0.69823
0.65313
0.66374
0.68707
0.67453
0.70795
0.67764
1.0568
0.69984
0.76913
0.68865
0.66374
0.74989
0.73961
0.67608
0.69984
0.66222
0.66988
0.74989
0.65163
0.64269
0.64269
0.67764
0.72277
0.67143
0.66069
0.68707
0.73451
0.81658
0.66834
0.65013
0.70958
0.67453
0.67453
0.64714
0.67453
0.63533
0.68077
0.63533
0.66374
0.72611
0.68707
0.89743
0.71779
0.90157
0.94842
0.64269
0.65917
0.69823
0.78524
0.6792
0.69024
0.66374
0.75162
0.95499
0.81846
0.71779
0.65163
0.65313
0.70146
0.74645
0.88105
0.90365
0.74645
0.86497
0.70958
0.79068
1.0093
1.0617
1.2023
1.3677
0.87902
0.79616
0.78163
1.0889
1.349
0.66681
0.66681
0.65766
0.63096
0.66527
0.71285
0.69183
0.65464
0.84333
0.93325
0.68707
0.66834
0.72444
0.68707
0.72277
0.65464
0.7379
0.66222
0.68391
0.69663
0.71285
0.68549
0.79616
0.70146
0.69024
0.68077
0.65917
0.69343
0.66374
0.7709
0.71285
0.9528
1.074
0.91622
0.88512
1.1995
1.2417
0.70146
0.69343
0.69024
0.73451
0.65313
0.65013
0.6792
1.1614
0.69183
0.70795
0.78163
0.72277
0.67453
0.65766
0.65464
0.70958
0.72277
0.66988
0.64565
0.64565
1.2106
0.70469
0.7145
0.62661
0.74131
0.75858
0.66527
0.69984
0.68707
0.74302
0.74817
0.67143
0.66834
1.256
1.5241
0.8147
0.71285
1.3335
0.70469
0.77983
0.72277
0.89125
0.69343
0.72444
0.83946
0.71614
0.71614
0.72778
0.66988
0.86497
0.70469
0.69984
0.69343
0.67298
0.70632
0.71285
0.69183
0.72778
0.66069
0.72444
0.73451
0.66988
0.7145
0.70307
0.68707
0.67453
0.66069
0.68391
0.78886
0.65917
0.67453
0.68234
0.65464
0.65615
0.67143
0.73114
0.68234
0.67143
0.66988
0.71614
0.66069
0.73114
0.67608
1.2162
0.70795
0.6792
0.74473
0.70632
0.71285
0.73451
0.71945
0.73282
0.67608
0.6792
0.74817
0.68391
0.78705
0.71945
0.74645
0.74473
1.1588
0.75683
0.67298
1.3646
0.85114
0.63826
0.80724
0.97051
0.74131
1.3122
0.69502
0.68077
0.67298
0.72444
0.64863
0.64714
0.67608
0.98855
0.74473
0.64565
0.68234
0.64417
0.65163
0.70632
0.68234
0.65615
0.70146
0.65917
0.69343
0.72111
1.0351
0.68549
0.78343
0.82604
0.82224
0.67298
0.68391
0.87096
0.65163
0.8531
0.66069
0.66834
0.64714
0.82224
0.70146
0.76033
0.67608
0.73451
0.68234
0.86696
0.64565
0.64714
0.68549
0.68707
0.91201
0.65013
0.65917
0.65464
0.76736
0.8356
0.66988
0.70795
0.65013
0.65013
0.67453
0.68234
0.67298
0.66527
0.89125
0.92897
0.62373
0.69343
0.75162
0.63826
0.72444
0.67143
0.68077
0.72946
0.82035
0.68077
1.1455
0.71285
0.67453
0.75162
0.72611
0.70307
0.68707
0.68707
0.6792
0.66834
0.69024
0.66527
0.63826
0.69984
0.77804
0.70146
0.67608
0.70795
0.68077
0.65917
0.66681
0.69502
0.66527
0.63096
0.65917
0.77983
0.78343
0.78886
0.78343
0.78705
0.71121
0.69502
0.71779
0.75162
0.70146
0.64269
0.67608
0.72611
0.77804
0.65917
0.69183
0.68391
0.74302
1.028
0.68707
0.64565
0.66834
0.77983
0.72946
0.67143
0.68077
0.68077
0.68234
0.63241
0.69823
0.82794
1.2162
1.0593
0.86298
0.68707
1.1429
1.8155
0.83946
0.77625
0.71614
0.75162
0.72111
1.4622
0.77268
1.762
8.77
3.4041
0.9977
0.89331
1.6982
0.72111
0.66681
0.66527
0.65313
0.74473
0.74131
0.71614
0.74989
1.2589
0.72277
0.66374
0.8356
0.66834
0.72611
0.69024
0.72611
0.70146
0.66834
0.65766
0.76913
0.65313
0.67298
0.68077
0.68549
0.68549
0.65464
0.63973
0.6368
0.63826
0.65464
0.66988
0.64121
0.65313
0.65615
0.65917
1.0162
1.1967
0.68549
0.66069
0.77268
0.66988
1.0069
0.71945
0.69183
0.66069
0.69024
0.67764
0.71121
0.64863
0.70958
0.66681
0.6792
0.69823
0.7379
0.75162
0.67608
0.66069
0.74302
0.69663
0.72277
0.65163
0.69343
0.6792
0.70307
0.68549
0.67608
0.64269
0.68391
0.71945
0.66222
0.72277
0.67608
0.72111
0.66988
0.71285
0.67453
0.69343
0.7379
0.71779
0.65766
1.1695
1.6069
2.7479
0.69024
0.72444
0.65766
0.6792
0.78886
0.88105
1.6106
1.9055
0.70632
0.69343
0.71779
0.71614
0.65766
0.64565
0.73282
0.72111
0.69663
0.70307
0.74989
0.72946
0.67764
0.71614
0.66681
0.66681
0.67143
0.76913
0.78163
0.74302
0.68707
0.71945
0.65766
0.68707
0.66988
0.68391
0.80168
0.72111
0.66374
0.65917
0.63096
0.69823
0.72611
0.69823
0.69502
0.68234
0.70307
0.68865
0.74817
0.66069
0.69502
0.68391
0.76208
0.62087
0.65013
0.72611
0.66988
0.75509
0.66374
0.70307
0.72611
0.72778
0.72946
0.83368
0.75162
0.65615
1.2274
0.69984
1.6596
1.3152
1.3062
0.69823
0.68865
0.80168
0.75509
1.0864
1.1298
0.73114
0.66374
0.81658
0.71614
0.83368
0.68549
0.67764
0.65766
0.67764
0.64863
0.68707
0.83946
0.65013
0.66527
0.68707
0.90573
1.7989
0.79616
1.1429
0.69984
1.2106
0.93541
0.65313
0.65313
0.68077
0.70146
0.66222
0.65766
0.67143
0.68391
0.68865
1.1015
0.66374
0.66681
0.73114
0.68549
0.68077
0.72277
0.63826
0.66834
0.69663
0.64269
0.70307
0.67608
0.66988
0.66069
0.80168
0.6368
0.68391
0.67608
0.69502
0.65615
0.73114
0.67143
0.65013
0.68077
0.6792
0.70795
0.72946
0.65917
1.0593
0.8892
0.82604
0.83368
0.85507
0.70795
0.68865
0.69663
0.69823
0.64269
0.73114
0.69984
0.70146
1.1668
0.62373
0.66834
0.68549
0.64714
0.69663
0.65917
0.66069
0.67143
0.65313
0.6792
0.64417
1.0666
0.77804
0.65313
0.66681
1.1246
0.88308
0.8356
1.3552
1.099
0.79799
0.69823
0.74473
6.6834
0.68865
0.67764
0.87096
0.99541
0.9594
1.4289
0.69663
0.67143
0.7145
0.69663
0.67143
0.73282
0.65615
0.68865
0.7145
0.71121
0.70795
0.67608
0.69984
0.69502
0.68707
0.72111
0.72444
0.7379
0.67453
0.69984
0.69024
0.66069
0.68077
0.66834
0.68549
0.68549
0.74473
0.67298
0.66222
0.70469
0.66069
0.68391
0.63826
0.71945
0.78886
1.4894
1.3397
0.66834
1.0864
0.69663
0.68077
0.71945
0.66988
0.74302
0.78343
3.8994
4.8529
0.76033
0.77268
0.78163
0.74645
1.39
0.83176
0.96161
3.8548
0.98401
0.96383
0.88105
2.1478
0.68549
0.66069
0.68077
0.65917
0.93541
0.72946
0.89536
0.88716
1.2303
0.65766
0.68391
0.63973
0.68549
0.66527
0.66988
0.69984
0.66988
0.68391
0.67608
0.68391
0.69343
0.64565
0.7145
0.64565
0.68549
0.69343
0.62517
0.83946
0.70632
0.67298
0.69823
0.68707
0.65615
0.67453
0.72444
0.68391
0.65464
0.69024
0.72444
0.66069
0.69024
0.70632
0.67298
0.81283
0.65163
0.65766
0.66222
0.67453
0.64565
0.64863
0.92045
0.70632
0.66988
0.72444
0.67298
0.67453
0.66527
0.68234
0.68865
0.69502
0.66988
0.67764
0.65917
0.68865
0.78524
0.64565
0.66834
0.68549
0.63241
0.73114
0.68234
0.67764
0.76736
0.69823
0.70958
0.68234
0.68234
0.69984
0.70307
0.70958
0.6792
0.75336
0.66834
0.85114
0.68234
0.75162
0.66988
0.73282
0.71779
0.69502
0.68234
0.69502
0.85704
0.64417
0.68549
0.75336
0.73114
0.7145
0.69502
0.69024
0.70307
0.71779
0.7379
0.7379
0.71121
0.72946
0.67298
0.67453
0.73282
0.69024
0.72277
0.85114
0.70469
0.66527
0.73961
0.93541
0.74989
1.0399
0.7656
0.94406
0.66374
0.85114
1.1641
0.64269
0.66988
0.66374
0.72277
0.78343
0.66988
0.64565
0.72111
0.79616
0.67764
0.76384
0.64863
0.72611
0.67453
0.70632
0.68549
0.68234
0.68707
1.0447
0.73961
0.70146
0.70146
0.70632
0.77983
0.70146
0.73114
0.72778
0.72611
0.74989
1.4223
0.72946
0.82035
1.7258
1.3709
1.1402
0.72946
0.70632
1.0186
0.65615
0.66374
0.69183
0.69183
0.75683
0.69024
0.77804
0.67298
1.2106
0.69984
0.65917
0.72277
0.70632
0.67298
0.68391
0.73282
0.68865
0.71945
0.69343
0.72111
0.65464
0.71285
0.67298
0.69502
0.69823
0.66222
0.70146
0.70632
0.68391
0.78343
0.70307
0.70958
0.65917
0.64269
0.67453
0.7145
1.3614
0.93756
0.94189
1.1776
0.93541
0.75509
0.78524
0.7145
0.65615
0.63533
0.65013
0.74131
0.70958
0.68707
1.0328
0.65615
0.74989
0.71614
0.66988
0.70795
0.69183
0.73451
0.84528
0.78163
0.6792
0.66681
0.74645
1.2246
1.6444
1.1376
0.70632
1.5453
1.5346
0.83946
0.80353
3.1696
0.71285
0.67608
0.70632
0.68707
0.64121
0.65013
0.66222
0.66681
0.70146
0.65917
0.71614
0.70146
0.63973
0.70632
0.66374
0.71285
0.70958
0.64121
0.68707
0.69502
0.66988
1.122
1.0471
0.89536
0.89536
0.9594
1.803
1.2023
0.70958
0.69024
0.72611
0.70307
0.71779
0.70795
0.70795
0.74131
0.67298
0.64714
0.70958
0.69024
0.68865
0.68234
0.68391
0.68234
0.6792
0.78343
0.66527
0.68234
0.66834
0.93972
0.69984
0.68707
0.66527
0.72277
0.67764
0.66222
0.87096
0.70958
0.73451
0.66834
1.2677
0.94189
1.0864
0.98175
1.1749
1.4028
0.90991
0.81283
0.69663
1.3677
1.0593
0.68865
0.67143
0.71121
0.65917
0.66834
0.78343
0.68549
0.62661
0.82794
0.64863
0.64121
0.70958
0.62661
0.69343
0.68391
0.70958
0.65013
0.65615
0.69024
0.69024
0.67764
0.71945
0.69502
0.70307
0.71779
0.65917
0.63241
0.69502
0.68234
0.65313
0.65917
0.71285
0.69024
0.64121
0.64565
0.64863
0.65013
0.70307
0.68234
0.67764
0.65163
0.67143
0.67298
0.63973
0.76384
0.72111
0.70795
0.65013
0.67298
0.68234
0.74989
0.6792
0.66222
0.72277
0.82414
1.0715
0.69984
1.1455
3.2961
1.1776
0.86099
0.86896
0.82604
0.78524
0.74645
0.69024
0.68234
0.64714
0.66681
0.66222
0.7656
0.78343
0.73114
0.66069
0.77983
0.66069
0.75509
0.67298
0.64269
0.66374
0.66527
0.66681
0.66988
0.68391
0.70795
0.74473
0.71121
0.73114
0.65464
0.63973
0.68077
0.64121
0.73621
0.62951
0.69183
0.75683
0.68077
0.65013
0.66527
0.73451
0.69024
0.65013
0.67608
0.69343
0.7145
1.2417
0.90157
1.6293
0.67608
0.68077
0.6792
0.78163
0.85114
0.71614
0.74817
0.89125
0.7379
1.3804
0.6792
0.71285
0.66527
0.68077
0.65615
0.86497
0.66834
0.65615
0.67608
0.72946
0.69183
0.7379
0.68707
0.66222
0.74473
0.73621
0.64565
0.66988
0.71285
0.70146
0.66988
0.65917
0.69823
0.6792
0.69024
0.70958
0.68865
0.64121
0.77446
0.64269
0.71945
0.68865
0.71285
0.70795
0.70307
0.71779
0.69984
0.72778
0.72444
0.68391
0.69024
1.6672
0.93756
0.96828
1.0814
0.8147
0.90991
0.88512
0.92257
0.89536
0.87902
1.1535
1.219
0.96605
0.67453
0.65013
1.2078
0.72946
0.74473
0.72778
0.76033
0.68077
0.66527
0.71285
0.68234
0.70958
0.64121
0.68077
0.68707
1.0116
0.70958
0.62951
0.70146
0.68707
0.69502
0.70307
0.70146
0.72444
0.66834
0.67764
0.73114
0.68391
0.63241
0.72277
0.93756
0.9977
1.4928
5.5976
0.99312
0.73282
1.5596
0.69663
0.70632
0.74989
0.64863
0.63826
0.66222
0.73114
0.68234
0.66069
0.65917
0.68234
0.99083
0.69024
0.72277
0.7145
0.71285
0.65917
0.72277
0.72946
0.93325
0.64417
1.2162
1.0471
0.65313
0.64565
0.65313
0.66222
0.68234
0.64565
0.65313
0.66988
0.65013
0.7709
0.63387
0.92257
0.72946
0.81283
0.79433
0.80168
0.74817
0.71285
0.64863
1.4588
1.7061
0.82035
1.0328
0.65766
0.67143
0.62373
0.67608
0.66681
0.66681
1.9364
0.65163
0.64863
0.69024
0.65163
0.72444
0.66527
0.64269
0.71945
0.66069
0.70307
0.71779
0.6792
0.67298
0.6368
0.71121
1.2972
0.67608
0.76033
1.0423
1.3583
1.5101
1.4962
0.71945
0.67453
0.66988
0.66988
0.64714
0.66988
1.028
1.5959
0.65313
0.65615
0.70307
0.63826
0.70958
0.66527
0.64417
0.7709
0.71614
0.68865
0.67608
0.68077
0.70469
0.69823
1.0069
0.69183
0.76736
0.86298
0.66069
0.7145
0.65313
0.67764
0.68077
0.66222
0.78705
0.66069
1.4223
0.81096
0.81846
2.0045
0.66374
0.69663
0.71614
0.64121
0.67764
0.69984
0.69823
0.67608
0.66834
0.66069
0.73621
0.64269
1.1246
0.87297
2.4491
0.69183
0.67298
0.90782
0.64121
0.71945
0.69024
0.65313
0.68077
0.66374
0.63387
0.63973
0.67608
0.72778
0.9506
0.65615
0.63387
0.66681
0.64121
0.64863
0.65766
0.65163
0.66069
0.72778
0.70632
0.70469
0.6792
0.68391
0.67764
0.98175
0.69343
0.68865
0.65917
0.89331
0.68865
0.64417
0.67608
0.67764
0.7145
0.66834
0.68077
0.69984
0.87297
0.94624
0.64417
0.66681
0.63973
0.65313
0.82985
0.79068
0.85114
0.8356
0.90157
0.70469
1.1429
0.68077
0.93756
0.64714
0.70307
0.72778
0.69343
0.70958
0.6792
0.69663
0.69024
0.68391
0.81846
0.66069
0.67453
0.75683
0.65313
0.67608
0.70795
0.67608
0.66988
0.75336
0.69984
0.67298
0.65464
1.4757
0.73114
1.1641
1.1749
1.6144
1.349
1.7378
0.67764
0.72111
0.82224
0.75509
0.72111
0.69343
0.7145
0.98628
0.72611
0.75858
0.68234
0.64121
0.69823
0.69663
0.74302
0.66834
0.6792
0.69024
0.66527
0.66374
0.69183
0.90365
0.82604
0.8414
0.89125
0.68707
0.65917
0.71285
0.89536
0.69502
0.66222
0.69343
0.73282
0.69984
0.65464
0.66374
0.69984
1.2445
0.88105
0.92683
0.9247
0.71779
0.71779
0.64863
0.65163
0.67608
0.69502
0.64863
0.66069
0.68234
0.66069
0.68234
1.256
0.70958
0.67453
0.6792
0.68865
0.66681
0.65464
0.65766
0.66681
0.65013
0.90573
0.6792
0.67143
0.67298
0.65615
0.6792
1.7298
0.72444
0.79068
0.95719
0.87297
0.97949
1.0447
1.0351
1.3122
1.0046
0.81658
2.5882
1.1776
0.81283
0.76736
0.70632
0.72946
0.68391
0.68707
0.69663
0.69183
0.68077
0.68549
0.66988
0.89125
0.67453
1.2359
1.1885
0.81846
0.74131
0.77268
0.67608
0.66988
0.7145
0.72778
0.65917
0.68707
0.63387
0.76033
0.76736
0.70795
0.64269
0.75858
0.69502
0.71779
0.66988
0.68077
0.74473
0.70958
0.75683
0.97499
1.556
2.0749
0.69663
0.66069
0.75336
1.4588
0.69024
0.66681
0.70469
0.76736
0.67298
0.69502
0.75683
0.78524
0.73961
0.69823
0.74817
0.71614
0.66222
0.67764
0.77625
0.90573
0.69183
0.66834
0.69024
0.73114
0.70307
0.9594
0.99541
0.70146
1.183
1.1614
0.83946
1.2503
0.73961
0.94189
0.71285
0.75162
0.70307
0.68707
0.74302
0.73451
0.66681
0.66527
0.68234
0.70307
0.69024
0.7145
1.0375
0.71779
0.70632
0.68077
0.68077
0.68865
0.69502
0.65163
0.71285
0.70795
0.68707
0.69663
0.72111
0.71285
0.65163
0.72111
0.67143
0.7145
0.65766
0.69502
0.68865
0.93972
0.7145
0.89125
0.78343
1.4825
0.67764
0.65917
0.65464
0.67764
0.64714
0.75683
0.64565
0.65615
0.69343
0.67298
0.6792
0.69343
0.68391
0.69984
0.77625
0.66527
0.69502
0.67298
0.71779
0.69663
0.67608
0.68549
0.81096
0.77983
0.88105
0.82604
0.77625
0.69663
1.6672
1.0093
2.1928
3.2584
0.7925
0.70958
0.68865
0.66374
0.70469
0.65163
0.68865
0.70958
0.7709
0.74817
0.71614
0.78886
0.80353
0.70958
0.75162
0.72778
1.4723
6.6834
1.0257
0.78524
6.4417
11.272
0.81096
2.0797
2.5942
8.0724
9.9083
3.9902
1.4997
0.83368
1.1668
1.0495
2.0091
0.69024
0.64269
0.67143
2.3067
6.2806
5.902
6.6374
8.9536
7.925
11.668
9.1622
13.9
10.093
5.5081
1.0162
0.95499
1.1092
1.9543
3.4834
0.66374
0.74302
0.69024
0.69823
9.9541
14.028
2.9923
7.5683
0.74645
3.7239
5.236
0.68707
0.76736
0.71285
0.68865
0.82035
0.8531
0.80538
1.099
0.86497
0.79068
0.79799
1.2303
1.4125
0.67143
0.83946
0.74473
4.4157
0.72277
0.69343
0.71121
0.66834
0.6792
0.66222
0.67143
0.66834
0.67608
0.66374
0.69502
0.69183
0.80353
1.0889
0.71945
0.73961
0.72111
0.68549
0.66834
0.6792
0.73961
0.74817
0.78886
0.6792
0.74302
0.69024
0.64417
0.7709
0.8091
0.67608
0.74131
0.72444
0.72111
0.85704
0.71614
0.68865
0.69823
0.74989
0.66988
0.70795
0.67764
0.76033
0.67764
0.66681
0.72444
0.76384
0.63973
0.72277
0.73961
0.65615
0.66834
0.68234
0.83368
0.76208
0.69343
0.65615
0.67298
0.73961
0.68707
0.66834
0.71614
0.65013
0.80353
1.5031
1.0209
0.98628
1.2618
1.1402
1.1092
1.135
0.90991
1.5596
0.71779
0.84333
0.83753
0.97051
1.2331
0.69183
0.71779
0.83753
1.6982
1.3552
0.77983
0.69343
0.69343
1.4158
0.75336
0.66069
0.67764
0.72111
0.70307
0.8091
0.87902
0.67453
0.67608
0.71121
0.68549
0.66069
0.69343
0.69984
0.72277
0.69663
0.83368
0.7145
0.74817
0.68549
0.69823
0.6792
0.73282
0.71614
0.70958
0.68077
0.68234
0.71779
0.66374
0.71779
0.68549
0.71614
0.67298
0.67453
0.65766
0.69502
0.68234
0.70146
0.68077
0.7145
0.6792
0.92897
1.052
0.68707
0.81283
0.93111
1.2794
0.81846
0.68391
0.72444
0.67764
0.69984
0.80353
0.77983
0.8356
0.74989
0.7145
0.7379
0.66222
0.71614
0.75162
0.67298
0.66988
0.7379
0.72611
0.90991
1.3092
0.69502
0.69823
0.71121
0.7145
0.68865
0.75509
0.66988
0.72946
0.69984
0.72946
0.66527
0.67764
0.68865
0.69502
1.0914
0.74817
0.68234
0.72444
0.80724
0.78524
0.66988
1.5171
1.3772
1.6255
0.72946
0.80724
0.7379
1.3397
1.099
0.74131
0.74473
0.73621
0.75858
0.72111
0.7145
1.0447
1.3183
1.3709
0.80168
0.72111
1.3459
2.8973
0.78524
0.72277
0.73114
0.72444
0.72444
0.70469
0.91411
0.69183
0.69343
0.68865
0.71614
0.72611
0.68077
0.68077
0.66222
0.68234
0.64565
0.69663
0.68077
0.74473
0.69823
0.69984
0.74989
0.70795
0.66222
0.66222
0.7379
0.71121
0.63533
0.72611
0.74302
0.67298
0.66069
0.69183
0.68707
0.89743
1.2794
0.70795
0.66374
0.68549
0.65464
0.72111
0.63096
0.69183
0.67298
0.75683
0.75683
0.66681
0.70958
0.68865
1.1298
0.98855
0.88308
0.99541
2.2856
0.70958
1.0186
0.8091
1.0641
1.6943
0.79433
0.86696
0.77446
0.74817
0.79068
1.0351
1.7061
0.7925
1.0864
0.66222
0.70307
0.74473
0.66069
0.68549
1.1695
1.0889
0.73114
0.90991
0.71945
0.69024
0.66374
0.70469
0.69663
1.1169
0.99312
1.3183
0.65917
0.68391
0.69823
0.75509
0.66988
0.81096
0.73451
0.74131
0.7145
0.74131
0.74473
1.2531
0.71945
1.1995
0.94189
0.70795
0.69502
1.194
1.4421
1.2359
1.5812
0.79068
1.0691
0.97949
1.0495
1.1324
0.71285
1.1722
1.2677
0.70469
0.64417
0.69502
0.62806
0.68549
0.68865
0.67764
0.69663
0.71614
1.0814
0.72946
0.69343
0.68077
0.66527
0.66681
0.73451
0.69183
0.68549
0.68865
0.64269
0.72778
0.77804
0.65615
0.69502
0.68077
0.65917
0.69502
0.72277
0.68234
0.70795
0.69984
0.66988
0.68234
0.72778
0.65917
0.68707
0.67453
0.68549
0.72778
0.82794
0.73621
0.69823
0.74131
0.72444
0.68707
0.7379
0.70146
0.68391
0.66834
0.70795
1.5453
0.90782
0.69183
1.5205
2.2542
1.1912
1.2764
0.76384
0.72111
0.66527
0.8995
0.68077
0.83753
0.7709
0.65766
0.80538
0.65615
0.69502
0.78343
0.71285
0.64714
0.68865
0.6368
0.6792
0.66988
0.63826
0.67298
0.70307
0.70307
0.8356
0.72778
0.67764
0.81846
0.63973
0.66527
0.91833
1.2764
1.3274
0.97499
0.68391
1
1.094
0.93756
1.0544
1.099
1.0186
1.0046
1.1324
1.3772
2.0989
0.85704
1.0046
3.0269
2.1727
0.70146
0.68391
0.73114
0.91201
0.66374
0.74131
0.66069
0.71614
0.66222
6.8391
9.3541
1.2162
10.399
9.1201
15.596
1.7824
0.78524
1.6982
4.14
9.7499
13.305
14.791
5.2602
14.06
10.94
0.70958
0.94189
1.0304
0.8995
0.89743
0.8892
0.96383
1.6069
13.804
13.583
2.0324
11.376
15.922
12.853
0.81658
1.5668
7.6913
8.9536
0.76208
0.69984
8.8308
10.52
13.032
10.691
9.6605
12.218
10.023
8.995
11.614
10.74
10.666
10.069
10.839
12.972
5.5976
11.402
10.423
11.858
9.8401
9.1411
0.7379
0.82414
3.1261
1.4158
3.8815
13.335
11.35
10.74
12.942
10
14.791
12.023
5.0933
10.209
15.101
11.041
4.0458
1.5171
3.5645
14.191
10.116
9.8175
18.75
13.868
8.414
10.116
7.4817
2.5468
9.4624
13.366
10.568
9.1622
1.2853
8.7902
17.579
5.9293
8.0353
11.482
10.839
7.7983
9.5719
13.9
7.379
10.864
11.482
8.7498
9.5499
9.977
4.9888
6.9823
5.6494
9.9083
15.996
7.656
2.9648
0.93972
8.0168
13.521
9.1201
12.274
15.74
6.4714
11.995
7.9433
9.8855
5.5463
10.069
14.622
7.5858
0.70307
6.1944
14.791
12.882
7.709
9.4189
8.5114
2.5003
8.4528
8.6099
9.7051
7.5336
10.52
9.8855
10.666
10.447
7.6736
4.5186
13.002
10.046
9.6161
0.97275
2.2646
0.76913
5.8076
8.147
7.6384
0.93111
7.4473
4.2364
6.2373
10.186
9.6383
7.4817
5.9566
7.5162
9.0573
8.2604
11.324
7.8343
1.1092
1.074
4.5604
7.6913
0.92683
5.5335
7.709
9.9541
8.8105
1.1298
2.0464
7.3621
8.5704
11.272
8.8716
10.233
10.839
8.2414
6.8391
10.914
7.656
10.666
9.1833
11.429
9.8628
10.593
10.99
11.066
6.368
8.3176
4.256
6.1376
3.0832
1.9454
18.323
8.5507
0.7925
16.866
11.995
8.77
3.7411
1.349
1.0617
0.99541
4.0458
9.8628
5.5847
8.4528
7.379
8.091
10.965
8.4723
8.0168
2.4099
3.2509
4.256
7.0632
8.6099
6.792
11.614
14.256
7.0146
7.9799
10.447
8.0538
10.471
6.7298
11.885
16.293
3.1769
10.233
8.7498
8.147
7.8886
11.169
10.471
8.2035
6.223
9.0573
9.0573
8.4333
7.7446
15.171
11.35
7.6736
11.429
11.35
9.594
13.74
7.656
10.423
8.8308
8.8308
13.964
11.117
12.417
7.9068
7.4645
7.3621
7.1945
0.69343
11.066
7.7983
7.8705
10.99
2.0045
4.9545
9.3756
6.6988
0.64863
11.376
10.28
12.794
8.0353
6.4417
11.508
12.19
11.169
14.028
7.7804
0.7656
0.79433
3.7239
7.8163
8.147
10
8.5704
9.0573
5.6754
5.7412
11.015
12.078
12.735
8.77
12.078
13.932
7.3114
13.002
11.324
9.977
8.4723
4.6345
5.9156
11.117
11.041
8.4333
6.1944
9.3111
5.3951
12.388
8.414
10.691
14.454
48.084
18.197
16.943
10.375
7.9068
8.3946
9.3325
13.836
12.972
21.232
39.355
15.56
13.032
3.581
1.7865
13.428
4.5186
1.8923
12.912
13.49
10.139
9.0157
7.4989
