15.996
17.865
21.627
14.256
14.555
11.143
22.542
17.66
31.842
15.524
13.804
1.1194
0.87297
1.4555
6.0256
1.8535
5.8749
14.825
22.336
18.197
14.223
19.953
19.143
13.213
32.434
17.258
28.184
5.7148
18.836
14.388
0.9506
1.0023
17.66
19.32
30.903
16.144
11.508
26.607
1.1695
15.241
17.1
1.6482
1.3521
21.577
16.218
1.3868
1.0375
1.3964
5.559
3.6983
2.3121
4.2658
0.89331
15.704
18.113
17.418
4.3652
11.695
14.655
3.9628
9.4624
20.989
20.37
14.588
16.368
10.209
34.674
22.029
14.894
0.97275
3.6392
1.256
0.99312
3.3884
0.88105
25.586
24.378
12.331
12.735
2.5235
16.749
16.255
13.646
12.303
1.0328
1.0641
0.90573
0.97949
6.0117
1.5066
16.788
15.959
0.94842
1.0328
14.928
1.6106
1.9364
1.094
0.9594
1.1117
1.1169
1.5205
7.6913
14.622
13.122
16.069
9.6161
0.88308
0.9594
0.86497
12.162
14.757
0.89331
5.6754
0.84333
4.4771
1.3677
1.0069
1.7298
3.0409
2.5823
0.82224
1.9275
10.233
20.701
17.338
32.063
16.866
18.072
4.3251
12.218
12.303
19.953
19.143
21.135
18.408
17.458
16.106
23.281
15.596
1.6368
1.4791
22.029
22.029
22.594
1.0209
14.859
23.442
17.62
3.3963
37.068
14.689
15.066
13.459
3.342
2.7606
1.2274
1.4289
1.1668
1.135
1.5205
13.274
21.827
16.069
1.1092
2.2131
19.634
28.973
6.7453
0.91411
8.9743
14.289
7.6913
16.943
1.9498
1.7701
15.205
19.364
16.788
17.258
2.673
4.1879
6.2087
9.7051
16.982
1.7338
31.261
20.324
5.902
14.689
14.997
27.353
0.86696
12.274
17.989
24.774
5.6364
1.2303
1.0304
0.8147
0.92683
4.6881
2.9444
7.1614
1.1535
16.144
22.182
14.125
17.783
18.155
23.55
13.459
1.8113
13.964
13.122
28.907
26.122
26.915
0.87902
6.8707
2.1429
12.531
8.6896
14.06
20.23
12.331
12.246
20.045
22.646
14.355
14.689
18.197
18.836
1.0351
14.791
20.559
0.90365
0.97499
1.0139
0.83946
0.96828
1.219
0.92045
4.7534
0.99083
17.865
18.923
29.04
19.099
17.539
12.706
20.091
34.435
27.353
19.861
16.558
25.942
15.066
13.677
9.3756
14.928
13.677
13.868
17.824
15.812
12.56
27.416
17.947
30.62
8.1846
17.539
22.751
7.6736
1.5311
35.975
15.959
1.5524
0.92045
18.664
26.182
21.677
19.055
1.0471
1.028
0.86696
1.205
3.9084
1.374
1.1885
3.9264
1.3521
14.689
15.453
31.117
18.239
25.351
21.979
29.854
24.717
22.699
19.275
9.0365
0.9594
21.38
18.836
30.409
21.627
0.85114
0.93756
0.85704
0.8147
0.83368
0.85114
0.78886
0.79799
1.0715
0.88716
2.3933
1.9498
7.9616
5.9841
33.963
14.757
15.346
28.314
27.669
9.1201
20.184
20.184
14.997
10.94
36.983
17.62
22.08
31.189
4.3251
21.38
18.365
19.815
13.583
20.701
17.498
28.054
15.453
1.9953
3.2961
2.704
3.069
17.701
14.997
16.711
24.044
20.137
11.995
27.797
31.915
15.031
0.90782
5.1286
12.882
17.1
13.552
13.964
23.55
13.032
10.52
29.174
13.964
12.246
0.89743
6.8077
0.86298
1.1776
1.1561
0.93541
5.9841
1.9999
3.3729
14.588
13.932
13.092
18.197
9.4842
10.257
1.7783
1.1015
6.1802
29.992
17.906
19.143
12.647
13.459
3.581
10.965
1.2134
9.4842
21.777
16.672
12.445
18.493
18.072
19.634
14.421
16.069
28.184
3.581
11.041
14.028
1.1402
0.97499
2.9717
17.66
28.774
4.6238
1.6069
1.4588
3.9355
11.015
17.338
24.831
15.066
14.791
0.90157
10.304
14.521
18.365
18.664
10.495
10.28
15.596
16.827
1.7824
0.93756
0.99541
1.1695
0.83176
1.0914
0.94189
0.90365
0.94624
0.78705
15.346
20.045
17.539
4.6559
13.428
12.218
9.977
16.368
13.932
8.4723
37.239
14.125
13.152
0.97724
11.885
13.932
21.827
19.861
15.56
0.94189
10.304
17.258
19.498
16.032
18.197
2.2233
4.8753
11.272
22.131
16.106
15.346
14.454
14.488
21.677
14.962
1.0209
7.6208
0.8995
7.0146
0.84918
0.8892
0.86896
0.80538
19.679
26.607
8.4333
1.4093
13.614
14.125
15.171
1.2246
0.97949
6.5615
20.749
21.184
7.6208
12.388
15.311
13.002
16.255
25.177
12.274
17.418
17.418
9.4189
16.672
2.0184
5.7148
12.589
18.836
9.9312
15.704
1.074
1.5959
15.56
13.932
12.19
11.376
1.2162
16.711
10.399
0.89743
1.4223
0.85704
1.4028
1.1803
0.93111
0.92045
0.92683
0.86099
1.0209
0.86497
0.88308
0.8531
7.0795
6.5313
1.2942
21.038
13.305
24.491
26.122
12.794
11.641
14.256
12.303
24.889
4.592
0.84333
1.3002
9.1622
20.184
15.101
24.946
0.92897
1.2794
0.99312
0.87297
7.4989
1.0914
1.0186
0.86298
1.6406
15.488
3.5318
0.84723
1.028
1.1041
28.907
23.442
25.293
22.594
0.98401
11.482
1.2246
15.453
15.996
26.182
14.158
21.677
0.85704
3.9084
20.23
24.266
1.4388
2.5645
0.87096
28.314
11.668
17.579
9.7724
17.179
13.032
9.4406
17.498
0.93325
13.836
17.824
0.89125
8.0538
0.97275
0.95499
8.2985
17.1
17.14
10.351
8.8716
0.8356
2.0464
6.5615
4.8195
16.218
15.417
1.6444
5.7016
12.942
16.596
11.429
1.8923
3.6728
16.596
17.906
15.101
10.209
14.825
0.93756
0.97949
0.90991
0.90991
0.79068
0.79068
0.94842
0.89125
0.75162
0.84723
0.93972
0.90782
0.83176
0.86298
0.8995
1.8155
5.9979
0.94842
0.73621
0.76208
0.97275
0.8356
0.89536
0.82035
0.77446
0.81658
0.77983
0.78163
0.81096
0.86298
0.77268
0.78524
0.76208
3.5563
1.3709
0.9594
0.81658
0.88105
0.82414
0.79068
1.4825
0.81846
0.84528
0.90782
0.85704
0.79616
0.82035
0.75162
0.81846
0.74131
0.82985
0.78163
0.74989
0.77804
0.75162
0.88105
0.85507
0.75509
0.79616
0.76033
0.84528
0.87498
0.78163
0.74473
0.74131
0.75162
0.74302
0.83368
0.79799
0.91833
1.0116
0.9594
0.97275
0.8531
0.91833
0.90365
0.89125
0.99541
2.6792
2.2699
0.98401
0.97499
1.1272
1.0965
1.219
1.5066
1.2417
1.39
2.673
1.9454
2.0464
0.87902
10.641
9.2897
13.397
17.219
20.893
25.527
12.388
14.488
21.727
20.37
17.061
0.85704
1.1885
1.4488
1.0914
6.5163
23.605
18.365
34.356
33.729
20.417
14.655
11.588
4.3251
0.84333
6.3387
17.418
24.66
16.672
26.792
18.664
1.135
2.1777
1.6032
11.402
8.0538
18.113
13.804
18.836
15.922
13.183
10.162
12.388
14.454
13.614
26.485
20.23
15.241
1.0789
12.618
11.695
19.099
12.503
0.80538
1.122
12.735
5.902
14.859
0.96383
4.6452
20.045
18.281
16.672
29.04
10.965
10.046
20.989
17.947
9.3325
0.89536
2.6424
0.78524
3.767
14.223
16.827
7.2277
1.0023
5.4075
2.7542
21.281
7.1945
1.1246
6.6374
11.194
14.028
9.3111
15.849
21.135
13.836
14.928
3.4041
20.37
29.854
13.932
21.528
18.072
16.331
4.4259
11.508
3.8107
16.331
25.586
0.96605
0.90991
5.2966
14.997
3.6141
0.84333
4.5814
25.763
15.776
20.324
12.274
12.589
6.0674
1.6558
17.539
21.827
17.298
8.7096
25.003
17.498
18.239
16.52
12.106
21.281
13.646
30.2
15.596
12.134
17.539
8.6497
6.5013
8.1846
15.776
3.0549
1.2853
1.0162
0.93756
1.2218
1.5241
1.6788
5.035
8.3368
3.6224
0.8414
0.86497
3.1989
15.704
21.086
21.086
12.794
4.0551
1.6866
14.093
9.4406
4.3954
1.4158
1.1376
1.2503
1.3772
1.0139
0.85704
0.94406
19.588
19.231
10.375
0.88512
0.99312
10.28
21.577
9.8855
12.764
17.989
9.977
3.5727
5.9841
1.2162
8.6696
13.092
10.046
1.0209
0.79433
0.78705
6.0534
0.86497
30.903
22.387
11.803
19.543
24.774
1.7179
0.96161
0.83946
0.77983
0.79983
0.77446
1.39
0.78343
0.74131
0.877
0.90573
0.81658
0.73961
1.1041
5.4075
2.1478
4.102
6.2087
10.765
5.224
21.878
15.136
11.429
19.634
13.305
11.641
25.586
10.544
9.6828
0.90991
0.99541
2.0606
8.9536
10.447
0.82604
0.86896
7.145
1.8365
0.70469
5.4075
0.83946
0.85901
0.82414
11.83
0.75683
12.303
1.5922
9.2257
14.191
21.232
25.882
12.417
1.3964
5.6754
5.821
0.81096
0.86298
0.91622
0.86099
1.3677
5.7943
0.75858
0.82224
7.3451
0.77446
0.8531
0.8531
0.76384
0.78886
0.79068
0.82985
0.73961
0.7925
0.97499
0.85114
0.86896
0.91622
0.84918
0.89331
0.83368
0.82794
0.83946
0.79799
0.86099
0.82414
0.88716
0.86497
0.87096
0.87297
0.86497
0.87096
0.8147
0.79068
0.85114
0.85704
0.81096
0.95499
0.8356
0.84918
0.91833
0.88716
0.86497
0.71945
0.78886
0.90157
0.8147
0.83368
0.88512
0.88716
0.85704
0.82985
0.8414
0.92045
0.94406
0.90782
0.98175
0.86896
0.94406
0.8356
0.82604
0.83753
0.94189
1.0593
1.2388
0.98855
1.0447
0.98401
0.9528
1.1722
1.6982
0.77625
1.374
0.92257
0.76384
0.79616
0.89125
0.93972
0.84333
0.92897
0.84723
0.81658
0.80353
0.87297
0.83176
0.8091
0.88716
0.85507
0.97949
0.7925
0.8531
0.71945
0.93111
0.83946
0.95719
0.78524
0.86497
0.8892
0.80538
0.79433
0.79068
0.85507
0.8414
0.82414
0.81658
0.81846
0.79433
0.877
0.81096
0.88105
0.89331
0.82604
0.89743
0.92897
0.90157
0.8147
0.78343
0.877
0.89536
0.80168
0.83946
0.81846
1.0257
1.0715
0.89743
0.88716
1.1015
0.86696
1.7498
2.673
0.82414
0.89743
0.86497
0.84333
0.84918
0.83753
0.85901
0.88105
0.82604
0.87297
0.78343
0.81283
0.91201
0.92897
0.85507
0.77983
0.89125
0.84333
0.8147
0.8091
0.81096
0.92897
0.78886
0.85704
0.77446
0.91622
0.99541
0.79068
0.8356
0.89743
0.86696
1.3521
0.81096
0.79799
0.79799
0.80538
0.84528
0.79433
0.81846
0.82035
0.81096
0.81846
0.86497
0.87902
0.93972
0.86099
0.84918
0.8091
0.96383
1.0666
0.83368
0.98855
0.93972
0.95719
0.79799
0.82035
0.82985
0.81283
0.86497
0.88105
0.82604
0.88512
0.88512
0.85507
0.78886
0.77446
0.93756
0.8414
0.83368
0.78705
0.9977
0.99083
0.88308
0.8892
0.89331
0.80538
0.81658
0.82794
0.84723
0.86696
0.80538
0.80353
0.94406
0.88716
0.89125
0.97275
0.86298
0.83946
0.88105
0.83753
0.85114
0.8414
0.8091
0.82414
0.75858
0.86298
0.91833
0.82035
0.85507
0.9506
0.83368
0.87902
0.79799
0.8147
0.86497
0.77446
0.8892
0.87498
0.96605
0.81658
0.94189
0.98401
1.7783
1.4723
1.0839
1.0495
1.099
1.0691
1.1041
1.1194
1.0023
1.5382
1.2417
0.92257
0.96161
1.2794
1.2134
1.4028
1.2706
1.2531
1.1614
1.1722
1.3397
1.6482
0.9594
0.92257
5.5463
0.78886
0.81658
0.73621
0.76033
1.2078
0.92045
0.93972
0.86896
20.512
0.78343
0.87902
0.86497
0.75858
0.84723
0.96161
0.88105
0.96161
0.88308
0.96161
0.82794
0.82414
0.86298
0.91201
0.86298
0.79616
0.87297
0.92257
0.99083
0.8356
0.94842
0.8892
1.135
1.7022
1.6069
0.89331
1.0839
0.92257
0.78343
0.84918
0.87297
0.90365
0.92897
0.80538
0.75683
0.76033
0.86896
0.75509
0.86298
0.81846
0.79983
0.82414
0.8531
0.74473
0.82035
0.72444
0.97275
0.83176
0.84723
0.80538
0.82414
0.7656
0.80724
0.82224
0.86896
0.82224
0.80538
0.78343
0.82224
0.79799
0.72611
0.8531
0.82985
0.83946
0.80353
0.79433
0.86099
0.80353
0.83176
0.97499
1.2735
0.77804
0.8531
0.85901
0.85114
0.8892
0.82035
0.75336
0.95719
0.77268
0.93111
0.73451
0.77268
0.8356
0.79799
0.79433
0.8414
0.83368
0.81096
0.79799
0.78524
0.77625
0.78163
0.79799
0.88308
0.90991
0.7709
0.75336
0.82414
0.83753
0.82604
0.87297
0.81283
0.86298
0.77446
0.88512
0.84333
0.79433
0.86099
0.8892
0.7656
0.8531
0.84333
0.71121
0.7656
0.84333
0.83176
0.80353
0.7379
0.8356
0.7709
0.79433
0.90782
0.75509
0.81096
0.81846
0.75162
0.86298
0.91833
0.77446
0.82794
0.76384
0.74817
0.72277
0.87297
0.93972
0.80538
0.81846
0.71779
0.81658
0.79068
0.85704
0.92683
0.8892
0.8892
1.0375
0.86497
1.3366
1.2853
0.82985
0.82035
0.87096
0.82985
0.8531
0.83753
0.80538
0.80538
0.77268
0.74989
0.89536
0.75162
0.75336
0.91201
0.77804
0.8091
0.77625
0.84333
1.1169
0.8995
0.94406
2.2233
1.0399
1.2417
1.1668
0.9977
0.97051
0.93111
0.82035
1.4223
1.1858
1.0447
1.1272
1.1668
1.2474
1.7742
0.81096
0.82985
0.85507
0.75162
0.80724
0.81846
0.77268
0.7709
0.76736
0.9977
0.77625
0.80724
0.80168
0.86497
0.78163
0.77268
0.82035
0.77625
0.8147
0.8147
0.8091
0.8147
0.79068
0.79799
0.83753
0.8091
0.78163
0.92045
0.83176
0.80353
0.77804
0.77625
0.76736
0.84528
0.91201
0.83368
0.75683
0.86099
0.85507
0.72778
0.82414
0.78705
0.76033
0.77268
0.69024
0.88308
0.78524
0.76384
0.9594
0.75509
0.79433
0.86896
0.77446
0.77804
0.77804
0.85704
0.76208
0.76384
0.7379
0.7709
0.75509
0.85507
0.82414
0.72277
0.74989
0.69183
0.72611
0.79616
0.82035
0.75162
0.8147
0.83753
0.7709
0.76384
0.77983
0.83176
0.93111
0.85114
0.75509
0.74817
0.76208
0.78886
0.80538
0.73961
0.72444
0.87902
0.8414
0.83753
0.82794
0.86696
0.84333
0.86896
0.79433
0.72444
0.79799
0.81283
0.85901
0.72444
0.97275
0.88308
0.76736
0.77804
0.79616
0.78886
0.80538
0.84918
13.646
7.7446
7.7446
7.7446
0.87902
0.72277
0.72277
0.70632
0.72946
1.5631
0.77625
0.83368
0.82794
0.74645
0.81658
0.81096
0.87297
0.75509
0.76384
0.75683
11.641
2.9854
2.9854
2.9854
2.9854
2.9854
2.9854
2.9854
2.9854
2.9854
2.9854
2.9854
2.9854
2.9854
2.9854
2.9854
2.9854
2.9854
2.9854
2.9854
2.9854
2.9854
2.9854
2.9854
2.9854
2.9854
2.9854
2.9854
2.9854
2.9854
2.9854
1.1749
2.8445
1.5276
0.88512
0.93111
0.77983
0.78343
0.83176
0.7709
1.0046
0.93325
0.96161
0.90573
0.81283
0.92897
0.88105
0.85114
0.77446
0.83946
1.1508
1.2023
1.1066
1.3709
0.9594
2.0893
1.1535
0.88512
1.0641
1.1722
1.1695
1.4093
1.7458
6.9823
6.9823
6.9823
6.9823
6.9823
6.9823
6.9823
6.9823
6.9823
6.9823
6.9823
6.9823
6.9823
6.9823
6.9823
6.9823
6.9823
6.9823
6.9823
6.9823
6.9823
6.9823
6.9823
6.9823
6.9823
6.9823
6.9823
6.9823
6.9823
6.9823
6.9823
6.9823
6.9823
6.9823
6.9823
6.9823
6.9823
6.9823
6.9823
6.9823
6.9823
6.9823
6.9823
6.9823
6.9823
6.9823
6.9823
6.9823
6.9823
6.9823
6.9823
6.9823
6.9823
6.9823
6.9823
6.9823
6.9823
6.9823
6.9823
6.9823
6.9823
6.9823
6.9823
6.9823
6.9823
6.9823
6.9823
6.9823
6.9823
9.7051
13.152
16.331
0.86298
1.4223
9.8628
2.7542
1.5276
2.5527
0.80724
0.69343
7.4131
1.6711
5.4954
10.52
11.803
3.2961
9.977
13.428
10.399
14.555
14.622
8.1096
12.417
1.256
4.7098
4.9888
20.654
14.028
17.378
15.136
6.5917
9.7275
9.1411
18.578
13.772
12.445
13.152
10.495
15.276
11.194
12.972
29.648
17.539
21.928
14.723
11.722
13.521
0.84918
1.5205
4.4259
6.5766
10.715
0.81846
1.6827
3.4594
20.37
19.953
16.331
10.023
12.106
16.711
22.909
13.614
18.836
26.303
17.418
8.7498
14.555
21.478
32.734
4.5082
20.845
1.1092
5.0234
0.79799
5.7148
19.953
18.281
19.364
16.482
0.96161
0.9594
3.6224
15.136
34.995
31.623
26.242
19.724
16.596
1.0093
10.162
10.593
8.6099
19.907
24.547
16.444
13.397
18.707
16.982
9.6161
10
0.87498
10.593
12.912
16.218
15.488
14.723
2.8054
0.86696
0.9977
1.0568
0.80353
1.0789
0.93972
0.88308
7.4302
0.92683
0.84918
0.80168
0.94406
5.5719
4.3251
15.205
17.022
17.865
16.255
20.137
12.589
26.915
21.478
17.742
15.885
13.243
1.2618
11.641
10.568
19.32
11.324
7.9068
15.812
6.5013
0.91201
0.79799
1.39
9.7949
2.1038
34.914
34.435
18.967
23.988
10.765
3.4834
13.183
19.999
19.011
14.454
1.714
3.9264
1.8365
6.4121
23.988
18.664
16.482
19.498
4.2855
8.9331
13.428
21.33
10
10.328
0.90573
1.556
1.0617
1.9187
1.3804
1.3804
1.1885
1.7418
0.78343
1.8493
1.4158
0.92257
0.8892
0.95499
1.977
0.81096
0.7656
1.7989
0.7709
0.72611
0.73114
0.72946
0.73114
0.79799
0.77625
0.72444
0.72611
0.75683
0.80168
0.83753
0.76033
0.75509
0.95719
0.74645
0.76384
0.78886
0.78163
0.78886
0.80538
0.75336
0.75336
1.2735
1.1722
1.4655
1.9953
1.0375
1.4421
0.88308
0.94406
0.82224
0.81283
1.0351
1.1482
1.2134
1.6982
1.2735
1.4191
1.4825
1.5996
1.3062
2.5177
2.2284
0.84723
0.99541
0.78886
0.71779
0.78163
0.74302
0.7709
0.83753
0.79616
0.83176
0.79799
0.70795
0.77268
0.74473
0.77804
0.70795
0.86896
0.71121
0.86099
0.72611
0.79433
0.81658
0.76736
0.77446
0.90782
0.82414
0.82224
0.74131
0.77804
0.83753
0.81283
0.76033
0.77446
0.78705
0.79616
0.76208
0.69984
0.80353
0.75509
0.80353
0.80168
0.75162
0.90365
0.74645
0.7656
0.8147
0.76208
0.75509
0.68549
0.80538
0.877
0.70795
0.75858
0.73114
0.7145
0.70795
0.80168
0.82794
0.80353
0.82035
0.83368
0.77625
0.75509
0.75683
0.80538
0.79983
0.78524
1.2106
1.0351
1.135
2.6182
0.69663
1.5849
0.88512
2.0989
0.77446
0.77446
10.471
0.7709
0.79799
0.83946
0.73621
0.81658
2.138
15.205
16.634
22.856
27.227
17.906
23.878
19.861
6.3096
19.543
19.011
12.503
9.1622
5.3333
34.356
14.655
15.596
9.977
5.3088
19.275
18.621
12.023
1.5101
18.45
14.555
18.197
1.406
0.83368
0.82794
0.82794
0.90782
0.82604
0.86099
1.0375
3.54
4.9091
17.783
13.836
11.429
12.503
12.972
10.304
4.4566
10.715
18.323
13.459
12.764
15.101
1.8113
6.4714
22.751
16.904
15.488
10.162
5.2481
10.568
1.3366
8.7297
11.22
0.97275
1.5849
1.1588
1.9409
2.6002
2.1577
0.83946
0.78886
0.85507
2.4491
0.86099
0.85704
0.84723
1.1668
0.98628
0.91833
0.79616
0.79616
0.877
1.2106
0.82985
0.74989
0.8356
0.83753
0.80538
0.91622
0.87902
0.86298
0.94624
1.1722
0.79799
0.79433
0.80168
0.71285
0.82985
0.83946
0.85507
0.77983
0.78163
0.82035
0.75162
0.83176
0.78524
0.81658
0.87297
0.84528
0.84918
0.80353
0.93325
0.8356
0.80724
0.8531
0.79616
0.79616
0.89743
1.099
0.82604
0.80353
1.0399
0.91622
0.87297
0.92683
0.83176
0.84333
0.90365
0.89331
0.80168
0.85704
0.8356
0.95719
0.81846
0.89536
0.86497
0.83368
0.88512
0.84528
0.88716
0.8995
0.78886
0.8414
0.7656
0.77268
0.78524
0.78524
0.7656
0.7925
0.7656
0.74473
0.8147
0.85114
1.0304
0.8892
0.82035
0.81658
0.85901
0.80724
0.77268
0.82224
0.90991
0.81658
0.83753
0.80538
0.82985
0.89125
0.77268
0.88512
0.91833
0.82604
1.1803
0.77983
0.69823
0.78705
0.79433
1.1641
0.85901
0.97949
1.0765
1.2445
1.052
1.2764
1.0641
1.6032
1.2531
1.2106
0.99541
1.1668
1.1614
1.4454
1.194
1.374
1.1376
1.135
1.2274
1.9231
1.6293
1.4093
1.0691
1.6069
0.99083
0.91622
0.90782
2.3442
0.8091
0.82985
0.77983
0.877
0.94842
0.84528
0.83368
0.88512
0.88308
0.85114
0.95719
0.86896
0.83176
0.82224
0.92897
0.83176
0.9594
0.88716
1.2331
0.79433
1.3122
3.9355
1.0691
0.74302
2.0417
1.8365
2.1184
0.92897
4.8195
7.9616
19.815
17.298
18.239
23.659
19.498
13.002
24.889
1.3459
13.772
14.859
14.894
22.284
18.197
22.699
24.099
12.274
14.928
19.634
41.4
20.324
0.86896
1.0399
1.7701
1.9588
2.1827
0.72277
6.9024
6.6527
21.429
21.528
20.37
15.031
15.453
4.8865
8.5704
0.80168
25.119
23.933
18.707
24.266
23.714
4.1305
3.8371
11.117
12.503
23.878
18.113
27.861
12.023
15.205
4.7973
4.1879
7.2778
33.729
22.233
21.086
9.977
4.5814
0.83368
0.78343
0.98401
1.0023
3.7154
0.92045
13.122
1.0116
1.2162
1.2474
1.2972
1.0839
3.6141
15.885
30.974
16.749
14.355
0.88105
6.6527
9.3111
17.498
11.246
21.827
16.788
19.999
9.7499
5.2
0.80538
2.3714
5.7943
10.691
2.7164
7.6208
17.865
16.255
10.116
12.303
26.915
11.376
5.105
3.5975
11.169
25.763
9.4624
1.7824
0.85114
1.1535
6.0814
8.1658
23.014
15.922
26.607
15.136
23.768
16.406
8.7902
3.9174
0.78343
0.87297
4.6666
12.735
16.634
12.882
18.535
12.445
7.6384
8.7902
11.695
7.7625
7.5858
1.2912
8.0353
15.524
8.5507
3.1477
3.0409
6.4417
0.74473
1.0864
0.77983
18.113
13.646
14.997
13.677
17.458
14.791
17.14
12.647
3.7068
3.1333
2.0277
8.7297
19.364
4.1495
15.171
3.767
2.673
0.93111
0.78163
0.877
0.91411
0.83753
0.99312
1.5488
0.85114
0.75858
0.81658
0.81658
0.79433
0.82035
1.2023
0.9506
0.78163
0.73961
1.1092
3.02
0.70469
0.70632
8.5507
0.79799
17.947
8.6298
24.266
14.256
10.99
2.8708
8.892
24.889
11.22
13.243
9.3756
15.136
14.028
15.171
5.3703
21.677
12.162
0.8892
2.2751
0.81283
5.4325
20.893
17.14
8.3176
16.943
14.488
11.588
7.7268
7.656
5.9429
9.7724
7.0632
0.84333
6.4121
0.80538
0.80353
1.3868
1.0375
0.90782
0.73451
5.8345
1.0209
2.6363
1.4588
1.0069
13.032
31.842
18.03
19.231
19.953
1.3646
1.9231
1.6711
0.9506
10.28
15.031
0.85114
2.0797
0.88512
0.97275
0.80538
0.77268
0.77804
0.93541
3.155
6.8865
18.967
16.711
15.453
9.8175
17.022
21.928
11.35
2.4322
11.298
0.77983
7.145
32.434
13.964
10.641
30.549
7.3961
1.6218
4.3954
13.677
15.171
14.655
9.1622
19.364
17.783
11.041
0.98175
0.90365
0.8531
2.3605
7.2111
8.3176
17.539
15.922
12.303
1.0423
1.2853
10.069
3.2961
6.6374
19.953
10.495
21.577
13.804
0.79983
0.95719
0.78705
1.4655
3.8815
9.8628
1.1298
1.0471
1.3932
1.8408
3.4119
1.4928
1.0814
0.83946
1.0568
0.96828
0.90365
1.0715
1.1912
0.77804
0.93756
0.88308
0.76913
0.90157
2.9648
0.87297
0.96383
0.7709
0.76033
0.75683
0.85114
0.85704
0.80724
0.77804
0.71285
0.76384
0.76384
0.77804
0.84723
0.77625
0.85901
0.90365
0.85507
0.76736
0.73114
0.79068
0.85704
0.80168
0.86896
0.81658
0.8414
0.94189
0.88308
0.74645
0.89743
0.85704
0.89331
0.81658
0.83368
0.76384
0.86497
0.81283
0.84528
0.81846
0.78343
0.877
0.82414
0.77625
0.74473
0.84333
0.83946
0.87902
0.75336
0.8147
0.80353
0.8531
0.94189
0.78886
0.82224
0.81283
0.77804
0.7656
0.7379
0.77804
0.79433
0.7379
0.82985
0.91411
1.0864
0.71945
0.81846
0.82794
0.7656
0.78705
0.77268
0.8531
0.94406
0.85704
0.78524
1.2162
0.83946
0.93111
0.78705
0.7379
0.81658
0.81658
0.77268
0.82794
0.76208
0.84333
0.76384
0.69984
0.81658
1.0046
0.83368
0.76384
0.91201
0.77983
0.82985
0.75858
0.8091
0.87902
0.80724
0.84918
0.75509
0.8147
0.83176
0.81658
0.78343
0.8356
1.2503
1
1.0568
1.7022
1.2274
1.0568
1.0375
1.0471
1.2972
1.1169
1.1535
1.0544
2.4831
1.0641
0.99083
1
0.78343
1.0666
0.85704
2.5704
10.715
0.87902
0.81283
3.3884
2.1232
0.82224
23.496
13.152
0.87297
1.2706
1.3932
1.8621
1.5205
1.8836
0.87498
0.94189
0.8531
0.81846
0.82224
0.91201
0.78163
0.78343
0.86099
0.89743
0.85704
0.87902
0.83946
0.81658
0.78524
0.85114
0.82414
0.73621
0.76208
0.76208
0.81846
4.3451
0.90365
0.76913
1.0544
0.89331
0.8892
0.84528
0.8995
0.82224
0.78163
0.82224
0.84528
1.8578
8.8716
5.6234
10.304
15.74
9.6161
7.9799
3.9902
16.218
21.135
1.1298
1.3092
0.76384
0.75336
0.84918
0.87096
0.80538
0.94406
1.4488
0.92257
0.86099
2.9992
1.1194
1.1535
1.2589
1.4555
1.3213
0.94624
1.2882
1.2794
1.3062
23.496
38.282
18.88
20.559
18.113
18.923
10.94
10.641
18.578
9.2897
13.74
13.804
0.86298
14.894
4.3251
0.93325
9.4406
2.0464
7.2444
30.903
29.58
16.827
10.351
2.4717
8.2604
1.2647
1.7179
3.9174
1.9454
0.74302
5.2
0.75509
0.8147
0.75336
0.74817
0.78343
0.73961
0.74302
0.87498
1.2474
0.70958
0.71285
0.83753
0.88512
0.85901
0.71121
0.76384
0.74131
0.78886
0.74989
0.76208
7.2277
22.233
15.668
16.181
14.488
7.3451
8.5901
19.907
21.281
18.793
12.677
1.8072
8.1096
7.7804
1.2078
0.92045
0.81096
1.1169
1.9231
6.9183
13.74
20.184
17.865
11.912
10.495
0.76033
29.107
31.989
23.281
23.442
16.982
9.5499
11.324
2.1038
1.4125
16.144
22.182
17.14
1.3677
1.8281
9.2045
9.2257
4.3451
21.677
17.378
14.655
10.069
15.596
6.3096
14.223
0.79068
1.0447
0.77983
0.82035
0.76913
2.7416
8.2035
9.1411
4.4875
2.1429
18.923
15.704
24.774
0.8356
0.80538
0.91622
8.0353
21.478
23.014
12.589
7.5162
5.358
4.6132
9.6383
10.351
5.7943
18.75
9.8175
3.0479
12.106
10.209
12.706
2.1627
14.125
4.6452
7.2778
15.101
14.757
14.125
6.3826
6.0814
7.3282
5.4702
4.3152
1.1298
4.8195
13.243
17.179
6.2806
5.1642
5.6494
11.695
10.139
2.4774
2.3659
3.2659
1.6406
6.8707
0.90573
0.7709
3.069
16.331
15.101
11.614
5.2119
1.205
0.8531
0.96383
5.0582
8.3176
2.3933
3.062
0.73282
5.0816
0.77804
0.82794
24.66
12.677
18.535
14.521
14.825
8.0724
1.4093
3.013
12.794
6.3387
19.77
19.907
14.521
14.757
12.19
12.331
9.2045
5.2481
14.791
0.87498
7.4989
19.588
10.99
2.3174
0.92683
8.2985
3.1696
1.1641
1.256
2.421
17.14
14.859
10.691
7.0146
12.106
21.086
5.3827
9.977
0.78886
7.3451
0.92683
1.6331
13.183
10.023
13.646
9.7724
0.77804
2.8576
3.5318
3.9264
0.74473
0.73451
0.74817
0.77804
0.72277
0.75336
0.7145
0.72778
0.70632
0.72946
0.7925
0.73282
0.69663
0.77804
0.74302
0.7925
0.77625
0.81096
0.7709
0.68549
0.73114
0.73451
0.7379
0.75162
0.72444
0.76208
0.76384
0.73451
0.78343
0.70795
0.71779
0.73621
0.73451
0.73961
0.69823
0.71945
0.83368
0.99312
0.8892
0.79433
0.75683
0.79433
0.80724
0.85114
0.78886
0.74989
0.78886
0.85901
0.77268
0.79799
1.2647
0.84528
2.7542
0.83368
0.7709
1.2853
3.3343
3.4435
17.14
25.823
10.641
15.524
14.191
20.893
19.953
12.706
11.066
14.06
12.388
6.0256
17.061
15.241
8.4723
0.87297
0.8091
5.559
7.9433
4.8417
10.889
11.588
4.5814
5.3333
17.498
23.121
19.999
13.804
1.3305
4.6452
7.6208
8.091
6.6834
7.5162
1.9724
13.183
4.5082
4.5082
4.5082
4.5082
4.5082
4.5082
4.5082
4.5082
4.5082
4.5082
4.5082
4.5082
4.5082
4.5082
4.5082
4.5082
4.5082
4.5082
4.5082
4.5082
4.5082
4.5082
4.5082
4.5082
4.5082
4.5082
4.5082
4.5082
4.5082
4.5082
4.5082
4.5082
4.5082
4.5082
4.5082
4.5082
4.5082
4.5082
4.5082
4.5082
4.5082
4.5082
4.5082
4.5082
4.5082
4.5082
4.5082
4.5082
4.5082
13.9
20.091
15.031
15.885
19.187
6.8234
9.6161
20.989
15.453
11.376
11.298
4.2462
4.1783
1.0568
12.106
11.722
0.76208
0.86099
0.82794
0.78705
0.78705
0.76208
0.85507
0.82604
1.2647
0.93972
0.72277
0.94624
0.74989
4.8753
2.4434
1.0233
0.78163
6.5917
26.363
11.376
19.409
9.3111
6.5163
12.106
4.5394
6.8077
14.488
8.2604
8.8512
14.962
10.568
1.1041
1.2106
6.2806
5.5976
3.2734
2.2803
1.5453
3.2434
1.6827
0.98855
3.4119
5.4075
21.727
11.376
2.0654
1.4028
1.3032
1.4555
1.6181
2.2491
1.9815
0.78524
3.2359
6.2373
0.98628
0.88716
24.717
12.331
11.94
9.2045
11.695
12.474
0.77268
1.2764
6.2951
14.825
13.709
16.982
12.331
9.9541
13.709
1.0715
2.3659
15.74
17.458
19.543
8.9331
0.98401
1.0715
0.80353
0.76384
1.6711
3.4119
19.231
20.606
11.194
4.8306
7.5336
16.406
14.757
5.0119
16.982
8.6896
13.74
13.002
8.531
6.8549
7.3282
3.8815
4.1305
10.641
12.882
9.1622
5.0816
3.9628
8.3176
18.664
6.9663
10.304
10.139
21.232
12.677
21.33
13.646
6.4863
4.7863
11.324
1.3092
8.7096
15.668
21.232
18.707
16.788
3.0974
6.5464
10.889
0.96828
6.4269
5.5081
18.072
15.346
9.5499
1.8836
13.74
1.256
0.79983
0.79983
1.7061
5.42
4.4361
20.845
20.749
16.368
9.506
5.7016
7.8886
12.303
22.08
4.4566
8.2414
7.7625
9.9541
1.194
2.8445
5.9566
2.9174
1.9498
12.05
13.152
11.776
15.885
9.7499
5.8479
2.5763
20.091
18.239
11.695
0.91833
11.066
16.144
13.996
0.85901
0.93972
1.7701
7.2946
16.711
9.247
5.8884
1.1376
8.7297
16.293
9.4842
1.8664
7.6736
11.641
12.246
13.9
14.158
6.9984
4.6881
6.0395
6.0117
12.05
10.889
8.7498
9.8175
13.335
8.2414
14.191
12.589
7.2946
12.331
17.539
3.9537
13.152
5.3703
7.9068
13.428
8.414
5.9841
10.423
7.5336
20.184
11.22
12.735
10.257
13.243
9.3756
2.7479
11.298
8.6298
0.93111
0.87297
0.96383
1.1535
1.6444
0.99083
1.135
0.94842
1.0495
0.86896
0.88512
0.93325
1.4588
2.1627
0.7925
3.6475
0.92045
1.5776
0.8091
25.882
12.246
17.022
15.959
2.3714
8.1096
5.1642
4.7753
22.182
23.823
0.89743
0.95499
0.94842
2.851
0.81658
1.0162
0.81283
0.75858
0.82794
2.1777
1.0233
0.7925
0.75509
0.74302
0.72277
0.75336
0.70632
0.71614
0.76208
1.3804
2.8907
0.88716
1.2331
1.1995
0.93972
2.8642
8.9331
14.388
15.776
18.967
11.967
10.765
10.471
3.4594
18.03
5.188
7.1779
18.493
13.305
7.8343
9.2045
10.28
5.0933
0.84333
0.88105
0.97051
6.8549
0.89331
4.3652
16.482
12.589
0.89536
2.3988
5.8749
10.666
13.428
15.346
12.162
2.1038
6.368
3.3189
9.977
12.134
0.89125
0.82794
1.888
2.3335
10.399
21.038
11.695
6.7764
10.328
8.414
12.19
12.56
26.182
12.303
14.355
8.2794
9.3756
14.723
2.7416
0.8531
0.82224
2.9107
8.892
1.1561
1.2162
1.6904
8.0168
15.631
20.417
8.8105
1.3183
0.91411
0.82414
1.4191
1.7865
1.6444
6.8865
3.2211
11.83
3.062
24.155
14.421
14.488
13.122
11.246
7.6913
7.4817
15.596
3.0409
7.3282
4.1305
2.5704
3.2885
0.7709
1.9999
7.6913
16.406
17.66
15.524
8.8512
0.87498
8.3753
32.137
13.996
16.106
13.213
7.6913
0.8995
1.1092
2.1979
0.94842
8.5114
26.607
20.606
12.912
11.614
0.90157
0.81283
3.7497
6.5615
14.191
11.508
2.1184
11.35
14.223
10.715
10.162
1.8281
3.2659
1.3459
7.9068
10.839
21.281
12.503
15.704
17.022
11.092
14.689
13.122
0.8147
13.521
13.646
11.324
9.5719
11.858
12.647
6.9183
11.722
13.092
2.208
15.776
12.823
9.9541
6.7143
0.7925
3.6392
24.831
13.583
14.555
13.032
1.4757
0.83368
1.6943
6.5313
18.281
11.35
11.561
1.4825
0.94842
2.355
7.8343
20.184
11.912
8.414
0.93541
2.9309
9.7499
10.399
10.666
1.8239
13.583
8.6696
14.289
0.88716
0.9506
0.80353
0.88308
1.094
0.80724
2.3933
9.9312
13.122
6.1518
0.91411
0.8091
1.6943
12.445
20.797
11.803
0.85704
6.8549
16.368
12.972
2.3878
12.162
1.8072
0.78886
1.2735
3.1405
1.3122
0.91622
1.3836
1.3152
1.7579
2.466
13.243
17.579
15.101
9.1411
18.88
10.447
0.82414
2.8314
4.8865
5.188
13.964
10.093
11.429
23.388
14.655
1.0914
3.7411
14.421
16.069
4.592
6.3387
10.471
19.055
16.558
11.614
5.7148
6.5464
15.066
15.417
0.96383
1.5311
3.3884
15.453
11.35
11.015
16.444
12.531
6.2517
15.417
2.1777
4.4875
25.119
15.668
13.335
5.8479
1.0116
16.144
10.864
3.5727
11.272
0.90573
0.79433
0.90991
8.7297
6.0117
10.839
4.4157
19.187
12.735
3.0549
13.772
6.792
16.827
1.2417
1.9364
13.709
17.022
8.4723
12.246
17.061
13.152
12.331
18.281
17.62
24.155
13.9
13.772
14.388
3.4914
13.804
8.3946
17.947
13.552
1.3804
0.77625
3.4834
15.417
10.965
5.7412
2.2284
1.9679
16.788
9.7051
24.155
14.757
18.072
22.491
12.972
5.035
15.276
22.336
1.6866
12.078
7.3451
12.331
15.276
15.276
15.959
13.032
2.541
1.8323
22.233
13.583
15.776
1.8197
9.0573
7.1285
25.763
17.865
11.143
10.351
14.555
0.86497
0.90365
10.447
2.3605
13.9
16.293
16.634
21.33
24.66
12.274
12.882
16.069
1
16.181
0.89125
0.85704
0.90991
2.9107
16.52
17.947
20.137
10.914
9.4842
1.122
4.5394
23.121
12.388
12.218
11.429
19.143
19.275
2.037
0.74473
4.6666
15.849
21.038
1.349
2.1478
2.8314
1.977
1.8967
13.397
12.359
19.011
13.932
9.9083
0.94842
17.824
11.22
15.704
11.246
2.3014
3.6475
9.3756
26.485
27.606
28.314
9.3541
16.558
13.772
10.965
1.1376
13.366
16.069
11.668
13.836
13.062
14.256
10.162
1.4289
0.91833
7.379
10.069
8.7096
1.3459
16.827
12.706
13.868
10.233
8.5114
0.83368
11.668
3.9811
3.1769
10.471
13.74
8.6298
13.614
10.495
0.88308
0.84528
1.0116
0.90365
0.82794
0.78163
0.87498
0.86896
0.877
0.77625
0.98401
0.84333
0.99541
8.1846
10
19.099
10.74
13.366
2.7227
3.013
13.9
1.094
13.646
18.197
19.77
42.56
13.183
13.709
18.75
16.52
43.853
3.7757
3.7757
