3.4435
2.9992
1.2474
1.6106
2.5645
2.704
2.0137
5.6105
3.0974
3.062
2.9785
2.6424
2.7227
3.7844
2.0045
2.1928
2.1429
2.5645
1.8621
1.9275
1.9634
2.1577
2.7102
1.7865
4.2756
6.9502
5.728
7.6384
4.6345
5.3456
8.3753
3.8815
4.6345
6.0117
5.9429
5.902
5.8884
5.821
4.6238
6.9502
6.3533
4.0738
5.42
1.1246
1.6368
1.4454
1.5101
1.9055
1.6711
2.3174
1.099
1.4355
1.6255
1.2359
1.2735
1.0839
1.194
1.1117
1.1041
1.6106
1.5171
1.1858
1.1885
1.3366
1.1858
1.3552
1.094
4.5709
1.1749
1.2794
1.2735
1.1272
1.2274
1.3521
1.2912
1.3062
1.1508
1.0233
3.1046
4.2267
5.6885
5.1523
8.7902
7.8163
5.0699
5.6885
8.091
7.4131
7.0795
6.9183
5.42
6.1094
7.925
5.2
4.9317
5.4828
7.0632
5.7412
1.7179
1.4488
1.1169
1.9953
2.2284
4.4978
5.6494
4.529
6.6527
7.4989
6.9183
5.8749
6.7764
6.4417
5.2845
6.792
6.9343
5.8749
1.2134
3.3729
5.0582
6.8549
4.9545
6.6069
6.3826
5.7016
5.781
6.7453
4.1783
4.7315
5.7677
4.6989
1.0046
1.0839
1.0789
1.6255
1.0965
1.3614
1.0814
1.1169
3.1842
3.3037
1.2677
1.1143
1.4962
1.6482
2.5586
2.6792
1.7701
1.2331
1.2764
5.2845
0.99083
0.86896
0.92257
1.0139
0.92257
0.96161
1.1092
1.3122
2.9854
1.6866
1.8923
2.2029
2.1727
1.4555
1.2474
1.1169
2.1038
1.205
1.099
1.7947
2.2594
1.0666
1.4125
1.875
1.1298
1.1641
1.4859
1.1588
2.7227
1.5205
2.4266
5.0119
0.78705
0.71614
1.2912
1.3213
2.1928
2.673
1.256
1.1429
0.8995
1.3614
0.80168
0.71779
0.79433
0.78163
0.77268
0.75858
0.8531
0.8356
2.3714
1.9231
0.87297
0.82985
0.83176
0.76913
0.81658
0.79799
0.83176
0.92683
0.86099
0.88308
0.8356
0.85901
0.89125
0.85114
0.93111
0.87498
0.7925
0.82604
0.83946
0.75162
0.93541
0.91833
0.96605
0.78524
0.78163
0.8892
0.93972
0.87498
0.87096
0.85114
0.8531
0.73114
0.89125
2.7102
1.1588
1.1535
0.97275
1.39
1.3932
1.099
1.2388
1.3709
1.1143
1.3366
0.98855
1.2764
5.5081
5.035
0.89125
0.96828
1.875
1.3459
1.4689
0.96828
1.0765
0.89125
1.099
1.0715
0.95719
0.7656
0.70795
0.96828
1.2531
0.90991
0.97949
0.97949
1.099
1.0209
0.93325
0.97724
1.0209
1.1117
0.9247
0.81658
0.89743
0.9506
0.92257
0.88308
0.877
1.0691
0.97724
2.0989
1.2531
1.074
0.99541
1.1614
1.4825
1.0375
0.89125
1.0116
1.0789
1.3243
1.1041
1.2331
0.9977
0.99312
1.2303
0.99312
1.0139
7.3961
1.1298
1.0544
1.0069
1.4125
0.90365
0.98175
1.2972
0.84918
0.78343
0.83753
2.9376
6.1802
3.1189
1.0046
1.0839
0.94842
1.1722
0.95719
1.0765
1.5066
0.9506
1.3772
1.2618
0.92897
0.86099
1.6069
1.0864
0.97051
0.877
0.82414
0.82224
2.0941
1.0023
0.7925
0.83176
0.86298
0.84918
1.0162
0.8531
2.1677
1.3305
0.93111
1.5524
1.0023
0.93111
1.932
1.6218
2.133
1.9999
1.4191
1.5488
4.8978
0.96605
0.96383
0.86298
0.91201
0.91622
0.87297
0.98855
1.4256
1.256
1.1272
1.0375
0.97724
1.0495
0.97051
1.0423
1.0965
1.2246
0.83753
0.96161
0.95499
0.96605
0.8356
0.71614
0.88105
1.3772
0.95719
0.94406
0.86696
0.90782
0.97275
0.86696
0.87096
0.83753
0.87902
1.0116
0.97499
0.86497
0.86696
1.2218
2.1478
1.0544
0.96828
1.0765
1.1015
1.0351
1.2023
0.94624
0.85114
0.89536
0.89536
0.97499
0.8995
0.82414
0.93756
1.8197
1.0328
1.0046
0.90991
0.88105
0.91411
1.1066
1.0914
0.98175
1.4454
1.2912
1.2853
1.0789
1.3583
1.8408
0.90157
1.0965
2.4717
4.5186
0.84723
0.90157
0.8147
0.82224
0.8531
1.1376
0.84723
0.79616
0.79433
0.83176
0.91833
0.82794
0.79068
0.877
0.78343
0.76208
0.8414
0.79068
0.78163
0.8531
0.82604
0.85114
0.82414
0.86896
0.91201
0.88308
0.88308
0.8995
1
0.84723
1.0209
0.94406
0.85507
0.79068
0.86896
0.79068
0.86696
0.85704
1.0233
0.9528
0.91833
0.92257
0.81283
0.8091
0.86497
0.92897
0.8147
0.8414
0.84918
0.81096
0.84528
0.8995
0.87902
0.79799
0.8531
0.81658
0.75509
0.92045
0.82794
0.91833
0.93111
0.98401
0.8531
0.7709
0.98401
0.87297
0.79068
0.77983
0.87498
0.82224
0.78163
0.78705
0.84333
0.75683
0.85704
0.74645
0.75336
0.90157
0.89125
0.78705
0.82985
0.8531
1.0023
0.82794
0.93325
0.93756
0.96828
0.94406
0.91411
0.89125
0.94842
1.0495
0.8414
0.7379
0.86896
0.91411
0.81658
0.82604
0.84723
0.83753
0.91622
0.86099
0.91622
0.94406
1.0423
1.2912
1.5488
0.94842
1.0471
0.97051
0.9247
0.87096
0.96828
0.78886
1.0765
0.88308
1.39
1.4388
2.1777
1.4355
0.87902
1.3213
1.0351
0.98175
1.0186
1.6255
1.0889
0.96161
0.83368
0.91622
0.98175
0.94624
0.9506
1.052
0.99312
1.0186
1.0093
0.88512
0.86497
0.8414
0.9506
0.79433
1.6482
1.135
0.87498
0.98401
0.8147
0.92045
0.8356
0.95719
0.92257
0.91201
0.87498
0.877
0.97051
0.84918
0.8995
0.87096
0.89536
0.85114
0.84333
0.90782
0.85704
0.93325
0.8995
0.88308
1.2162
1.0423
0.93325
1.0666
1.0447
0.9977
0.96161
1.0233
0.97051
1.1324
0.99541
1.0186
1.3932
1.1402
1.0765
1.0209
1.094
0.91201
1.1508
0.81658
0.86896
1.9634
7.0469
10.375
8.9125
1.3677
1.9011
0.91622
6.5313
7.4817
9.5719
10.864
10.864
9.6605
12.531
8.9743
1.1614
1.2764
1.0914
1.0186
1.2023
1.6558
2.1528
1.2023
1.0715
1.845
1.0046
1.1912
1.3274
1.8155
1.1535
4.0365
1.1803
3.02
7.8705
6.9183
5.6754
6.9823
1.6144
7.4817
7.3451
9.4406
6.5917
5.8345
7.379
7.3282
6.368
9.6605
5.902
6.3387
6.8549
5.9293
1.0209
1.0399
0.98855
3.5645
5.9293
5.6364
4.7973
6.7764
6.0395
5.3703
6.5615
15.382
1.8535
2.208
1.1298
1.1776
1.1482
1.3428
1.4256
1.5922
1.1482
1.1376
1.1995
1.349
0.88308
0.94842
3.9994
1.932
1.5488
1.3932
1.052
1.9099
1.094
1.1561
1.2647
1.7258
1.9815
1.3677
1.2274
2.6853
3.1477
3.3963
6.1235
8.3946
6.3387
7.3961
8.2794
7.145
8.0538
5.5976
5.3211
7.7625
5.2
5.9156
5.2845
5.9429
6.0814
5.9704
6.0534
5.559
6.2373
5.9704
1.6827
1.4757
1.574
2.3605
1.8113
1.099
1.3335
1.4655
1.3646
2.421
1.8113
0.82985
0.9247
1.7338
0.98855
1.0257
0.90991
0.77446
0.89743
0.83946
0.77983
1.1298
1.0257
3.2961
0.92897
1.7989
1.122
0.86696
0.9247
0.96828
0.94406
1.0162
1.074
0.9977
0.98855
0.92683
0.85114
0.93325
0.97724
0.94406
0.89743
0.80353
1.0069
0.77983
1.0139
0.86497
0.85901
0.94406
0.98175
0.90365
0.86896
0.82985
0.8892
0.84918
0.92897
0.95719
0.99541
0.7925
0.8892
0.85704
0.89331
1.2882
1.052
2.2233
1.5171
1.3366
2.2233
1.4689
0.92683
1.2474
2.2699
1.3183
1.5959
1.2853
1.3646
1.1298
1.8535
4.0272
5.2119
1.7219
1.3305
2.2233
0.98855
0.89536
0.91411
0.8995
1.9588
1.7783
1.2853
1.1402
1.0593
1.1143
0.87498
1.2912
1.3677
1.2942
1.8967
0.79616
0.7709
0.84333
1.3032
1.2162
1.0889
1.2706
1.6634
1.219
1.5524
0.98401
1.5668
1.1246
1.4555
1.205
1.4223
1.6368
1.762
1.3459
1.2912
1.2274
0.77268
1.2134
1.7219
1.0914
1.5849
1.0399
0.87902
4.4055
7.7268
1.0593
1.028
1.0839
1.2078
1.1995
1.2882
1.0593
1.2618
1.5885
1.2706
1.1272
0.99312
0.86497
1.0351
1.0617
1.39
1.2023
1.3709
1.1561
1.1912
1.0257
1.4588
0.95719
1.7378
0.87096
1.0666
0.877
1.2359
1.1117
1.0914
1.1803
1.556
1.2794
1.7258
1.3772
1.1995
1.1776
1.3583
1.1668
1.5996
0.97499
1.0617
1.1641
1.4223
0.9594
1.2417
1.0495
1.2794
1.0814
1.0304
1.0423
1.2706
1.1429
1.1561
1.1272
1.1429
1.0715
0.98401
0.97724
1.0375
0.96605
1.074
0.90157
1.0209
1.1695
1.2246
1.0257
1.0093
1.0715
0.96383
1.1722
1.2162
1.094
1.0186
0.91622
1.1482
0.87297
1.0617
1.0023
1.1535
1.5101
0.9506
0.97949
1.0839
1.1143
0.99541
0.98855
0.95499
1.1324
1.0593
0.82985
1.0814
1.1298
1.1041
0.96161
0.95499
0.93541
0.93111
0.98401
0.84918
0.96383
0.9977
1.0814
1.1117
0.9594
0.83368
0.97275
0.8091
0.90573
0.91622
1.1376
0.97724
0.92045
0.85507
1.0471
0.94624
0.91411
0.95499
0.94624
1.8664
2.0749
1.2134
1.1117
1.7579
1.6866
1.1429
1.256
1.205
1.194
1.1858
1.349
1.1722
1.205
1.1066
1.2503
1.2303
1.0568
1.1298
1.2106
1.1641
1.406
1.374
1.122
1.4962
1.4894
1.4191
1.3032
1.3213
2.5882
1.5311
3.4834
5.1404
2.138
2.5763
2.133
1.1169
1.0351
1.6866
1.2853
1.5066
1.2764
0.9247
0.97724
1.028
1.5524
1.205
0.90573
1.1015
1.0839
0.78886
0.81846
1.0471
1.0023
1.0691
0.96828
0.94842
1.0233
0.97949
1.1722
0.97499
1.2912
1.7701
1.8493
0.9247
1.1561
1.0093
1.0889
0.97499
1.183
1.4223
1.1508
1.3521
1.1858
1.0593
1.0593
2.466
0.97051
1.2942
0.98855
1.1749
1.2942
1.2618
1.3002
1.1015
1.1169
1.5922
1.1298
0.91833
1.3243
0.98401
1.0304
1.1402
1.0116
0.93972
1.0495
0.88308
0.87096
1.0471
0.94624
1.1429
0.95499
1.0233
0.96383
1.0162
0.83368
5.781
1.1041
1.1858
1.7498
1.4588
1.6368
1.3002
1.2677
1.7783
2.5823
3.6813
1.0375
0.90157
1.099
1.2882
1.2246
0.9528
1.0046
1.3062
0.98628
0.98401
1.1143
1.2474
0.80168
0.84333
0.8531
0.74131
3.6644
1.4825
2.3933
0.9977
1.0814
1.1455
0.8892
0.93972
0.94842
0.98855
0.96828
0.80168
1.0375
0.91622
0.89125
0.93972
0.88105
0.87902
0.9506
0.94842
0.97499
0.95499
0.90782
0.91411
1.2331
0.85704
0.92045
2.3768
1.4256
0.89125
0.97051
0.97051
0.82224
0.96161
0.98175
0.95719
0.94624
1.0069
1.39
1.0914
1.1482
0.877
1.0568
1.0023
1.0447
0.98401
1.2246
0.97051
0.98401
1.219
0.96605
1.0116
0.94842
1.1803
1.0069
1.0209
0.93972
1.0593
1.0568
1.099
0.87297
0.96828
1.1641
0.98628
1.0544
1.2359
6.2951
0.77268
1.2823
0.79616
2.1135
1.1803
0.88512
1.1041
0.90365
1.0233
0.94406
0.77804
0.9506
0.88308
0.91833
0.77625
0.98855
0.97051
1.0023
1.4791
3.4834
1.3397
1.1246
1.2647
1.0568
1.1324
1.0447
1.1588
1.39
1.9861
1.1194
0.68707
0.74473
0.72611
0.67453
2.2699
1.4997
1.1641
1.9187
1.1455
1.4723
0.8531
0.877
0.72277
0.88308
0.96383
0.75683
0.83176
0.81846
0.88716
1.4388
1.6982
1.052
1.074
1.6672
1.1588
1.0765
1.8793
0.83946
0.85114
1.4928
2.1727
1.3122
0.80538
0.72611
0.90991
0.7925
7.8163
6.4565
8.8716
7.1614
7.3961
6.2087
8.9743
8.3368
10.765
5.4702
7.9799
6.8865
5.9841
7.6913
6.9024
7.0469
7.6208
8.2035
8.4528
8.6298
8.8512
6.9502
5.42
5.4075
6.0954
6.4565
6.8865
5.4954
3.2734
1.2647
1.6444
1.4191
2.5823
1.3836
1.2589
1.3366
1.028
1.2445
0.97051
1.0046
1.1668
1.0304
0.87902
0.91411
0.92683
1.0375
0.93756
0.82224
1.2417
1.3459
1.1508
1.0351
0.9528
1.0139
0.87498
1.0471
0.82604
0.92897
0.78886
0.87498
0.77268
0.93111
0.83368
0.92045
1.1246
0.91622
1.0233
0.98855
0.99312
0.87498
0.82985
1.0257
0.80353
0.8091
0.92257
0.78524
0.76033
0.80724
0.68549
0.73282
0.90157
0.85704
0.75683
0.8414
0.76208
0.7925
0.73282
0.94406
0.82604
0.86896
0.7925
0.9977
0.95499
0.77804
0.83946
0.92897
0.98628
0.83368
0.8147
0.74989
1.3614
0.9528
0.89331
0.89743
0.98628
0.84333
0.79799
0.74817
0.75683
0.69024
0.70146
0.75162
0.6792
0.69024
0.65464
0.69663
0.68549
0.63826
0.66527
0.64863
0.63533
0.67298
0.68549
0.64269
0.64565
0.64565
0.66374
0.67764
0.65917
0.63826
0.65313
0.65464
0.66527
0.71614
0.64714
0.66069
0.65615
0.64417
0.68391
0.69343
0.67608
0.63826
0.65313
0.65013
0.67143
0.64565
0.65163
0.63096
0.68391
0.64565
0.66069
0.6368
0.66374
0.65917
0.68234
0.68707
0.65163
0.65917
0.66834
0.63973
0.65917
0.67298
0.70632
0.64863
0.64863
0.65464
0.65163
0.66527
0.65163
0.65917
0.65163
0.66069
0.63973
0.64714
0.66222
0.66222
0.65464
0.66069
0.62517
0.63826
0.65013
0.72946
0.79799
0.74645
0.77268
0.69343
0.72444
1.932
0.66527
0.65917
0.6368
0.66374
0.67143
0.67608
0.64269
0.63826
0.63387
0.63973
0.64863
0.66527
0.61944
0.65464
0.64269
2.0749
2.0464
0.74989
0.87498
0.81283
0.74645
1.3552
0.8147
1.6406
1.6558
0.88308
0.91201
0.97724
0.93325
1.3183
1.0864
0.86696
1.0666
0.92257
1.183
1.1858
1.2274
0.97949
1.1015
0.79068
0.93541
3.0269
0.93756
1.6181
0.92257
1.4588
1.0641
1.0814
0.8892
1.0162
1.1092
0.64565
0.65464
0.65313
0.6792
0.98628
0.95719
1.1885
1.1402
1.0023
1.2023
1.0617
0.83368
1.6069
0.97275
0.92257
0.97499
1.0641
0.95499
0.85704
1.845
0.68391
2.421
1.1324
1.219
1.7418
1.8113
1.6293
1.1588
1.4125
1.5812
1.652
2.1478
1.0641
1.219
1.0889
1.1169
1.0471
1.3335
1.4093
1.349
1.1041
1.3243
0.82414
0.66527
0.63533
6.6681
7.8705
12.882
8.2794
8.6497
14.158
6.8391
7.5858
10.765
7.925
7.4131
11.94
7.2444
7.379
7.2946
6.7764
8.414
7.5683
7.1614
5.9566
5.9704
10.046
5.2723
6.4565
6.2806
7.0146
7.0307
6.2087
8.2604
5.6364
5.2481
6.6527
6.9343
6.4565
6.9502
5.7016
4.8306
4.6774
3.8726
6.368
7.7268
5.2723
6.5313
6.3826
5.7016
3.8994
4.9774
6.0954
6.0814
5.1761
6.0674
6.0395
7.9983
7.2611
5.3951
5.9293
6.2806
5.2602
5.3827
5.2119
4.2658
0.66222
5.1761
7.8886
1.3709
1.6255
1.6331
1.8408
1.0351
1.4355
1.1912
1.5885
2.6424
1.5885
1.5849
1.6406
1.5101
1.556
1.2912
1.349
1.1614
1.1246
1.4962
1.7579
1.8578
0.63973
2.1528
1.7824
2.3714
2.6546
3.4594
6.368
1.8281
2.9648
2.3227
9.247
6.3826
9.1201
6.7764
7.0958
6.1802
6.3096
7.9068
8.6497
6.5917
7.8886
7.8343
8.8716
4.0551
7.9433
5.5847
6.166
6.3241
5.2966
7.2444
5.035
6.8234
7.6033
4.9888
4.9888
4.9659
1.7219
1.183
1.2388
1.9454
1.875
1.7022
1.0093
0.7709
0.75509
0.79616
0.83176
2.3768
4.4463
0.72444
0.70307
0.68549
3.4356
7.4473
1.2023
0.97275
1.3335
1.3213
1.1535
1.3062
1.9187
1.4723
1.7989
1.7418
2.2439
1.3646
1.7865
2.6853
0.65163
6.4714
2.5527
1.6634
1.766
1.6788
1.8365
1.9364
1.5922
3.2359
7.9433
0.96161
0.74302
0.74131
0.78163
1.2764
0.72778
0.72778
0.76384
0.8356
0.93111
0.9528
0.84333
0.9247
2.2439
0.65313
0.66988
2.541
5.445
6.4863
12.972
10.186
10.52
11.066
13.583
7.7804
5.8884
5.4954
6.2373
6.5464
5.5719
6.1376
5.4702
5.5081
5.3211
5.7544
7.6913
4.8753
5.559
5.1404
5.188
6.9502
7.0469
5.902
6.2373
4.9091
4.6026
5.0234
4.6452
5.8749
5.1286
5.2845
7.6208
3.9264
5.9566
12.912
4.14
5.3951
9.3111
7.2778
6.3241
5.0003
11.194
8.2794
6.7608
6.9984
5.1642
7.4302
5.3211
7.4302
6.2661
8.3176
8.8716
4.6026
6.1235
4.8753
3.3497
0.68077
4.4361
3.8019
1.3964
1.6558
1.3274
1.7179
1.7498
1.5812
1.5776
1.5849
1.7783
1.7865
1.8535
2.3496
2.0749
1.7498
2.4099
2.0464
1.3213
2.421
1.099
1.7258
1.2764
0.83368
0.82035
2.4604
0.72111
0.76033
0.7709
0.69984
0.68391
0.69343
0.78886
0.74817
0.75336
0.64565
0.66988
1.1324
0.68391
0.70632
0.68707
0.67298
0.67453
0.68707
0.68234
0.66527
0.66988
0.73114
0.79068
0.94842
0.76208
0.76384
0.76913
0.70469
0.69823
0.75162
1.0666
0.82794
0.74817
0.73114
0.72111
0.72277
0.69183
0.72611
0.69502
0.74645
2.5119
0.65766
0.64269
0.65917
0.62661
0.6368
0.64863
1.7783
0.62517
0.63241
0.6223
0.62373
0.65013
0.76033
0.69024
0.77625
0.79068
0.82035
1.1194
0.67298
0.75683
0.85507
0.71121
0.80724
0.73282
1.7418
2.3823
0.63387
0.6792
0.64714
0.65163
0.68391
0.66681
0.63387
0.67608
0.6792
0.62951
0.76736
0.8356
1.7498
1.8535
1.8323
1.2823
1.1324
0.66527
0.64417
0.64417
0.64714
1.8365
2.0277
1.9231
1.9275
1.1298
1.4028
1.3772
0.98401
1.4825
2.0893
3.6058
1.2246
1.6181
3.6983
1.1695
1.5171
1.1803
1.5382
1.3677
1.4825
1.1776
1.7219
2.2029
0.64417
5.2723
1.1776
1.0814
1.0765
1.0304
0.90991
1.4859
2.3933
1.5205
1.0544
1.1015
2.4889
6.6988
1.5382
1.028
0.72611
0.66834
0.63241
2.4946
0.95719
0.74645
0.72444
0.78163
0.86896
0.79433
0.83176
0.80724
0.83176
0.73961
0.84333
1.2331
1.099
1.5136
0.64863
0.65766
0.67298
7.7983
2.4378
2.0559
1.3002
1.1194
2.2131
1.6634
1.1885
1.9588
1.5066
0.90365
1.9815
1.9907
1.3366
0.66834
0.63973
0.63533
2.1281
1.0423
1.4191
1.194
1.1722
1.5101
0.8892
1.0544
0.81283
0.70307
2.4044
4.8978
1.5996
1.2162
1.4191
1.6293
0.66069
0.62951
0.69663
0.64565
4.9204
7.6384
7.0469
9.7724
8.2985
12.078
6.5917
8.0724
10.864
6.2517
5.6105
12.474
5.0466
8.995
6.223
7.7268
8.3176
5.9704
7.4131
9.2045
6.7298
5.5847
7.2946
5.559
7.6736
7.4302
5.3211
6.2661
6.7143
5.7412
6.5163
6.4121
5.902
6.166
6.0395
7.2277
7.9433
7.6736
5.9979
7.2111
6.6069
6.9823
6.6374
7.6384
5.9429
5.8479
5.0466
6.7298
7.4645
6.4714
8.1096
14.388
9.3541
6.9502
5.0119
6.792
5.0816
6.8234
6.0954
5.6885
6.6681
7.4645
1.7701
1.5453
1.0495
0.71285
0.70795
0.7145
2.6002
1.0471
0.72778
0.75683
0.72111
0.70958
1.3459
0.66681
0.72111
0.75162
0.66681
0.68234
0.76033
0.76033
0.73451
0.69823
0.76208
0.74131
0.7145
0.66834
3.4674
4.102
1.0641
0.90365
0.9247
1.3646
1.2764
1.074
1.0789
0.90573
1.0617
1.1015
1.5596
0.85901
1.7783
1.9498
2.8119
6.9502
9.9541
11.376
10.257
7.0795
8.091
8.2035
6.0534
5.0582
6.6069
7.4131
7.9068
7.7446
7.9068
9.0991
7.0307
6.2087
7.2277
6.5163
6.0954
5.445
7.2611
6.2087
4.4771
5.728
6.166
6.368
6.8549
5.0933
5.7016
7.4131
6.3973
7.7446
6.792
6.0395
7.0307
8.6896
8.4723
4.9659
5.9429
1.2078
0.90782
0.93325
0.90782
1.052
1.2531
1.1722
1.4555
1.2388
0.93325
1.3932
2.6242
0.86497
0.79068
1.028
0.75162
0.83946
0.74989
0.91411
1.1885
1.39
0.68391
1.0093
0.67764
1.4997
1.6904
0.87902
0.8892
3.9355
1.0046
1.6331
4.1976
3.3037
1.0423
1.0233
1.1722
0.91411
1.7338
1.5031
0.91622
1.0471
1.4388
1.2794
1.0304
0.90782
1.5776
1.6672
1.8535
0.97051
1.0257
1.1455
1.1858
1.0399
1.3996
1.1803
1.0304
1.3183
6.8391
2.138
1.3521
1.3804
0.90157
1.0965
1.845
0.91622
0.79616
1.2303
0.85704
0.98401
0.68865
0.67453
0.65615
0.71285
0.68391
0.62806
0.8356
1.1066
0.89536
1.0666
0.68865
0.65013
2.3988
1.1912
1.0765
0.8414
0.90157
1.9364
0.73282
0.77268
0.81658
0.7656
0.81096
0.75336
0.81096
1.8323
1.8408
1.1194
0.99083
1.349
1.2531
0.77446
0.93972
0.77446
0.90573
0.75336
0.7656
0.75336
1.406
1.0864
0.73282
0.74645
0.8995
3.7757
0.6368
0.66069
0.65464
0.65917
0.64269
0.64863
0.877
0.75162
0.82794
1.028
0.87902
0.72611
0.7379
0.8356
0.73451
0.86696
2.0184
0.67608
0.68077
0.77804
1.9454
0.65615
3.2885
0.99083
1.1455
0.64269
0.67453
0.67298
0.65464
0.6368
0.65917
0.67764
0.65313
0.69663
0.68865
0.75336
0.62661
0.64269
0.61802
0.66069
0.67608
0.62087
0.67143
4.6989
1.9231
2.1086
1.0375
1.0765
1.0209
1.0399
1.0471
1.8836
1.4223
1.1429
1.5812
1.0789
1.8621
0.67764
0.67764
0.99312
1.5276
1.3274
1.1668
1.1194
1.122
1.5136
1.3397
1.4093
1.5031
1.4757
2.4547
6.5464
1.4191
1.5241
0.93111
1.1749
1.5996
1.2388
0.97499
1.3614
1.3709
1.3243
1.2246
0.68234
3.9811
1.1194
0.98628
0.94406
0.87902
0.8147
0.9528
0.9528
0.86298
0.83946
1.074
1.2331
0.66374
0.64565
3.5237
1.1695
1.0328
1.1376
1.0162
1.2589
0.68707
0.69823
0.91622
1.094
1.6634
1.8836
1.0814
1.4859
5.9979
8.6497
17.418
11.041
7.5162
6.0117
7.1285
8.7096
8.6099
9.4406
9.9083
9.7499
7.4302
5.8884
6.9183
6.9343
7.0958
7.3621
7.709
5.5847
7.4645
6.9502
7.7983
6.0117
7.4817
4.9317
8.1658
6.5917
7.5858
7.9616
6.2087
9.0782
4.6989
6.1094
6.6834
7.3961
5.3951
7.2111
5.8884
7.379
5.7412
5.8479
7.5509
9.7724
4.6238
4.7863
9.247
6.8234
6.9823
8.356
8.5901
6.3387
6.4565
6.8077
5.4325
8.7498
10.257
7.8163
7.0469
6.0534
6.9502
7.5509
6.4565
5.6754
7.0795
5.781
5.9704
8.6896
7.2611
8.8308
8.3176
4.7973
3.013
0.66222
4.2073
5.7677
6.6834
6.0256
13.002
4.7098
6.4269
4.592
1.4757
2.138
6.4269
7.7446
6.3387
7.2111
9.2683
9.0157
8.2604
7.0958
7.4989
6.7608
6.6681
4.8084
7.2111
6.5917
7.6208
6.3973
6.6069
0.6792
0.85704
0.82414
0.83368
0.89125
0.98401
1.2388
7.4817
7.9616
6.166
7.5162
7.3451
6.223
5.3951
8.6099
11.722
6.2087
4.0644
3.8459
1.0116
1.2764
1.1614
1.7378
1.6596
1.3213
1.9999
2.3988
1.0495
1.4757
1.9634
1.1246
1.7258
1.4322
1.1749
1.0233
0.88512
0.84333
1.1246
0.82794
0.7145
0.89743
0.79068
0.89536
0.93325
0.86896
1.5171
0.7709
2.1577
1.5885
0.85704
0.8892
0.91411
0.74645
0.94406
0.78343
0.79068
0.74473
0.70958
0.87498
0.73114
3.3963
1.6866
0.96605
1.1776
1.1246
1.3274
1.2218
1.4093
1.6558
1.052
6.5313
1.9588
1.4093
1.1668
1.2618
1.4757
0.96828
1.3305
1.3583
1.4928
1.5205
1.1402
1.349
0.67453
0.68865
0.70469
0.66222
6.0814
1.094
2.023
3.3963
0.86696
1.4125
1.1858
3.9537
0.64565
0.62087
0.65917
0.64714
0.69024
0.6368
0.66834
0.65313
0.64417
0.65464
0.64417
0.67453
0.63826
0.64565
0.6368
0.65313
0.64714
0.67143
0.66834
0.65917
0.65464
0.66222
2.8119
0.64714
0.64863
0.65917
0.65766
0.69183
0.71285
0.69024
0.65464
0.66527
0.67764
0.66834
1.6181
0.67608
0.65313
0.65464
0.65013
0.63387
0.66222
0.65313
1.5171
1.3804
0.6166
0.65013
0.63241
0.63973
0.6223
0.63533
0.68707
0.64863
0.63241
0.62517
0.66527
0.66834
0.63973
0.63096
0.64269
0.65917
0.65013
0.63096
0.64417
1.0447
0.69663
0.68391
0.66681
0.65766
0.62951
0.67608
0.63826
0.63533
0.67608
0.67143
0.65917
0.6368
0.72611
0.67453
0.68391
0.65163
0.63973
0.66834
0.69663
0.65464
0.66834
0.69183
0.64714
0.64714
0.64565
0.65766
0.63826
0.65766
0.63387
0.62951
0.66834
0.6368
0.65464
0.64565
0.66681
0.66374
0.65013
0.68234
0.62951
0.65464
0.62661
0.68077
0.63826
0.67453
0.62951
0.65013
0.67764
0.66527
0.65766
0.65917
0.68077
0.6792
0.64714
0.65313
0.70307
0.69024
0.66988
0.70146
0.65464
0.64417
0.64417
0.67453
0.66988
0.65766
0.65615
0.66988
0.65917
0.67453
0.66222
0.64269
0.65464
0.66069
0.64565
0.65313
0.64863
0.68865
0.66988
0.65917
0.68234
0.65163
0.68391
0.64417
0.67764
0.67143
0.69502
0.65615
0.6792
0.67453
0.72946
0.68077
0.65013
0.69663
0.69343
0.65013
0.66988
0.68077
0.63533
0.66681
0.73282
2.7227
1.4388
0.9977
0.97051
1.0186
0.85507
0.89743
0.80538
0.98628
0.88105
1.099
0.88105
0.90157
0.84918
0.97499
1.5171
0.89125
1.2246
0.87297
1.1429
0.98855
1.0839
1.5631
0.84333
0.67298
0.67298
1.3709
1.219
0.97275
0.87096
0.89536
1.762
1.7061
2.4946
0.64269
0.65313
0.64714
0.69984
0.68865
0.66681
0.68391
0.67453
0.65313
0.64565
0.64417
0.65313
0.82985
0.74302
0.70958
0.79068
0.84723
1.1482
5.7412
1.0814
1.5382
4.0365
0.71614
0.68077
0.66374
0.66222
0.66222
0.66988
0.64863
0.65313
0.65766
0.62951
0.66988
0.68549
0.63973
0.66374
0.68234
0.65917
0.67764
0.63826
0.65163
0.65163
0.68077
0.69343
0.64565
0.65766
0.64269
0.68549
0.64714
0.63533
1.3032
0.63533
0.69823
0.65766
0.65013
0.65766
0.67453
0.68707
0.98628
5.6624
15.704
12.078
11.482
7.0795
7.0146
8.5507
10.28
8.5901
8.995
9.0157
12.853
9.2045
8.3368
9.2897
9.3111
8.4528
8.5704
10.093
10.52
9.4189
8.6298
9.2257
7.2111
8.7096
8.77
8.0353
8.5704
8.1283
8.1658
8.995
6.8077
9.3756
9.7275
6.5615
5.3088
9.4406
7.1285
7.5509
7.709
8.1846
2.5351
1.5631
1.2706
3.2961
1.1376
2.0797
1.9275
1.9815
0.81658
0.82985
0.97499
1.4028
1.0641
1.3964
1.3996
1.0328
0.97949
1.8408
7.379
7.379
6.3826
5.035
11.298
9.3756
8.7498
11.117
6.3533
5.6494
6.3826
7.7804
7.4473
7.5162
6.8865
7.3451
7.5858
8.8308
7.5509
6.9502
6.5163
7.5336
5.902
9.6605
7.9068
9.1201
7.2946
6.9024
7.9433
7.5858
5.7544
8.5901
9.4624
8.091
8.8512
8.5507
8.0724
6.9024
8.091
6.4121
5.9979
8.4333
9.9083
8.5114
7.8163
7.7983
6.2517
6.5615
7.0632
7.8886
6.6681
1.3092
2.6303
1.3459
0.78343
0.75683
1.0864
1.0375
0.81846
1.1641
0.97275
1.0046
1.1429
1.028
1.5596
1.1641
1.074
1.766
1.1722
1.5996
1.4488
1.1995
1.762
1.3614
1.3964
2.6182
5.6885
9.7051
1.766
8.0353
9.1411
6.9502
9.506
6.9823
9.6605
8.5507
8.2414
8.2224
4.1976
10.617
9.1411
1.6904
8.8105
11.94
10.328
9.5719
6.4269
7.4645
6.792
8.4528
6.2951
4.6881
11.324
7.6033
7.3451
5.3333
5.5463
6.8865
6.1944
5.5719
6.4863
7.2611
7.2611
4.1495
1.7947
5.8345
10.691
8.8308
7.3621
6.6681
8.9125
7.0958
6.3387
7.0307
5.559
7.379
8.3368
8.3753
8.4723
8.091
9.5719
6.8707
6.3826
4.8978
7.1945
9.3756
7.8343
6.7453
4.102
5.1286
6.7453
5.6234
9.1411
6.5464
7.8705
1.2474
0.96383
1.0209
0.89331
0.88105
0.86298
1.0914
1.028
0.94842
1.1041
1.0046
0.8091
0.97275
0.89743
2.5763
1.5171
1.0186
0.85704
0.80353
0.77268
0.82224
0.7656
1.3772
1.7061
1.3677
0.95499
0.98401
1.1776
2.0184
1.7824
1.4421
1.3213
1.2078
1.4421
1.5488
1.3183
1.0046
1.0914
1.1429
0.89743
0.9594
0.83753
1.194
1.1749
1.0233
1.4521
6.9024
10.765
1.803
1.4723
1.5704
1.0209
1.5812
1.7783
1.4894
1.4191
1.1561
1.0328
1.932
9.5499
10.069
9.4842
13.459
12.618
8.414
8.6497
8.8512
9.506
6.1802
7.2277
7.2778
7.2444
7.6384
9.7949
10.139
9.9083
11.22
7.5509
8.3368
8.6896
7.5509
11.092
10.304
11.015
8.3368
8.3176
8.5507
9.6605
10.691
7.4817
8.2794
8.0538
3.8019
11.194
11.482
10.375
8.8308
9.7275
7.2277
6.9663
9.2897
7.8524
7.7268
9.3541
8.9125
8.892
8.9536
10.447
4.8978
7.709
7.6208
7.9983
8.5901
8.4528
7.4473
7.8343
7.3114
2.1184
0.99541
3.4435
6.5464
7.4817
8.7297
8.1658
7.5683
9.9312
7.8524
8.3368
7.656
9.977
7.9068
7.3451
6.2661
9.0157
13.428
6.5313
5.3088
8.6099
12.853
8.0353
7.6913
6.6834
7.2277
10.069
1.9364
1.7458
1.0351
1.0046
1.0328
1.0593
0.8995
1.0914
1.0617
1.1967
1.1995
0.9977
0.91833
1.1194
1.1858
1.7539
1.2331
0.96383
1.1749
1.1041
1.0328
0.75336
0.74645
3.0409
1.3552
1.1169
1.2218
1.1143
1.0209
1
0.97949
0.90365
1.2162
1.1912
1.0914
1.094
1.1015
0.9977
0.78163
7.3451
11.455
6.9343
4.8529
7.9983
12.474
10.093
9.3756
7.4989
6.368
6.5464
7.7804
5.9979
5.7016
9.506
5.1404
7.2778
7.4131
10.691
9.4842
6.4417
6.2517
6.0954
8.5114
7.7446
6.6374
7.0958
2.0701
1.2677
0.78886
0.7709
0.76913
3.9719
7.6208
1.6181
1.349
1.3459
1.6634
1.8664
1.8281
5.2845
0.93972
1.4488
0.83176
1.1995
2.2803
1.0691
0.85901
0.85704
1.2023
1.7258
7.4473
7.8886
16.982
7.3621
12.942
10.093
10.069
10.789
7.1614
11.324
5.8479
6.0395
7.1121
7.9799
7.6913
9.3541
10.765
7.9433
9.247
13.062
7.0469
13.062
10.94
6.7453
7.6208
6.3387
12.218
10.28
6.792
9.8855
8.147
8.091
8.3368
5.7544
7.1945
8.1658
5.9566
7.9799
9.5719
6.6222
6.4417
7.1945
11.561
4.121
7.3282
6.166
6.4269
8.9536
8.4918
7.1121
9.247
6.2373
8.995
9.8175
6.5917
8.2985
7.8705
8.0353
5.6885
6.4714
1.5524
1.4454
1.4223
1.888
1.6218
1.5922
2.3714
5.781
0.82035
0.74473
0.77268
0.86896
0.8995
1.0666
0.80353
0.83753
0.93541
0.91833
0.8147
1.0617
1.0209
0.85507
0.70632
0.74473
0.77446
0.71121
0.75509
1.183
0.74302
0.7656
0.99083
1.0889
3.5645
1.1995
1.5171
1.1695
1.2764
1.0914
0.91411
1.3614
1.0666
1.0839
1.1641
1.7298
1.6982
1.0495
1.2218
1.1194
1.0209
0.91201
0.95499
1.0666
1.074
1.0139
0.97051
0.86497
1.349
0.8892
0.9247
0.9247
1.0328
1.3459
1.122
1.2735
1.2706
1.0023
1.2023
0.91833
1.7783
0.89331
1.1041
0.89125
1.0641
1.2331
1.3274
0.90157
1.0351
1.2388
1.6106
0.98855
0.80538
0.72277
0.89125
0.75858
0.9247
0.75336
0.7145
0.74302
0.74131
0.70795
0.67764
0.73282
0.72444
0.71285
1.0691
0.70795
1.0691
1.1967
1.0257
0.82035
0.69823
0.71285
0.63096
1.5776
0.65917
0.66374
0.65766
0.68549
0.65313
0.66222
0.66527
0.66374
0.69343
0.65464
0.72277
0.63826
0.67764
0.71121
0.67298
0.67764
0.65313
0.69183
0.66527
0.63241
3.7325
1.875
0.8356
0.98855
0.93325
0.87297
0.95719
0.99312
1.1776
1.6904
1.0116
1.0139
0.86298
1
0.99312
1.1298
1.205
0.66988
7.1779
1.4723
1.3932
1.6904
1.2589
1.0023
1.3552
1.3002
0.91833
0.97051
1.122
0.96828
1.2445
1.1912
2.0701
1.2274
1.0423
5.6494
4.2364
0.91833
6.7764
13.552
13.614
9.528
11.092
6.9183
6.8707
8.4333
8.6896
11.324
11.749
7.2444
9.594
9.5499
7.8163
4.6452
10.593
9.977
8.6696
6.5013
9.594
6.8391
5.2723
6.7143
6.368
7.2111
7.656
10.399
8.4333
5.8479
6.3826
5.9429
7.5683
9.7949
6.8077
12.162
6.9024
6.6681
5.6494
6.1518
1.8155
2.2594
1.4689
0.74131
0.76913
5.4828
1.8967
1.0162
0.9247
1.0641
1.0666
1.1535
1.0046
1.4454
1.0139
1.0351
1.2942
1.0617
1.3122
1.194
0.94842
0.96383
1.1143
1.0593
1.2618
5.821
1.4555
1.1803
1.3836
1.1995
0.9528
1.1169
1.9011
1.4093
1.7179
2.0137
1.1041
1.4723
1.4791
1.0765
0.8091
0.75683
1.7579
0.74817
0.72611
0.83368
0.73961
0.71285
0.88105
0.70469
1.1092
1.1376
5.236
1.556
1.3213
1.4521
1.9907
1.0965
1.194
1.0423
0.86696
1.2162
1.1995
0.92897
1.0965
1.0789
10
2.023
1.888
1.074
1.0233
1.2531
0.94842
1.6982
0.67298
14.997
13.032
8.8308
8.1283
9.0157
7.4645
7.9068
11.35
7.4473
8.0724
11.169
7.8705
12.474
6.9823
7.0795
7.4989
10.471
8.8512
10.839
11.272
7.4817
9.0782
7.4302
8.9125
7.4131
2.3768
4.4668
1.374
1.2162
1.2162
1.2531
1.6293
1.2445
3.0974
7.7625
1.2589
0.90157
0.99083
1.0209
1.1041
0.73114
0.95499
1.1015
1.2078
2.466
0.64417
6.0534
1.9409
1.762
4.4978
11.722
12.735
6.9502
10.116
11.117
11.94
8.9536
8.8512
10.28
9.1622
7.6033
8.3946
10.52
10.52
10.666
10.023
8.2414
6.5163
7.6033
5.6885
10.94
10.864
7.4645
8.5507
7.1779
10.139
10.328
3.6475
6.792
6.6222
6.6222
6.8707
8.4723
7.3621
7.7625
7.5336
8.091
8.1283
6.6222
7.5683
7.3282
6.4269
6.9343
7.1121
6.5013
5.8749
8.9743
0.87498
1.0889
1.0495
1.0233
0.85114
0.82035
1.0617
2.9923
1.3305
0.85704
0.76736
1.349
1.2912
3.0479
0.89331
2.8774
0.81283
0.9977
0.86696
1.1482
0.88105
1.099
1.2706
1.028
0.85901
1.2942
4.6559
7.4473
2.3388
1.4928
2.799
1.0116
1.374
0.91201
1.1995
1.0257
1.0715
0.96161
1.0889
1.8707
1.4488
1.3397
0.95499
2.2182
1.3397
1.3335
1.0069
1.4555
0.83753
1.1508
1.1324
1.0889
0.89536
1.3152
0.91622
1.3552
7.379
1.3152
2.3174
7.2444
11.246
2.7542
1.3062
1.0116
3.0549
3.2211
1.0162
0.98628
1.135
1.0691
1.0765
2.0989
1.1117
0.97499
0.82414
1.5524
0.9977
1.3152
0.9977
1.1041
0.81096
0.86497
0.877
0.98401
0.84723
3.6898
3.9264
1.7579
1.2474
1.5066
1.074
0.97949
1.1722
2.1135
1.5488
14.655
11.588
9.4624
10.691
8.414
10.069
9.528
6.7143
11.429
7.7983
6.3241
6.1944
8.2224
8.2224
11.776
11.22
6.8234
7.6208
7.0632
6.3973
9.0782
8.4723
11.561
10.046
6.6374
8.0538
6.7453
8.356
7.6033
11.066
8.1846
8.9331
9.1201
7.2778
7.6033
10.691
9.4842
5.9429
9.7499
8.356
6.7143
9.2045
8.2224
8.2604
12.078
7.9799
1.5885
1.4997
1.6368
1.4488
1.6255
1.7701
1.4655
1.2794
1.5382
0.95719
0.98628
2.2131
1.6904
2.0137
1.1535
1.0965
1.3213
1.1967
1.3152
1.7539
1.4555
1.099
1.256
1.0889
2.0324
1.3614
2.3121
1.2303
1.0715
1.1695
1.1143
1.8664
1.4622
1.0162
1.977
1.4093
0.81283
0.74989
0.72444
0.72778
0.73621
0.76736
0.73451
0.8091
0.99312
2.8184
0.99083
0.7709
0.71614
0.70146
0.71285
0.96605
0.69502
0.7656
0.76033
0.7379
0.77804
0.71779
0.7379
0.72946
0.70146
0.72611
0.96383
1.9454
0.9594
3.0549
1.2589
1.6106
1.5596
1.3868
8.6896
1.374
1.1246
0.88308
1.0814
1.0544
1.1015
1.1143
0.90157
1
0.90782
1.3397
1.1749
0.86497
1.0666
1.1668
1.0351
0.97051
1.099
1.1912
1.0186
11.912
17.579
9.2683
8.6696
10.351
10.423
8.6497
7.9799
7.3621
10.139
9.8628
11.143
10
7.3114
8.5114
8.2794
10
6.8077
13.459
7.3621
8.7902
7.2611
6.1802
10.023
6.9823
9.1833
10.069
7.8886
13.677
7.8524
6.0674
7.3621
7.0958
6.0954
11.117
1.5453
1.8578
1.5849
1.9055
1.3459
1.5704
1.2359
1.5776
1.3032
1.5812
2.133
1.4928
1.1803
1.0162
1.2823
3.7931
4.8306
1.7701
1.4289
1.6982
1.1117
0.9247
0.8091
1.0233
0.77268
0.84528
0.82224
0.76913
0.75858
1.8967
0.96605
2.3335
1.8365
2.9854
1.4757
1.6749
1.3964
2.3227
1.8281
2.8445
1.8323
1.932
2.1878
1.7865
8.7498
13.521
9.3325
9.977
7.379
9.2257
7.8524
8.9331
9.8628
13.996
8.3368
9.0365
7.4817
7.6384
7.1945
7.0146
7.7446
6.6069
6.9502
10.233
10.046
4.8417
10.304
6.5313
8.3176
7.0795
6.9024
18.072
7.2946
10.864
7.8524
6.5313
14.125
10.447
6.7764
7.0958
8.0538
8.5704
7.3451
8.4918
7.3114
9.0782
6.1802
4.7315
2.4889
2.8249
2.0512
2.0137
1.766
2.8576
2.851
1.8155
1.5066
1.7742
1.1298
1.1695
1.3092
1.4125
1.1143
1.6331
2.6182
1.3521
2.1777
3.8019
1.6788
1.3677
1.1641
1.219
1.2589
1.0965
1.2303
1.3804
1.1402
0.93972
0.94406
1.1298
2.9174
2.3388
1.6904
0.85704
0.70469
0.70632
0.76384
0.7379
0.69823
0.75162
0.74989
0.68391
0.71614
0.73114
0.68234
0.70632
0.73282
0.73961
0.73114
0.72444
0.72111
0.7145
0.72111
0.71121
0.69024
0.75162
0.69343
0.74817
0.76208
0.69663
0.75336
1.0641
0.96605
0.92045
1.5959
1.349
0.80538
0.71614
0.70146
0.82794
0.74302
0.83946
0.83946
1.9055
0.8531
1.3677
0.67143
0.66834
0.73621
0.69823
0.66681
0.73114
0.78163
0.73114
0.74473
0.78705
