4.9204
8.8105
4.8306
10.691
9.506
15.171
4.9204
8.091
18.113
0.7656
0.60534
25.41
9.7949
1.1272
1.1722
1.5524
1.2882
0.72611
2.2699
0.8414
1.5031
3.4514
8.1096
12.274
7.2444
10.94
10.209
5.9566
8.9331
1.3964
0.86099
0.75683
1
1.8365
1.3804
1.9364
1.1246
5.236
9.1201
12.388
7.1779
0.98855
0.96161
0.78705
0.85704
6.166
8.4528
5.3333
5.9704
7.1945
7.2778
0.69984
1.9815
2.0137
1.205
7.8705
5.2481
8.9331
8.1096
4.6132
8.3753
0.85507
0.96383
1.0765
1.4622
7.0795
7.8886
6.0534
1.9364
1.0864
0.91622
0.67298
0.72778
0.68549
0.72277
1.0471
0.72611
0.70469
0.64714
0.88105
6.792
6.368
1.9724
7.3961
7.0307
10.139
1.0069
1.0544
3.9174
6.9823
9.528
3.581
0.88105
1.2359
0.75683
0.87902
0.69024
0.73114
0.85901
1.5812
0.73114
0.73282
0.98175
2.208
6.2806
6.166
8.6696
8.2604
8.4918
8.3753
0.69183
4.3351
4.2073
7.9068
5.1168
4.7753
1.0666
3.9174
8.2604
6.223
6.2087
8.531
7.8886
0.97949
0.68865
0.66834
0.80724
0.9594
0.97051
0.72277
5.8345
2.6242
2.5942
1.0789
0.87297
0.73114
0.877
0.80168
0.70469
0.71285
0.96828
0.7709
0.73114
0.75509
0.71779
1.4223
0.73282
0.70958
0.71945
0.72111
0.7379
1.2274
4.0087
5.9156
3.9811
8.2985
6.0954
7.2444
5.0466
3.6141
0.93541
1.6218
1.8836
5.224
8.091
5.6234
5.781
3.9174
8.1096
1.4622
3.2434
7.379
3.7154
5.5719
0.98401
0.84333
0.98175
5.4828
5.5976
1.9364
3.4754
11.641
5.6105
0.72946
0.65766
0.70795
0.69343
0.78886
0.82985
0.77446
0.81283
0.73282
0.74473
0.69984
0.73114
0.7925
0.82035
0.69984
0.97499
0.87498
0.87902
0.86099
0.8356
0.84528
1.2162
1.3002
0.75509
0.77804
0.8091
1.9907
2.1038
1.2078
0.97499
1.1641
1.3213
1.1482
1.0257
1.4322
1.1508
1.3964
1.094
1.3836
2.2387
2.2542
1.6943
2.3768
1.1246
1.2359
2.3714
6.4269
6.2951
2.9512
0.76208
17.1
8.6099
6.6069
8.5704
8.8716
7.0958
0.77804
0.88512
5.2966
6.7298
5.9841
0.91201
1.6181
0.74302
1.0139
0.70958
0.94189
0.74473
0.76033
1.2853
4.5709
5.8884
3.5892
4.9774
6.9984
7.3451
4.3954
7.2946
6.5917
4.5394
0.68865
0.73961
0.70307
0.70795
0.77804
0.70469
0.77625
0.71779
0.74989
0.72111
0.70632
0.68865
0.72444
0.69183
1.5812
1.3459
2.0606
4.7098
5.9704
2.8445
6.0814
6.5013
4.2462
5.5208
3.1405
5.42
8.7902
5.6494
6.7608
7.9616
5.0582
7.5683
6.792
0.79433
3.9446
5.0119
1.028
1.2942
3.0409
6.5313
8.0353
13.152
9.8401
0.72444
0.74817
0.86696
0.71614
0.72778
0.89743
0.84528
0.79983
0.73451
0.66681
0.93541
1.2942
0.71121
0.71614
0.72444
0.76736
1.6672
0.88308
1.1695
0.96161
0.83753
1.1482
1.028
1.2331
1.8323
4.9774
4.7424
5.8479
6.7764
6.223
8.6896
0.80724
0.69984
0.83946
0.76736
0.66681
5.8884
6.5917
6.8865
5.9156
7.2611
0.69024
0.68391
0.75336
0.75858
0.71779
0.69823
0.74645
0.65163
0.82414
2.9309
6.2951
5.2602
8.2035
6.8234
6.166
7.8705
3.7757
4.8978
2.0941
0.68865
1.0375
1.4191
7.8886
5.7016
6.3241
5.7016
6.3826
6.8865
6.8549
5.4576
8.2035
6.5013
24.774
5.6234
9.594
3.4119
6.1094
2.2439
5.8614
6.4121
7.6033
7.0958
5.7943
0.79068
0.73114
0.71945
0.79799
0.71285
0.75683
0.8414
1.0046
0.70795
0.8356
0.70632
1.1015
2.5293
2.023
0.91201
0.89125
0.98175
4.6345
3.8194
1.5849
2.904
6.3387
6.368
1.3122
3.8107
5.445
7.0307
6.5163
7.4989
4.8753
5.2723
7.2277
2.133
3.6058
3.0974
6.223
7.3451
6.7764
6.9183
0.66834
0.71779
1.5136
5.2481
5.3703
6.6374
8.0168
6.8549
5.358
7.1945
1.3521
5.1642
2.0749
6.0814
5.9841
5.5335
11.092
6.4565
5.821
6.3826
0.73282
0.70146
0.88512
0.8892
0.90782
0.80538
0.82035
0.71779
0.72946
0.85704
1.074
0.77446
0.90365
0.71614
0.70307
0.69823
0.68234
0.70469
0.75683
0.69823
3.4674
4.0926
1.8281
4.2073
6.2517
6.2806
5.2481
5.4075
4.5709
1.9099
4.6666
5.8884
6.5013
6.1802
6.0814
1.0495
5.9704
2.5704
0.67298
0.8414
2.6002
2.5645
0.92897
1.5524
1.3335
1.7947
1.6331
1.4997
0.89536
0.78343
2.1979
5.2481
3.4995
0.66681
2.8249
0.91411
0.66222
0.79799
1.4322
0.75509
3.3343
4.6238
3.9174
2.3014
3.342
5.9841
6.0814
6.2373
1.3964
0.72778
5.1404
3.4356
1.0375
2.2336
8.8716
4.8306
5.7677
5.2602
2.8379
5.1404
4.4566
0.68077
4.9317
2.3174
0.71285
0.67608
0.69663
0.71614
4.3752
2.2909
4.0272
8.091
6.8077
10.069
6.1235
4.7206
7.2277
0.72111
4.6238
4.9774
5.7016
6.0954
15.066
4.7206
6.368
1.7061
3.7239
4.1687
0.71779
0.66222
0.82794
0.82035
0.89743
0.8356
0.74473
0.73621
0.73451
0.68077
0.74989
0.72946
3.1261
4.0365
5.7943
5.1286
4.6026
5.5463
5.224
3.02
5.1642
6.3533
5.358
7.3961
5.2966
3.767
8.356
7.4473
1.1912
0.76736
1.0375
1.0257
1.6181
1.0715
5.2
6.2951
4.8084
6.4714
5.9979
5.6494
8.77
2.2646
4.9431
5.9841
1.074
0.81096
0.8414
0.82604
3.1623
1.1376
0.69024
0.66681
0.71779
0.74131
0.66988
0.76208
0.72277
0.66069
0.69502
0.69823
0.82224
0.86298
1.2106
0.66834
4.4978
4.7315
6.5313
4.2756
2.9648
0.96161
0.9977
1.4825
3.7497
6.9823
4.8753
0.70795
0.72778
5.0234
2.884
4.1976
3.4594
5.0933
0.65313
0.67143
4.2267
4.3152
9.594
5.6624
3.013
5.3456
4.9659
1.0023
1.1535
1.0257
1.3646
1.6069
3.8637
0.82985
0.66834
1.9861
3.9264
3.9355
4.14
1.6558
0.71779
0.74645
0.73114
1.1885
0.85704
0.81846
0.71285
0.67298
1.0209
0.69502
1.0069
0.8414
0.74302
0.71779
0.64863
0.68707
0.69183
0.65464
0.65013
0.88308
3.9902
3.0269
3.1915
5.2723
5.1051
4.2658
5.9979
5.0119
0.69024
3.8815
5.445
0.79799
1.4322
1.4355
1.3152
7.4989
5.3456
5.3333
5.6234
6.2806
6.223
6.4863
6.7453
7.0307
0.76913
3.9355
4.8978
0.75858
0.71121
0.74302
0.82604
0.88512
1.4928
1.1298
1.0617
2.6242
4.2073
5.3333
2.3659
2.0277
1.2647
1.2445
1.4962
4.2364
4.7424
4.2756
5.9429
4.9545
0.64121
0.63973
0.68707
0.70795
0.68234
0.71779
0.65766
0.6368
0.65464
1.8578
4.1976
4.5604
4.3853
5.3951
4.592
4.3152
0.70632
0.6792
0.63387
0.65464
0.63973
0.65615
0.64714
0.71285
0.81658
0.86298
0.83753
0.78524
0.72611
0.80353
0.66527
0.70469
0.67298
0.68707
0.87902
0.73961
1.0304
0.92257
0.81283
0.75509
0.69183
0.69183
0.65313
0.66222
1.4825
0.66681
0.67764
0.88308
3.1477
3.2211
1.6749
1.8365
0.72111
0.73961
1.0471
1.094
0.91411
1.5812
1.5631
1.875
1.3677
1.0666
1.3964
1.1749
1.205
1.2331
1.2359
0.90573
0.67143
2.4889
3.7844
3.8107
3.4754
0.78705
0.90782
0.72778
0.67764
0.73451
3.8905
2.6546
1.2503
1.122
0.7379
0.65464
0.8892
1.0351
1.1272
1.122
0.89536
1.0186
1.2531
1.194
1.8323
3.9994
5.902
1.7783
0.67298
0.62951
0.63826
2.5882
3.767
3.2885
1.2388
2.1232
3.2961
3.8107
4.0087
3.9628
0.73961
0.7709
0.6792
0.72946
0.68077
0.73451
0.73282
0.71285
0.63241
0.75683
0.70146
0.83368
0.75162
1.1641
2.9923
6.6988
6.9183
5.0003
3.1477
3.9811
4.5814
0.74989
3.5318
4.1976
3.5237
2.673
1.1272
0.68391
0.67764
0.69343
0.64269
0.63387
2.4044
3.4995
4.0179
3.3266
1.2823
3.3963
5.2602
4.9204
0.94189
0.69823
0.68865
0.71614
0.76208
1.219
0.72778
0.71945
0.63241
0.7145
0.70307
0.73451
0.65766
0.66988
0.67453
0.66069
0.63241
0.62806
0.64714
0.69183
0.63533
0.62661
0.68707
0.67764
1.0965
1.932
4.9774
3.9355
4.7534
5.1168
4.7424
5.2845
0.72611
0.71614
0.79433
3.1333
3.9537
0.83368
1.0351
0.88512
1.0423
1.1429
1.3583
4.8641
4.4361
3.8815
4.256
0.9247
1.1066
1.0351
1.4454
12.246
7.2611
4.3652
4.5814
3.9446
0.73114
0.89331
0.64269
0.68234
0.69984
0.69502
0.86896
0.69183
0.84723
0.8995
0.79433
0.71779
1.2303
0.81283
0.78705
0.80724
0.70632
1.2218
0.78163
0.8531
0.81658
0.9594
2.7416
1.6331
3.1261
2.8642
0.93541
0.66527
0.78163
0.67143
0.71121
0.72611
0.74645
0.73961
0.88105
1.3583
1.1246
2.6546
2.9174
0.72444
1.9588
5.3951
3.6728
5.6364
2.208
5.5335
3.8815
1.0209
0.70795
0.70307
0.64565
0.78163
0.73282
0.67143
0.73961
0.67453
0.68077
1.0889
2.3659
0.69663
0.67298
2.1086
0.70307
0.65615
0.64565
0.63096
0.62661
0.63241
1.6032
6.8865
4.5394
3.3884
6.5013
4.4361
4.6774
0.64565
0.72778
0.66069
0.69183
0.70795
0.70146
0.71779
0.75336
0.69663
0.71285
0.75858
0.69663
0.69663
0.67298
0.63241
0.65766
0.68077
0.66681
0.63096
0.70469
0.82035
0.69984
0.76913
0.71779
0.72611
0.67298
0.66681
1.2853
1
0.71614
0.64714
0.71945
3.0974
1.3002
0.75858
0.80724
1.556
1.4962
1.1066
0.94624
0.81096
0.81096
2.4378
1.1066
0.66527
1.2388
1.0162
0.92683
1.1092
0.95719
0.90157
1.0471
1.8197
2.1429
0.68865
1.4289
1.5812
1.8578
2.2646
2.5119
1.7742
1.0423
1.0471
3.8019
3.062
14.289
3.4754
5.3211
4.3954
0.66834
0.65464
1.4655
5.6234
3.7154
3.5892
2.9648
4.0365
4.8417
4.4875
1.7906
3.6983
4.4668
4.2756
0.65766
0.64863
0.67608
0.72778
2.0845
4.0644
3.7239
7.0307
31.333
10.94
4.8753
2.355
1.845
1.2445
0.91622
1.3964
1.3335
0.8414
0.72111
0.80538
0.73282
0.877
1.1641
1.0839
1.0233
1.0864
0.98175
0.89125
0.95499
0.88716
1.8408
0.92897
1.7061
2.5293
2.4155
3.7931
3.3497
3.1477
3.9446
2.799
3.2285
3.9994
3.4435
0.69183
0.77268
0.7145
4.0551
16.943
0.86896
0.8892
1.3397
1.2388
0.8356
23.714
0.86298
0.8147
0.77983
0.77983
0.70795
0.67608
0.67298
0.67764
0.74817
3.1405
4.2954
3.5563
0.85507
0.76913
0.79433
0.84723
0.97499
0.90573
0.94406
1.4488
2.3768
7.9799
3.8107
2.7925
1.3996
1.845
2.673
5.5335
2.3823
2.9174
2.9717
0.67608
0.68549
0.68865
0.66374
0.69024
0.62517
0.67608
0.7925
0.66681
0.66527
0.68234
0.6792
2.1627
3.9084
3.4435
3.0061
4.8195
2.9717
3.7411
1.0139
1.2474
0.92897
0.91411
0.90991
1.7783
1.0257
1.9187
2.6792
0.8995
0.87498
1.2735
1.4622
1.3092
1.2388
3.5892
4.6666
3.3729
4.3251
4.0179
3.6813
0.90157
0.71285
0.72946
0.74302
0.87297
0.74645
0.84333
0.72611
0.73451
0.70958
0.67764
0.63973
0.71945
0.84333
0.73961
0.76033
0.7379
0.66988
0.67608
0.84528
0.74989
0.64863
0.67453
0.67143
0.7709
0.9528
0.65163
2.023
2.1677
0.65917
0.67608
0.66222
0.67764
0.71945
0.65615
0.68865
0.66834
0.70795
0.74645
0.65163
0.68865
0.65766
0.70307
0.67143
0.67764
0.67608
0.66681
0.63973
0.65917
0.65163
0.61944
0.72778
0.66374
0.66374
0.67453
0.64714
0.64565
0.62661
0.65013
0.74302
0.64565
0.66069
0.68549
0.65766
0.66374
0.63973
0.65464
0.66681
0.65917
0.68077
0.67298
0.65464
0.70632
0.69502
0.66527
0.65163
0.65464
0.62661
0.65766
0.79983
0.63533
0.64269
0.63096
0.65464
0.65917
0.63096
0.64417
0.66374
0.62087
0.64121
0.66069
0.64714
0.62806
0.62373
0.61944
0.63826
0.65615
0.64714
1.5417
0.65917
1.4521
1.2647
0.92257
0.82604
0.74131
1.2023
0.66374
0.74131
0.6792
0.68391
0.68391
0.64565
0.72111
1.0691
0.64121
0.64863
0.65464
0.72611
0.65313
0.64565
0.64565
0.64714
0.6792
0.6792
0.7145
0.68707
0.66681
0.64417
1.122
0.64714
0.64863
0.80168
2.3014
3.7844
3.7757
4.4463
3.1915
2.3335
4.1879
3.3037
3.54
0.66988
0.97499
0.67608
0.68549
0.72778
0.9977
0.67608
0.65917
0.78705
0.69663
0.65917
0.69823
0.76913
0.66988
0.98628
0.70307
0.75336
0.70795
0.68707
0.67764
1.9454
2.3067
1.3614
0.69343
0.68077
0.61944
0.65766
0.62661
0.67453
0.69984
0.66069
0.71779
1.2823
1.803
0.97275
0.89743
0.98628
1.7701
2.541
4.8865
3.9628
4.2954
3.9628
4.8195
0.66988
0.72277
0.69024
0.66527
0.67608
0.69663
0.69984
0.66834
0.69024
0.65464
0.68549
0.68865
0.65013
0.63826
0.67143
0.62517
0.66527
0.70469
0.69823
0.65766
0.67608
0.62661
0.65013
0.67453
1.1858
0.9977
0.86298
0.82985
1.0209
0.82794
1.2647
1.1092
1.1641
0.98401
1.3152
1.1858
1.1272
1.2246
1.0691
1.122
1.2764
1.1722
1.4223
1.1885
1.5631
1.6444
0.79433
0.79433
0.72444
0.71614
0.69343
0.81096
0.8356
0.75858
6.9984
1.4421
0.66988
0.64417
0.64269
0.63096
0.65013
0.64121
0.65464
1.099
1.6368
0.73114
0.65464
0.68234
0.66069
0.86298
0.76208
0.67608
0.72277
0.64565
0.66834
0.65766
0.71614
0.68707
0.73451
0.69823
0.67298
0.73961
0.70146
0.71121
1.3274
0.67143
0.66527
0.7709
0.64863
0.64565
0.66681
0.71121
0.70469
0.64863
0.66988
0.63973
0.68865
0.67453
0.66069
0.64714
0.67453
0.80538
1.2445
0.82794
0.84918
0.70146
0.74302
0.8147
0.82224
0.79983
0.72946
0.67453
0.63973
0.62806
0.64565
0.72444
0.6223
0.66527
0.62661
0.64565
0.66527
0.68549
2.0845
4.3551
3.8282
3.069
4.8753
0.66834
0.66834
0.8892
0.84333
0.97051
0.87902
0.9506
0.78343
0.81658
0.79068
0.85114
0.76208
0.82985
0.93541
1.0093
1.556
1.1803
0.95719
0.97724
0.97499
0.8091
2.6002
1.1803
0.91201
1.4997
0.84723
1.1246
1.4125
0.98175
0.82035
0.84723
2.466
3.2063
1.9454
0.69663
0.71121
0.75162
0.71945
0.70795
0.7379
1.074
0.83176
0.82604
0.86497
1.0046
0.75336
1.2823
1.1561
1.1803
1.194
0.7656
0.69823
0.8892
0.72946
0.68077
1.0069
0.8995
0.82985
0.83368
1.0965
1.074
0.85901
0.70469
1.219
2.1528
0.84528
0.89125
0.7709
0.69183
0.71614
0.64121
0.85901
0.77804
0.88716
1.028
0.72946
0.74302
0.78163
1.219
0.89743
0.83368
0.80353
0.67608
0.70795
0.80168
0.92045
0.96605
0.96605
1.0023
1.1912
0.9506
0.88716
0.82794
0.94842
0.92045
0.90365
0.92897
0.73961
1.39
1.1588
1.2942
1.3868
0.65163
0.67298
0.82794
0.70632
1.0666
2.2491
2.6546
0.67298
0.64863
0.66069
0.67298
0.66681
0.70307
0.94189
0.67608
0.69024
0.66069
0.67608
0.66988
0.68391
0.67298
0.66527
0.6792
0.71614
0.71285
0.68865
0.75683
0.66988
0.6792
0.66069
0.66681
0.66681
0.66069
0.82985
0.71121
0.66527
0.74473
0.68234
0.66069
0.68077
0.74817
0.72444
0.77268
0.78524
0.6792
0.67764
0.65766
0.64863
0.6792
0.68707
0.67764
0.65464
0.82035
0.70469
0.71945
0.71779
0.71121
0.7145
0.65464
0.69984
0.66988
0.69183
0.69663
0.69984
0.73451
0.64565
0.68077
0.79799
0.72778
0.72277
0.65013
0.71121
0.69502
0.66374
0.69502
0.71945
0.7379
0.69823
0.68707
0.70146
0.76033
0.68549
0.69663
0.68234
0.63533
0.68391
0.68234
0.69024
0.71285
0.67608
0.7379
0.69823
0.74989
0.75162
0.66988
0.72111
0.73451
0.73621
0.64417
0.70469
0.71779
0.75162
0.98855
1
1.1066
1.1535
0.68865
0.64863
0.67298
0.69823
0.63387
0.72778
0.69502
0.66374
0.70307
0.70795
0.72611
0.63973
0.66527
0.66681
0.68077
0.74473
0.68391
0.65766
0.68391
0.66069
0.64863
1.4488
4.2658
3.1261
1.4421
0.77804
0.74645
0.78705
0.72778
0.70632
0.71779
0.74645
0.72778
0.73282
0.71614
0.80538
0.70632
0.66069
0.65917
0.66374
0.72277
0.7925
0.64714
0.66834
0.69823
0.65766
0.68234
0.68391
0.74645
0.72444
0.68865
0.6792
0.75683
0.72111
0.65464
0.75858
0.82035
0.68865
0.68234
0.76208
0.65313
0.70958
0.73282
0.69024
0.73114
0.76384
0.7145
0.82035
0.71945
0.72778
0.70469
0.74989
0.71121
0.72111
0.76913
0.75336
0.67453
1.0257
1.3804
1.135
0.81658
0.8356
0.97051
0.66681
0.69343
0.73282
0.76913
0.69343
0.73114
0.68549
0.70307
0.71614
0.68707
0.72946
0.70307
0.65766
0.7925
0.70469
0.68549
0.67298
0.67608
0.71121
0.69183
0.81283
0.7379
0.68234
0.70469
0.73451
0.74989
1.2474
0.84528
0.95719
0.877
0.84528
1.028
0.82414
1.122
1.0471
1.219
0.80538
0.82035
1.0641
0.96383
1.0162
1.2647
0.95719
2.1727
5.4576
2.2131
1.6144
3.5156
0.92045
0.98855
1.1246
0.72778
0.89331
0.93325
0.74131
1.3583
1.9055
1.6904
1.4191
0.69024
0.74989
0.72444
0.70469
0.73621
0.8356
0.69663
0.73282
1.1041
0.68707
0.75858
0.65313
2.0277
0.77804
0.78705
0.69823
0.7709
0.77625
0.66527
0.65766
0.85901
0.80724
0.93325
0.86298
0.77804
1.0544
0.73621
0.90157
0.76033
0.66527
0.79616
0.70469
0.67764
0.69984
0.73621
0.7709
0.98401
1.0447
0.70469
0.66374
0.9247
0.99541
0.64863
0.70146
0.67764
0.69502
0.79433
0.75162
0.81658
0.84723
0.78705
0.74473
0.90157
0.7379
0.75509
0.69502
0.73451
0.72946
0.66681
0.64269
0.72444
0.70469
0.66374
0.65163
0.66069
0.70632
0.67453
0.66374
0.73114
0.74989
0.68549
0.67143
0.71614
0.78163
0.73961
0.69343
0.68391
0.72778
0.71121
0.71121
0.81658
0.74131
0.67143
0.6792
0.71285
0.69823
0.69663
0.72277
0.72111
0.68391
0.71945
0.72277
0.66069
0.72946
0.71285
0.66834
0.69183
0.68391
0.66681
0.74989
0.72444
0.70632
0.69183
0.66527
0.68234
0.71121
0.70469
0.86896
1.714
0.69663
0.89743
1.4125
0.70958
0.90365
0.87498
1.7824
0.64863
0.69024
0.6792
0.70146
0.88308
1.2246
2.851
2.9444
0.79616
0.78524
0.71121
0.71945
0.74645
0.73451
0.79616
0.71779
0.68549
0.71779
2.7542
9.6605
3.4435
2.1777
0.69502
0.65313
0.68234
0.69343
0.66069
0.63387
0.68549
0.67608
0.63241
0.65013
0.66222
0.67764
0.65313
0.68391
0.70307
0.69024
0.68391
0.65917
0.64565
0.70307
0.68391
0.69024
0.6792
0.65464
0.70632
0.65163
0.67608
0.70958
0.6792
0.64417
0.69823
0.64417
0.66988
0.65615
0.69663
0.67298
0.66834
0.67764
0.64863
0.63241
0.66527
0.65013
0.66374
0.65013
0.66374
0.64565
0.65917
0.65766
0.6368
0.63241
0.65464
0.68077
0.64565
0.63387
0.62661
0.69823
0.74302
0.63533
0.6368
0.67764
0.66222
0.63387
0.64121
0.65464
0.63533
0.64565
0.63533
0.65917
0.62373
0.63533
0.64863
0.65163
0.66527
0.65163
0.65615
0.68707
0.64714
0.65013
0.64863
0.62806
0.66834
0.6368
0.64565
0.68865
0.61518
0.66527
0.6223
0.62951
0.65163
0.64417
0.65615
0.63241
0.62517
0.68865
0.80724
0.63096
0.63533
0.65917
0.67764
0.94624
0.76913
0.67608
0.70632
0.69183
0.71945
0.70469
0.68077
0.70469
0.71285
0.71121
0.74645
0.75858
0.72778
0.72946
0.73961
0.82985
0.66681
0.66374
0.66681
0.66069
0.64417
0.65766
0.69984
0.65313
0.66527
1.9275
1.1041
1.0375
1.2647
1.4521
2.5293
2.3281
1.0965
1.3183
0.87297
1.0375
1.0328
1.2531
0.82035
1.4588
2.5882
1.7906
1.7378
2.4946
0.70632
0.68549
0.66988
1.0495
0.72778
0.81846
0.83176
0.64863
0.80353
0.74131
0.75336
0.82035
0.79799
0.8091
0.88308
0.63387
0.84528
0.82985
0.85507
0.90365
0.80538
0.90991
0.92045
1.1194
1.4555
1.5031
0.91622
0.66988
0.68707
0.65163
0.98401
0.80724
1.0162
0.877
1.4588
0.8995
1.0471
2.3496
1.0593
0.64714
0.70632
0.89331
0.83368
1.3062
0.79433
0.71614
0.87297
1.4093
0.82985
0.78163
0.81658
1.1066
0.97275
0.91201
0.74645
0.79433
1.0423
1.0375
0.7656
0.75336
0.91833
1.0965
1.2218
0.95499
1.194
1.803
0.74645
2.7669
2.0091
0.68234
0.66374
0.67298
0.69663
0.75858
0.66681
0.68234
0.72778
0.64714
0.65163
0.68234
0.75509
0.82035
0.74817
0.68234
0.68391
0.68234
0.72611
0.73961
0.70958
0.73961
0.73961
0.80724
0.68865
0.71121
0.72277
0.68234
0.70795
0.70307
0.74645
0.72946
0.75683
0.68077
0.76913
0.67764
0.72111
0.72946
1.2618
1.6904
1.3804
0.69823
0.7709
0.74817
0.7379
0.76736
0.7656
0.66069
0.7379
0.72111
0.72946
0.66069
0.72111
1.2445
1.374
0.89125
0.84528
1.3996
1.3366
0.96161
0.99541
0.98855
1.219
1.1041
0.87902
0.77268
0.72611
0.73114
0.74131
0.82035
0.75509
0.8147
0.67298
0.68549
0.69183
0.71779
1.0093
0.74989
0.68077
0.69024
0.67143
0.66069
0.66834
0.65464
0.68865
0.69024
0.66834
0.67764
0.72277
0.67764
0.89743
0.79068
0.66681
0.68707
0.70307
0.75162
0.69024
0.65013
0.63826
0.65464
0.68549
0.71121
0.70795
0.69663
0.62373
0.66527
0.68234
0.66988
0.64417
0.68549
0.61518
0.67608
0.64417
0.72111
0.71285
0.69984
0.65313
0.65464
0.69343
0.65013
0.69984
0.70795
0.64565
0.82224
0.66222
0.68549
0.63533
0.66527
0.69183
0.71121
0.69502
0.64565
0.66222
0.68077
0.69024
0.68234
0.6792
0.6368
0.68549
0.67764
0.62951
0.69984
0.7145
0.74302
0.66222
0.69984
0.73282
0.7656
0.78524
0.67453
0.6792
0.72611
0.66834
0.74302
0.74473
0.87498
0.74473
0.9528
1.3002
2.4378
0.72778
0.71121
0.7709
0.77625
0.66527
0.73451
0.67764
0.71779
0.69024
0.71945
0.70469
0.72277
0.72946
0.68234
0.64269
0.69183
0.65013
0.77983
0.63973
1.4093
0.8356
0.70469
0.69024
0.66222
0.71285
0.74302
0.65163
0.79799
0.81283
0.96161
1.2503
0.72444
0.93111
3.8905
2.5942
1.7701
1.2331
0.93972
1.0304
1.0447
1.0839
1.2388
1.4355
1.074
0.96161
1.652
1.2618
1.2972
1.2445
0.74473
0.68077
0.72444
0.69663
0.73282
0.75336
0.69823
0.70469
0.74817
0.7379
0.76208
0.76208
0.72778
0.77268
0.70958
0.78886
0.99541
0.75509
0.92683
0.74302
0.81096
0.72444
0.82985
0.66681
0.68077
0.73621
0.91411
0.7709
0.85704
0.83368
0.66834
0.72111
0.67608
0.7145
0.7379
0.86298
0.89536
0.83946
0.68234
0.94624
0.93325
0.77446
0.71779
0.72946
0.8147
0.68549
0.78886
0.82224
0.74989
0.88308
0.7379
0.69663
0.77625
0.8995
1.0715
1.2218
0.90157
0.72611
0.64121
0.71121
0.80168
0.70795
0.97051
0.69663
0.76736
0.69663
0.7145
0.68234
0.69984
0.71614
0.72444
0.75858
0.64863
0.66374
0.61376
0.67143
0.66069
0.66988
0.69024
0.64565
0.65013
0.84528
0.65163
0.73282
0.68391
0.877
0.66988
1.2162
0.65615
0.69663
0.62373
0.67298
0.69343
0.64269
0.63241
0.62087
0.65615
0.63533
0.69823
0.67608
0.66069
0.61518
0.69024
0.69823
0.64863
0.63826
0.66069
0.67608
0.64565
0.63241
0.66527
0.70146
0.66527
0.68391
0.65766
0.68077
0.64714
0.64863
0.80353
0.68234
0.64269
0.65615
0.68077
0.68077
0.66988
0.67143
0.74645
0.64121
0.69343
0.67298
0.63096
0.66527
0.65917
0.6223
0.67143
0.63826
0.65917
0.66527
0.67608
0.63387
0.66069
0.63387
0.69502
0.66222
0.67298
0.65766
0.66069
0.64863
0.64121
0.63096
0.64269
0.62373
0.62951
0.65917
0.65163
0.63826
0.66069
0.71121
0.79616
0.66681
0.62951
0.67453
0.70795
0.64565
0.68391
0.63096
0.74131
0.66988
0.66681
0.65464
0.68707
0.68391
0.67764
0.67453
0.63096
0.67298
0.6792
0.69183
0.64269
0.6792
0.69024
0.6792
0.69663
0.67298
0.67298
0.63387
0.64863
0.64417
0.68077
0.66681
0.65013
0.67608
0.69343
0.71614
0.66222
0.66681
0.70307
0.70307
0.7145
0.65013
0.64863
0.70469
0.63241
0.6368
0.67453
0.66988
0.66374
0.63533
0.65615
0.68549
0.7379
0.67764
0.68391
0.67298
0.82985
0.85704
0.8091
0.79616
0.81846
0.83753
0.93325
0.87297
1.374
1.2162
0.90991
0.84918
0.75509
1.1967
1.0965
0.69663
0.6368
0.67143
0.66988
0.67298
0.6792
0.66681
0.64863
0.65464
0.69343
0.6368
0.68865
0.63973
0.66527
0.69183
0.64417
0.64565
0.68707
0.68391
0.6792
0.65163
0.69663
0.65766
0.64863
0.70146
0.72946
0.69502
0.65163
0.9528
0.69984
0.9247
0.82604
0.78524
0.78524
0.69502
0.74817
0.71614
0.72778
0.68234
0.6792
0.67453
0.64714
0.65313
0.67298
0.65615
0.67764
0.65163
0.81658
0.69183
1.3366
0.70958
2.3933
0.94189
0.68077
0.95719
1.0186
0.89331
0.65313
0.63533
0.93541
0.66374
0.66069
0.63533
0.66527
1.052
0.89536
0.79983
0.85114
0.98628
0.65766
0.67608
0.76384
0.87297
0.81283
0.81096
0.86896
0.87096
0.91411
0.84333
0.81658
0.98175
1.2503
1.0965
1.2106
0.9977
0.89331
0.73282
1.1169
1.3932
1.1749
1.0765
0.67453
0.6368
0.66222
0.97499
0.72778
0.68234
0.66988
0.66527
0.6792
0.65917
0.68391
0.71614
0.69823
0.66834
0.69024
0.66374
0.73961
0.64714
0.64863
0.68077
0.65917
0.66527
0.63533
0.6223
0.68707
0.64714
0.64714
0.65766
0.88512
0.76033
0.66988
0.77446
0.69663
0.70307
1.5631
2.0277
1.6866
2.3121
1.7701
0.7379
0.86497
0.67608
1.1776
0.77446
0.63826
0.6792
0.65615
0.91622
1.1641
4.8978
4.1591
2.9107
4.5499
2.8576
0.69502
0.67608
0.92257
2.3988
2.4774
2.541
0.67764
0.70146
0.69024
0.8091
0.74645
0.75162
0.76913
0.78705
0.83176
0.71121
0.69663
0.73621
0.66834
0.72611
0.68549
0.64714
2.3768
2.8184
3.02
2.5823
0.78524
2.1827
3.3884
0.82414
0.80353
1.6982
0.71121
0.67298
0.73621
0.66374
0.98628
0.6792
0.67143
0.67608
0.64417
0.67608
0.71121
0.8147
0.69183
0.77268
0.65766
0.69663
0.69823
1.0399
0.97724
2.5003
1.8323
1.3964
1.6255
0.82985
0.86896
0.90991
0.98401
1.2912
1.1324
1.1298
1.2706
1.0765
1.0304
1.3709
1.2474
1.1429
0.69343
0.70469
0.69663
0.66527
0.65313
0.70307
0.71285
0.6368
0.62517
0.69663
0.76913
0.64565
0.69502
0.66374
0.77804
0.84723
0.64714
0.66069
0.64121
0.6792
1.5996
1.0139
0.81096
0.77446
0.69343
2.6242
3.8282
3.8371
0.68391
3.7497
4.2855
4.1976
4.4978
1.9011
0.90157
1.0023
0.74989
0.79983
2.5527
2.799
1.8493
0.72444
0.75162
0.66374
2.1928
3.1046
3.0061
0.74989
0.69984
0.83946
0.73961
0.83176
0.7145
0.8414
0.75858
0.74473
0.71945
0.79068
1.762
2.1827
1.4488
1.6032
1.6406
1.5996
1.5524
1.5031
1.7219
1.4488
1.556
1.2677
1.6866
1.3002
1.094
0.68077
0.70469
1.0351
0.76384
0.66988
0.81096
0.65766
0.70146
1.7824
0.70307
1.0209
0.6792
0.67143
1.5382
4.7973
5.1404
0.96161
0.8995
1.0257
5.4828
4.1305
1.2706
0.69663
0.67764
0.94842
2.5942
3.3189
1.4322
0.68549
1.0914
2.3605
2.5704
2.5527
1.6904
0.64565
0.67298
0.65766
0.65464
0.62806
0.79983
0.80724
0.64565
0.67143
0.68234
1.1885
0.68865
0.70469
4.7643
0.66834
0.66069
0.81096
2.4889
0.65464
0.92045
0.68865
1.2794
1.9143
3.2137
4.256
3.2211
9.5719
1.8836
2.9174
3.5318
4.4978
1.6634
2.4547
2.9992
3.0974
0.69502
0.74302
0.73114
1.1246
0.76208
0.73282
0.75683
0.69984
1.3428
0.69183
0.68234
0.69984
0.67298
0.81096
0.71614
0.82414
1.1776
3.5075
0.70958
0.66069
0.73282
0.66681
0.64269
0.64417
0.72778
1.0209
1.1967
1.5524
1.2359
1.1641
0.877
0.86896
1.8072
1.932
0.64121
0.66681
0.65464
0.63533
0.63826
0.85507
2.8774
4.2954
4.5604
3.1189
3.8548
4.8978
4.0832
2.6002
0.72444
0.65615
2.6607
3.4995
3.8194
0.69024
1.0304
0.72444
3.581
3.8637
5.2
5.1761
7.7804
7.0795
6.0674
8.7096
5.2119
5.1051
1.3932
3.4277
0.99541
0.85704
2.0701
0.78343
4.8417
3.8019
5.5463
5.2845
5.6885
4.8084
4.9204
4.8978
4.4055
7.709
4.5394
0.68077
0.65766
0.66988
0.74131
0.69663
0.66681
1.2445
0.66527
0.80168
0.72778
0.83946
0.68865
0.70307
0.68549
0.70632
0.70146
0.70632
0.77446
0.77446
0.72111
0.70146
0.6792
1.028
0.77446
0.91201
0.96605
0.98628
1.6144
0.83176
0.76913
0.71121
1.1066
1.2882
1.7179
0.67143
1.4997
1.2359
1.0965
0.74817
0.73451
0.70795
1.0046
1.7989
0.84528
0.7709
0.78886
0.90991
1.9907
4.3752
5.3703
4.5604
5.7943
4.5082
3.7844
4.4566
4.2954
0.66374
0.66527
0.65464
0.69663
1.2735
3.6141
4.5709
5.5976
5.559
2.2233
3.2211
3.3574
5.0582
1.8967
4.0087
8.8105
4.0458
4.0365
5.3951
4.7973
1.6634
1.1143
0.95719
3.7239
5.6364
5.9841
6.2661
4.9431
6.3533
5.3088
5.6105
4.4566
0.79983
0.6792
2.1135
4.7863
7.0632
0.91833
0.7709
0.79983
1.0641
1.6444
2.7606
4.7098
4.7315
5.0816
3.9902
5.0119
6.6222
6.1376
4.8978
5.4325
6.2087
7.3451
4.8195
5.9156
0.79799
0.73961
0.72778
0.73114
0.70146
0.83176
0.6792
0.69502
1.6032
0.94624
1.3428
1.5417
1.6827
2.1928
3.5318
6.7298
4.1976
3.4356
3.7844
4.9431
4.8753
5.3703
0.90157
0.85114
0.92897
0.86099
0.72778
0.75509
0.74645
0.76913
0.75858
0.82414
0.94624
0.98855
1.6032
1.0046
1.3366
1.2274
0.9977
1.194
1.4488
1.052
1.4757
1.406
1.2023
1.5276
1.0715
1.1535
1.1535
3.4198
1.8621
1.1803
1.8535
1.4928
2.133
1.4859
1.6634
1.574
2.884
4.0365
3.8371
6.8707
3.6983
5.2966
7.2111
5.0003
6.1802
14.894
6.5013
5.3827
3.7844
4.7973
4.8084
4.9091
4.0272
0.85507
1.3521
1.2882
1.2677
2.4717
11.015
5.1168
7.2277
3.4356
0.69183
4.3053
4.8529
5.4075
7.0958
2.3174
5.9429
4.8529
3.7411
4.121
5.1523
5.6364
4.9659
5.3456
5.0119
2.8576
5.3456
4.7315
5.0466
4.2855
4.8753
4.5709
0.73621
1.1272
0.80724
0.81846
0.68549
0.74645
0.74817
0.81096
0.78524
0.69984
0.69984
0.66681
1.8707
1.9999
0.67453
0.70469
0.74817
0.85704
0.76384
0.72778
1.2589
4.9431
4.3053
1.2882
2.4322
2.8973
6.9984
3.7411
4.3152
3.1915
4.5499
4.4875
2.2439
4.8641
15.453
6.9343
5.5335
4.5814
0.64269
0.66527
2.2182
5.1761
4.6132
4.3954
6.0395
6.3533
4.0738
0.73114
1.3772
0.81096
0.69823
0.74645
0.8147
0.74989
0.84723
1.4997
3.5156
3.4198
3.7497
4.8753
3.2359
3.6559
2.6669
3.4277
2.5586
0.64863
1.8578
4.2855
4.8084
5.1642
5.821
1.4223
1.0691
1.0116
0.73114
1.4191
0.76913
1.0399
0.72778
0.93111
1.0328
0.90157
0.90573
0.77983
0.76736
0.7145
1.2735
1.0375
0.78163
0.73961
0.7656
0.70469
0.77625
0.69024
0.70795
0.67608
0.7925
0.61802
0.61944
0.70795
0.64121
0.65766
0.6792
0.66222
0.72946
0.93541
0.67608
0.65013
0.64269
0.64269
0.64863
0.69984
0.70795
0.66988
0.92257
0.7145
0.69024
0.64714
0.6792
0.63096
0.65013
0.76913
0.65313
0.63241
0.66069
0.66527
0.65163
0.66681
0.65464
0.68391
2.3768
4.7534
5.3088
6.8391
5.1168
4.0458
4.2073
5.0466
0.83946
0.72277
0.69663
0.64269
4.1305
5.5847
6.9663
7.2611
5.7544
8.3946
5.358
0.69502
0.72778
0.72111
0.74131
1.3709
0.65615
0.63533
0.97051
0.91411
0.79068
0.78343
0.68549
0.73282
0.73961
1.4655
1.3804
3.3651
4.1115
4.0738
4.9431
3.6141
5.1051
5.0003
5.2119
4.4361
3.062
0.70469
2.3227
3.8726
4.529
4.2364
8.9125
4.6774
5.0699
1.7378
3.9537
2.2182
3.6813
8.6099
1.2647
0.69024
0.79799
0.69663
0.77446
0.69183
0.82985
0.81096
1.1246
0.89536
0.86696
1.3335
3.0339
5.7943
0.81096
0.73282
0.73621
0.76913
0.87498
0.8892
0.77625
0.82985
0.81096
0.71945
0.78886
0.90573
1.1668
0.78343
1.0889
0.72778
0.77804
0.75162
0.77268
0.68234
0.85704
0.78524
0.74131
0.66527
0.70307
0.69663
0.76033
0.70146
1.6943
0.86298
2.3768
3.1046
2.2699
0.81096
0.94406
1.2445
0.93111
0.877
0.96383
1.0423
1.0889
0.90782
1.1376
0.86497
0.89743
0.81846
0.74989
2.0749
1.9815
0.73114
0.67608
0.74989
0.76208
0.89536
8.2224
4.3451
3.5563
4.1783
4.1495
6.5013
4.9888
5.2845
1.0304
0.73451
0.66069
0.82794
4.4978
5.3088
4.7643
4.1591
4.4978
3.6728
7.9983
9.2897
4.6238
5.358
6.1518
5.5463
4.7643
5.2119
5.2119
5.358
6.5615
4.9659
0.97051
5.236
5.0933
3.767
4.3152
0.76033
0.76384
0.67453
1.0814
5.9979
4.9204
5.4828
7.3114
8.995
5.5976
6.792
5.9704
8.2794
5.4954
5.7544
6.0117
5.4828
6.0954
5.4702
7.1285
6.166
7.0307
6.6988
0.70307
2.2751
5.6234
5.7943
6.5917
6.5464
6.6069
6.368
6.5615
6.1802
5.781
0.85704
7.2277
6.1376
0.82035
0.80353
0.74302
0.79983
0.70632
0.66988
0.70307
0.8414
0.9977
0.82035
0.74817
0.81846
0.72946
0.73961
0.71121
0.77446
0.74473
0.73961
0.73961
1.0568
0.8356
2.1478
0.75683
1.7865
0.66834
0.69183
0.88512
2.9854
7.656
5.9293
7.3961
8.2224
5.2966
5.3951
6.368
5.6754
4.6881
1.0965
3.7497
5.902
6.6834
7.3451
6.5163
5.7943
5.8614
6.6834
6.6222
0.85114
0.78163
0.71285
6.2806
6.2806
6.2087
7.7983
10.116
6.1235
7.5336
15.276
11.641
2.3659
3.7931
14.723
7.2444
8.4918
6.8549
7.8163
4.8084
6.2951
7.0307
5.8614
6.0674
11.482
6.8707
7.5509
2.037
1.6293
1.1885
1.052
2.6182
3.1333
3.2285
5.6105
10.328
1.0046
0.86696
1.8535
1.7579
2.0749
3.4356
9.8855
7.6913
10.139
6.2806
10.965
5.9293
6.8391
2.851
5.9841
3.6559
7.9616
6.2087
7.2444
7.3451
8.3753
19.588
6.5917
7.0632
6.2661
7.5509
3.9355
0.79799
0.71285
0.98855
3.0269
0.71285
0.72778
0.72111
0.74817
0.83368
0.70958
0.71945
0.66222
0.7656
0.90157
0.7656
1.2134
2.4604
1.9364
2.2961
1.5668
3.6141
4.4978
6.1802
5.5976
8.8308
5.6234
5.3088
5.7016
2.3714
5.4954
6.6374
5.035
0.65917
0.6792
0.73282
0.85114
0.82224
0.83946
0.74645
0.7925
0.67453
0.90157
1.2853
1.183
0.9506
0.89743
0.80724
0.7925
0.81283
0.8531
0.82414
0.86099
1.7498
3.6392
4.8753
6.8391
5.2602
14.928
4.3551
4.9545
5.2481
4.2073
0.69823
3.0479
4.7098
6.223
6.4565
5.4075
9.2257
5.42
9.6828
6.0814
4.7098
7.2277
1.6558
4.4157
4.9659
6.4565
5.8614
4.3652
1.2023
1.7258
1.1885
1.2882
1.556
1.4289
1.0046
1.1455
1.1169
1.3868
1.1614
1.0351
1.2589
1.3709
1.1298
1.4223
1.5631
1.3677
1.2106
3.8194
7.0307
5.3088
6.3533
8.2035
5.821
8.2224
5.224
7.3621
7.0632
6.4863
5.821
0.93972
0.69823
0.94624
1.0233
0.6792
0.75509
0.72111
0.82794
0.72277
0.74645
0.84333
0.89125
0.877
0.87498
0.99083
2.6669
4.9204
4.9431
6.3387
5.0466
7.4817
6.5163
6.6069
8.6298
6.368
6.2373
9.3541
14.158
6.3826
6.3826
7.9616
4.5604
6.5917
6.5766
8.091
6.4269
6.5464
6.1235
7.4473
5.6234
6.368
6.368
5.8076
6.8234
7.0146
6.6834
6.7764
4.2954
0.63826
0.64565
3.7325
5.9429
5.4325
6.2373
6.2087
5.9293
6.0256
9.247
7.2111
7.2778
6.9984
6.3387
6.2087
8.7096
1.0568
5.559
1.5488
0.73961
0.75858
0.74817
0.8356
0.72611
0.8995
0.7709
3.8019
4.4055
5.6624
6.2517
9.7724
5.6494
15.382
7.656
6.3973
7.3451
7.0958
7.0469
7.4473
5.7148
5.9156
11.695
7.0958
7.9068
8.9536
6.1235
8.4723
10.864
9.2045
7.5509
7.3114
10.965
7.3621
0.97949
1.3152
1.1535
1.1641
5.1404
7.5683
8.4528
6.7298
14.223
13.9
7.2444
9.5499
16.904
8.147
8.2604
6.3387
8.6497
8.4723
8.892
0.79068
0.77446
5.8749
9.6161
10.617
5.902
20.184
15.885
8.2794
7.5683
11.858
8.356
8.8716
10.839
9.6161
6.7298
5.902
7.6208
7.4473
7.2111
4.5604
6.223
9.3541
6.0954
7.7625
2.9107
0.7145
0.75336
0.72277
0.76913
0.73282
0.77804
4.4566
18.923
7.2111
14.521
10.328
8.2794
8.5507
10.139
10.471
7.0146
11.482
10.914
13.583
7.9983
8.356
9.0991
10.765
12.445
9.9083
13.459
9.977
1.2589
0.89743
0.94842
2.673
4.5709
6.7143
7.6384
8.1096
16.218
10.94
11.015
7.6208
13.335
7.4131
9.4406
8.8105
13.274
10
8.4723
9.8175
8.6896
7.1121
13.552
7.9433
10.233
8.2035
13.964
6.4417
16.255
9.8401
9.977
9.0365
8.2985
12.359
11.482
7.1779
9.5499
8.356
6.6222
9.5499
13.274
10.765
9.4189
13.552
10.093
7.9983
6.5163
13.366
13.213
12.023
8.1658
11.117
0.82794
0.71779
1.0691
5.8749
6.8707
12.706
11.376
6.1518
27.861
14.928
1.0789
0.87902
1.0186
1.6827
