0.8147
0.8892
0.75858
1.9498
1.1429
0.8356
0.92257
4.4361
11.272
7.0307
6.1094
15.417
13.836
13.804
4.6132
10.715
5.5208
6.5313
11.455
5.3333
11.22
7.2778
1.6069
0.98175
0.99541
1.374
1.2735
1.0139
1.0351
7.4302
7.5336
6.5013
4.256
1.6331
2.1038
0.82985
0.94842
0.8414
0.80724
0.86298
0.90991
0.81846
0.89743
0.78886
1.3459
1.183
2.0845
6.368
6.3826
5.6624
6.8391
6.4121
6.4863
5.6624
4.8865
7.9433
4.529
4.5499
5.2602
5.7016
6.5163
4.3853
4.2756
5.0119
7.3621
8.091
0.92683
0.97275
1.2331
1.5668
1.3274
1.0351
1.7458
5.2481
4.6989
1.0328
0.80724
1.574
5.6105
10.864
6.5163
5.5335
5.1168
5.5976
7.0958
5.9841
6.166
5.559
6.3826
7.0146
7.0146
12.853
4.3954
6.0954
5.5719
0.90157
0.7925
1.4655
0.9977
1.5849
4.8641
5.188
5.4576
8.8512
7.3621
8.1846
3.6392
7.0632
5.0003
0.84918
1.1967
0.82414
0.94624
0.8414
0.85507
0.8147
0.93111
0.84333
1.4223
1.8493
1.6069
2.0137
3.2359
4.7753
5.224
4.6026
5.2723
4.7098
6.5313
8.7096
3.2359
5.0466
7.4302
4.8753
2.3714
5.445
3.6058
0.85901
0.70958
0.8356
4.0179
6.0117
5.9566
3.342
6.9502
4.3251
7.2111
5.1404
5.1404
4.6132
1.099
1.0375
1.3213
1.1641
1.39
0.89536
4.4157
4.5814
2.2594
4.9888
4.1783
0.99541
3.6644
4.7753
5.4325
6.6222
6.2373
2.8774
6.1094
6.7764
1.0814
1.1561
0.86896
0.77983
3.1477
6.2661
1.1749
3.9719
1.9011
0.80538
0.7709
0.91622
0.77446
0.77625
0.79433
0.78163
0.7925
0.77446
0.89125
2.1184
0.77983
1.1641
5.3088
0.73961
0.70307
0.72111
0.7709
0.79983
0.71614
0.79433
0.75162
0.78343
0.69823
0.72111
0.72778
0.70632
0.72444
0.7145
0.73621
0.76384
0.73114
0.72277
0.8147
0.73961
0.75683
0.76384
1.1272
0.98175
1.1015
1.0139
0.90782
0.85901
0.8147
0.81658
1.2078
1.1041
1.219
1.1194
1.052
1.0641
1.0046
1.5031
1.4894
1.0889
3.2063
5.2723
5.781
3.9174
5.4325
5.0466
8.8308
1.7701
1.1376
0.78524
3.0479
5.3703
7.0795
5.9841
3.0409
5.6494
5.0466
9.7051
5.4325
5.9156
1.6596
6.1802
6.0395
4.5499
1.3062
3.6224
6.6374
3.6392
4.9659
4.0272
5.8345
4.8865
7.8705
0.90157
4.3053
5.9566
6.9984
6.4714
3.767
5.2723
8.6099
5.3703
4.3551
8.8512
8.1846
1.4791
0.80538
0.72946
0.80168
0.82035
0.82414
1.3964
2.2387
1.4125
0.83753
2.0091
0.9977
2.9376
0.74302
0.74473
1.1298
0.88105
0.97724
0.9594
0.92897
1.0093
0.90991
1.4723
1.0889
1.6904
4.2267
6.6988
5.2845
9.7724
0.87297
1.652
3.581
4.2658
4.8753
6.2806
5.4325
0.89125
3.0479
5.1642
8.1096
6.9343
7.7804
1.0495
1.1749
4.9659
5.7677
4.4361
0.72946
0.72946
0.98401
3.4834
2.1827
4.0272
0.84723
1.0069
0.93111
0.99083
1.2531
1.6904
0.82035
0.76033
0.89743
0.83753
0.96605
0.87096
0.93111
1.0765
0.96383
1.1272
1.0593
1.1015
1.1776
1.4962
1.135
1.5631
0.86298
1.0839
0.75336
1.5959
1.1912
1.7219
2.2594
1.4962
0.79616
0.8091
0.77983
1.052
0.78886
1.3183
1.205
1.3062
2.2284
1.094
0.70958
0.73282
0.77446
0.82604
0.8147
0.88308
0.74989
0.89331
0.77983
0.82224
0.97051
0.82604
0.74817
0.77804
3.4674
0.71945
0.79983
0.73961
0.78343
0.74131
0.73451
0.86099
0.85507
0.72611
0.77983
0.81658
0.8147
0.77625
0.72444
0.71285
0.71779
0.71945
0.72946
0.74473
0.69823
0.80724
0.74989
0.85901
0.76913
0.89125
0.70958
0.71779
0.7379
0.77625
0.73114
0.93111
0.75336
0.78343
0.81096
0.83176
0.80538
0.78343
0.77983
0.75509
0.83753
0.71121
0.77268
0.80353
0.74473
0.72277
0.74131
0.71779
0.73961
0.75162
0.74645
0.74302
0.75683
0.7925
0.71945
0.73621
0.81658
0.78163
0.77804
0.77268
0.83946
0.73621
0.79433
0.77625
0.75162
0.73621
0.74645
0.81283
0.79068
0.76913
0.7656
0.76033
0.79983
0.74131
0.83176
0.72946
0.74989
0.73621
0.94842
0.77983
0.75162
0.73621
0.7709
0.69502
0.72611
0.76913
0.72778
0.77268
0.78705
0.81846
0.76033
0.70958
0.78343
0.8356
0.74817
0.74645
0.73961
0.69024
0.74989
0.84528
0.75162
0.66681
0.71779
0.70958
0.79616
0.75509
0.7709
0.8147
0.70307
0.70469
0.73451
0.69502
0.70146
0.7379
0.70146
0.67764
0.67453
0.74473
0.95719
0.72946
0.67298
0.72111
0.75858
0.69502
0.72277
0.74302
0.69663
0.73282
0.84918
0.74817
0.74817
0.88308
0.86497
1.2972
0.8892
1.5812
1.1092
1.4588
0.98175
0.92897
2.3174
0.73451
0.7709
0.8414
0.78524
0.76736
0.72277
0.7656
0.82414
0.77268
0.88512
0.77268
0.78524
0.87096
0.78524
0.79616
0.7656
0.76208
0.84918
0.89743
0.83368
0.81096
0.79799
0.78886
0.79983
0.7925
0.84528
0.82035
0.80353
0.84528
0.93756
0.78163
0.79068
0.81283
0.87297
0.87096
0.81096
0.78524
0.73114
0.7145
0.71121
0.85901
0.76736
0.76736
0.74131
0.68549
0.69663
0.72444
0.73621
0.71614
0.76913
0.77983
0.71779
0.85507
0.87096
0.68707
0.74989
0.75509
0.75858
0.72611
0.76033
0.73621
0.76913
0.76208
0.75162
0.86099
0.75336
0.74302
0.69823
0.78524
0.78163
0.75509
0.73114
0.94842
0.72611
0.76384
0.74817
0.71614
0.7709
0.74817
0.78524
0.74989
0.74473
0.72946
0.72778
0.77625
0.72444
0.90573
0.76208
0.76384
0.71779
0.69024
0.68865
0.71945
0.74131
0.74302
0.79433
0.7145
0.69823
0.71779
0.74989
0.73114
0.70469
0.76033
0.72611
0.73621
0.73282
0.74989
0.70146
0.76913
0.70795
0.8356
0.74989
0.76384
0.70958
0.7145
0.74131
0.79068
0.74817
0.71779
0.76033
0.88716
0.83946
0.72444
0.74817
0.71779
0.75683
0.73961
0.7709
0.74302
1.0765
0.97499
0.9594
0.80168
1.1722
1.8923
1.6032
0.96828
0.88308
1.1429
0.76384
0.78343
0.75336
0.76913
0.72444
0.71945
0.68865
0.76384
0.76913
0.80168
0.76736
0.78343
0.77804
0.75683
0.76208
0.81096
0.79799
0.8356
0.73114
0.82414
0.75509
0.7656
0.82224
0.88512
0.77268
0.82794
0.81096
0.83176
0.78343
0.78705
0.76736
0.82794
0.83368
0.76736
0.84528
0.70795
1.3428
0.86099
0.78163
0.95499
1.028
1.2218
1.1324
1.1858
1.3614
0.9506
1.0814
1.1803
0.8892
1.0691
1.0233
1.1429
1.1967
1.1429
1.0186
1.2218
0.79799
0.84528
0.85507
0.90991
0.97724
1.0864
0.7925
0.90782
0.86298
1.0889
0.86099
0.84723
0.82604
0.98175
1.3062
0.7925
0.82604
1.0495
0.86099
1.9543
0.84723
0.90157
0.76208
0.70146
0.76208
0.72778
0.82414
0.70146
0.7379
0.77983
0.72277
0.79616
0.74131
0.72778
0.7379
2.4491
1.0046
0.91411
0.78524
1.1885
1.2162
0.90365
0.78705
0.96605
1.099
0.92045
0.877
0.99083
1.0328
0.90991
1.0914
3.8459
5.4576
10
9.9083
5.7412
8.1283
7.1614
4.217
0.9506
1.2106
1.2106
1.1015
2.6002
8.9125
6.8391
6.0395
0.85901
0.75336
0.81658
0.83368
0.76384
0.97051
0.79433
1.4355
1.1749
0.80353
0.78343
0.96605
0.79983
0.77625
0.73961
0.71614
0.79616
0.7709
0.75858
0.74645
0.76384
0.71614
0.73961
0.74645
0.79616
0.70795
0.7656
0.66374
0.76208
0.73451
0.83176
0.77625
0.72111
0.81846
0.79799
0.83368
0.77983
0.72111
0.82985
0.75683
0.72946
0.72277
0.73282
0.74817
0.77983
0.79616
0.69502
0.7379
0.8147
0.74302
0.70307
0.8414
0.72277
0.81658
0.69663
0.73451
0.75162
0.79983
0.8356
0.7709
0.79068
0.76033
0.75858
0.74473
0.70632
0.72611
0.72111
0.75858
0.78886
0.72946
0.78705
0.82224
0.86298
0.74989
0.75683
0.7709
0.78705
0.82224
0.81846
0.79799
0.69823
0.7709
0.76033
0.84333
0.97724
0.74645
0.75509
0.72778
0.75858
0.81658
0.90782
0.86298
0.82794
0.89536
0.73621
0.72111
0.75858
0.7656
0.78705
0.75683
0.80724
0.74302
0.77268
0.74989
0.76913
0.80168
0.80353
0.78343
0.7656
0.78705
0.82035
0.72946
1.1995
1.4894
0.81846
0.87297
0.77446
0.81283
0.74989
0.84333
0.84528
0.96383
0.77446
1.052
0.75162
0.78343
0.79616
0.76384
0.85114
0.87096
2.0654
0.78343
0.92897
0.85704
0.81846
0.79068
1.8923
0.93325
1.1117
1.5101
0.99541
0.85507
0.79433
0.98175
1.0375
1.0617
0.95719
0.9506
1.0233
1.1246
1.3092
0.94406
1.8535
1.3062
0.91411
0.96828
0.9528
1.3213
1.574
1.4158
1.374
1.4454
0.83176
0.80724
0.84918
0.97724
0.80353
0.78524
0.83946
0.78886
0.84333
0.73621
0.80538
0.79983
0.94842
0.94189
0.78524
0.76384
0.75162
0.86099
0.78886
0.94189
0.87902
0.91622
0.80538
0.73621
0.7709
0.79983
1.028
1.0593
1.2618
0.75683
0.71945
0.75162
0.73961
1.3804
2.3227
0.79799
0.78163
0.8356
1.3243
1.4859
1.5346
0.87096
0.78163
0.75336
0.7379
0.82794
0.68865
0.80538
1.5996
2.133
4.6881
4.5394
0.89331
0.77268
0.75683
0.70795
0.74645
1.2106
1.2246
0.81658
0.88512
0.97499
1.2023
1.9498
4.8195
0.9528
7.0632
7.8524
11.272
7.8705
8.9125
0.80168
0.99312
0.74302
1.0093
1.6788
0.80353
1.1508
0.92683
0.82794
0.78705
0.75509
0.83946
0.79616
0.92897
0.74131
0.74645
0.93972
0.7925
0.89125
1.4488
0.8531
0.87498
6.5766
7.5336
7.3621
5.2
3.281
2.6546
1.1885
2.5704
2.5061
0.78886
1.1722
0.79068
0.84333
0.82224
0.84333
0.78886
0.8147
0.80353
0.77446
0.89743
0.80168
0.77625
0.8892
0.77983
0.94189
1.2162
1.0864
1.0093
1.4894
1.0544
0.93972
1.0666
1.4454
0.9594
1.0617
1.0839
1.3002
1.0399
0.95499
1.219
1.028
1.3092
1.0209
1.2474
1.2246
1.0593
1.0023
1.0889
0.97275
2.8907
1.0069
0.79799
0.83368
0.91833
0.92683
1.0641
3.0339
0.89536
1.977
6.792
3.1333
0.90573
1.0186
0.90573
0.76033
1.5631
1.1482
1.0162
0.93756
0.93972
0.86696
1.3964
2.0184
0.81846
1.0864
1.3428
2.0797
0.78886
0.73961
0.75336
0.76913
0.76033
0.81096
0.76384
0.71945
0.76208
0.86099
0.89125
0.93541
0.79799
0.83176
1.4028
0.82794
0.75858
1.1015
0.75683
0.84333
0.77446
0.83368
0.78343
0.80353
0.83753
0.75162
0.80538
0.85114
0.75683
0.76208
0.73114
0.97275
0.82414
0.77983
0.77268
0.86896
0.76913
0.90365
0.80168
0.77268
0.7656
0.77268
0.82414
0.77268
0.74131
0.77268
0.79068
0.88308
0.76033
0.87096
0.86298
0.76736
0.78524
0.82414
0.75858
0.75336
0.85114
0.75162
0.86896
0.72778
0.80353
0.75162
0.81283
1
0.74817
0.80724
0.92897
0.78705
0.88308
0.80353
0.78163
0.82414
0.82224
0.76736
0.79616
0.89125
0.8892
0.81096
0.85704
0.77446
0.76736
0.73961
0.76033
0.71121
0.75509
0.85901
0.75858
0.82224
0.89536
0.71779
0.80353
0.89743
0.78705
0.77446
0.78163
0.71779
0.81846
0.8091
0.72611
0.90573
0.72946
0.77804
0.83946
0.82414
0.8147
0.79616
0.76208
0.85114
0.74645
0.80168
0.82035
0.75162
0.87902
0.75336
0.78705
0.77268
0.80168
0.86099
0.77268
0.83368
0.86298
0.78163
0.74645
0.71945
0.72111
0.87096
0.79068
0.84723
0.74302
0.8414
0.8147
0.93111
0.76033
0.91201
0.80538
0.7925
0.85901
0.78524
0.72277
0.77804
0.88308
0.8091
0.81846
2.8907
4.0738
1.1272
0.92683
1.0617
1.6181
1.6749
1.7298
1.5776
0.88716
0.99541
0.8892
0.85901
0.86497
1.052
1.1482
0.97499
1.9409
0.96161
0.87096
0.70632
0.75162
0.72611
0.76033
0.79433
0.72778
0.73451
0.75162
1.074
0.73961
0.71614
0.76384
0.73621
0.69183
1
0.96161
0.95499
0.8091
0.877
0.86896
0.80538
0.74302
0.90157
0.88105
1.2912
1.5311
0.91833
0.97949
1.8365
4.0738
0.78886
0.81283
0.72277
0.80168
0.71945
0.8356
0.98175
0.82604
0.85114
1.0233
1.2677
1.7378
0.90365
1.5885
1.3646
0.77625
0.74645
0.76384
0.77983
0.75162
0.78524
0.79433
0.89743
0.80353
0.68865
0.76384
1.2303
0.78705
0.80353
0.83176
0.88308
0.82794
0.80353
0.82224
0.84528
0.86896
0.77446
0.9594
0.82414
0.77268
0.77446
0.82035
0.75162
0.81658
0.7379
0.81658
0.80538
0.80724
0.93325
0.82035
0.77983
0.82794
0.76384
0.85704
0.72444
0.83753
0.83176
0.73114
0.75336
0.90991
0.73961
0.79799
0.73451
0.82035
0.73961
0.96161
0.75162
0.79433
0.77804
0.76736
0.82414
0.67608
0.81658
0.78705
1.1614
0.81283
0.75683
0.75162
0.72111
0.77804
0.73961
0.75336
0.76736
0.84918
0.8531
0.88716
0.8147
0.71945
0.80168
0.8091
0.77625
0.78705
0.73961
0.7656
0.8414
0.86298
0.75162
0.74989
0.7379
0.77983
0.75858
0.77804
0.79983
0.76033
0.76736
0.83753
0.79068
0.84528
0.81283
0.76913
0.73282
0.74302
0.75858
0.77446
0.82224
0.87297
0.8414
0.77268
0.80168
0.77625
0.79616
0.81096
0.7925
0.85114
0.8091
0.79799
0.7379
0.79433
0.76913
0.70958
0.72444
0.73621
0.8892
0.76913
0.80538
0.74645
0.80724
0.81846
0.7656
0.68234
0.7656
0.73282
0.80353
0.88716
3.8905
0.81658
0.71121
0.74989
0.88105
0.89125
0.7709
0.75683
0.74645
0.74817
0.76736
0.71121
0.97949
0.74473
0.83753
0.77983
0.79799
0.78524
0.75336
0.76384
0.78524
0.7656
0.8414
1.1015
0.80538
0.83946
0.77446
0.77268
0.7379
0.77625
0.75683
0.76384
1.0093
0.74645
0.7925
0.78163
0.74645
0.8091
0.7709
0.7379
0.74645
0.76033
0.75162
0.79068
0.73621
0.72444
0.73961
0.71121
1.2445
0.81283
0.91622
0.91622
0.97051
0.84528
1
5.2602
0.74131
0.73282
0.82035
1.3996
1.1912
0.89536
0.82985
1.3804
1.7458
1.2359
0.9977
0.86298
0.80168
1.0233
0.83946
0.76913
0.72611
0.80168
0.86896
0.89331
1.2388
1.0209
0.94189
1.4158
0.7709
0.92683
1.0328
0.83946
1.1482
0.77983
1.0233
2.0137
1.1041
0.71614
0.69984
0.84528
0.86099
0.877
0.81096
1.1117
1.8155
0.69823
0.87902
0.79433
0.9528
0.79616
0.90782
0.77268
0.90365
0.83176
0.76033
0.7925
0.70795
0.75683
0.75683
0.76033
0.73114
0.74989
0.7379
0.77625
0.76736
0.78886
0.74989
0.72946
0.85704
0.72111
0.79983
0.73961
0.73961
0.69024
0.79983
0.75858
0.71779
0.70469
0.87498
0.77804
0.74645
0.69823
0.76736
0.7379
0.73621
0.74131
0.76033
0.76736
0.7925
0.70146
0.70958
0.8091
0.8356
0.73114
0.71614
0.79616
0.88716
0.7925
0.75509
0.74817
0.75509
0.76736
0.75162
0.68707
0.72444
0.83753
0.77804
0.76208
0.80538
0.74817
0.88512
0.76736
0.76208
0.76208
0.71121
0.80724
0.73451
0.7145
0.76033
0.77446
0.82035
0.76208
0.73114
0.81283
0.77804
0.75162
0.7145
0.78163
0.89743
0.7709
0.8091
0.7379
0.74645
0.78163
0.77446
0.76208
0.71945
0.66069
0.83753
0.75162
0.76736
0.79799
0.72111
0.75336
0.81283
0.82604
0.79068
0.78163
0.69984
0.8091
0.69343
0.83176
0.78705
0.78705
0.74131
0.77268
0.77625
0.79799
0.77804
0.82035
0.69663
0.80724
0.72778
0.77625
0.71614
0.69984
0.74473
0.7656
0.72611
0.85114
0.78886
0.69343
0.74131
0.72778
0.72611
0.84723
0.81096
0.71121
0.85704
0.84528
0.79068
0.73282
0.82224
0.74131
0.80168
0.81846
0.70307
0.7656
0.77268
4.8978
0.66222
0.74645
0.73282
0.74645
0.72778
0.75509
0.74473
0.96383
0.79799
0.72778
0.74473
0.73451
0.77625
0.73961
0.72277
0.79983
1.0423
0.78524
0.91201
0.75683
0.7379
1.3996
1.0914
0.82794
1.1376
1.0139
1.6904
1.7539
0.78163
1.0093
4.9091
0.69502
0.7145
0.72778
0.80538
0.72444
0.67764
0.79799
0.72277
0.7709
1.5996
1.0304
1.0423
0.86497
1.0568
2.4889
1.0139
1.4355
0.92257
1.4791
1.4894
1.1482
1.0691
0.91833
0.89125
1.3183
1.3614
1.1066
0.74302
0.74645
0.75683
0.70795
0.77446
0.72444
0.81846
0.82985
0.84333
1.6596
0.77625
0.77446
0.86099
0.877
0.79799
2.6792
1.135
0.75683
0.98401
1.6444
1.0304
1.0304
1.1995
0.76208
1.652
1.4689
0.7925
1.7701
1.1967
0.82414
0.87297
0.82224
0.70958
0.72444
0.77804
0.83368
0.79983
0.78163
0.80168
0.78705
0.71614
0.78705
0.82604
0.77625
0.78343
0.80168
0.72946
0.86696
0.7656
0.82414
0.7379
0.69663
0.74473
0.877
0.81658
0.82035
0.7379
0.77446
0.84528
0.7656
0.73451
0.79616
0.76736
0.83368
0.76384
0.79433
0.74645
0.75162
0.79799
0.72611
0.78524
0.75336
0.79799
0.73621
0.77446
0.80538
0.79433
0.79616
0.76384
0.74302
0.76384
0.80353
0.75509
0.72778
0.74473
0.81283
0.80538
0.80353
0.7379
0.82035
0.83176
0.72277
0.81846
0.77446
0.76913
0.72946
0.72611
0.72778
0.85507
0.74989
0.75858
0.70958
0.7925
0.74131
0.79068
0.74645
0.7145
0.84528
0.84723
0.76736
0.80538
0.79799
0.72444
0.79433
0.79433
0.72611
0.75509
0.80353
0.92257
0.79068
0.78163
0.8531
0.79983
0.77983
0.75683
0.79616
0.74645
0.75683
0.74302
0.92897
0.78886
0.7656
0.82794
0.70146
0.85114
0.80538
0.76736
0.77446
0.79068
0.73621
0.79433
0.71121
0.96828
0.77268
0.8091
1
1.1508
1.2677
1.2218
1.3062
1.7258
0.83176
0.7709
0.74817
0.70632
0.72277
0.77983
0.91201
1.3305
2.037
0.7925
0.80353
0.75162
0.78163
0.74473
0.7379
0.84723
0.76384
0.72277
0.78524
0.86497
0.69343
0.79068
0.66988
0.71945
0.72111
0.80538
0.82224
0.80353
0.73114
0.90782
0.76208
0.76736
0.72111
0.73961
0.76384
0.75162
0.72946
0.76384
0.70146
0.80724
0.80168
0.72946
0.72611
2.5586
0.83946
1.0139
0.83753
0.76736
1.2589
1.0965
1.0447
1.5276
0.96161
0.96383
0.77625
0.74473
0.84723
0.82224
1.4256
0.80724
1.0495
0.99312
0.73451
0.77625
0.7379
0.7656
0.77983
0.84723
0.85114
0.73282
0.74989
0.7709
0.76736
0.75509
0.76736
0.88716
0.87498
0.85901
1.8664
3.0061
1.5453
1.0617
0.74131
1.1455
0.81283
1.1015
0.76384
0.80168
0.74302
0.74645
0.71285
0.79616
0.78163
0.82985
0.88308
0.75509
0.67453
0.86896
0.72778
0.77983
0.87902
0.74473
0.74302
0.79983
0.8531
0.71945
0.83368
0.74302
0.91201
1.0069
1.6218
4.592
0.8414
0.89743
0.78343
0.86696
0.92683
0.94842
1.5417
1.7701
1.4521
0.79983
0.74645
0.79799
0.74989
0.75858
0.76208
0.79433
0.82035
0.77804
0.74989
0.82224
1.0257
0.80724
0.9528
1.3152
1.2246
1.2882
0.76208
0.8892
0.77625
0.7379
0.7379
0.71614
0.87096
0.7379
0.82985
0.84333
0.76033
0.70795
0.84333
0.79799
0.8091
0.81658
0.77625
0.80538
0.78163
0.79068
0.79433
0.8091
0.73451
0.81283
0.74473
0.75336
0.73451
0.76033
0.73451
0.8091
0.74302
0.68077
0.75162
0.81658
0.76384
0.71285
0.76033
0.87498
0.70469
0.79616
0.82035
0.75509
0.74473
0.76736
0.80538
0.72778
0.84723
0.82035
0.74989
0.8091
0.76033
0.78163
0.99083
0.73282
0.76913
0.72277
0.7709
0.72778
0.8356
0.73282
0.71779
0.75336
0.72611
0.82985
0.79433
0.76208
0.70632
0.89536
0.71121
0.77983
0.78343
0.83368
0.81283
0.77625
0.72611
0.89743
0.76384
0.82794
0.77983
0.82985
0.78163
0.77268
0.86696
0.82794
0.7656
0.75509
0.76208
0.75336
0.78343
0.7709
0.72946
0.86896
0.71779
0.82414
0.75858
0.86497
0.76384
0.79616
0.81096
0.81096
0.86696
0.75858
0.80353
0.77983
0.68391
0.72778
0.75683
0.82794
0.74817
0.77983
0.76384
0.83368
0.8356
0.88716
0.69343
0.80353
0.80353
0.76736
0.75683
0.78524
0.74131
0.78343
0.79983
0.72277
0.75336
0.76736
0.71779
0.78524
0.86298
0.76913
0.81658
0.68865
0.78163
0.70958
0.78705
0.7656
0.82414
0.76913
0.75162
0.78705
0.75858
0.9594
0.94406
1.1776
0.7379
1.2942
0.87297
1.1272
1.3964
1.3274
1.4454
0.9594
1.5524
1.0162
0.82985
1.0495
1.0399
1.9999
0.98175
1.2882
0.7709
0.8531
0.74473
0.68549
0.74989
0.72778
0.7656
1.135
0.81096
0.90991
1.0304
0.77625
0.76033
0.8356
0.8147
0.7379
0.92257
0.77625
0.8356
0.76384
0.80538
1.556
0.79983
0.77625
2.0045
1.4093
1.3243
1.3243
1.1092
0.78524
0.72611
1.0914
0.83176
0.78343
0.89125
0.75509
0.77983
0.7709
0.83368
0.82604
0.76913
0.73451
0.97724
0.77446
0.77804
0.87902
0.84918
0.83946
0.80538
0.74473
0.93972
0.93325
0.81283
0.86298
0.81658
0.77804
0.93325
1.3996
0.81283
1.6711
1.39
0.75162
0.71945
0.72946
0.8356
0.77625
0.78705
0.74302
0.78343
0.80353
0.79068
0.78886
0.78705
0.86298
1.2106
0.77804
0.78163
0.79799
0.76913
0.71121
0.85704
0.86896
0.7925
0.79433
0.74302
0.76208
0.74473
0.82794
0.78705
0.87297
0.81283
0.78524
0.83176
0.79983
0.7656
0.76208
0.71945
0.7709
0.7709
0.81658
0.84918
0.85507
0.83368
0.79068
0.89125
1.2417
0.78886
0.75336
0.7709
0.77446
0.74645
0.78524
0.72111
0.84723
0.82035
0.80353
0.82985
0.75509
0.73114
0.75683
0.85114
0.82604
0.76384
0.75162
0.7656
0.85704
0.81283
0.78705
0.76913
0.76208
0.8356
0.76913
0.77446
0.74131
0.80538
0.86099
0.80353
0.68865
0.8356
0.77446
0.72277
0.78163
0.73961
0.86298
0.74989
0.77983
0.72444
0.81283
0.77983
0.76913
0.82224
0.77625
0.77268
0.87096
0.85704
0.79983
0.73961
0.72277
0.78886
0.73451
0.71121
0.76208
0.74473
0.74817
0.75858
0.78886
0.74645
0.84723
0.79983
0.70958
0.7925
0.86099
0.74645
0.72946
0.72444
0.81283
0.75162
0.8147
0.79983
0.7709
0.78343
0.85114
0.73961
0.76384
0.74645
0.96828
0.74645
0.7925
0.76913
0.84723
0.73961
0.81283
0.88512
0.93325
0.78163
0.9506
1.183
1.4757
0.83753
0.93325
0.94189
0.97275
1.6406
1.1668
0.93972
1.2331
0.78524
1.4791
1.9055
0.87096
0.89125
0.96161
0.99083
0.96383
1.0544
1.1995
1.2882
0.94624
1.3152
4.5814
4.6774
4.7753
7.4989
7.0469
6.8391
10.186
7.2277
5.559
5.3703
8.0724
4.9888
0.94842
0.877
5.4576
7.6736
8.8308
7.2611
9.3972
7.6208
5.0582
1.1376
5.5847
7.0469
9.6605
8.4723
5.6624
7.4645
2.6607
0.90991
1.3804
1.8239
0.80168
0.86497
0.89331
1.4256
0.93325
1.4791
2.3121
4.3652
1.1722
5.0582
6.3533
7.6033
12.942
3.8994
6.6834
1.1912
1.4256
1.6827
1.6032
6.3533
10.641
10.399
8.1096
7.6736
9.6605
5.2723
6.792
11.169
6.5163
7.5683
3.2584
5.358
7.9433
7.2611
7.2444
7.0469
6.9502
1.9861
2.6182
0.86896
0.97724
0.88512
0.82414
0.91411
2.2491
0.72778
5.3827
11.885
6.1944
6.3826
7.379
3.7844
0.94189
4.256
7.0307
7.0469
1.4388
1.6368
1.0209
1.0447
0.86497
1.9953
2.9512
0.78163
2.3988
3.6898
1.8113
6.5766
1.0641
1.8664
5.4702
0.78705
0.8147
0.76384
3.6813
1.6255
1.5668
0.76384
0.72946
1.4894
3.2359
6.7453
7.3114
11.641
5.9429
6.0534
6.9663
6.6988
8.3753
7.1614
6.2087
7.0632
1.3709
1.0162
1.6711
0.99083
1.0789
9.0991
7.6736
3.2659
0.81658
2.2233
2.9992
6.2517
0.88308
1.574
0.72444
0.79983
0.77983
0.86099
1.2647
4.0365
0.81846
0.74989
0.78343
0.83368
0.7656
0.82604
0.79616
0.79983
0.74817
0.79616
0.7925
0.78524
0.78343
0.74989
1.3552
1.4521
0.79616
0.94624
1.1143
1.0304
1.2677
0.88716
1.1967
1.4223
0.71121
0.79433
0.8091
0.81096
0.76913
0.76208
0.73961
0.76913
0.73114
0.81846
1.2331
0.99312
0.96828
0.79068
1.3646
0.99312
0.94624
0.9506
1.3032
1.2331
1.0046
1.1641
1.1695
1.3183
0.98855
1.1117
2.037
7.8524
4.1976
6.8391
0.75336
0.73961
0.74473
0.72946
0.80168
0.877
0.95499
1.0839
1.2106
1.2417
1.2764
1.4125
1.0069
1.1092
4.256
1.2218
0.76913
0.77983
0.79983
0.88716
0.7656
0.76736
0.74302
0.78886
0.81658
0.877
0.82414
0.74302
0.84723
0.98401
0.8147
0.80168
0.8414
0.82794
1.4825
1.1092
1.9454
1.1749
0.75858
0.78163
0.8414
0.76913
0.77804
0.72778
0.75509
0.71779
0.76033
0.8356
0.77804
0.76913
0.77804
0.70958
0.8091
0.78524
0.74645
0.74302
0.81283
0.78343
0.77625
0.8414
0.85114
0.77804
0.8356
0.80353
0.69663
0.75858
0.73451
0.76208
0.76033
0.77983
0.75858
0.78163
0.72946
0.74131
0.7379
0.80538
0.81096
0.78886
0.84918
0.85114
0.83946
0.80353
0.75858
0.7925
0.77446
0.83176
0.77983
0.80168
0.89536
0.74131
0.80353
0.82604
0.77625
0.74645
0.73282
0.74131
0.7925
0.7379
0.80538
0.87498
0.68707
0.70795
0.77446
0.79799
0.82985
0.79616
0.74817
0.8892
0.8091
0.75858
0.75683
0.70632
0.74131
0.8091
0.71285
0.72277
0.71945
0.80538
0.77446
0.74817
0.76384
0.86696
0.82604
0.74473
0.77804
0.75336
0.70146
0.79068
0.79433
0.85114
0.68865
0.75858
0.78705
0.73114
0.8414
0.76913
0.78524
0.80168
0.85901
0.76384
0.82985
0.8356
0.81283
0.80353
0.74817
0.72444
0.8091
0.78163
0.78705
0.85704
0.81658
0.6792
0.7145
0.8091
0.84723
0.79068
0.82985
0.82414
0.93325
0.77625
0.83946
0.74473
0.69984
0.72778
0.81283
0.80168
0.86099
0.72778
0.72111
0.74131
0.77625
0.73451
0.73621
0.82224
0.81283
0.74989
0.73961
0.69343
0.75858
0.77983
0.74817
0.77804
0.76913
1.9364
0.84528
0.82794
0.87498
0.8892
0.90365
0.8531
0.81096
1.7947
0.75683
0.80353
0.73961
0.79983
1.406
1.0023
0.89331
1.0495
0.93541
0.97724
1.1402
1.0423
1.652
3.3266
8.6696
10.965
5.6364
0.75162
0.69823
0.76208
0.77804
0.77268
1.0069
1.1194
1.1776
1.0715
1.8072
1.2764
5.5847
3.2961
0.89743
1.1641
2.9648
0.84333
0.74645
0.75336
0.84333
0.89331
0.8147
0.7925
0.81096
0.85114
0.78343
0.80538
1.2303
0.83946
0.82414
1.194
0.83176
0.96605
0.92683
0.86099
1.2853
1.6482
1.0328
1
0.91411
1.1803
0.98855
0.80538
0.8892
0.74817
0.97499
1.1561
1.0568
8.7096
6.7764
10.328
8.9536
6.3387
7.709
3.4041
0.84333
0.75509
0.94406
0.74645
1.0139
0.71285
0.72946
0.81096
0.8147
0.7925
0.81283
0.72946
0.72277
0.78886
0.90157
0.89331
0.90157
0.90157
0.82224
0.97275
0.8892
0.99312
1.4689
0.86896
0.91201
0.83946
0.76208
0.79433
0.78163
0.77625
0.79068
0.83176
0.72111
0.71285
0.86497
1.0423
0.73621
0.70795
0.76033
0.75858
0.72111
0.77446
0.71614
0.80168
0.75509
0.73114
0.77446
0.74131
0.72111
0.7925
0.80538
0.76033
0.75683
0.74817
0.69823
0.75336
0.74473
0.74645
0.71121
0.79799
0.83368
0.89743
0.75509
0.82414
0.74817
0.7925
0.73621
0.77804
0.73961
0.74473
0.83368
0.85704
0.74817
0.74989
0.7379
0.78705
0.71614
0.83368
0.7656
0.81846
0.71779
0.79983
0.76033
0.78705
0.7709
0.78886
0.73282
0.77268
0.74989
0.78705
0.8147
0.81658
0.88512
0.79616
0.75683
0.74302
0.74645
0.72611
0.83368
0.69183
0.70469
0.74131
0.74473
0.82794
0.79983
0.87096
0.74302
0.7925
0.75162
0.71945
0.80168
0.80353
0.76208
0.74302
0.8892
0.69024
0.77625
0.85507
0.76736
0.76033
0.80724
0.76736
0.75336
0.73621
0.70469
0.74989
0.7709
0.72277
0.73114
0.81096
0.71121
0.71614
0.76913
0.86099
0.70146
0.70146
0.71945
0.82224
0.80538
0.72778
0.70632
0.71285
0.79616
0.84528
0.73961
0.75858
0.77625
0.68234
0.73961
1.052
0.81283
0.82414
0.76033
0.97051
1.0965
1.1246
1.1376
0.89743
0.8147
1.0139
1.1482
1.0447
0.94842
0.80538
1.1695
0.87902
0.91411
1.052
1.0715
1.2735
0.89743
0.77446
0.77983
0.86099
0.93972
0.7656
0.76208
0.74645
0.81096
2.1184
3.4754
0.877
2.3496
0.77625
0.88512
0.74302
0.8091
0.89536
0.91201
0.83368
0.86696
1.1614
0.93325
0.9528
0.96383
0.79616
1.3868
1.2853
1.1143
3.9994
5.224
6.5313
9.247
10.046
7.9799
4.7973
1.1092
0.80538
2.8379
3.1046
8.7498
1.3366
1.3459
0.88308
0.87498
1.0765
3.2137
1.4322
4.2855
0.82035
0.79068
0.78886
0.84723
0.74131
0.79616
0.81846
0.85901
0.75162
0.82604
0.75858
1.1015
0.96605
0.75336
1.0139
0.87096
0.86298
1.1015
1.0666
0.8995
1.4488
0.8892
0.87902
1.0162
0.78524
0.8356
0.9977
0.85507
0.73621
0.87498
0.83368
1.6788
1.3772
1.4158
1.8793
1.8707
0.78705
0.83368
0.85901
0.88716
0.91622
0.93972
0.85114
0.82794
0.74302
0.79616
0.86896
0.90782
0.88716
0.91833
0.89743
0.78705
0.80168
0.90991
0.76033
0.98628
0.91833
0.95499
0.8531
0.82224
1.028
0.88716
0.83176
1.2647
0.82224
1.3092
0.87297
0.8531
0.88105
0.75683
0.95719
0.83176
0.76208
0.79433
0.72444
0.82414
0.8414
0.74131
0.80168
0.80724
0.85704
1.0093
0.85704
0.84723
0.84333
0.78163
0.88512
0.84333
0.78524
0.87902
0.78524
0.77446
0.91622
0.78524
0.80724
0.77983
0.85114
0.89125
0.73961
1.028
0.77804
0.77268
0.78343
0.83368
0.93541
0.90365
0.85901
0.91833
0.82414
0.76208
0.83753
0.8892
0.9247
0.74645
0.92045
0.85507
0.82985
0.82414
0.85507
0.82035
0.93325
0.877
0.87902
0.82985
0.9247
0.87902
0.81283
0.77804
0.87096
0.84333
0.84723
0.84333
0.75683
0.86896
0.79068
0.81283
0.91833
0.86896
0.90157
0.89125
0.81658
0.85901
0.86099
0.87902
0.8995
0.83946
0.87498
0.8091
0.9528
0.79068
1.2706
2.421
2.6853
0.84528
0.87498
0.90365
1.0914
0.96161
1.0186
0.76208
1.0162
0.94624
1.2162
0.77446
0.84333
0.97499
1.3183
1.1298
0.9528
1.2078
0.87096
0.87297
0.91622
0.97949
1.0423
0.97051
0.95499
0.82414
0.88512
1.2853
1.3614
1.3521
1.1298
4.6989
1.3335
2.1577
1.0889
0.79799
0.89743
1.406
1.4928
3.0549
1.7338
0.80538
0.8531
2.2336
2.6977
0.81283
0.90157
0.82794
0.74131
0.74302
0.84333
0.88105
0.91201
0.96161
0.80724
0.79433
1.3804
1.2706
0.91833
1.5205
2.4774
1.5959
0.78524
0.88105
0.78886
0.77446
0.79068
0.75162
0.72946
1.1967
0.87096
0.69024
0.7656
0.90991
0.81096
1.0328
0.84918
0.82985
0.82794
0.79983
0.80168
0.8356
0.8414
0.90157
0.77804
0.74989
0.78524
0.86099
0.79616
0.8531
0.76208
0.8147
0.8147
0.79983
0.72277
0.8995
0.74817
0.75683
0.84918
0.86497
0.88105
0.81658
0.81846
0.8147
0.9506
0.877
0.79068
0.77804
0.79983
0.82224
0.73961
0.86497
1.2618
0.89331
0.82224
1.1066
1.1641
1.052
1.6558
0.88308
0.80724
0.84723
0.97051
0.75858
0.84333
0.88716
0.81846
0.73114
0.8147
1.0186
0.94189
0.92683
0.89125
0.83753
0.77625
0.85901
1.0839
0.85507
0.88105
0.83176
1.3335
1.4223
0.70307
0.71121
0.78343
0.71779
0.74473
0.84528
1.2388
0.72778
0.79433
0.72778
0.72277
0.78705
0.74131
0.79983
0.75509
0.74473
0.92045
0.7379
0.82224
0.77804
0.78705
0.74131
0.75683
0.76208
0.76736
0.75858
0.83176
0.7709
0.79616
0.76208
0.77268
0.80538
0.81096
0.85114
0.72111
0.87902
0.75683
0.80353
1.2445
0.96383
0.89331
1.3366
0.97724
1.0046
0.91622
1.1041
1.3428
1.1535
4.5394
5.7544
5.6494
5.4828
1.1641
16.032
8.6696
9.1622
10.447
7.8886
5.9156
1.0715
2.421
2.7797
6.9984
7.2946
7.0307
11.117
6.9024
7.8886
4.9659
9.6828
3.0339
1.2735
1.0423
2.9923
11.749
13.274
11.995
5.9293
5.4325
9.8855
8.3753
8.892
5.821
8.2794
7.5858
9.3756
7.7983
8.8716
8.0168
2.7416
1.2503
0.88105
4.5814
8.8512
5.2602
0.84333
1.5996
2.7606
8.2035
9.2045
1.1066
1.4289
1.6634
1.0593
1.2647
0.99083
1.1066
1.1561
7.709
11.143
5.559
5.6624
5.7016
6.3096
6.6374
8.3946
9.7275
10.864
8.8716
9.0991
7.6736
9.4624
8.6099
6.7608
7.8343
7.9983
8.1283
10.814
9.4624
7.3961
10.471
8.4723
8.1096
13.002
10.715
8.3753
10.046
8.77
10.666
10.233
7.7983
11.508
9.1411
10.495
5.902
3.1477
0.85507
0.76384
9.8401
9.528
8.8308
6.223
7.9983
6.2661
2.4547
12.589
9.6161
10.617
9.247
4.1591
1.2388
1.0765
9.2897
4.7534
8.1658
10.046
5.3088
8.2224
7.6384
8.6099
6.0256
8.9743
1.3428
1.6181
0.87498
0.8531
0.99083
5.358
6.9984
0.73621
0.83368
5.5335
0.94406
4.7424
5.1642
2.8708
1.0839
1.4521
2.037
5.3703
4.7643
11.912
12.05
6.9343
7.9433
1.0447
1.4093
1.5959
0.91622
3.2734
6.6988
5.4576
10.765
7.709
6.5917
6.4714
7.4817
9.0782
11.194
8.3368
13.122
7.3282
4.1305
10.209
0.84333
8.091
5.8749
10.023
8.3368
0.8414
1.1376
2.4604
5.1404
1.0641
1.0641
1.2677
3.0339
1.1776
1.1695
1.2942
1.0715
4.2954
4.3954
4.4463
4.0458
0.96605
1.194
0.92257
4.256
9.2045
1.0423
0.86696
7.9616
0.8356
1.1668
2.1528
6.5013
7.4473
8.1283
10.495
18.408
9.1201
4.6559
7.7446
9.1833
6.3973
0.87902
1.1995
0.79983
0.87096
8.1096
10.093
9.5719
15.205
5.559
6.166
5.6624
12.764
15.453
16.406
9.7724
8.995
10.715
11.561
7.8524
2.0277
8.995
7.8524
9.7051
9.1411
4.7206
8.6497
9.5719
1.1066
2.3067
1.9815
5.3703
1.6711
0.76033
0.9594
0.8414
1.0568
0.93756
1.2823
0.98855
2.5119
0.8892
2.5763
6.9984
9.0365
6.4417
7.6384
8.8716
8.1846
7.3282
8.2035
7.9799
6.6681
0.80724
0.877
0.88716
1.0593
1.194
2.6424
7.9799
8.1658
6.0814
7.9616
6.2806
8.531
9.6383
11.641
8.0538
1.7539
0.97949
1.3459
1.6181
2.0701
15.596
10.399
5.7412
7.7446
6.792
5.821
10.093
9.1201
11.749
8.147
3.0549
7.8886
8.892
2.1979
2.8642
2.7102
7.8705
3.4198
9.4842
6.5013
6.7143
3.2584
0.90991
0.9594
0.90991
3.2885
8.531
13.032
8.7297
7.7804
7.6033
8.1846
8.356
5.4576
12.359
9.4842
13.49
8.1283
9.0157
9.247
9.594
7.0146
7.709
6.5163
9.247
9.247
11.561
6.9502
8.3176
7.3451
6.8865
10.74
6.6834
1.074
0.97051
1.5311
1.0765
1.0233
1.1749
1.1402
1.3305
5.2966
3.1261
2.2909
7.6033
11.402
9.247
9.8401
9.3756
10.447
6.1802
8.7498
2.3174
1.3646
2.9376
1.39
0.86896
1.2023
1.1143
2.138
1.194
0.99312
0.98855
1.977
3.6141
1.1482
3.6058
0.87096
0.8356
0.83368
1.4997
4.0458
0.9506
0.82985
7.6384
4.6452
13.062
13.614
9.3541
7.4989
10.666
6.6374
5.0816
9.3756
4.9317
0.82794
0.78705
1.135
0.8995
7.8886
9.3541
2.4831
1.7865
1.1015
2.0184
1.2972
0.87297
5.42
2.3823
1.0889
1.4588
0.9506
0.94624
5.9704
8.531
21.677
7.3451
13.459
8.0538
6.7453
8.2224
8.3368
10.162
7.5509
12.417
5.7544
8.995
10.093
8.7297
9.247
9.8855
7.8343
5.105
7.145
1.5996
1.1641
0.89125
0.82224
0.90157
1.8923
0.95719
4.256
11.066
8.77
7.0632
8.8105
7.6384
16.032
1.39
0.78343
6.1094
8.147
14.521
9.3972
7.925
8.3753
9.1201
1.977
6.3387
8.0353
1.0093
1.0814
1.7418
2.799
9.0991
9.6161
10.839
14.223
10.617
8.9536
10.94
2.4322
9.4189
6.7298
11.066
12.503
8.9536
4.2267
6.4714
0.75683
0.80538
0.9594
1.0186
3.1046
5.0933
17.579
2.4322
1.256
1.5417
1.7022
2.1478
1.2853
1.1324
0.98855
1.0375
1.2794
2.208
1.5959
1.7219
11.246
10.691
12.106
13.646
12.531
12.764
8.2794
8.531
11.22
7.1945
6.5013
7.5858
1.0495
0.96383
5.0119
11.967
10.162
11.35
9.6383
11.535
15.74
10.99
11.272
10.209
12.589
11.324
13.996
9.7275
11.668
13.709
7.9616
10.99
11.143
8.77
12.246
13.122
9.3972
