8.4723
4.3752
1.1376
2.023
1.0839
1.1482
1.6032
0.76384
0.97724
0.90365
0.85507
1.1508
0.86896
0.85901
0.90991
0.77268
0.92257
0.78524
0.99083
1
1.8535
1.0641
1.0116
1.0568
1.766
1.4791
1.4093
1.1995
1.0069
1.6943
1.1508
1.4488
4.6345
11.561
12.823
6.6681
4.529
13.836
0.98855
0.90991
7.2277
1.3459
1.3152
1.0965
1.1668
1.2218
4.7973
11.803
6.6834
11.272
9.3972
7.4645
1.0889
0.88308
0.87096
0.85704
3.9174
0.96605
1.2912
1.205
1.0233
1.0568
1.3152
1.406
1.1066
1.6032
0.98628
2.208
0.82414
1.2134
0.86099
0.74302
0.70958
0.78705
0.82224
0.68549
0.74131
1.2359
0.65615
0.80168
1.0162
1.888
3.6644
1.4028
0.8356
0.90991
1.1015
1.1561
1.1246
1.0814
1.1803
0.88308
8.2794
10.814
11.561
11.776
5.902
1.5205
0.86497
1.1455
5.6885
9.0573
9.7051
6.2087
9.3325
7.4302
0.79616
4.2658
9.7724
9.7724
8.6696
7.4645
5.4325
1.4421
5.0582
9.4842
8.995
8.0168
6.4714
5.8749
8.4528
8.0538
9.528
11.117
11.402
11.246
9.247
8.5507
8.4723
1.0789
2.2491
10.914
6.1094
12.706
10.544
8.8716
9.9312
12.05
9.0991
11.117
12.023
10.257
11.803
1.7498
11.324
15.453
9.1833
9.9312
16.331
11.066
9.506
8.5114
1.0046
0.84528
6.8707
10.093
7.9068
8.892
7.3114
7.2277
10.139
12.853
10.304
9.7275
7.8163
1.1455
1.0116
5.4075
1.0495
13.996
14.555
7.0958
9.8628
9.247
9.9083
9.6161
10.765
10.789
10.351
6.7143
8.4333
9.2257
9.0573
0.96383
0.85507
5.6234
10.471
1.0328
1.3964
0.93541
0.76736
0.8414
1.099
0.89125
1.5668
0.96383
0.9977
1.2303
0.86099
0.91622
9.4189
10.864
1.0209
5.8884
10.52
13.243
12.503
9.8628
9.7499
15.276
13.836
8.77
9.0573
9.7724
10.186
10.99
8.5114
5.236
7.2277
13.397
10.139
10.209
10.257
13.428
10.839
8.3753
8.9536
9.8628
11.143
11.803
10.399
10.069
10.257
12.023
8.8308
8.3176
13.74
6.6681
0.86298
0.73621
1.8197
3.1477
3.2434
13.183
9.6828
10.023
12.56
10.715
8.9536
11.22
8.5507
10.914
9.6605
8.0538
8.091
10.233
12.274
9.4406
9.1833
9.3972
8.4333
0.88512
6.6527
5.9566
12.134
7.7804
3.342
10.568
11.143
10.351
10.257
9.2683
10.544
7.7804
7.2444
1.2942
3.7154
3.8019
14.928
12.246
9.6605
11.482
10.617
0.86896
10.471
9.3756
9.1411
8.7096
8.6298
9.3325
5.0582
2.9309
1.194
1.0889
12.677
7.5336
0.78163
6.9343
10.162
9.8855
5.7943
10.209
9.4406
7.6384
11.885
7.8343
8.6099
9.3541
9.7724
1.4521
10.568
9.8175
9.1201
4.1495
10.889
10.28
9.528
8.6696
8.7498
8.1096
8.7297
10.52
13.583
9.3325
12.618
7.5858
9.8628
8.091
9.5719
8.7297
8.1846
10.666
9.0991
2.1727
2.4044
1.0351
10.593
1.2388
1.4488
9.3972
10.864
9.7949
10.351
8.8308
13.709
10.914
15.74
9.528
9.4842
10.233
1.9815
8.1096
10.814
9.1622
11.35
9.6828
8.2794
7.1945
0.89125
1.0593
9.8628
2.8774
9.6828
10.093
11.668
10.351
10.046
8.6896
7.4817
14.388
9.3541
9.7724
7.8163
9.2683
8.147
5.5976
9.594
7.1614
10
9.7499
8.2794
6.4863
9.3111
8.0538
10.423
9.4189
14.289
13.002
10.666
9.2257
7.5858
8.8716
11.641
11.117
8.7096
0.94189
0.98175
9.3325
4.6989
10.399
12.078
6.5163
0.75683
0.70469
0.75509
0.70795
3.7757
8.3946
10.139
9.5499
1.932
1.3397
10.328
7.9433
9.3111
8.2604
9.3541
8.6099
10.544
8.356
9.1201
11.194
8.9125
11.35
5.781
10.94
9.2897
7.7446
10.544
10.046
9.1201
8.2985
9.594
11.885
5.902
7.4302
9.8628
8.356
11.066
8.0353
11.22
4.6881
7.9799
11.858
8.8716
9.1411
7.6033
14.06
8.6896
9.9541
10.715
10.069
8.9331
0.91411
0.84918
1.1482
1.0641
0.6792
1.0568
1.7418
1.6255
7.2611
1.3274
0.71285
0.75683
0.88105
0.68391
1.9011
0.90991
0.84528
1.1967
1.3062
1.1066
0.96605
1.1376
1.2445
4.3954
0.8995
1.1885
1.5812
1.1429
1.2853
1.3459
6.4417
1.7418
0.75683
0.74131
0.75858
0.73961
1.1695
0.96161
0.67143
5.236
3.5481
0.64121
0.66988
0.65917
6.4121
3.2434
1.3002
0.65917
0.68865
0.65163
0.66527
0.68707
0.67298
0.69343
0.70469
0.90365
0.83946
1.0641
1.4962
0.65163
0.65615
0.66374
0.62661
0.68707
0.69984
0.7709
0.66527
0.66374
0.87096
0.67608
0.67298
0.65313
0.65013
0.65917
0.65615
0.65013
0.64121
0.72277
0.73451
0.6792
0.75509
0.70469
0.71779
1.0257
0.73114
1.7022
0.68707
0.66374
0.62951
0.68549
0.66374
1.3772
0.64714
0.69663
0.65313
0.66988
0.65313
0.71121
0.63387
0.65464
0.69502
0.69502
0.65917
0.66681
0.65464
0.67298
0.67298
0.68077
0.65766
0.66374
0.64714
0.67298
0.63973
0.66681
0.65917
0.6368
0.66222
0.69502
0.68234
0.65766
0.65163
0.68549
0.68391
0.6792
0.66681
0.65917
0.69663
0.68077
0.63973
0.64863
0.68549
0.65163
0.70146
0.69183
0.65615
0.67608
0.65917
0.66527
0.6792
0.68707
0.66069
0.68549
0.67143
0.66527
0.65313
0.69663
0.65464
0.67298
0.68234
0.69343
0.66222
0.66069
0.67608
0.69984
0.72946
0.65766
0.63826
0.66527
0.69663
0.7925
0.73114
0.66069
0.69663
0.68707
0.81283
0.65013
0.64417
0.67298
0.64121
1.074
1.9815
0.78163
0.83176
1.0666
1.1455
0.84918
0.79433
0.78524
0.90365
1.1298
0.96828
0.83176
0.98628
1.0423
0.71614
0.68707
0.72277
0.67298
0.69663
0.66834
0.67764
0.68391
0.64565
1.0617
1.8923
4.3551
0.63096
0.65464
0.66834
0.65615
0.65917
0.65464
0.66069
0.65917
0.68391
0.6368
0.69502
0.6792
0.64121
0.66069
0.70632
0.65615
0.66069
0.70632
0.80538
0.85114
0.82224
0.6792
0.7379
0.69183
1.1535
1.0593
0.75858
0.89743
0.65013
0.65917
0.64714
0.67143
0.64565
0.63387
0.63533
0.67453
0.66681
0.89536
0.65615
0.66222
0.66527
0.64714
0.63387
0.66988
0.65163
0.85114
0.65163
0.66681
0.6792
0.62806
0.68549
0.65163
0.68391
0.67608
0.65766
0.63533
0.68865
0.65766
0.65464
0.63533
0.65013
0.67608
0.64565
0.63973
0.64121
0.68234
0.65313
0.67143
0.62087
0.64714
0.68549
0.67608
0.69343
0.69183
0.63826
0.67298
0.67453
0.68549
0.68549
0.72778
0.70795
0.66988
0.76033
0.96383
0.76033
0.74131
2.4491
0.68077
0.67764
0.69984
0.66834
0.63973
0.68549
0.69183
0.65464
1.4158
0.78163
0.97051
0.76736
0.86497
0.68234
0.69024
0.81846
0.63973
0.97724
0.67608
0.64565
0.7145
0.65163
0.79983
0.6368
0.64565
0.70469
0.65313
0.63533
0.69984
0.67453
0.63387
0.67764
0.64714
0.64714
0.6792
0.66988
0.63387
0.65013
0.64269
0.67298
0.65013
0.65313
0.63826
0.65615
0.64121
0.63533
0.65615
0.63241
0.69183
0.65766
0.76913
0.70795
0.64121
0.67608
0.63096
0.66222
0.65615
0.66222
0.65464
0.63973
0.63973
0.65313
0.65917
0.64565
0.64863
0.6368
0.63241
0.65313
0.67143
0.86896
0.6792
0.65163
0.65013
0.69823
0.64417
0.65766
0.6368
0.67608
0.66681
0.70146
0.67143
0.63533
0.64121
0.66681
0.62806
0.6368
0.69024
0.67453
0.64417
0.63973
0.65313
0.66834
0.64565
0.63241
0.68707
0.66834
0.64863
0.64417
0.65766
0.68234
0.67608
0.63826
0.64714
0.63533
0.65766
0.64714
0.66988
0.63533
0.67298
0.67608
0.68234
0.63826
0.8531
1.0093
0.69343
0.66374
1.0304
1.6406
0.69024
0.73621
0.66374
0.64565
0.65464
0.64863
0.67608
0.66988
0.67764
0.65615
0.64417
0.68391
0.65917
0.65615
0.66988
0.72277
0.72778
0.67298
0.82985
0.69183
0.67608
0.6166
0.65163
0.93541
0.87096
0.82985
0.87297
0.72778
0.74645
1.0641
1.1066
0.91622
0.65313
0.75162
0.65313
0.64565
0.70632
0.77804
1.1066
0.87096
0.83368
0.90573
0.85114
0.7379
1.099
1
1.099
0.99541
0.95499
0.99083
0.96828
1.0186
0.93325
1.0839
0.98855
0.80168
0.88308
1.1298
1.1143
0.97051
1.1885
0.73621
0.90365
0.63241
0.69984
0.64121
0.71614
0.74302
0.74473
0.71945
0.7656
0.68234
1.406
1.4962
1.1776
0.64863
0.67143
0.69183
0.65917
0.67298
0.64565
0.68391
0.66527
0.8147
0.63387
0.65163
0.66681
0.8147
0.64565
0.64565
0.62517
0.63973
0.64714
0.61802
0.68234
0.66681
0.64863
0.64269
0.62661
0.67298
0.65917
0.63826
0.63973
0.62806
0.66374
0.64269
0.68234
0.68865
0.97724
0.64565
0.63533
0.65917
0.64417
0.66988
0.66222
0.64714
0.65766
0.65917
0.66069
0.64714
0.64714
0.64269
0.66834
0.64269
0.65013
0.65313
0.66988
0.67143
0.70795
0.68865
0.64121
0.69343
0.66834
0.65163
0.69984
0.64863
0.65464
0.64565
0.69343
0.63387
0.66527
0.66988
0.65464
0.65013
0.63241
0.66222
0.63096
0.63533
0.66681
0.65313
0.66834
0.65917
0.67764
0.67143
0.62951
0.64714
0.66681
0.65163
0.65313
0.64565
0.70469
0.6792
0.63826
0.68707
0.63826
0.65464
0.68865
0.66069
0.62951
0.62951
0.61802
0.64417
0.69823
0.70632
0.68707
0.63533
0.65615
0.63826
0.69183
0.65163
0.66988
0.8147
0.84333
0.80168
0.66222
0.66988
0.72111
0.71945
0.99541
0.66374
0.63973
0.92897
0.76913
0.75509
1.1117
0.9506
0.89743
0.65163
0.88308
1.0789
1.1143
0.69663
0.62951
0.64863
0.66069
0.65464
0.64714
0.66222
0.67143
0.68234
0.62373
0.66069
0.66069
0.64714
0.67608
0.65163
0.64565
0.69502
0.65163
0.65313
0.65917
0.65766
0.67298
0.66834
0.69024
0.72611
0.73282
0.74645
0.93111
0.78886
1.2303
0.98401
0.63096
0.80353
1.1376
0.66527
0.65615
0.65313
0.65013
0.67143
0.63241
0.68549
0.64121
0.67764
0.96161
0.65766
0.66988
0.66222
0.65163
0.66374
0.65615
0.66222
0.65163
0.66222
0.66374
0.65766
0.64863
0.65013
0.6792
0.68391
0.71779
0.69663
0.66374
0.64121
0.77983
0.65163
0.63973
0.69024
0.69823
0.65313
0.67764
0.74473
0.73621
0.68234
0.67298
0.63241
0.64417
0.70632
0.65013
0.62806
0.63973
0.63241
0.6368
0.65766
0.64565
0.67453
0.64714
0.63096
0.66069
0.6166
0.67453
0.65013
0.66834
0.65464
0.62951
0.64863
0.62373
0.66374
0.66069
0.64714
0.67453
0.65313
0.64417
0.68234
0.65013
0.62806
0.71121
0.67608
0.63533
0.65313
0.65615
0.67764
0.65313
0.65313
0.67298
0.62951
0.66222
0.65917
0.68234
0.6792
0.65013
0.66834
0.65917
0.66527
0.70795
0.66527
0.65013
0.67608
0.65615
0.64863
0.69663
0.65313
0.67298
0.6792
0.65013
0.64417
0.68077
0.68707
0.67298
0.65615
0.64714
0.65917
0.66681
0.65766
0.68549
0.65313
0.66834
0.68865
0.66222
0.7925
0.77983
0.65615
0.63826
0.65615
0.68077
0.62661
0.62806
0.66374
4.3954
1.0069
0.8414
0.77268
0.79068
0.89331
0.84333
0.75509
1.0889
0.88512
0.74131
0.67298
0.64269
0.66222
0.70469
0.64863
0.6368
0.65313
0.65615
0.75509
0.66681
0.6166
0.63241
0.65013
0.66374
0.65917
0.65313
0.66988
0.70146
0.63096
0.65615
0.66834
0.69502
0.6368
0.64269
0.65766
0.72111
0.67764
0.68391
0.66374
0.66834
0.64417
0.69183
0.63387
0.67608
0.65917
0.65163
0.65766
0.68549
0.66681
0.7145
0.69984
0.71945
0.72111
0.66681
0.71285
0.67298
0.6223
0.65917
0.68391
0.65766
0.65615
0.69823
0.66527
0.69502
0.69343
0.67453
0.69024
0.70469
0.65766
0.69183
0.65163
0.65917
0.70307
0.65313
0.64714
0.70632
0.65313
0.65917
0.67143
0.66681
0.69343
0.65313
0.68391
0.68865
0.75162
0.67143
0.64863
0.65766
0.67453
0.68549
0.70958
0.63533
0.66374
0.65313
0.73451
0.86298
0.76033
0.68077
0.7379
0.68234
0.68391
1.122
1.1092
0.78886
0.67608
0.65766
0.65313
0.64269
0.66374
0.66988
0.64565
0.65013
0.64565
0.66374
0.63973
0.63241
0.63973
0.63533
0.67764
0.72611
0.72111
0.70958
0.70632
0.8531
1.2078
1.0209
0.73451
0.69823
0.62517
1.0593
0.86696
1.0593
0.92257
1.1376
0.98628
1.0914
0.9528
0.63826
0.67143
0.63096
0.64417
0.67298
0.65615
0.64714
0.68234
0.65615
0.64269
0.63973
0.63826
0.63096
0.67608
0.68549
0.68549
0.86099
0.82224
0.76208
0.70795
0.68707
0.73282
0.74302
0.71285
0.71779
0.76736
0.66222
0.77625
0.69823
0.68391
0.77625
0.68549
0.70632
0.71285
0.75683
0.67608
0.76208
0.64269
0.62951
0.61944
0.61094
0.63096
0.68391
0.64121
0.67453
0.78705
0.6368
0.70146
0.66681
0.71945
0.75509
1.1722
0.71285
0.64121
0.66681
0.66069
0.65013
0.63826
0.82604
0.66374
0.65464
0.64269
0.62951
0.65313
0.66834
0.8414
0.73114
0.67453
0.65013
0.65615
0.65013
0.65615
0.95719
0.72611
0.64714
0.63387
0.72778
0.66988
0.64121
0.72778
0.66527
0.6223
0.65313
0.75858
0.65313
0.64714
0.72444
0.66069
0.67453
0.68549
0.63973
0.66222
0.66069
0.69343
0.64417
0.65464
0.66069
0.69663
0.65013
0.62373
0.72778
0.64863
0.6792
0.65313
0.65615
0.69183
0.61802
0.86298
0.66527
0.75509
0.68391
0.67143
0.6368
0.65615
0.64121
0.64565
0.65464
0.62806
0.66069
0.63533
0.65163
0.78524
0.64863
0.64121
0.62806
0.63241
0.70795
0.66374
0.64269
0.64269
0.65615
0.64417
0.65163
0.65766
0.73621
0.76913
0.6792
0.64565
0.62517
0.65313
0.63826
0.8147
0.85507
0.8414
0.66834
0.65013
0.68865
0.76384
0.87902
0.71614
0.74473
0.67298
0.64714
0.64417
0.69984
0.65163
0.64417
0.65013
0.64417
0.65464
0.64565
0.63387
0.73621
0.66069
0.63387
0.64417
0.65313
0.6792
0.67608
0.6792
0.66069
0.63387
0.64269
0.65917
0.63387
0.67453
0.60814
0.65464
0.66527
0.66681
0.64417
0.66527
0.83946
0.61802
0.72946
0.65013
0.65615
0.65917
0.64565
0.67453
0.64269
0.66988
0.66069
0.63241
0.66374
0.70958
0.68234
0.77983
0.64417
0.65766
0.63973
0.65013
0.64565
0.74302
0.63533
0.65163
0.68234
0.67298
0.64417
0.63096
0.64565
0.63826
0.63826
0.63826
0.65313
0.69343
0.6368
0.64565
0.63973
0.64565
0.82604
0.64714
0.74645
0.65163
0.63973
0.64121
0.65615
0.67298
0.63387
0.62806
0.62517
0.64417
0.68391
0.62517
0.64714
0.66988
0.77983
0.66681
0.77625
0.73114
0.75509
0.68077
0.66069
0.65464
0.69663
0.68077
0.68234
0.73451
0.65013
0.8147
0.63241
0.77446
0.66681
0.63826
0.63387
0.64269
0.65013
0.69024
0.66988
0.65163
0.69502
0.90991
0.63826
0.89125
0.62661
0.64863
0.64714
0.64269
0.67608
0.65766
0.6368
0.66069
0.63533
0.66681
0.64417
0.63241
0.7656
0.79983
0.7379
0.69663
0.64565
0.66527
0.73961
0.72444
0.74645
0.69343
0.69984
0.65163
0.64417
0.64565
0.67143
0.66681
0.78705
0.82414
0.8147
0.65013
1.2445
0.68549
0.66527
0.68234
0.65615
0.69343
0.68391
0.6792
0.69502
0.65917
0.65013
0.73114
0.89536
0.74473
0.6368
0.70307
0.65615
0.66222
0.6792
0.69024
0.69343
0.71614
0.65464
0.64863
0.71945
0.67608
0.6368
0.64121
0.63241
0.64714
0.63826
0.65615
0.64565
0.68391
0.62951
0.64714
0.64565
0.66834
0.67453
0.70146
0.65766
0.6368
0.64863
0.64417
0.71614
0.68234
0.81096
0.84723
0.65464
0.69984
0.65766
0.65917
0.65013
0.66527
0.65313
0.69183
0.67143
0.66988
0.63973
0.67764
0.64714
0.65766
0.66069
0.69502
0.62517
0.63387
0.67764
0.64714
0.64417
0.67143
0.6368
0.63387
0.61235
0.69343
0.66834
0.66374
0.64269
0.64565
0.63241
0.64565
0.64269
0.72111
0.64417
0.76033
0.77625
0.77804
0.77983
0.80168
0.77983
0.75858
0.80353
0.76736
0.9247
0.72778
0.7925
0.88308
0.65464
0.76208
0.66834
0.69343
0.64863
0.66834
0.68549
0.66681
0.72111
0.66069
0.68391
0.65313
0.64121
0.67608
0.64269
0.66069
0.78163
0.81846
0.64714
0.64565
0.66222
0.67143
0.63096
0.78524
0.79799
0.8414
1.5066
0.72444
0.75858
0.94842
0.71121
0.67298
0.74131
1.0691
0.64121
0.63826
0.69183
0.64121
0.68707
0.66681
0.71121
0.69663
0.70795
0.7709
0.74131
0.82224
1.0093
0.97949
0.86896
0.69183
0.67453
0.63973
0.79799
0.65013
0.65313
0.67608
0.65615
0.66069
0.65464
0.63826
0.66069
0.65766
0.66988
0.66527
0.67608
0.67298
0.6792
0.89536
0.78524
0.78163
0.84528
0.89125
0.65917
0.73114
0.66988
0.65313
0.69024
0.66527
0.66374
0.69343
0.63973
0.65464
0.64121
0.74473
0.65313
0.67298
0.65464
0.68234
0.65766
0.64714
0.6792
0.8356
0.64565
0.78343
0.96828
0.66222
0.64269
0.68391
0.67298
0.67608
0.68077
0.65615
0.67608
0.76736
0.68707
0.65917
0.6368
0.69024
0.69984
0.67453
0.65766
0.65917
0.72277
0.67143
0.78705
0.72277
0.79616
0.65615
0.66681
0.65917
0.64863
0.62373
0.64863
0.64714
0.66834
0.71945
0.66222
0.65013
0.67298
0.64714
0.65615
0.65163
0.66834
0.62517
0.66374
0.64714
0.61944
0.69183
0.69343
0.71945
0.70632
0.71285
0.66374
0.69502
0.63533
0.72277
0.66069
0.68077
0.66222
0.67298
0.64863
0.66681
0.70307
0.67143
0.64714
0.66681
0.6792
0.66374
0.73114
0.66988
0.71945
0.77625
0.74645
0.65313
0.65013
0.67143
0.64863
0.62517
0.63533
0.63241
0.63241
0.65013
0.69343
0.69502
0.65163
0.68549
0.65313
0.68865
0.69984
0.64714
0.65917
0.69663
0.65313
0.66681
0.66374
0.69024
0.67143
0.66834
0.68391
0.66069
0.70307
0.6792
0.72778
0.64565
0.63533
0.66834
0.79983
0.80538
0.66222
0.68865
0.63533
0.67764
0.66834
0.68549
0.67453
0.65917
0.66069
0.66222
0.67608
0.68077
0.62661
0.64565
0.68549
0.62517
0.69024
0.69183
0.63533
0.64121
0.65615
0.66988
0.85901
0.66222
0.6792
0.67143
0.65163
0.67298
0.65163
0.66681
0.69183
0.68549
0.68865
0.67764
0.64863
0.67764
0.66988
0.68865
0.65013
0.68865
0.66374
0.66527
0.65313
0.7145
0.67453
0.69183
0.6792
0.67764
0.8414
0.64565
0.65464
0.65163
0.63826
0.67143
0.66988
0.65917
0.69823
0.75858
0.66069
0.63533
0.65163
0.68234
0.64565
0.66527
0.69502
0.63387
0.69663
0.68865
0.67764
0.66834
0.72611
0.67143
0.65313
0.94842
0.64863
0.88105
0.80538
0.7709
0.86896
0.74817
0.72111
0.66834
1.4555
0.83176
0.97499
0.72444
0.87096
1.028
0.93541
1.0186
0.93972
0.85901
0.76208
0.74131
0.86896
0.78886
1.0889
1.1803
0.76384
0.79799
0.82985
0.82224
0.70469
0.7145
0.68707
0.68077
0.71945
1.4388
0.66374
0.69502
0.7145
0.71779
0.73114
0.69823
0.66222
0.77983
0.90991
1.256
0.9506
0.77446
1.0233
0.68707
0.67608
0.64269
0.62951
1.1041
0.64565
0.64121
0.63826
0.73282
0.73282
0.877
0.64417
0.86696
0.67764
0.64121
0.66222
0.66681
0.65464
0.63826
0.65013
0.65163
0.65917
0.63533
0.65313
0.62517
0.69343
0.62087
0.66988
0.63241
0.6166
0.68707
0.65013
0.64269
0.66374
0.65464
0.91622
0.66681
0.63387
0.63387
0.66527
0.63826
0.63533
0.68707
0.66069
0.6368
0.64121
0.63973
0.66374
0.64417
0.65313
0.67764
0.66527
0.67608
0.64863
0.64714
0.62806
0.63533
0.64863
0.68707
0.63241
0.65464
0.65766
0.65917
0.64863
0.69663
0.67764
0.65615
0.63387
0.65917
0.66069
0.68391
0.6792
0.65313
0.69663
0.66834
0.64121
0.62661
0.68234
0.64121
0.63973
0.67298
0.69502
0.62806
0.64121
0.63533
0.66374
0.75162
0.67453
0.66222
0.66222
0.66222
0.63973
0.62951
0.62806
0.68234
0.64121
0.63533
0.63973
0.63533
0.74131
0.66374
0.62951
0.66988
0.63973
0.66374
0.67453
0.63241
0.66527
0.71945
0.64269
0.6223
0.70958
0.65766
0.63973
0.63241
0.67608
0.65917
0.65464
0.67298
0.65766
0.66527
0.63973
0.61235
0.66374
0.64121
0.70632
0.77804
0.70469
0.70307
0.73961
0.7145
0.69183
0.75509
0.71779
0.89125
0.66988
0.70958
0.65464
1.2503
0.75162
0.92045
1.074
0.96605
0.69343
0.66988
0.82414
1.0351
0.64863
0.66222
0.66069
0.66222
0.65766
0.64269
0.67298
0.69343
0.66834
0.68707
0.63096
0.73451
0.68234
0.63096
0.64714
0.6368
0.68549
0.63241
0.6368
0.67298
0.67608
0.66069
0.63973
0.64565
0.6368
0.66222
0.63533
0.66374
0.62373
0.65464
0.65313
0.6368
0.66222
0.67143
0.66527
0.64417
0.67298
0.74131
0.64863
0.73282
0.63096
0.63241
0.6166
0.6368
0.65163
0.68865
0.63533
0.69343
0.68077
0.68707
0.71285
0.65313
0.6368
0.63826
0.63826
0.62951
0.65766
0.65464
0.65464
0.68391
0.65163
0.65464
0.63973
0.61376
0.64417
0.64565
0.63973
0.66527
0.65766
0.67764
0.73114
0.70307
0.66374
0.68234
0.64863
0.65313
0.65163
0.82224
0.65313
0.64269
0.68234
0.61518
0.65766
0.62661
0.67298
0.6792
0.69823
0.65766
0.66222
0.66069
0.69183
0.66222
0.68707
0.72277
0.71121
0.65615
0.66834
0.80168
0.66834
0.68077
0.63826
0.65615
0.66222
0.70958
0.65464
0.64863
0.69663
0.75509
0.67298
0.68865
0.69502
0.63241
0.67608
0.65163
0.66069
0.6792
0.65615
0.66222
0.68234
0.6792
0.66988
0.68707
0.66988
0.77446
0.63096
0.65464
0.65013
1.0139
0.78524
0.67143
0.75162
0.68865
1
0.78705
0.79799
0.92257
0.87498
0.82035
1.0351
1.1535
1.0914
0.76913
0.81658
0.84723
0.73961
0.65615
0.66988
0.68077
0.66834
0.65163
0.63826
0.64417
0.63241
0.81846
0.73282
0.91833
0.98175
1.7742
1.135
0.64417
0.63826
0.64714
0.62806
0.63973
0.76913
0.71285
0.7379
0.69823
0.6368
0.65766
0.66681
0.71121
0.6792
0.81658
0.66374
0.65615
0.66681
0.65766
0.67608
0.63096
0.71285
0.66374
0.65766
0.66374
0.65766
0.65464
0.65766
0.65013
0.64565
0.64269
0.68707
0.78163
0.67143
0.66681
0.65766
0.69024
0.6792
0.66069
0.64863
0.67453
0.64565
0.70469
0.64565
0.65313
0.64121
0.6792
0.62806
0.68391
0.65013
0.63387
0.67298
0.66988
0.66834
0.66222
0.66834
0.68549
0.66069
0.64269
0.72111
0.65313
0.66374
0.64863
0.68391
0.68077
0.65766
0.68707
0.67143
0.64863
0.65163
0.65313
0.64565
0.65917
0.65464
0.64863
0.63241
0.65766
0.71779
0.66222
0.67453
0.69343
0.8414
0.64565
0.65013
0.70307
0.63826
0.64863
0.66527
0.66681
0.63973
0.66988
0.69183
0.66222
0.65766
0.64417
0.71614
0.63973
0.68549
0.6223
0.72946
0.68865
0.62951
0.63533
0.73114
0.68077
0.73451
0.64269
0.63387
0.64863
0.65615
0.68077
0.82794
0.62661
0.63973
0.62806
0.63387
0.64863
0.63241
0.65615
0.65013
0.77804
0.8892
2.2233
0.94406
0.87297
0.73621
0.79433
0.86896
0.8414
1.1041
1.0593
0.99312
1.2134
1.5205
0.97724
0.79983
0.83176
0.68707
1.3032
0.6792
0.78705
0.6368
0.65464
0.68707
0.68391
0.65013
0.73282
0.69502
0.66988
0.7656
0.67298
0.64714
0.63826
0.64863
0.67608
0.65013
0.62806
0.63533
0.66527
0.69502
0.68077
0.65615
0.63533
0.66834
0.69183
0.70146
0.72611
0.68077
0.70958
1.0641
0.67608
0.87498
0.88308
0.65766
0.61944
0.63241
0.66069
1.2735
0.82414
0.68707
0.65917
0.66069
0.63096
0.63387
0.65464
0.62806
0.66681
0.66374
0.63241
0.66222
0.65464
0.64269
0.64269
0.68077
0.66834
0.64565
0.66681
0.77804
0.74989
0.67298
0.67143
0.65313
0.67608
0.82035
0.68077
0.67453
0.67764
0.69183
0.70307
0.67608
0.68391
0.63096
0.65313
0.68549
0.63826
0.65163
0.63826
0.65464
1.2388
0.70146
0.66834
0.66988
0.63973
0.66527
0.64121
0.65917
0.68234
0.65464
0.65917
0.9528
0.93972
1.0186
0.98401
0.8091
0.74302
0.86298
0.84333
0.9977
0.81658
1.2331
1.4191
0.65464
0.90365
0.70146
0.66988
0.67453
0.7145
0.66681
0.68391
0.70632
0.69663
0.95719
0.78886
1.183
0.90365
0.70795
0.87096
1.2972
0.68865
0.65917
0.66222
0.6792
0.66374
0.65615
0.65313
0.67143
0.66222
0.64269
0.65917
0.67608
0.66374
0.69984
0.66834
0.62951
0.67143
0.72611
0.64565
0.66222
0.65766
0.64121
0.64121
0.65766
0.67608
0.66374
0.66374
0.64121
0.65615
0.68234
0.6792
0.66069
0.66222
0.69343
0.66988
0.66527
0.69024
0.67764
0.97949
0.65615
0.71945
0.70146
0.72277
0.69502
1.1015
0.71614
0.6792
0.85114
1.0691
0.65464
0.71945
0.90365
0.66374
0.64565
1.1561
0.67764
0.65313
0.68865
0.65013
0.63973
0.68549
0.67453
0.65163
0.66681
0.65313
0.66222
0.64121
0.65464
0.68234
0.66527
0.65013
0.62806
0.65766
0.67143
0.63241
0.66681
0.66069
0.67143
0.69502
0.67298
0.64565
0.65163
0.77446
0.67453
0.67608
0.65163
0.66069
0.69663
0.63973
0.65917
0.71945
0.65766
0.65313
0.62951
0.66527
0.66374
0.65766
0.64417
0.68391
0.66527
0.68077
0.82985
0.65917
0.75858
0.69984
0.69024
0.88308
0.8531
0.66834
0.65464
0.66527
0.67608
0.65766
0.67143
0.66069
0.6368
0.63387
0.68077
0.67143
0.64121
0.64417
0.73451
0.63973
0.6792
0.66527
0.71779
0.74302
0.70795
0.64565
0.62517
0.90365
0.78343
1.1092
1.1117
0.94406
0.72277
0.66527
0.78705
0.65917
1.0965
0.65163
0.6368
0.85114
0.77625
0.78705
0.66834
0.6368
0.65313
0.72611
0.65464
0.97499
0.80353
0.66374
0.65013
0.68865
0.69183
0.63387
0.62951
0.66222
0.62661
0.70958
0.64269
0.66069
0.65313
0.63973
0.64714
0.66527
0.62951
0.66834
0.71945
0.73114
0.64269
0.62661
0.65013
0.65163
0.65464
0.65163
0.64417
0.67143
0.68549
0.68077
0.65615
0.66834
0.64269
0.68707
0.66222
0.66834
0.85114
0.81283
0.83753
0.79983
0.64565
0.69024
0.99312
0.63096
0.67608
0.74473
0.71614
0.70146
0.65917
0.63826
0.67453
0.65766
0.63387
0.67764
0.67608
0.79068
1.3804
0.79799
0.87902
0.76384
0.72444
0.93756
1.0209
1.0139
0.89331
0.6792
0.66374
0.63387
0.63826
0.68549
0.65013
0.72611
0.67608
0.89743
1.1402
0.73961
1.2677
0.91833
0.8995
0.97499
1.0304
0.69663
0.76208
0.99083
0.65163
0.65766
0.68549
0.63096
0.68707
0.68549
0.76033
0.73282
0.79616
0.85114
0.97275
0.69502
0.93325
1.3614
0.68391
0.89125
0.67298
0.67298
0.90365
0.65013
0.65917
0.66681
0.67608
0.67143
0.65313
0.63826
0.63387
0.68391
0.70307
0.61944
0.65163
0.64417
0.68707
0.6368
0.66069
0.64417
0.6792
0.65766
0.64121
0.66069
0.66834
0.65464
0.64863
0.64714
0.66222
0.72611
0.66374
0.63387
0.67143
0.68707
0.64565
0.67608
0.64714
0.65013
0.64417
0.64269
0.65013
0.64714
0.66988
0.64863
0.62806
0.63533
0.65464
0.70795
0.69663
0.65917
0.66222
0.6792
0.66222
0.67143
0.74302
0.70632
0.67453
0.69343
0.66988
0.67298
0.69663
0.64714
0.71285
0.65163
0.63241
0.68549
0.65766
0.66222
1.0116
0.65313
0.63387
0.66069
0.75336
0.65917
0.72778
0.69823
0.64714
0.68077
0.66222
0.67298
0.8091
0.85507
0.64417
0.71121
0.65013
0.63241
0.76208
0.67453
0.65917
0.64417
0.63387
0.63241
0.78886
0.66374
0.66374
0.66988
0.66374
0.69823
0.64565
0.63533
0.71779
0.76033
0.66527
0.96383
0.67764
0.6792
0.66681
0.67453
0.64714
0.70146
0.64121
0.67143
0.64269
0.68077
0.69984
0.67453
0.64417
0.69343
0.69343
0.64565
0.66527
0.65766
0.68234
0.67608
0.65013
0.78524
0.72444
0.72611
0.79983
0.93541
0.64714
0.66374
0.70958
0.877
0.70632
0.72111
0.98401
0.77268
0.78343
1.0233
0.9247
0.93111
1.0116
0.88308
2.2646
0.99083
0.69024
1.1041
1.0965
0.75683
0.92045
1.9055
0.71779
0.85901
0.66988
0.6368
0.65917
0.66374
0.66988
0.66222
0.64417
0.99541
0.68707
0.65313
0.63387
0.63387
0.66988
0.65615
0.64863
0.67608
0.6368
0.65464
0.66834
0.65615
0.63826
0.66834
0.69024
0.68234
0.64269
0.63241
0.87498
0.66834
0.6368
0.68234
0.63826
0.65313
0.63826
0.63533
0.6368
0.77983
0.68077
0.77625
0.70146
0.69663
0.68234
0.78524
0.87902
0.62806
0.65464
0.63533
0.63973
0.63973
0.65163
0.62517
0.63241
0.66834
0.66527
0.64714
0.63241
0.63533
0.73114
0.66834
0.64714
0.68549
0.66069
0.63241
0.68391
0.63387
0.64269
0.69343
0.65615
0.6792
0.66527
0.65013
0.64417
0.64417
0.63241
0.66834
0.63826
0.66988
0.68707
0.64863
0.66069
0.65464
0.72778
0.76384
0.75162
0.68077
0.74473
0.77446
0.89125
1.1482
0.91411
0.66374
0.81658
0.63973
0.64565
0.93111
0.6792
0.62951
0.68234
0.65163
0.67608
0.65917
0.65917
0.65163
0.72277
0.88308
0.71121
0.76384
0.80168
0.95499
0.77268
0.65766
0.69343
0.83176
1.2503
0.78705
0.79799
0.78886
0.88308
0.86896
1.0789
0.96161
0.9247
0.94406
1.0765
1.3213
1.0351
1.374
1.0593
0.64714
0.62951
0.66374
0.9528
0.65766
0.65313
0.65917
0.65013
0.67764
0.98628
1.194
1.2023
0.74817
1.9679
0.69024
0.70307
0.74989
0.66374
0.67608
0.67143
0.68234
0.69663
0.63241
0.67143
0.66069
0.68707
0.67453
0.71121
0.70795
0.66069
0.67608
0.69024
0.62951
0.76208
0.7379
0.64565
0.89125
0.89125
0.8531
0.87498
0.67298
0.66222
0.67453
0.68234
0.64565
0.66988
0.65013
0.68234
0.68391
0.66374
0.65615
0.65163
0.65013
0.65313
0.67764
0.69984
0.64417
0.65464
0.64863
0.67298
0.66681
0.65766
1.0116
0.67453
0.72778
0.76736
1.0691
0.63241
0.64269
0.66374
0.64121
0.66222
0.6792
0.64565
0.66681
0.66834
0.72946
0.69823
0.73282
0.64714
0.65163
0.85507
0.67143
0.68865
0.99312
0.64714
0.66222
0.65766
0.69343
0.62951
0.68391
0.65464
0.6368
0.66988
0.72111
0.65013
0.68391
0.67143
0.69823
0.66222
0.67764
0.66069
0.68549
0.65917
0.71121
0.65917
0.67143
0.66374
1.1858
0.66069
0.70795
0.69663
0.65163
0.9506
0.86696
1.2445
1.099
1.1015
1.5031
1.349
1.7022
0.64121
0.67298
0.64269
0.64863
0.62373
0.62951
0.73282
0.7145
0.95719
0.6368
0.71285
1.0304
1.0544
1.3062
1.0162
1.219
1.5171
0.64565
0.70146
0.66834
0.62373
0.62951
0.65766
0.65615
0.65313
0.65163
0.63973
0.65615
0.70632
0.70307
0.77446
0.86497
0.68549
0.7145
0.77983
1.1641
1.0257
0.70146
0.73114
1.1376
0.72111
0.72946
0.78343
2.1135
0.63241
0.66374
0.66222
0.66681
0.65313
0.66834
0.69502
0.62806
0.62373
0.64565
0.65163
0.64565
0.63533
0.63387
0.64565
0.65917
0.66834
0.63533
0.69984
0.67764
0.66834
0.66681
0.66527
0.62806
0.64269
0.63241
0.65013
0.93111
0.70469
0.65615
0.81096
0.96828
0.98401
0.90991
0.91201
0.65917
1.0209
0.80353
0.67298
0.94189
0.66527
0.66069
1.1482
0.67608
0.70146
0.6792
0.66834
0.65615
0.70958
0.72277
0.63826
0.65917
0.65013
0.65464
0.64417
0.65464
0.65013
0.68549
0.66988
0.65163
0.68707
0.66681
0.69024
0.6166
0.63973
0.63241
0.62517
0.66222
0.6368
0.66374
0.63533
0.67143
0.62373
0.64714
0.62087
0.67764
0.66069
0.91622
0.85901
0.85901
0.8414
0.76033
1.0375
0.65013
1.1324
0.79068
0.86896
0.83946
0.93111
1.2274
0.94842
1.0641
1.1858
0.73621
0.93541
1.0093
1.4588
0.99541
0.94624
1.3305
0.80538
0.90573
0.75162
1.6106
0.92683
0.89125
0.94406
0.8356
0.79983
1.0839
1.2162
0.66834
0.66374
0.95499
0.65766
0.63973
0.65615
0.67453
0.70795
0.66834
0.62517
0.64714
0.64714
0.66681
0.64863
0.65766
0.72611
0.66374
0.65917
0.65464
0.65917
0.66527
0.65464
0.64269
0.6792
0.65615
0.68865
1.2589
0.67453
0.64417
0.65464
0.66069
0.67764
0.65313
0.65464
0.65013
0.64714
0.68391
0.62951
0.65013
0.62951
0.64714
0.65917
0.65464
0.67453
0.85507
0.66069
0.98401
0.66527
0.64565
0.63826
0.77625
0.77625
1.0139
1.9724
0.74645
0.98628
1.1967
0.66527
0.64714
0.68707
0.67453
0.65464
0.63387
0.66374
0.66681
0.69024
0.68707
0.67298
0.69183
0.62517
0.66222
0.67764
0.64269
0.62951
0.76736
0.76384
0.74131
0.70632
0.78705
0.72277
1.0864
1.3152
1.349
0.65464
0.66069
0.66222
0.66069
0.9594
0.64863
0.84918
1.0839
0.69343
1.099
1.4689
0.67298
0.69823
0.68234
0.69024
0.66222
0.65163
0.66069
0.68077
0.65766
0.65917
0.72946
0.65163
0.66069
0.63826
0.71285
0.65766
0.71285
0.65917
0.66069
0.78163
0.69024
0.6792
0.67298
0.69183
0.67608
0.67764
0.66988
0.65013
0.67298
0.68391
0.66834
0.64863
0.67608
0.64714
0.67453
0.64565
0.64417
0.62806
0.62517
0.73961
0.67453
0.65013
0.64269
0.64121
0.66988
0.64417
0.64714
0.61235
1.0889
0.68234
0.69984
0.72111
0.66527
0.67143
0.64863
0.64714
0.64121
0.69663
0.65464
0.6223
0.66222
0.64121
0.65615
0.63096
0.65464
0.63826
0.6223
0.6368
0.66681
0.63241
0.65163
0.64565
0.65615
0.68077
0.69663
0.69823
0.64269
0.69823
0.65766
0.65464
0.65615
0.68391
0.67453
0.69343
0.63241
0.66988
0.65766
0.61518
0.63241
0.66374
0.65013
0.65464
0.68707
1.0375
0.72946
0.79068
0.76033
0.85704
0.72946
0.84918
0.81846
0.93756
0.91833
1
1.0471
1.3677
0.89331
0.84918
0.99541
1.2417
1.2331
0.96383
0.67298
1.0864
0.93111
1.5524
0.66834
0.67608
0.63241
0.67143
0.67298
0.67143
0.81283
0.68391
0.69823
0.64121
1.1066
0.71945
0.87096
1.6331
0.63533
0.69024
0.70469
0.67143
0.69823
0.66069
0.6792
0.65917
0.68707
0.65766
0.68234
0.67453
0.68077
0.63096
0.64565
0.65013
0.63826
0.65917
0.71945
0.65917
0.65766
0.66834
0.66681
0.66681
1.3213
0.71779
0.64863
0.67453
0.67143
0.65163
0.65917
0.63241
0.66681
0.68707
0.66988
1.39
1.3366
1.5922
6.223
10.544
11.272
9.8628
9.0991
9.247
1.1143
1.194
1.4191
2.9923
0.72778
5.5976
15.631
11.092
10.544
9.0573
8.5901
13.397
9.9541
11.749
9.9083
10.471
1.1588
1.8664
4.7643
0.74989
0.75336
13.646
12.618
9.6383
14.723
11.535
9.0365
9.6161
12.531
13.062
12.246
12.677
13.366
15.596
11.117
1.1092
0.84918
0.99312
1.0839
3.9811
7.3621
14.322
14.825
8.6896
9.6605
12.764
7.2277
10.666
9.7949
18.072
17.061
11.482
9.4624
12.942
10.789
14.723
8.6696
11.912
13.366
11.995
10.093
7.9983
14.322
9.1201
11.885
13.002
14.791
9.8175
12.106
10.814
17.865
11.324
17.418
11.94
15.346
11.912
10.209
9.5719
7.6736
10.544
10.666
11.272
11.194
11.066
11.041
10.544
14.997
11.885
15.959
1.5101
6.223
15.311
13.274
10.046
14.028
11.722
16.672
13.9
11.066
12.134
11.695
16.144
13.772
10.691
9.594
11.429
8.1846
9.7275
0.91833
13.366
20.184
15.959
15.959
16.904
16.482
13.428
13.772
10.889
14.488
12.589
14.723
13.709
10.304
12.912
9.5499
11.508
5.5976
14.928
13.49
9.2897
11.588
7.6208
11.143
8.2604
14.289
16.982
9.1833
6.9183
15.136
15.453
9.4624
11.776
11.35
9.7724
13.305
9.9541
12.882
15.311
9.9083
7.7804
9.506
12.19
9.9312
18.113
13.49
8.9125
9.8628
10.186
7.0958
10.74
8.5704
11.535
9.1622
8.1658
13.709
12.823
8.6099
13.428
13.996
1.7579
1.406
10.093
10.023
0.97949
0.75336
8.8105
16.106
16.181
12.503
11.885
11.776
13.274
14.962
11.041
12.706
11.722
10.328
9.6161
8.995
13.092
11.858
10.691
7.8524
12.912
12.823
9.2257
11.324
11.402
11.668
9.8628
16.293
2.0845
0.72946
4.0926
4.4566
10.814
13.366
12.417
8.7297
9.5499
9.1622
10.351
13.183
7.5683
8.147
12.303
9.0782
10.046
10.328
9.3541
8.5507
12.388
1.099
1.0375
1.0186
2.3335
7.4817
15.922
11.272
11.588
15.488
15.812
9.528
9.1833
11.803
15.417
11.35
14.322
10.691
11.092
9.2045
10.328
1.5171
7.5858
12.05
13.305
11.272
9.0365
9.7275
11.83
13.709
10.74
11.376
10.544
6.6527
9.6605
11.776
13.274
9.5499
10.99
9.1411
8.414
12.417
8.8308
13.032
11.194
2.9512
2.6122
5.9293
14.928
8.147
11.83
8.5114
9.1833
13.49
4.1783
0.69024
0.73621
1.2359
11.092
6.7143
8.2985
9.7724
12.134
9.6383
10.447
11.117
11.995
9.7949
9.1833
9.4842
13.032
12.474
11.535
10.186
9.8175
11.83
1.4757
1.1092
6.0814
13.092
14.06
10.139
12.445
9.6605
10.447
15.56
9.6605
9.0157
11.298
9.9083
9.8401
9.4842
15.241
13.152
8.0724
8.6497
9.4406
11.298
11.668
9.0157
7.6913
8.531
1.845
8.2224
11.83
16.788
9.3972
9.8401
8.892
8.1846
8.9536
11.776
12.331
11.967
3.1261
10.544
11.482
9.6605
12.735
10.447
20.417
14.421
10.069
8.7297
11.455
13.614
9.9312
1.3996
1.39
10.789
10.666
10.139
10.765
8.3753
10.94
11.376
18.88
15.453
11.22
10.116
9.528
10.116
9.7499
8.0168
7.3451
0.81846
5.1286
10.839
10.304
12.882
8.8308
9.9083
7.9616
11.83
8.3368
7.2277
14.322
12.162
8.3176
12.531
9.3111
7.5683
9.2257
9.9312
8.0724
8.414
9.1411
18.408
15.311
10.544
9.9541
11.749
7.2611
13.122
10.351
10.691
9.594
10.99
9.0573
10.52
14.06
20.845
9.977
4.7643
7.7804
10.568
11.803
12.912
9.7051
27.797
45.29
22.961
17.947
16.406
16.904
17.418
19.907
18.967
17.498
14.894
13.709
12.912
17.458
15.205
13.122
15.885
11.967
15.136
14.388
15.885
16.255
14.322
16.368
10.765
14.028
