18.365
14.355
14.355
41.591
15.311
9.3756
11.641
5.9429
5.5847
16.406
9.6828
9.7949
7.4989
9.9541
15.346
11.194
7.5858
4.8641
12.503
0.79983
11.429
15.136
15.776
8.892
12.589
9.8628
11.066
10.116
11.194
5.1286
7.9799
12.618
11.749
9.0573
14.488
5.0816
13.868
14.622
8.0724
9.3111
0.88105
11.066
11.83
15.031
15.849
15.171
14.158
11.967
5.6364
9.6828
14.454
17.906
13.428
15.346
13.459
15.311
18.967
17.418
6.9502
11.169
13.964
13.996
15.171
0.93541
0.84528
9.2897
13.964
13.709
13.709
13.366
17.219
12.388
11.561
1.652
1.0839
1.0351
1.4622
1.2972
5.7544
9.1622
0.74131
0.877
11.169
14.454
16.711
16.827
12.647
15.205
13.964
2.1577
12.942
16.069
17.338
14.689
13.709
14.488
17.298
16.982
13.274
0.98175
0.88512
0.92897
10.093
14.256
19.187
13.552
17.298
17.865
13.428
10.023
15.74
11.376
1.0139
1.8493
0.83176
1.556
2.5351
14.06
6.8707
9.3972
19.055
13.932
16.482
17.061
13.428
9.977
12.823
4.2462
3.581
0.98175
0.98401
6.3826
15.668
18.493
14.028
13.646
3.4041
5.9979
7.1779
16.032
17.701
13.996
18.072
15.136
14.256
16.255
0.91411
0.87902
13.996
15.241
15.382
17.022
16.218
13.243
13.868
1.5996
0.93972
1.9187
11.272
22.751
12.162
14.757
13.709
0.8414
9.6383
12.106
15.101
15.74
7.8886
19.099
16.144
16.032
14.093
13.9
13.213
0.92897
1.0593
1.0544
0.86298
9.3541
3.3729
2.2856
2.3281
1.7338
2.9923
1.256
1.0304
1.8664
1.4655
1.4655
1.0186
6.8865
2.4946
0.80353
0.92897
11.35
12.246
15.959
18.707
15.241
2.1135
14.06
17.579
14.655
15.885
12.853
12.106
14.322
2.5645
4.8753
1.1272
3.2734
1.1015
8.7902
16.255
11.455
14.06
15.066
18.323
16.293
15.959
16.293
13.032
12.56
13.274
11.967
2.3605
0.85704
8.1658
4.9091
3.9811
11.376
13.74
11.967
13.521
15.56
11.376
14.223
11.722
12.134
15.812
1.4894
1.0304
1.1803
1.5276
8.1658
1.0423
13.122
0.89125
8.0724
0.8892
1.3122
1.39
1.0544
1.0889
1.406
1.2972
2.2182
6.7608
14.859
12.134
14.388
19.409
4.529
4.1305
11.324
13.002
16.52
14.588
14.588
15.382
13.183
15.311
14.555
17.418
12.882
6.0814
0.8147
0.81658
0.84333
0.82604
6.2951
11.066
13.49
5.5719
1.1641
3.3884
4.0926
1.8197
1.1885
3.8371
4.5186
12.106
14.791
14.158
12.882
14.421
11.041
11.324
13.335
0.94189
0.92683
0.94189
0.877
0.98855
0.89125
0.90365
1.0375
7.0632
15.959
10.471
8.9125
10.544
14.723
1.9861
2.6424
2.1777
0.85507
11.324
16.596
17.418
12.56
13.996
12.023
13.243
13.583
13.002
6.1094
1.9143
1.256
1.3183
1.4622
1.1324
1.4093
1.4588
1.2023
1.4555
1.3366
1.5849
2.0749
2.355
1.0069
1.0328
0.83176
0.80538
0.81283
0.74131
0.81658
1.5524
1.4256
1.652
1
0.80724
1.028
0.90991
0.77268
2.6915
2.355
1.0544
0.89125
1.7579
1.2246
1.099
1.0544
1.1722
1.0139
2.9512
2.4491
3.0409
1.6749
1.766
1.2853
1.3772
1.2445
1.2134
2.2961
1.1776
1.7258
1.0617
1.0789
2.0184
1.028
1.4158
1.4555
3.9084
2.9444
1.1614
0.9594
7.7268
16.032
3.1046
0.94189
1.0765
1.5136
2.4604
3.2359
7.3114
7.9616
12.417
1.0257
1.194
1.0399
1.349
1.5171
1.2417
1.5382
1.5849
1.3583
8.356
9.506
1.0593
0.82224
0.87096
0.79983
2.1627
0.81658
1.0617
0.85114
0.81096
4.3853
1.0423
1.4488
1.4289
1.4289
0.97724
1.3836
0.97724
10.666
20.045
1.1535
1.5311
15.417
15.276
13.152
16.255
11.22
4.0926
15.631
12.023
12.618
6.6834
10.093
0.74989
1.5885
1.5959
7.7268
1.7061
1.0544
1.0914
1.122
1.0765
1.2303
1.2972
1.074
1.7824
1.3868
1.2106
1.406
1.0304
1.0666
1.1402
1.0257
1.1402
1.099
1.2134
1.4289
1.3122
1.0814
1.3614
1.1272
1.652
1.0447
1.4894
1.8923
2.1281
0.97499
0.97499
1.4256
1.652
1.4028
1.3397
0.9528
1.0568
2.5527
1.5453
6.2661
7.7983
13.002
14.894
13.152
13.49
13.521
14.928
16.943
15.74
17.458
14.322
14.622
7.8163
1.2823
27.479
0.78524
2.5942
0.81096
0.76384
0.83176
0.74645
0.79799
1.2882
1.3305
1.135
2.7606
2.5119
0.95499
1.7179
1.0814
1.3366
1.2912
1.3062
3.6813
1.9143
6.166
2.1135
1.6788
1.6144
1.2794
0.96828
1.4093
1.4454
1.1561
1.0889
6.2806
9.7275
5.236
10.864
2.9376
1.9187
1.6069
1.3152
1.2106
1.0544
2.1528
1.7418
1.099
1.3614
1.9143
1.803
1.052
1.1402
1.2794
1.5101
0.98401
1.1376
1.6181
1.1169
2.8576
12.531
14.555
16.672
17.579
14.488
12.618
16.406
14.791
14.223
1.2331
0.78886
0.7925
0.77625
11.429
0.76913
0.78705
3.7844
0.86099
1.4757
1.0864
0.92897
0.78886
0.74817
0.7656
1.5524
0.91411
1.028
1.1194
1.1298
3.0832
1.3152
0.7379
1.4355
0.7379
0.70958
0.74473
0.93541
1.4622
1.9907
0.86896
0.76033
0.86696
0.89331
0.75858
0.79616
0.82224
0.87096
0.92897
3.4754
3.8815
0.71121
0.69502
0.69823
0.71614
0.70307
0.7925
0.84333
0.68077
0.72277
0.72277
0.71121
0.71121
0.76208
0.69183
0.68234
0.75683
0.87498
0.74645
0.68865
0.67298
0.69984
0.68549
0.68707
1.3996
0.93325
0.66834
0.68077
0.72778
0.68391
0.68549
0.73621
0.71285
0.67764
0.71945
0.97499
0.96605
0.75509
0.70958
0.79983
0.75162
0.70632
0.69183
0.70146
1.219
1.9907
0.73282
1.5922
0.89536
1.4928
1.2388
1.1561
1.7701
1.1455
0.94624
1.1324
1.4322
1.0765
0.81658
0.78705
0.67453
1.2647
0.69024
0.85704
0.74645
0.70632
0.74302
0.68707
0.69024
0.72946
0.69343
0.77804
0.67143
0.98401
0.66527
0.72946
0.68707
0.73621
0.68077
0.71945
0.72778
0.71285
0.90573
0.70307
0.76913
0.74645
0.71945
0.69024
0.67608
0.74302
0.70146
0.80724
2.0559
0.73114
0.90365
0.75509
0.82414
0.80724
0.7145
0.77983
0.8147
0.80538
0.76736
0.82985
0.7709
0.86696
1.3964
1.1092
1.0889
0.79799
0.91833
1.4223
1.6293
0.81283
0.77983
1.1298
0.77268
0.71285
0.78886
0.81658
0.77268
0.70307
0.66374
0.71945
0.71614
0.73114
0.68707
0.76033
0.98628
0.98628
1.1194
0.93111
1.0209
1.1194
1.4223
0.88105
0.92045
1.39
1.4256
1.5136
3.4754
1.5136
0.68391
0.85901
0.73451
0.69663
0.8356
1.1092
0.74817
0.78343
0.75162
0.74131
0.7379
0.70958
0.75336
0.81283
0.73114
0.71285
0.7656
0.7145
0.72111
0.71285
0.68707
0.72277
1.0568
0.91201
0.73282
0.71285
0.69502
0.68707
0.69823
0.69183
0.68234
0.87902
0.93111
0.76384
0.69823
0.71614
0.72611
0.70795
0.76033
0.74645
0.87498
0.90991
0.70958
0.70958
0.70307
0.72611
0.73282
0.76208
0.6792
0.72277
0.8147
0.7656
0.70795
0.70958
0.75162
0.72111
0.73621
0.74817
0.73282
0.72611
1.1429
0.72277
0.73282
0.77625
0.73114
0.74989
0.70958
0.76208
1.0691
0.76736
0.72611
0.74989
0.71779
0.73451
0.69183
0.85507
0.73621
0.97275
0.8414
0.88512
0.70958
0.73114
0.76384
0.99541
0.75336
0.79983
0.80168
0.75509
0.72946
0.77625
0.75336
0.69502
0.7379
0.69024
0.74817
0.81658
0.84918
0.81096
0.79983
0.69024
0.72444
0.7379
0.70632
0.72778
0.7379
1.0789
1.1967
0.73621
0.73961
0.73451
0.72946
0.79616
0.75683
0.77446
0.66374
0.877
0.70958
0.69984
0.7145
0.70146
0.75162
0.79068
0.79616
0.71285
0.87096
0.70307
0.69663
0.73114
0.72946
0.69663
0.71779
0.72111
0.7709
0.90991
25.763
0.83753
0.76384
0.76736
0.77983
1.2274
0.91411
0.85114
0.87902
0.85901
0.77268
0.72111
1.1429
0.83368
0.75162
0.8091
0.76033
0.85114
0.93325
0.71945
0.74131
1.4289
0.7145
0.72778
0.75509
0.70632
1.1015
1.5417
1.0914
1.4191
1.219
1.205
1.1967
1.256
1.1858
1.2246
1.4928
3.5075
1.5776
0.9977
1.374
1.0447
0.71285
1.3932
0.68865
1.094
22.542
0.93972
0.92897
1.0069
1.2445
1.0375
1.3152
1.2162
3.5563
0.89536
0.73282
0.75336
0.70958
0.77446
0.73961
0.74131
0.72611
0.76384
0.83368
0.85704
0.78524
0.76208
0.73114
0.70469
0.80353
0.70469
0.73282
0.72611
0.94842
0.8531
0.92683
0.94624
1.9454
2.1627
2.1086
2.023
2.0797
1.3709
0.97724
1.4191
1.4488
1.4223
1.3964
1.3002
1.5101
1.3335
1.9364
3.4435
0.93541
1.0864
0.79433
1.0116
0.88105
0.97051
0.97724
0.75683
0.71121
0.74302
0.79068
0.79068
0.80538
0.75858
0.73282
0.78886
0.9594
0.72778
0.74989
0.79799
0.74302
0.74473
0.76208
0.81283
0.76033
0.90573
0.78343
0.79616
0.72611
0.8091
0.72778
0.78524
0.77268
0.71614
0.76736
1.0889
0.82035
0.7145
0.76208
0.73114
0.82985
0.73282
0.75858
0.98855
0.75858
0.71945
0.80724
0.77625
0.74989
0.74131
1.0116
0.70307
0.88105
0.72946
0.75683
0.71285
0.73114
0.71614
0.74817
0.77983
0.69343
1.0186
0.80353
0.75162
0.75162
0.69984
0.71121
0.73451
0.72277
0.70795
1.2274
0.7379
0.80724
0.7379
0.74817
0.74989
0.71614
0.69343
0.72611
0.72111
0.79433
0.79983
0.79799
0.74473
0.70469
0.78524
0.75858
0.69343
0.73961
0.88308
0.69024
0.74302
0.89125
0.75858
0.76033
0.7709
0.71285
0.72277
0.74817
1.1117
0.72611
0.70795
0.73621
0.76384
0.69343
0.73621
0.85114
0.70632
0.98175
26.002
0.77983
0.74645
0.73114
0.72444
0.69343
0.73282
0.75162
0.75336
0.7379
0.76384
0.73451
0.76208
0.73961
0.74645
0.78343
0.72778
0.97051
0.74645
0.73451
0.79799
0.75162
0.7656
0.91201
0.79799
0.78343
0.89331
1.0046
0.78524
0.92045
0.93325
0.99541
0.9977
0.77446
0.80538
0.78524
0.76384
0.78524
0.73621
0.74131
0.79068
0.7379
0.8147
0.8356
0.75509
0.7925
0.72444
0.76913
0.72611
0.72277
0.80353
0.76208
0.70307
0.87297
0.70632
0.70469
0.82604
0.77268
0.78524
0.90782
0.73282
0.70307
0.74473
0.79983
0.73451
0.71121
0.7709
0.69343
0.80168
0.77983
0.80724
0.72946
0.89125
0.85901
0.74989
0.7145
0.79983
0.70958
0.70307
0.70146
0.72277
0.80168
1.0069
0.92897
0.71614
0.72946
0.73114
0.82604
0.7145
0.7379
0.76736
0.84528
0.78705
0.75858
0.72946
0.7656
0.8091
0.7709
0.89536
0.87498
0.7145
0.86099
0.69183
0.73961
0.75683
0.78886
0.71121
0.80353
0.82794
0.70469
1.0889
1.194
0.81658
0.73961
0.70632
0.73451
0.75162
0.87096
0.7925
0.72277
1.0375
0.93756
0.79433
0.877
0.73961
0.76384
0.71285
0.78886
0.74817
0.8892
0.72277
0.79799
0.76033
0.7379
0.71945
0.73114
0.84333
0.80168
0.74645
33.651
0.77804
0.77625
0.76384
0.74302
0.76208
0.86298
0.7709
0.88105
0.7379
0.80168
0.7656
0.72778
0.75336
0.74131
0.74302
0.77446
0.74817
0.72111
0.75683
0.76033
0.74302
0.72946
0.74131
0.75509
0.73451
0.94406
0.8147
0.79068
0.72277
0.76208
0.8091
0.76033
1.5241
1.0715
1.135
1.4894
1.0233
0.96161
1.1376
1.0789
1.2972
1.6904
1.194
0.90782
0.87902
0.84918
0.75683
0.72946
0.75162
0.75858
0.75336
0.74817
0.74302
1.0399
0.73451
0.70307
0.74131
0.99541
0.69984
0.76208
0.74645
0.7145
0.68391
0.97275
0.84918
0.86896
0.79616
0.77446
0.72946
0.72611
0.73282
0.75162
0.76208
0.96605
0.77625
0.73621
0.79068
0.73451
0.72946
0.8147
0.74989
0.74302
0.90157
0.7379
0.74989
0.70469
0.73114
0.71121
0.77804
0.77268
0.7145
0.90157
23.174
0.85901
0.79068
0.76033
0.72111
0.78163
0.74302
0.7925
0.75162
0.70307
0.72946
0.76384
0.7379
0.70795
0.70958
0.80538
0.70307
0.74473
0.73961
0.98175
0.70795
0.75509
0.76033
0.76384
0.71945
0.73114
0.74131
0.78343
0.8995
0.85704
0.82035
0.79616
0.82794
0.79068
0.7656
0.82794
1.028
0.8995
1.099
0.87297
1.5631
0.74645
0.80724
0.80353
0.75336
0.87297
1.0715
0.75858
0.77446
0.72444
0.77625
0.75509
0.8892
0.94406
1.028
0.78705
0.79983
0.87498
0.75683
0.74645
0.70632
0.74817
0.76736
0.7145
0.93541
0.7656
0.71779
0.73961
0.8147
0.78343
0.74302
0.76208
0.72111
0.81846
2.1429
0.75858
0.74131
0.69183
0.70307
0.80724
0.78343
0.73451
0.89536
0.7656
0.94406
0.73621
0.82035
0.74817
0.71945
0.76033
0.72611
1.1041
0.80353
0.75162
0.68865
0.74473
0.7379
0.75683
0.72444
0.72277
0.76384
0.78524
0.74302
0.84528
0.76384
0.71285
0.76208
0.76033
0.81846
0.78524
0.72946
0.74645
0.75509
0.73451
0.75509
0.77446
0.76913
0.75683
0.70632
0.93325
0.81846
0.70795
0.75336
0.70146
0.76736
0.77446
0.72444
0.73621
0.87096
0.76384
0.83368
0.74302
0.74473
0.72444
0.77625
0.76208
0.79799
0.77983
0.77268
0.82414
0.74817
0.78886
0.79616
0.76736
0.77983
0.76913
0.76913
0.77804
0.81846
0.7656
0.75858
0.76384
0.74645
0.74131
0.74302
0.74817
0.72778
0.87297
0.877
0.73451
0.75683
0.78705
0.79068
0.91622
0.75509
0.74302
0.82985
1.2912
0.81658
0.74645
0.75858
0.72111
0.79433
0.70146
0.76384
0.75683
0.78343
0.88512
0.76384
0.82035
0.74989
0.78524
0.74473
0.7379
0.76208
0.79068
1.0399
0.76736
0.81658
0.73621
0.76208
0.8147
0.81846
0.75162
0.8356
0.82794
0.79799
0.7379
0.7656
0.7379
0.73621
1.4791
1.349
0.70469
0.76736
1.0257
0.71945
0.73451
0.75683
0.71121
0.74989
0.73621
0.68549
0.75858
0.74131
0.74817
0.70146
0.75336
0.70795
0.79983
1.0093
3.0903
0.80168
0.89536
0.77446
1.0351
0.88308
0.92683
0.77804
0.83368
0.82794
0.71779
0.87297
0.75162
0.81658
0.76736
1.0544
0.96383
0.83176
1.028
0.7145
0.73282
0.73451
0.73282
0.83946
0.7379
0.80168
0.74473
0.84918
0.7379
0.93756
1.0765
0.90157
0.78705
0.69984
0.69343
0.82035
0.82985
0.80538
0.77446
0.77983
0.82604
0.80353
0.77446
0.71614
0.72111
0.77983
0.74989
0.69823
0.74302
0.7925
0.877
0.72111
0.7379
0.82224
0.74817
0.7145
0.71614
0.76384
0.83368
0.83946
0.73961
0.74473
0.77446
0.70958
0.76033
0.73282
0.75162
0.70795
0.97499
0.73451
0.69183
0.81283
0.71779
0.7656
0.74817
0.74645
0.72277
0.83753
0.74302
0.74302
0.71121
0.7656
0.77446
0.88716
0.72778
0.74473
0.82035
0.81096
0.91411
0.76208
0.72946
0.75858
0.73114
0.7379
0.72444
0.7709
0.74817
0.75509
0.76208
0.76208
0.77446
0.73621
0.89743
0.76384
0.75858
1.3428
0.73451
0.70469
0.77268
0.70632
0.70469
0.77983
0.69984
0.78343
1.1066
0.91622
0.70632
0.69823
0.73114
0.71121
0.76913
0.69984
0.73621
0.74645
0.70795
0.70632
0.68865
0.72111
0.72611
0.71779
0.83176
0.7145
0.77446
0.8147
0.79433
0.79433
0.93325
0.73621
0.70632
0.72611
0.69984
0.75162
0.72444
0.89125
0.70307
0.96605
0.74302
0.76033
0.72111
0.70958
0.69823
0.9506
0.7145
0.92045
0.70307
0.7656
0.68391
0.93972
0.85901
0.73451
0.77446
0.94624
0.94624
1.0023
0.80353
1
0.75858
0.72444
0.86099
0.73282
0.74473
0.76913
1.1066
0.76384
1.3122
0.74302
0.70795
0.81846
0.90782
0.76208
0.73282
0.98628
1.1066
0.68865
0.76208
0.71614
0.72111
0.69984
0.77625
0.72444
0.68391
0.85704
0.72111
0.80538
0.75683
0.69984
0.73961
0.71779
0.74302
0.69823
0.7709
0.76033
0.70469
0.78705
0.79433
0.76033
0.78343
0.78705
0.75509
0.77268
0.78163
1.028
0.73282
0.72111
0.80168
0.7145
0.71121
0.79616
0.70958
0.85901
0.92045
0.90782
0.74645
0.71614
0.75683
0.73961
0.83753
0.73961
0.8892
0.71945
0.75858
0.74302
0.74302
0.74989
0.72444
0.72778
0.72611
0.70632
0.86896
0.98628
0.83368
0.79068
0.72444
0.67608
0.71614
0.78163
0.74473
0.92257
0.84333
0.70958
0.7656
0.72277
0.73451
0.73114
0.81658
0.73114
0.74817
0.81846
3.7844
0.75162
0.73282
0.73114
0.79616
0.69823
0.76913
0.74302
0.87498
0.70146
0.83368
0.73451
0.7145
0.70146
0.69183
0.73621
0.82794
0.73961
0.82604
0.80168
0.78343
0.7656
0.74302
1.0423
0.80538
0.77268
0.69343
0.82794
0.71614
0.74302
0.76736
0.71779
0.76208
0.66527
0.75162
0.86298
0.80353
0.96605
0.7145
1.0471
0.88716
0.73961
0.84918
0.78705
0.76736
0.91622
0.80353
0.82604
0.7925
0.85507
0.93111
0.75162
0.92257
0.71779
0.93325
0.83176
0.73282
0.69024
0.9506
0.71779
0.80353
0.7925
0.82224
0.92897
1.0139
0.72946
0.73621
0.74989
0.73621
0.77804
0.70632
0.75858
0.92897
12.19
0.70958
0.76736
0.70307
0.77268
0.73451
0.77804
0.70958
0.77268
0.73451
0.78886
0.77804
0.74989
0.76033
0.92045
0.80353
0.70958
0.68391
0.86497
1.1429
1.3868
0.72778
1.2218
0.87096
0.96161
1.0116
1.0093
1.0965
0.85704
0.877
1.3646
0.91201
0.69343
1.1776
0.94624
0.8356
1.6982
1.1776
0.96828
0.92683
1.0209
1.0666
1.5382
0.96383
1.1117
1.5959
1.1885
1.0233
1.3032
0.89743
1.0789
1.0399
0.78886
0.88512
0.72277
0.9506
0.72277
0.77446
0.66834
0.90573
0.76736
0.77446
0.87498
0.72444
0.93111
0.83753
0.73282
0.67453
0.68707
0.75509
0.71121
0.76913
0.72611
0.75683
0.81846
0.94189
0.7656
0.69663
0.70795
0.69663
0.89125
0.75858
0.74817
0.80724
0.99312
0.70307
0.75162
0.877
0.70632
0.74131
0.87096
0.80168
0.70469
0.72778
0.75509
0.75336
0.74473
0.8531
0.71945
0.84333
0.86099
0.81283
1.2162
1.1561
0.89125
0.8147
0.82035
0.84528
0.92257
1.2388
1.0304
0.77804
0.79799
0.74989
0.93972
0.84723
0.7145
0.7656
0.80168
0.69343
0.73621
0.76913
0.72111
0.79799
0.72277
0.74817
0.8091
0.89743
0.72778
0.79983
1.0715
0.76736
0.75683
0.75858
0.73114
0.77446
0.72946
0.73621
0.71779
0.75509
0.70307
0.75509
0.73114
0.71945
0.70469
0.73451
0.81096
0.89536
0.71285
0.92257
0.80168
0.72111
0.76384
0.7379
0.74989
0.73961
0.88105
0.74302
0.77804
0.88105
0.80168
0.71779
0.77268
0.70632
0.73114
0.7379
0.8995
1.0257
1.1588
0.81096
0.76208
0.71614
0.73621
0.73282
0.75858
0.81283
0.72946
0.67764
0.75336
0.72277
0.70146
0.72444
0.7379
0.73961
0.79433
0.77446
0.72946
0.71285
0.92045
0.77268
0.70795
0.84528
0.78343
0.71779
0.79068
0.73451
0.79616
1.0233
0.73621
0.69823
0.77446
0.75858
0.71945
0.7145
0.80724
0.75858
0.78886
0.71121
0.73114
0.73282
0.74645
0.68865
0.96383
1.1272
0.70632
0.73282
1.0046
0.98401
0.74131
0.74817
0.75858
0.79983
0.75858
0.83946
0.79616
0.90157
0.75162
0.92257
0.71945
0.73621
0.72778
0.71121
0.74131
0.94842
13.804
0.78705
0.7379
0.76913
0.69183
1.0116
0.79616
0.78163
6.0117
0.82035
0.75162
0.72778
0.77268
0.80353
0.8147
0.70958
0.70958
0.76736
1.1455
0.72778
0.7379
0.73961
0.72611
0.93111
1.3213
0.75509
0.73282
0.86099
0.74131
0.70146
0.76033
0.74645
0.72778
0.8531
1.0568
0.70958
0.74817
1.1194
0.88716
0.81658
1.0666
1.3646
0.7656
0.78163
0.80168
1.1776
1.0351
0.77804
0.72778
1.094
1.183
1.0209
1.0046
1.0116
1.0162
0.77446
1.6866
0.93541
1.0447
0.877
1.9187
2.5119
1.1776
1.1858
1.2303
1.5812
0.9506
1.39
2.0941
1.6866
1.9231
1.9999
1.8707
1.556
0.81096
0.73961
0.70307
0.69663
0.72111
0.69502
0.82985
0.74473
0.81096
0.73282
0.73114
0.73451
0.68549
0.71945
0.7379
0.69663
0.68865
0.68707
0.90991
0.78886
0.83946
0.84333
0.69343
0.7925
0.71285
0.89125
0.79068
0.7709
0.74645
0.69984
0.68865
0.76913
0.69984
0.73114
0.7145
0.70795
0.71285
0.72277
0.81283
0.76384
0.66988
0.70469
0.79068
0.70795
0.7709
0.71285
1.1885
1.1246
0.77983
0.71285
0.7925
0.7925
0.72611
0.69502
0.72611
0.71779
0.88716
0.70795
0.67608
0.69984
0.73961
0.71945
0.69663
0.68391
0.71779
0.79433
0.70307
0.72111
0.7709
0.70632
0.74989
0.7145
0.70146
0.70469
10.023
0.74989
0.71945
0.72111
0.70632
0.70632
0.70958
0.70795
0.70795
0.86497
0.85704
0.68077
0.69984
0.73114
0.79433
0.78524
0.70632
0.69823
0.74473
1.0691
1.0257
0.74989
0.75162
0.71945
0.71945
0.77625
0.7145
0.72111
0.84918
0.72611
0.71945
0.7709
0.7925
0.72946
0.7379
0.7656
0.7145
0.70795
0.92897
0.86298
0.77446
0.75509
0.70469
0.71614
0.73282
0.75336
0.69183
0.74473
0.71614
0.73282
0.74817
0.69984
0.79983
0.74817
0.74473
0.72778
0.67764
0.93972
0.98401
0.69823
0.69343
0.71285
0.73621
0.73961
0.69823
1.1455
0.84918
0.70469
0.72611
0.79799
0.70469
0.79616
0.76384
0.8091
0.73961
1.0423
0.82985
0.78524
0.71945
0.73114
0.86298
0.82414
0.71285
0.71121
0.86298
0.79433
0.78163
0.7145
0.78163
0.72611
0.71779
1.2134
1.1995
0.8531
0.72946
0.75858
0.99312
0.85901
0.92045
0.76913
0.78705
0.95719
0.74302
0.83753
1.1092
0.77625
0.7709
0.84528
0.81658
1.5171
0.71779
0.78886
0.79616
1.052
0.88512
0.70632
0.69663
0.8356
0.74131
0.89743
0.91411
0.74131
0.84723
22.387
0.82794
0.82604
0.81658
0.70795
0.70795
0.76033
0.94189
0.79616
1.122
0.74645
0.71945
0.70469
0.80168
1.0186
0.70469
0.98855
1.2794
1.135
0.71285
0.71779
0.73961
0.82604
0.77625
0.80538
0.78524
1.0233
0.72946
0.69024
0.71285
0.68707
0.72946
0.74645
1.0069
1.0544
1.0257
0.72611
0.73114
0.70469
0.70632
0.70307
0.72778
0.70632
0.71285
0.9506
0.98401
0.68549
0.72946
0.77268
1.074
1.6788
1.1508
0.8892
1.0617
2.0749
0.73114
0.8414
0.7925
0.84333
0.79068
0.79616
0.72946
0.96161
0.70795
0.96383
0.71121
0.71121
0.7145
0.76033
0.74302
0.75509
1.135
0.93756
0.87902
0.71285
0.70632
0.70307
0.69024
0.73451
0.73961
1.1668
1.1429
0.7925
0.72111
0.69024
0.81658
0.76033
0.77625
0.78343
0.71945
0.7925
0.95719
0.71285
0.73282
0.70146
0.72946
0.84918
0.74645
0.71121
0.95499
0.81658
0.7145
0.72444
0.82224
0.70307
0.76033
0.75509
0.85114
0.7656
0.69823
0.95499
1.1561
0.70795
0.877
0.91411
0.70632
0.76208
0.72611
0.95719
1.0666
1.4825
1.7219
3.1623
0.77625
0.81096
0.90782
1.0209
1.3646
2.138
1.9907
4.4361
1.5776
0.7709
0.74645
0.73114
0.70958
0.69183
0.96383
0.76736
0.66988
0.70632
0.70958
0.7145
0.70307
0.70146
0.67453
0.72778
1.0423
0.67608
0.70632
0.68391
0.74131
0.71945
0.67298
0.74131
0.78886
0.83946
1.0789
1.1376
0.69502
0.98401
0.72611
0.82035
0.75162
0.75509
1.1561
1.0139
0.7379
0.84528
1.3614
0.72444
0.72611
1.349
1.5524
0.69663
0.88308
0.96383
1.0617
1.0965
1.3274
1.2303
1.1803
1.3152
1.1967
1.2023
1.0162
1.4355
1.0375
1.7298
0.80168
0.70146
0.75162
0.72277
1.1246
0.76384
0.76736
0.71285
0.70307
0.75509
0.74302
0.74302
0.77625
0.70795
1.0666
0.76736
0.70632
0.75162
0.69663
0.69823
0.71945
0.69183
0.72611
0.68707
0.83176
0.85901
0.74131
0.74473
0.7656
0.70307
0.69183
0.74817
0.69984
0.8892
0.74817
0.72778
0.77446
0.73114
0.76736
0.69183
0.72778
0.74989
0.74131
0.86696
0.76913
0.7379
0.70469
0.72778
0.75683
0.82035
0.82224
0.78886
0.7925
0.70146
0.67608
0.68391
0.68391
0.71614
0.69024
0.72444
0.77446
0.93756
0.69343
0.70146
0.72946
0.70307
0.7709
0.70469
0.72111
0.74473
0.96161
0.90991
0.73961
0.72778
0.68549
0.75509
0.72277
0.68391
0.69823
0.7379
0.74302
0.76033
0.71121
0.6792
0.75509
0.80353
0.72444
0.79068
0.80353
1.0691
0.71121
0.72611
0.81658
0.75683
0.72778
0.76033
0.72111
0.72778
0.7925
0.7925
0.71779
0.7656
0.72611
0.73451
0.72277
0.68234
0.73282
0.90573
0.79616
0.82604
0.95719
0.7145
0.77446
0.71285
0.67764
0.75858
0.74817
0.74645
0.77983
0.72778
0.69024
0.70958
0.72946
0.69984
0.69663
0.72111
0.75336
0.92683
0.81846
0.74989
0.74645
0.71285
0.70146
0.73114
0.69502
1.0093
0.85704
0.70632
0.71779
0.76208
0.71779
0.73282
0.69343
0.77625
0.67143
0.8356
0.74473
0.79616
0.70632
0.76384
0.78163
0.72277
1.0423
1.6368
0.74473
5.5081
1.0139
0.94189
0.83176
0.7709
0.7709
0.90573
0.72111
0.70632
0.78886
0.89331
0.76208
0.72444
0.69183
0.78705
0.74473
0.76736
0.71121
0.74473
2.8576
0.75162
0.70146
0.7379
0.73621
0.75162
0.71945
0.74645
0.76736
0.7925
0.82985
0.72611
0.73282
0.74817
0.73282
0.71121
0.71121
0.70469
0.72946
0.73282
0.72946
0.76033
0.72946
0.92683
0.82794
0.7379
0.73114
0.75509
0.83946
0.78343
0.87096
0.80724
0.81096
1.2303
0.75162
0.79433
0.8531
0.8414
0.82985
0.77446
0.79616
0.72611
1.4158
1.0765
1.2647
0.76736
0.77446
0.71945
1.0666
0.8356
0.72111
0.73282
0.76208
0.75683
1.0641
0.71121
0.76736
1.0116
0.74131
0.71121
0.89536
1.556
1.9498
1.1912
1.2023
1.4825
1.9099
0.97275
1.0139
1.028
0.9977
1.3772
1.0617
1.3305
1.1041
1.875
1.1722
0.80353
0.74131
0.79616
0.72111
0.72444
0.81096
0.79616
0.78886
0.73451
0.86099
0.74302
0.74817
0.77268
0.81283
0.72611
0.72778
1.2078
1.1722
0.73114
0.78163
1.3804
0.71121
0.74817
0.7379
0.77446
0.69502
0.71285
0.84723
0.73961
0.7379
0.71614
0.70795
0.72611
0.72111
0.7145
0.71779
0.72778
0.82985
0.69024
0.72444
0.74131
0.71285
0.69502
0.71945
0.71121
0.73282
0.87096
0.69343
0.94189
1.5031
1.2274
0.80353
1.5382
0.72444
0.94406
0.70795
0.69984
0.86298
0.70795
0.78343
0.71614
0.7379
0.7145
0.75162
0.72611
0.69343
0.70958
0.82414
0.75336
0.75683
0.94624
1.3868
1.0889
0.75683
0.70146
0.76913
0.69984
0.77983
0.72611
0.70958
0.79616
0.82794
0.70958
0.77625
0.69024
0.76913
0.7145
1.349
0.75336
0.75336
0.76208
0.99541
0.72277
0.75162
0.73114
0.75858
0.83176
0.75162
0.74302
0.71945
0.88308
0.87902
0.69343
0.7379
0.82985
0.68865
0.72611
0.72277
0.7145
0.87498
0.95719
0.75509
0.70307
0.73282
0.71285
0.74473
0.76913
0.80724
0.81658
0.85901
0.72111
1.2106
1.0162
0.78886
0.94406
0.72444
0.73451
0.91201
0.87096
0.93756
0.73114
0.69183
0.69823
0.72111
0.75509
0.70795
0.73282
0.74131
0.71945
0.69823
0.69343
0.70632
0.74645
0.69663
0.72444
0.71121
0.71121
1.0447
0.91833
1.0617
0.9977
1.0593
1.4256
0.91201
0.76033
1.0789
2.0893
0.92897
0.77446
0.76208
0.72778
0.74989
0.80724
0.76736
0.96605
1.5241
0.7925
1.0864
1.6558
1.6293
0.74302
0.71779
0.80538
0.78524
0.74645
0.77804
0.70958
0.71779
0.74817
1.028
3.3189
8.2035
11.272
11.143
1.4757
1.0593
4.8417
7.2444
6.2661
1.0351
0.82985
0.82224
0.9594
1.4555
10.233
12.05
10.617
14.791
1.1776
7.145
11.117
10.814
12.359
13.646
10.471
12.134
10.209
0.82794
0.86298
1.3397
1.7061
1.1641
1.0814
1.3152
1.1535
1.3428
4.2364
3.1989
1.8578
1.9231
1.2246
1.3243
1.1376
1.1272
1.1614
1.0765
1.1429
1.0423
0.99083
0.74473
0.91411
0.94189
0.83753
0.83753
0.75509
1.2531
3.6728
10.351
19.815
11.22
11.668
13.335
9.4842
10.116
12.503
10.765
13.552
11.143
2.5351
0.99083
1.6218
9.9083
12.764
1.6982
1.0046
1.7539
4.8417
1.8793
1.3152
8.2604
18.323
16.106
12.853
11.561
12.359
13.092
11.272
0.89743
8.0724
43.853
11.429
11.588
6.7453
1.0375
1.0328
1.205
1.3062
2.421
8.9331
12.246
13.366
9.8628
10.889
10.139
4.9091
11.94
8.6099
10.691
12.162
12.618
12.19
11.885
10.715
13.092
8.9536
9.9083
11.402
11.776
12.274
12.359
10.046
11.298
18.621
4.5082
1.2246
11.776
15.311
10.889
14.355
15.74
13.459
11.995
12.388
3.7411
6.5766
1.074
0.98175
0.88308
0.93541
1.2474
9.0782
10.186
2.2439
7.3961
20.941
13.614
14.223
12.162
13.49
12.764
11.376
11.429
10.99
14.488
1.2531
1.1092
1.1429
1.1246
0.9247
0.77983
0.93111
0.78163
0.88512
0.9528
3.5645
1.2106
0.73282
10.471
11.272
9.1833
12.445
11.041
10.209
13.032
10.046
12.972
16.982
7.2111
8.9743
13.74
9.3111
12.647
11.668
10.593
12.359
11.668
11.117
10.789
12.274
10.593
12.246
13.002
13.062
12.677
5.8479
9.9541
12.942
11.402
7.0795
12.882
11.376
12.274
10.139
9.2257
1.4997
1.1995
1.2078
0.91622
1.2735
1.5959
1.2647
1.1749
0.99083
0.73621
0.71779
0.84333
0.82414
1.4622
1.2853
0.88105
1.074
0.95499
0.98175
1.0351
0.75509
1.0447
0.86896
0.77268
0.79616
0.77268
1.122
0.77268
0.78705
0.78886
0.76913
0.8531
0.80353
0.74302
0.81283
1.0914
1.4655
0.78886
1.028
0.83753
1.0186
0.93111
0.72778
0.73961
0.76384
0.79068
0.71779
0.71614
0.70795
0.79983
0.73621
0.74473
0.70795
0.91833
0.76033
0.74645
0.71614
0.69024
0.72111
0.74989
0.74131
0.72778
0.92897
0.73114
0.84528
0.70632
0.72946
0.72111
0.74989
0.72611
0.75683
0.88308
0.7656
0.73114
0.75162
0.73621
0.71945
0.71614
0.70795
0.72611
0.90573
21.827
0.72277
0.77804
0.71779
0.73621
0.72111
0.75509
0.71945
0.85704
0.74473
0.78524
0.82224
0.69984
0.73282
0.7379
0.7379
0.73114
0.72111
0.91411
0.69823
0.72111
0.74645
0.67143
0.75336
0.77268
0.70795
0.72946
0.84918
0.70795
0.70958
0.69984
0.73451
0.76913
0.74131
0.70146
0.72444
0.70307
0.92897
0.74645
0.73961
0.72778
0.72778
0.73114
0.75683
0.72946
1.052
0.82035
0.76384
0.73621
0.72444
0.76208
0.69984
0.72611
0.72946
0.72111
0.93111
0.97949
0.76913
0.72611
0.69502
0.75683
0.74473
0.74645
0.74645
0.8531
0.73621
0.76208
0.71121
0.7656
0.7656
0.72778
0.76208
0.69823
0.72277
0.81846
0.90782
0.70146
0.71945
0.74302
0.7379
0.72946
0.69502
0.72778
0.72277
1.0914
0.70632
0.71779
0.76913
0.73114
0.76208
0.77268
0.71121
0.71945
1.1272
0.83753
0.66374
0.74131
0.70632
1.1272
0.69984
0.90157
0.76913
0.78163
18.281
0.74817
0.74473
0.74989
0.71285
0.73451
0.72611
0.70469
0.69502
0.97499
0.69663
0.73282
0.70469
0.71285
0.69024
0.73451
0.70795
0.77446
0.7709
0.79983
0.71614
0.71121
0.73282
0.75858
0.69984
0.72611
0.72444
0.90782
0.78163
0.76736
0.75509
0.74817
0.70795
0.7925
0.68391
0.71285
0.70469
0.88716
0.84723
0.70632
0.71121
0.70146
0.74817
0.72778
0.75336
0.68707
1.39
0.68707
0.69663
0.75162
0.72946
0.72444
0.74989
0.74645
0.75509
0.76208
0.73621
0.93325
0.77804
0.72946
0.73961
0.71945
0.72277
0.70632
0.73114
0.91622
2.3227
1.7579
1.0447
1.7947
0.81096
1.0666
0.97275
1.1041
1.0965
1.0839
1.0839
0.88105
1.2023
1.0839
1.1803
1.1722
1.122
1.4655
1.1588
1.205
1.4454
1.0257
1.3062
1.1885
1.2706
0.91201
0.73621
0.8091
0.99312
0.79433
0.79068
0.7379
0.71779
0.75509
0.74989
0.83176
0.70307
0.877
1.0544
0.81096
0.97275
1.0233
1.2218
0.77625
1.4555
0.75336
0.75336
0.76736
6.7764
0.74473
0.79068
0.79799
0.78705
0.81658
0.86298
0.73114
1.0447
0.70958
0.72611
0.67298
0.70958
0.78343
0.73961
0.74817
0.85704
0.76384
1.1561
0.76913
0.7145
0.68391
0.7709
0.70307
0.71285
0.70958
0.69343
0.85704
0.68707
0.69663
0.72111
0.72778
0.81283
0.70469
0.7656
0.73114
0.82035
0.96828
0.70632
0.69024
0.68707
0.65766
0.73961
0.78886
1.0914
0.73451
0.90782
0.90782
0.79616
0.74989
0.69984
0.74817
0.83176
0.77983
1.2388
0.94189
1.0864
0.70146
0.73282
0.73282
0.7379
0.73114
0.7145
0.75858
1.0715
1.052
0.75162
0.71121
0.71614
0.7925
0.76208
0.72277
0.74302
0.92683
0.85901
0.72611
0.75509
0.73451
0.83176
0.72277
0.85114
0.69343
1.135
1.0162
0.74645
0.72444
0.69502
0.73451
0.72277
0.73451
0.72778
0.90157
1.0568
0.73282
0.7379
0.68234
0.73621
0.74989
0.73282
0.7656
1.0447
0.74817
0.7656
0.69183
0.76913
0.71779
0.71121
0.72946
0.77446
1.099
0.75336
0.80168
0.76033
0.68865
0.71614
0.76208
0.74473
0.72946
0.97051
0.74817
0.77446
0.73621
0.70307
0.72444
0.71614
0.73451
0.70958
0.96161
1.0544
0.79068
0.69823
0.74302
0.74302
0.73621
0.73114
0.76208
1.0544
0.8356
0.72611
0.68234
0.70307
0.70307
0.74473
0.72444
0.71945
0.74302
0.79983
0.88308
0.75336
0.71779
0.70795
0.71945
0.69823
0.72111
0.79068
0.83753
0.81283
0.75858
0.73114
0.72444
0.74645
0.73114
0.72111
0.7656
0.74989
0.97949
0.76208
0.78343
0.72444
0.74131
0.75683
0.7656
0.72946
0.71779
0.89125
1.7061
0.76384
0.82224
0.74302
0.8091
0.77804
0.75509
0.74645
0.89743
1.2134
0.81658
1.4825
0.71779
0.8356
0.72444
0.99541
0.69984
0.73961
0.70958
1.2417
2.133
1.8323
0.99541
0.71945
1.1117
0.71779
0.85704
1.1194
1.1588
0.72778
0.84918
0.7379
0.70146
0.74302
0.7656
0.81096
0.82604
0.79433
0.83753
0.73621
0.86298
0.73282
0.92683
0.71945
0.69024
0.73451
0.77268
0.93972
0.75336
0.85507
0.82414
0.77983
0.72111
0.83176
0.72444
0.82035
0.71121
0.73621
1.1324
0.73114
0.90573
0.7145
0.7379
0.76208
0.75509
0.7145
11.668
0.77268
0.71779
0.80538
0.75509
0.73961
0.69502
0.81658
0.90365
1.2589
1.5849
0.96161
0.91411
1.4588
2.2233
2.5586
1.374
0.9506
1.0233
0.90782
1.8113
0.78343
0.84528
1.2823
0.7145
0.72111
0.76384
0.75858
0.89125
0.8892
0.78163
0.87297
0.76736
0.76384
0.74817
0.81096
0.77625
1.0423
0.67453
0.71121
0.85507
0.80724
0.71945
0.78886
0.73621
0.70795
1.0304
1.6406
1.2134
1.3092
1.0544
1.2912
1.0889
1.1298
0.96383
0.96161
1.1508
1.1117
0.99312
1.2274
1.2503
1.0789
2.3933
0.9506
1.0023
0.87297
0.79616
0.76736
0.81096
0.76736
0.77446
0.89743
0.7379
1.0209
0.75509
0.73282
0.74817
0.7145
0.71614
0.72444
0.72611
0.72946
0.86497
0.78343
0.8414
0.72111
0.72111
0.70958
0.7379
0.7379
0.72111
0.96828
0.75858
0.75858
0.71121
0.73451
0.82035
0.72444
0.7379
0.73621
0.94406
20.091
0.71614
0.72277
0.70469
0.80353
0.70146
0.72444
0.71779
1.2246
0.71614
0.71945
0.73621
0.74645
0.72611
0.68077
0.68391
0.68865
0.88308
0.70307
0.96828
0.93111
0.72778
0.94189
0.74645
0.74645
0.74989
0.90573
0.70469
0.69343
0.74473
0.71614
0.91201
0.99541
1.1561
0.78524
1.8836
0.79799
0.79433
0.80538
0.90782
1.1749
1.1169
2.1086
0.95719
0.97051
0.99312
0.70958
0.72611
0.72946
0.7145
0.72111
0.75162
0.73961
0.79616
1.2794
19.588
0.70795
0.83753
0.74817
0.73621
0.7145
0.78524
0.72946
1.2274
0.77625
0.77625
0.74645
0.74131
0.70632
0.71945
0.72611
0.72778
1.3804
0.9528
1.1298
0.7925
0.74817
0.79616
0.75509
0.82794
0.78163
1.3614
0.8091
0.78163
1.2388
0.79433
1.714
1.1614
0.74302
0.81658
0.82414
0.7925
0.92897
0.71945
0.68865
0.73961
0.73282
0.70146
0.8091
0.70795
0.69984
0.77446
0.78343
0.77268
0.7925
0.70632
0.69502
0.73114
0.77983
16.218
0.9506
0.70469
0.76208
0.76913
0.77446
0.72778
0.70958
0.75509
0.88512
1.1143
0.75336
0.72946
0.72444
0.72277
0.75336
0.72778
0.72111
0.82224
0.86497
0.7379
0.70958
0.91833
0.71779
0.69984
0.72946
0.75509
0.73114
1.2764
0.73451
0.71779
0.69663
0.76208
0.71779
0.68865
0.69823
0.76384
1.0069
0.87498
0.97499
0.7656
0.71614
0.77446
0.9506
0.67608
0.89331
1.7179
0.77804
0.72111
0.75336
0.7379
1.0257
0.73621
0.74989
0.74131
1.3002
0.72444
0.69024
0.69984
0.75162
0.79983
1.0257
0.93972
0.80353
0.75858
0.9594
0.88716
0.76913
0.82035
0.90365
0.81658
0.80538
0.86298
0.76384
0.82035
0.81658
0.99083
0.93111
0.96828
1.2764
0.79799
1.0209
0.69984
0.74302
0.98175
0.76736
0.69024
0.72277
0.74131
0.77446
0.72444
0.71121
0.81846
0.92897
1.1429
0.70632
0.68234
0.75858
0.66834
0.68234
0.76913
0.73621
0.91622
0.74302
0.66527
0.71121
0.7379
0.71285
0.68549
0.73114
0.72946
0.86896
0.74817
0.85704
0.75509
0.71121
0.70958
0.67453
0.74131
0.72444
0.79433
0.9528
0.69183
0.71945
0.72111
0.69663
0.8147
0.72277
0.71285
0.76033
0.93972
0.75162
0.71121
0.68234
0.70146
0.75336
0.80168
0.73451
0.71779
0.86099
0.80353
1.2647
0.74817
0.78343
0.77268
0.73451
0.74131
0.78524
0.82414
0.89331
0.82414
0.72946
0.85114
0.77446
0.82224
0.74817
0.79068
0.79068
0.74302
0.93111
0.8995
0.79616
0.83946
0.88716
0.74645
0.79983
0.73961
0.76913
1.0666
0.71121
0.69502
0.77446
0.7379
0.86497
0.7145
0.72277
0.77804
0.71779
0.76384
0.76033
0.74131
0.72611
0.76913
0.74473
0.76033
0.77625
0.7709
0.87498
0.7925
0.69343
0.77983
0.74817
0.8147
0.78886
0.74645
0.78886
0.76384
0.82985
0.75336
0.7379
0.79799
