3.2734
1.1482
1.0304
0.86696
1.6069
0.94406
9.0573
1.5922
0.88308
8.7498
2.8379
0.84528
1.6255
0.88105
1.5205
1.074
0.81096
4.0365
18.281
22.909
13.804
15.382
8.77
9.5499
0.96383
6.8549
12.677
4.6989
0.74817
1.1015
1.4791
0.96605
4.6452
11.885
1.5241
1.2162
3.5075
1.6749
1.7338
2.4491
1.0328
1.0328
1.0328
1.0328
2.8249
2.0941
3.1117
0.75336
0.77983
0.79983
1.0715
0.71614
3.5481
3.5481
3.5481
3.5481
3.5481
3.5481
3.5481
3.5481
3.5481
4.8529
1.349
1.8793
3.1477
9.4624
14.355
11.803
4.9774
1.0257
1.3002
1.3709
17.62
7.2111
2.8379
0.99083
6.5615
0.90782
0.90782
10.666
0.8414
0.83368
0.80538
16.444
14.322
13.213
18.578
14.757
1.2972
15.205
18.535
3.5318
16.181
17.824
16.52
0.90365
11.614
0.86696
9.9541
16.866
21.232
18.707
15.812
11.117
0.86298
1.2677
1.0965
10.328
16.672
2.4491
20.845
16.368
1.1695
3.6475
12.794
17.219
10.162
1.5668
20.989
17.219
19.634
1.6711
4.8084
5.7016
16.982
16.827
3.1842
1.1117
4.8306
5.4828
12.388
18.408
19.231
13.996
8.9125
14.191
0.88308
6.0814
1.4655
12.303
17.783
16.368
16.482
0.91622
5.9704
16.482
18.323
0.8356
7.2946
1.0186
0.8892
0.89743
1.4289
0.87902
1.0568
0.8147
0.78163
0.82414
1.5668
6.368
15.704
16.181
2.2646
3.0339
13.74
4.1687
0.90991
1.2531
16.982
17.14
17.906
22.131
15.417
20.137
14.825
18.113
16.482
14.158
0.75509
7.8886
0.97949
0.94406
1.1641
1.2735
21.038
18.923
16.406
19.187
12.912
13.772
9.1622
20.464
0.98175
2.6915
2.5586
5.781
1.5276
3.4514
14.223
0.90991
18.45
19.231
17.061
20.606
1.7989
10.471
19.143
1.7061
0.7379
0.83753
0.76913
0.79983
3.7844
0.90365
2.1827
0.82604
0.82985
0.82604
18.664
19.275
19.055
3.1333
13.932
5.1168
19.364
0.66374
0.73621
0.93972
1.5101
0.9977
1.9454
18.45
14.555
15.066
15.488
0.93111
9.8628
1.219
3.5481
16.827
17.701
17.579
14.997
15.241
19.011
16.52
16.069
17.458
19.409
19.588
5.7016
18.323
17.62
17.418
7.9433
1.1272
1.0139
0.79983
0.7656
0.90782
1.1143
1.0399
14.622
14.825
19.32
3.4435
1.7783
0.79799
0.76033
18.707
15.704
18.408
6.6681
19.187
1.1455
0.93325
1.3366
17.906
17.824
9.8855
18.493
0.90991
8.3368
1.3709
16.106
12.359
19.724
3.1769
18.281
9.8401
19.679
16.672
17.1
17.378
12.853
1.3677
0.87096
2.138
0.77446
14.894
18.155
15.524
8.6896
14.655
0.78886
1.2246
14.555
16.711
3.2659
1.39
5.0234
1.074
0.95719
1.2106
1.7906
6.0395
1.0839
1.3032
1.2853
1.2794
1.2274
1.2912
1.4388
16.596
16.634
19.364
17.061
10.304
14.322
16.827
20.184
13.709
5.6885
1.2647
6.9984
0.97949
17.906
15.205
2.5119
4.6452
0.76208
1.0544
2.3335
0.99312
16.711
16.144
3.1842
0.7656
0.71121
16.106
12.706
3.2885
1.0965
1.1015
1.3552
1.099
1.1429
1.094
0.71945
0.72611
2.4604
17.1
10.965
16.827
2.6546
1.5453
0.94842
2.0845
1.2078
1.9588
4.4771
3.5237
0.98175
1.2912
2.4322
1.4757
1.4355
1.1015
1.1885
1.094
2.6002
1.4689
3.7844
1.4859
5.5081
0.66988
20.606
16.181
17.906
21.038
15.849
17.418
17.338
18.493
14.622
4.7643
3.0061
2.4717
0.76208
1.2218
12.677
0.67608
1.6444
4.0832
0.9594
0.85901
0.85507
2.1429
1.4421
1.9275
4.8084
1.5922
3.0339
0.69024
1.2474
0.71945
0.91622
0.70795
0.73114
0.91622
0.68077
0.74645
8.6696
0.89331
18.793
17.061
21.577
16.255
20.654
18.967
1.2589
1.2882
1.6069
15.996
15.241
15.885
15.031
13.243
19.999
0.85901
0.91201
0.70632
5.0234
18.155
17.338
19.588
17.579
14.454
18.621
18.923
10.399
0.90573
11.402
11.376
13.9
17.701
17.66
9.6383
0.69663
0.87096
0.75858
1.1588
0.70795
0.70307
8.77
5.3951
0.87096
1.0839
1.0304
2.3878
0.68865
1.135
0.66834
0.68707
0.74302
17.179
10.186
3.6983
1.888
0.69024
0.64417
0.82794
6.223
17.824
17.62
17.458
18.967
15.74
12.972
9.1411
0.71121
0.66834
7.2277
1.0447
2.9444
0.7709
1.2359
19.861
18.281
12.912
10.093
0.66681
0.69024
0.71121
0.94842
0.78343
0.77804
0.70307
0.97949
0.73114
0.80724
0.81283
2.0277
1.1885
13.305
2.0845
0.74817
2.1677
0.89536
0.75509
0.73451
0.72778
0.95719
1.0162
8.8512
6.5615
0.74989
1.2942
1.2331
0.63826
1.1482
0.65313
0.66988
1.1169
0.68707
0.66527
0.92045
0.75858
0.69343
1.0257
0.65615
0.65313
0.66834
1.052
0.71121
0.64269
0.69183
0.68234
0.68707
0.65163
0.89125
0.70307
0.71121
0.76208
0.73114
1.3996
0.78343
0.81658
1.1324
2.8119
1.7865
1.3243
1.8836
1.0495
1.4355
1.1967
1.3646
1.6943
1.2589
1.3552
1.3122
2.958
1.1995
1.2531
1.766
1.1561
1.0864
1.0399
1.2388
1.4791
1.4256
1.1455
1.1402
1.1668
1.4322
1.0593
2.5586
2.6607
0.68707
0.76736
0.73114
5.9841
1.9231
0.70795
0.68549
0.79433
0.66988
0.66374
0.77268
0.70469
0.68077
0.77625
0.70469
0.70146
0.75858
0.72111
0.70469
0.81658
0.67298
0.69663
0.73282
0.76033
0.67143
0.66527
0.73961
0.70958
0.68707
0.80538
0.7379
0.70958
0.70632
0.72277
0.74989
0.81283
0.72946
0.74989
0.76384
0.69183
0.74817
0.71945
0.68549
0.65163
0.67608
1.0328
1.4521
1.0116
0.85114
3.1769
0.65917
0.70469
0.68234
0.72946
0.70795
0.72277
1.052
1.0544
1.3868
0.68234
0.67608
0.69984
0.69663
0.7379
0.68865
0.68234
0.67298
0.67608
0.66834
0.65615
0.70469
0.99312
0.65766
0.68077
0.67608
0.68234
0.65766
0.75336
0.66527
0.66069
0.66681
0.6792
0.63096
0.71285
0.65766
0.66681
0.69823
0.69502
0.67298
0.66988
0.65313
0.69183
0.67143
0.63826
0.7145
0.66834
0.67298
0.69663
0.68234
0.65464
0.66681
0.67608
0.67608
0.71614
0.71285
0.68549
0.66069
0.65917
0.64121
0.63826
0.6792
0.66681
0.68549
0.65013
0.70958
0.68391
0.66834
0.67608
0.71121
0.69343
0.64863
0.69984
0.70632
0.68707
0.69663
0.66222
0.70958
0.66988
0.67298
0.6368
0.62951
1.0093
0.64417
0.64863
0.70146
0.68391
0.68077
0.66834
0.72111
0.74989
0.73114
0.66527
0.69024
0.67453
0.72778
0.68234
0.79983
0.69984
0.68234
0.66834
0.66988
0.68549
0.63973
0.69663
0.67453
0.65766
0.65766
0.66222
0.69823
0.72778
0.69823
0.68234
0.65163
0.68391
0.68549
0.66681
0.66374
0.68707
0.79983
0.69024
0.67608
0.68234
0.70146
0.63973
0.63533
0.66527
0.68234
0.67143
0.72946
0.68549
0.67298
0.69183
0.64714
0.71945
0.66222
0.69823
0.65615
0.65917
0.72946
0.69024
0.68234
0.67298
0.8414
0.81658
0.76384
0.8091
0.8356
0.76208
0.75683
0.99312
0.76913
1.0789
0.82985
1.2942
1.3213
0.8147
0.65313
0.69984
0.68391
0.69024
0.68391
0.68549
0.90573
1.0965
0.67298
0.69024
0.63096
0.67453
0.68234
0.68391
0.69984
0.65464
0.65766
0.66222
0.65013
0.67298
0.72444
0.68077
0.69823
0.73621
0.68707
0.66374
0.64269
0.66069
0.66681
0.66527
0.69183
0.68707
0.70146
0.69663
0.66527
0.65013
0.75858
0.67143
0.67298
0.65163
0.68077
0.70146
0.67608
0.65464
0.71614
0.63387
0.67298
0.68077
0.67608
0.69823
0.66374
0.69024
0.68549
0.71285
0.65766
0.66988
0.72444
0.66374
0.66374
0.69343
0.7379
0.66681
0.69024
0.64417
0.66834
0.66374
0.64269
0.65615
0.65917
0.65917
0.64417
0.64565
0.66374
0.69024
0.65163
0.65464
0.68234
0.65313
0.70307
0.72111
0.66527
0.66988
0.68234
0.67608
0.69984
0.63533
0.66988
0.67453
0.62951
0.73114
0.73961
0.63096
0.72778
0.80353
0.67608
0.67764
0.68391
0.64863
0.74302
0.68077
0.65615
0.69984
0.69024
0.65464
0.64714
0.66681
0.76384
0.66069
0.65313
0.70958
0.66834
0.67298
0.65917
0.6792
0.66681
0.68391
0.73451
0.68077
0.66527
0.65615
0.79068
0.66834
0.67608
0.67143
0.71285
0.65013
0.66374
0.73114
0.68234
0.69984
1.4521
1.7458
0.82604
0.76033
1.1995
0.97051
0.78524
1
0.76913
2.1184
0.73621
0.75683
0.68549
0.73114
0.73451
0.93756
1.574
0.69024
0.71121
0.70469
0.64269
0.77983
0.68865
0.67764
0.66988
0.877
0.70632
0.69984
0.64714
1.5171
0.75683
0.66069
0.70146
0.66527
0.65917
0.69984
0.63387
1.1561
0.67764
0.67764
0.66374
0.6792
0.7145
1.1885
0.69502
0.71945
0.64714
0.65917
0.67298
0.66069
0.67298
0.69823
0.68391
0.70469
0.69663
0.63241
0.64417
0.72946
0.64417
0.65464
0.69343
0.71945
0.66988
0.68234
0.68077
0.69502
0.69502
0.67143
0.69024
0.71945
0.67298
0.7379
0.65013
0.69823
0.72946
0.65313
0.70795
0.69024
0.70958
0.71945
0.71779
0.69183
0.74302
0.67143
0.68707
0.66222
0.70307
0.7709
0.70146
0.68865
0.67143
0.67453
0.66374
0.69984
0.68077
0.65163
0.76913
0.7925
0.72444
0.67143
0.67143
0.74131
0.69502
0.69984
0.70632
0.69663
0.91201
0.67764
0.65313
0.68234
0.69343
0.65766
0.69502
0.66222
0.69502
0.66988
0.70795
0.70795
0.6792
0.65163
0.67608
0.74645
0.76384
0.66988
0.68234
0.66988
0.6792
0.92897
0.65766
0.66988
0.69343
0.66681
0.70795
0.70632
0.70632
0.69502
0.71614
0.71285
0.64121
0.69024
0.68549
0.74645
0.66988
0.74131
0.67608
0.73114
0.70958
0.70146
0.75509
0.69343
0.73451
0.76913
0.69823
0.67298
0.72111
1.0814
0.87498
0.76033
0.78886
1.0257
1.0691
0.77625
1.5524
0.68391
0.73961
0.68707
0.64714
0.7145
0.70146
1.4588
1.0257
2.138
0.72444
1.0375
0.99312
0.77268
0.81846
0.85901
1.0691
0.92045
1.2647
1.6866
1.2246
1.2417
1.0399
1.2162
2.037
2.0606
1.0046
0.92045
0.86896
1.4355
0.70469
0.65766
0.71121
0.68707
0.67764
0.72277
0.67143
0.65766
0.68077
0.69984
0.70958
0.69663
0.68865
0.69024
0.74131
0.84333
0.85507
0.79433
0.81096
0.78343
0.86696
0.69183
0.69183
0.73114
0.69984
0.74473
0.7379
0.68549
0.68077
0.71614
0.69183
0.72946
0.69663
0.72277
0.72277
0.80353
0.75509
0.87902
0.77625
1.3677
0.67298
0.69343
0.66681
0.68077
0.70632
0.66374
0.71121
0.71285
0.67143
0.75683
0.65464
0.68865
0.67298
0.64863
0.68549
0.65615
0.66527
0.68391
0.67764
0.72277
0.66681
0.67143
0.70795
0.67298
0.72444
0.70146
0.69663
0.69343
0.71285
0.64269
0.7145
0.67764
0.7145
0.76033
0.69663
0.64417
0.66834
0.67298
1.3836
0.82794
0.8147
2.3878
1.6672
0.71779
0.73114
0.65464
0.66374
0.66222
0.72611
0.68865
0.68234
0.68077
0.63826
0.68077
0.71945
0.69984
0.72277
0.71945
0.70469
0.68865
0.70307
0.69024
0.68391
0.69024
0.71285
0.65464
0.66834
1.0023
0.7925
0.83753
0.72611
0.74989
1.7458
0.74645
0.7145
1.0715
0.78524
0.67453
0.73282
0.65464
0.68549
0.70958
0.68549
0.70632
0.77268
0.7656
0.67298
0.67608
0.72778
0.72778
0.69984
0.72611
0.67608
0.80538
0.81283
0.71945
0.72111
0.79799
0.99541
1.2388
1.6331
1.074
1.1614
1.3092
1.7298
1.0162
0.85704
1.6106
2.3174
0.66988
1.2445
1.0914
1.4093
0.80724
0.93972
1.8239
2.851
0.64269
0.68391
0.67764
0.73451
0.7379
0.69502
0.66681
0.7379
0.68865
0.67608
0.74302
0.70307
0.68391
0.72611
0.69823
0.73961
0.77625
0.68865
0.68707
0.68391
0.69183
0.65766
0.70146
0.78163
0.69502
0.70307
0.73282
0.69984
0.67143
0.67764
0.69183
0.70795
0.70146
0.68391
0.68234
0.67298
0.73114
0.68234
0.65313
0.65464
0.66374
0.67764
0.71285
0.67143
0.70146
0.69502
0.74645
0.69343
0.65313
0.66222
0.66069
0.65313
0.69024
0.68707
0.74473
0.69024
0.66374
0.76913
0.66681
0.66527
0.76384
0.68865
0.67143
0.69984
0.71121
0.68549
0.70632
0.65766
0.70469
0.69343
0.66681
0.72111
0.78343
0.71779
0.68707
0.82604
0.70632
0.69024
0.69183
0.81096
0.8892
0.72111
0.76208
0.77446
0.69663
0.64863
0.75509
1.028
0.66222
0.68707
0.78705
0.72611
0.74473
0.86298
0.68391
0.69502
0.69343
0.66527
0.68549
0.69024
0.69183
0.66069
0.73114
0.70469
0.67453
0.67453
0.65615
0.67143
0.7145
0.74473
0.71614
0.71945
0.76208
0.70469
0.66527
0.71614
0.74817
0.74131
0.70146
0.82035
0.66527
0.67298
0.66527
0.77268
0.70958
0.6792
0.68707
0.67453
0.69823
0.69024
0.67608
0.7145
0.66527
0.66527
0.67143
0.70632
0.69343
0.64565
0.68077
0.69183
0.69823
0.71779
0.65163
0.68549
0.69183
0.71614
0.69183
0.65464
0.69183
0.69343
0.69663
0.74989
0.66988
0.70307
0.68391
0.70469
0.66069
0.74473
0.66069
0.68865
0.73282
0.70146
0.65766
0.70958
0.73451
0.66069
0.68549
0.6792
1.7258
1.7989
2.9648
3.2211
2.9107
1.3521
0.87096
0.93541
1.0328
1.1588
0.7379
0.71614
0.76033
2.2646
0.69343
0.73282
0.71285
0.66834
0.70146
0.70958
0.69183
0.68707
0.74645
0.70795
0.67143
0.71614
0.71285
0.73451
0.70958
0.65615
0.6792
0.66681
0.71945
0.84528
0.82604
0.74817
0.8892
0.85507
0.83176
1.5596
1.2445
0.76208
1.9187
1.2823
1.0209
0.98175
1.1561
1.6904
1.7947
1.3836
0.76736
0.74302
0.86099
2.2699
0.92045
1.3152
0.71285
0.73114
0.67298
0.73114
0.72444
0.70307
0.68391
0.67453
0.7145
0.74473
0.69024
0.7145
0.65917
0.70958
0.67143
0.67298
0.69984
0.78163
0.72444
0.75162
0.8531
0.72778
0.7709
0.67143
0.70632
0.6792
0.68234
0.74817
0.70469
0.72111
0.67298
0.69502
0.71945
0.69183
0.66527
0.65163
0.67764
0.67143
0.71285
0.71945
0.67608
0.70632
0.68391
0.70795
0.69663
0.69502
0.6792
0.6792
0.68549
0.66681
0.72277
0.73114
0.74131
0.71614
0.64417
0.66834
0.64417
0.66988
0.72277
0.72778
0.68549
0.66069
0.79799
0.73282
0.68077
0.68077
0.69183
0.68234
0.69823
0.65163
0.69663
0.67298
0.70307
0.67764
0.66681
0.64565
0.65766
0.72277
0.69183
0.69502
0.71945
0.65163
0.71779
0.65464
0.66527
0.74302
0.69024
0.66681
0.71121
0.68549
0.70795
0.66681
0.66069
0.71945
0.64863
0.71121
0.69823
0.66527
0.66681
0.69823
0.71614
0.75336
0.67143
0.69024
0.75162
0.65917
0.69502
0.69984
0.65917
0.72111
0.69183
0.66069
0.71945
0.68234
0.75509
0.70469
0.66681
0.77804
0.69024
0.72778
0.69663
0.65163
0.87297
0.67608
0.71779
0.64714
0.71614
1.0304
0.70795
0.71779
0.71285
0.67143
0.67453
0.67608
0.66681
0.70307
0.68234
0.72611
0.66988
0.66374
0.72111
0.68865
0.72444
0.67764
0.69183
0.74989
0.66069
0.65615
0.72946
0.67143
0.69024
0.69183
0.65615
0.76208
0.71779
0.68865
0.68707
0.72611
0.67608
0.66069
0.66988
0.68391
0.74817
0.66527
0.72111
0.65013
0.66374
0.70307
0.67453
0.75336
0.67608
0.7145
0.68234
0.68391
0.78163
0.70958
0.66374
0.67453
0.66374
0.72277
0.77983
0.85901
0.66374
0.65766
0.6792
0.69984
0.7145
0.76913
0.68549
0.66988
0.70795
0.69663
0.71945
0.68865
0.66681
0.72111
0.71779
0.70795
0.68234
0.6792
0.67453
0.66988
0.70632
1.4689
0.91833
1.3152
0.81658
0.84528
0.79799
0.8356
1.766
0.86497
0.94406
2.2961
1.0666
1.4928
1.6255
1.4791
0.66988
0.68234
0.70958
0.67298
0.70307
0.71121
0.65766
0.8531
1.0765
0.67453
0.64417
0.65163
0.66681
0.68234
0.69183
1.1668
1.2388
1.766
0.90365
0.8531
0.77446
0.79433
0.93325
0.71945
0.7145
0.73114
0.79983
0.86497
0.78886
2.9854
0.95719
0.65013
0.72778
0.65464
0.66222
0.67453
0.71285
0.6792
0.74817
0.69663
0.71614
0.77268
0.69663
0.77625
0.82414
0.78163
0.77625
0.74473
0.82224
1.0023
0.93111
0.74989
1.1641
0.76384
1.1535
1.6634
0.70795
0.73114
0.68707
0.70146
0.69024
0.70469
1.1169
0.69183
0.68865
1.7458
0.71121
0.76384
0.80724
1.2106
0.91201
1.052
0.93541
0.94624
1.1561
1.0209
0.94189
0.9594
1.4521
1.3428
1.0814
0.88716
1.0814
1.1194
1.2246
1.0715
1.4223
1.3243
1.4689
1.2274
1.3583
2.4378
1.0375
1.6827
1.1143
1.0471
1.1041
1.074
1.6444
1.1912
2.9242
4.4978
0.70469
0.69663
0.66988
0.72111
2.7733
0.87096
1.3709
0.85114
0.72111
1.2274
0.76208
0.70795
0.69183
3.2359
0.68549
0.72111
0.71121
0.71121
0.73961
0.73114
0.72277
0.69343
0.66988
1.5596
1.9543
0.67143
0.65615
0.76208
0.72444
0.67143
0.65766
0.67298
0.70632
0.6368
0.65464
0.69663
0.69502
0.66834
0.67453
0.66527
0.70632
0.65615
0.66069
0.70307
0.77983
0.74989
0.71945
0.78705
0.77804
0.79616
0.76384
0.78343
1.0889
0.64269
0.69502
0.75683
1.0666
0.6792
0.71614
0.70307
0.69663
1.0209
0.64121
0.66527
0.64863
0.71614
0.65615
0.69183
0.68549
0.72277
0.65615
0.68549
0.68865
0.69823
0.66374
0.73451
0.68707
0.66527
0.7379
0.65163
0.79799
0.70146
0.67143
0.70146
0.68865
0.67143
0.69343
0.72111
0.66527
0.73451
0.68707
0.82224
0.96605
0.69984
0.8091
1.3032
0.73451
0.71121
0.68865
0.70469
0.71121
0.68234
0.67453
0.64565
0.66988
0.69984
0.65917
0.65766
1.3243
1.5066
2.3227
0.77268
0.94406
0.7925
1.0965
1.1429
1.0839
1.0864
1.349
0.9977
1.4689
1.1169
0.97051
1.1455
1.2735
8.356
15.885
10.889
15.849
13.804
16.904
16.866
11.015
18.88
20.989
3.3729
1.1194
1.3335
2.1577
1.8281
5.1642
15.488
1.3335
0.97949
0.88512
0.97724
1.2359
3.9174
15.136
19.055
12.531
17.701
8.0168
0.83753
3.8107
0.73621
0.72444
1.3804
10.965
0.8147
5.5208
11.995
8.1846
9.6828
1.4454
0.78163
1.3459
1.1995
0.67764
0.72111
2.6915
1.1858
0.82035
0.72611
0.76384
0.76208
1.2503
1.0914
1.0328
1.4191
2.7164
4.102
0.69343
0.68234
0.78524
0.8356
0.79799
0.75162
1.4928
2.7606
0.73282
0.7145
0.74817
0.72111
0.67298
2.4491
0.70146
0.71945
0.67608
0.68865
0.68391
0.71121
0.79983
0.66069
0.71779
0.67608
0.71121
0.74989
0.74131
2.3174
0.67298
0.72444
0.67298
0.71121
0.70469
0.67764
0.80724
0.68549
0.68549
0.70469
0.69183
0.65615
0.68549
0.71285
0.67764
0.67764
1.6749
0.69663
0.77446
0.72277
0.71945
0.73961
0.68391
0.74302
0.74131
0.67143
0.71285
0.68549
0.72946
0.72946
0.66374
0.67298
0.72778
0.71779
0.69984
0.67298
0.69502
0.73621
0.84918
0.69823
0.7656
0.67298
0.69984
0.68707
0.69343
0.66374
0.7145
1.5311
0.71779
0.8414
0.78705
0.90782
0.8147
0.74131
0.69343
0.79068
0.70469
0.67764
0.73114
0.7145
0.67608
0.7379
0.71779
0.66222
0.76208
0.74989
0.7145
0.72277
0.70795
0.72946
0.70632
0.70958
0.65917
0.88716
0.82414
0.67608
0.98175
1.5136
0.68865
0.79983
0.71285
0.76384
0.72444
0.70958
0.71945
0.65615
0.70307
0.75683
0.75683
0.72277
0.6792
0.64565
0.72946
0.67608
0.71121
0.66374
0.68707
0.69984
0.68077
0.68707
0.6792
0.71121
0.66527
0.79983
0.70795
0.68234
0.7656
0.73114
0.77804
0.73961
0.81658
0.68707
0.76033
0.71121
0.71779
0.70795
0.69823
0.70146
0.69024
0.73451
0.89125
0.76208
0.69343
0.66527
0.69984
0.69183
0.69663
0.70469
0.70469
0.76208
0.86298
0.8414
0.74302
0.63096
0.72444
0.66374
0.73621
0.74817
0.73621
0.68549
0.69984
0.70469
0.73961
0.66988
0.68391
0.73961
0.70307
0.81283
0.69984
0.7145
0.71779
0.7145
0.68549
0.70146
0.71779
0.69024
0.67143
0.69984
0.72111
0.69984
0.67143
0.77983
0.86896
0.72778
0.70146
0.72611
0.75858
0.74131
0.73282
0.66069
0.81658
0.69984
0.68077
0.68391
0.66374
0.78705
0.72111
0.72111
0.70632
0.72444
0.91411
0.87096
0.82035
0.66834
0.69343
0.76033
0.74645
0.81283
0.70795
0.74645
0.75162
0.79433
0.7145
0.68391
0.72111
0.72946
0.69663
0.68234
0.69984
2.4099
1.0375
0.73451
0.73451
0.65766
0.72277
0.71121
0.73961
0.72444
0.72611
0.68077
0.66069
0.76736
0.67608
0.69502
0.66988
1.1749
0.76033
0.80538
0.86696
0.69984
0.71121
0.82414
0.66834
0.81658
0.81283
0.75683
0.69502
0.74131
0.70146
0.7379
0.68707
0.74817
0.76384
0.82035
0.66374
0.72111
0.76033
0.90991
0.78163
0.74817
0.75336
0.68077
0.66834
0.81846
0.97949
0.69343
0.93111
0.68865
0.70307
0.74473
0.66527
0.69024
0.67608
0.68077
0.71121
0.71614
0.7656
0.7656
0.66988
0.73451
0.8147
0.70469
0.77268
0.87498
0.91201
0.82985
0.70632
0.69502
0.69024
0.72277
0.66374
1.0691
1.6331
0.87297
1.4093
0.85507
0.74473
0.64714
0.67453
1.1722
0.8356
0.83368
0.8414
0.72277
0.67453
1.2794
0.89536
1.2417
3.1477
1.4689
0.76913
0.90365
1.2589
0.69343
1.7061
0.97275
0.69984
0.68077
0.73451
0.74131
0.74645
0.77983
0.69823
0.7709
0.79983
0.7379
0.78705
0.7925
0.76913
0.83753
0.94406
3.02
0.69663
0.74989
0.70469
0.98401
0.73451
0.67298
0.72111
0.7145
0.67608
0.69502
0.64269
0.70307
0.6792
0.66834
0.70307
0.71779
0.67608
0.71121
0.65013
0.70795
0.65464
0.69183
0.73282
0.72611
0.66834
0.68077
0.7379
0.68549
0.7656
0.69823
0.65313
0.67298
0.72778
0.70632
0.7379
0.73961
0.64714
0.84528
0.67608
0.67143
0.67608
0.68391
0.74302
0.68707
0.74473
0.70307
0.67298
0.67764
0.69024
0.68391
0.66988
0.70146
0.69183
0.68391
0.69024
0.76736
0.70146
0.69984
0.66527
0.66069
0.69823
0.67608
0.67453
1.0328
1.3868
0.80353
0.66834
0.69502
0.74473
0.90573
1.0568
1.1117
0.93325
1.1324
0.92683
1.1092
0.79068
1.7579
0.70307
0.69024
0.71945
0.73114
0.9594
1.0399
0.69823
0.66988
0.66988
0.68077
0.66527
0.70632
0.68707
0.66681
0.64565
0.68391
0.71779
0.69823
0.74989
0.66834
0.68707
0.70958
0.67764
0.71779
0.69502
0.67608
0.65163
0.71121
0.66988
0.72111
0.69183
0.69183
0.76384
0.71285
0.66374
0.72277
0.68707
0.70146
0.67143
0.72111
0.73282
0.69502
0.66988
0.70307
0.66834
0.73282
0.62517
0.71614
0.68549
0.72111
0.64417
0.68391
0.69024
0.71285
0.69024
0.69343
0.71614
0.67143
0.77804
0.74131
0.97949
0.63387
0.69823
0.69024
0.70469
0.80538
0.68391
0.66527
0.76384
1.7906
0.74645
0.66374
0.7379
0.75336
0.71945
0.69183
0.74302
0.64714
0.68549
2.3605
0.70146
0.64714
0.70146
0.67143
0.68549
0.65917
0.71779
0.64714
0.67453
0.69343
0.70958
0.69024
0.66069
0.72946
0.66222
0.88105
0.94406
0.7709
0.77804
2.3933
0.68707
2.0464
0.70632
0.7379
1.1561
0.68865
0.7379
0.69024
0.69502
1.762
1.8408
2.5882
3.02
0.67453
0.68234
0.66374
0.7379
0.65917
0.66681
0.66069
0.68077
0.72111
0.71779
0.70795
0.69183
0.70469
0.70469
0.64269
0.78886
0.81096
0.9506
3.4435
2.2336
3.8994
0.71614
0.73114
0.71945
0.70632
0.67143
0.73621
0.67143
0.69984
0.77983
0.76384
0.72611
0.69343
0.69823
0.74645
1.7219
0.83176
1
1.6943
1.6406
8.0724
16.827
9.3325
0.67764
1.3062
8.0538
1.9679
0.93972
0.75683
0.7379
1.3243
3.9084
0.69183
0.76736
0.69502
0.70795
1.6331
1.8239
0.65917
0.66222
2.0324
10.641
16.293
15.812
1.6827
1.4588
3.2961
3.9719
0.69663
0.72611
0.69502
0.71945
0.72277
14.723
7.9616
4.3053
5.6624
1.5885
1.3092
1.4962
1.1066
1.8281
1.1324
1.7498
7.4989
6.2806
10.304
12.162
14.191
18.239
19.679
3.7239
2.8379
3.2584
4.6989
6.1944
7.7268
19.055
9.506
5.7677
0.70795
2.9854
9.977
1.3583
2.8184
4.3551
12.823
15.031
23.227
22.491
3.8282
1.4289
0.90157
3.8726
12.359
3.8019
0.67764
0.67608
6.0814
11.455
8.8512
2.5061
0.71779
0.67453
7.3961
9.7724
0.68549
0.71614
0.70469
2.7164
1.194
1.6144
2.0941
0.70146
3.3037
0.68707
0.68234
1.406
0.71779
5.42
6.166
0.66681
0.70307
0.70307
3.5975
0.79983
1
1.6106
1.2106
1.0864
1.0495
1.1668
1.3335
1.205
1.5849
1.3152
2.1478
2.8249
3.1842
13.772
3.3343
1.4355
1.6982
0.71614
1.8323
5.1286
3.1623
0.70795
0.8892
1.0209
1.1776
1.0471
1.3932
1.2388
1.5596
1.1588
2.3121
0.70632
0.69502
0.68077
1.5488
4.9091
0.69183
0.80353
0.72444
15.171
16.634
10.568
6.5163
1.0471
0.91833
1.7298
4.0738
0.68234
7.7804
16.904
14.655
2.5586
0.79616
0.74131
1.8707
8.4528
8.9331
16.331
12.706
1.9724
2.2961
2.4322
1.0666
6.0117
5.7016
0.67764
0.66527
0.67298
0.76913
0.73621
0.7145
0.69502
0.69984
0.70469
0.77983
0.69984
1.1695
0.7925
0.75336
0.87297
1.0351
1.0186
1.6672
0.73114
0.70795
0.7379
0.66374
0.71779
0.72611
5.1286
0.65615
0.70469
0.67608
0.70469
5.7412
10.423
12.023
9.0573
8.2224
4.5814
2.5882
12.023
9.594
9.247
6.9823
1.6788
1.256
0.68234
0.74817
6.8234
0.69502
9.247
13.032
10.864
0.72444
0.68077
0.71121
1.803
2.0045
4.3551
10.257
17.742
9.247
1.762
12.388
16.293
21.429
12.882
1.3152
0.86099
0.84918
0.71779
0.90573
10.765
10.209
3.2961
7.145
4.4157
0.71121
6.5464
5.0582
1.3092
1.5453
0.72778
5.5208
0.75509
0.67298
0.72778
0.73451
0.67453
0.72611
1.205
0.70146
0.71121
5.5976
10.74
0.91833
2.7797
0.67298
1.8493
0.96605
3.2359
6.5013
9.8855
0.6792
0.74473
0.78524
0.70146
2.1577
0.69502
0.68707
0.66988
0.68865
0.72277
0.66988
0.71285
0.66069
0.70632
0.70469
0.81283
0.73451
0.71121
0.65615
0.68391
0.67143
0.71945
0.6792
6.9183
1.556
0.68234
0.75162
0.73114
0.72778
1.2417
0.76033
0.77804
6.8707
12.078
15.776
15.776
12.303
10.52
12.023
1.099
0.69024
1.2023
7.3282
9.3111
9.8401
5.2966
5.0003
7.4645
4.8641
0.76208
3.281
0.72778
0.70632
8.8512
12.078
14.028
10.568
5.8479
4.3954
4.6026
7.5858
1.0375
1.803
0.71945
0.77268
0.65313
5.559
1.0839
1.0209
0.92257
1.4125
1.4289
0.73451
0.71121
0.6792
0.7379
0.65464
0.68707
0.71945
0.69343
0.68391
0.99541
0.80724
0.76033
1.652
2.2646
3.8994
0.71121
0.65163
0.68549
0.72778
1.099
0.6792
0.64863
0.68234
5.9156
6.7453
8.531
2.6182
6.4121
0.77446
0.65917
0.71779
4.0458
13.583
14.894
8.6497
0.74645
5.3827
9.3972
1.8239
0.68707
3.3806
0.72946
7.3621
4.1591
1.5417
1.0691
1.2417
2.8973
9.9083
0.69663
0.71614
0.70307
0.71945
0.73961
0.72778
0.70146
0.88512
2.7797
1.5031
3.02
13.274
16.982
19.409
13.804
16.634
1.7947
7.0469
0.71285
1.1668
4.5082
0.72111
0.69343
3.5727
2.3442
0.72444
5.1051
1.3092
0.72778
0.76736
0.77625
1.0544
1.3804
1.2677
0.97499
1.6444
1.6368
0.6792
1.4689
0.97499
0.69823
6.2087
0.87297
5.9841
0.70307
1.2589
0.65313
0.72778
0.77804
0.66069
0.69663
0.67143
0.72277
0.74645
0.72277
0.73621
0.71945
0.68234
1.3243
9.8628
6.2373
13.996
8.5704
11.508
1.5524
0.65313
0.69024
2.1627
15.996
18.535
12.417
2.4266
6.4863
0.71121
0.70469
0.73961
0.72277
0.68077
0.69024
0.70469
0.67143
0.68234
12.445
5.358
0.69984
0.89743
1.5453
0.67764
3.1477
3.0061
5.8076
7.0469
0.98175
0.70469
0.71945
4.529
0.9528
1.1272
0.97724
2.8054
0.8414
1.2474
1.122
0.96828
1.4454
1.8493
0.75162
1.8707
0.67298
0.71285
0.76033
2.2491
9.6383
12.388
11.482
0.77268
2.8249
1.8365
1.5453
0.68391
0.70469
1.8113
1.3521
5.1286
3.9811
1.7022
0.72444
0.68391
0.68234
0.7379
0.67453
5.5976
7.4989
6.5766
12.274
17.62
1.7906
2.2233
13.614
6.2087
16.368
13.964
1.1995
0.77625
0.80353
0.79799
1.3183
4.5604
0.71614
1.1695
5.358
1.4488
0.75683
0.64417
1.374
0.69502
0.6792
0.66681
4.256
0.68391
0.69823
0.68391
0.71779
0.69183
0.75858
0.65766
1.3092
0.68391
0.69024
0.70795
0.66834
0.68234
0.68707
0.66988
3.3963
0.65615
0.66834
0.69502
0.69024
4.2756
1.1967
0.64565
0.69343
0.66988
0.73282
0.71285
2.5763
9.5499
1.5205
2.2699
2.0701
0.8091
1.1695
0.77268
1.0568
1.2823
1.3459
5.6105
0.74131
0.67608
0.65615
1.4588
4.5082
0.69024
9.528
11.455
13.804
2.7416
0.65917
0.69984
0.69343
2.2029
2.5823
10.257
2.7353
0.75509
0.7145
0.66374
0.69502
0.78163
0.67764
0.68707
2.0464
0.66988
0.71121
0.67608
0.69984
0.67453
0.72277
0.71945
0.66988
0.70958
10.74
16.827
13.804
4.5394
1.0423
0.82224
9.1622
0.70795
0.69984
0.65163
0.74131
0.73282
1.2942
0.69024
0.75858
0.76384
0.73114
0.72444
6.5313
15.453
13.122
1.3521
2.5704
7.3961
1.4191
0.78524
1.3932
1.7579
0.99312
1.9999
0.74473
0.98175
1.8707
2.7416
3.3729
2.3823
1.5453
9.1411
11.967
16.406
16.406
10.116
8.091
1
0.77983
0.69343
0.76736
4.1783
0.69024
11.117
4.102
2.7669
0.64714
0.7145
0.66681
0.70958
5.1761
1.4859
1.122
1.7947
2.6002
5.3211
0.66834
9.9312
14.622
19.143
15.849
15.346
3.2063
8.5114
1.0423
5.1168
5.4954
0.75336
9.9541
13.062
16.181
7.3451
10.375
11.482
9.528
4.7534
0.66374
1.5382
4.4566
1.122
1.3274
1.1272
10.162
12.882
15.885
15.453
4.2954
0.8414
0.80538
8.5507
0.89743
0.75858
0.84528
1.1912
1.0328
16.596
12.942
0.68549
0.69984
0.65013
1.6711
2.1135
3.6813
0.68077
7.6736
0.6792
2.1627
1.875
0.72611
0.67453
0.6792
0.69502
0.65615
0.69343
0.72111
0.67764
1.6788
0.64565
0.72778
0.72277
0.70958
6.2373
13.74
8.7498
6.4565
0.74131
0.68077
0.67764
0.68234
0.67764
0.7145
0.7379
0.74989
4.0644
0.65917
0.76208
0.68077
0.65464
1.6558
0.64417
14.689
11.749
16.943
12.162
18.793
5.9156
0.71285
1.4191
0.90157
4.0179
11.508
16.444
2.4266
0.70795
0.73114
13.183
17.338
11.117
13.397
13.9
1.3428
2.133
1.374
3.2885
1.5959
2.133
7.6384
11.298
14.322
18.75
18.072
9.6605
5.445
5.559
1.1298
0.78524
2.2491
4.7753
0.84528
1.0889
1.2303
2.2909
1.0864
1.3804
1.2764
3.8282
2.3174
2.5061
7.6384
10.765
17.906
14.06
17.378
14.521
8.892
14.555
0.92257
0.80724
0.76736
1.0914
0.74645
1.1092
1.0765
2.023
6.5766
1.9815
0.72111
3.2211
0.66069
0.72611
0.77625
0.66222
4.529
8.3946
13.552
10.069
15.101
17.701
17.865
0.72111
0.89331
0.82604
0.84528
0.81846
0.74131
0.8414
0.81096
0.80353
0.72611
5.2602
1.8197
0.70307
5.7677
3.6308
1.0715
1.3122
2.6607
0.70307
0.70146
0.68707
0.84528
0.68391
0.73282
0.75509
6.0814
0.66527
6.1802
0.72111
0.72111
0.68391
2.133
0.70632
9.4624
0.74473
0.73451
0.70958
0.73621
0.83753
0.73621
7.5336
11.429
10.641
19.861
14.791
16.52
2.0941
1.1858
2.541
3.7154
3.6392
0.87297
1.0691
15.205
13.996
11.272
15.241
1.9454
3.6644
0.76033
0.77625
1.6368
0.71285
0.8356
0.80168
1.2388
2.7606
1.2106
0.68549
9.4189
9.0573
1.2023
1.094
1.1995
1.2078
3.9811
1.1482
1.1143
1.4859
0.6792
5.902
7.9983
12.19
17.824
18.281
14.723
13.428
15.56
20.893
15.524
8.9331
3.2885
1.4093
4.4668
0.88308
0.68077
0.65615
11.143
13.213
13.646
16.672
20.464
19.055
17.579
9.3541
20.23
10.593
2.5704
12.303
17.62
16.943
17.824
14.421
16.181
14.06
15.382
9.9083
1.0864
1.7783
11.83
19.409
20.606
18.707
19.364
4.9204
0.81283
6.8549
16.827
16.069
20.137
16.749
13.521
17.865
13.996
9.0157
7.1121
15.996
21.478
20.417
16.982
20.893
18.75
15.382
21.577
12.677
7.0469
0.85704
1.2589
1.7338
16.106
10.162
14.928
17.865
16.106
19.953
18.707
19.907
15.74
18.707
17.865
16.218
18.578
15.417
13.868
16.558
7.3451
1.0351
0.75858
0.89331
0.8414
0.8892
1.099
1.2735
12.706
13.002
7.8524
16.368
21.33
16.788
15.959
17.022
15.524
13.646
19.588
18.621
15.346
15.812
17.824
1.1561
4.3954
9.6383
6.8865
15.205
18.88
20.701
18.923
19.231
10.209
15.276
6.8234
8.5704
0.95499
1.1535
0.78163
1.4521
1.0093
2.4831
1.4454
1.9454
16.406
11.143
17.14
18.408
15.066
19.409
16.482
14.757
17.62
16.181
17.298
7.7446
6.8865
10.209
15.101
22.961
24.099
19.187
21.281
21.727
1.5066
2.2803
12.912
17.338
17.701
21.827
20.654
18.793
10.889
24.604
6.0256
0.88716
0.75683
1.1695
18.793
19.679
21.038
19.953
19.099
16.406
3.4754
3.0409
10
12.078
0.77625
6.6222
17.947
19.011
20.324
13.772
16.069
18.75
13.836
13.772
18.155
17.742
16.406
15.596
17.258
6.1518
9.8855
22.131
19.409
15.812
19.32
17.14
16.293
20.37
16.672
14.223
4.8978
0.66988
0.67764
12.823
22.233
20.654
20.845
20.749
16.482
24.266
15.631
2.6182
8.77
19.77
4.6666
0.81658
0.80538
0.85507
2.2699
16.788
19.498
20.893
19.77
18.836
18.45
5.42
19.588
14.791
17.62
17.061
21.38
9.1833
14.622
8.4723
2.729
12.331
8.7297
2.1928
16.672
17.418
2.8642
1.3996
18.836
24.044
21.577
2.4099
16.943
19.498
15.668
15.066
15.066
19.32
21.086
3.9994
0.86497
0.9594
0.82985
1.219
1.888
15.596
10.139
10.864
18.75
18.113
20.464
21.827
17.14
20.091
13.305
14.962
5.2602
9.8401
1.9498
1.1117
7.1121
16.368
18.45
21.478
24.889
16.672
17.579
13.804
1.8836
1.122
2.6546
0.75336
7.5683
1.1482
1.5959
1.4421
0.78886
13.74
17.62
20.797
23.878
19.454
19.011
22.961
9.6605
19.953
13.836
23.714
20.989
18.664
5.4954
5.035
7.3961
1.0617
1.766
14.962
22.08
18.493
18.03
14.158
1.0839
13.397
14.488
19.275
20.37
17.258
16.672
19.143
21.281
16.711
13.552
19.409
20.464
20.045
19.77
21.878
6.5313
21.478
19.999
19.409
16.52
16.106
13.868
13.183
1.1169
0.81283
8.531
15.776
15.959
21.33
21.038
15.066
11.455
8.6099
7.3451
23.281
21.429
19.588
14.962
20.324
21.727
16.982
0.90157
14.689
20.37
15.453
11.066
1.5066
1.0186
0.72111
0.7925
0.77446
0.83176
0.74302
1.0209
18.621
18.197
17.824
21.232
19.77
17.498
17.458
18.281
23.121
11.015
17.14
13.9
19.231
11.455
19.907
20.512
22.387
12.274
1.5704
2.0512
19.634
16.558
15.241
21.38
20.749
21.086
1.7865
12.912
13.521
16.788
12.246
6.4121
20.417
11.695
16.827
20.749
17.742
15.996
3.2509
2.4491
0.85704
0.96383
0.83176
18.836
14.622
23.714
1.7498
18.493
18.323
20.277
18.578
15.241
12.503
1.3804
20.324
17.418
20.464
20.512
17.66
19.861
20.23
1.0399
1.3868
20.23
18.535
16.106
20.989
21.038
17.742
0.95719
13.583
18.967
16.672
21.184
20.417
25.351
12.274
23.442
17.824
13.122
0.8147
15.171
13.002
23.335
20.512
16.672
19.634
22.646
14.158
20.137
3.4356
0.74989
1.0914
20.137
21.878
18.578
3.9446
17.378
14.825
17.022
18.03
12.023
15.922
21.038
19.275
8.0168
14.488
4.0738
17.783
17.338
21.979
18.493
22.029
16.482
19.055
22.284
18.365
19.634
14.689
40.644
20.464
23.227
26.424
22.594
27.164
28.184
23.988
24.831
22.233
25.119
24.831
25.882
21.38
23.55
23.014
23.605
25.119
24.604
21.478
25.293
27.164
13.804
25.119
17.061
17.66
22.182
25.586
25.942
25.527
26.853
24.946
26.363
28.445
23.067
25.586
26.607
24.21
18.664
22.646
23.768
26.853
23.55
11.803
9.2683
7.2277
