13.002
5.7677
0.69984
7.6033
6.3096
2.8054
7.4473
7.0146
7.4473
1.9588
2.6303
2.5704
2.2284
2.1528
2.2803
2.7542
2.5468
3.6308
5.445
8.0724
2.5119
2.5586
2.3714
2.466
3.2885
4.6666
2.8249
3.4514
4.7863
1.9055
2.0184
6.6681
2.3121
2.0184
8.7902
11.015
8.9743
5.821
3.5727
4.5604
1.7947
2.1827
2.1777
1.5704
1.4655
2.3659
1.6943
4.0087
2.3121
2.1184
1.5524
2.7416
2.2182
2.6002
1.4997
1.9543
2.1627
2.1086
1.7824
2.8314
2.7606
4.3954
2.799
4.8865
8.6696
10.864
7.6033
8.9125
5.4954
8.2604
1.9231
1.1749
1.2794
3.8548
1.4555
1.556
1.5668
1.6144
2.7733
1.6482
1.5101
3.7584
1.7179
1.9187
7.9433
11.885
10.544
10.839
1.8155
10.814
7.0307
2.0941
7.0307
2.7479
4.5394
1.2647
1.4622
2.4378
2.6303
9.8401
11.508
1.5812
1.6558
1.6444
2.6303
1.2417
1.7783
1.2618
3.9628
1.4894
4.529
5.358
1.1967
0.95719
6.9502
11.912
28.708
10.864
11.508
9.6383
0.93972
0.94624
4.1115
15.311
14.859
14.655
8.147
4.3351
7.6384
12.794
10.116
8.531
1.1324
0.98628
1.2589
4.592
0.99541
0.96605
11.015
11.35
13.996
9.1201
7.3451
5.188
0.90782
11.482
7.4302
1.4723
1.3366
5.7544
0.90157
1.8072
0.84723
0.82794
8.531
10.889
11.22
2.1478
11.402
9.9312
1.0162
0.90365
8.1283
9.6383
12.359
10.99
7.9616
7.7446
8.995
0.9977
12.531
9.528
12.218
10.28
8.4918
0.99312
1.5885
0.78343
7.3114
1.4322
1.3772
0.96383
0.94624
1.0162
1.0186
1.1246
0.91411
1.6293
4.4055
0.81283
0.70469
0.77268
0.73961
0.7709
0.8414
1.7219
1.0691
5.902
11.117
10.423
3.2359
0.73961
1.7378
0.9977
6.0256
11.429
10.914
10.691
8.6099
11.169
8.7096
12.531
9.506
0.96383
0.83946
0.82794
0.99083
4.6989
7.8705
1.3397
1.1041
0.8995
0.78343
10.209
9.594
10.593
10.375
1.1041
7.0469
11.858
10.715
11.668
5.6105
8.3368
1.099
0.72111
0.75162
1.3996
0.79433
8.6896
8.091
8.0353
10.423
9.3756
7.2946
1.8365
0.94406
0.83176
0.9247
1.0162
1.0715
1.0593
0.9528
1.2677
0.69024
0.68707
0.70307
0.81283
0.85901
0.8147
1.0889
0.82794
0.80353
0.69823
0.82414
0.73282
0.66222
0.8147
0.7379
0.9528
0.75509
0.82794
0.79616
0.70307
0.67453
0.69183
0.66681
0.77446
0.73961
1.0186
0.7145
0.73282
0.74989
0.78886
0.71614
0.72946
0.72444
0.68391
0.8147
0.84528
0.75162
0.83176
0.69984
0.6792
0.78524
0.69663
0.68865
0.77268
0.76913
1.0399
0.67143
0.78343
0.66988
0.66069
0.70795
0.67298
0.66069
0.8414
0.70795
0.64269
0.66988
0.66681
0.67608
0.74817
0.72444
0.76208
0.79433
0.81846
0.68077
0.70146
0.7145
0.82604
0.75858
0.72778
0.73114
0.71121
0.70146
0.77268
0.68865
0.74131
0.67608
0.70469
0.77446
0.6792
0.77268
0.877
0.97724
0.72277
0.78163
0.70469
0.70469
0.7656
0.75162
0.69823
0.93111
0.79068
0.90365
0.69984
0.70307
0.68865
0.82224
0.82224
0.71945
0.75336
0.80168
0.72111
0.7709
0.68549
0.76384
0.72611
0.82035
0.67298
0.73621
0.74645
0.90573
0.71121
0.79983
0.71285
0.7379
0.66681
0.69984
0.75336
0.78705
0.74473
0.66834
0.71121
0.84723
0.69183
0.75858
0.68707
0.84918
0.72111
0.8091
0.83753
0.66681
0.69502
0.71945
0.65163
0.7145
0.70469
0.67143
0.65464
0.70958
0.88105
0.67298
0.77983
0.70795
0.71121
0.7379
0.70795
0.68391
0.66681
0.80724
0.70469
0.7379
0.72111
0.68391
0.75858
0.72611
0.82794
0.74645
0.66527
0.68234
0.89331
0.66374
0.69663
0.82224
0.69502
0.69183
0.68234
0.75683
0.76913
0.70795
0.74131
0.72611
0.70632
0.72111
0.88716
0.67764
0.69183
0.76736
0.73114
0.73451
0.99083
0.76033
1.0116
0.93972
0.73451
1.0186
0.93541
1.1749
0.73114
0.86298
0.75336
0.96383
0.74473
0.71121
0.7656
0.8995
0.69502
0.69343
0.70632
0.66222
0.71945
0.77268
0.70146
0.69502
0.90157
0.67143
0.89743
0.70307
0.69502
0.66834
0.68707
0.70795
0.71945
0.7145
0.73451
0.73621
0.67608
0.67298
0.72111
0.65013
0.68549
0.66527
0.66834
0.66069
0.69984
0.69343
0.72946
0.76736
0.73451
0.7145
0.65615
0.69024
1.1324
0.70958
0.72111
0.70469
0.67764
0.70469
0.71285
0.7145
0.70307
0.70632
0.70307
0.67608
0.75336
0.67453
0.68077
0.69663
0.7145
0.69823
0.72444
0.72946
0.69502
0.94189
0.76736
0.69502
0.77625
0.66374
0.68549
0.69502
0.66069
0.66069
0.69823
0.68077
0.66681
0.70307
0.6792
0.69984
0.66834
0.72611
0.74817
0.69984
0.71779
0.68865
0.6792
0.72277
0.68707
0.71285
0.68077
0.68391
0.69502
0.69823
0.70146
0.67764
0.72611
0.70795
0.70795
0.68865
0.68077
0.73451
0.67453
0.71121
0.6792
0.75162
0.74989
0.68234
0.92257
0.69823
0.7656
0.68391
0.68077
0.68707
0.69984
0.72611
0.66834
0.69823
0.69183
0.72611
0.77446
0.68391
0.74645
0.76033
0.69024
0.65163
0.67298
0.69024
0.67608
0.68077
0.90573
0.72778
0.68707
0.69343
0.69823
0.68391
0.84528
0.69343
0.63241
0.70795
0.67453
0.99083
0.69183
0.76033
0.71121
0.70307
0.67143
0.75509
0.72277
0.67143
0.81283
0.71285
0.69502
0.66988
0.68707
0.69502
0.72611
0.66527
0.74302
0.68707
0.67764
0.70795
0.70958
0.81846
0.70958
0.70146
0.7145
0.7656
0.74989
0.66834
0.69502
0.76384
0.7709
0.68865
0.77268
0.69984
0.69823
0.7145
0.70469
0.72444
0.70632
0.7145
0.66527
0.72946
0.68234
0.77446
0.66527
0.7656
0.75683
0.74817
0.70469
0.81096
0.65313
0.69024
0.68234
0.80538
0.76913
0.89743
0.69343
0.72778
0.7709
0.76033
0.72946
0.67298
0.69663
0.7925
0.72778
0.69502
0.79799
0.74131
0.82985
0.65917
0.66222
0.67764
0.72111
0.73282
0.72444
0.71779
0.7379
0.72111
0.70958
0.70469
0.68077
0.70469
0.75858
0.74302
0.71779
0.6792
0.73961
0.68077
0.71945
0.68707
0.66681
0.7656
0.7656
0.71779
0.74473
0.81846
0.70632
0.69663
0.69343
0.73282
0.75509
0.70958
0.71614
0.7379
0.69502
0.6792
0.73621
0.7145
0.7925
0.69984
0.70307
0.69343
0.81846
0.68391
0.76913
0.71779
0.64714
0.71614
0.68707
0.72111
0.68865
0.67298
0.70632
0.68707
0.68865
0.66834
0.78343
0.74473
0.70958
0.7379
0.79983
0.82035
0.74473
0.74989
0.76384
0.76384
0.73961
0.78886
0.73114
0.71285
0.69663
0.6792
0.67453
0.74131
0.74302
0.75162
0.73282
0.76736
0.73961
0.71945
0.77625
0.68865
0.73451
0.72946
0.72111
0.69502
0.8147
0.69663
0.67608
0.75858
0.73282
0.7145
0.69663
0.74817
0.73621
0.70795
0.71779
0.72444
0.80538
0.71779
0.72444
0.70795
0.66834
0.68549
0.74645
0.69024
0.77804
0.78163
0.71614
0.71779
0.72946
0.6792
0.64269
0.68234
0.75162
0.70632
0.93325
0.76384
0.72611
0.71121
0.68865
0.90782
0.69984
0.67764
0.6792
0.69823
0.80168
0.68391
0.70307
0.89125
0.70958
0.77983
0.77446
0.74131
0.74302
0.98401
0.69823
0.76208
1.1015
0.76208
1.1995
0.78343
0.76384
1.4158
1.074
7.0632
0.72778
0.66834
0.70632
0.67608
1.0641
0.78163
0.76208
0.69984
0.71614
0.76208
0.68865
0.68077
0.78886
0.75509
0.71614
0.76736
0.76736
0.69984
0.71285
0.74131
0.69502
0.71779
0.7379
0.89536
0.70795
0.74989
0.74473
0.73961
0.69984
0.69343
0.6792
0.80353
0.76384
0.71121
0.70469
0.77804
0.69343
0.71779
0.71945
0.68391
0.73961
0.73451
0.71285
0.76384
0.74473
0.76736
0.73282
0.76208
0.74989
0.68707
0.84723
0.71614
0.69024
0.68549
0.75162
0.72444
0.72444
0.82794
0.70146
0.69984
0.71779
0.74645
0.70632
0.65163
0.70958
0.72778
0.78524
0.68865
0.74817
0.7925
0.72277
0.72444
0.69984
0.68391
0.79616
0.77268
0.67764
0.75162
0.74302
0.69024
0.75336
0.72277
0.67608
0.71945
0.70632
0.68391
0.72611
0.68234
0.68077
0.68391
0.70146
0.75683
0.66988
0.71779
0.69663
0.70795
0.72111
0.76208
0.70307
0.70469
0.68549
0.69343
0.70632
0.69984
0.65313
0.74989
0.71614
0.67764
0.67143
0.69502
0.75683
0.66069
0.65615
0.72277
0.64863
0.66527
0.72611
0.70795
0.67608
0.65615
0.65766
0.6792
0.67143
0.65163
0.69984
0.70307
0.68077
0.73451
0.66834
0.66069
0.69984
0.66222
0.68234
0.69984
0.70795
0.67764
0.77983
0.7145
0.7379
0.72611
0.67608
0.75509
0.69984
0.72111
0.81096
0.73961
0.78524
0.76384
0.75336
0.70632
0.84918
0.72111
0.72444
0.68077
0.72946
0.76033
0.71285
0.73282
0.70146
0.67764
0.69183
0.69343
0.70632
0.73451
0.78343
0.77268
0.85704
0.68234
0.67143
0.67298
0.68865
0.68865
0.79616
1.0495
1.0691
0.67764
0.72111
0.71285
0.70795
0.73451
0.76208
1.1749
0.73114
0.75162
0.8147
0.73282
0.71614
0.73114
0.69183
0.74302
0.69024
0.71121
0.69663
0.75336
1.0162
0.79433
0.82035
0.69343
0.72946
0.73114
0.69823
0.79068
0.7145
0.76913
0.72111
0.75858
0.93325
0.68391
0.70307
0.72946
0.69183
0.70146
0.72946
0.7145
0.75683
0.70795
0.66834
0.80168
0.76208
0.75509
0.74473
0.75858
0.82414
0.71121
0.71779
0.74473
0.70307
0.89125
0.70307
0.77268
0.71614
0.72611
0.68707
0.71614
0.70632
0.79068
0.69823
0.78524
0.69502
0.82035
0.74989
1.099
1.0641
1.9187
0.82224
0.85507
0.93972
0.91201
0.86696
0.93541
0.90157
0.99541
0.97275
1.2274
1.0116
1.0839
1.0617
1.1143
1.0889
1.3152
1.2618
1.4588
1.1614
0.99312
1.1117
1.0839
1.0471
1.0666
1.9143
4.6132
1.1092
0.94406
0.82035
1.1508
0.82414
3.8637
0.82794
0.82224
0.75683
0.76033
1.8493
3.342
1.0116
0.79799
4.7534
2.8642
0.97499
0.88105
1.099
0.96828
1.0257
1.094
1.0495
1.3122
1.2106
1.7865
0.93541
1.0666
1.2794
1.1749
11.22
12.388
10.116
13.49
10.28
10.889
0.97499
4.7315
0.92257
7.7804
11.912
10.94
11.858
7.709
0.7925
1.2474
0.93756
0.87498
0.88308
1.0765
1.052
1.1588
0.93541
1.0715
0.92683
0.71614
0.99541
0.99541
1.3552
6.7608
1.0839
0.86298
1.0641
1.0375
0.89331
1.3964
1.8408
0.69183
0.87096
0.78163
0.77446
0.94842
0.67764
1.0399
0.69183
0.66834
0.97499
0.68391
0.97275
0.67143
0.75509
0.6792
0.66069
0.877
0.69502
0.68077
0.72277
1.0116
0.69823
0.83368
0.73282
0.68234
0.82414
0.6792
0.6792
0.70795
0.73114
0.70146
0.9247
0.71779
0.68549
0.69502
1.3152
0.65917
0.68549
0.67608
0.71285
0.7656
0.76033
0.68549
0.69343
0.68865
0.68865
0.67764
0.8091
0.68077
0.69183
0.68865
0.70469
0.69984
0.72111
0.67453
0.6792
0.69024
0.74645
0.66834
0.71945
0.70795
0.70795
0.72444
0.66988
0.70146
0.74473
0.70469
0.73961
0.84723
0.72611
0.68549
0.76384
0.68865
0.70958
0.6792
0.6792
0.73114
0.69984
0.66527
0.68234
0.75858
0.68077
0.71614
0.70469
0.69663
0.69343
0.68549
0.68391
0.72611
0.70632
0.69663
0.71285
0.65766
0.69984
0.70146
0.66374
0.66527
0.68865
0.72946
0.79983
0.66374
0.67764
0.7709
0.68707
0.66988
0.78886
0.73621
0.66069
0.63973
0.68234
0.66834
0.68391
0.72778
0.72611
0.85901
0.69343
0.70146
0.67608
0.70146
0.72444
0.66222
0.70958
0.80353
0.65917
0.68234
0.70146
0.67453
0.67608
0.71285
0.66681
0.70146
0.74302
0.70795
0.69183
0.69984
0.7145
0.64269
0.68549
0.68707
0.70146
0.70146
0.72277
0.74302
0.72611
0.9528
0.65163
0.67298
0.65464
0.67298
0.68865
0.68865
0.87096
0.68077
0.66527
0.65917
0.9977
0.69663
0.68707
0.68391
0.69823
0.76208
0.68865
0.66527
0.67453
0.69183
0.66527
0.70958
0.68391
0.69343
0.73282
0.68391
0.7145
0.68234
0.68077
0.7145
0.69183
0.68391
0.67608
0.65464
0.7656
0.80353
0.72444
0.68234
0.68077
0.67298
0.77804
0.9977
0.69502
0.67298
0.64417
0.68391
0.69343
0.64714
0.65766
0.70795
0.74817
0.68234
0.66681
0.6792
0.67298
0.69502
0.67453
0.67764
0.68234
0.68549
0.66681
0.71614
0.66222
0.69343
0.68234
0.69502
0.68865
0.68077
0.67764
0.68077
0.67143
0.66069
0.68077
0.75509
0.69343
0.67298
0.67608
0.65766
0.75683
0.74989
0.72111
0.70469
0.70469
0.72444
0.65615
0.69823
0.74302
0.66988
0.72778
0.71779
1.1169
0.97051
2.4717
1.3932
0.82985
0.91411
0.94406
1.5171
1.074
0.90157
0.95719
0.84333
0.90782
1.0864
1.1995
1.0914
1.2303
0.97051
1.2735
1.0965
0.77983
0.98628
0.85114
0.75683
0.66834
0.70146
0.78524
2.6424
1.349
0.71779
0.78705
0.8091
0.89743
0.72778
0.78343
0.82794
0.82224
2.6669
0.68707
0.67453
1.1015
0.73621
0.69024
0.72778
0.72946
0.72444
0.74131
0.68391
0.71121
0.66374
0.77983
0.68865
0.75858
0.65766
0.70469
0.68391
0.67298
0.69024
0.68391
0.68391
0.65464
0.69343
0.74131
3.0974
7.4817
11.272
9.6161
11.668
7.9068
0.9977
1.3964
1.0328
2.2233
0.75858
0.79983
0.75858
0.70469
0.75683
0.70795
0.68707
0.66527
0.77446
0.70307
0.74989
0.70958
0.69663
0.79616
0.69343
0.69823
0.70469
0.73961
0.69823
0.74473
0.67764
0.73282
0.73282
0.69343
0.69502
0.71285
0.69502
0.78705
0.71945
0.80724
0.71121
0.79799
0.74645
0.70307
0.72111
0.69343
0.77625
0.7145
0.72946
0.73114
0.73961
0.72277
0.68234
0.69663
0.66988
0.67453
0.71614
0.73961
0.73621
0.73621
0.74131
0.71121
0.70469
0.66527
0.72111
0.69502
0.71285
0.75162
0.66681
0.7379
0.71121
0.74131
0.70795
0.72611
0.75336
1.2618
0.66988
0.69024
0.74131
0.69343
0.69502
0.69502
0.74473
0.66374
0.68077
0.67453
0.68234
0.74473
0.73114
0.69663
0.69502
0.70795
0.75858
0.76033
0.73451
0.71779
0.77446
0.70146
0.70958
0.67608
0.70795
0.73961
0.69663
0.72778
0.71945
0.70958
0.78705
0.70469
0.68549
0.72111
0.68077
0.70307
0.72277
0.69343
0.69024
0.74302
0.69343
0.71945
0.69024
0.72111
0.70307
0.70795
0.68234
0.76913
0.76033
0.877
0.67764
0.6792
0.72778
0.67608
0.72444
0.68077
0.67764
0.68077
0.86696
0.74131
0.67608
0.67143
0.70795
0.69183
0.67298
0.71614
0.66988
0.79983
0.68865
0.73451
0.68707
0.65615
0.79616
0.69823
0.6792
0.64863
0.65766
0.71779
0.70469
0.69663
0.86896
0.6792
0.67764
0.67764
0.69183
0.70307
0.69024
0.72111
0.68391
0.67764
0.90157
0.70795
0.69823
0.8356
0.75509
0.71945
0.76736
0.8091
0.86696
0.73621
0.76033
0.75509
0.79616
0.76208
0.81846
0.76736
0.77983
0.67764
0.79799
0.90782
0.7656
1.7179
0.92257
1.3274
1.0328
0.85704
2.2594
0.93111
0.67764
0.82035
0.70307
0.79616
0.82794
0.67453
0.66681
0.70958
0.77983
0.65464
0.67608
0.65313
0.70958
0.67453
0.71285
0.66527
0.75162
0.68707
0.69984
0.93111
0.70307
0.69984
0.68549
0.69343
0.70307
0.71614
0.66988
0.71614
0.70795
0.70307
0.70469
0.69024
0.74131
0.74989
0.74131
0.68234
0.69502
0.70958
0.73451
0.70469
0.68865
0.73621
0.70307
0.80168
0.69823
0.74131
0.73621
0.67764
0.74989
0.73282
0.72277
0.65766
0.69823
0.70632
0.70469
0.71614
0.74989
0.70795
0.71121
0.71779
0.72277
0.82604
0.7145
0.74131
0.72111
0.73621
0.70146
0.71285
0.70795
0.71945
0.70146
0.72111
0.70307
0.69663
0.81096
0.72111
0.70469
0.73282
0.75683
0.72778
0.76913
0.75683
0.74473
0.69502
0.69984
0.70632
0.7379
0.68707
0.7379
0.66988
0.7145
0.69663
0.74302
0.68391
0.69984
0.68391
0.73621
0.81096
0.71285
0.68549
0.67298
0.65615
0.71121
0.69502
0.69183
0.67143
0.7379
0.82604
0.68549
0.69823
0.70146
0.66834
0.72611
0.70795
0.73961
0.80538
0.71121
0.67453
0.68549
0.66222
0.66988
0.69663
0.70469
0.73114
0.66069
0.75509
0.74302
0.68391
0.75336
0.66681
0.75858
0.71121
0.70958
0.69343
0.69663
0.67298
0.78524
0.73451
0.70146
0.70469
0.68391
0.67143
0.71614
0.73282
0.66988
0.70469
0.71779
0.69024
0.69183
0.74473
0.69663
0.69502
0.72778
0.8147
0.70795
0.6792
0.69823
0.70795
0.7379
0.73961
0.70795
0.89125
0.73114
0.67298
0.67298
0.67298
0.84333
0.69024
0.71285
0.66681
0.68707
0.69024
1.4488
0.75336
0.68865
0.86896
0.71285
0.72778
0.83753
0.73621
0.71779
1.3583
0.67608
1.406
0.82035
1.9634
0.71779
0.78524
1.3996
0.8414
0.83176
0.8892
1.1194
1.0914
1.0789
1.1668
1.4191
1.1194
2.3659
1.0328
1.8621
4.4978
5.4954
3.2584
1.4223
3.6813
0.78886
0.71121
0.74302
0.76384
0.75509
4.6452
0.71945
0.72611
8.8308
1.0593
0.77983
0.77446
0.99312
0.82794
0.8414
0.93111
0.89743
0.79433
1.1015
1.2503
1.3804
0.98628
1.0023
1.3709
1.2162
1.4928
0.69984
0.65917
0.71779
0.68707
0.70958
0.70632
0.68549
0.69343
0.72111
0.70307
0.66222
0.69024
0.75162
0.66988
0.69663
0.65766
0.69663
0.69823
0.65464
0.68865
0.81283
0.65917
0.69984
0.67143
0.67608
0.68077
0.72111
0.73282
0.77804
0.69663
0.67143
0.6792
0.68077
0.68391
0.69024
0.66988
0.70307
0.69823
0.70469
0.70469
0.69024
0.7925
0.74817
0.70632
0.69823
0.75162
0.67143
0.67608
0.75509
0.66681
0.74302
0.69343
0.64863
0.70307
0.66988
0.68234
0.66374
0.76033
0.73451
0.68707
0.70958
0.71121
0.68391
0.73961
0.72111
0.69024
0.72277
0.65917
0.72277
0.66527
0.71614
0.67453
0.69823
0.69343
0.72778
0.70958
0.68077
0.69343
0.67298
0.66988
0.70307
0.70958
0.69024
0.68077
0.69343
0.70307
0.70307
0.73621
0.68391
0.70146
0.71285
0.76913
1.2246
0.72778
0.92897
0.75858
0.83368
0.78343
0.73114
0.78343
0.76208
0.74473
1.3032
0.78343
0.83368
0.72444
0.76736
0.66681
0.69823
3.0339
0.69183
0.68234
0.72444
0.67453
0.69984
0.67764
0.71945
0.69502
0.79799
0.69024
0.66988
0.68549
0.7145
0.69024
0.72277
0.73451
0.71285
0.69343
0.71285
0.69024
0.75336
0.69984
0.73282
0.70307
0.72444
0.69663
0.67298
0.69663
0.68549
0.71285
0.7145
0.75336
0.68077
0.6792
0.72111
0.75336
0.68077
0.67143
0.75336
0.71779
0.71121
0.79433
0.71945
0.77446
0.72611
0.72444
0.73621
0.71614
0.69984
0.69663
0.74645
0.68234
0.70958
0.75509
0.79616
0.70307
0.71779
0.68391
0.73451
0.70146
0.69984
0.71614
0.66681
0.71121
0.70469
0.68391
0.74989
0.70795
0.74302
0.74302
0.67764
0.68391
0.69823
0.66222
0.69663
0.72778
0.71614
0.67608
0.70958
0.73451
0.70469
0.75162
0.79799
0.69984
0.72778
0.73961
0.73961
0.68865
0.76033
0.66681
0.76033
0.74989
0.74131
0.73961
0.72277
0.72277
0.69024
0.66527
0.73114
0.74989
1.8281
0.91833
1.3614
2.704
1.2647
0.67143
0.74131
0.87096
0.72778
0.74645
0.73282
0.75858
0.74817
0.76384
0.71614
0.74302
0.69663
0.72444
0.69663
0.68391
0.7925
0.65615
0.72946
0.66069
0.77268
0.72111
0.69343
0.72444
0.70632
0.73451
0.7656
0.73451
0.72778
0.66681
0.67608
0.68707
0.72778
0.70632
0.69663
0.73961
0.71614
0.66681
0.70469
0.66988
0.74989
0.75162
0.71121
0.7145
0.74473
0.69024
0.75509
0.69024
0.68549
0.65615
0.75162
0.73621
0.68549
0.70795
0.69343
0.70146
0.67764
0.66681
0.7379
0.69024
0.78343
0.74473
0.68391
0.66374
0.72611
0.74131
0.68549
0.7145
0.69502
0.68077
0.65766
0.73114
0.68391
0.78163
0.72778
0.70795
0.68234
0.6792
0.72111
0.67143
0.69823
0.7145
0.69343
0.73451
0.69823
0.76736
0.66681
0.66834
0.67453
0.74473
0.75509
0.73961
0.72111
0.70795
0.67298
0.71945
0.73451
0.73621
0.69823
0.70795
0.66681
0.73282
0.68549
0.69343
0.70469
0.71121
0.69984
0.71121
0.7145
0.71945
0.73282
0.76736
0.69343
0.74131
0.69984
0.73282
0.70469
0.71121
0.70146
0.6792
0.81658
0.72778
0.7656
0.72946
0.70146
0.74817
0.70146
0.70146
0.6792
0.69343
0.73282
0.74473
0.68391
0.66681
0.69343
0.70632
0.70469
0.69183
0.68865
0.72778
0.67298
0.69984
0.72946
0.72444
0.67764
0.71779
0.77804
0.68549
0.70795
0.69984
0.66069
0.70146
0.71945
0.66222
0.66374
0.7145
0.78343
0.69663
0.72277
0.74302
0.74302
0.68391
0.69183
0.68391
0.71614
0.6792
0.72611
0.71614
0.74817
0.69823
0.85114
0.96161
0.69343
0.8147
0.73114
0.68549
0.77446
1.2331
0.77268
0.75336
0.82035
0.7709
0.74131
0.7925
0.70632
0.73621
0.71285
0.79983
0.69502
0.79433
0.70632
0.68234
0.72444
0.70307
0.8091
0.7379
0.83946
0.76033
0.77804
0.87297
0.70632
0.66988
0.70958
0.70307
0.74817
0.77983
0.68234
0.67453
0.71614
0.77268
0.70469
0.65313
0.67298
0.75162
0.68234
0.7709
0.69984
0.72946
0.68549
0.71121
0.67453
0.74131
0.67453
0.69343
0.76736
0.6792
0.70958
0.66222
0.69823
0.71121
0.72111
0.75683
0.75858
0.72111
0.69984
0.69502
0.72946
0.76384
0.70146
0.73451
0.70307
0.72277
0.78163
0.68077
0.68549
0.70146
0.70469
0.70146
0.74645
0.71285
0.69024
0.73621
0.70958
0.71285
0.70795
0.71945
0.68077
0.7709
0.71614
0.70958
0.72611
0.74817
0.70632
0.85114
0.83176
0.70307
0.72111
0.71614
0.72611
0.70469
0.71614
0.69183
0.70307
0.6792
0.71945
0.72778
0.70795
0.75162
0.79799
0.75162
0.81096
0.9247
0.7709
0.91201
0.78163
0.78163
0.81846
0.78705
1.099
0.72946
0.8892
0.72946
0.70146
0.81096
0.7145
0.68391
0.73451
0.67764
0.71121
0.68865
0.69984
0.65163
0.8995
0.72778
0.69024
0.69183
0.83368
0.76913
0.68234
0.73621
0.71285
0.69343
0.73114
0.70632
0.70469
0.75336
0.74473
0.74131
0.69183
0.77625
0.83176
0.74302
0.69343
0.72778
0.76384
0.69343
0.71285
0.69984
0.74473
0.69183
0.73621
0.78886
0.7379
1.0046
0.72946
0.76033
0.69183
0.74989
0.73451
0.73114
0.80538
0.72277
0.71945
0.67298
0.78163
0.68391
0.70632
0.81283
0.75336
0.73114
0.7145
0.78163
0.76208
0.73114
0.68549
0.78705
0.70958
0.70632
0.77268
0.67298
0.72946
0.69024
0.69343
0.75683
0.6792
0.80724
0.69823
0.71945
0.73961
0.71614
0.68234
0.68865
0.74131
0.79433
0.74473
0.69823
0.69024
0.72611
0.66681
0.7925
0.74131
0.75858
0.82035
0.71285
0.72444
0.71945
0.70469
0.73114
0.66988
0.74989
0.70632
0.66222
0.71285
0.67298
0.82794
0.73282
0.66069
0.68707
0.7145
0.69823
0.81096
0.66988
0.74645
0.71121
0.71121
0.69024
0.66527
0.69823
0.7379
0.72111
0.68234
0.72111
0.70958
0.66988
0.67453
0.73282
0.72946
0.74302
0.69024
0.72444
0.71779
0.73621
0.69343
0.74131
0.7145
0.69823
0.71121
0.72111
0.66834
0.69823
0.69823
0.67764
0.72111
0.74645
0.79616
0.69343
0.75336
0.71779
0.76208
0.71121
0.70632
0.67298
0.66374
0.70795
0.72277
0.92683
0.72111
0.7145
0.67764
0.70958
0.77268
0.74989
0.69343
0.68549
0.66988
0.77983
0.71945
0.71121
0.82414
1.2823
1.094
2.2803
1.8323
0.91622
0.90365
0.8091
1.1092
1.2706
1.1803
0.83946
5.5208
3.1477
0.77268
0.7379
0.69502
0.7145
0.68077
0.68707
0.68234
0.70795
0.78343
0.85704
1.1561
1.4488
1.7179
0.67608
0.65766
0.71945
0.70469
0.7145
0.69343
0.78343
0.78163
0.80353
0.71945
0.73451
0.76208
0.7709
0.79068
1.1614
1.4093
0.82985
0.69663
0.66681
0.71121
0.71121
0.72111
1.7458
0.74302
0.70958
0.71285
0.71945
0.68391
0.66681
0.67453
0.66834
1.1776
0.68549
3.2359
7.6208
10.864
10.375
9.0782
6.0674
11.995
13.646
9.977
13.062
11.803
6.3973
7.4645
1.2162
1.0162
1.5453
1.0423
0.69024
1.3366
1.1246
1.1803
0.99083
1.3274
1.3614
1.1695
1.6331
0.9594
0.69823
0.93325
1.0351
1.1588
1.39
1.4421
1.1508
1.5205
0.85901
1.1749
1.0093
0.68391
1.094
0.73282
0.82414
0.74817
0.75858
2.1038
1.1722
0.69663
0.70958
0.68707
0.65766
0.65917
1
1.4928
1.3677
0.70469
1.5205
0.97275
1.8408
0.7656
0.87498
0.83753
0.81096
0.78886
2.4322
0.83176
0.87902
0.9528
1.2134
1.1376
0.86298
0.9977
1.0093
1.1376
1.1749
1.3772
1.0839
1.4355
1.5922
2.884
1.1803
2.5177
2.0654
0.73621
0.66069
0.71779
0.72611
0.72611
0.68234
0.68549
0.72111
0.78343
0.77625
0.65766
0.7145
0.69823
0.7379
0.73114
0.7145
0.73114
0.69823
0.67764
0.72277
0.69823
0.68234
0.71945
0.69984
0.73114
0.67453
0.64269
0.69663
0.67453
0.71285
0.74989
0.73114
0.73282
0.72111
1.4355
3.8194
2.2542
0.69502
0.75336
0.81846
0.7145
0.7656
0.71285
0.70632
0.77983
0.71121
0.68707
0.71121
0.70146
0.70307
0.72778
0.70146
0.69663
0.70469
0.69502
0.7656
0.66527
0.68391
0.74131
0.71779
0.77446
0.66069
0.67764
0.73621
0.75162
0.70146
0.68391
0.74989
0.74473
0.70795
0.71121
0.71285
0.69183
0.70795
0.68234
0.73961
0.70795
0.76033
0.72111
0.80724
0.79983
0.73114
0.79616
0.68865
0.73114
0.75162
0.73451
0.69502
0.67143
0.73621
0.74302
1.0765
0.72444
0.76913
0.74989
0.70469
5.1642
12.706
13.996
12.735
9.8175
11.092
6.6988
10.568
8.9331
8.9536
3.1117
1.6866
4.1495
1.8113
1.7865
0.73621
0.8356
5.0466
5.821
0.76384
0.69183
0.74817
0.74473
0.76913
0.82035
9.6383
8.2414
11.324
12.19
10.914
11.94
10.116
12.853
13.274
11.776
10.715
14.555
5.6364
12.735
6.1235
0.85901
0.83176
1.4962
1.9724
0.89743
0.69183
8.4918
10.495
1.8323
13.521
10.447
13.397
11.324
9.8628
9.8855
11.117
7.8524
0.77983
3.7844
8.6497
14.655
12.303
9.0365
9.7051
1.1967
4.7643
1.5596
0.89743
0.69984
0.72111
7.0146
2.6182
1.2912
0.83946
1
1.2474
1.0839
5.3333
10.568
9.7724
12.246
11.668
8.7902
9.7051
0.81283
4.6774
11.776
18.408
9.3111
9.6828
10.162
1.3305
1
0.93756
1.1995
3.9355
1.6482
0.84528
0.877
0.78163
0.71945
0.71614
3.6475
0.97275
0.95499
0.96828
1.0023
1.0162
0.92257
1.4421
0.87096
0.7145
0.7145
0.67453
0.89536
4.5814
0.93541
0.78886
1.2274
1.8578
0.67608
1.2764
0.8091
0.74131
1.6181
1.1803
0.88512
2.0559
0.72611
1.028
0.66834
0.66988
0.64714
0.63973
0.68549
0.70795
0.71121
0.7145
0.69024
0.69024
0.67764
0.67608
0.66834
0.70632
0.68234
0.66834
0.66222
0.69183
0.65615
0.65917
0.66222
0.69984
0.66834
0.69183
0.67764
0.76033
0.65766
0.6368
0.64714
0.65917
0.67764
0.66681
0.65313
0.64863
0.66988
0.66681
0.65013
0.68234
0.65917
0.65766
0.66988
0.66069
0.67764
0.66527
0.68865
0.67143
0.67453
0.69024
0.67764
0.66527
0.69663
0.65615
0.69183
0.71285
0.67143
0.71285
0.66069
0.65917
0.67298
0.70632
0.69663
0.65917
0.66527
0.66834
0.62951
0.68234
0.6792
0.68234
0.66988
0.66834
0.68549
0.69984
0.66527
0.68707
0.64417
0.68549
0.66681
0.89125
0.66988
0.66374
0.72611
2.1777
1.3213
1.2647
1.5668
1.7783
1.0447
1.0139
1.1776
1.1272
1.028
1.1641
1.3804
1.4256
1.3274
1.1995
1.0544
0.79616
0.87902
0.98628
0.97051
1.1482
1.2445
1.1508
1.3062
1.1668
1.1614
1.1272
1.1482
1.1668
1.7701
1.8578
0.9247
1.2388
0.66527
0.66527
0.66527
0.70146
1.5311
0.64714
0.67143
0.68234
0.70146
0.70146
0.68549
0.6792
0.6792
0.65917
0.69984
0.64863
0.68077
0.63241
0.65615
0.63826
0.67143
0.67608
0.6792
0.66988
0.66222
0.66222
0.71614
0.6792
0.67453
4.9431
10.765
10.186
8.77
9.4624
16.672
9.4406
7.709
4.3954
9.6828
10.023
8.2414
9.5719
2.4322
2.1577
3.6728
3.6644
8.1846
11.272
7.0146
10.328
9.8175
4.4259
3.1477
2.0324
6.2951
0.6792
1.6827
1.2331
0.75336
0.65313
0.77268
0.78705
0.7709
0.81096
0.81283
0.7145
0.65464
0.93111
0.74131
0.68865
0.6792
0.68865
1.2647
0.68234
0.67453
1.3709
0.67298
0.70146
0.94624
0.75858
0.77268
0.80724
0.84528
0.8147
0.69663
0.73282
0.86298
0.71285
0.90573
0.86099
0.67143
0.67298
0.85114
0.66527
0.79983
0.75162
0.65766
0.79433
0.68391
0.69823
0.81096
0.70795
0.70307
1.0257
0.65615
0.98175
0.77268
0.76033
0.79068
0.63533
0.76736
0.65917
0.77983
0.65917
0.70958
0.66681
0.94842
0.91201
0.84333
0.78524
0.82604
0.74302
0.68234
0.74131
0.7709
0.68549
0.76913
0.69502
0.68391
0.76208
0.72111
0.79983
0.67608
0.69823
0.67608
0.89331
0.82035
0.68707
0.72611
0.74473
0.69024
0.65163
0.70469
0.77625
0.69343
0.82224
0.73451
0.7379
0.67608
0.66069
0.74817
0.69024
0.70307
0.84333
0.72277
0.84723
0.65464
0.83368
0.77625
0.68077
0.82035
0.67764
0.79799
0.70469
0.76913
0.7925
0.74302
0.81096
0.64417
0.65163
0.75336
0.67298
0.71121
0.877
0.69024
0.65766
0.8414
0.68234
0.64714
0.65917
0.74989
0.65313
0.8414
0.71285
0.86896
0.67764
0.70958
0.69024
0.68549
0.6368
0.6792
0.84918
0.68549
0.69502
0.66834
0.69343
0.68707
0.71779
0.68391
0.68077
0.66988
0.68391
0.68234
0.69663
0.67298
0.69823
0.65615
0.6792
0.68707
0.66527
0.65917
0.75162
0.64863
0.67143
0.69024
0.67298
0.71614
0.66681
0.6792
0.68234
0.68707
0.68391
0.67608
0.65013
0.68549
0.66988
0.94624
0.68391
0.80724
0.97499
0.90782
1.2764
0.80724
0.67143
0.96605
1.094
0.94842
0.79983
0.7709
0.72611
0.77268
2.133
2.6062
2.5586
1.194
0.85901
1.9143
1.122
1.074
1.4723
1
1.1967
1.1324
0.97949
1.0617
0.90157
1.0304
1.5524
0.80724
0.80538
0.94624
1.0399
0.77625
0.67453
0.65313
0.64714
0.63973
0.68077
0.63973
0.67453
0.65464
0.64863
0.74817
0.63387
0.67453
0.65615
0.65615
0.65163
1.7498
0.66988
0.68391
0.69984
0.63826
0.64121
0.66222
0.65917
0.72611
0.65766
0.67608
0.63826
0.66988
0.71121
0.66681
0.66527
0.68391
0.66374
0.66681
0.74817
0.76208
0.81846
0.8531
0.88105
0.79616
0.78524
0.75162
2.673
15.849
11.169
10.375
14.555
9.6605
8.4333
9.7275
8.892
13.9
10.375
11.967
11.429
11.561
5.728
7.0146
6.7298
12.735
18.113
10.257
13.521
9.7724
12.589
14.655
9.6828
10.495
9.528
10.765
5.8749
1.0162
2.2646
4.5709
5.8345
12.218
7.1614
12.19
10.093
11.967
9.9541
8.0724
4.0551
5.9841
1.4125
3.9355
14.223
13.428
11.041
11.508
8.356
10.74
10.839
8.3176
7.2111
8.4723
7.5683
16.181
20.749
17.989
7.3961
7.5509
13.335
12.274
9.2045
10.375
9.3972
12.647
8.8512
9.6828
13.305
9.1622
0.90365
0.72111
0.8147
0.71614
2.9992
0.79616
0.8995
3.9628
1.0691
0.74302
0.94842
0.82604
1.0568
0.70958
0.88716
0.69183
14.825
12.56
13.274
6.8549
7.9068
9.1411
10.814
7.7625
6.9024
9.0991
10.233
7.3451
1.5136
2.4266
6.4417
0.91201
0.68865
0.68549
0.70146
0.8995
0.81846
0.81096
0.8356
1
0.94189
0.93541
0.73114
0.72946
0.70146
0.71614
0.68391
0.73961
0.7925
0.67453
0.75683
0.69984
0.70958
0.74817
0.76033
1.6144
1.1695
1.3709
1.094
1.2882
1.1041
0.88512
0.64565
0.67608
0.68707
1.2735
1.8923
0.84723
0.68391
0.72277
0.70307
0.69663
0.65766
0.72277
0.66527
0.74473
0.78705
0.67608
0.69823
0.67143
0.67764
0.68549
0.69343
0.72946
0.6792
0.67298
2.7353
1.0765
2.5293
0.83753
0.97051
0.99541
1.194
1.1588
0.95719
1.1117
1.1402
1.0715
1.1272
0.98628
1.1561
1.3183
1.052
0.88716
0.90157
0.83946
4.0087
0.71779
0.68234
0.68865
0.67453
0.67608
0.7379
0.69823
0.67143
0.69502
0.69823
0.69823
0.66988
0.66527
0.70958
0.69823
0.69183
0.68077
0.67298
0.64863
0.66069
0.70146
0.74131
0.68077
0.71285
0.69663
0.65313
0.70307
0.72611
0.66681
0.68549
0.69343
0.7709
0.71614
0.71614
0.68234
0.67608
0.73451
0.68865
0.73114
0.70469
0.70795
0.70146
0.69984
0.69502
0.68391
0.67298
0.69183
0.73621
0.69183
0.67764
0.65766
0.70469
0.67608
0.66988
0.73961
0.68077
0.68865
0.67298
0.64417
0.69343
0.67298
0.69183
0.74131
0.70307
0.68077
0.7145
0.69502
0.7379
0.67608
0.67298
0.66681
0.68077
0.69343
0.69183
0.67764
0.66069
0.68077
0.69183
0.69502
0.69183
0.65615
0.68234
0.66527
0.68865
0.68549
0.72778
2.0091
1.9634
0.72277
14.962
9.1833
0.84333
0.78163
15.704
7.3451
11.695
9.0157
13.804
14.158
9.7949
11.614
16.368
11.092
1.0375
4.4771
0.98401
5.781
2.0606
1.219
1.4028
1.3677
3.1117
23.878
17.458
17.783
8.5901
10.116
7.4645
9.2257
5.902
1.7258
0.77983
0.74302
0.75162
0.81658
0.72444
0.85507
0.93111
1.4588
0.66069
1.0093
0.79068
2.138
3.1189
0.82414
1.1641
1.3583
1.4655
1.2503
1.1169
0.94842
1.4521
1.5276
0.69183
0.72111
0.71779
0.67764
1.0447
0.65163
1.3459
0.68865
0.70958
0.69984
0.73961
0.72611
0.71945
0.70307
0.72778
0.69663
0.67298
1.406
15.704
18.967
7.4302
3.2359
14.791
8.7096
10.965
13.49
11.092
7.709
12.677
9.7949
13.335
8.3368
16.181
14.322
6.7608
10.069
10.209
17.378
13.002
0.66834
7.9799
13.677
7.709
1.6827
0.84528
2.3768
0.73451
3.9174
7.4817
20.893
7.1779
9.5499
9.8628
9.3756
9.0365
4.3551
5.6624
15.031
15.812
10.423
7.709
8.1846
8.2224
7.5509
11.482
8.4528
15.241
8.9536
13.459
10.814
21.429
8.7096
5.5719
6.8391
7.8343
7.4989
14.962
7.1121
0.81096
0.69823
0.68707
0.71779
3.0903
0.71614
0.66988
0.7379
10.99
1.2331
1.6904
19.815
12.359
10.74
10.617
15.101
9.1201
3.4594
10.233
14.859
6.5615
6.4565
1.0839
0.81846
3.6475
15.311
9.5499
6.0674
4.7863
5.1286
17.742
15.276
5.6234
3.8815
12.647
15.382
10.023
6.9984
8.4723
17.824
6.6527
2.3388
2.4604
0.9506
9.9312
15.031
8.1846
6.9343
7.656
7.5858
7.145
8.2604
4.3954
0.86896
0.88308
1.6406
3.4198
5.3333
1.9099
14.289
14.421
10.593
8.091
10.715
11.117
7.6913
6.9502
5.6364
4.8084
8.77
8.2794
9.9541
10.399
15.74
7.3961
6.5615
9.4189
7.5509
5.8884
0.95719
5.445
11.588
17.498
11.272
8.7902
5.9156
7.8886
6.3973
4.6026
0.82794
1.4622
0.87902
1.5596
1.0568
1.5453
2.5763
1.2764
1.2162
1.1194
1.5596
1.4962
1.0864
1.4158
1.6596
0.82414
1.219
1.2106
1.5849
1.374
1.574
1.3243
7.0469
9.506
8.4723
11.858
5.6624
6.9823
5.5208
4.8753
1.3552
9.506
14.289
8.2985
7.5162
6.2087
7.6033
6.9984
9.247
13.305
7.3451
6.8391
5.9979
7.7268
9.3325
1.2303
7.4473
17.824
11.194
17.62
10.399
7.709
7.145
5.2481
5.5335
7.1614
9.8175
3.1405
5.5208
12.388
13.366
6.6222
7.0307
9.1833
16.711
9.7499
8.8308
5.2
8.1846
0.74989
0.69183
4.6452
1.6181
0.93541
2.7416
0.80168
0.77983
0.87297
0.71779
0.74817
0.80538
0.71614
0.89743
0.75683
0.79433
0.77268
0.91833
1.219
2.3768
0.90157
1.3459
0.96383
0.70469
0.71614
0.68865
0.74473
3.8107
0.69343
0.69183
0.69343
0.84723
0.72946
0.70632
0.69663
0.71285
0.68234
18.113
6.6527
15.276
8.5901
8.3176
9.0991
9.0157
11.776
10.447
6.8707
7.0632
6.1518
1.205
3.767
2.4434
0.9506
1.652
0.94406
1.374
1.2246
1.0641
1.7258
0.64863
0.70632
0.73621
0.70307
0.65163
0.64417
0.66222
0.7145
0.65013
2.133
0.68707
0.67608
0.67453
0.66681
13.646
15.346
17.14
8.0538
8.3176
8.7498
6.5163
9.0991
12.589
6.7608
7.4473
8.6696
5.3088
5.2966
0.74473
0.85704
0.76913
2.6853
6.6834
13.335
8.8308
6.5163
6.6069
6.5615
4.9659
5.4576
8.1096
5.1168
1.0471
7.5336
7.0469
8.3753
7.5858
5.445
7.8163
4.5499
8.3176
6.9823
5.6624
6.7143
5.9979
10.52
9.3325
10.447
10.186
6.223
5.358
0.98175
3.9264
8.091
9.5499
10.52
17.947
9.8628
7.8163
4.3752
6.0674
6.5917
4.4668
1.3996
6.5163
0.85704
0.70469
0.74473
0.67608
0.71779
0.70146
4.5186
15.631
9.594
9.3972
10.069
9.1411
6.5313
5.9979
8.9331
12.19
7.2946
8.892
2.5882
5.2119
5.6234
2.1777
1.4028
0.91201
0.97275
3.1842
1.875
0.87096
0.87096
0.87297
0.89331
0.81658
0.79433
1.2531
0.71945
0.88308
0.8892
1.0641
1.0447
0.9977
0.97275
1.9999
1.0447
0.78524
1.7947
3.2659
1.7378
1.2853
1.6106
2.0559
0.95719
1.1246
1.1041
1.5136
1.1482
1.2134
1.1668
2.6485
1.7338
0.86298
0.8356
12.531
18.707
17.539
12.56
9.2045
7.5162
7.3961
6.6069
1.3335
1.7458
1.1912
7.2778
8.4918
13.305
16.444
18.967
13.964
13.002
8.9536
12.764
7.9616
4.0087
10.765
16.331
15.668
8.0538
8.147
4.3053
5.2966
7.2444
10.914
1.0233
3.8548
6.0674
12.882
9.7051
13.183
8.7096
14.689
9.3756
7.656
12.078
11.298
15.668
8.4333
10.116
9.528
14.689
10.593
14.028
6.9663
1.1143
0.85704
0.79799
1.7906
0.98175
0.66834
0.68865
1.5668
1.0914
0.79068
1.0375
2.958
0.68234
0.76913
0.73282
0.69024
0.68391
0.72611
0.72778
0.72611
