11.092
1.7298
8.531
6.6527
4.2954
8.1846
7.0632
6.1235
8.3368
6.5766
16.904
9.4624
8.7498
6.8549
5.42
15.922
8.531
12.134
9.0782
5.0003
11.749
6.4565
10.666
12.417
15.776
12.331
13.646
17.66
15.524
12.853
7.0307
9.4406
5.5208
5.6885
3.9902
5.7148
4.8641
4.7863
10.399
16.866
13.646
9.8855
8.6497
3.0061
3.2137
12.56
16.672
16.293
12.912
12.56
13.243
10.375
13.74
11.668
5.8345
8.5114
10.375
6.9024
10.789
7.1779
9.2683
4.5082
1.8923
5.8749
3.3037
4.0832
3.7239
15.066
15.885
14.158
12.647
17.701
15.453
13.459
15.524
16.368
11.041
7.7983
8.3176
2.9309
8.1846
2.9174
3.1477
6.2087
1.9055
2.7542
4.4463
3.8548
2.5763
19.634
8.6696
16.218
15.74
17.258
10.74
14.388
11.668
12.331
16.943
14.289
4.0179
9.5719
10.94
15.56
3.54
2.5351
16.749
14.289
5.3703
5.6234
9.5499
4.1115
2.7164
1.6749
14.689
12.706
1.8493
6.8707
6.368
4.6132
8.7096
2.133
5.781
2.2491
2.2803
5.5719
2.851
4.5394
4.0458
3.6728
2.2387
2.851
3.0409
2.0277
1.4028
1.5922
2.0464
1.4655
1.5205
2.355
3.8107
2.1135
2.2909
2.1928
1.0789
1.1912
9.2897
13.274
21.281
20.23
13.804
1.3274
15.704
1.4256
1.4158
4.2462
1.1749
1.3274
0.89743
0.92045
0.78524
3.6813
1.0304
0.85704
0.84723
2.0701
4.3251
0.90573
2.133
1.4289
2.0606
3.4198
4.14
2.1232
20.989
18.239
19.999
2.2542
0.79799
0.94406
0.84333
3.1405
7.5683
1.4791
1.183
1.6406
4.8529
12.388
15.596
26.915
20.749
9.9541
3.4277
19.498
18.535
17.14
1.2647
12.618
16.52
1.4588
3.1915
22.131
21.135
5.7677
1.6866
3.4041
3.5975
1.4289
2.2131
9.506
4.8195
5.5335
17.66
11.803
4.3451
3.9628
2.1627
18.493
16.982
21.979
17.783
14.488
0.96161
0.88716
16.069
3.3113
0.8531
0.74645
0.8147
0.77804
0.8531
0.87498
0.8356
0.72277
0.77446
0.74131
0.79433
0.78705
1.932
0.74473
2.6062
1.0789
1.9634
1.1749
1.2474
10.447
12.303
0.8531
0.90782
1.1588
6.3096
15.417
1.762
1.0116
1.2589
3.9264
4.1305
18.365
19.724
21.38
21.928
16.634
1.7258
0.72111
2.4604
1.2735
4.1115
2.6915
5.8076
1.6904
2.4155
1.6368
1.7298
9.7275
18.323
17.701
19.231
9.6605
6.7453
2.6062
1.074
1.0023
1.6749
1.9187
0.86298
1.1885
1.1776
3.3497
2.0277
4.7753
1.1169
0.83946
1.0864
7.7983
0.7709
0.77625
0.81846
0.72111
1.3804
0.72277
0.73114
1.0568
1.9055
4.4875
1.2274
1.5417
1.1376
1.4689
1.2794
1.7258
1.3521
1.5812
2.2029
13.614
3.5237
0.70307
0.66527
0.74473
0.67453
0.67453
0.68707
0.71614
1.4689
10.093
0.70795
0.69984
0.75858
0.70795
0.67298
0.75162
0.72611
0.72444
0.74131
0.67764
0.69502
0.7709
0.7925
0.75162
0.79983
0.8995
0.71285
0.68865
0.84333
0.87902
0.84333
0.68234
0.70146
0.7925
0.6792
0.73114
0.75162
0.93756
0.73621
0.8147
0.88716
1.0691
1.0889
1.1194
1.2023
1.2823
1.4825
1.4859
1.0328
1.3996
1.074
0.90991
0.9506
0.86298
0.81096
0.81846
0.79068
0.65464
0.75162
0.79983
0.71285
0.79433
0.75683
0.6792
0.70146
3.9628
0.97949
0.92683
1.1967
0.78886
0.65163
0.80168
0.8147
0.82035
0.74645
0.66681
0.78886
0.8995
0.68391
0.75336
0.70632
1.4689
0.7709
0.72946
2.2029
0.84528
0.82985
1.1508
1.8239
0.76736
0.69024
0.70958
0.69984
0.74817
1.0814
0.72277
0.69183
0.7656
0.69024
2.6002
0.71614
0.72778
0.70146
0.69502
0.66988
0.69183
0.71121
0.77983
1.4322
0.73114
1.2078
0.74645
0.68549
0.75336
0.79983
0.7925
0.66527
0.72277
0.64714
0.79433
0.66834
1.0839
0.74302
0.70795
0.72277
1.1117
1.1298
1.1117
0.98628
1.2589
1.0162
1.766
1.2677
1.4825
1.0641
1.4388
1.6255
1.3709
1.0641
1.374
1.9861
1.0864
1.3152
0.97724
0.69984
1.4322
0.7379
1.3868
0.7709
0.96161
1.0162
1.2274
1.2388
1.3709
1.4388
1.0116
1.0814
1.4825
0.97499
1.1749
0.74645
1.1885
0.70795
0.68865
0.72111
0.75162
0.66069
0.69024
0.69823
0.73282
0.67764
1.099
0.71614
0.63387
0.69183
0.68234
0.66374
0.69024
0.69823
0.69502
0.70469
0.72111
0.68549
0.72946
0.69183
0.73282
0.68865
0.74131
0.67143
0.65163
0.69823
0.67143
0.70795
0.63533
0.76033
0.72277
0.72277
0.76736
0.74989
0.78705
0.76208
0.68865
1.183
0.74302
0.74473
0.77268
1.1066
0.79616
0.70958
0.78524
0.68865
0.75162
0.66069
0.69823
0.65615
0.74473
0.69823
1.0304
0.77268
0.68707
0.73114
0.72611
0.68077
0.79799
0.82604
0.70469
0.78163
0.64565
1.1588
0.79433
0.75336
0.66222
0.62951
0.67453
0.75683
0.75858
0.76384
0.67143
0.72277
0.6792
0.72946
0.72277
0.83368
0.72111
0.8147
0.79068
0.7145
0.71285
0.75162
0.71779
0.69343
0.72111
0.74645
1.4825
0.86497
0.70632
0.72277
1.7258
1.3274
1.9409
0.92683
0.96383
0.92045
1.0162
0.78524
1.0447
0.99312
1.3552
1.4521
1.1912
2.3067
1.2531
1.0715
0.877
1.0715
0.87902
1.6788
0.91622
0.71285
0.83753
0.69343
0.82414
1.3122
0.70146
0.70795
0.68865
0.64565
0.67298
0.69823
0.68707
0.72778
0.69984
0.71779
0.72111
1.4256
0.70958
0.66527
0.73114
0.72778
0.68549
0.66374
0.73621
0.68234
0.69823
0.72111
0.71121
0.68234
0.67298
0.72111
0.68077
0.68549
0.91833
0.66681
0.64565
0.6792
0.68077
0.67453
1.574
1.0641
0.83753
0.75336
0.90991
0.80724
0.89331
0.6792
0.81658
0.68391
0.71779
3.767
1.4028
0.71945
0.68549
0.66374
0.65766
0.66988
1.5382
0.77268
1.7338
2.2233
0.85901
0.79433
0.82604
1.0423
0.84528
0.79799
3.342
2.3768
0.84723
0.99541
0.74989
0.9506
0.68234
0.72111
0.64121
0.68077
0.71614
1.5136
0.63973
0.63241
0.67143
0.66374
0.71614
0.68707
0.67764
0.69823
0.66527
0.7145
0.91622
0.66988
0.69984
0.72778
0.68077
0.72277
0.70469
0.68234
0.64863
0.68234
0.69343
0.70469
0.67764
0.76033
0.70632
0.62373
0.70307
0.68234
0.69343
0.69183
0.71614
0.75162
0.69183
0.72611
0.89536
0.73282
0.77625
0.66374
0.71285
0.77625
0.99541
0.8995
0.82604
0.74817
1.122
0.75858
0.69183
1.0568
1.5171
0.71285
0.92897
0.7379
0.69823
0.66834
1.9275
0.72111
0.83753
0.65917
0.76384
0.82414
0.66222
0.79068
0.65464
0.68234
0.7145
0.75858
3.4356
0.86497
1.4825
1.3868
0.68707
0.63973
0.67764
0.70146
0.71121
0.73451
0.67298
0.67608
0.73961
2.3227
0.65013
0.69823
0.69502
0.66681
0.67453
0.67453
0.66834
0.72611
0.66681
0.64565
0.71779
1.0209
1.4588
1.2589
0.94624
0.91201
0.77983
1.0233
0.68549
0.7145
0.70795
0.63973
0.69663
0.69183
0.93972
0.69024
0.68077
0.66681
0.79616
0.73621
0.73621
0.71779
0.71121
0.65766
0.75683
0.69663
0.78343
0.8892
0.8414
0.78524
0.70146
0.70469
0.81658
0.66527
0.91201
0.69343
5.8614
0.8091
0.73282
0.67298
0.66834
0.7145
0.65766
0.66527
0.65313
0.68549
0.67298
0.75162
0.65313
0.75858
0.65917
0.64565
0.6792
0.66374
0.70469
0.65013
0.67453
0.63973
0.70632
0.77983
0.66988
0.7379
0.86298
0.72277
0.7145
0.68865
0.6792
0.75683
0.97949
0.70469
0.72778
0.65917
0.71779
0.77625
0.68077
0.68549
0.69984
0.66069
0.68077
0.73451
0.75858
0.93972
0.77804
0.82224
0.72444
0.7145
0.68549
0.70307
0.75162
0.65615
1.1776
0.93972
0.68865
0.74131
0.68707
0.67764
0.72111
1.1143
0.86696
1.4421
2.6607
0.73282
0.80353
0.73961
1.7219
0.86298
1.219
2.0749
1.8408
1.1246
0.74131
0.74645
0.81846
0.73621
0.66988
0.63973
0.6792
0.76208
0.75162
0.70795
0.77625
0.72111
0.69823
1.2106
1.1298
1.0328
0.66988
1.0162
1.5704
0.71779
0.70469
0.65464
0.80538
0.65013
1.0351
0.73961
0.69823
0.66222
0.64121
0.69183
0.69343
0.64565
0.66374
0.66988
1.1246
0.6792
1.1066
1.0965
0.82985
0.82035
0.69502
0.66834
0.69024
0.69024
0.72778
0.70632
0.81846
0.69984
0.69343
0.65917
0.72111
0.68077
0.6792
0.74817
0.72277
0.66069
0.66988
0.81283
0.86497
0.69024
0.67764
0.7379
0.72277
0.66681
0.78705
0.68865
0.71945
0.73621
1.0351
0.71945
0.71121
0.80538
0.90365
0.68865
0.72277
0.69343
0.65615
0.73114
0.69183
0.68865
0.90365
0.70469
0.76208
0.71614
0.68707
1.8621
0.89743
0.79616
0.64565
2.1727
0.67143
0.73114
2.2387
1.0375
2.8249
0.66374
0.75858
0.75858
0.68077
0.65313
0.70958
0.71614
0.75683
0.7379
0.71285
0.69343
0.73114
0.65917
0.65013
0.74473
0.75336
0.75336
0.69663
0.81096
0.73451
1.183
0.8531
0.76913
0.7709
0.86497
0.7145
0.82604
0.74817
0.72444
0.7379
0.76384
0.78524
1.0617
1.7498
1.2445
0.98401
1.3428
0.81283
1.0814
0.83368
0.67143
0.8091
1.8365
0.69343
0.88512
0.69183
0.78163
0.75683
0.69502
0.65615
0.70632
0.71614
0.74645
0.70307
0.82985
0.70469
0.69823
0.65313
0.70632
0.69343
0.71945
0.66681
0.73114
0.73282
1.0447
0.69663
0.67764
0.73621
0.68865
1.888
0.64121
0.72277
0.75858
0.67764
0.74645
0.67298
0.65917
0.66988
0.68707
0.74302
0.65464
0.70958
0.69984
0.71121
0.76913
0.67608
0.67298
0.66222
0.64714
0.68391
0.71614
0.7145
0.66527
0.64714
0.79799
0.62661
0.70307
0.73114
1.0116
0.69984
0.86896
0.88308
0.76033
0.82414
0.69343
0.94842
0.93756
0.90573
3.3806
0.81658
0.75858
0.77446
0.68391
0.70146
0.86099
0.68707
0.90782
0.76736
0.69823
0.76033
0.76736
0.93756
0.70469
0.70795
0.78886
0.70469
0.97275
0.88105
2.0184
0.95719
1.5488
0.93325
2.0701
1.2331
1.099
1.0814
1.3062
1.4588
2.6363
1.1376
1.4859
1.2218
1.374
1.6444
0.95719
1.0691
0.69823
0.96605
0.88512
0.81096
0.73451
0.73961
1.3521
0.95499
1.0162
0.75336
0.93756
0.76736
0.96605
0.90782
1.1885
1.5668
2.9923
1.074
0.9247
0.85704
1.1194
1.1641
1.3213
1.2106
1.5959
1.5885
1.3552
2.2699
1.2912
1.1298
0.96828
0.85507
0.80353
0.70795
0.69343
0.74817
0.69343
0.73114
0.68549
0.7379
2.208
1.0093
0.81846
0.69984
0.84333
3.2063
1.3964
0.90991
3.4995
0.66069
0.69502
1.219
0.75683
0.70146
0.71121
0.72111
0.66374
0.67764
0.68549
0.70146
0.72444
0.7145
0.7145
0.70795
4.7098
0.85114
0.96828
0.9977
1.8493
0.69343
0.67298
0.66374
0.71121
0.70307
0.73114
0.70632
0.69663
0.85507
0.7379
0.71945
0.72611
0.72611
0.7379
0.67143
0.73282
0.69502
0.70795
0.69823
0.76033
0.66527
0.69502
0.8414
0.69502
0.70146
0.68707
0.73961
0.76384
0.76913
0.81658
0.8147
0.79799
0.96161
0.78343
1.1402
1.1041
1.5885
0.72444
1.0162
0.71121
0.71945
0.72444
0.69183
0.78705
0.7379
0.66988
0.69984
0.70307
0.72111
0.70958
0.69502
0.7145
5.0933
1.194
1.3428
1.0351
0.9528
1.3646
0.86896
0.67764
0.74473
0.69502
0.77983
0.74131
0.76384
0.72277
0.93325
0.76736
0.72444
0.69183
0.72611
0.75509
2.5468
0.76384
0.70958
0.68549
0.69823
0.73282
0.74645
0.70146
0.78343
0.71285
0.71285
0.8147
0.68865
0.67608
0.69984
0.7145
0.69343
0.78705
0.69502
0.74989
0.71285
0.71614
0.85114
0.79068
0.73114
0.71945
0.76384
0.67608
0.7656
0.75162
0.90991
0.74131
0.72611
0.7925
0.77804
1.1508
0.98175
1.3183
0.91622
0.79616
1.0593
0.8147
0.93756
1.5382
0.7925
0.75509
1.1967
0.67298
0.73114
0.74302
0.72444
0.72778
0.73451
0.73282
0.62806
0.66527
0.66069
0.72946
0.69183
0.74131
1.1535
0.66374
0.70795
0.65766
0.66988
0.74817
1.5885
1
2.7102
1.1066
1.8493
1.5668
1.2417
2.2491
0.75683
0.73961
0.70795
0.87297
0.78163
0.68707
0.77625
0.74302
0.68234
0.67453
0.96828
0.71945
0.7379
0.73961
0.73114
0.79616
0.65163
0.75683
0.70795
0.82604
0.70632
0.69024
0.69343
0.75509
0.74473
0.76033
0.7379
0.70469
0.82414
0.71121
0.65615
0.68865
0.71614
0.81096
0.68865
0.68077
0.80538
0.73621
0.69183
0.72778
0.70795
1.5524
0.74817
0.71121
0.73282
0.66374
1.0399
0.67453
0.69984
0.62806
0.76913
0.66222
0.70146
0.74473
0.80724
0.67608
0.69024
0.66681
0.69502
0.68549
0.73621
0.79068
0.84333
0.70958
0.90573
0.68234
0.66988
0.71614
0.73961
0.76033
0.72111
0.76208
0.75162
0.66527
0.74989
0.75683
0.72778
0.77983
0.63387
0.68549
0.68707
0.71285
0.69984
0.68234
1.2331
0.78343
0.76208
0.70958
0.80538
0.73961
0.68865
0.72611
0.80168
0.69823
0.74817
0.69343
0.78524
0.72111
0.69024
0.65917
0.66988
0.95499
0.77625
0.6792
0.66222
0.66834
0.7145
0.66374
0.72611
0.62806
0.67608
0.66222
0.67298
0.70469
2.0797
0.87297
0.80724
0.93972
0.76913
0.79068
0.78524
1.1143
1.8281
1.1117
0.79068
0.72946
0.93111
0.68707
0.88105
0.99083
0.66834
0.78705
0.67764
0.68865
0.75162
0.70795
0.70795
0.66222
0.71285
0.7145
1.0839
0.8091
0.74989
0.7656
0.69343
0.74473
0.76384
0.79433
0.68707
0.69024
0.71614
0.69823
0.66069
0.68707
0.91833
0.70632
0.73961
0.79799
0.69502
0.75509
0.7709
1.845
0.7145
0.80724
0.74473
0.74989
0.75509
0.69502
0.66069
0.83368
0.69343
0.77268
0.9247
1.3836
0.84333
0.69984
0.7709
0.65615
1.5276
1.2735
0.98855
1.2589
1.7906
2.1577
0.81658
0.76913
0.76913
0.85901
0.77446
0.88512
0.74989
0.8892
0.9506
0.82414
1.1588
2.6182
0.97051
0.71614
0.76208
0.68865
0.7145
0.72444
0.69663
0.67453
0.75509
0.69984
0.71614
0.72111
0.74817
1.1429
0.70307
0.86696
1.2474
0.86696
1.0568
0.69183
0.72946
0.68707
0.69663
0.72946
0.68234
0.68391
0.68234
0.69502
0.71121
1.0093
0.70146
0.81658
0.74302
0.75162
0.8091
0.82035
0.68707
0.66222
0.75509
0.70958
0.70795
0.65163
0.90573
0.72778
0.90157
0.72778
0.68865
0.71285
0.71945
0.74473
0.72778
0.69343
0.8091
0.75336
0.66222
0.70469
0.72611
0.66069
1.0375
0.78163
0.76913
0.67298
0.69502
0.84723
0.77804
0.66374
0.79983
0.70307
0.72444
0.69024
0.7379
0.69183
1.2735
1.3002
1.2106
0.89331
0.93972
1.5885
1.4454
0.79068
0.72611
0.67143
0.66222
0.71614
0.65766
0.65013
0.93111
0.7379
0.65615
0.68234
0.67453
0.70795
0.68391
0.76208
0.68234
0.73961
0.65163
0.73961
0.67453
0.69343
0.70958
2.0091
1.0209
0.86298
0.71285
0.75162
0.72611
0.77446
0.73282
0.75162
0.6368
0.77625
0.89331
0.72277
1.4158
0.74131
0.6792
0.7145
0.67143
0.69502
0.71285
0.66222
0.71945
0.65615
0.72611
0.70795
0.69502
0.67453
1.4322
2.7733
0.77446
1.1246
1.0351
1.2445
1.6181
2.0654
1.932
1.3804
2.799
4.4668
1.1614
1.3804
0.74645
0.66527
0.67608
1.1668
0.66681
0.69984
0.73621
1.9055
1.7906
0.71779
0.81283
0.78886
0.76736
0.76208
0.72946
0.83946
0.78343
0.86696
1.3274
0.69502
0.66834
1.2417
0.72778
1.5453
0.7379
0.77804
0.74302
0.71614
0.68077
0.69024
0.75509
0.64269
0.67298
0.7379
2.0137
1.4997
0.72111
0.69823
0.68707
0.71614
1.1668
1.1749
0.66527
0.71121
0.70958
0.66988
0.63973
0.68234
0.70469
0.66988
1.2764
1.7061
0.64863
0.62951
0.62517
0.70307
0.74645
0.63826
0.6792
0.66069
0.62661
0.67143
0.63387
0.69823
0.68549
0.64714
0.88308
0.64417
0.65917
0.67453
1.1995
1.3428
0.72111
0.66681
0.6792
0.75683
0.69663
0.6792
1.5524
0.64565
1.2274
0.72946
1.2618
0.71779
2.023
1.2912
0.81283
0.85704
0.79068
0.6792
0.69183
0.65464
0.70307
0.64863
0.71121
0.66834
0.64269
0.74645
0.66681
0.8147
0.62661
0.64714
0.67298
0.74131
0.65917
0.64863
0.71945
0.70632
0.64863
0.69823
0.71121
0.65464
0.73451
0.69183
0.74302
1.1803
0.7145
0.6792
0.65013
0.89536
0.76208
0.87902
1.0447
0.67298
0.69024
0.75858
0.65013
0.66374
0.67764
0.70307
0.67764
0.69183
0.67298
0.65163
0.69663
0.72444
0.74131
0.66988
0.70307
0.67143
1.1885
0.83368
0.68234
0.64417
0.7925
0.8414
0.70146
0.67608
0.63387
0.66374
0.65766
0.64269
0.66374
0.66069
0.67453
0.65464
0.75509
0.72778
0.68549
0.77268
0.73621
0.68865
1.4421
0.9594
0.71945
0.70632
0.73451
0.72277
0.72277
0.71945
0.77268
0.70146
0.67608
1.4093
1.4355
1.0139
0.87902
1.1749
1.0186
0.69343
0.75509
0.68234
0.70469
0.64863
0.64565
0.66069
0.88512
1.2078
0.62087
0.69343
0.68391
0.66527
0.66069
0.66222
0.99083
0.72277
0.67608
0.66988
0.69343
0.63096
0.68707
0.70795
0.74817
0.71614
0.67453
0.64121
0.7656
0.68077
0.67764
0.68234
0.68077
0.65163
0.68707
0.69984
0.66681
0.65313
0.68234
0.73451
1.7865
1.0839
1.0046
1.8197
1.3583
1.1508
1.3552
0.82794
1.0641
0.89331
0.84723
1.0046
7.5858
2.2594
1.7824
1.5417
2.208
2.1727
1.5488
0.6792
0.72111
0.70146
0.96605
0.66834
0.67764
0.70146
0.64863
0.72111
0.67608
0.877
0.72444
0.73451
0.66069
1.3213
1.3305
0.67453
0.93541
0.66988
0.67143
0.65917
0.62806
0.70958
0.65917
0.75509
0.64269
0.68707
0.71614
1.1803
0.94406
0.82035
1.1041
0.67298
0.79616
0.72277
0.69823
0.69502
1.3002
1.0965
1.8793
1.9055
2.0845
0.64565
0.65615
0.65013
0.88716
2.7416
0.86696
0.90365
0.70632
1.9543
0.65917
0.63973
0.68077
0.75509
0.67298
0.66988
0.74302
0.7379
0.76384
0.74473
0.77804
0.75509
0.65615
0.66527
0.70307
0.75509
0.70795
0.65766
0.72778
0.66834
0.68707
0.76033
0.78524
0.72611
0.71614
0.73114
1.0186
1.7579
0.91411
0.877
0.98401
1.2218
1.0447
1.4223
1.1482
1.0889
1.0304
1.4894
1.0023
3.0409
0.70469
0.7379
8.2985
0.65464
0.67143
1.3213
1.3002
1.6032
1.2853
0.68549
0.71945
0.69343
0.79983
0.67608
0.65615
0.63533
0.72111
0.65766
0.65013
0.73961
0.77804
1.4521
0.69024
0.67764
0.72444
0.69823
0.74645
1.5066
1.6596
0.98855
0.98175
1.2503
0.9247
1.2589
1.5276
1.2823
2.0989
1.349
0.66681
0.70307
0.70307
0.6792
0.70307
0.68707
0.66834
0.66681
0.71779
0.66069
0.6792
1.4093
0.67143
0.73961
1.3397
1.135
0.9247
0.86497
0.75683
0.87297
1.5031
0.86696
0.78705
0.98401
1.7498
0.77983
0.91833
0.72277
1.0544
0.78705
0.9977
1.5311
0.74473
0.78705
0.81846
0.8995
1.4655
1.1066
1.0116
1.6672
2.0277
0.74989
0.63973
0.66681
0.69502
0.7656
0.76736
0.64417
0.68865
0.73114
1.1508
0.877
0.7379
0.91201
0.8414
1.2246
0.86497
0.68391
0.71614
1.3092
0.79068
0.76208
1.219
2.9717
1.3772
0.66834
0.72778
0.68549
0.65013
0.66527
0.71614
0.73282
0.65464
0.64714
0.68077
0.65917
0.74302
1.2706
0.8995
0.90573
0.70307
1.5885
0.66988
0.69343
0.69984
0.65013
0.65313
0.69663
0.68077
0.70632
0.72111
0.66988
0.70632
0.6792
0.69343
0.69183
1.5885
1.0093
0.76384
2.133
1.714
1.9055
2.851
1.574
0.69663
0.68077
0.69343
0.69663
0.67453
0.65766
0.67298
0.67143
0.65615
1.0375
0.71614
3.1989
0.78705
0.87096
1.8707
0.88105
1.6255
0.66374
0.77268
0.70795
0.63387
0.73282
0.66988
0.70632
0.67298
0.67608
0.64417
0.63533
0.74989
0.70469
0.72111
1.0864
1.0765
1.0233
0.82224
1.6181
1.5885
0.89743
1.2647
6.0256
0.70795
0.68391
0.68391
0.65464
1.1588
0.96383
1.6368
0.65313
0.65013
0.64121
0.7709
0.82794
0.66527
2.6363
1.2246
0.91622
0.90573
0.79433
0.72611
0.6792
0.65013
0.66681
0.63973
0.66834
0.65013
0.66222
0.69823
0.65013
0.71614
0.65766
0.68391
0.68549
0.67143
1.2853
0.67298
0.70307
0.65464
0.69024
1.8493
0.66834
0.70307
0.7709
0.67608
0.67764
0.62661
0.72111
0.69183
2.4322
0.66988
0.64714
0.68549
0.71285
0.64863
0.67608
1.9953
2.2594
0.81096
1.0233
2.9107
1.3002
1.0715
1.0116
1.6482
1.0023
2.3067
1.1092
0.72946
0.70958
0.67298
0.74473
0.68707
0.70958
0.79068
0.82224
0.7145
0.71779
0.95719
0.68077
0.63973
0.73282
0.71285
0.70632
0.65313
0.70958
0.73621
0.66834
0.81658
0.68549
1.0666
1.3243
0.74645
0.69984
0.71779
0.68865
0.66222
0.76384
0.67453
0.65013
0.70795
0.75162
1.9724
0.70958
1.3521
1.4791
0.66069
0.66527
0.76033
0.68707
0.73114
0.67453
0.66069
0.72444
0.71285
0.66527
0.71614
0.77804
0.67608
0.69343
0.71285
0.71614
0.66834
0.7379
0.73282
0.67298
0.69663
0.91201
0.7379
0.67608
0.74131
0.71285
0.66374
1.8923
0.73961
0.67453
0.72444
0.68707
0.73282
0.75509
0.68234
0.70469
0.68865
0.7379
0.70146
0.67453
0.77268
0.70469
0.7925
0.72444
1.9143
0.74302
0.76913
1.1749
1.8323
0.73451
1.2359
0.65917
0.70307
0.72611
0.65766
0.71779
0.75336
0.69984
0.65917
0.74302
0.73961
0.6792
0.7379
0.70632
0.70307
0.74131
1.9815
1.1015
2.1038
1.2388
1.9815
1.8408
0.77804
0.88716
1.0544
0.95499
0.73621
0.71121
0.77446
0.70146
0.70469
0.7656
0.67608
0.8147
0.72277
0.76384
0.74817
0.75858
0.76384
0.72946
0.65615
0.72111
0.79616
1.39
0.66988
0.73282
0.69984
0.69502
0.68077
0.68234
0.69183
0.68707
0.65313
0.71945
0.69183
0.69984
0.76913
0.68391
0.68707
0.76384
0.85507
0.75336
0.76384
0.72946
0.72946
0.74473
1.2823
1.2331
1.2589
0.76033
0.66527
0.67143
0.7925
0.68707
0.75509
0.65013
1.4521
2.9242
0.79068
0.70146
1.8072
1.1885
1.6406
0.97051
0.94406
1.2359
1.1117
1.6827
1.6106
0.78163
0.7709
0.68234
0.65917
0.70795
0.71121
0.70469
0.72778
0.69663
0.69343
0.69024
0.97051
0.6792
0.7709
0.69343
1.3305
0.8091
0.80168
0.70632
0.64269
1.0839
1.9187
0.67453
0.72946
0.69502
0.70632
0.75336
0.71779
0.68549
0.70307
0.70307
0.80724
0.7656
0.72778
0.64565
0.78343
0.68234
0.71945
0.86497
2.7925
1.5996
0.63241
0.7145
0.7145
0.80724
0.77446
0.76208
0.87498
0.81096
0.74645
0.70146
0.77268
0.74302
0.7145
0.79068
0.64269
0.76913
0.69343
0.79799
0.83946
0.73114
0.77983
1.0023
0.74817
0.72111
0.7709
0.74131
0.7709
0.76208
0.77804
0.66222
0.77983
0.74645
0.75162
0.75683
0.98175
0.81846
0.69663
0.86696
0.76913
0.76913
0.68865
0.73451
0.96605
0.70958
0.69024
0.7145
0.67608
0.70469
0.66069
0.75683
0.73451
0.79433
0.70795
0.74989
0.80538
2.4831
1.4322
2.8184
2.037
0.84918
0.73621
0.66222
0.69823
0.66527
0.72444
0.72444
4.2364
4.2756
0.88512
0.88105
0.86298
0.80724
1.3122
0.72778
0.68549
0.74989
0.74989
0.74302
0.67453
0.70795
0.69183
0.68234
0.70469
0.69502
0.70469
0.7656
0.75336
0.72444
0.80724
0.71614
0.82604
0.78705
0.94624
0.78886
0.73282
0.76384
0.7925
0.68865
0.70307
0.71121
0.77625
0.74302
0.75162
0.81658
0.69183
0.70469
0.70958
0.80168
0.69024
0.71945
0.66988
0.66069
0.77625
0.67298
1.3122
0.83753
0.70469
0.79799
0.67608
0.84333
0.7379
0.71121
0.7656
0.8091
0.83368
1.3836
1.5776
0.70307
0.76033
0.77268
0.73961
0.77625
0.77983
0.65615
0.75509
0.65313
1.0789
0.74473
0.73282
0.74817
0.68549
0.70795
1.1169
2.2961
1.652
1.556
1.2618
0.90365
0.92683
1.1535
0.87498
0.82414
0.7656
0.95719
1.5241
1.1508
1.2589
1.2853
0.97275
1.194
1.5417
1.6106
1.3183
1.3552
0.66374
1.8967
0.67143
0.67764
0.69823
0.66069
0.64863
0.73621
0.71121
0.78163
0.70307
0.69984
0.64565
0.7379
0.76033
0.66988
0.78163
0.7709
0.7145
0.7379
0.76736
0.75509
0.67608
0.68549
0.66988
0.72611
0.76033
0.73961
0.68077
0.69343
0.65313
0.73282
0.68234
0.69183
0.79799
0.71121
0.66069
0.6792
0.69183
0.78705
0.73961
0.69183
0.71945
0.64714
0.71779
0.75683
0.69984
0.66374
0.74473
0.70146
0.70469
0.73451
0.75162
0.67143
0.75162
0.74131
0.68391
0.72111
0.76033
0.67453
0.8147
0.84918
0.70469
0.66069
0.75336
0.68234
0.65917
0.69343
0.71779
0.65313
0.80538
0.70795
1.6904
1.094
1.4289
0.77625
0.7925
0.72778
1.0093
0.67764
0.63096
1.0351
0.72111
0.68707
0.76913
0.70307
1.8113
1.219
1.6032
0.68865
0.70795
0.8531
0.80724
0.69502
0.69024
0.70146
0.7145
0.74473
0.85507
0.66681
0.68234
0.78524
0.66222
0.69024
0.67453
0.68077
0.74645
0.66988
0.66834
0.66374
0.69183
0.74817
2.3335
1.1015
0.91833
0.73621
1.8923
0.83176
0.8147
1.205
1.0965
0.90157
0.72778
0.94842
1.2162
1.349
1.1169
1.0789
0.8995
1.2246
0.95499
1.8836
1.2589
0.78163
0.7925
3.9174
0.72611
0.97949
0.93111
1.7022
2.037
0.88105
1.6181
1.5453
1.183
2.0137
1.2503
1.4962
0.97499
1.1429
2.037
0.66834
0.70632
0.67608
0.70958
0.69343
0.65464
0.70469
0.69024
0.65917
0.72611
0.68549
0.63533
0.71945
0.77983
0.67298
0.67764
0.62806
0.65766
0.72611
0.6792
0.65313
0.74989
0.71945
0.68707
0.76913
0.86497
0.85901
0.84918
0.73451
0.74131
0.74989
0.78343
0.72778
0.84333
0.80538
0.96383
0.74817
0.86497
1.2706
1.2474
1.2618
0.90365
0.85507
0.82035
1.219
1.0351
1.5524
0.65917
0.66681
0.68865
0.66681
0.68234
0.64417
1.2764
0.74817
1.2912
1.2246
0.72946
1.3459
0.72611
0.73114
0.73961
0.71285
0.71285
0.71285
0.8356
0.72611
0.70307
0.70469
0.68549
0.72946
0.68865
0.72611
0.64565
0.72444
0.65766
0.72444
0.77446
0.67298
0.74131
0.67764
0.7709
0.79433
0.68865
0.79799
0.66681
0.70632
0.68234
0.70146
0.7145
0.69984
1.3868
0.83753
0.9506
0.73282
1.7022
0.72946
0.69024
0.74131
0.63387
0.69183
0.68549
0.66527
0.69024
1.0186
0.72611
0.69024
0.71779
0.71285
0.72946
0.68865
0.68391
1.2972
1.5031
0.64565
0.74131
0.74302
0.66374
0.74989
0.66681
0.69502
0.68865
0.67608
0.68549
0.70795
0.74131
0.7709
2.1086
1.0495
2.7353
1.7579
1.0864
1.0914
1.1885
1.0023
1.3996
3.1261
14.191
18.197
28.576
26.002
10.789
21.677
27.797
20.464
1.5849
17.824
9.7949
27.733
10.495
0.84918
0.77446
0.72946
0.75336
4.8865
6.3387
1.5812
0.74131
24.946
23.55
20.989
18.197
8.414
1.0116
0.72778
19.011
28.708
8.892
18.578
12.359
9.4406
22.803
26.424
24.604
24.099
0.82414
17.824
23.878
0.76384
0.81283
21.281
10.99
4.9888
6.4121
0.83176
15.524
1.3274
0.8414
13.274
1.3521
0.70307
4.5499
20.464
1.5776
2.1878
29.992
2.8445
1.3459
26.853
15.101
22.08
27.164
16.827
22.646
19.143
17.458
25.177
17.022
24.774
17.989
22.387
22.439
21.086
23.174
20.941
6.1802
0.67453
0.75162
21.577
25.293
0.87096
14.488
21.878
0.74302
0.91833
1.1668
9.4406
9.1833
1.9055
5.9841
0.64121
0.69823
0.69183
21.184
20.701
22.699
15.417
9.7949
3.3806
0.8892
0.68549
3.7757
24.266
25.468
18.197
18.365
13.428
0.94842
4.7424
22.491
23.988
16.827
11.668
0.79068
0.71285
0.7656
0.80724
0.81096
1.2388
0.66988
0.68549
0.67143
4.6452
23.768
22.029
22.803
0.85704
0.73114
0.877
0.71945
0.82414
0.68234
0.75858
0.77804
1.6634
21.33
21.086
18.155
19.187
14.962
0.94842
8.1846
0.77983
19.275
9.3325
2.5351
0.79616
1.2023
3.9084
15.346
21.135
13.274
22.029
24.378
17.989
21.727
2.6242
0.94624
15.453
17.418
2.8973
9.5719
2.1928
2.2439
0.877
0.97724
1.3002
6.4863
16.558
20.137
19.32
19.011
1.8239
2.2233
0.66374
20.137
13.092
5.7148
0.89536
0.70146
14.859
15.311
17.947
0.69984
1.0375
1.5031
0.79616
21.086
17.989
13.868
0.86298
0.72277
2.2594
21.281
1.6749
10.069
18.793
19.011
2.9717
0.8892
0.8091
2.2439
17.701
0.877
1.0375
16.106
15.922
10.351
0.82224
2.0045
0.98175
11.967
12.078
0.90157
0.85704
0.70632
0.79433
8.0353
18.836
17.783
16.749
0.79433
0.72778
21.878
8.2604
9.4189
5.821
17.579
16.711
5.358
7.0958
2.704
0.76913
0.7379
2.8642
0.8414
3.6308
0.78343
0.73451
0.65163
0.78524
0.63826
5.5081
18.408
17.62
4.0365
0.74473
0.86896
0.74989
8.4918
0.86896
0.79433
0.75858
13.243
17.338
0.80724
0.81846
0.65163
15.56
22.233
0.74131
23.014
15.205
19.907
2.3988
1.2331
0.72277
1.0666
22.233
5.8479
21.33
1.0399
15.171
12.445
12.388
18.707
0.85704
0.86099
1.2162
1.4894
14.997
13.583
16.558
20.324
14.322
21.577
0.66834
1.3274
1.3274
0.9594
1.6596
1.5311
1.2531
19.231
18.155
20.989
1.0889
11.482
24.322
1.0864
0.72444
3.3806
20.137
17.378
13.932
0.94406
0.69663
14.825
3.1477
0.73961
0.73114
1.5668
0.76033
0.71779
0.66527
0.75162
0.75336
4.7643
1.2823
0.94624
1.0399
0.78705
0.72946
1.4962
1.2388
0.79616
0.88716
1.0116
1.8365
0.98628
1.39
1.3646
11.35
20.091
21.429
2.1232
20.559
4.2658
1.028
4.529
18.408
14.997
22.439
2.1038
2.3933
18.113
5.0119
0.76208
0.70795
10.74
18.793
13.614
15.922
1.3122
2.1184
0.71779
8.2224
18.072
2.2029
0.82604
0.67298
1.194
0.69663
0.68549
4.6132
12.942
16.331
12.503
0.82035
0.69984
8.2794
12.388
4.102
1.2912
13.932
18.836
8.7297
12.618
17.458
22.594
17.1
2.3988
0.8091
1.6982
3.2063
2.208
12.474
9.0365
3.4995
0.74645
0.83368
0.79068
0.63096
0.66988
14.06
6.5464
0.97275
0.79983
0.72946
0.71285
0.79068
0.72277
0.8091
0.71285
0.76033
0.74302
0.70795
0.70307
0.72778
7.656
0.74989
0.78163
0.70469
0.78343
0.72946
0.71614
0.76033
7.7446
12.882
15.74
1.0257
0.67298
0.74817
0.78163
0.84333
0.83176
0.67453
0.80724
0.7379
0.70469
1.5704
0.74817
0.69984
0.73114
0.77804
0.74989
0.77625
0.74131
0.74302
0.8531
0.81096
0.82985
0.92683
0.84528
0.69502
0.78524
0.68707
0.8091
0.7145
0.76384
0.70795
0.72611
0.74473
0.78524
0.67453
1.1015
0.69823
0.65013
0.72946
0.73282
0.69502
0.63973
0.64565
4.7973
11.641
12.218
3.8019
1.3152
0.69024
0.74131
0.75162
0.7145
0.75162
0.74817
0.70958
0.69024
0.65464
0.64714
0.69984
0.68707
12.078
17.061
12.388
2.7542
0.88716
0.69343
13.274
1.8365
0.98628
2.0417
1.2023
1.9588
0.80168
0.71779
0.72111
1.574
2.0091
0.74131
15.311
13.804
1.9907
0.95719
2.2856
0.76736
0.76208
0.88308
3.54
0.9506
0.67608
1.7947
0.82224
0.68077
0.74473
0.65766
0.67298
0.69823
0.74817
16.904
16.255
12.359
2.4717
0.70469
1.1246
0.72946
14.588
20.184
17.418
18.967
3.9446
10.351
10.186
13.49
1.1641
6.4714
0.9594
19.861
13.092
0.98628
0.66069
13.996
10.116
12.503
14.962
0.73114
0.76033
9.3541
6.1094
0.63533
0.73961
0.65766
0.7145
0.79983
0.72946
0.69984
0.78705
20.559
20.749
10.691
7.0307
1.1246
16.444
20.989
14.622
4.3451
2.421
5.9566
1.3397
0.75683
2.0749
10.568
1.0495
0.80353
1.3804
0.89331
2.1184
1.0116
0.79433
1.0139
0.75683
0.72946
0.85507
0.78886
1.1402
0.82985
0.96161
0.91833
1.3397
1.2246
2.8708
1.6904
2.3768
0.67764
5.1168
5.0582
2.9785
0.64863
1.8836
0.72946
0.70795
18.793
17.061
17.783
7.6913
3.8019
11.508
0.66374
0.76384
0.7379
0.77625
0.81846
0.84333
0.74645
22.803
11.776
14.223
11.614
18.88
7.4645
1.7378
8.5704
14.928
14.825
9.7499
15.136
15.885
18.155
7.2277
0.78343
5.4075
9.8855
0.82985
9.6605
19.999
2.1627
9.2897
20.045
13.552
9.3111
1.2246
0.76208
0.71945
1.1614
0.77446
18.239
13.49
1.3213
0.78524
5.1404
13.804
11.776
15.776
10.864
1.0399
20.37
5.4954
15.996
6.3826
0.76384
1.0116
4.3152
19.011
13.213
13.868
17.258
1.1117
0.72778
0.7709
0.68234
16.982
13.836
5.0816
7.2277
2.2491
0.70307
0.76913
0.72111
0.7656
0.87902
2.1979
0.67608
0.70469
0.70795
17.579
15.031
5.7412
0.71945
0.67143
0.69823
0.73621
0.68707
0.65766
0.69024
0.70795
0.73114
0.7709
5.2119
4.0365
0.90365
1.0495
1.2218
11.169
17.62
18.707
7.7804
0.70469
0.69984
0.65013
19.099
15.311
11.776
16.749
19.588
13.932
8.6099
0.86896
6.9663
1.6788
2.8379
0.67298
0.70146
0.81283
1.0328
0.73114
0.84333
0.71779
16.827
13.002
16.711
14.622
10.162
8.6099
16.711
10.839
3.3963
0.8414
0.66988
0.68549
0.69183
0.68077
0.69984
0.74645
0.72611
0.65013
0.7656
1.5996
0.71285
0.76033
0.75509
4.4978
0.66069
0.72277
0.70307
0.73114
2.6546
16.218
2.0091
0.70307
0.74131
0.79616
0.67143
0.78343
11.722
12.647
17.539
18.281
2.0512
11.668
16.255
3.7497
1.1402
6.6834
18.239
0.70958
9.8855
20.845
19.815
8.9743
1.219
0.80168
0.88512
0.7709
0.76208
0.97051
0.76736
13.243
12.445
15.205
15.031
0.77983
0.7656
0.66222
0.77625
5.2966
1.2331
0.69024
0.65766
9.4406
12.417
14.791
20.091
1.4622
0.98628
0.78886
0.86099
13.459
13.397
11.092
0.81846
0.75683
11.995
17.1
15.382
15.241
13.74
7.5162
1.2303
5.2119
3.8282
18.155
5.236
10.593
12.677
1.71
0.77625
0.83946
0.68549
0.7379
0.82794
0.77804
1.0568
0.74473
0.82035
0.79983
0.69663
0.83368
0.74302
1.4962
0.70958
4.2954
17.498
16.368
13.74
1.2647
0.75162
4.592
8.9743
11.776
16.672
7.7268
1.7418
2.0559
5.0466
1.1455
1.3397
1.0814
9.1201
18.197
18.836
16.596
9.1411
0.74645
0.64417
0.68707
0.86696
0.8356
0.83368
0.70469
0.69663
3.6141
9.3756
2.4044
2.3442
0.71779
0.66374
0.67298
9.6383
14.454
17.989
12.359
16.749
1.0471
12.246
6.6222
0.69024
0.66069
0.69663
0.9247
14.859
19.011
17.539
3.8282
1.574
13.552
10.789
16.634
1.2274
0.76033
1.3305
2.023
9.3111
9.506
0.72444
0.74131
0.66374
0.70958
0.74817
0.75509
0.71614
0.70632
0.72946
0.82604
0.70146
0.78705
0.76384
0.73451
0.85901
0.73451
0.79616
0.69823
1.1482
5.6885
0.64863
0.75683
16.788
21.281
17.824
19.77
10.94
13.243
18.45
12.417
12.274
12.853
12.134
0.93325
15.524
11.194
6.9984
0.83176
0.78343
2.6062
18.323
15.346
20.989
0.84918
0.72111
2.1478
0.68865
0.75162
0.74645
0.75683
0.67764
1.1749
0.75858
0.75509
0.70469
0.77268
0.70795
0.89743
0.77268
0.77268
0.70146
0.78705
1.349
0.67453
0.7145
2.8119
11.588
10.889
1.5488
2.5527
9.1833
18.197
17.579
7.1121
10.186
9.1411
12.218
0.88512
4.9204
15.066
12.303
12.589
20.464
7.0632
18.493
13.092
17.258
17.022
20.37
8.531
15.205
17.338
10.99
19.409
13.836
21.827
15.101
17.62
2.023
16.596
12.706
15.453
20.701
17.824
10.617
6.1376
16.749
11.614
11.402
6.1376
2.9242
1.7258
1.1749
2.7669
0.82604
1.5959
1.5959
1.1614
0.80538
1.5922
1.3243
1.5205
1.4256
10.52
1.714
1.2388
1.6711
19.409
20.417
17.258
15.346
10.839
12.246
17.947
12.359
11.858
0.9506
12.823
11.535
0.85114
0.77983
0.93325
0.79068
0.76033
0.83946
0.74989
0.7709
0.72111
0.82985
0.71121
0.78886
0.68234
0.72111
0.76208
0.77446
0.8892
0.76208
0.73621
0.81096
0.81283
0.73621
0.69823
1.6558
9.5719
3.9537
0.97275
9.8401
16.368
19.32
5.1761
17.338
14.622
16.032
19.724
16.181
15.704
19.543
0.74131
10.423
18.408
17.338
10.52
10.351
19.454
13.709
16.106
6.368
19.231
17.701
10.069
16.255
17.62
16.069
9.1622
13.335
20.512
13.49
3.2885
9.3756
14.894
10.046
5.3951
13.709
17.824
14.655
11.324
0.76736
0.82794
0.75162
0.90365
0.71945
0.94842
2.2646
13.614
1.3243
3.2885
3.6392
7.3451
21.281
20.512
23.442
17.418
17.498
19.815
1.205
0.75162
2.2803
0.71614
0.76913
0.92897
3.8815
10.209
15.996
17.338
13.521
0.78163
0.94624
0.69663
0.69183
0.73961
1.2677
1.3868
3.0479
1.845
9.6161
1.4894
2.0091
13.366
2.6669
8.2224
19.187
16.368
12.274
13.397
4.6452
12.388
0.73282
8.1283
0.83176
0.74131
0.86896
0.91833
0.67764
2.9376
8.3368
10.889
3.0269
22.387
19.679
16.255
26.853
19.454
14.125
0.76736
16.032
2.0701
13.932
8.2414
18.836
7.7804
6.6834
18.408
23.442
18.664
5.5081
14.488
20.989
18.967
18.967
17.458
11.614
16.293
18.75
17.989
7.4131
19.999
11.402
21.086
15.524
19.011
19.907
24.774
20.749
23.768
22.856
23.174
22.491
19.999
21.878
26.792
