31.55
2.7669
53.827
48.641
48.641
48.641
48.641
48.641
48.641
48.641
48.641
48.641
48.641
48.641
48.641
48.641
48.641
48.641
48.641
48.641
48.641
48.641
48.641
48.641
48.641
48.641
48.641
48.641
48.641
48.641
48.641
48.641
48.641
48.641
48.641
48.641
48.641
48.641
48.641
48.641
48.641
48.641
48.641
48.641
48.641
48.641
48.641
48.641
48.641
48.641
48.641
48.641
48.641
48.641
48.641
48.641
48.641
48.641
48.641
48.641
48.641
48.641
48.641
48.641
48.641
48.641
48.641
48.641
48.641
48.641
48.641
48.641
48.641
48.641
48.641
48.641
48.641
48.641
48.641
48.641
48.641
48.641
48.641
48.641
48.641
48.641
48.641
48.641
48.641
48.641
48.641
48.641
48.641
48.641
48.641
48.641
48.641
48.641
48.641
48.641
48.641
48.641
48.641
48.641
48.641
48.641
48.641
48.641
48.641
48.641
48.641
48.641
48.641
48.641
48.641
48.641
48.641
48.641
48.641
48.641
48.641
48.641
48.641
48.641
48.641
48.641
48.641
48.641
48.641
48.641
48.641
48.641
48.641
48.641
48.641
48.641
48.641
48.641
48.641
48.641
48.641
48.641
48.641
48.641
48.641
48.641
48.641
48.641
48.641
48.641
48.641
48.641
48.641
48.641
48.641
48.641
48.641
48.641
48.641
48.641
48.641
48.641
48.641
48.641
48.641
48.641
48.641
48.641
48.641
48.641
48.641
48.641
48.641
48.641
48.641
48.641
48.641
48.641
48.641
48.641
48.641
48.641
48.641
48.641
48.641
48.641
48.641
48.641
48.641
48.641
48.641
48.641
48.641
48.641
48.641
48.641
48.641
48.641
48.641
48.641
48.641
48.641
48.641
48.641
48.641
48.641
48.641
48.641
48.641
48.641
48.641
48.641
48.641
48.641
48.641
48.641
48.641
48.641
48.641
48.641
48.641
48.641
48.641
48.641
48.641
48.641
2.5351
3.4119
1.2764
0.79983
0.76384
0.71614
0.8356
0.74989
0.79068
0.87096
0.77446
0.77268
1.888
2.3388
0.75509
0.69502
0.77268
0.72111
0.72444
1.9498
2.8119
0.84918
0.73282
0.82604
0.76208
0.72444
0.77625
0.75509
0.79616
0.73282
0.75336
1.0351
0.72277
0.76736
0.7709
0.76208
0.76384
0.75683
0.78886
0.7656
0.76208
0.7925
1.0186
0.74473
0.76208
0.74817
0.74302
0.8531
0.72111
0.74473
1.2078
0.71285
0.7379
0.80168
0.75162
3.2137
1.0889
2.6546
0.74645
0.77804
0.83368
0.89331
0.7379
0.82414
0.73961
0.79068
0.70307
0.75509
0.76033
0.79799
0.75858
0.74817
0.8147
0.72444
0.7709
0.7925
0.75509
0.73282
1.4256
0.93541
0.75858
0.75683
1.2912
0.9594
3.5975
0.8356
1.2134
1.0116
1.7947
1.0139
0.77625
1
0.73621
0.93541
2.0941
2.1528
1.0568
3.2734
4.0551
2.2439
1.122
0.8531
0.79983
0.7709
0.9247
0.78524
0.90782
0.73961
0.8531
2.4831
2.4946
1.7742
2.3014
2.4266
1.2078
1.3709
0.94189
0.8147
0.8147
0.70469
0.8091
6.1094
3.6308
2.0277
0.71779
0.8356
0.83753
3.7497
2.9785
1.8072
3.155
1.4028
5.1051
0.8356
1.5596
1.3397
1.6144
1.0209
0.77804
0.8414
0.78886
0.87498
0.89331
1.0023
0.70307
0.74131
0.75509
0.73451
0.74131
1.183
3.2961
2.3121
1.1272
1.8923
0.94406
1.714
0.73621
0.86696
0.87096
1.0023
0.81096
1.7061
5.6364
1.5066
1.5136
2.0045
1.8664
1.4928
0.93325
0.84918
2.8907
1.6444
0.87096
1.7022
1.6293
2.8184
0.93111
1.1561
1.71
0.76913
0.8091
1.0765
1.028
1.2445
1.5704
1.7338
0.96383
1.3397
6.3826
1.8967
4.0926
1.1508
1.0447
0.96605
1.1912
1.7701
1.4962
1.9953
1.0544
1.4454
1.0593
0.79616
0.80168
0.80724
0.77268
0.81846
0.91411
0.77804
1.4093
2.8379
2.4322
0.94406
0.83753
0.84528
0.75509
0.83753
1.1455
0.80168
1.1641
1.0839
1.4622
0.83753
0.92683
0.82794
0.92683
0.79616
4.4259
0.86497
1.8197
0.93541
1.0691
3.5318
1.2417
3.767
3.2137
0.92897
1.3092
0.90782
0.74302
0.7709
0.81096
0.78343
0.72778
0.75509
1.5596
0.79433
0.8147
0.79433
1.0257
1.0471
0.72778
0.98628
1.9454
1.766
0.85901
0.9977
1.6293
0.9247
1.028
0.77446
0.72444
0.81658
0.76208
0.71614
0.76033
1.6711
0.86099
0.82414
0.72444
0.74989
0.87096
0.74131
1.1803
1.2274
1.5922
0.77804
0.79433
0.70307
0.76384
0.74989
0.81658
0.77983
1.1535
4.0644
3.3963
0.79068
0.82035
0.77804
0.79433
0.72946
0.85114
0.8892
0.71945
0.78705
1.0789
2.0512
1.0789
0.81283
0.76384
0.72277
0.85901
0.82224
12.912
2.7861
2.9376
6.6527
3.8019
16.255
1.1482
2.5003
1.8365
2.2439
9.9541
4.0272
1.4791
3.1915
1.6943
1.2106
2.0324
1.6904
3.013
2.2284
2.1086
1.4421
2.3823
1.2388
2.0277
3.5237
0.8531
0.74645
1.4488
3.7325
2.7797
7.5336
2.9107
3.2961
1.9999
1.1246
1.5241
1.4757
1.7579
1.0471
1.8323
0.81283
0.88716
1.2359
4.8529
2.9242
0.85704
0.76384
1.3122
1.0162
0.93756
0.77983
1.0889
1.0765
1.6293
3.2434
2.3121
1.4322
0.7709
0.87297
0.80724
0.80538
0.89331
0.7656
0.79616
0.79068
1.6331
3.1405
1.6749
0.78343
1.1092
1.0568
1.5382
1.5488
0.74645
0.79068
0.93111
0.82224
0.83946
2.5882
2.3227
0.86298
0.74473
0.7656
0.79799
0.73621
0.80168
0.79433
0.84528
0.74302
0.73961
0.76913
2.0324
0.90365
0.78886
2.1184
2.2233
0.90573
0.81096
0.93541
0.88308
0.83368
0.78163
0.79068
0.96161
0.96605
0.81658
0.8147
0.87498
0.80353
0.87902
2.2961
2.2909
1.0375
0.89125
0.80168
0.71779
0.78886
0.76033
0.71779
0.78524
1.8281
0.89125
5.2845
2.0184
3.3113
0.81658
1.8793
1.2882
2.0559
3.1769
1.9011
1.7061
0.83946
0.73114
0.74302
0.73114
0.79433
0.72444
0.7709
0.72277
0.74817
0.73451
0.7656
0.74302
1.7498
2.9107
3.54
4.5186
1.406
0.71614
0.98175
3.02
13.868
7.8163
0.82224
0.82604
2.4155
0.73282
0.79068
0.80168
0.8147
0.77804
0.76384
0.83176
0.73282
0.79068
3.4356
1.6106
1.0666
0.82794
0.72946
0.77268
0.74989
0.77268
0.85704
0.86696
0.80538
0.79433
0.78705
2.3388
1.0666
0.82414
0.75858
0.83368
0.89536
0.75509
0.78705
0.76033
0.69984
0.76033
0.82035
0.79983
0.7656
0.77268
0.83368
0.78524
0.75683
0.82604
0.80353
0.77446
0.75858
0.72611
0.74473
0.85114
0.75509
0.75162
0.71121
0.77804
0.81283
0.73282
0.75858
0.82985
0.78886
0.85704
0.86497
0.75683
0.75858
0.90782
0.73961
0.77268
0.76913
0.74817
0.85901
0.74473
0.73961
0.71945
0.79433
0.76384
0.80353
0.77983
0.71285
0.81658
0.79068
0.75858
0.85704
0.7379
0.7925
0.7709
0.73961
0.74131
0.82414
0.7379
0.74817
0.76384
0.79068
0.76033
0.76736
0.91201
0.84528
0.78886
0.80353
0.77983
0.7925
0.77625
0.6792
0.87096
0.76033
0.72444
0.74131
0.80538
0.80538
0.97051
0.7656
1.0965
0.86896
0.74989
0.7925
0.80168
0.80724
0.86696
0.84723
0.76033
0.85507
0.79799
0.74645
0.78163
0.7656
0.7379
0.75336
0.70469
0.77983
0.75336
0.78343
0.73451
0.76033
0.73114
0.85901
0.79983
0.71945
0.75336
0.77804
0.77268
0.77983
0.80353
0.77983
0.83176
0.75858
0.95499
0.86497
0.81283
0.74817
0.78705
0.78343
0.78343
0.90782
0.81846
0.83753
0.86099
0.75683
0.7379
0.88512
0.77804
0.8091
0.78343
0.73621
0.76384
0.75336
0.81846
0.73451
0.74989
0.7656
0.86696
1.8793
0.83753
0.75509
0.74302
0.72277
0.75336
0.73621
0.76913
0.80724
0.85114
0.7656
0.76736
0.78163
0.80724
0.85114
0.74473
0.75858
0.76384
0.78163
0.81096
0.79983
0.78163
0.76736
0.73114
1.7989
2.1038
1.803
1.6788
1.1117
0.74131
0.77446
0.72946
0.70795
0.69984
0.73114
0.71779
0.74302
0.75858
0.7379
0.7656
0.77804
0.7656
0.73621
0.74989
0.79616
0.73961
0.71285
0.81096
0.74131
0.79616
0.71945
1.0375
0.90991
0.74817
0.75336
0.73114
0.79983
0.73451
0.76384
0.67764
0.69024
0.75162
0.68077
0.76384
0.70632
0.71121
0.78343
0.69663
0.74473
0.80538
0.76913
0.73621
0.7656
2.1086
1.2331
1.5171
1.094
1.1482
1.0233
1.1402
0.7925
0.8414
0.71945
0.7145
0.74302
0.71779
0.75162
0.77268
0.72946
0.80353
0.76736
0.75509
0.8414
0.75858
0.71285
0.77625
0.76208
0.76033
0.7656
0.77983
0.77446
0.82794
0.83946
0.8147
0.79983
0.75509
0.82035
0.82414
0.78524
0.77804
0.77804
0.76736
0.75683
0.86298
0.77625
0.82414
0.74473
0.7656
0.75858
0.84333
0.82035
0.81846
0.79616
0.74817
0.78163
0.78524
0.75509
0.74817
0.72946
0.79983
0.74989
0.79068
0.83946
0.76384
0.78163
0.81283
0.68077
0.72611
0.7379
0.81658
0.78343
0.78705
0.69024
0.78163
0.69984
0.80168
0.75336
0.73451
0.73282
0.7656
0.70632
0.69663
1.349
0.79799
0.72778
0.76208
0.81096
0.74817
0.76033
0.74989
0.90573
0.87902
0.89331
0.75336
0.79983
1.4588
0.78343
0.81096
0.70958
0.75858
0.75683
0.75336
0.72946
0.77983
0.71121
0.79983
0.74473
0.72444
0.72778
0.76208
0.71285
0.75336
0.75683
0.75858
2.0845
1.9454
0.81096
0.88308
0.74817
0.86298
1.1015
0.75858
0.80724
0.69984
1.2735
1.6558
2.3988
0.93541
0.7925
0.69984
0.73282
1.0568
0.71121
0.72611
7.6033
5.9429
3.9084
8.1283
5.2
4.6774
4.6774
4.592
3.1696
11.143
3.9084
2.3442
4.8306
2.4044
3.342
1.9099
1.7022
1.6144
1.6032
3.2137
5.4325
8.2794
3.7239
8.1283
3.8194
5.1642
4.3351
5.0699
4.4157
6.166
4.7315
4.3652
4.0832
5.5208
6.3241
3.3574
4.7315
6.792
4.7973
7.2277
5.5208
2.4604
1.8836
6.0395
7.7983
7.1779
8.1096
5.188
4.592
4.6559
4.6989
5.9293
7.925
5.8749
5.2723
6.6988
3.9994
6.223
6.7298
7.4989
6.7764
8.1846
5.3211
5.4702
4.4566
2.4774
2.8119
9.247
7.8163
1.7989
2.5763
5.4576
7.2611
7.3451
6.4269
6.6374
5.3951
1.2735
1.6749
1.0789
1.3274
1.1169
5.3703
0.81096
0.81846
0.94624
0.71945
0.75683
0.80538
2.8445
7.3282
6.1802
5.6885
6.223
5.4954
17.783
6.7764
7.6913
5.9566
5.5081
4.8195
6.368
6.9024
3.4594
2.4831
1.183
1.4488
2.1827
1.8281
3.0549
6.166
4.8195
3.3497
5.1761
5.5081
5.2966
5.7016
2.3605
0.98855
0.78705
1.3614
4.5604
2.7227
5.0003
5.0003
6.0117
1.2078
0.75858
0.98855
0.89536
0.8531
0.72611
3.1623
5.0816
6.0674
5.0466
3.9537
1.2388
0.87902
2.0654
1.6293
1.9055
1.5453
1.0375
0.77268
1.1561
0.78343
0.7709
3.9628
5.1051
4.5604
0.98175
0.91833
1.6904
1.4622
0.7709
1.1803
0.78705
2.023
0.86298
0.73114
0.9506
0.80724
0.8147
0.72111
0.80538
0.73282
0.79799
0.75336
0.8091
0.74645
0.76208
0.89125
0.79983
0.77983
1
0.78163
0.77625
0.86696
0.8892
0.8091
0.77625
0.73114
0.79616
0.77983
0.80538
0.87902
2.3988
0.82604
1.1272
0.86696
0.79616
2.541
3.8019
5.5976
3.8282
3.062
0.84918
0.82414
1.2106
3.8994
0.78163
0.76736
0.78163
0.84723
0.78524
0.81096
0.72277
0.78524
0.85507
0.73114
0.79068
0.77804
0.86298
0.82985
0.78524
0.77983
0.8091
0.73114
0.92683
0.79616
0.81096
0.74817
0.76913
0.75683
0.72277
0.70795
0.84723
0.80538
0.77625
0.82224
0.76208
0.81658
0.71121
0.7709
0.76736
0.75858
1.6749
0.7709
0.74989
0.79983
0.86099
0.68077
0.72277
0.79068
0.7709
0.83946
0.80724
0.78163
0.74473
0.73451
0.75336
0.72778
0.78886
0.7379
0.72946
0.79616
0.77625
0.72946
0.71285
0.83176
0.73451
0.81658
0.74817
0.75162
0.76913
0.7656
0.79799
0.77804
0.79799
0.76736
0.76736
0.81283
0.74131
0.81658
0.79983
0.75162
0.7925
0.77983
0.81096
0.76736
0.83368
0.70632
0.78343
0.78524
0.78886
0.70146
0.70632
0.88716
0.77983
0.77446
0.81096
0.79983
0.71779
0.94624
0.8147
1.4125
0.84723
0.83946
0.73961
0.82035
0.84333
0.81846
0.78163
0.77625
0.74989
0.80724
0.73961
0.74645
1.0351
1.4289
0.76384
0.75162
0.77625
0.83946
0.82794
0.71779
0.72611
0.84333
0.78163
0.76384
0.82794
0.70795
0.77625
0.75858
0.81096
0.68391
0.82794
0.76736
0.75858
0.75683
0.76913
0.9506
0.7656
0.75683
0.86896
0.76033
0.7709
0.72444
0.84723
0.8995
0.7379
0.72277
0.79983
0.79068
0.69984
0.77804
0.76736
0.71121
0.7709
0.78524
0.76736
0.73114
0.75336
0.86099
0.75858
0.80168
0.80353
0.72111
0.90365
0.82604
0.80353
0.90782
0.77446
0.74817
0.78524
0.71779
0.77446
0.7379
0.85704
0.7145
0.73282
0.74131
0.71285
0.77804
0.84528
0.8091
0.75858
1.3583
0.71285
0.77804
1.0889
0.80538
1.1614
0.84528
1.1885
0.92045
0.94189
0.80353
1.5346
0.78163
0.72444
0.78163
0.82224
0.75162
0.88105
0.81658
0.77446
0.73451
1.3836
0.79068
1.0257
0.76736
0.87297
0.74989
0.87096
1.0641
1.0447
0.7656
0.80168
0.70958
0.71945
0.80724
0.73451
0.73114
0.81096
2.4717
0.76208
0.80538
0.86099
1.1117
0.79433
0.72611
0.68549
1.074
0.79068
0.75162
0.7379
0.92683
0.71285
0.77268
0.71285
0.73961
0.80538
0.82604
0.73114
0.76033
0.77625
0.73451
0.89743
0.70795
0.80538
1.0914
1.2706
0.76208
0.75162
0.74645
0.80353
0.77804
0.7656
0.72277
0.80724
0.69663
0.8531
0.82224
1.094
0.74645
0.72611
0.88716
0.82604
0.83946
0.77804
0.91201
0.82224
0.79799
0.85901
0.79799
0.7656
0.75683
0.81096
0.71945
0.76736
0.78343
0.75509
0.7709
0.77625
0.78705
0.74473
0.98175
0.79433
0.74817
0.82414
0.81096
0.77804
0.78524
0.73961
0.7379
7.4473
10.116
10.765
6.6527
4.7424
7.0146
1.1885
0.88308
1.0814
2.541
5.6234
3.1842
1.4388
1.9724
7.145
2.7797
4.3551
1.028
0.86896
4.7206
5.0816
4.2462
4.8306
3.8726
2.1038
1.0814
0.82794
1.0209
0.91622
0.81846
1.0789
0.8995
1.0233
0.89536
3.4995
3.3963
4.0644
6.4714
2.6062
1.3804
1.349
1.6558
0.99312
0.77625
0.8356
0.89536
0.77446
0.77983
0.7709
0.77625
1.5276
3.3963
2.7227
0.76736
0.90365
0.81283
0.86099
0.94624
1.8923
1.4928
1.2972
1.3552
1.3062
0.77268
0.88308
0.7925
0.79068
0.96383
0.89331
2.6062
1.2618
2.0091
0.79433
0.93325
0.79433
0.74131
0.90365
0.82224
1.0162
0.75683
0.78886
0.7709
0.73961
0.77983
0.70958
0.82985
0.82604
0.85507
0.72277
0.74989
0.75683
0.75858
0.79983
0.70146
0.80538
0.97275
0.90365
0.71779
0.78705
0.80353
0.73114
0.79068
0.81846
0.7709
1.5417
1.4622
0.9247
1.349
0.99541
1.2445
1.5101
1.5959
0.80353
0.87498
0.76033
0.73961
0.71614
0.877
0.74473
0.88716
0.73621
0.83753
0.74302
0.78705
0.73114
0.74989
0.79068
0.91622
0.79068
1.8535
1.6943
2.037
0.75858
0.72277
0.86696
0.8147
0.82985
0.72778
0.7379
0.71614
0.78886
0.8091
0.75509
0.86099
0.78886
0.79433
0.80538
0.7379
0.81283
0.76736
0.78524
0.71945
0.81658
0.75858
0.67298
0.74473
0.76208
0.73961
0.74645
0.69823
0.72611
0.74302
0.76736
0.83368
0.7925
1.6943
0.85507
0.7709
0.91411
0.81096
0.73961
0.79983
0.74989
0.7145
0.74302
0.81096
0.72444
0.78343
0.74817
0.73961
0.8531
0.78886
0.68707
0.80168
0.90782
0.82414
0.74302
0.80724
0.74131
0.76913
0.8147
0.8091
0.70958
0.80724
0.86896
0.82035
0.88512
0.76913
0.75509
0.81283
0.79433
0.83368
0.83753
0.74989
0.77804
0.74302
0.74302
0.84333
0.72611
0.74131
0.73282
0.72778
0.8356
0.72277
0.77446
0.82035
0.72111
0.76736
0.76384
0.76384
0.76208
0.76913
0.86497
0.86497
0.73114
0.75162
0.77804
0.78886
1.1143
1.6444
0.77446
0.82224
0.82035
0.84723
1.1749
1.1402
1.2023
1.0046
0.77268
0.80353
0.77446
0.7656
0.83753
0.75336
0.69823
0.7709
0.74473
0.88512
0.76913
0.79068
0.80538
0.84528
0.80353
0.74817
0.83946
0.7379
0.80168
0.69024
0.75336
0.72444
0.83176
0.89125
0.72111
0.74473
1.3274
0.82224
0.82035
0.79068
0.76736
0.90573
0.86497
0.78163
0.90573
0.97275
0.74131
0.77446
0.75162
0.7656
0.83176
0.74302
0.71285
0.86298
0.80538
0.877
0.8356
0.82414
0.74302
0.75336
0.79433
0.78705
0.74645
0.80724
0.75162
0.76384
0.80353
0.7709
0.72946
0.81096
1.0864
0.79616
0.76736
0.75858
0.73621
0.7656
1.0351
0.79799
0.82985
0.69024
0.74645
0.80168
0.80168
0.74473
0.74131
0.74645
0.75858
0.91833
0.74989
1.0257
0.7709
0.77804
0.73451
0.77804
0.82414
0.73621
0.73621
0.94189
0.76913
0.72946
0.82794
0.71614
0.78524
0.72946
0.81658
1.2359
0.73451
0.8356
1
0.79068
0.78705
0.75162
0.78705
0.8147
0.84723
0.79983
0.74473
0.82414
0.78343
0.91833
0.80353
0.72611
0.83753
0.7379
0.80353
0.8091
0.89331
0.79799
0.7709
0.78886
0.71614
0.74817
0.80724
0.7925
0.81658
0.83176
0.84528
0.82035
0.72946
0.75509
0.79616
0.74817
0.79983
0.7709
0.8531
0.7925
0.77983
0.84918
0.77446
0.75858
0.73621
0.77625
0.79983
0.84528
0.87498
0.85114
0.73282
0.88512
0.81283
0.81283
0.71285
0.81283
0.77625
0.7379
0.82414
0.78524
0.69823
0.74302
0.77446
0.77804
0.7709
0.75162
0.71285
0.78343
0.85507
0.80538
0.72444
0.97949
0.96383
1.194
1.0423
1.1641
0.85901
0.83946
0.84918
0.87096
0.81846
0.86298
0.80168
0.83176
0.78163
0.82985
0.82985
0.81096
0.8892
1
0.76736
0.77625
0.82604
0.8414
0.83753
0.74645
0.84528
0.79616
0.77804
0.78163
0.8531
0.85114
0.79433
0.8531
0.76208
0.7379
0.83368
0.8414
0.72946
0.79433
0.82224
0.87498
0.76913
0.78886
0.78343
0.76208
0.8091
0.77446
0.80168
0.82604
0.92045
0.84918
1.4289
0.80724
1.0233
0.75509
0.78343
0.79433
0.7379
0.75683
0.8091
0.76736
0.77625
0.84333
0.83753
0.92045
0.91411
0.74817
0.79616
0.77268
0.82794
0.79068
0.80353
0.7379
0.81658
0.72946
0.83753
0.79983
0.73961
0.75683
0.76208
0.7656
0.76208
1.2274
0.96383
1.0568
1.2106
0.84723
1.205
1.2106
0.81658
0.7379
0.78886
0.74473
0.72277
0.7379
0.86896
0.79068
0.88105
0.86298
0.8414
0.80538
0.88512
0.8892
0.8356
0.83368
0.76033
0.82414
0.81096
0.76913
0.74473
0.74473
0.8414
0.93111
0.8414
1.3062
0.77268
0.76913
0.8147
0.74817
0.93325
0.93756
0.79983
0.77804
0.77446
0.79983
0.75336
0.78705
0.76736
0.69823
0.71614
0.74473
0.91201
0.74302
0.91201
1.1429
1.074
0.85704
0.7709
0.85704
0.72111
0.83176
0.73621
0.75509
0.76208
0.74473
0.79616
0.79433
1.5885
0.73961
0.79068
0.96383
0.74473
0.79983
0.83946
0.84723
0.90365
0.73961
4.9659
0.83176
0.8531
1.3459
2.5119
2.6002
1.9815
0.72778
1.8072
0.79433
0.71945
0.74645
0.82035
0.76384
0.72946
0.75683
0.82035
0.74473
0.93756
0.76384
0.78163
0.83176
0.78343
0.87902
0.74989
0.89536
0.83368
0.79983
0.79799
0.75162
0.86497
0.82604
0.81846
0.84528
0.81846
0.74989
0.88716
0.79799
0.81846
0.90573
0.75683
0.78524
0.75509
0.79433
0.8531
0.72946
0.72444
0.80538
0.76208
0.76736
0.8147
1.205
0.77268
0.80538
0.74131
0.75509
0.79068
0.74131
0.77268
0.80353
0.78163
0.74131
0.7925
0.76736
0.7709
0.7656
0.84333
0.83368
0.87297
0.82414
1.0544
0.95719
0.91411
0.83368
0.77804
0.88105
0.88105
0.77804
0.78886
0.7925
0.77268
0.83368
0.86497
0.72778
0.73451
0.72277
0.71614
0.70795
1.1324
0.78163
0.90782
0.7925
0.8414
0.71121
0.72611
0.86696
0.71614
0.77268
0.79433
0.83368
0.72111
0.98175
0.76384
0.93972
0.85704
0.83176
0.76913
0.80538
0.92683
0.74989
0.83368
0.82224
0.76033
1.1858
0.71779
0.75336
0.74989
0.76208
0.80168
0.78524
0.75683
0.72946
0.75509
0.84333
0.79433
0.78705
0.74131
0.81658
0.82224
0.80168
0.78705
0.82604
0.77625
0.88512
1.0351
1.1641
1.074
0.87498
0.8147
1.0023
0.81096
0.76736
0.96828
0.74473
0.73114
0.74302
0.93325
0.78163
0.69024
0.85901
0.90157
0.74131
0.72277
0.75683
0.84528
0.76913
0.79068
1.1912
0.75683
0.86298
0.83176
0.98401
0.88308
0.75509
0.75336
0.77804
0.89743
0.8356
0.84528
0.81096
0.80538
0.73282
0.70632
0.75336
0.76208
0.73114
0.79616
0.89125
0.84528
0.77983
0.7925
0.78705
0.74645
0.78705
0.77983
0.8091
0.69823
0.75162
0.71945
0.80168
0.79433
0.7925
0.83176
0.86696
0.82985
0.94624
0.80353
0.84918
0.77268
0.75162
0.74645
0.8147
0.80168
0.78163
0.78343
0.82414
0.7656
0.78343
0.72277
0.82794
0.77446
0.72277
0.75336
0.68865
0.75683
0.79799
1.0593
0.94406
0.74989
0.75858
1.0069
0.95499
0.85507
0.8414
1.3521
0.82794
1.0666
1.2078
0.74989
0.86497
0.77983
0.74131
0.79433
0.79616
0.86896
0.89743
0.79068
0.82414
0.91411
0.75683
0.87498
0.8531
0.80538
0.80538
0.91622
0.85704
0.76736
0.80353
0.73961
0.76208
0.78343
0.77625
0.76384
0.73451
0.79983
0.7379
0.82224
0.73451
0.76033
0.94406
0.70958
0.74989
0.8531
0.78524
0.83368
0.74989
0.84723
0.70307
0.72444
0.76384
0.73282
0.72444
0.76384
0.77804
0.80724
0.76033
0.7656
0.75683
0.88105
0.84333
0.82414
0.75162
0.80168
0.73451
0.79068
0.78343
0.69984
0.81658
0.73961
0.70469
0.73114
0.77446
0.79799
0.70469
0.78524
0.80724
0.81283
0.94406
0.74473
0.92897
0.78886
0.75509
0.77625
0.75336
0.72277
0.78163
0.71779
0.77625
0.71945
0.73114
0.83176
0.75858
0.78343
0.81658
0.75162
0.8356
0.91411
0.72946
0.7656
0.79799
0.6792
1.1298
0.77625
0.70795
0.70958
0.8531
0.74131
0.76033
0.7656
0.7656
0.74302
0.78705
0.8091
0.85704
0.80353
0.7145
0.7925
0.78705
0.74473
0.79799
0.80168
0.77268
0.84333
0.84528
0.80538
0.81658
0.76736
0.69343
0.82985
0.73961
0.79983
0.79068
0.82224
0.92045
0.81283
0.91411
0.79983
0.78343
0.79983
0.76208
0.74817
0.72778
0.76033
0.78886
0.7145
0.73961
0.80168
0.77983
0.78343
0.79616
0.82414
0.7656
0.7656
0.81658
0.74989
0.78163
0.81283
0.7709
0.72946
0.74302
0.72444
0.74473
0.83176
0.74645
1.3996
0.71285
0.6792
0.93756
0.77625
0.76208
0.85901
0.78343
0.95719
0.76736
0.78163
0.78524
0.87902
0.78524
0.80538
0.79433
1.2677
1.2445
1.2677
1.1066
0.81096
0.76033
0.84333
0.82985
0.77446
0.87096
0.76736
0.86497
0.75509
0.86298
0.80538
0.79433
0.82035
0.82985
0.79616
0.94189
0.84528
0.81096
0.78163
0.87096
0.8531
0.72946
0.76208
0.73621
0.79983
0.7656
0.7925
0.75509
0.78524
0.79799
0.78163
0.83753
0.87096
0.82035
0.75683
0.81658
0.75336
0.78705
0.73961
0.7379
0.8091
0.88716
0.87902
0.77268
0.75336
0.81283
0.77625
0.75683
0.73114
0.86298
0.83368
0.71614
0.76736
0.78343
0.86497
0.75683
0.76033
0.74817
0.82794
0.79799
0.89536
0.77268
0.7709
0.78524
0.74989
0.74131
0.72946
0.79983
0.78886
0.76736
0.70958
0.83368
0.8091
0.78886
0.74473
0.87498
0.93325
0.77625
0.84528
0.83368
0.79799
0.75683
0.85901
0.77625
0.89125
0.71121
0.77983
0.85114
0.73451
0.88308
0.8356
1.3428
0.96161
1.3772
1.094
1.0023
0.95499
0.75336
0.80724
0.82414
0.70307
0.84333
0.79616
0.72111
0.73114
0.78524
0.74817
0.92683
0.77804
1.3677
0.77446
0.79068
0.71779
0.72111
0.85901
0.75336
0.70958
0.74473
0.74989
0.76208
0.80168
1.2972
0.82224
0.78705
0.85114
0.78705
0.79616
0.73961
0.77446
0.83946
0.87498
0.73451
0.75162
0.75336
0.80168
0.79433
0.85704
0.78524
0.73621
0.78343
0.73114
0.8414
0.74131
0.77804
0.877
0.74645
0.83946
0.78886
0.76913
0.877
0.77446
0.76736
0.77446
0.80538
0.75336
0.75858
0.80353
0.74989
0.75336
0.86896
1.1885
0.79983
0.76384
0.7709
0.7709
0.80353
0.85901
0.82224
0.7145
0.74817
0.86696
0.79433
0.80724
0.73961
0.77804
0.90573
0.7709
0.8414
0.92257
0.80724
0.8091
0.77268
0.84918
0.78163
0.73621
0.77625
0.7709
0.81846
0.78886
0.72111
0.87498
0.83368
0.74817
0.77983
0.83176
0.8091
0.80168
0.70795
0.81846
0.76033
0.75509
0.79068
0.7379
0.81283
0.79983
0.85901
0.7925
0.83368
0.83368
0.77268
0.84333
0.84333
0.8091
0.82035
0.88512
0.8995
0.8091
1.2417
0.7656
0.8091
0.78705
0.94842
0.78524
0.75683
0.80353
0.70469
0.82604
0.877
0.79983
0.76736
0.8414
0.75858
0.75336
0.77268
0.79068
0.8892
0.7709
0.83946
0.81096
0.74473
0.74989
0.82224
0.75683
0.73621
0.78705
0.8356
0.77625
0.80538
0.74473
0.77446
0.75683
0.73282
0.75162
0.74302
0.73282
0.69343
0.89331
0.72778
0.7656
0.80168
0.84918
0.73114
0.70307
0.91411
0.74645
0.74989
0.86896
0.86497
0.93325
0.82414
0.72778
0.75336
0.79068
0.78163
0.77625
0.78524
0.75683
0.79433
0.71614
0.7656
0.80724
0.73114
0.74817
0.86896
0.72946
0.80724
0.80168
0.80353
0.8147
1
1.0691
0.80353
0.9247
0.77625
0.8147
0.88716
0.79068
0.86696
1.0233
1.0328
0.81846
0.82794
0.84333
0.84528
0.75858
1.5776
0.79799
0.89536
0.79068
0.84918
0.81283
0.82794
0.79983
0.88512
0.77983
0.84918
0.83368
0.77804
0.88512
0.86696
0.78524
0.96383
0.95719
0.91622
0.8414
0.98628
0.77983
0.86099
0.76913
0.8356
0.83176
0.79433
0.9528
0.78886
0.8414
0.88308
0.80168
0.72946
0.81846
0.77446
0.79983
0.81283
0.7925
0.78524
0.77446
0.85114
0.73451
0.77446
0.84723
0.80353
0.74473
0.79068
0.84333
0.80538
0.81846
1.4355
1.9187
2.3388
0.77446
0.9506
1.4158
1.3213
0.92683
0.75683
0.75509
0.86298
0.80353
0.83946
0.84918
6.8077
1.766
1.4256
0.94406
1.1092
1.4588
2.1777
2.3714
2.9309
1.4388
2.0941
2.0941
1.7579
2.1135
3.3729
0.78343
3.8282
2.3121
1.8493
1.7989
1.5417
1.3305
2.037
1.4588
2.1281
2.6122
0.74817
0.77446
0.76913
0.71779
0.70632
1.2388
2.3227
1.3092
1.4825
1.2972
1.5453
1.4355
1.6106
2.138
2.2336
2.2751
1.7061
3.4119
2.904
1.4488
2.0701
1.1508
4.6666
2.0417
1.4191
1.8197
2.133
0.68077
0.76913
0.72778
0.79983
0.75336
0.77983
0.85704
0.73621
0.69502
0.74645
0.79068
0.68549
0.73282
0.80353
0.73451
0.77268
0.75683
2.7606
2.6363
1.8281
1.9634
4.3752
0.69823
0.73451
0.91622
0.78705
0.74989
0.77446
0.7709
0.69663
1.4757
2.2387
1.7865
1.4723
2.6424
3.0832
1.9454
2.3442
1.0023
1.7539
1.0139
1.1143
1.4859
1.652
1.4689
1.3996
1.5596
1.6904
2.3335
0.83368
2.5061
3.4041
2.9992
1.8836
2.9923
1.3614
2.0417
0.82985
0.80168
1.1041
0.73621
1.3836
1.2023
1.0965
0.73961
0.77446
0.79433
0.83753
1.0471
0.70958
0.83753
0.82035
0.87096
0.79433
0.80724
0.93541
0.877
0.73114
0.75858
0.77625
0.82414
0.74473
0.77268
3.3651
2.3878
1.5453
0.81846
0.78163
0.74131
0.77804
0.8356
0.78343
0.77268
0.72444
0.74817
0.78705
0.7925
0.74817
0.74473
0.80353
0.71945
0.94406
1.0328
0.77804
0.83176
1.6444
1.2764
1.1041
1.2474
0.73961
0.76384
0.75683
0.80538
0.70632
1.4191
1.1429
0.85901
0.74131
0.82794
0.81658
0.78343
0.74989
0.80724
0.78163
0.70958
0.75683
1.762
0.94406
0.74645
0.77268
1.1641
1.9187
2.0512
1.5205
0.76033
0.78524
0.80168
0.77983
0.7925
0.79799
0.7925
1.9454
1.5922
1.4158
1.6596
3.342
9.977
4.2954
3.281
2.0137
2.7479
0.75858
0.95499
0.90157
0.78163
0.72778
0.77625
0.78343
0.89125
0.73961
0.7379
0.83176
0.77804
0.72277
0.71614
0.77804
0.78524
0.7656
0.73621
0.78705
0.87902
2.6424
2.6002
2.4774
2.208
1.2589
0.74645
0.73621
0.76913
0.7709
0.83368
0.84918
0.78705
0.85704
0.73282
0.74817
0.7379
0.7925
0.75509
0.77804
0.80353
0.79799
0.79983
0.78705
0.72444
0.76033
0.7656
0.75858
0.78524
0.83753
1.4158
2.4099
0.79616
0.79433
0.77625
0.74989
0.84528
0.80168
0.74989
0.7379
0.77446
0.73451
0.79983
0.86696
0.89331
13.305
14.655
0.91622
0.81846
0.78524
0.78163
0.73282
0.80724
0.75683
0.80353
0.85114
0.80724
0.7379
0.82414
0.84723
0.87297
0.86298
0.74302
0.7656
0.74989
0.77804
0.82035
1.2331
1.4791
28.445
15.066
15.066
15.066
15.066
15.066
15.066
15.066
15.066
15.066
15.066
15.066
15.066
15.066
15.066
15.066
15.066
15.066
15.066
15.066
15.066
15.066
15.066
15.066
15.066
15.066
15.066
15.066
15.066
15.066
15.066
15.066
15.066
15.066
15.066
15.066
15.066
15.066
15.066
15.066
15.066
15.066
15.066
15.066
15.066
15.066
15.066
15.066
15.066
15.066
15.066
15.066
15.066
15.066
15.066
15.066
15.066
15.066
15.066
15.066
15.066
15.066
15.066
15.066
15.066
15.066
15.066
15.066
15.066
15.066
15.066
15.066
15.066
15.066
15.066
15.066
15.066
15.066
15.066
15.066
15.066
15.066
15.066
15.066
15.066
15.066
15.066
15.066
15.066
15.066
15.066
15.066
15.066
15.066
15.066
15.066
15.066
15.066
15.066
15.066
15.066
15.066
15.066
15.066
15.066
15.066
15.066
15.066
15.066
15.066
15.066
15.066
15.066
15.066
15.066
15.066
15.066
15.066
15.066
15.066
15.066
15.066
15.066
15.066
15.066
15.066
15.066
15.066
15.066
15.066
15.066
15.066
15.066
15.066
15.066
15.066
15.066
15.066
15.066
15.066
15.066
15.066
15.066
15.066
15.066
15.066
15.066
15.066
15.066
15.066
15.066
15.066
15.066
15.066
15.066
15.066
15.066
15.066
15.066
15.066
15.066
15.066
15.066
15.066
15.066
15.066
15.066
15.066
15.066
15.066
15.066
15.066
15.066
15.066
15.066
15.066
15.066
15.066
15.066
15.066
15.066
15.066
15.066
15.066
15.066
15.066
15.066
15.066
15.066
15.066
15.066
15.066
15.066
15.066
15.066
15.066
15.066
15.066
15.066
15.066
15.066
15.066
15.066
15.066
15.066
15.066
15.066
15.066
15.066
15.066
15.066
15.066
15.066
15.066
15.066
15.066
15.066
15.066
15.066
15.066
15.066
15.066
15.066
15.066
15.066
15.066
15.066
15.066
15.066
15.066
15.066
15.066
15.066
15.066
15.066
15.066
15.066
15.066
15.066
15.066
15.066
15.066
15.066
15.066
15.066
15.066
15.066
15.066
15.066
15.066
15.066
15.066
15.066
15.066
15.066
15.066
15.066
1.0186
1.0186
1.3459
3.0269
1.1695
2.133
1.9454
1.5488
3.0409
4.5709
1.6482
1.1324
0.86298
2.4322
1.0889
0.88308
2.421
2.421
0.93756
3.6224
2.0324
1.6181
2.4604
1.9679
2.2856
0.78524
0.7379
0.83946
0.81846
0.78163
0.80724
0.82035
0.86497
0.83368
0.75858
0.79799
0.72611
0.69823
0.69823
0.82985
0.77625
0.77804
0.73961
0.75509
0.80168
0.78163
0.7709
3.1696
4.1783
5.4576
4.0551
2.799
1.7865
2.5177
0.80168
0.89331
0.73451
0.90573
0.82604
0.77983
0.78886
1.1143
0.81658
0.7709
0.75336
0.78524
0.8147
0.80353
0.78524
0.86696
0.94624
0.73114
0.94624
0.74989
0.74817
0.80168
0.74473
0.73114
0.68234
0.74473
0.82414
0.81283
1.7783
1.7783
1.2445
2.3823
1.6032
1.0666
0.74131
0.90365
0.74473
0.74131
0.85507
1.3335
1.0399
0.76384
0.71121
0.8892
0.77268
0.81283
0.81846
0.7709
0.78163
0.93325
0.79799
0.76736
0.7925
0.77804
0.79433
0.76913
0.99541
0.74989
0.74473
0.96161
0.77983
0.99312
0.87297
1.8923
0.99541
1.2023
0.94189
0.96828
2.2336
1.1246
1.4454
0.78886
1.2794
1.1776
0.96161
1.0257
1.3521
0.90991
0.96605
0.72277
0.89125
0.89125
0.77446
0.72277
0.7656
0.877
0.77983
0.79983
0.70469
0.75858
0.7709
0.7656
0.78705
0.73451
0.81658
1.183
0.95719
0.85901
0.78886
0.90365
0.84918
0.86099
0.74473
0.80538
0.7925
0.7709
0.80538
1.4622
0.72111
0.79433
0.92683
1.0715
1.1749
0.69663
0.8414
1.1376
2.6607
1.6788
1.0889
1.7179
1.3996
0.77268
0.69024
1.2618
0.8356
0.8091
0.78524
0.71945
1.3428
1.3397
1.0209
0.89125
0.8147
0.97724
0.72611
1.1695
1.0471
0.73282
0.70469
0.93972
0.90782
1.1885
0.8091
1.0186
0.82035
0.82985
0.72611
0.78163
0.82414
0.79068
0.91411
0.72946
0.8892
1.0304
0.77983
0.75509
0.76913
1.1668
0.7925
1.0399
1.028
0.93972
0.8147
0.82604
0.96605
0.90157
0.71285
0.72111
0.82035
0.93972
0.73621
0.87498
0.90991
0.7925
0.77625
0.86497
0.76033
0.78343
0.83368
0.73114
0.70146
0.8892
0.76033
0.90365
1.0641
0.74131
1.0544
0.77268
0.83368
0.8414
0.73621
0.76033
0.91411
0.88308
0.85901
0.69343
0.96828
0.72444
0.86298
0.84333
0.79983
0.8147
0.88105
0.85704
0.82414
0.90782
0.75683
0.76033
1.1508
0.72778
0.77983
0.74645
0.79433
1.0495
0.8995
0.80353
0.74473
0.83946
0.87096
0.77268
0.7709
1.0351
0.95499
0.88512
0.99541
0.87096
0.83946
0.83946
1.7498
1.3032
1.1041
1.1324
0.72444
0.75683
0.80724
0.9977
0.77804
1.1066
0.74645
0.75509
0.76736
0.90782
0.88716
0.77625
0.74473
0.82224
0.78524
0.78343
18.88
0.7709
0.82985
0.7145
0.77446
0.97499
0.85901
0.86896
0.72277
0.9977
1.0069
0.81096
0.90573
0.77446
0.73451
0.8356
0.97949
0.89743
0.99312
1.1695
1.2735
0.93972
0.73282
1.6711
0.98855
1.074
0.95719
0.97051
7.5683
10.715
1.6982
1.4894
1.652
1.2474
1.3964
4.0272
3.6058
1.8493
1.9588
1.2618
1.6255
1.6032
2.6669
0.76736
1.6672
3.1405
3.0479
1.9999
1.6596
2.9174
1.9454
4.1115
2.884
4.1305
5.2845
2.704
6.223
0.77446
2.3442
1.9364
1.7539
1.7338
1.5031
1.6634
3.2734
2.2594
1.7061
2.9648
3.3113
8.2604
2.7733
3.4435
0.96605
2.958
2.9717
2.2131
1.3521
3.0974
4.5604
4.0272
4.2073
6.1802
11.22
20.23
5.8076
2.6122
1.7061
1.2303
3.2137
2.1928
1.7947
2.355
4.0551
3.2285
3.5645
3.3963
1.094
1.1455
1.8197
4.5604
9.506
5.9156
4.9545
2.3933
3.9628
3.4674
3.6224
1.4723
0.82794
2.6303
3.5727
2.208
2.3714
1.5346
2.4717
2.466
0.71779
0.7709
0.93541
0.82035
0.7709
1.0209
9.0365
3.02
2.0137
1.4454
1.766
2.3335
0.86497
0.80168
1.7179
0.77268
1.1324
0.78524
1.9861
2.6853
6.1235
1.8535
0.81658
0.78886
0.78343
2.3442
0.79799
1.406
0.81658
0.75336
0.8892
0.82414
0.8091
0.86497
1.1749
0.73621
0.98401
1.1885
1.0023
1.1858
1.9861
1.5996
0.9528
1.183
1.2246
1.2853
1.2677
0.77625
0.74817
0.85901
0.82794
0.7379
0.75858
0.87498
0.81096
0.79616
0.81096
0.75683
0.73961
0.8414
0.74302
0.7145
1.0593
0.81283
0.82035
1.1092
0.77983
1.0839
1.0839
0.78705
0.79068
0.71945
0.74473
0.76033
0.80168
0.8147
0.69663
0.76208
0.75162
0.71285
0.81096
0.78886
0.94842
0.78343
1
0.85114
0.74817
1.0423
0.85901
1.3305
0.8147
0.79799
0.85704
0.7925
0.84333
0.70795
0.74131
0.76736
0.74302
0.85704
0.73451
0.76033
0.80353
1.1695
1.1117
0.94624
0.78524
0.74645
0.76208
0.77983
0.82985
1.0965
0.76384
0.76208
0.72444
0.75162
0.75509
0.70958
0.79068
0.72778
0.8414
0.72277
0.80168
0.72277
0.84333
0.75336
0.78886
0.72111
0.77625
0.77804
0.8091
0.79799
0.80724
0.87902
0.95719
0.7709
0.74131
0.74302
0.84333
0.75858
0.71121
0.82604
0.74473
0.80538
0.79799
0.76913
0.72946
0.79799
0.72946
0.75509
0.73961
0.78886
0.74302
0.7709
0.80724
0.75509
0.7656
0.79433
0.74989
0.77625
0.79616
0.75509
0.7709
0.82794
0.77446
0.79983
0.90573
0.75683
0.83946
0.82604
0.75509
1
0.85507
0.82794
0.76736
0.78163
0.84918
16.444
0.81658
0.87096
1.028
0.8995
0.96383
0.87498
0.80168
0.93756
1.0544
0.77625
0.70469
0.75336
0.8414
1.0839
0.7925
0.76736
0.7379
0.78343
0.80168
1.0257
0.75858
0.74989
0.73114
0.79068
0.74989
1.574
0.74989
1.0471
2.1727
3.3343
4.4157
0.87096
0.76384
0.80538
0.68077
0.7656
0.81096
1.1668
0.95719
0.78886
0.73282
0.80353
0.78163
0.73282
0.8892
0.76913
0.69663
0.77268
0.77268
0.70958
0.78886
0.8091
0.83368
0.70632
0.8091
0.74131
0.8531
0.73961
0.79616
0.77625
0.77268
0.78886
0.8414
0.91622
0.83368
0.76384
0.75858
0.78343
0.93111
0.77625
0.77804
0.85901
0.71779
0.85901
0.84528
0.79616
1.3709
1.0889
1.3366
1.6482
0.84918
0.77625
0.75162
0.88512
0.73451
0.73282
0.72778
0.78343
0.79433
0.73961
0.78524
0.78524
0.7709
0.8531
0.76736
0.76033
0.79799
0.88716
0.76736
0.81846
0.83176
1.3964
1.1803
1.2735
1.2589
1.1429
1.7378
1.5668
0.97949
1.9543
1.3397
1.2647
1.2388
1.2618
1.4655
1.2882
