5.3333
4.5814
6.4269
4.0179
3.3113
1.2246
2.541
2.8907
7.5336
15.346
14.757
12.531
16.255
7.9983
8.0168
3.9628
2.9785
2.7925
2.3988
3.8371
3.7844
5.4075
5.9156
7.2277
5.2
4.4463
4.5814
2.5823
2.729
6.9663
5.3333
7.656
5.5208
6.3096
2.5468
1.7701
1.7783
2.4099
2.5235
1.8323
2.7542
2.6792
3.0479
7.4989
5.8884
7.7625
1.4289
2.6002
6.7764
7.4131
5.8749
2.9174
7.379
7.3114
7.6208
7.7625
2.2233
1.2618
3.6058
4.9091
1.5596
1.3243
1.7022
1.4723
1.2388
1.5631
1.1508
7.4989
10.641
11.776
10.495
9.2683
9.5499
7.379
8.3368
1.6558
8.9536
10.304
6.4565
9.5499
8.77
7.7446
7.0469
6.1802
7.1285
1.2106
1.1246
1.4125
1.3397
1.8281
1.3213
5.8479
6.3826
2.8249
1.5346
8.1658
7.4989
9.0991
7.5683
4.0738
2.6002
2.4774
1.6406
1.932
2.2699
4.8753
7.8886
7.4817
8.2224
7.6384
7.8163
7.9799
9.3756
1.6482
1.9724
7.8163
7.6384
7.2778
10.593
9.594
8.0724
8.9331
14.388
7.4989
1.406
1.4454
1.219
2.8119
1.4289
3.4356
9.2683
8.2035
7.2111
7.8705
7.8524
8.4723
9.506
6.6527
7.709
8.9125
6.6681
7.7268
6.4417
7.656
9.1201
7.8163
9.4624
8.2604
8.6896
1.9187
6.8077
8.5507
12.19
8.531
9.6605
9.4406
10.447
9.2045
5.2723
7.9616
8.7096
7.9433
4.592
8.4333
9.0365
9.594
8.7096
1.6711
1.4028
1.9999
6.166
15.812
10.814
7.379
9.247
10.471
7.5162
6.5917
8.8105
8.8308
8.2604
6.368
8.4528
12.246
9.6828
7.7625
8.0353
7.5858
8.7297
2.023
7.145
9.4406
7.9983
8.7902
7.145
7.4817
8.147
7.7625
5.781
1.406
7.709
6.3826
2.4099
8.8105
7.7804
9.2683
8.6298
7.925
1.5922
7.379
7.4131
7.9983
8.0724
4.6666
1.3868
8.2794
8.995
8.2604
7.656
8.0724
9.3111
10.593
8.3176
4.0458
7.7804
7.2946
5.9156
5.7943
7.2444
7.4817
6.8077
7.4989
7.1614
9.977
9.3972
5.7016
6.3533
4.2462
7.0307
6.9663
6.6527
7.709
5.9429
8.0538
9.0157
7.7804
6.9502
8.0538
9.247
7.2946
11.169
7.8343
7.709
9.506
7.8524
7.3114
1.6827
6.1094
7.9068
8.3753
8.4723
8.4528
8.3368
7.0469
8.6099
6.3241
7.9616
8.6497
7.656
7.2946
8.4333
7.5509
9.7275
8.7902
7.1285
3.5563
3.2063
6.9823
5.8749
3.4041
6.4565
7.2946
7.4817
7.2111
6.9343
10.965
7.6208
9.0157
8.091
9.247
6.9984
7.5858
6.9984
9.1833
5.9979
7.7625
7.2444
1.4723
6.7453
8.0538
9.2897
8.2414
10.023
7.6208
7.1121
7.8886
1.7865
2.3227
3.7757
7.0469
7.9616
8.4723
8.2985
8.1846
8.5901
8.995
8.3176
9.506
8.8308
8.3753
8.3368
8.892
7.5509
7.7804
6.7608
5.3333
8.6696
7.709
7.9433
7.379
7.3114
8.6497
8.6896
4.7973
7.145
7.7446
1.4723
3.2509
8.1658
7.2277
8.5114
8.1096
4.9431
6.8707
7.0795
8.356
9.3111
8.3946
9.8175
6.3826
5.9704
7.4473
7.5683
8.6896
5.5976
11.35
9.2683
8.7498
8.3368
8.147
6.9183
6.8391
7.5162
8.3176
8.2985
6.166
9.9541
7.8705
9.8855
7.1121
7.0469
2.851
8.414
6.7298
7.4302
7.8343
9.0991
8.4918
11.015
6.6834
9.528
5.105
5.6885
8.0724
1.6144
1.2106
2.1979
6.9984
6.9183
6.792
8.3753
7.9068
8.4333
9.3756
8.356
2.7925
7.4473
12.078
8.2414
8.995
8.3753
8.2414
7.1945
8.4528
7.4473
10.399
7.2111
8.091
8.4528
8.3946
6.8391
8.9743
7.1614
9.1833
8.3368
8.3368
5.4325
4.2267
7.3282
7.0958
7.0469
7.3282
7.1779
7.1614
8.9125
6.6527
7.9068
8.2414
8.995
7.379
3.1189
8.2414
8.147
7.5509
8.4918
10.765
8.6099
9.0991
8.0168
8.3368
8.9331
7.4302
7.8886
8.3368
7.2946
7.4131
9.1201
7.9433
8.356
8.414
9.2045
8.2794
8.4333
8.1658
8.0168
7.6913
7.4131
7.7804
2.6853
5.42
7.5683
8.1658
8.1096
6.3973
8.414
8.1658
7.8163
8.356
9.0782
7.5509
8.5507
7.709
9.7949
7.4131
8.0538
6.8234
7.8163
6.0674
7.2444
8.2985
7.8524
8.4918
9.0573
8.3753
7.6736
8.4333
9.5719
7.8524
8.892
1.7298
5.8076
8.1846
10.471
8.2985
6.8707
8.1658
7.6913
7.5336
9.7724
9.7275
7.7268
8.7096
7.5336
8.0168
8.6896
8.892
8.1096
7.7446
8.5507
7.8343
7.6913
9.0157
7.5162
7.5858
7.5509
8.3176
1.6181
3.2137
1.219
1.219
6.166
8.1658
7.379
10.116
6.368
8.6696
8.091
8.0168
8.1846
10.069
7.8343
5.8749
11.695
7.9616
7.1945
7.3961
7.5683
8.995
6.1802
8.892
8.5114
8.6099
8.4528
8.9125
8.4918
7.6384
8.3176
10.233
8.2035
1.3183
6.0954
8.6099
9.0991
8.2604
8.5114
8.0353
7.9983
8.2224
9.5499
9.0365
10.544
7.4817
8.0168
7.9616
9.1833
9.506
10.399
6.4121
8.6896
8.6497
8.4333
7.1779
11.588
9.0365
8.3368
7.1945
9.7051
7.8705
8.1283
7.925
9.1411
7.3114
8.2035
8.995
8.1846
10.666
8.6896
6.7764
7.6913
6.5917
7.9433
7.4131
11.614
7.5509
7.3621
7.4645
1.2706
1.1535
4.1879
8.6099
7.5162
7.3451
7.925
8.091
8.4918
7.9068
9.1622
8.8512
8.0538
12.388
7.9983
9.6828
7.925
7.6208
9.506
9.0365
7.2277
8.77
8.1846
8.4528
4.0458
7.709
9.7949
9.1833
7.6384
8.3946
9.6383
10.74
9.2045
9.6828
8.3368
8.3368
8.6298
9.3111
8.1658
7.7268
9.2045
8.531
8.0168
10.116
8.1283
8.091
14.06
8.3368
8.5507
7.8886
11.066
7.8886
6.6834
7.8163
7.9799
8.6696
8.414
8.2414
9.7275
8.9125
10.641
7.6033
8.1658
11.169
6.7764
3.0269
10.069
8.7096
8.7297
7.8886
7.379
5.0582
7.5162
5.5976
9.4842
6.9663
6.7608
5.6754
1.3122
2.1135
1.6672
11.668
8.4723
8.0353
8.4723
8.2794
7.9616
7.0958
7.145
8.892
8.7498
7.145
9.0157
7.1614
8.1658
8.091
7.4473
9.3111
8.0353
8.4528
7.5683
7.9616
10.351
10.093
11.967
7.6033
8.5901
9.6605
7.8163
8.147
7.3961
5.6234
5.8614
8.1846
7.8886
7.8524
9.528
7.8705
10.715
9.3541
8.091
9.3756
7.5162
9.3111
8.5704
12.882
9.506
8.0538
7.7268
7.8705
7.8524
9.0157
8.0724
8.8512
7.8343
8.1283
8.7096
12.246
7.3114
7.9068
8.7096
10.257
7.8163
9.977
9.1411
2.7733
10.257
9.6828
7.9433
8.3368
9.506
8.1283
8.0724
7.0958
10.544
9.4842
7.8886
10.765
9.0991
9.2257
7.8163
8.892
7.9983
8.091
9.2257
8.77
9.7275
7.0958
8.0724
8.2985
8.356
9.2683
12.331
7.4473
8.6099
7.5683
7.6736
12.503
7.5683
8.6896
8.0353
7.7625
9.0157
8.6896
8.892
9.9541
9.6383
7.6913
8.9125
10.069
9.3756
8.2414
8.8512
10.257
7.6913
8.8716
8.8512
3.1989
1.6255
1.2735
8.3753
7.8343
8.0724
7.7268
1.183
1.406
1.6788
1.2274
1.5382
5.224
7.1614
8.4333
7.1945
7.3451
7.4817
5.3456
8.6696
8.0724
7.8886
6.6374
8.0168
8.3753
7.5509
7.7268
10.069
8.4528
8.8308
7.0632
7.4131
8.2224
7.1779
8.356
9.3111
7.8163
8.5507
1.8578
5.0816
7.0632
6.9823
7.8163
6.9663
7.2444
6.7298
8.0724
8.414
8.2604
6.9502
6.8707
6.8707
6.3533
6.0395
8.7498
7.3114
7.4817
9.4406
6.8077
6.6834
8.6696
6.7764
7.7804
10.495
7.2444
8.3368
6.3973
7.6033
7.2611
9.7051
7.1121
8.091
6.3096
8.414
7.4473
10.139
6.6374
8.414
9.8401
8.5507
8.2985
7.5683
5.2723
7.5683
6.2951
6.6834
7.4989
1.2246
0.98628
1.3583
2.8445
1.8239
4.2462
6.7764
7.8163
6.4417
7.1121
7.8524
8.8512
9.2045
7.2611
7.4817
6.792
8.5901
7.0469
7.8343
7.9068
10.257
8.3946
8.6497
8.5507
7.3621
8.3753
6.8865
8.7902
9.2897
8.147
8.5507
7.9799
7.9068
8.5704
9.1622
7.4131
8.2985
6.0674
7.7804
7.7268
4.8417
11.092
9.8175
6.6069
8.9536
6.7608
8.5901
8.4333
7.6208
9.9541
7.3451
7.379
9.7499
8.5507
8.6896
7.7268
6.9663
7.1779
7.9616
6.6527
6.9984
7.925
8.7902
8.995
8.3946
9.0365
6.9502
1.4757
2.1577
6.8707
7.4473
7.2277
8.0353
9.1833
7.3451
6.6374
8.531
7.5858
8.2414
7.925
9.0573
7.709
9.2257
10.399
8.995
8.2414
5.2966
7.1285
7.3621
8.0724
7.5336
9.0782
8.6497
8.9125
7.5509
8.5704
8.0168
1.0162
1.3868
0.84333
1.4454
7.2946
1.183
1.3397
1.1194
7.6384
7.8524
8.8512
7.3282
7.9433
8.6696
10.257
7.8705
11.776
7.3282
6.9984
8.4528
7.2611
6.3387
8.6099
7.4817
6.8707
7.2946
7.8163
7.8163
8.414
8.5507
10.691
7.5683
10.209
9.247
7.8524
8.5704
7.4131
8.414
7.7446
7.9983
9.0782
8.8105
8.5901
7.8163
9.1833
8.9125
8.0168
7.5509
9.4406
8.2985
7.709
6.7764
7.9799
7.379
9.7051
7.0632
8.7902
11.455
9.3325
7.6913
11.641
11.246
6.9984
13.646
9.2257
8.892
9.1833
9.8175
7.5162
7.3282
7.4131
7.5336
8.0724
7.9616
7.7268
7.656
8.2035
9.9312
8.1846
7.2778
7.4989
7.2277
7.5336
7.3621
8.0168
7.1945
1.6368
1.2853
1.845
1.3521
5.2845
6.2806
8.0353
8.2604
7.3282
6.6834
9.1833
7.9799
8.9536
7.2111
8.6298
7.4989
6.792
9.0782
6.8865
8.2794
11.83
8.7297
8.77
7.9799
7.5858
7.8343
7.4989
7.0795
7.3114
8.892
8.7096
8.892
7.7983
8.3176
6.7143
2.1827
2.9444
10.889
9.0157
7.2778
6.6069
7.3621
6.0814
2.851
2.5293
0.97499
4.5814
0.91411
2.884
8.5704
5.4702
5.6494
7.1779
7.1614
8.0724
8.2985
8.4333
6.0395
8.892
7.8886
6.5766
7.6384
8.1846
7.2778
8.5704
10.568
8.0168
8.2414
7.7625
10.304
8.892
7.6033
8.1658
7.1945
7.6913
9.8855
10.914
9.528
8.4528
7.8524
9.1622
10.186
9.4189
8.2604
8.7902
8.356
7.9983
6.9823
6.9663
7.3961
6.5615
7.0958
6.9823
6.6069
8.5507
7.3961
7.4473
7.2778
7.145
7.2444
6.4565
5.2602
6.4565
8.5114
6.9502
8.3946
6.6527
7.2778
7.9616
8.0168
6.9663
8.414
6.4863
10.046
8.1283
8.7297
8.995
7.4302
6.6527
3.7411
2.8184
0.93972
1.3152
1.0162
2.4434
6.2087
7.1945
4.9431
8.1846
6.9183
6.6069
7.7983
8.6099
6.4863
6.5313
7.1779
8.4918
7.0469
9.0157
7.6913
10.069
9.4842
7.5858
9.1411
7.3961
9.7949
8.2794
9.1411
7.7625
7.2277
7.7804
5.6754
9.0365
6.2087
6.6222
7.6208
6.5464
6.6834
6.4269
6.7453
8.9125
6.2373
7.5683
7.379
7.1779
7.8886
8.8308
7.5336
7.4989
6.792
8.414
8.6696
7.8524
9.0157
7.1945
6.6374
8.4528
8.3946
6.8707
8.7096
7.5683
11.508
7.2946
8.356
12.19
8.4723
6.2087
6.792
7.7446
6.8707
7.0632
9.8401
6.3973
10.447
7.9433
8.0538
6.5615
6.9502
7.9983
8.4333
7.1285
1.406
4.6559
8.6696
6.4863
6.6681
7.9433
6.3387
1.2853
5.1642
8.0724
7.2611
6.5313
7.7804
9.6383
7.9616
7.0307
9.4189
1.2445
1.4322
1.4223
1.2303
2.6977
6.6069
9.4406
7.0632
7.4989
7.7268
6.7143
6.4417
6.5313
8.2604
8.5901
7.6208
6.6681
3.5645
1.3996
1.2388
3.6898
1.1455
5.9293
7.709
7.7804
6.2951
7.2611
5.1286
8.9536
7.1285
9.3325
8.7096
10.304
8.8308
8.5901
6.5766
7.6384
10.116
9.5719
7.5336
8.8512
8.7297
5.9841
6.2087
9.8401
8.6497
8.147
8.0168
8.6497
2.0464
8.6896
6.3826
7.9616
8.4528
9.2257
6.9823
9.506
7.7625
8.5901
6.7143
8.2035
9.0782
7.7625
7.3621
7.145
7.2611
7.1779
3.5645
7.3451
6.5766
1.5031
1.0471
1.0965
1.8707
2.4099
9.0573
7.2611
8.2604
8.2604
7.5162
7.8705
7.3961
7.3451
7.2444
7.8524
8.5901
6.9663
5.2845
7.4131
8.2224
7.1779
4.4259
5.9156
8.0724
9.0157
14.588
8.414
10.209
8.5114
8.4528
9.7499
7.5336
7.3282
3.7497
1.2078
1
1.2359
1.2331
1.2106
1.4757
5.42
6.223
7.0146
7.145
5.7016
6.4565
5.6105
5.2481
6.7764
6.8234
8.3368
7.5336
7.5509
9.2257
6.0395
5.8614
7.7625
7.5858
5.3703
7.5162
6.6834
6.5615
5.4702
5.3703
6.9183
6.8707
7.6736
7.9983
9.0157
7.5858
7.7268
7.4989
5.5081
7.8163
6.9343
7.4473
6.0534
7.2778
8.4918
6.6988
1.3002
3.5563
6.5163
6.8077
7.7983
7.379
10.814
6.2373
5.8479
6.4417
8.1096
6.6069
8.147
5.0466
1.2106
4.5814
7.0958
8.4723
7.0958
8.5704
5.9429
6.1518
7.6384
6.8549
5.902
7.4989
7.3282
7.5509
8.414
7.3282
10.328
7.6913
9.506
7.2778
6.9024
7.6736
6.8549
1.1169
1.1776
2.884
8.5901
6.3826
6.8865
8.5901
7.0632
8.995
7.9616
6.7764
7.9616
7.7268
7.1614
6.8077
7.9799
12.218
7.4131
5.7943
1.4622
1.3804
1.4093
1.2359
1.9055
1.2618
1.4859
1.2246
1.074
1.3002
1.2359
1.2531
1.1508
1.4093
1.2972
1.3183
1.2388
1.4322
1.2162
1.3646
1.7824
2.037
1.2618
1.556
1.406
1.977
2.1878
3.0549
1.8323
1.5668
6.0117
7.6913
8.7902
7.1121
7.2277
1.2388
1.4093
1.3583
5.559
7.4131
7.5336
5.1168
6.7608
6.3096
7.1945
8.7297
8.2414
7.2778
7.3114
5.9704
6.9183
7.1285
6.9502
8.6896
7.6736
7.5336
6.4565
7.7625
6.0117
6.9984
7.7804
6.5917
5.224
1.8836
6.792
6.6834
7.3621
8.414
6.1094
9.0782
7.5336
6.368
8.4918
7.6913
8.7902
7.3451
11.143
8.1658
5.9566
8.6696
7.9433
8.0538
6.4565
9.4842
6.8391
6.2951
7.2611
6.4417
8.4723
1.2882
1.256
1.0965
1.2589
3.0832
7.0469
6.7764
6.5917
6.2373
6.5615
6.7608
7.0795
6.1376
7.4473
7.4989
7.2946
5.8345
7.6913
7.5162
5.1286
7.8343
6.2517
7.1614
7.1945
7.9799
5.9704
8.0724
10.74
7.3621
9.0157
7.925
8.6896
8.5507
8.995
7.1614
7.3961
7.8886
5.4075
6.8077
5.2
3.6644
6.7143
6.5013
3.8905
1.1117
3.9084
6.9502
5.445
7.9799
6.6374
5.8749
7.9799
1.8664
5.6885
4.7753
5.8479
5.0699
7.5162
6.0814
4.6345
7.5336
7.5162
6.0117
13.032
7.6033
8.3176
8.7902
6.4121
9.3541
6.1944
8.995
6.6069
6.8234
8.531
5.8884
8.0168
5.781
7.5683
6.223
5.5719
6.792
6.6834
6.5766
6.0534
6.3096
5.9429
7.6384
8.0353
5.6105
9.506
7.0146
6.368
11.695
6.6834
5.9429
4.6774
1.0093
2.0606
0.96828
2.8708
5.3211
5.4576
6.5013
4.3954
5.1761
5.7148
6.6681
4.3652
3.4834
9.4406
4.529
7.0795
6.6988
4.8417
4.8195
6.5917
6.3533
6.166
1.1668
1.3428
1.1429
1.2474
1.3459
1.4928
1.5524
1.1169
1.1588
2.2336
2.0464
1.2162
2.7102
4.7206
5.5335
6.6834
9.2683
5.6364
4.9431
6.0117
6.1944
6.792
5.902
6.1094
8.77
8.4918
8.414
7.2444
7.0958
1.0116
6.2517
6.7764
8.7902
7.4817
5.8884
6.5766
2.2439
4.7753
8.0724
7.8705
7.2946
9.594
7.3451
8.2604
6.2087
9.4842
7.1779
6.0256
7.0469
10.304
8.2985
5.9979
3.6392
7.5162
6.5917
7.656
6.8391
6.8077
6.8707
6.9343
6.8549
6.5464
7.2778
6.2517
4.7424
9.0782
6.8549
8.2414
7.7446
6.5464
3.4674
7.4473
6.0954
1.1561
3.6308
7.4473
6.8077
8.091
6.6374
7.9433
9.1411
8.995
11.561
6.2951
1.5311
6.3826
7.2611
5.5081
6.7143
8.5114
8.0353
6.5615
8.9536
7.5858
6.3973
7.8886
7.4645
6.3533
5.3456
6.5464
7.7983
6.9343
5.3951
5.3703
6.1802
7.0958
5.6105
9.247
6.8549
2.7353
3.3806
7.1121
6.8234
7.7446
6.9343
5.2119
5.5463
4.5186
6.8865
6.6834
10.162
6.3533
2.8249
3.5645
7.0469
6.1518
8.3946
6.5917
5.8884
7.3114
7.8524
6.5615
5.7148
7.4989
6.9502
5.5719
6.9502
6.3973
7.5162
5.7016
6.6374
7.0469
7.6208
6.5013
7.4989
6.1094
1.0328
1.2303
5.728
6.9024
9.0782
5.1168
5.7943
5.9841
5.728
1.2388
3.1261
0.99083
1.3614
1.1092
1.8967
5.5719
5.5335
6.7608
7.6913
6.5615
6.6834
5.5976
6.1376
7.6913
5.7016
6.9984
8.0353
7.7446
5.8884
7.0307
7.4645
9.1833
6.5917
5.7544
6.5615
7.7268
7.6736
10.069
8.2985
8.5901
7.656
6.8865
7.379
6.0954
3.1333
8.0353
6.9343
6.1802
6.8077
8.0168
6.7608
10.399
7.1945
7.8705
10.069
8.2794
10.375
6.5917
8.8716
6.368
4.5394
8.8512
7.4302
5.9156
2.3988
7.3621
5.5463
8.2414
6.3973
8.6497
5.8884
6.2373
8.892
9.7949
6.3096
4.2364
6.1518
8.0724
5.7677
4.7424
8.2035
8.0353
6.8549
7.2111
5.5976
4.9431
7.2946
5.2723
4.9659
5.2
5.7148
6.0534
5.1523
1.8923
1.8281
1.349
3.3651
3.7239
5.3703
5.9841
6.2806
6.4714
4.8865
6.2087
6.0117
5.8749
6.1944
7.6208
6.0674
6.8865
6.4714
7.6033
7.0632
6.1094
8.4723
6.3387
5.8749
7.0469
7.2111
6.5464
6.9984
5.4828
5.9704
6.5766
6.7764
4.9431
5.7544
5.358
2.5351
3.2734
6.3826
9.0573
7.3451
6.4863
0.94406
1.2647
2.9242
7.2611
4.5604
5.3088
4.2954
7.4817
6.2517
6.7764
7.6033
6.3826
6.792
7.0632
8.892
8.2794
7.3621
5.9979
4.4361
0.82035
0.91622
0.8531
1.1803
1.1776
3.9446
2.8774
1.3932
1.3213
4.6989
6.2087
6.6834
5.0582
4.9204
5.0933
5.902
8.2604
6.9502
6.6374
7.6208
6.5615
8.5114
6.4269
7.5683
7.2444
7.5509
8.531
8.9743
5.902
2.1528
5.4828
6.7608
5.9841
5.1168
7.6208
7.4473
5.6885
4.7315
5.7016
3.9628
5.9429
2.2909
5.5208
4.6666
5.9566
6.7608
5.2481
2.4155
1.803
1.0965
0.92897
0.90991
0.9247
1.1858
3.9994
5.358
6.2806
5.0466
5.4702
6.1094
5.5719
5.781
5.8345
7.5336
7.709
6.1944
7.0958
6.4714
2.5468
3.2211
0.80353
1.9055
4.8417
6.0674
6.7608
5.7544
7.0146
6.6681
7.9799
6.3387
7.6208
6.6988
6.5615
7.2111
8.8512
6.4417
6.3241
9.0157
7.0307
7.9799
6.4269
7.1945
8.5704
6.8234
6.9502
6.3826
7.4473
4.1879
6.8549
4.7973
5.9704
6.7453
1.3152
1.1912
3.6224
5.2119
5.4576
3.1046
5.821
4.4668
5.2845
7.1779
5.6754
6.1518
7.1779
6.4417
7.9799
6.166
5.6885
4.8978
6.2517
5.7677
8.77
5.9841
6.0814
4.3053
6.2087
7.6208
7.379
6.4417
6.7608
5.7016
6.4565
12.19
6.4269
6.7764
11.324
6.9984
7.3961
7.0146
9.1622
10.116
5.4954
6.9663
1.3366
1.7418
3.9994
5.3951
7.5683
7.0632
4.8641
6.8391
7.9983
3.281
3.2509
2.5586
4.2267
2.1677
7.2611
6.7453
5.42
6.0954
8.6099
7.5858
6.3826
8.356
9.9083
6.2087
8.0168
7.8705
1.1912
1.2162
0.95499
0.84723
1.6558
0.97499
0.90157
0.89743
1.4158
1.3062
1.2023
1.2388
6.7143
1.3932
1.2106
1.766
4.1115
7.0632
6.1518
6.6222
5.4075
5.0003
6.9343
6.9502
4.3551
8.2985
5.8884
6.1094
6.1235
2.3659
6.9663
7.2444
7.6736
6.6069
8.7902
7.4817
5.8884
10.666
6.5013
7.0632
4.7424
5.358
8.2794
6.3533
5.9156
6.3973
8.147
6.3096
7.3621
7.0146
8.0168
6.9343
7.8524
4.8195
1.0375
1.7947
1.3459
3.8194
5.5976
6.7143
8.2604
10.423
7.2611
5.9979
5.1642
7.2444
8.2224
6.0674
5.8749
8.77
7.2111
5.1761
7.1614
5.902
2.799
7.145
5.6234
6.5313
7.0146
5.3951
6.166
3.2734
0.93541
0.97724
1.0139
0.84918
1.2246
5.5208
6.0534
6.4121
2.9174
3.7068
3.6728
7.0307
5.7016
4.7098
9.7499
7.6384
5.358
6.5917
5.3951
6.7764
4.6238
5.5976
5.4702
7.2277
7.7625
6.0534
4.9659
2.9785
1
1.8072
5.7677
5.9429
5.6754
6.5163
7.2111
7.7268
7.6384
3.062
4.3853
5.7943
3.3884
4.9659
7.379
6.0117
5.7148
4.2364
1.2503
0.98628
1.0495
1.652
0.86497
0.9594
0.90991
0.89125
0.80724
1.0495
0.8892
0.93325
0.91833
0.8995
0.86497
0.87297
0.91833
1.0351
1.2823
2.2803
1.028
1.6406
1.219
0.90157
1.7298
0.79799
0.82414
0.79799
0.87498
1.0568
0.86696
0.86896
1.8281
5.9841
7.6033
8.4918
6.4121
8.8716
7.925
7.145
4.8978
6.2661
12.134
8.4723
9.9541
8.7297
4.6345
6.0256
7.5683
8.6298
11.722
7.3621
9.1833
7.4473
2.3714
6.7143
10
6.9183
8.1096
10.666
7.0795
9.8855
8.1096
6.8865
2.6546
7.656
10.186
7.9616
7.9799
8.414
7.2611
9.3756
9.0365
8.0538
9.1833
5.035
7.3282
5.4576
6.6374
5.0466
5.4075
6.6374
5.728
6.3533
7.5336
6.5313
6.7764
3.3497
6.1802
2.9309
2.1528
7.7446
8.2794
6.0395
5.358
4.217
5.8076
7.3451
8.0353
7.2111
6.8391
6.3826
6.3826
6.7608
1.3243
1.3677
1.3274
2.0749
2.1232
1.0814
1.074
0.95719
1.0116
1.1169
1.1614
0.92683
1.1324
1.0046
0.90991
1.556
1.1858
1.1588
1.0814
0.96383
1.1169
1.0351
1.8197
0.94842
1.977
0.98855
3.1623
2.6363
3.2734
3.0903
0.90573
0.94406
4.1115
3.581
3.6392
1.1272
1.099
0.99083
1.0375
1.4791
1.2331
1.8072
1.0814
1.3062
1.0544
1.1749
1.3868
1.099
0.9528
0.92683
1.2503
1.0186
1.1885
0.99083
0.96828
0.95719
0.89331
0.92257
0.98628
0.877
0.96605
0.92683
0.96383
0.97275
1.1588
1.1995
1.0789
1.0139
1.1641
1.0914
0.91201
1.1535
1.2246
1.0116
0.9977
1.0375
0.92045
0.94842
1.6032
1.3583
1.0617
0.99083
1.0447
1.0351
3.8194
1.4421
0.9977
1.1298
1.122
1.1858
0.94842
0.91201
1.2794
0.9594
1.1749
1.0023
1.0666
1.2647
0.99312
0.98175
0.98628
1.0162
1.1169
1.3183
1.1749
1.0568
1.1117
1.0691
1.0209
1.5488
0.91201
1.2853
1.1588
1.1246
1.1508
0.96383
0.8531
0.93111
0.90157
0.8531
0.97724
0.97724
0.93541
0.97724
0.86497
0.93972
0.94842
0.89331
0.92045
0.9594
0.9977
1.1776
0.91622
0.92257
0.95719
1.1885
1.0304
0.91833
0.92257
0.96828
0.96828
0.97051
0.93325
0.94624
0.98628
0.8995
0.92897
0.95719
0.9528
0.87498
0.92683
0.90365
0.94189
0.91833
1.1455
0.93111
1.0209
0.94406
0.94624
1.094
1.1117
1
1.0093
1.0351
1.099
0.95499
0.9247
0.94189
0.9594
0.9528
0.99541
0.90157
0.90157
0.97051
0.97051
0.90782
0.94189
0.99083
0.93541
0.90573
0.90991
0.91201
1.1588
1.0023
0.93972
0.92683
0.94842
0.93972
1.0046
0.93972
0.92683
0.9594
0.92683
0.88512
0.91411
0.91411
0.94842
1.1508
0.92257
0.92683
0.9506
0.89536
0.96161
0.94189
1.1324
0.94406
1.0568
1.0093
1.0069
0.92045
1.1508
0.9977
0.87902
1.219
0.91411
1.1858
1.2331
0.92045
1.0093
0.87902
0.91833
0.91201
0.9247
1.2106
0.98855
0.96383
0.96161
0.90573
1.0093
0.9594
0.9528
1.5101
0.88716
1.0093
1.0814
1.1015
1.2162
1.0399
1.0093
1.1169
1.1641
0.9977
1.7258
1.6255
6.9024
1.0257
1.0495
1.1885
1.0186
0.92045
1.0666
0.93972
0.92683
1.0257
1.1858
0.97275
1.0046
1.0568
1.0914
0.99083
0.99312
1.0069
0.9594
1.1169
1.0617
0.95499
0.94406
0.99312
1.099
0.98628
1.0399
0.96605
1.0399
1.0351
0.92683
0.92897
1.0423
0.90782
0.97499
1.0544
1.1298
1.122
0.9594
0.97949
0.97949
0.98628
1.0023
0.98175
0.92683
1.052
0.94624
1.2388
0.97275
0.97051
1.0864
1.0023
1.0544
1.0093
1.135
0.92683
0.94406
0.9594
0.96828
0.9977
1.0162
1.0889
0.96828
1.0666
1.0789
1.0593
0.99083
1.1272
1.1402
0.98628
1.2474
1.0617
0.96383
0.97051
1.1092
1.2388
0.97949
0.88716
0.98401
1.0233
1.0447
1.1482
1.1143
1.0423
1.0209
0.94842
1
1.2445
0.82794
0.9528
0.9247
0.93111
1.1535
0.91622
0.98855
1.0423
1.0447
1.0666
1.0568
0.92683
0.82794
0.94189
0.89536
1.0023
1.1588
0.97275
1.219
1.1858
0.96605
1.2445
1.3213
1.2882
1.1776
0.95719
1.0328
0.98855
0.92683
1.2677
1.0399
1.0593
0.94189
0.93972
0.96828
1.5031
1.0069
0.87902
0.97724
1.2445
1.183
0.90991
0.94842
0.96828
0.99083
0.99083
0.93325
0.92683
1.3002
1.1641
1.0447
1.099
0.96383
0.92045
1
0.92257
1.0789
0.92897
0.94406
0.8356
0.9528
1.256
1.1858
0.95719
0.96605
0.89125
0.90157
0.99312
0.98855
1.0423
0.98175
0.98401
0.98628
1.1776
1.1695
0.94842
0.89743
1.0139
1.0046
0.93111
1.2274
0.9506
1.052
1.1668
1.0304
0.91411
0.99083
0.91833
0.98628
1.0069
1.0423
0.87498
0.93111
1.0046
1.0375
1.0544
0.91411
1.0375
1.0568
0.9506
0.96383
1.2474
0.98855
0.99083
0.94842
1
0.9977
1.0617
0.92045
1.0568
0.9594
1.0257
1.1041
0.98628
1.0304
1.1912
1.1092
0.91411
0.96161
0.90991
1.1858
0.9528
0.93972
0.92683
0.97051
1
0.93756
1.0162
0.99541
1.3002
1.3062
0.96383
0.92897
1.1912
1.0423
1.0233
0.90782
0.93756
0.91411
0.94406
1.1298
0.94189
1.5346
1.0495
1.122
1.3335
2.4831
0.92897
1.574
1.5885
1.1722
1.0351
2.2542
1.5524
0.90782
0.97051
0.97051
1.1455
0.9528
0.96605
1.028
1.0116
0.92683
0.81096
0.99312
1.0864
0.97051
0.94406
0.94624
1.0116
0.94189
1.0691
0.86896
1.0423
1.0715
0.96383
0.97275
1.0715
0.88105
0.89743
0.87498
0.96383
1.1376
0.87902
0.98628
0.94842
0.9528
0.9247
0.88716
1.1776
0.88512
0.92683
0.93111
1.183
0.92897
1.0423
1.0023
0.94406
0.9594
1.194
0.9247
1.1668
0.92897
0.93972
1.0399
1.2503
0.98855
0.99083
0.9247
0.94624
1.0233
1.0715
1.0186
0.93972
0.94624
0.96828
0.89125
0.90573
1.2359
1.0351
1.0423
0.98175
0.98401
0.97275
0.98628
0.93325
0.91833
0.99312
1.0328
1.2735
0.98401
0.94189
0.8892
0.88308
0.87096
0.91201
0.94624
1.0495
0.92257
1.1995
0.94842
0.97499
0.90573
0.93972
1.0568
0.95499
0.90991
1
0.96161
1.0209
0.90157
0.9594
0.96828
0.93972
1.0568
0.91833
1.0304
1.1695
0.92897
0.97499
1.0351
0.90782
0.99312
0.99083
0.98855
1.0447
0.97051
1.0641
1.0023
1.1117
0.98175
0.97499
0.89125
0.96161
0.9528
0.97724
0.96828
0.87096
0.94406
1.0257
0.8995
0.99083
0.89331
0.8531
1.0233
0.96383
0.93325
0.91833
0.88512
0.97724
0.96383
1.0641
0.99083
1.094
1.0617
0.87297
0.92897
0.87498
0.98855
0.877
1
0.92045
0.86099
0.99312
0.96828
0.98175
0.9506
0.90365
0.94406
0.92683
1.1324
0.9506
0.89125
0.87498
0.97275
0.97275
0.8995
0.92683
0.84723
1.0069
1.0495
0.97724
0.9247
0.94406
0.93756
0.91411
0.94189
0.9977
0.85901
0.99541
1.2303
0.93541
0.9594
0.97499
0.99083
0.90157
0.92897
0.93756
0.95499
0.91833
0.90991
1.0186
0.96828
0.86497
0.91411
0.94189
1.0641
1.099
0.97724
0.89125
0.8995
1.3122
0.8892
0.96605
0.9594
0.92045
0.9247
0.92897
0.90365
0.94189
1.0023
0.94189
0.94624
0.95499
0.92257
0.98628
0.87297
0.87297
1.0093
0.95499
0.97051
0.93541
0.94842
0.97724
0.89536
1.0375
0.9977
0.96161
0.87096
1.0839
0.97724
0.92045
0.94842
0.93325
0.90991
1.0116
0.93756
0.85901
0.85507
0.92897
0.81283
0.99312
0.97949
0.86896
0.93972
0.8995
0.92045
0.9528
0.92897
0.96605
0.88105
0.87902
0.91622
1.0209
0.92045
1.256
0.93972
0.96605
0.9594
0.90991
1.1668
1.0257
0.88512
0.99541
0.94189
0.9506
1.0023
0.91201
0.98855
0.99083
0.97051
0.93111
0.99312
0.91622
0.94624
0.94189
0.94406
1.0864
0.9528
0.90365
0.93972
1.0257
0.96828
0.93756
0.99541
0.83753
0.9247
0.9528
1.074
0.85901
0.97724
1.0069
0.94624
0.93541
0.96383
0.94189
0.94406
0.93972
0.93541
0.98855
0.92683
1.1015
1.0839
1.3002
1.7989
1.9143
1.9364
1.2764
1.0328
1.0544
1.1143
2.1086
5.1761
6.2087
6.1802
5.3703
4.2462
1.9907
0.94406
2.3121
4.8306
1.7418
1.6943
7.9616
5.2845
5.7544
7.2444
5.0003
1.4655
1.7498
1.3122
1.71
1.0471
1.4093
2.9107
4.3251
3.8282
4.1495
6.0674
6.6374
7.2111
6.0954
8.6298
9.6605
5.4576
5.2723
3.7844
6.8707
4.7753
7.4473
5.728
7.9433
1.9724
7.656
8.8512
8.6099
8.1846
5.9704
5.9566
3.1189
5.4075
2.8907
4.1495
6.4121
5.8345
8.0724
9.3756
5.5081
4.8753
11.169
7.6736
6.2373
7.8886
6.3241
5.9704
3.6813
7.6913
6.6988
8.8105
7.9433
7.8524
6.7764
1.8621
1.0375
0.94842
3.6559
1.1066
4.8195
2.0941
5.5976
8.2224
5.7544
7.0632
7.2611
2.3227
3.6141
6.4565
7.1285
7.0958
6.8077
6.3096
8.2414
6.3533
10.544
5.9156
5.3333
7.1614
6.4417
5.4576
4.7206
5.0234
6.9183
7.145
6.3533
7.3961
7.8705
7.2778
6.8077
6.5615
6.8077
8.3176
5.5463
8.77
8.9536
8.0168
6.9502
9.2897
7.0469
9.1411
7.8886
6.8234
1.4555
4.5082
6.5464
7.0795
6.166
4.9091
6.5615
7.656
7.3451
5.4954
6.9024
5.3088
6.9502
8.6497
9.1622
7.5683
6.8865
6.6374
9.4189
7.8886
6.5163
6.5766
8.9125
6.9343
8.531
5.8345
6.8077
7.0307
7.7625
6.1094
9.6161
6.4269
7.4473
8.8105
7.0795
7.4473
5.0933
6.9502
9.3756
6.7764
9.5719
7.3114
9.4624
8.1096
7.9433
9.1201
10.233
7.8886
8.9331
7.0958
5.2119
6.4121
7.3114
7.5683
9.247
7.4302
9.8628
5.8749
7.7268
7.3621
5.5719
6.1235
6.9663
6.6527
6.9024
8.5901
5.9566
6.9984
8.9536
7.5162
6.8865
6.368
7.5858
8.0724
9.5719
6.0954
2.7733
7.4645
13.213
8.8308
6.2373
6.1376
10.28
8.5901
9.0157
6.0534
7.6736
10.715
1.4388
1.6904
4.3752
9.1411
9.2257
7.2277
8.2224
8.2224
7.2111
8.5507
7.6384
3.8371
7.2277
12.05
8.4723
7.5336
9.0782
8.2414
6.8391
8.2224
7.0632
7.1945
7.4817
7.9799
9.1411
7.3282
5.5976
8.2414
6.7608
9.1833
6.8234
8.3176
6.9183
4.7973
5.8884
5.902
6.3387
1.1668
7.5162
6.0814
5.42
1.0186
1.1749
1.4723
1.5382
7.1285
5.7943
6.6374
6.5464
7.2444
7.7804
9.528
8.8716
8.5901
6.8707
7.1779
6.9984
7.8343
7.4302
5.358
7.9799
10.069
8.4528
9.6161
5.5719
8.1283
8.414
8.9743
6.3096
7.0632
6.7298
6.2373
6.8391
7.9616
6.4269
7.8163
7.7625
7.8163
7.7983
10.139
7.0795
8.6896
10.162
9.3756
9.1833
8.1283
8.7498
6.1944
6.9024
8.6298
6.1518
11.246
8.1096
6.5615
8.0353
8.414
5.5976
8.3753
7.925
8.7902
6.8234
7.2444
8.356
7.9068
6.7298
6.8707
7.9616
6.7608
8.2224
8.147
8.356
7.1614
7.3621
9.1411
8.091
5.358
7.1945
7.7268
7.7268
9.528
6.9984
8.356
7.4131
7.0307
6.3387
6.5013
6.8391
6.2087
8.2224
7.2444
8.0724
7.0632
3.4119
7.9983
8.8308
10.447
6.9024
5.9841
7.6033
6.1802
10.069
5.2723
2.8119
2.023
6.2806
5.6105
8.8512
6.1235
7.0469
5.2
7.3114
7.9068
7.4645
8.3946
6.1518
6.3973
7.1121
7.5162
8.4528
6.6222
8.4333
8.7902
7.8705
8.7902
7.6913
7.9799
9.2045
1.9143
4.0551
2.1478
1.6144
1.7219
5.0466
7.0795
10.093
6.6374
5.0003
6.9823
6.9024
10.94
6.7453
8.0353
9.0365
8.77
9.0365
8.1283
6.5163
8.6298
7.8343
7.7268
7.9068
5.358
12.503
6.3973
8.6696
5.0699
6.7453
7.925
9.1833
6.9343
7.7268
7.1614
6.2951
5.9979
10.023
9.247
8.9331
6.6069
7.7268
2.7353
7.145
8.5507
9.1833
7.9433
7.9799
8.8716
6.2951
8.2224
5.6624
7.0795
6.8707
9.1201
6.6069
8.6696
8.9536
6.9663
8.892
5.2602
1.1858
2.355
11.092
10.593
7.5509
5.7412
6.792
6.9024
7.7625
6.5615
7.2778
7.2778
7.0958
7.2111
8.77
6.8234
7.7268
8.3946
7.1945
9.8175
5.8614
8.147
5.3088
5.0582
7.1614
6.7143
8.2414
6.9183
6.6527
5.6885
5.6494
7.8163
7.145
7.0958
6.4714
6.1376
4.3251
7.3114
7.5858
7.4989
8.5507
7.1614
6.2661
7.8163
6.7453
9.3325
14.06
8.5901
8.0724
7.5162
9.247
7.9068
8.4333
7.7268
7.4817
7.3451
9.8855
7.1614
7.4817
7.1285
8.0724
6.2951
7.4817
9.8628
8.4528
6.7298
6.0256
7.2111
10.839
9.5719
10
6.8549
9.0782
7.3961
8.8105
9.4189
8.3946
6.9823
7.9616
6.9823
10.617
9.6605
7.1121
8.5507
8.414
7.9433
7.656
7.7625
8.2414
8.0353
6.5163
6.792
6.6988
8.8105
10.765
8.8512
7.7804
6.6069
10.617
7.5336
7.0958
3.9902
8.0353
6.9823
7.8343
6.3973
2.4266
1.762
1.3092
7.1121
7.2946
6.1802
8.3176
7.3114
6.5013
8.9331
7.5336
8.6696
7.8886
12.503
7.7625
10.399
1.1535
1.6711
1.5885
10
6.5766
11.429
7.4473
6.3973
9.2683
8.3176
9.9312
7.1121
9.7275
7.3451
9.2045
8.9536
13.836
10
8.0353
8.6099
8.0538
8.5704
9.7275
9.4624
10.544
8.6099
10.641
8.9536
9.977
9.6383
12.19
11.324
11.041
11.143
9.3541
7.1614
10.864
5.0933
7.5162
7.9983
9.6828
8.3368
8.0538
10.093
9.0991
10.814
10.257
9.7275
9.8855
6.2951
9.0991
7.7983
8.9536
9.8628
7.0632
18.408
9.0782
10.162
8.4918
9.5719
8.0724
8.414
8.5114
8.1658
6.5464
7.6736
10.423
6.8077
1.2023
8.6896
9.8628
7.8343
10.186
7.8163
7.709
8.6896
10.186
13.804
8.8512
8.1096
8.6696
8.2604
6.0814
11.092
13.836
11.885
12.388
7.8886
6.8234
9.3541
10.186
12.445
9.8175
9.4406
7.8524
10.116
7.4645
6.9984
8.414
8.995
8.147
10.28
7.0958
1.0765
5.105
7.2778
8.1283
7.7268
8.414
7.6384
10.447
8.5704
8.3753
5.105
1.5382
1.0691
5.9566
6.6681
7.5336
7.0632
8.3753
9.2045
7.7804
11.885
8.9331
8.995
7.2277
8.4723
5.9156
8.6696
9.0991
6.7764
6.6988
12.972
12.359
7.9983
12.531
9.4406
10.74
8.9743
9.1622
8.6099
9.977
10.399
9.8175
12.134
10.965
7.9799
8.995
9.1411
10.186
9.2257
11.535
8.0538
6.7608
12.735
10.257
13.122
9.4189
10.641
6.2951
11.803
9.4189
14.158
9.3325
9.3541
7.656
9.8401
12.706
8.4528
7.9799
8.414
8.091
9.4189
9.8855
9.8628
9.528
8.9536
10.023
10.99
9.1622
9.0782
7.9068
7.4817
10.023
10.069
9.9083
8.5704
8.995
7.3114
7.0958
10.046
9.1833
7.145
2.1777
3.1405
7.5683
7.0632
2.4946
7.1945
9.506
11.588
6.8391
8.7498
9.3111
13.335
7.5683
10.447
7.9616
9.3111
10.423
8.6497
8.4723
9.247
8.6497
10.139
7.0795
11.272
10.304
9.6383
9.8628
11.35
10.471
16.293
12.331
9.4406
9.4624
9.6828
11.641
12.589
11.83
12.274
9.1411
7.0795
9.8855
8.8512
11.194
9.528
8.5704
8.2794
1.9953
9.0157
11.324
14.791
9.528
11.588
11.143
8.5704
10.139
10.593
6.7143
7.9616
3.1189
8.0353
9.1411
6.9183
9.0365
9.3325
11.94
9.594
9.7499
10.28
10.447
9.7949
10.328
10.666
6.7453
6.5615
9.8855
10.889
11.561
12.246
8.2035
10.233
11.143
9.4406
10.233
9.7275
12.388
9.5719
11.722
12.023
10.715
13.062
13.122
10.351
11.298
11.967
11.402
15.276
11.143
13.397
8.7096
9.6605
9.1833
11.015
9.4406
13.092
9.1833
10.233
13.74
11.041
12.706
9.247
9.4842
15.74
10.789
12.388
10.423
15.453
10.52
10.666
12.218
13.583
13.964
17.701
14.223
9.4842
10
10.023
10.864
10.186
9.7499
11.641
13.614
9.8628
9.3325
12.218
9.3111
2.208
9.1622
9.2257
9.0573
9.977
4.4157
8.4333
7.5509
10.691
9.0365
11.858
11.482
10.304
15.031
2.7227
12.589
10.839
10.74
11.83
12.942
13.366
9.2897
14.289
13.274
10.52
9.0365
9.4189
11.614
13.9
13.804
11.298
22.961
10.715
19.364
15.031
12.882
12.388
13.772
13.032
12.359
15.922
21.827
13.366
11.695
9.8628
10.765
16.293
16.672
10.351
10.593
8.091
10.447
10.375
9.7499
13.335
11.22
9.7275
14.894
11.641
12.388
19.543
11.776
24.604
15.311
10.839
10.789
7.8886
11.482
11.455
10.914
12.417
12.023
10.046
11.749
13.428
12.56
15.205
15.101
10.399
12.882
12.218
9.4842
12.19
9.2683
5.224
15.959
12.677
11.35
13.243
16.331
16.558
10.471
10.351
11.35
10.257
9.3756
9.0157
10.328
18.578
10.666
10.94
10.715
