9.0782
2.8054
0.92257
3.4674
1.8072
0.87096
0.94624
0.85704
0.75683
0.73451
0.68707
0.76736
0.66988
0.73621
0.71121
0.93325
0.76384
0.69183
0.70146
1.1695
0.86896
0.92045
2.133
0.9528
0.91622
1.1508
1.1298
0.76384
0.72611
1.6749
0.82035
0.79983
0.79068
1.6368
1.9588
1.4588
1.3677
1.4997
0.97051
0.9528
1.3804
9.5719
2.799
0.74645
0.68707
2.0512
0.70958
3.54
1.6711
0.84723
8.4918
9.4406
6.7453
0.72111
0.81658
0.72946
0.66222
0.79616
0.8091
0.73961
0.73621
0.77983
0.74817
0.78343
0.83753
0.68391
1.0328
1.6788
0.81096
2.5235
1.0139
0.89125
0.87498
6.4417
5.7943
0.98855
1.0304
1.1695
1.3213
0.79799
1.1641
1.6406
2.5704
10.28
3.6559
0.68549
0.69343
0.71285
0.69663
0.73621
0.72277
0.65917
0.66374
0.68865
0.72444
0.75162
0.89125
0.68707
0.66681
1.2303
0.71614
0.78705
0.70469
0.72778
0.72277
0.74645
0.75336
0.82035
0.8531
0.92897
0.84918
0.9247
0.80538
0.9247
1
1.3183
0.92257
1.0186
1.1041
0.70469
0.69823
0.81658
1.1324
0.96605
1.0257
1.1455
1.1455
4.0179
3.2584
0.93325
0.96383
0.96161
0.70632
0.80168
0.71614
0.67764
0.78705
0.70146
0.72277
0.69024
0.91201
1.6982
0.8892
0.97275
1.0666
0.98628
1.1117
1.0544
1.5596
0.74989
0.70307
2.7416
9.4624
6.2661
0.68234
0.67608
0.6792
6.2087
9.8175
9.1833
11.94
6.7453
0.80724
7.7804
10.641
9.9083
9.8401
8.1658
9.7499
0.76736
0.70469
0.72611
5.236
8.0538
12.972
1.3804
3.8194
1.1588
1.2823
0.69663
1.9231
6.2373
9.0782
11.508
10.593
9.6828
11.246
4.6345
10.28
9.1622
9.2045
12.794
9.247
10.715
10.209
10.691
9.3756
0.91201
0.83368
0.72946
0.67298
0.63533
7.0469
4.14
0.74131
0.65766
0.65615
0.68234
0.68391
0.83946
0.67298
0.69024
2.5645
0.68391
0.72111
0.67453
0.69823
0.64714
0.66222
0.80538
0.66527
0.67298
0.71285
0.69343
0.64121
0.63973
0.72277
0.67764
1.0965
1.349
0.69823
0.68234
0.64714
0.67143
0.68234
0.68077
0.67298
0.67764
0.69024
0.64565
0.66988
0.65313
0.81096
0.80724
0.76736
0.77983
0.85507
0.76033
0.66834
1.1803
0.6792
0.66988
0.66069
0.72111
0.68234
0.70795
0.66681
1.1588
1.0568
1.0351
0.98628
1.3772
1.7579
1.028
0.94406
0.84333
0.77268
0.90365
0.84528
0.93111
0.67453
0.76384
0.68391
0.68234
1.028
3.02
0.69183
0.7145
0.7145
0.75162
0.73451
0.72611
0.69343
0.6792
1.5812
0.7145
0.7145
0.69183
0.70146
0.74645
0.71614
0.68234
0.67143
0.6792
0.73451
0.78524
0.89743
0.78524
0.79433
0.75162
0.74473
0.81846
0.77268
1.6749
0.71779
0.64714
0.68077
0.78343
1.7579
1.3183
1
0.92257
0.93111
0.85901
1.3032
0.80538
6.166
1.1246
0.67764
0.73282
0.67764
0.70307
0.68865
2.3388
0.73114
0.71285
0.74817
1.4093
0.99312
1.2078
1.0471
1.3709
0.95499
1.0139
1.4028
1.6982
1.4223
0.72778
0.74302
0.69502
1.1482
0.65013
0.97949
0.89536
0.67298
0.87096
0.75683
0.73961
0.92683
0.70795
0.70307
0.77625
1.5417
1.3397
1.135
1.1169
1.2618
1.2023
1.4859
1.3305
1.8578
2.0512
0.72444
1.0186
2.4155
0.76913
0.72111
0.74473
0.67453
0.69183
0.70958
0.68234
0.69343
0.71614
0.70146
0.64863
0.69343
0.70795
0.66681
2.2594
0.69823
0.71614
0.71779
0.66069
0.74989
0.70958
0.66374
0.86298
0.69502
0.72778
0.72778
0.7379
0.76913
0.71779
0.71779
0.71614
1.0069
1.219
0.69663
0.79068
0.78886
0.94842
1.1535
1.3772
1.4521
0.8995
0.70632
0.93756
0.95719
1.2246
1.2134
0.68077
0.73621
1.5276
1.0715
0.83176
0.76384
0.77625
0.75509
0.84333
0.69502
0.79983
0.80353
0.71121
0.78705
0.76736
0.70795
1.0046
1.9409
0.81283
0.70307
0.6792
0.69984
0.69823
0.73621
0.66527
0.68707
0.71614
0.71285
0.66834
0.73961
1.5959
2.1727
1.6596
0.65917
0.72611
1.3521
1.5382
0.69343
0.74989
2.2751
0.66374
0.70307
0.69502
0.69183
0.69343
0.75858
0.65163
0.71121
0.66222
0.74302
0.74302
0.72277
0.78343
0.67764
0.69024
0.7656
0.75858
0.72277
0.74817
1.0789
0.70795
0.74473
0.72778
0.70958
0.69984
0.72946
0.71121
0.74989
0.78343
0.6792
0.73451
0.72277
0.69183
0.68549
0.69343
0.71779
0.73282
0.72444
0.68707
0.67143
0.69502
0.78705
0.72611
0.72946
0.6792
0.67764
0.75683
0.71285
0.69183
0.72611
0.67764
0.83946
0.65464
0.74131
0.73282
0.68865
0.73621
0.69823
0.67453
0.72946
0.79983
0.68077
0.70307
0.68077
0.93541
0.65013
0.66527
0.70307
0.69024
0.71779
0.70469
0.80538
0.70795
0.76033
0.69024
0.66834
0.71945
0.70307
0.69502
0.70146
0.7379
0.94624
0.77268
0.80538
0.80353
0.83368
0.75509
1.3428
0.69823
1.0257
0.97051
2.5704
1.0691
1.0814
1.2023
1.0023
0.71285
1.0641
0.97275
0.73451
0.83176
1.0399
0.96161
1.0423
1.3646
0.66681
1.1858
0.69984
1.5136
0.69502
0.75336
0.96605
0.877
0.66681
1.1482
1.3709
0.71614
0.96383
0.8414
0.95499
1.7947
1.2078
1.2618
1.1995
0.89331
1.1376
1.6558
2.3442
0.71614
0.68549
0.72611
0.75336
0.88512
0.65917
0.65615
0.68549
0.74817
1.5417
1.2246
1.4757
0.91201
2.1677
0.71945
0.69823
4.4668
9.8628
4.256
1.7579
0.89743
0.9977
0.82794
0.79799
0.90782
0.88716
0.97275
0.94189
0.98855
1.1535
0.8531
0.69183
0.71121
0.72611
0.67143
0.70146
1.0864
0.68234
0.74817
0.99312
0.89536
0.7145
0.76913
0.68391
0.75162
0.85704
1.074
0.69984
0.79983
0.73114
0.72946
0.68077
0.67453
0.74131
0.66681
0.90573
0.69183
0.72946
0.72778
0.70307
0.71285
0.68707
0.71779
1.074
0.66988
0.73621
0.69984
0.70307
0.67453
0.69663
0.74817
0.77268
0.66374
0.72611
0.72946
0.72946
0.72611
0.66527
0.6792
0.76033
0.69343
0.71285
0.7145
0.67764
0.72611
0.78163
0.8356
0.69823
0.70469
0.73282
0.72778
0.69663
0.74645
0.69984
0.87096
0.72277
0.76913
0.66069
0.75162
0.70632
0.72946
0.66988
0.72277
0.74473
0.72946
0.69183
0.70469
0.86696
0.74473
0.75858
0.74302
0.70795
0.67608
0.65464
0.72611
0.68865
0.70958
0.76736
0.70632
0.71945
0.86298
0.74302
0.78886
0.78163
0.6792
0.67453
0.7379
0.76208
0.82604
0.78163
0.66988
0.70958
0.67453
0.69183
0.71285
0.92683
0.88308
0.74131
0.80724
0.73961
1.0765
0.77625
0.8531
0.7145
0.74302
0.82985
1.0471
0.68391
0.86298
0.86696
0.73114
1.3804
1.052
1.9454
8.2224
1.3243
1.2912
1.0765
1.0046
1.2388
1.374
1.6181
1.6904
0.70469
0.69663
1.9861
0.97275
0.70958
2.2029
0.69024
0.70146
0.66222
0.70146
0.69502
0.71945
3.7411
6.1235
0.93325
0.89125
0.81846
0.85114
0.89536
0.8147
0.81658
0.79616
1.7022
4.4157
7.5509
0.7379
0.69183
0.71779
0.9594
0.72778
0.72111
1.0375
0.69823
0.71121
2.1827
0.68707
0.70146
0.70958
0.84333
0.6792
0.66834
0.66222
0.69984
0.70958
0.67764
0.69663
0.66374
0.71945
0.72946
0.65464
0.65615
0.71779
0.73621
0.70632
0.69183
0.70958
0.70795
0.71779
0.69663
0.6792
0.66527
0.69663
0.70958
0.68077
0.69663
0.66069
0.65917
0.7145
0.64863
0.73282
0.66069
0.66374
0.66069
0.68234
0.70958
0.68391
0.69984
0.69823
0.70146
0.85507
0.71779
0.7145
0.69024
0.65766
0.68865
0.82985
0.70632
0.70307
0.69984
0.70795
0.96161
0.83176
0.88105
0.70958
0.76913
0.87096
0.82794
0.94189
0.69024
0.70958
2.4889
2.958
1.0447
1.1995
0.90365
0.89125
5.6234
0.73961
2.3067
6.1094
24.044
11.194
10.023
9.0573
1.9454
5.9841
9.977
13.122
5.3211
8.6497
9.6383
11.092
11.324
11.324
13.213
12.274
8.77
14.06
10.328
12.972
12.882
9.5719
13.305
8.8308
14.191
16.827
11.455
10.641
14.223
1.219
0.82794
9.6828
1.6558
1.2106
1.4421
5.1168
7.8524
9.0573
8.6696
11.885
14.454
13.804
9.1833
9.2897
8.9536
8.1846
11.749
12.05
12.531
12.589
16.144
10.666
11.35
10.233
11.482
11.482
9.4624
0.69183
2.7733
10.023
9.7275
11.722
7.4989
13.521
12.303
9.8628
10.069
9.2683
12.246
18.408
11.272
12.474
16.904
10.471
11.041
12.445
10
14.723
11.695
9.4842
11.482
16.943
11.995
11.535
10.641
10.328
12.882
17.947
13.49
10.162
8.6896
11.22
14.355
11.94
10.399
11.455
17.418
10.889
12.706
10.162
1.074
0.8892
1.0116
1.1246
1.2764
1.5996
2.4889
1.4125
4.6345
1.5066
1.2218
1.2503
1.5276
1.5311
0.91411
0.8091
0.9977
0.82414
2.8708
1.8664
4.1783
1.7061
1.219
1.0593
0.73282
0.86896
0.91833
0.76033
0.77625
0.69663
0.87902
0.73451
0.88716
0.76384
0.74645
0.70307
0.72778
0.69502
0.73114
0.70795
0.72778
0.76913
0.78886
0.76208
0.73114
0.76736
0.69183
0.72778
0.77804
0.72778
0.78886
0.84528
0.69183
0.7656
0.76913
0.76736
0.71779
0.80538
0.76208
0.76384
0.68549
0.77446
0.77446
0.79068
0.95719
0.80168
0.86896
0.69984
0.74131
0.71121
0.78705
0.70469
1.1749
4.9888
2.6122
0.69343
0.70307
0.87498
0.94406
0.73961
0.7656
0.83176
0.81658
0.80538
0.73961
0.8091
0.74131
0.74131
0.75336
0.74302
0.67764
0.75683
0.70795
0.66834
0.71945
0.8414
0.69024
0.74302
0.8414
0.75336
0.74131
0.74817
0.7656
0.69502
0.69663
0.74817
0.74473
0.72946
0.68391
0.76384
0.66681
0.69502
0.76033
0.71945
0.74302
0.75683
0.72277
0.77268
0.76384
0.72111
0.75858
0.71121
0.70795
0.70795
0.70632
0.74302
0.7709
0.72778
0.73282
0.83176
0.69823
0.7379
0.82414
0.77268
0.72611
0.81283
0.69024
0.72277
0.72611
0.82035
0.73621
0.71945
0.71945
0.73621
0.76384
0.70795
0.72778
0.69343
0.68549
0.77446
0.70632
0.75683
0.69502
0.69183
0.69343
0.70795
0.71285
0.71285
0.72946
0.74302
0.76913
0.71779
0.74817
0.75162
0.69823
0.70146
0.69984
0.79983
0.76913
0.69663
0.83946
0.69663
0.77268
0.8091
0.7379
0.70795
0.69984
0.67298
0.70469
0.79799
0.74302
0.72946
0.71614
0.69502
0.72277
0.71121
0.69343
0.7379
0.70146
0.71285
0.71779
0.77446
0.68865
0.77268
0.80724
0.78524
0.69343
0.69024
0.72611
0.67143
0.76033
3.6898
0.82224
0.83946
0.81846
1.406
0.69823
0.83176
0.78524
0.82414
3.342
0.95719
1.0765
0.85114
0.70958
0.85507
0.70307
0.91411
0.71121
0.71779
0.82224
0.69502
0.8414
0.95719
1.2882
0.92257
1.3366
1.3932
1.3335
1.1376
0.79068
0.70469
0.74989
0.77446
0.7656
0.71614
0.69502
0.72946
0.69024
0.74989
0.67764
0.70469
0.7145
0.72611
0.73961
0.76384
0.72277
0.70632
0.70307
0.70307
0.74473
0.80168
0.73282
0.72778
0.72946
0.82985
0.69984
0.71945
0.71285
0.75683
0.71121
0.75162
0.66834
0.81658
0.73961
0.80724
0.85704
1.2474
1.0691
1.2503
1.1858
1.0495
1.0023
0.65917
0.7145
0.85114
0.68234
0.75509
0.91833
0.66374
0.80724
0.69663
0.66681
0.83946
0.8091
0.73621
0.75162
0.93756
0.71121
0.77983
0.71614
0.79983
0.68865
0.88105
0.70469
0.71614
0.68234
0.90782
0.89125
0.72111
0.72444
0.73961
0.89536
0.67608
0.7145
0.69984
0.75858
0.85507
0.74817
0.71285
0.68077
0.75858
1.1614
0.90573
0.83946
1.1776
0.70632
0.71945
0.77268
0.75858
0.70958
0.75162
0.70469
0.73282
0.96828
0.85901
0.72111
0.76208
0.85901
0.68707
0.73621
0.74131
0.72778
0.76033
1.1912
0.75683
0.73282
0.74131
0.72111
0.7379
0.68549
0.74473
0.70795
0.68865
0.75336
0.72277
0.69024
0.70632
0.70795
0.88716
1.3122
0.72444
0.72946
0.90991
0.68549
1.0423
0.82985
0.72778
0.72611
0.82035
1.0233
0.72946
0.76208
0.73282
0.84528
0.70146
0.75858
0.7656
0.82035
0.70469
0.82604
0.7709
0.75162
1.9409
1.0691
0.72277
0.79068
0.72778
0.73114
0.80538
0.72778
1.3002
1.5031
0.72277
0.70632
0.74989
0.70632
0.68077
0.65917
0.7925
0.75162
0.71121
0.73621
0.74989
0.66222
0.69024
0.68549
0.71779
0.70795
0.71285
0.68391
0.72611
0.66834
0.7145
0.67453
0.72778
0.71779
0.70469
0.74473
0.92257
0.76033
0.76384
0.72611
0.82414
0.80353
0.82985
0.75162
0.69823
0.72277
0.82224
0.78524
0.64714
0.72444
0.77983
0.92683
0.72277
0.72946
0.67608
0.70632
0.69823
1.1246
0.71285
0.70632
0.70469
0.8995
1.0257
0.92897
0.80353
0.77446
0.84918
1.135
0.75858
0.97949
0.68077
0.76913
0.96828
1.0691
0.73282
0.68865
0.74131
0.71945
1.1561
1.6634
0.74645
0.74645
0.65917
0.77625
0.71121
0.75509
0.68865
0.70632
0.82414
0.71121
0.75509
0.70469
0.65766
0.69024
0.65766
0.69502
0.82794
1.1376
0.68549
0.69823
0.72444
0.69183
0.88105
0.93756
0.76913
0.70469
0.70795
1.219
1.1041
0.72946
0.79616
0.72946
0.68707
0.72444
0.72444
0.72778
0.70795
0.70307
0.73621
0.68707
0.77625
0.74989
0.72111
0.73282
0.7145
0.75509
0.70469
0.71614
0.8892
1.71
0.90573
0.877
1.3002
1.1535
0.99541
1.0351
2.4946
2.5177
0.69502
0.72946
0.72111
0.72611
3.4914
2.4099
1.9815
3.9355
0.69183
0.67298
0.75683
0.72277
2.7925
0.7379
0.64714
0.70469
0.6792
0.70795
0.69984
2.3878
0.74473
0.71285
0.71614
0.72444
0.66374
0.70795
0.7145
0.72611
0.70958
0.67608
0.66374
0.82794
0.78524
0.69343
0.78886
0.75509
0.74131
0.77804
1.0691
1.0399
0.68391
5.7943
6.0814
3.3189
0.74302
0.70632
0.72111
0.68234
0.69984
0.80724
2.6977
1.0765
1.1749
1.1272
0.96605
1.2972
1.2794
2.8054
2.5942
0.66988
0.73114
0.69183
0.7145
0.73621
0.69823
0.69984
0.76913
0.73114
0.74131
0.67143
0.77983
0.68234
0.71285
0.73114
0.70958
0.66834
0.71121
0.79433
0.70632
0.70146
0.65766
0.72778
0.70146
0.71945
0.75162
0.69823
0.74473
0.74645
0.76033
0.79616
0.6792
0.70307
0.71779
0.68707
0.97275
0.73114
0.69024
0.6792
0.72111
0.70958
0.67298
0.74989
0.77446
0.73961
0.73114
0.73451
0.7145
0.69502
0.66222
0.76913
0.72277
0.7379
0.69343
0.65917
0.68707
0.79433
0.69663
0.70795
0.72277
0.69183
0.72611
0.70469
0.70307
0.70307
0.72111
0.67764
0.75858
0.68549
0.71614
0.79433
0.68234
0.71285
0.72444
0.7145
0.75509
0.67453
0.70795
0.73114
0.72277
0.72277
0.68865
0.74302
0.73282
0.75336
0.72946
0.67143
0.78163
0.81658
0.70958
0.72778
0.7145
0.70632
0.73114
0.68707
0.72946
0.72778
0.71945
0.78343
0.70958
0.72111
0.72277
0.65917
0.69024
0.68234
0.69984
0.69343
0.72946
0.74645
0.71285
0.67608
0.70307
0.66681
0.64714
0.65766
0.74645
0.69823
0.67298
0.66988
0.69663
0.76736
0.85114
0.75509
0.81658
1.099
0.83753
0.76208
0.7656
0.72111
0.73621
0.78886
1.2445
0.71779
0.66834
0.71614
0.80168
0.75683
0.72444
0.68549
0.6792
0.82604
0.69663
0.69984
0.69663
0.82794
0.71121
0.68865
0.74645
0.75509
0.76033
0.75162
0.68865
0.71945
0.69024
1.8578
0.76033
0.83753
0.87498
0.83753
0.73114
0.83368
0.82224
0.75858
0.90991
0.73114
0.74817
0.74817
0.72444
0.75509
0.8091
0.72111
0.68391
0.80353
0.96161
0.76033
0.81658
1.0447
0.73621
0.68549
0.67143
0.67608
0.98628
0.70307
1.2823
1.1429
0.72111
0.73961
0.77625
0.68549
0.66374
0.7379
0.74131
0.69823
0.70469
0.68549
0.80353
0.74989
0.73451
0.68391
0.69502
0.72778
0.7656
0.67608
0.78705
0.70958
0.73451
0.71614
0.71121
0.73114
0.75336
0.69984
0.70469
0.81658
0.70307
0.69663
0.74817
0.7145
0.71614
0.7145
0.72111
0.74817
0.74302
1.0914
0.85901
0.70632
0.80538
0.7709
0.67764
0.68865
0.67143
0.73621
0.76384
0.69502
0.71779
0.68391
0.68707
0.73451
0.67298
0.76736
0.66527
0.73114
0.72778
0.66988
0.70795
0.72444
0.75336
0.72444
0.73621
0.72611
0.72778
0.74473
0.69183
0.70307
0.71121
0.7145
0.70307
0.71285
0.74645
0.69024
0.7656
0.70632
0.68865
0.70146
0.72611
0.78705
0.7145
0.76384
0.73621
0.68549
0.75162
0.70146
0.70469
0.69823
2.8907
1.4488
1.1858
0.99541
0.7145
0.71779
1.1092
1.2764
1.3305
0.81658
1.3804
0.88512
0.74302
0.7709
0.86696
1.574
1.3552
1.2503
1.2303
5.9841
0.9594
0.84333
0.99312
0.65313
1.0839
1.0666
0.80538
2.1135
1.052
0.71285
1.256
0.96828
0.75162
1.7701
0.68391
0.74645
0.69024
0.73621
0.70795
0.67608
0.71779
1.6069
2.1086
3.3037
1.2677
1.2388
1
1.2972
1.0186
2.0184
1.8621
0.72444
0.66069
0.7145
0.68865
0.73114
0.69663
0.76384
0.70958
0.6792
0.76736
0.73282
0.71614
0.69183
0.8091
0.73961
0.70795
0.72111
0.76384
0.74989
0.70958
0.69183
0.71779
0.80353
0.68077
0.72778
0.70146
0.71285
0.69663
0.72946
0.78343
0.70795
0.68707
0.85114
0.72277
0.72946
0.68234
0.71779
0.70632
0.66681
0.7709
0.93756
0.87297
0.75336
0.74302
0.75509
1.2218
0.6792
0.71121
1.2106
0.68391
0.67764
0.81096
1.1429
0.73114
0.72277
0.73114
0.70632
0.70958
0.74302
1.4256
1.1803
1.2853
1.0351
1.803
1.5346
1.4859
1.1246
1.2359
1.2162
0.8892
0.98401
1.1885
1.3122
1.2503
1.5996
1.6866
2.2284
1.6827
3.4594
3.3497
0.74817
0.7925
0.84528
2.2961
1.3996
0.91201
0.87902
0.86896
0.80168
1.2503
0.78886
0.84918
0.76384
0.69823
0.80353
1.4859
0.7709
0.73114
0.71614
0.7379
0.72611
0.67143
0.7656
1.5631
0.69343
0.70146
0.7379
0.69343
0.71779
0.65013
0.69024
0.73282
0.77625
0.66527
0.68865
0.64417
0.68391
0.68707
0.68234
0.68077
0.66222
0.69984
0.70146
0.7145
0.69502
0.65917
0.69343
0.74302
0.69823
0.68234
0.7379
0.68549
0.69502
0.73114
0.67764
0.73451
0.70146
0.74989
0.75683
0.73451
0.7145
0.75509
0.76736
0.73114
0.70146
0.78163
0.72611
0.78343
0.77983
0.78886
0.7656
0.83368
0.75509
0.82414
0.70307
1.1169
0.66834
1.135
0.72444
1.6672
0.68391
0.67608
0.68549
0.76208
0.79983
0.69502
0.74645
0.72778
0.68234
0.68549
0.69663
0.73282
0.65615
0.68234
0.73961
0.69024
0.77983
0.67143
0.72946
0.70469
0.69502
0.75162
0.71779
0.69183
0.67143
0.70469
0.71614
0.68865
0.69024
0.69663
0.74302
0.68549
0.68549
0.71121
0.67453
0.69502
0.72611
0.66527
0.74302
0.66834
0.69343
1.4962
1.5276
1.2023
1.0399
1.1015
1.1482
1.3646
1.2794
1.3772
1.39
1.3366
1.0471
0.70469
1.0839
0.67608
2.0845
1.5382
2.1827
1.9815
1.028
1.122
1.0351
1.2882
1.9634
2.3933
0.68865
0.71285
0.66527
0.73621
0.71945
0.72946
0.72444
0.70469
0.78163
0.83176
0.69183
0.66834
0.70632
0.70146
0.70307
0.73282
0.72111
0.69502
0.67453
0.74302
0.83368
0.70469
0.72277
0.67143
0.69823
0.68707
0.70795
0.69183
0.71121
0.76208
0.76736
0.71285
0.7145
0.74131
0.71614
0.6792
0.74645
0.75162
0.71121
0.73621
0.877
0.72611
0.70146
0.72946
0.68707
0.69823
0.69663
0.72277
0.73282
0.70958
0.71779
0.68234
0.69984
0.68391
0.74302
0.79799
0.71945
0.66834
0.74302
0.72611
0.75336
0.73451
0.70146
0.72444
0.7379
0.69984
0.66222
0.78886
0.70469
0.76736
0.84723
0.68077
0.67298
0.75162
0.77446
0.67608
0.78705
0.7656
0.68234
0.69502
0.71121
0.70632
0.71779
0.69343
0.68077
0.71614
0.70958
0.70632
0.68077
0.70146
0.73961
0.69343
0.69343
0.71614
0.70632
0.71285
0.70958
0.7656
0.67764
0.68707
0.69024
0.97499
0.88716
0.81658
0.73451
0.74645
0.8091
0.75162
0.81283
0.90573
0.72778
0.90365
0.71945
0.76384
0.7656
0.75162
0.69502
0.7379
0.83368
0.69823
0.68391
0.84333
0.81846
0.66834
0.71945
0.72778
0.69024
0.71945
0.69823
0.71285
0.67764
0.86099
0.75336
0.67298
0.74989
0.76384
0.75509
0.69024
0.66681
0.67608
0.68234
0.70469
0.71779
0.72111
0.70307
0.70632
0.7145
0.74645
0.76913
0.70632
0.74989
0.73451
0.73451
0.71285
0.69823
0.73621
0.69823
0.70958
0.69502
0.74989
0.68234
0.72611
0.70632
0.8892
0.70469
0.79433
0.70307
0.70146
0.66527
0.68865
0.68549
0.69984
0.68707
0.7145
0.71121
0.72277
0.66988
0.76033
0.64565
0.70307
0.7145
1.4757
0.84918
1.0209
1.0789
0.85901
1.2106
0.91201
0.83946
0.72778
0.7656
0.70146
0.87297
0.66681
0.7379
0.70307
0.66527
0.71285
0.79799
0.68707
0.71285
0.69502
0.90157
0.74989
0.70469
0.8531
0.8892
1.0641
0.72277
0.73282
0.8892
0.73282
0.70307
0.8414
0.94406
0.82985
0.77804
0.98401
0.71779
0.80353
0.69502
0.68865
0.70469
0.68077
0.70469
0.75336
0.67298
0.76913
0.69823
0.75858
0.81283
0.71779
0.7145
0.82604
0.75162
0.69984
0.72611
0.77983
0.65766
0.70795
0.64863
0.95499
0.75683
0.66222
0.67608
0.74645
0.70307
0.74473
0.97499
0.74989
0.71945
0.70795
0.68865
0.68865
0.79068
0.877
0.83753
0.77983
0.69024
0.8091
0.66527
0.72946
0.67764
0.86099
1.2618
0.68391
0.68234
0.68549
0.70795
0.66988
0.68077
0.93325
0.69663
0.75683
0.75509
0.79068
0.98855
1.3243
0.82794
0.67143
0.78163
0.6792
0.69343
0.71285
0.68707
0.73114
0.73451
0.71285
0.70307
0.71945
0.75509
0.69024
0.74817
0.71945
0.72946
0.76208
0.65464
0.66069
0.69984
0.67298
1.6255
1.1376
1.1143
1.1561
0.74131
0.85704
0.72946
0.86896
0.69823
0.91622
0.88716
0.72611
0.68391
0.72277
0.9977
0.68865
0.80168
0.81658
0.71285
1.1668
1.8836
0.90157
0.98175
1.0765
1.1194
1.5101
1.1194
1.2677
1.6406
1.5382
1.5346
0.75336
0.74131
0.68391
2.1281
1.6866
0.79068
0.70469
0.67298
0.75858
0.73282
0.7145
0.6792
0.79983
0.71121
0.70795
0.7145
0.9528
0.72111
0.66681
0.75858
0.67608
0.70469
0.69343
0.68077
0.67143
0.7145
0.69823
0.69024
0.7145
0.68391
0.71121
1.1117
0.7145
0.65766
0.72111
0.73451
1.5171
1.3964
0.95719
0.86497
1.0186
0.90573
0.85507
1.1298
0.95719
0.84918
0.69823
1.5276
0.70307
0.70958
1.0162
0.68549
0.7145
0.84723
0.77446
0.71614
0.70632
0.70795
1.2246
1.3183
0.94406
0.98401
0.70795
0.94406
0.84918
0.86099
0.69024
0.70632
0.75336
0.69663
0.72611
0.71779
0.69984
0.69024
0.72277
0.73282
0.67608
0.71285
0.74473
1.5996
0.73282
0.72778
0.76384
0.68707
0.70958
0.68549
0.69343
0.80168
0.72778
0.76208
0.73961
0.69663
0.68865
0.6792
0.71614
0.70146
0.70632
0.75683
0.69823
0.71779
0.68865
0.70632
0.75683
0.72111
0.72611
0.69984
0.71121
0.7145
0.76736
0.73114
0.72277
0.69984
0.67453
0.73451
0.77268
0.73961
0.72277
0.74645
0.72611
0.66681
0.73961
0.71121
0.69502
0.69183
0.71121
0.7145
0.69024
0.76384
0.79616
0.7145
0.69984
0.65313
0.74817
0.76913
0.69343
0.67453
0.69823
0.70795
0.72946
0.70146
0.68549
0.65615
0.72778
0.69343
0.69663
0.69502
0.70146
0.68707
0.78163
0.72111
0.74131
0.68865
0.72946
0.69343
0.73451
0.73451
0.71121
0.72277
0.80538
0.76736
0.85704
0.79983
0.8531
0.89125
0.86298
1.4125
0.73621
0.74473
0.70795
0.84918
0.68707
0.72277
1.2218
1.2647
1.1272
0.76913
0.74131
0.67764
0.69024
1.3305
1.2764
1.1508
0.93972
0.84333
0.78163
0.77625
0.78343
0.86896
2.2646
0.66527
0.74473
0.67143
0.67143
0.75162
0.65615
0.7145
0.69024
0.71779
0.66834
0.71121
0.74473
0.74989
0.75509
0.71945
0.70146
0.6792
0.70795
0.70307
0.69663
1.406
0.78343
0.71285
0.73114
0.69663
0.71945
0.66834
0.65615
0.72611
0.71945
0.77804
0.71779
0.69343
0.70632
0.72444
0.68391
0.68707
0.74817
0.72611
0.71285
0.66988
0.72611
0.84528
0.68549
0.67608
0.70307
0.67608
0.71285
0.72611
0.80538
0.68549
0.7379
0.68707
0.79068
0.70307
0.69183
0.68707
0.69984
0.69502
0.70632
0.69183
0.70469
0.67608
0.75683
0.69663
0.71779
0.72444
0.69024
0.70307
0.70958
0.66222
0.69502
0.75336
0.70632
0.76736
0.69823
0.69663
0.77804
0.68077
0.70469
0.72611
0.71121
0.7656
0.71285
0.72111
0.72277
0.69183
0.75509
0.70632
0.75683
0.73451
0.68865
0.7145
0.68391
0.66834
0.71945
0.64863
0.69502
0.73961
0.71285
0.72111
0.85901
0.76913
0.77446
0.92045
0.81658
0.77446
1.4859
0.80168
0.69502
0.82604
1.7906
2.2542
1.8197
1.4158
0.87498
0.85507
1.3804
1.1695
1.8281
2.0277
2.1038
1.7947
3.0761
2.2491
2.4491
2.9785
3.2509
0.86497
2.1677
1.8535
1.8793
2.4831
3.3343
3.3651
3.0832
4.1495
2.2491
1.8155
2.6915
1.1641
1.1614
1.1885
1.714
1.7338
3.5563
3.0409
4.0458
6.5313
2.6669
3.5481
2.9376
3.069
2.208
1.1298
2.8907
5.0582
2.4946
7.3961
8.6497
7.5509
8.6497
10
11.695
13.74
11.803
13.996
10.375
14.028
13.002
12.359
13.092
14.791
15.56
10.116
16.106
9.8628
14.997
11.143
17.258
11.429
13.49
14.256
12.134
13.335
9.9083
10.046
9.6161
14.223
12.246
12.942
4.0087
12.942
3.6475
1.1858
5.4576
15.031
11.041
13.677
14.223
9.506
15.453
12.56
17.947
14.454
11.885
12.56
10.139
15.631
10.765
11.015
14.223
13.032
12.474
12.677
12.331
12.359
9.4189
12.05
10.304
10.257
16.482
11.885
12.246
14.997
15.311
10.641
8.8308
10.94
7.7804
13.836
8.5901
11.117
3.3574
7.6208
1.2853
0.85704
0.69183
9.8628
6.9024
14.191
12.531
10.209
10.914
9.4842
12.106
17.989
19.055
17.742
10.069
14.158
11.912
17.539
10.093
12.106
17.66
11.776
6.8707
8.4333
18.072
9.7949
5.7148
7.0146
11.995
16.52
5.781
1.183
2.0184
11.429
11.668
13.836
10.617
14.191
14.454
11.695
11.695
9.2257
10.162
14.355
16.482
11.614
11.641
9.4624
9.2045
15.453
0.8356
0.82985
0.8995
1.0715
0.89743
0.98628
1.5885
0.98628
1.028
0.73114
0.8091
0.99541
0.74473
1.5241
0.9594
1
1.183
1.6788
2.3388
1.2647
1.3552
1.2618
1.3062
0.88716
1.4125
1.5171
0.71285
0.66834
0.66527
0.7145
0.72111
0.88308
0.75336
0.75336
1.3152
0.73114
0.93325
0.8531
0.70146
1.1169
0.74131
0.70958
0.89536
0.65615
0.8531
5.6494
8.4918
8.7902
13.092
13.213
13.996
12.912
15.776
14.757
10
11.749
14.289
6.6834
8.77
15.596
11.066
10.839
10.691
8.2035
10.789
9.2683
13.274
12.474
10.447
8.2035
12.56
9.0573
10.641
8.5901
12.706
12.764
13.996
10.257
8.892
10.94
8.2985
15.276
10.789
10.139
9.0782
11.641
13.274
8.0168
15.488
17.62
17.824
14.859
9.9312
10.139
10.965
9.7051
9.9312
11.455
10.691
8.5507
10.99
10.99
11.858
12.706
12.05
17.338
8.892
11.614
11.376
8.4723
3.3189
8.2604
2.2961
1.2359
0.92897
0.68549
2.0893
0.80168
0.81283
1.3397
1.574
1.1995
0.7379
1.256
0.83176
0.85114
1.1066
0.93541
0.67608
0.69183
0.66834
0.74302
0.91201
0.70146
1.1614
2.2909
0.68549
0.66527
0.71285
0.70146
0.66527
0.70469
0.68234
0.69183
0.67764
0.69024
0.72111
0.7656
0.67298
0.73621
0.69823
0.72946
0.71614
0.68707
0.70958
0.73114
0.82035
0.71121
0.71614
0.75683
0.71285
0.74473
0.69024
0.76033
0.67764
0.74302
0.68077
1.0641
0.71121
0.68549
0.72611
0.82035
0.69183
0.71614
0.74473
0.71779
0.67608
0.69984
0.71614
0.65766
0.78163
0.73451
0.67453
0.68234
0.71285
0.67143
0.70469
0.69502
0.88512
0.72611
4.6881
3.9174
1.1455
1.1668
1.1246
1.4689
1.3836
5.42
11.561
17.338
14.622
11.94
8.8105
9.7724
9.6161
13.74
22.233
13.122
12.972
11.508
11.614
11.535
9.6828
11.588
9.977
12.531
12.794
17.1
14.256
12.618
10.889
11.324
9.0157
10.864
10.544
4.8306
15.066
2.5468
6.5615
8.7297
12.134
9.6828
14.928
13.9
11.641
16.032
13.062
9.2257
14.622
14.859
8.2224
7.7268
9.0573
14.256
11.194
9.6605
11.535
9.506
11.194
8.4333
8.995
7.3282
4.7753
18.836
8.091
7.7268
11.402
16.106
10.209
14.028
11.508
12.912
10.789
11.776
12.303
15.524
7.7268
12.474
12.618
12.823
15.382
9.8175
10.328
15.74
10.233
1.71
0.69663
0.83753
0.76208
3.281
5.8749
7.9068
12.677
9.3111
7.5858
12.303
16.982
10.715
12.882
12.246
10.765
10.52
7.6033
14.322
11.455
10.351
10.864
18.072
9.7499
1.1535
1.1614
2.0045
2.8708
1.7418
2.1677
1.1995
1.5136
1.5031
1.5101
1.3521
1.1967
1.6181
2.4547
2.0606
1.4588
0.96161
0.69663
0.74302
0.75858
0.77446
0.73451
0.75683
0.73282
1.2274
2.3768
0.87498
0.68391
0.69183
0.69984
0.7145
0.68865
0.72778
0.78343
0.74817
0.80724
0.70469
0.69823
0.69343
0.8147
0.7145
0.71779
0.68077
0.69024
0.73114
0.69984
0.75162
0.68865
0.76033
0.71779
0.74645
0.76736
0.72611
0.73621
0.69984
0.70469
0.80538
0.76384
0.77804
0.72946
0.78163
0.74473
0.76736
0.79433
0.74645
0.76384
0.72277
0.72277
0.76208
0.73451
0.73621
0.70632
0.69502
0.74817
0.70632
0.81096
5.7412
14.757
7.4989
0.65163
0.65313
0.72611
6.8234
13.646
16.368
10.069
9.7499
9.9541
13.459
13.74
13.804
12.764
12.474
11.83
11.324
2.3227
3.1261
2.2856
2.5586
1.1912
0.877
2.2803
0.74302
0.79068
1.2882
2.0512
1.9679
1.8836
1.2503
1.1117
1.5959
1.5922
1.4791
1.0139
1.6255
1.3996
1.4962
1.349
1.5885
1.256
1.3932
2.5586
0.71614
0.64863
0.90365
0.68865
0.68391
0.68549
0.69823
0.7145
0.72444
0.83176
0.79983
0.80353
1.2274
0.71285
0.72444
0.72444
2.7542
1.1803
0.80168
0.99541
1.3552
0.74302
0.72778
0.71779
0.71779
0.66834
0.69343
0.68234
0.84723
0.68549
0.69183
0.66527
0.69663
1.9543
9.0365
0.76033
3.54
11.535
0.85507
0.64121
0.68077
0.64269
0.65464
0.64565
0.67453
0.70307
3.8107
5.8884
9.506
12.503
9.8855
12.972
9.9312
17.179
10.139
14.894
10.94
16.255
17.378
4.0551
0.70795
1.2106
0.80168
2.851
1.6293
1.4421
3.4754
3.2961
1.205
1.1041
0.76913
0.75336
0.74817
0.71945
0.74645
0.82035
0.78163
0.72277
0.79433
0.69502
0.73621
0.80724
0.86497
0.74473
0.76736
0.74989
2.2182
5.0234
0.76913
0.75858
0.79433
0.69663
8.2794
19.143
12.303
10.814
12.56
12.05
13.305
12.023
20.137
12.246
20.941
0.73114
0.71614
0.66988
0.73282
0.66834
0.8414
0.77983
0.8091
1.0914
1.6904
0.67764
0.76208
1.9055
2.6915
3.7497
1.2823
2.4155
3.0339
0.68234
9.6605
13.964
9.4406
15.668
13.74
11.429
10.116
12.531
8.2985
14.622
14.125
9.9312
10.139
7.5683
8.9331
11.246
10.641
23.878
6.5313
10.28
0.76033
0.75336
0.7656
8.0538
12.531
9.8401
10.864
10.233
9.6161
1.9588
1.9498
0.7145
1.845
1.9634
1.3459
1.1117
1.7022
1.1912
1.0423
1.2794
0.69024
0.70795
0.64863
0.92045
0.73961
0.9506
0.72946
0.70632
0.76913
0.69984
0.71121
0.70795
0.78343
0.68707
2.5119
2.8708
1.1588
1.3521
1.1722
1.2942
1.2246
1.3213
1.3274
1.2618
0.75509
2.3442
0.73621
0.73961
0.68234
0.68549
1.803
0.67764
15.066
17.539
10.069
12.912
13.062
10.257
12.218
3.3884
2.4831
2.9923
3.4834
1.7458
1.5631
1.1429
1.1066
1.2023
0.97499
1.2359
4.0458
2.0512
1.1041
1.1776
2.0989
1.6788
0.91411
0.85704
0.79068
0.77625
0.81846
1.7338
6.9024
0.6792
0.66988
2.5468
2.3281
2.7797
2.7164
2.3442
2.2029
1.7701
2.1232
2.673
2.1777
2.4099
3.0832
2.8973
2.729
2.541
4.1687
1.2246
0.88716
0.86696
0.8892
0.90365
1.1429
0.84918
0.79068
0.71285
0.74645
1.1588
0.74131
0.70307
0.72111
0.73114
0.72111
0.72111
0.66988
0.6792
0.71614
0.70958
0.70146
0.69823
1.9953
0.78343
0.93325
0.8356
1.1015
0.71779
0.71779
0.74302
1.6558
0.68077
0.70307
0.70632
2.2233
3.5892
0.79068
8.8512
11.588
0.76208
0.74131
0.70958
5.9979
9.6383
15.205
16.293
9.594
14.289
11.83
12.388
13.836
12.677
0.68707
0.69343
0.69984
0.66681
0.72778
0.69183
2.7227
14.825
9.2683
17.62
8.7498
11.041
10.069
12.882
20.137
8.5507
13.152
12.331
14.655
13.49
11.402
10.94
14.158
11.22
12.05
9.8401
13.062
14.521
14.06
14.791
16.406
19.143
10.666
22.233
10.162
1.4757
9.1201
20.37
10.399
12.912
13.335
11.041
13.932
11.117
10
11.588
8.7297
10.28
18.493
12.417
10.328
9.4624
10.52
10.765
13.428
11.967
10.209
8.1283
7.379
7.7625
12.56
13.646
8.9536
9.7275
11.508
12.706
10.399
14.488
11.143
12.359
13.772
9.3756
10.162
11.83
22.856
14.093
16.218
14.488
1.2303
1.7539
4.6559
11.776
11.455
32.359
14.997
12.359
12.942
9.3972
21.429
7.5336
0.73114
0.71945
0.77446
2.673
1.4028
0.80353
0.70795
9.977
16.904
10.889
15.524
16.634
12.589
15.311
12.162
21.33
12.735
11.015
18.45
9.4406
2.208
7.7268
6.5766
14.791
11.194
6.3387
9.7724
9.5719
12.023
14.093
14.158
16.069
16.218
14.289
0.69823
0.75162
7.145
9.5719
17.1
11.803
12.706
8.414
11.668
15.101
18.621
13.032
1.0765
1.6788
15.849
10.691
9.8175
12.274
8.091
10.789
10.447
12.106
10.839
15.276
9.6605
9.7051
8.4723
9.528
10.52
9.9083
8.1846
10.304
7.9068
14.825
14.355
12.303
1.2078
2.9174
1.4191
1.5524
1.0617
1.1455
1.4655
1.052
1.4125
6.5766
1.0965
0.73451
0.79068
2.1184
11.614
9.4624
9.7724
7.1614
9.3541
12.162
10.765
15.346
10.715
7.7983
10.839
9.9083
10.162
9.594
8.356
16.444
15.849
14.289
13.614
9.1201
16.482
18.967
10.74
8.1846
9.3325
9.7499
1.5276
7.8163
6.4565
0.69663
3.013
0.91411
5.6624
7.0632
11.376
11.614
12.023
14.622
13.521
6.5313
14.06
11.695
3.7411
6.0814
12.618
7.4302
7.4817
7.2778
9.6161
12.134
11.482
15.812
27.99
13.092
22.856
8.4528
6.368
0.8414
1.4028
0.84723
1.1535
0.81096
0.83176
0.73282
1.3092
8.5901
7.7268
17.14
14.555
8.414
8.0724
10.914
11.588
13.062
10.544
13.836
11.858
12.706
27.29
15.031
14.588
10.495
10.617
9.4842
7.8524
7.1945
14.223
9.2045
9.9312
12.706
11.376
17.783
0.66988
0.67608
2.7102
10.257
2.884
4.2756
1.3646
12.246
13.274
9.4842
10.617
11.272
11.324
9.9083
9.3541
12.218
18.535
14.454
12.503
8.8105
13.677
16.293
9.6161
5.9156
13.062
0.94189
0.94624
1.3552
1.2677
1.135
2.1135
2.5235
1.6255
1.5631
1.5524
1.9055
1.6943
2.1928
2.729
1.2706
1.1272
15.066
9.9083
8.356
2.3659
1.9099
1.9099
1.4962
2.4099
6.2661
8.1658
3.7068
3.9719
1.39
2.1777
9.8855
2.9444
9.7051
1.71
1.7298
1.7298
1.7298
1.7298
1.7298
1.7298
1.7298
1.7298
1.7298
1.7298
1.7298
1.7298
1.7298
1.7298
1.7298
1.7298
1.7298
1.7298
1.7298
1.7298
1.7298
1.7298
1.7298
1.7298
1.7298
1.7298
1.7298
1.7298
1.7298
1.7298
1.7298
1.7298
1.7298
1.7298
1.7298
1.7298
1.7298
1.7298
1.7298
1.7298
1.7298
1.7298
1.7298
1.7298
1.7298
1.7298
1.7298
1.7298
1.7298
1.7298
1.7298
1.7298
1.7298
1.7298
1.7298
1.7298
1.7298
1.7298
1.7298
1.7298
1.7298
1.7298
1.7298
1.7298
1.7298
1.7298
1.7298
1.7298
1.7298
1.7298
1.7298
1.7298
1.7298
1.7298
1.7298
1.7298
1.7298
1.7298
1.7298
1.7298
1.7298
1.7298
1.7298
1.7298
1.7298
1.7298
1.7298
1.7298
1.7298
1.7298
1.7298
1.7298
1.7298
1.7298
1.7298
1.7298
1.7298
1.7298
1.7298
1.7298
1.7298
1.7298
1.7298
1.7298
1.7298
1.7298
1.7298
1.7298
1.7298
1.7298
1.7298
1.7298
1.7298
1.7298
1.7298
1.7298
1.7298
1.7298
1.7298
1.7298
1.7298
1.7298
1.7298
1.7298
1.7298
1.7298
1.7298
1.7298
1.7298
1.7298
1.7298
1.7298
1.7298
1.7298
1.7298
1.7298
1.7298
1.7298
1.7298
1.7298
1.7298
