0.86497
0.9247
3.1189
17.298
21.677
9.6383
1.9187
0.75858
6.2373
1.5101
2.1038
22.909
21.528
28.184
18.365
11.885
15.205
13.583
2.7416
28.184
21.827
13.772
14.322
20.749
18.578
3.342
22.029
12.474
18.365
16.866
24.434
17.061
15.171
12.331
14.289
23.442
9.4189
20.417
4.1976
1.6181
7.145
22.699
17.338
44.771
9.7275
47.863
17.418
12.56
11.482
11.298
13.459
9.0157
3.9537
21.086
12.794
11.041
13.646
14.158
5.0933
18.03
16.144
14.454
23.174
17.701
3.8107
3.4356
8.8308
12.134
21.281
13.002
11.455
11.995
15.276
12.023
10.069
11.967
14.825
11.455
10
10.864
10.789
18.578
20.045
14.421
2.6546
8.1283
13.49
15.101
10.617
7.1285
3.5727
21.232
18.88
18.45
21.528
12.912
18.281
14.825
11.117
5.6624
3.4356
3.069
9.8855
10.28
12.05
18.323
11.885
6.7298
13.397
26.424
14.859
16.368
13.032
12.445
20.559
15.631
15.241
12.56
3.5075
3.0409
3.3806
2.6546
15.346
6.2661
18.707
2.037
3.2211
2.133
17.742
15.776
13.397
12.764
9.3111
13.74
13.428
11.015
13.521
10.495
2.7925
2.6669
3.1623
4.9545
2.2803
2.1627
2.3496
2.2439
11.092
12.56
12.023
9.4406
12.618
12.023
3.4754
5.188
13.868
8.147
10.641
9.3972
17.022
19.187
16.444
7.8524
9.4624
11.246
3.1477
2.884
2.884
7.0795
11.376
9.4624
21.038
15.346
10.544
13.868
16.827
18.45
12.735
15.959
11.803
13.646
9.4406
12.445
2.6363
12.445
9.7949
12.218
4.6026
8.892
13.583
10.839
11.912
10.375
8.9743
13.243
11.94
12.331
12.764
8.9331
14.06
10.399
16.181
7.9068
8.9125
9.594
10.593
2.2646
8.1658
6.3533
1.8113
9.8855
9.977
10.789
11.092
9.9083
9.977
10.641
9.7949
9.8855
9.6828
15.382
7.9433
4.1687
3.1117
2.8708
2.8054
2.7227
2.9648
2.4378
2.7227
5.1168
5.559
11.858
10.304
13.9
17.66
9.7724
11.776
13.152
12.647
11.508
11.041
12.303
12.794
10.593
11.508
9.3972
11.885
12.417
14.256
9.8175
14.028
17.66
10.965
8.6497
15.417
19.409
11.967
13.305
11.614
8.1658
11.169
13.397
17.824
12.823
12.246
12.56
2.7353
2.1281
6.5917
5.6234
2.6915
2.5003
3.0549
1.8836
2.3281
11.169
13.49
17.498
10.375
14.521
13.868
13.243
11.749
14.555
11.143
23.281
4.6345
9.3541
8.2604
11.535
8.7902
9.4624
14.997
17.022
11.588
12.735
12.706
13.964
16.181
7.8886
12.078
2.3933
10.99
10.209
17.701
14.093
10.162
1.977
2.1979
2.3878
8.356
2.1429
2.2131
2.7227
12.764
11.298
14.655
9.0782
2.541
2.2439
13.397
15.524
8.2985
15.776
11.143
12.303
13.428
8.7096
11.194
11.803
1.6181
1.406
3.8282
11.143
9.977
17.378
7.3621
16.482
9.0991
9.6383
4.3853
10.351
11.298
7.2946
8.995
6.7453
8.1846
13.9
9.7275
13.274
11.561
13.614
16.406
15.849
8.9536
10.399
8.8512
10.233
7.5336
10.641
10.52
10.116
13.614
9.7275
11.749
15.668
3.7844
11.092
11.535
16.558
16.069
12.853
12.218
10.257
11.324
13.428
17.498
10.914
14.125
14.355
13.646
3.6224
4.0087
1.9999
2.4717
2.5235
5.902
6.1944
16.482
12.56
8.6896
9.6828
8.892
10.447
12.882
11.588
15.704
10.046
11.885
10.568
12.735
10.328
1.6558
3.9719
2.851
1.4125
1.7298
2.3014
9.4624
13.996
11.695
11.169
12.303
10.423
8.4528
14.454
3.7239
2.4099
2.7102
3.2885
2.9648
2.8445
2.6669
3.3574
2.7861
2.8774
2.5823
3.6141
3.3729
3.1477
3.5975
2.0845
2.7925
2.851
3.7325
3.1989
2.799
3.2063
3.0549
2.4831
2.3823
2.9376
3.5318
4.8084
2.8642
2.0654
3.8019
3.1405
2.9376
3.5318
2.1038
2.2233
12.134
3.7844
10.765
16.672
17.539
16.032
13.335
2.6669
5.7943
16.218
14.622
14.322
15.488
17.418
9.8855
2.6242
12.388
10.544
13.428
12.882
14.454
18.493
13.335
12.735
7.7983
16.866
12.474
15.488
7.8343
14.289
12.942
11.015
8.0724
2.4099
2.3067
4.6774
23.335
14.158
17.579
11.194
15.417
17.418
12.246
15.812
15.066
12.56
13.804
4.2462
10.209
13.002
9.7275
10.209
13.614
14.588
15.136
2.4547
2.7925
2.0512
10.715
13.646
6.1944
3.1915
19.231
14.655
20.23
15.311
12.359
8.8512
9.8175
13.868
10.046
20.184
19.543
12.618
17.022
13.709
13.183
1.8793
7.2111
1.2331
1.2388
13.677
15.812
15.417
15.524
12.764
14.125
11.015
11.641
13.646
10.495
16.558
10.965
10.209
9.7051
2.4378
13.836
10.568
12.388
19.143
2.4717
6.1094
16.368
4.4566
5.0119
1.6634
2.7479
2.0701
7.5336
13.183
13.305
12.417
19.275
12.331
14.421
2.355
3.4514
12.445
16.596
8.5507
9.7275
14.421
12.56
9.9083
10.186
11.561
7.0958
4.8306
6.3241
3.0061
9.6161
16.255
11.695
2.3496
2.1677
2.7227
2.5882
2.8184
2.6915
7.0146
3.6983
9.7275
11.298
13.335
9.6161
8.892
5.9841
13.836
18.664
11.561
14.521
20.184
13.772
10.889
14.757
2.2182
2.4434
2.3388
2.1184
3.0409
15.417
13.428
17.66
22.182
15.101
5.8345
11.455
11.143
26.853
18.072
12.05
11.967
19.861
12.942
24.434
11.066
9.9541
12.106
21.038
10.257
15.382
7.6913
8.0538
7.1779
8.531
1.9861
23.388
14.622
16.293
17.498
12.56
14.388
10
12.19
2.5061
15.417
11.482
9.2045
11.641
13.836
10.423
1.7824
1.6788
10.666
13.868
13.305
8.0353
15.922
11.324
2.2909
2.4946
2.0893
3.5892
4.9888
4.3652
2.4547
2.6669
7.3961
22.594
13.74
19.275
10.617
11.668
10.447
2.2029
2.9923
2.704
2.1086
1.8923
2.0606
2.0512
2.0184
2.3878
1.4825
4.4259
4.9888
2.0091
2.1827
1.9409
18.323
17.865
17.458
14.355
18.45
15.382
16.943
14.06
11.561
15.849
12.359
2.1086
2.3659
14.928
17.906
15.276
15.453
15.849
16.181
22.699
14.791
10.914
14.962
14.289
4.6238
9.7949
9.9083
13.964
24.044
11.22
9.9083
14.158
5.902
7.5336
13.614
14.962
15.524
17.378
13.335
13.305
20.893
18.578
8.8308
12.218
10.74
9.0157
1.8072
1.7701
1.8365
1.803
2.1135
4.4566
8.5704
12.303
12.388
11.402
15.241
11.668
15.922
11.015
14.689
12.942
12.474
13.583
10.069
14.355
16.634
12.023
12.912
16.749
12.474
12.882
10.471
1.6634
9.6605
13.459
14.622
16.52
14.158
21.086
13.614
12.023
12.388
16.218
13.996
14.622
10
8.4528
11.858
4.2073
7.2444
6.7143
11.912
10.666
14.655
11.94
11.995
18.75
16.218
15.382
9.9541
1.5885
2.2439
1.6634
1.6106
3.2961
1.8155
1.3964
1.5346
13.996
14.555
11.194
19.724
3.9628
9.4842
13.583
18.707
12.274
13.996
15.996
9.4624
10.814
21.135
17.418
10.839
15.453
5.821
19.77
16.558
8.0538
15.346
27.606
10.046
16.106
12.882
16.255
14.997
1.9861
1.5066
1.8239
1.5524
1.8281
1.256
1.4388
1.6331
1.39
1.5276
1.6181
1.4125
1.5417
1.7061
4.5604
1.5524
1.2882
10.641
9.3756
15.031
12.359
14.093
12.794
14.028
8.5114
11.482
16.106
8.6298
1.9999
8.0538
9.7499
12.162
12.677
14.997
21.928
10
8.9125
1.0715
7.1121
2.0654
1.7906
1.374
1.6069
21.038
15.996
13.122
14.388
20.37
11.324
7.1285
9.2045
1.6144
10.375
15.346
14.757
11.015
1.8493
10.233
13.122
1.6482
1.6144
1.7865
6.1094
12.589
11.508
10.666
8.995
15.241
10.864
14.322
9.1622
7.6913
12.882
19.861
10.641
8.6896
10.691
12.56
9.2257
8.5704
3.2885
1.194
8.9125
12.972
20.654
9.6161
11.22
17.498
16.032
8.4723
19.409
13.032
9.4842
9.7724
1.9143
5.7016
1.7865
1.4125
1.875
2.1038
2.1677
7.6033
21.577
8.995
11.535
17.258
8.3753
12.677
16.52
13.709
22.803
2.0654
1.9953
1.7061
3.2961
9.1411
17.378
14.859
13.552
12.303
8.531
8.5901
6.1376
16.106
5.0003
9.6161
13.152
15.136
16.634
10.544
10.889
12.274
2.8774
2.1281
10.74
14.355
2.3388
1.4521
2.0797
1.9588
1.9143
1.6943
1.8967
1.3932
3.6728
12.735
18.155
19.907
14.622
13.932
9.6383
11.695
14.689
18.707
15.311
10.74
12.134
13.804
12.388
14.355
14.223
20.277
1.5488
1.6218
1.3213
1.3062
1.3274
5.1761
22.856
17.824
9.4189
14.488
10.914
10.99
18.197
16.368
16.749
12.531
22.131
14.689
15.704
8.9743
14.521
1.256
1.2823
12.677
13.868
19.454
14.028
20.989
16.672
14.125
1.9861
0.9977
1.0715
2.1627
10.965
14.06
15.849
10.351
17.258
7.4131
10.691
10.641
2.0701
1.2853
1.4723
1.2706
1.2331
1.4158
1.8239
10.914
1.7539
1.7219
1.9543
1.8197
1.7579
4.6345
13.002
14.894
11.858
8.6497
19.055
12.972
4.5186
12.618
15.488
16.482
1.845
11.858
11.482
16.904
17.179
19.409
14.894
14.825
3.8107
11.066
8.147
2.8973
11.668
2.0045
2.1627
1.766
1.9143
5.9156
1.7338
1.9588
1.9231
1.5311
2.2961
1.5922
21.135
12.503
5.035
11.94
15.241
9.0573
20.749
12.106
11.092
12.882
13.062
14.894
11.858
9.7724
8.356
1.2823
13.002
2.0324
1.5885
12.331
9.1411
14.028
15.031
3.4119
5.6234
1.6144
1.1588
1.2218
1.1885
1.2388
1.1298
1.1246
1.3062
1.8365
8.9125
1.9543
7.6384
12.417
12.764
17.539
11.749
13.49
9.3541
15.524
13.868
12.106
11.041
7.5509
11.402
14.093
24.266
1.8323
1.4488
1.4223
12.706
10.423
10.186
11.22
14.223
2.2284
16.982
12.531
12.589
19.055
11.482
14.588
16.106
12.417
11.272
10.641
17.783
2.5061
20.654
16.293
14.125
19.143
12.106
14.421
1.7539
1.9907
1.7219
8.3753
12.134
11.35
11.376
12.823
14.825
1.2503
7.0469
12.503
16.255
13.996
15.668
13.868
9.5499
15.668
10.093
10.52
10.617
1.5996
1.5417
1.7378
1.875
3.0549
2.0845
5.8614
14.454
14.289
17.62
13.366
16.331
18.967
15.382
10.814
13.583
14.825
13.274
16.069
14.256
14.894
16.218
17.989
2.7669
2.0797
1.7061
1.4256
1.8793
1.5417
1.6444
1.7579
1.888
9.4406
7.925
1.4894
1.7906
1.6943
7.4302
16.444
15.74
9.9312
17.378
11.143
12.794
10.257
11.535
8.2604
6.6681
18.664
14.521
19.815
13.459
18.197
13.274
21.184
11.776
10.839
13.709
12.912
13.521
13.709
22.08
9.6161
12.56
15.171
1.4521
1.7701
1.7579
1.4859
1.4158
1.6711
1.4689
2.1281
1.8621
5.2119
2.7669
2.2131
2.3714
1.2106
1.406
1.8621
2.7606
11.246
19.32
12.023
13.305
15.171
9.7949
10.495
13.9
18.323
16.444
7.709
16.144
1.4588
14.223
7.8524
13.9
12.942
16.032
3.2359
9.247
21.878
7.1121
14.962
10.99
12.677
1.3772
11.482
3.4594
16.482
13.366
12.56
5.9429
8.3753
24.099
14.723
12.853
1.0839
1.1092
1.1117
1.0666
16.634
16.144
15.631
14.791
16.749
8.0538
12.274
13.677
10.186
22.336
18.323
1.5631
1.5417
3.8019
1.4859
1.1695
1.8239
4.8865
13.274
10.889
18.535
20.941
15.453
14.093
1.0139
22.491
10.593
9.2683
14.488
12.972
11.614
10.914
9.1833
3.7757
15.311
5.2723
1.3152
1.4962
1.875
1.5922
1.3366
1.4588
1.652
1.3213
1.3677
1.3964
1.4859
1.6866
1.4757
2.6607
2.4774
1.2445
1.4757
1.349
2.5061
1.8155
1.8578
3.7068
1.1967
1.6368
2.1429
2.2131
1.3274
2.8184
1.6069
1.4256
6.166
13.459
24.378
15.101
8.9743
20.797
11.015
16.596
11.015
12.589
3.3113
1.374
7.5683
1.3366
1.194
1.7906
1.5524
1.5101
2.023
1.6866
5.9704
1.2618
1.2794
2.4946
22.233
11.967
20.091
11.22
11.066
6.1518
19.454
4.102
1.9231
2.2491
2.0184
1.6827
1.4555
9.0573
16.106
12.531
14.125
16.943
17.66
12.474
10.765
14.655
14.093
19.634
12.677
18.239
19.143
13.932
7.6208
11.508
12.56
3.0974
2.3933
8.531
7.2778
12.706
9.3972
11.041
13.213
1.4454
1.349
1.6596
9.0573
1.7865
1.5668
7.2778
13.305
17.989
16.634
7.3451
8.9125
12.106
16.293
14.191
11.641
13.152
13.152
12.388
12.912
10.162
2.3442
13.032
10.765
17.62
13.868
15.596
1.2162
13.9
17.539
6.6374
4.6881
1.3964
4.8084
10.423
1.349
1.4555
1.2417
1.1641
1.5382
1.4191
1.3335
1.094
1.2618
1.7906
11.092
13.062
12.794
13.964
17.498
20.654
24.322
12.882
3.8282
1.7783
1.6596
11.94
11.117
19.364
17.338
14.521
1.256
1.052
1.2706
1.1117
6.5163
14.028
13.459
8.6696
10
6.9663
1.6032
7.2277
2.8054
1.5488
1.3092
2.355
7.2946
2.2029
13.836
19.454
12.531
23.442
27.29
8.6099
9.506
9.528
16.943
1.3996
1.3062
1.4125
1.5922
1.5704
1.074
1.3397
2.7353
1.6827
2.5061
1.3213
1.1803
1.1749
10.328
2.9242
1.7458
3.6559
13.804
13.213
18.967
8.8308
11.885
12.853
24.717
18.072
3.0903
1.7378
1.7539
1.6144
10.28
12.618
15.56
16.558
19.679
14.894
12.853
18.239
16.558
11.455
1.4723
1.5922
1.9815
1.9364
2.1878
1.2647
1.9454
1.4256
1.7906
6.2373
5.8345
1.8155
1.8408
1.6558
3.6728
2.9444
11.429
12.56
18.239
5.9979
16.827
17.179
17.742
11.246
15.959
11.588
1.8365
1.2618
1.4028
9.3541
11.508
15.996
14.521
9.8175
16.368
3.1333
10.641
11.803
9.8855
13.49
12.134
1.7947
2.5763
10.093
18.45
13.428
1.4158
1.2706
2.9992
3.8637
1.4093
1.2388
1.6032
1.1588
1.5488
1.5205
1.6293
1.2531
1.1429
6.6681
16.596
21.135
12.134
13.152
10.495
1.5311
1.4894
1.3366
1.2417
1.4928
1.2618
1.5885
1.4256
1.4289
1.574
1.9999
1.6444
1.8578
6.7298
2.0184
2.0417
1.9011
2.2594
1.6181
1.2882
1.7418
1.1402
1.5453
1.5596
1.9454
2.8379
1.556
1.3122
1.3428
1.4421
1.4158
1.6866
1.3964
1.2246
1.3964
1.349
1.4488
1.2677
1.4555
1.2503
1.5136
1.4962
1.5524
1.5346
1.3213
1.3305
1.2388
1.3614
1.4256
1.3002
1.1803
1.3032
1.5136
1.256
1.2677
1.1695
1.2972
1.5241
1.3305
1.8365
1.4289
1.845
1.6634
1.7498
1.6711
1.6032
2.4717
2.2439
1.3122
1.3552
3.9355
1.5453
1.3521
1.3062
1.3583
1.6943
1.9907
1.3243
1.4588
2.1577
2.3121
10.617
10.209
9.0991
19.634
10.52
23.281
19.275
17.14
10.864
11.194
14.06
4.6238
14.256
17.539
19.055
14.622
13.614
1.8493
1.7458
14.521
16.904
9.0573
18.113
13.243
24.266
10.691
12.218
15.453
19.275
4.0087
7.0958
8.7902
18.323
16.52
17.498
11.776
14.757
13.002
9.977
18.03
12.794
12.618
10.74
4.6238
5.8749
15.524
1.4191
1.5241
1.3305
1.3152
8.356
5.781
3.4119
1.875
5.3827
20.654
29.174
14.191
11.429
12.677
15.205
9.7051
17.62
7.145
13.122
18.621
21.727
12.735
16.144
12.274
14.723
12.134
12.794
8.8105
13.243
2.1627
1.8281
1.2218
1.3305
1.4125
1.3213
1.3459
1.5136
1.5996
1.3032
1.4355
2.0559
1.1194
1.2853
1.2303
1.5996
1.256
1.2388
1.4191
1.3152
1.5631
1.5276
2.5468
1.3677
17.66
19.364
16.634
15.849
8.6099
17.1
15.066
1.3583
18.113
11.324
13.552
10.069
17.458
11.402
12.912
11.402
6.1944
9.8855
5.4075
2.4434
1.71
2.1677
3.8282
2.5119
1.7906
6.0117
1.7298
4.8865
8.995
10.765
1.9861
2.704
19.143
16.106
16.904
17.338
15.524
11.246
18.493
6.6988
13.677
12.942
14.125
6.3096
20.464
14.06
1.7298
2.138
1.7458
1.556
1.3932
1.5812
2.884
10.186
12.19
19.099
17.66
15.812
10.839
15.171
10.257
8.4528
8.6896
16.672
16.596
4.6452
12.706
1.7498
9.3756
5.8614
15.996
9.8175
9.6161
12.912
14.06
8.6298
14.355
11.402
3.342
8.7297
5.5719
11.508
1.6827
1.4421
1.3996
1.7061
1.3614
2.1135
1.556
1.7179
1.374
1.7338
1.4223
1.5488
1.574
1.3614
1.4421
1.4158
1.2972
1.9187
2.541
1.5704
1.6444
7.4302
20.797
8.2794
12.05
16.444
18.664
11.482
12.05
11.117
15.417
9.8628
12.388
16.634
13.032
22.08
9.7275
8.4333
15.959
6.9343
17.498
1.4928
1.406
1.5101
1.5311
12.078
14.093
15.101
15.488
9.7949
11.298
9.6605
15.885
14.06
7.8705
11.561
6.8077
12.474
15.596
8.3368
31.261
11.912
2.8973
2.8249
1.4289
1.4928
1.3804
1.2972
1.4894
1.1722
3.3497
8.9536
8.7902
1.2823
1.556
1.5171
1.6032
1.7865
1.7824
4.0458
6.0117
1.714
1.3932
2.3388
3.013
4.3351
15.066
14.125
10.046
8.8512
8.5114
11.117
5.8345
2.9242
1.803
1.4962
1.4894
1.6218
13.459
5.9293
26.977
12.023
6.6834
10
1.8578
6.2806
1.1561
1.1749
5.0933
5.1642
5.9156
6.6988
11.803
18.239
11.376
12.445
10.691
19.77
1.1324
1.1668
1.1246
1.7061
14.322
14.555
10.233
7.6208
13.74
15.346
11.092
1.2972
8.1283
7.5683
13.032
4.7534
1.1668
1.3397
1.2445
4.8306
10.99
11.641
16.181
21.577
15.276
14.289
11.588
22.542
11.858
6.8391
18.323
1.5631
1.183
4.9659
1.0023
4.5082
0.98855
0.98628
0.97724
0.99541
1.2388
1.1429
1.3243
0.95499
3.5645
1.0399
1.349
1.0544
1.052
1.0023
1.3305
1.0209
1.3213
1.4757
1.2023
1.3152
2.2182
0.92045
1.2735
1.6218
2.2961
19.679
13.183
11.858
12.882
13.335
10.765
15.959
10.471
13.583
10.399
10.069
15.311
5.6885
12.706
1.9724
1.0093
12.078
10.447
16.672
9.977
12.474
10.399
14.689
14.388
13.062
12.589
19.143
10.914
1.3521
1.2388
1.2445
1.1015
1.3183
1.349
2.1627
1.4655
1.2618
1.4256
2.8314
1.1066
5.5719
1.5812
2.3878
3.6308
1.1402
1.0617
1.3583
1.7989
1.4859
8.5114
22.08
15.136
9.5499
10.209
11.092
8.0168
8.0353
11.588
12.647
12.162
6.2661
1.4757
11.169
16.069
15.596
13.366
17.14
1.1803
3.4356
6.8391
15.453
11.722
9.4406
2.7925
9.0365
5.8076
3.1117
1.4454
2.9107
1.0186
1.5205
1.374
1.219
1.2677
1.2445
1.3964
1.205
1.4322
3.8637
1.2735
1.349
1.2972
1.3335
1.4028
1.1402
2.5177
1.6711
2.2131
7.9799
13.677
10.52
15.276
10.593
9.7499
4.2658
7.9983
11.169
1.5704
1.2162
1.3428
1.3062
8.9536
15.849
11.402
18.535
16.672
15.382
17.579
11.194
6.8391
11.143
11.117
18.967
11.668
10.94
11.272
19.543
12.474
10.351
10.116
3.9446
10.162
10.209
14.655
12.331
1.5031
1.5488
15.959
3.5481
4.6559
2.7861
2.8379
11.194
13.932
16.982
24.266
7.8163
1.2853
1.4859
7.9983
10.617
1.7458
1.219
0.94189
1.0069
1.1117
0.98855
3.3266
1.0914
1.1803
1.4859
4.0087
3.4914
2.7227
9.8175
8.091
9.8628
18.408
17.498
17.179
12.56
1.2794
1.3152
1.3122
2.3878
1.219
10.209
11.749
14.355
13.49
10.914
20.045
14.028
13.305
12.853
1.3459
2.4099
1.0209
0.92897
1.0666
0.9528
0.9506
10.889
11.614
14.421
10.495
9.5499
1.8365
12.56
1.2417
1.3646
1.3552
1.4223
2.9648
20.37
17.947
21.928
1.3646
1.0839
1.2853
2.704
15.066
7.925
1.1482
1.0069
1.3243
3.3651
1.0328
1.7947
1.2677
1.0864
1.3032
1.1858
1.3459
1.4655
1.1668
1.4028
1.2531
1.2589
1.2023
1.256
1.3932
1.1995
1.2912
1.0814
1.1092
1.4723
1.2417
1.256
1.205
1.3397
1.374
1.349
1.2023
1.4028
1.1066
1.3062
1.2764
1.0864
1.4125
1.349
1.1194
1.3677
1.1298
1.3583
1.3335
1.4521
1.1298
1.2503
1.4223
1.5631
1.3397
0.96383
1.3213
1.2912
1.3062
1.3836
1.1169
1.3122
1.1015
1.3032
1.3772
1.1455
1.0765
1.3583
1.1885
1.0399
1.3583
1.1092
1.0641
1.1455
0.82224
1.1455
1.183
1.3152
1.1695
1.028
0.97499
2.3605
1.0093
1.6482
1.183
4.4668
1.5453
0.86696
0.83946
0.93111
0.80353
2.1928
0.8414
0.80168
0.8147
0.8531
0.75336
0.85114
0.78524
1.3274
0.99541
0.87902
0.78886
0.82035
1.2331
1.3521
1.2589
2.3714
0.90782
0.8892
0.85704
0.96605
0.85704
0.72277
0.9528
0.92897
1.0186
0.82985
0.88105
0.9977
0.88512
0.83946
0.82794
0.87902
0.81846
0.83946
0.8091
0.94189
0.77446
0.77983
0.87902
0.91411
0.88105
0.80538
0.91201
0.8147
0.84528
0.77983
0.86497
0.86896
0.84918
0.77983
0.8414
0.77268
0.81096
0.88105
0.92257
0.93972
0.91833
1.7865
1.0691
0.89125
0.83368
0.91833
1.1117
2.3174
1.1967
1.3709
16.749
9.6161
22.491
3.9994
1.4093
1.0495
0.87096
1.0789
1.7418
0.80724
0.91201
0.78705
0.94842
2.851
12.882
11.272
12.942
13.183
13.274
0.92683
0.92045
0.85901
9.3541
6.6069
6.4565
6.5313
9.8628
8.8512
8.091
13.459
18.836
10.814
10.28
15.776
2.7861
7.7983
0.82794
1.4388
7.6384
3.6559
0.82035
1.3996
6.8391
6.5313
13.152
9.1622
9.4189
8.7498
0.88716
0.89331
0.78343
0.91622
1.1803
0.92045
2.7925
1.5311
2.5882
2.8054
2.6977
0.99083
1.0328
1.0046
0.87498
0.8356
0.97949
1.0257
0.90365
0.90573
0.90365
1.0257
0.76736
0.87498
0.93325
0.79983
0.78524
0.79433
1.6218
0.8356
0.8147
0.72946
0.81658
0.79983
0.74645
2.7227
1.0666
1.0889
0.98175
0.94842
1.2246
1.1117
1.1194
1.7418
0.74131
0.81658
1.0789
0.86696
0.81658
0.75858
0.79799
0.82604
0.77625
0.8995
0.86497
0.82604
0.81096
0.66988
1.0162
0.76033
0.81096
0.83176
0.94842
0.77268
0.78886
0.74302
0.78343
0.75162
0.8414
0.8147
0.73282
0.76736
0.82794
0.72946
0.75336
0.87902
0.86896
0.84333
0.76736
0.87902
0.83176
0.82414
0.82604
0.77268
0.80724
0.8356
0.81283
0.86298
0.72946
0.83753
0.77268
0.78705
0.80538
0.83753
0.75162
0.93972
0.82224
0.79068
0.8356
0.81846
0.7709
0.88105
0.877
0.84723
0.80724
0.7925
0.85704
0.7656
0.86896
0.82035
0.72277
0.7709
0.78705
0.87902
0.77983
0.74131
0.84333
0.82604
0.79068
0.82035
0.78886
0.74989
0.83176
0.80724
0.85901
0.81846
0.86896
0.73961
0.78343
0.80168
0.91622
1.0544
0.86099
0.91411
0.95719
1.1776
1.1015
1.3521
1.0399
0.96605
1.0162
0.90573
0.93541
1.3152
1.2972
1.6827
0.86896
1.4223
0.84918
1.028
1.1858
1.1455
0.89331
2.2961
2.0137
1.2503
0.80353
0.88308
1.3335
0.94406
0.91833
1.1066
0.91411
0.99312
1.0471
1.6788
0.7925
0.75509
1.1298
1.3397
2.1777
1.1508
1.5417
0.73114
0.87297
1.2359
0.82414
1.1402
1.8707
0.94842
0.8531
0.75336
0.84918
0.80353
0.84918
0.82604
0.78524
0.81096
0.84528
1.1117
0.78163
1.5311
0.8356
0.89125
0.97949
1.0641
1.194
1.9999
0.92683
0.9977
1.1588
1.3092
0.78886
0.91833
0.88716
0.78886
0.82035
0.90782
0.74989
0.78343
0.99083
0.81096
0.73961
0.80353
0.82794
0.79433
0.78886
0.877
0.97051
0.88105
0.85901
0.94189
0.93541
0.92683
0.7925
0.8091
0.8414
0.91411
0.82794
0.7925
0.7925
0.90573
0.85114
0.76736
0.86099
0.85507
0.80538
0.87498
0.74302
0.79616
0.8531
0.8356
0.80353
0.77625
0.76033
0.88308
0.81096
0.77268
0.81658
0.87096
0.8147
0.94842
0.73282
0.79616
0.84723
0.81096
0.78343
1.1588
0.97724
0.88716
0.83946
1.9143
0.82604
0.80168
1.1561
1.4488
0.92897
0.88716
1.3583
0.91411
2.6062
2.7733
1.1092
2.851
1.1117
3.5975
6.9502
4.0458
0.8892
0.93111
0.93111
0.93325
0.89331
0.90573
0.80168
0.93756
0.84528
1.0814
2.3121
0.78705
0.90365
0.72277
0.8531
0.86896
0.76736
0.86298
1.8578
2.5177
0.92257
0.84528
2.2856
0.86497
0.77804
0.92257
0.90573
0.79068
0.75858
0.87297
0.76384
0.90782
0.90157
0.84528
0.82985
0.8091
0.82794
0.8091
0.76384
0.8414
0.89743
0.78163
0.71285
0.7925
0.84333
0.87902
0.78886
0.95499
0.85114
0.75858
0.83753
0.85901
0.81283
0.86099
0.85704
0.75683
0.83946
0.85704
0.8356
0.86896
0.97949
0.81846
0.92257
0.877
0.78705
0.90782
0.8414
0.81846
0.82414
0.74131
0.7656
0.74989
0.84918
0.7925
0.85901
0.8356
0.87297
0.79068
0.89743
0.77625
0.78886
0.75336
0.79616
0.96828
0.92683
0.86696
0.8091
0.7925
0.81283
0.87498
0.83176
0.85704
0.90365
0.87498
0.86099
0.86497
0.81096
0.8995
0.8414
0.76033
0.85507
0.84723
0.77804
0.79799
0.83368
0.83946
0.81283
0.74645
0.75162
0.87096
0.92045
0.90782
0.88105
0.85901
0.90365
0.90782
1.0839
0.8414
0.78886
0.94189
0.70307
1.0023
0.85901
2.1086
1.1092
0.82604
0.90573
0.86298
0.91833
1.1508
1.1455
0.82985
0.79616
0.82604
1.2274
0.73621
0.8356
0.88105
0.82794
0.79433
0.84333
0.97051
0.76913
0.75683
0.87498
0.77804
0.75858
0.84918
0.80724
0.88105
0.92045
0.83753
0.83946
0.85704
0.75683
0.88512
0.75858
0.87096
1.2794
1.3366
0.82985
0.76913
0.8414
0.7379
0.77983
0.81846
0.78705
0.83753
0.79799
0.86099
0.7925
0.8147
0.85901
0.75509
0.92045
0.77625
0.84723
0.84528
0.83368
0.77983
0.76033
0.73114
0.7925
0.7925
0.86298
0.81283
0.79068
0.91411
0.86696
0.83753
1.0162
1.9498
1.0691
1.4928
13.614
7.7446
8.6099
8.531
7.1121
13.677
12.274
5.2602
7.5162
5.0466
14.894
10.666
0.78524
1.3274
2.5119
2.8445
0.79433
15.241
19.055
14.622
6.6527
7.2277
13.521
6.0534
1.1092
7.7983
10.814
6.9024
7.9616
18.03
3.1477
1
2.9309
1.0093
0.87902
0.74817
0.85114
0.86497
1.714
1.0423
8.5507
9.6605
7.6913
16.106
17.458
19.011
14.093
11.402
14.723
6.1802
6.9823
10.617
0.80538
1.0116
0.91622
0.91833
0.89125
0.88512
2.1281
1.7022
2.7227
3.7411
7.5336
4.8417
13.183
13.183
7.3451
9.1411
2.6122
17.906
17.179
1.2882
0.90573
6.0674
7.4473
11.066
11.967
6.8865
2.037
12.134
13.305
0.90782
14.689
14.388
18.408
13.002
2.1429
4.5186
2.3014
12.618
8.6497
8.9743
5.3088
0.85704
1.2531
7.7446
11.455
4.3251
3.2359
8.356
9.0157
0.82224
8.091
0.89331
8.0724
6.6222
1.0023
1.0399
10.568
10.139
1.9953
4.8306
4.4978
0.8091
0.90991
1.4757
0.94189
0.80724
3.4674
0.90365
0.93325
0.80168
0.86896
0.8892
0.82224
1.0116
1.0116
1.0069
0.90991
0.8356
0.96161
0.89743
0.82224
0.92897
1.3274
2.6122
2.5586
0.87902
0.94842
8.8716
6.7453
8.0168
8.3753
10.544
8.414
0.88308
0.92257
2.2961
9.5499
4.5604
12.589
10.069
9.5499
15.812
0.9247
0.86298
0.96828
1.0093
4.8978
15.311
17.498
6.7143
16.711
9.977
0.93325
4.1495
20.324
6.2661
9.528
10.328
14.093
22.131
10.544
8.5507
16.181
16.144
6.5313
1.2618
18.707
4.5814
13.428
8.0353
12.972
13.152
6.4863
16.181
12.246
12.589
7.7625
17.783
12.388
2.3174
1.9143
4.8306
0.88512
1.6558
0.90365
3.9355
3.7931
7.6033
0.8147
2.9444
1.0839
1.2764
7.4817
13.646
12.882
10.257
2.3659
15.668
9.3972
12.474
5.0003
1.9275
1.4757
0.89331
0.877
0.80168
1.4655
2.2182
5.0582
7.3621
3.8815
0.8414
0.96161
0.77983
0.9528
0.82224
0.87498
0.9247
0.83753
7.4302
7.925
2.2182
2.2751
1.2503
2.7925
1.8197
11.324
11.535
26.122
14.388
15.101
10.74
11.508
7.8343
1.1143
0.92897
7.8705
14.093
14.488
7.4473
9.5499
16.293
6.7453
4.0272
9.1411
4.7206
0.93972
1.5631
4.7098
0.85114
0.98401
0.96828
6.1802
6.8234
7.4473
0.82414
0.89743
0.83946
0.8995
0.81658
1.1298
0.81283
1.4894
0.80538
6.1094
6.4269
6.6069
9.4624
5.9566
15.922
2.5942
0.72277
0.74817
0.85507
0.85704
0.86497
0.8531
1.9187
1.0641
0.9528
1.6444
0.98401
1.714
1.762
3.6058
1.9275
0.76384
0.90782
0.84528
0.82035
0.7656
0.82414
0.75858
0.79799
0.81283
0.8414
0.80724
0.73961
0.8356
0.77983
0.74817
0.77625
0.77983
0.93325
0.86497
0.7925
0.68234
0.77268
0.76033
0.85507
0.91833
0.72277
0.97724
0.79433
0.74645
0.80168
0.71121
0.81658
0.76913
0.7656
0.77804
0.8091
0.74473
0.97275
0.84528
0.86298
0.79068
0.81283
0.7656
0.74302
0.83753
1.0186
1
0.81283
0.71779
0.9528
0.7925
0.84333
1.39
0.90157
1.3032
1.0765
1.1455
1.135
1.4488
0.96383
1.5631
0.98401
1.0423
0.79983
1.0399
0.81846
1.1246
1.4928
0.85901
0.98855
0.75162
0.85114
3.1915
2.2961
2.541
1.3062
1.7258
0.75336
0.8147
0.79983
0.89125
0.98628
0.83368
0.86497
0.7709
1.8281
0.78705
0.79983
0.79799
0.87498
0.80168
0.81846
0.75509
0.82604
0.75336
0.92045
0.86099
0.83946
0.78343
0.8531
0.8531
0.877
0.91411
0.79799
0.85901
0.82604
0.90782
0.95499
0.91622
0.78886
0.78886
0.93756
0.81096
1.3305
0.87498
0.90991
0.8356
0.79433
1.4421
15.922
11.117
11.455
2.0893
17.14
11.169
16.52
14.454
1.1668
1.1912
7.3282
6.1235
1.4388
4.121
12.531
23.388
12.218
13.521
13.996
1.0023
5.9429
0.84333
0.84723
0.9528
0.8531
1.1246
3.8815
17.701
13.397
6.1802
8.5114
5.8345
1.3274
5.5208
1.1169
1
1.0139
0.98175
1.0139
0.8414
2.4155
2.0845
1.074
0.91201
0.9247
1.1535
0.9977
0.95719
6.9183
3.6644
3.6559
0.88512
1.0093
0.9247
0.81846
2.2284
6.0674
15.276
15.668
8.4723
8.3946
0.78343
7.1779
9.247
14.093
12.531
0.86896
0.94189
1.2882
0.7925
0.90782
2.6242
7.4473
14.757
23.659
15.101
9.1411
8.3753
6.2373
17.66
15.311
7.6913
4.8417
6.3387
5.3703
0.82794
0.77268
0.8414
0.82035
0.79433
0.89125
0.87498
0.82794
0.97949
1.5453
0.89536
1.8113
1.0666
3.5645
1.7989
8.1096
17.824
10.304
14.894
11.858
8.5901
15.704
1.1324
4.2658
9.4406
18.923
11.169
13.183
20.045
11.83
1.4421
0.8531
3.3729
11.117
4.0738
5.0582
15.488
9.3325
7.2778
14.191
15.631
2.6977
15.776
24.434
0.89536
6.3973
10.94
1.2388
1.3092
1.1092
1.219
3.2509
8.4723
3.4834
0.82985
0.70958
2.2646
0.76033
0.74645
1.1298
2.0277
5.7943
2.4946
2.884
0.79983
0.7709
0.72277
0.76913
6.7453
15.382
9.1622
6.792
19.055
6.7143
8.147
5.0933
2.9854
0.90991
1.1695
12.023
2.851
16.181
13.459
12.274
8.9125
1.8836
2.1528
5.2
13.274
14.454
5.2602
8.9536
4.2954
11.995
13.274
9.6383
7.9983
4.1305
1.8281
8.2604
1.0023
7.7446
11.912
6.9343
1.0617
0.89743
2.851
15.704
13.305
12.474
7.925
14.488
7.9433
8.4333
7.709
0.8356
0.86696
6.0814
17.783
13.397
0.82224
0.97051
1.1143
1.0715
0.76736
0.81846
0.79433
5.3827
15.031
0.76208
12.218
17.66
9.0157
10.666
11.641
11.588
1.6558
5.0699
7.7983
7.5858
10.186
4.6881
9.9312
8.5114
11.194
10.617
9.528
12.706
0.87902
1.2706
8.2794
9.0157
8.3176
0.98401
6.6374
4.6989
1.3552
1.5205
1.3804
2.9242
2.3496
12.445
8.091
4.7315
18.535
0.93325
0.93756
0.83368
4.2756
5.42
9.4842
9.9083
1.4521
0.92257
4.3652
1.4191
0.93541
0.95719
0.7925
0.84918
0.8531
1.0328
2.8708
9.7949
0.84723
0.99083
0.94624
9.5719
10.233
0.9506
4.0644
7.3282
8.7297
10.162
6.2951
0.86298
0.87297
12.677
12.794
15.453
13.9
10.789
16.904
1.7258
7.8886
5.0003
1.0715
3.9084
7.6033
0.8414
5.0466
5.7943
1.8578
0.85507
1.5346
3.0061
10.715
15.596
5.5719
4.5186
4.7098
7.3621
7.3114
3.4041
20.701
10.914
8.9743
1.122
16.181
11.35
18.03
3.9355
15.241
8.531
13.032
12.882
8.9743
7.2611
14.06
23.067
14.028
0.97724
1.1722
0.96161
2.133
15.776
5.781
7.3621
0.91201
0.93756
1.0789
4.6238
9.2683
6.9984
10.375
1.1749
2.5704
18.75
2.5061
10.914
8.8105
9.4406
0.87902
0.89743
0.80538
1.4723
3.0409
20.184
9.3111
15.776
5.821
11.614
7.0469
0.97949
1
1.5031
5.6754
10.691
8.9536
2.8708
1.7701
8.77
7.9983
13.152
1.4488
4.1495
13.552
16.181
10.965
7.1285
11.803
17.1
0.95719
0.84723
1.7418
5.8076
11.83
5.8749
0.9247
3.6475
4.9774
0.88105
9.8855
12.706
5.445
10.093
14.791
16.749
19.099
11.402
5.4075
1.2474
11.143
17.66
13.996
8.4333
3.4119
0.80168
0.86696
0.78524
0.84528
1.7906
3.7844
1.0093
1.1967
1.6444
1.2942
7.4989
14.962
13.428
16.672
8.9331
12.05
14.689
11.749
6.3533
9.7051
13.274
6.0395
13.709
2.673
0.86896
1.2735
11.402
4.8865
5.1404
11.614
5.8479
10.351
8.892
8.9125
2.5177
12.023
10.864
12.303
9.7949
6.8549
15.56
0.94406
0.97499
1.0116
13.062
10.789
15.812
13.305
0.8995
1.0209
0.98401
0.88512
0.82985
0.71779
1.8664
15.066
1.7539
11.668
19.364
13.804
7.4302
4.5604
16.866
11.117
21.528
7.5336
1.4588
11.482
8.8308
15.311
10.99
3.1842
8.2794
13.521
18.155
0.8892
2.2029
14.859
1.4622
1.7022
1.0691
10.965
22.803
12.134
19.953
12.106
13.709
8.9331
16.293
15.631
18.03
10.839
10.471
10.641
0.85507
6.7608
15.959
10.765
16.788
13.335
16.331
6.6988
11.194
4.5814
6.7143
0.8531
0.84333
11.803
20.324
0.87498
0.87297
1.9231
18.535
18.113
6.4417
6.3387
0.89125
0.87096
1.7179
6.8077
12.445
11.668
0.77804
0.77983
1.5066
14.791
20.045
14.256
15.417
13.428
1.3996
5.6494
1.1695
6.3387
16.672
22.387
10.162
6.8549
22.336
1.3677
1.5596
1.2531
1.5311
1.7539
1.3062
1.2246
11.561
2.1577
1.5596
1.4962
12.764
18.113
18.836
16.596
17.66
8.091
2.9309
13.459
15.066
16.596
3.6559
19.099
16.634
15.74
0.91833
0.9247
0.91201
1.0209
0.86099
0.89331
0.81283
1.2023
0.83946
1.5596
11.482
4.8529
0.8531
0.89331
1.9907
15.849
12.162
23.605
10.839
9.6828
6.0814
9.6605
14.588
7.3114
10.94
3.8726
5.2966
6.7764
20.512
26.607
16.069
7.5336
16.749
14.289
0.93111
1.0965
1.0186
0.98175
2.7102
2.6062
11.776
17.298
18.155
13.996
12.474
35.975
15.885
9.7499
21.33
26.303
20.701
16.106
12.823
17.179
17.022
10.52
26.485
13.677
23.55
4.592
4.0272
15.488
2.4889
2.0654
15.885
20.324
8.5704
20.701
13.868
13.996
22.542
16.634
19.861
12.134
1.6069
1.3646
1.3646
16.181
19.409
12.359
18.365
21.478
12.445
21.979
10.94
14.421
15.488
2.2646
2.9992
7.9983
32.659
9.9312
13.122
14.158
13.49
7.6208
16.711
12.531
17.418
18.45
10.471
1.1535
4.3251
6.9823
18.323
