2.2387
16.106
7.2611
10.328
1.2794
1.1995
1.2445
1.4223
0.95719
2.4491
6.7298
0.93541
1.0375
0.84333
1.5101
0.97051
0.87297
0.99541
3.9264
3.9719
4.3551
9.9083
10.233
9.7724
0.93541
1.2162
3.0832
1.0789
11.508
1.406
0.81658
0.7656
0.97499
0.76208
0.73282
0.75858
0.98855
0.72946
0.77446
2.8379
10.139
12.503
10.839
11.143
10.889
0.8091
5.3456
3.0974
2.2336
8.6696
3.8994
1.5488
1.5453
1.5101
1.5241
1.094
1.3552
1.4322
11.995
10
11.749
12.023
9.9312
7.1779
13.213
10.814
1.7298
6.1518
0.83946
11.324
14.723
6.7608
4.6666
9.3111
11.722
12.589
8.892
8.7498
11.35
4.1976
9.977
12.647
10.715
12.05
11.912
1.9498
3.1989
6.9024
10.023
10.186
12.706
8.1658
9.977
11.912
12.853
1.574
1.3062
8.1846
13.868
11.614
12.274
13.213
8.2224
0.90573
0.97949
6.792
11.324
11.776
9.9083
1.0666
1.4355
7.709
1.0814
3.0761
8.5114
9.3541
10.257
9.528
8.6298
9.9312
11.776
10.233
11.94
9.6828
7.6208
11.668
7.0795
7.2277
7.2778
7.5858
0.90573
0.91833
0.79433
9.2045
9.6605
10.666
1.9364
4.6452
8.3946
10.666
10.94
10
10.765
9.528
10.789
10.965
6.9343
1.0233
5.188
8.3946
11.668
11.298
10.069
9.7949
9.4406
10.209
9.8855
10.023
9.3541
7.925
10.023
10.257
6.0674
1.7498
0.93325
1.0495
1.194
1.2794
1.1803
0.9528
1.7539
5.6885
9.9312
8.0168
8.147
10.715
9.4842
8.2414
11.041
8.892
8.6696
10.139
11.117
7.3451
5.7943
9.4624
9.4406
11.429
11.143
9.0157
0.98401
3.9446
6.166
1.3552
1.2162
3.0832
0.92897
1.8281
7.4302
11.641
9.9083
11.298
8.4333
7.145
4.7315
11.641
11.455
8.9743
11.776
7.709
3.0761
3.0761
0.97051
0.73114
0.75336
1.2023
0.72111
0.93325
2.884
7.2778
9.4624
9.4189
11.455
9.1201
14.289
15.488
10.162
7.9068
9.2045
11.402
8.2794
10.617
11.246
10.814
9.6161
8.3176
8.9536
6.5013
5.0933
3.9084
0.98855
1.0789
1.762
1.4322
1.9861
0.98628
1.2218
9.6383
8.6497
10.593
10.74
10.691
7.2277
8.7096
9.3325
10.023
8.77
8.4918
8.6099
8.2035
3.1696
0.88512
0.87297
1.3677
0.79799
0.83368
0.94624
0.80168
1.0471
1.7338
0.6792
0.7145
0.69183
1.5276
0.72277
0.71121
0.70469
0.66834
0.69502
0.70958
0.72111
0.70146
0.69984
4.9431
4.0551
1.1117
1.3868
1.0304
7.7268
9.8628
11.402
8.8105
2.1429
0.86298
0.76913
1.2162
0.79068
0.71945
1.1668
0.94189
3.0549
1.2331
1.2764
1.1722
1.1092
1.1668
1.2942
1.1015
0.70469
0.68865
0.70632
0.71945
0.74302
0.8147
10.715
7.2277
17.783
7.5509
8.5114
8.6497
8.1096
0.89743
0.8995
1.0593
1.0186
0.9977
0.8414
5.3951
9.5719
9.528
9.2045
8.3176
9.4189
11.912
9.5499
7.1779
1.0471
0.91833
0.83176
0.82414
0.76913
1.2134
5.1523
0.75162
0.94842
1.1588
0.69984
2.2491
6.8865
11.066
8.9331
11.298
12.794
10.99
12.023
8.4333
12.162
10.94
9.6161
9.2257
11.508
3.3729
3.3884
6.2951
11.246
14.521
10.351
9.0573
9.7275
10.351
7.8886
15.311
9.6828
9.2257
8.356
9.4842
11.535
9.8401
3.6813
4.9091
8.2035
9.8628
8.147
2.851
2.2491
5.902
9.3972
10.99
9.977
8.7498
10.209
8.5901
7.4645
0.76208
0.69502
8.0168
7.6736
7.7625
8.7498
10.471
7.3961
6.166
9.3325
9.594
8.4333
9.8401
8.147
9.594
10.99
8.9536
8.2035
1.4125
0.96383
0.91411
0.85114
0.91622
1.1143
0.90573
0.8414
0.87498
0.80538
0.83176
0.7379
9.3541
5.5976
2.3933
2.5061
1.2331
1.1535
8.9743
7.8705
9.2897
8.147
10.399
9.3325
11.298
10.233
8.1658
8.0538
10.889
7.7804
8.5704
0.73621
1.2274
2.8973
10.666
9.9083
8.8308
9.0157
9.7499
10.209
8.6298
2.3281
5.8749
9.7275
8.7498
10
11.482
10.162
11.117
9.6828
10.023
9.1833
9.8401
7.8343
8.9536
10.593
0.8414
0.77268
0.82604
0.85114
0.7925
0.75162
0.76208
8.147
6.368
1.1246
1.1272
1.074
1.2882
1.4894
1.5417
6.792
10.715
9.3541
9.3325
9.506
10.069
7.8705
10
9.0573
10.116
9.506
10.186
10.864
8.4333
6.7764
9.1622
9.1833
9.3972
7.0469
11.015
9.7949
3.2434
8.356
8.6099
7.5683
7.3961
9.594
12.134
10.186
7.9068
3.7068
1.5311
5.6364
10.74
8.5114
9.3541
9.7499
10.889
9.7724
9.5719
9.4189
9.1411
10.839
9.4406
6.8234
7.6384
8.9536
9.5499
3.6559
0.79983
0.8995
0.74131
0.86696
0.78163
0.81846
0.78886
0.78705
4.6666
1.2735
0.67298
0.94189
6.1094
0.79068
1.8923
7.709
9.3972
7.925
9.4624
9.7051
7.1121
10.447
10.765
9.2045
8.4723
12.417
9.0157
7.709
5.8614
1.6596
11.749
11.246
10.889
9.7051
9.8628
12.023
9.7949
9.1833
9.6605
8.8512
6.2806
1.2417
10.116
11.695
10.495
7.9616
8.0538
8.6099
1.8493
0.8414
4.3752
11.066
10.666
8.5901
17.742
12.134
9.8628
11.092
9.8175
9.7724
10.116
18.408
10.423
10.666
9.977
8.4333
9.5499
8.9536
8.5901
10.789
10.52
10.94
9.506
9.7051
10.839
13.122
7.3451
1.7418
1.2618
1.8155
10.789
10.691
8.5704
9.3541
16.711
10.641
19.588
10.94
10
11.83
10.233
10.399
9.8175
9.3111
12.677
11.015
11.272
7.4989
7.7804
0.90991
1.0046
0.9594
0.8995
0.8531
0.72946
0.89536
0.84918
0.78343
0.91411
0.91833
0.76736
0.8147
1.2823
0.86099
0.7379
0.84723
0.78343
0.87297
0.76384
0.87498
0.81283
0.79799
0.76913
1.1561
9.3972
5.1642
9.528
8.414
12.706
12.218
11.402
10.257
10.423
9.594
10.568
9.0991
10.965
9.9312
9.1411
11.041
8.6298
8.5507
8.1283
10.375
11.83
14.928
11.246
8.5114
6.4417
11.402
11.143
9.8401
12.19
11.35
7.9983
9.7499
11.143
11.117
14.388
10
10.162
2.1979
10.94
11.722
10.423
9.6383
9.1833
6.8077
0.76736
0.99083
2.7227
13.152
20.417
9.977
10.139
9.4189
11.35
11.83
10.023
8.3946
12.162
7.4131
1.028
0.79799
1.4388
7.7446
7.9616
2.2909
1.1641
8.2985
9.7499
10.544
11.967
6.6527
8.8716
8.0353
10.715
10.789
8.8716
9.528
10.94
7.7268
1.256
0.81096
10.617
11.092
8.6497
6.5615
9.1833
12.647
9.8401
10.568
10
10.568
11.776
10.186
11.722
9.4406
11.066
12.474
10.839
9.0157
8.9743
13.335
8.2224
8.2224
9.8628
10.233
13.614
9.9083
11.722
9.594
10.814
11.376
10.471
9.5499
9.7275
11.35
19.454
2.3442
0.90157
1.183
9.9312
10.544
18.535
10.715
11.324
11.402
8.6298
9.3325
7.0469
9.247
12.735
8.5114
1.0069
7.3961
8.8105
11.614
10.544
9.8401
11.117
10.94
12.618
11.194
16.866
12.246
9.2045
9.1833
9.4189
8.4333
6.9502
10
10.666
10.046
11.376
12.503
14.791
11.858
7.8343
1.6596
8.8716
11.614
11.695
8.7096
8.8105
8.147
10.691
8.2604
11.246
12.134
10.139
8.2985
7.2611
10.116
11.22
8.3176
8.3753
10.593
8.0538
8.8105
0.72444
1.7989
6.8391
12.794
10.139
1.3932
1.8113
9.5719
11.885
12.19
10.544
13.305
10.209
8.7902
9.8855
10.375
0.90782
0.86696
0.91622
0.82604
1.0046
0.89536
0.84918
0.76736
0.96605
0.81096
0.77268
0.86896
0.7656
0.76208
0.78343
0.90157
0.83176
0.77446
0.73961
0.74131
0.86696
0.77268
0.74131
0.82985
0.8356
0.78343
0.7656
0.76384
0.78163
0.78705
0.73961
0.76913
0.74817
0.82985
0.76913
0.8414
0.8147
0.76033
0.78524
0.81846
0.85704
0.77625
0.76033
0.98855
0.76033
1.0351
0.80353
0.81283
0.81096
0.68077
0.77625
0.71121
0.70632
0.97275
0.78705
0.7656
0.78163
0.81283
0.72778
1.4928
0.74817
0.71945
0.72946
1.0328
1.028
1.1695
1.7022
13.032
11.376
10.568
10.257
11.535
11.588
9.9312
8.8308
9.247
8.5704
10.715
15.596
12.474
11.169
15.812
12.677
11.912
15.241
10.914
9.506
11.246
8.4528
10.52
13.366
15.382
11.614
12.134
8.8512
8.3946
12.942
9.3972
8.6896
8.3946
10.889
9.528
11.117
12.531
11.535
9.6383
8.2794
9.5719
10.52
10.666
9.8628
8.9536
17.947
1.1143
0.96828
1.4125
11.066
9.594
9.9541
10.495
8.0168
10.568
8.0168
7.656
0.91622
0.82985
0.92897
5.1761
3.9719
8.091
10.257
11.015
12.162
8.8512
11.482
9.3541
7.1945
8.8716
5.6234
6.3387
7.7625
11.668
12.972
9.7724
8.8716
6.5013
9.1622
10.495
9.8401
14.555
8.531
7.2444
9.6828
11.22
7.4473
8.7297
11.376
11.376
11.143
12.417
8.7498
8.2414
12.274
7.4645
2.3823
1.1668
6.3096
10.116
9.3972
11.912
10.447
11.508
11.169
21.429
12.218
9.3325
9.247
11.092
9.6605
7.656
7.9616
9.0157
13.152
11.194
8.9536
10.28
10.28
7.1285
0.79616
0.81658
0.88308
0.78163
0.8531
0.80724
5.1168
6.3096
1.4289
1.1455
3.9537
1.9454
1.8707
3.4041
1.2218
2.2029
2.7669
12.764
10.093
9.7499
9.247
7.8705
10
7.925
9.4406
9.247
10.965
10.139
12.794
7.9433
10.765
12.218
9.2683
8.0538
9.3972
7.379
11.092
7.7268
7.3114
9.506
8.1658
0.93972
0.87498
0.83368
0.87096
0.84528
0.89125
0.90782
4.2954
9.7051
8.5704
7.9616
12.05
11.22
7.0632
9.247
9.977
10.74
11.803
8.0353
9.3756
8.4333
10.839
10.617
9.1833
10.495
14.454
0.96828
3.5975
13.583
10.889
8.8716
9.8175
10.471
8.9331
9.9312
10.691
11.482
9.247
8.9536
10.069
8.5507
13.366
11.614
12.162
10.046
10.423
9.2045
10.328
6.1094
8.4528
9.0991
9.0157
10.889
9.3325
10.593
10.28
0.94189
1.3305
1.3552
6.6681
11.169
11.668
9.8175
5.6885
9.6605
9.6605
19.011
12.589
10.069
10.864
10.666
12.246
9.0782
9.7275
10.28
12.764
11.194
12.56
8.7297
11.066
10.069
9.2897
9.6605
10.789
9.6383
11.858
8.77
10.447
8.7902
11.858
9.8855
10.889
8.9125
11.508
13.397
10.666
8.3753
6.8865
1.1015
9.2897
9.1622
9.9083
9.5719
8.8716
11.508
1.1776
1.1066
2.0749
4.5082
11.143
10.28
11.749
10.093
10.023
9.9541
8.7498
9.6828
9.0365
8.9743
10.74
8.995
10.28
9.6828
9.4842
9.4406
4.9317
8.1283
10.139
15.346
11.588
8.1658
11.722
9.6828
11.22
12.531
11.508
9.7275
11.194
1.6672
3.7931
11.776
8.9743
8.2224
11.803
10.069
6.4565
3.062
0.84918
0.79799
0.79983
0.81283
0.74645
0.7925
0.77268
0.76736
0.80724
0.76033
0.79068
0.7709
0.81283
0.79616
0.79983
0.79068
0.75336
0.79068
0.70958
1.3677
0.7925
0.74131
1.2303
1.7865
0.84333
0.97275
0.88512
0.77625
0.7925
0.88308
0.73114
1.135
0.77446
1.3583
0.75509
0.8892
0.77804
0.74302
0.85704
1.3002
0.74989
1.0617
0.80353
1.8155
3.4514
11.169
9.9083
10.351
8.9125
11.561
11.376
15.959
12.677
10.593
10.839
12.162
11.376
10.328
12.972
8.2794
8.6298
11.508
10.233
7.1285
2.8054
1.6596
1.2618
1.574
0.83368
12.942
13.243
8.5114
13.366
11.912
10.715
12.134
9.3756
9.7724
11.995
10.233
9.0365
11.041
9.7949
12.794
7.7983
12.388
14.028
9.5499
11.015
9.2897
3.9264
11.482
11.429
13.243
11.776
14.355
17.1
10.209
10.046
10.99
12.246
11.117
9.8401
1.028
8.995
9.9312
10.789
9.8855
7.7446
8.0724
10.641
10.471
9.1622
8.091
9.5499
9.2897
11.092
11.588
9.9083
12.303
9.4842
9.4624
9.9541
11.066
11.967
9.5719
9.8628
10.666
7.0795
5.9979
11.641
10.814
12.023
12.246
15.885
8.8308
8.6896
9.2045
16.181
10.447
21.33
12.274
7.6208
11.169
10.965
12.589
9.4842
8.8105
8.8105
0.7709
0.82414
0.88512
0.82794
0.86099
4.1495
13.964
10.023
12.246
10.864
9.7275
9.8401
12.106
12.218
13.868
16.866
12.474
11.94
11.246
10.304
11.995
10.864
8.8105
9.2683
9.5499
9.8855
9.0157
8.4918
1.0233
5.781
9.247
10.304
12.942
8.995
10.257
9.0782
10.471
9.1622
9.3972
9.8855
9.3325
11.668
11.749
10.568
7.2778
9.2257
9.506
14.421
1.714
1.1588
5.3827
1.5776
1.2942
17.061
10.99
13.459
11.588
11.803
9.2045
8.7902
9.247
9.9083
9.0782
11.535
10.965
9.6383
9.5499
9.3972
9.3972
9.1411
11.402
12.078
9.506
9.6383
0.79799
0.8531
0.77268
0.7656
0.80724
0.79068
0.80353
0.87902
0.8147
0.82035
0.83946
0.89125
0.74817
0.79433
0.89536
0.77446
0.82414
0.74989
0.76033
0.72444
0.7925
0.73621
0.79433
0.76913
0.85704
0.90573
0.75336
0.81096
0.77268
0.78163
0.81658
0.74989
0.73961
0.70958
0.69183
0.9528
0.76033
1.6749
0.69502
0.73621
1.4488
1.0375
0.9506
1.3335
1.7061
3.2211
0.71121
0.73961
0.91833
1.0593
4.9888
10.715
12.503
12.388
12.647
11.376
10.789
11.429
6.9343
16.904
12.417
16.749
12.445
14.588
9.977
12.912
12.445
10.069
9.6605
7.9068
10.304
11.22
9.6828
10.765
9.4406
9.0157
11.092
11.561
9.9541
9.4406
9.0365
11.995
12.764
13.032
7.6736
8.2414
8.5704
6.8077
8.6298
8.2224
8.6298
8.8716
1.2735
7.8886
0.86099
1.9275
2.9785
0.70795
1.1246
4.7206
0.77446
0.74989
0.83946
1.5488
1.2618
0.91622
10.666
13.459
0.71779
0.73961
0.75336
0.69024
0.72277
1.0351
0.93111
1.0046
1.3521
0.98855
1.1402
1.219
0.71285
0.68865
0.68234
0.68707
0.69984
0.70146
0.68234
0.70469
0.9977
0.71779
0.76913
0.72111
0.70469
0.70307
0.73451
0.73282
0.69823
0.73621
1.0495
0.72778
0.71779
0.67298
0.69183
0.69343
0.69663
0.6792
0.71121
0.74645
0.68707
0.69663
1.135
0.7379
0.69502
0.68234
0.69984
0.69183
0.70632
0.70146
0.70632
0.67764
0.72444
0.67298
0.68391
0.80724
0.67764
0.70146
0.71614
0.72946
0.69024
0.69984
0.70146
0.68549
0.70469
0.73451
0.70795
0.77625
0.71121
0.73961
0.76736
0.7656
0.69663
0.72611
0.70469
0.72611
0.78343
0.74473
0.69502
0.68549
0.71121
0.73621
0.69984
0.77804
0.71945
0.76033
0.77268
0.82794
0.76736
0.73451
0.76384
1.2106
1.0691
0.67453
0.71121
0.71614
0.70795
0.72946
0.72111
0.71945
0.75858
0.68549
0.6792
0.71121
0.70632
0.68707
0.70469
0.72444
0.70958
0.72277
0.70632
0.69343
0.69343
0.74302
0.70958
0.75509
0.72946
0.71121
0.72444
0.72611
0.69984
0.72444
0.70795
0.72611
0.73621
0.7709
0.70795
0.70469
0.7145
0.71779
0.73282
0.70795
0.7145
0.77446
0.72611
0.72611
0.69823
0.70146
0.73114
0.72277
0.71779
0.68707
0.71945
0.68865
0.73961
0.73114
0.68234
0.71285
0.66834
0.73621
0.70958
0.68077
0.7145
0.70146
0.68865
0.72277
0.74817
0.69183
0.75858
0.74131
0.74473
0.7145
0.74989
0.7379
0.73114
0.70958
0.83176
0.85114
0.7709
0.76913
0.79068
0.79616
1.1092
0.93541
0.77268
1.1561
1.2618
0.94842
0.67608
0.7145
0.71285
0.67608
0.69984
0.70958
0.69502
0.71945
0.7145
0.7656
0.70146
0.75336
0.70958
0.70632
3.3266
1.194
0.82794
1.099
1.0814
1.1695
1.1885
0.95499
1.0093
1.2503
1.3397
1.2735
1.3459
1.0375
1.1143
0.99083
0.71614
1.1722
0.89125
0.73282
0.82414
1.574
1.1482
1.3032
1.3152
0.72277
0.71945
0.72611
0.70632
0.69663
0.75336
0.7145
0.82224
0.71285
0.85507
0.71285
0.79616
0.83753
0.8147
0.71945
0.87096
0.74645
0.70958
0.72111
0.84333
0.69984
0.69984
0.86896
0.70307
0.75683
0.72444
0.73621
0.74817
0.68391
0.71779
0.69502
0.68707
0.68391
0.71121
0.66834
0.73282
0.72277
0.72946
0.68865
0.79433
0.67764
0.72946
0.6792
0.71614
0.90365
0.72277
0.74645
0.71779
0.71945
0.66681
0.71779
0.70146
0.68707
0.69183
0.70307
0.70632
0.74131
0.74989
0.71285
0.75858
0.69663
0.68077
0.67453
0.69183
0.69823
0.66988
0.72111
0.69024
0.68549
0.76384
0.74473
0.69343
0.69823
0.6792
0.69024
0.72111
0.70632
0.69823
0.7379
0.68865
0.74473
0.71121
0.72946
0.69343
0.74302
0.72444
0.73621
0.71614
0.72611
0.69502
0.71121
0.74645
0.83176
0.73451
0.68865
0.73114
0.73451
0.68707
0.69183
0.77268
0.73961
0.68707
0.68077
0.73451
0.86696
0.68391
0.66834
0.69024
0.70469
0.71285
0.81658
0.67453
0.66222
0.67453
0.69502
0.70307
0.73114
0.68707
0.73961
0.70958
0.71614
0.74473
0.69024
0.69663
0.71121
0.69663
0.70795
0.76033
0.72277
0.68077
0.70146
0.71945
0.92897
0.72946
0.72444
0.70307
0.70307
0.72444
0.69823
0.72778
0.91201
0.70958
0.73282
0.69663
0.68391
0.66988
0.69663
0.71285
0.68549
0.72111
0.67298
0.69024
0.69343
0.74302
0.68549
0.69663
0.66834
0.65766
0.70632
0.82224
0.7145
0.93541
0.84333
0.71945
0.69024
0.70958
0.72444
0.73621
0.8091
0.7379
0.7379
0.80168
0.70632
0.69823
0.68077
0.70958
0.66988
0.67764
0.68234
0.73961
0.79799
0.76736
0.70146
0.7656
0.74131
1.0233
0.72111
0.68865
0.73282
0.66681
0.68391
0.73451
0.66222
0.72946
0.66834
0.73282
0.80168
0.69823
0.67608
0.69343
0.69663
0.7379
0.74131
1.0715
0.71285
1.1508
0.80353
0.70795
0.77983
0.78705
0.8892
0.96828
1.2794
1.2942
0.77268
0.9247
0.82985
0.71614
0.69823
0.68234
0.70632
0.70469
0.69663
0.82794
0.68234
0.69823
0.68549
0.69183
0.72111
0.71945
0.79433
0.70146
0.69823
0.73621
0.70795
0.90782
0.69343
0.68077
0.72946
0.69823
0.69663
0.70307
0.76033
0.8147
0.69024
0.66222
0.6792
0.68865
0.68707
0.66681
0.90365
0.69024
0.72444
0.72611
0.69663
0.73282
0.75162
0.70146
0.70958
0.77268
0.76208
0.67608
0.68234
0.72277
0.71121
0.72444
0.8356
0.68549
0.71779
0.70307
0.70632
0.7379
0.66988
0.71285
0.71121
0.7145
0.71121
0.69823
0.75858
0.73961
0.71121
0.70958
0.71121
0.70958
0.74473
0.69663
0.65464
0.75336
0.75509
0.71779
0.70469
0.74645
0.75858
0.72946
0.79433
0.72111
0.70795
0.70632
0.67453
0.71285
0.72611
0.66527
0.75162
0.69502
0.68707
0.74645
0.73114
0.73961
0.68549
0.72111
0.70146
0.73451
0.84333
0.93972
0.70795
0.70795
0.72778
0.71614
0.86497
0.85114
0.72946
0.8091
0.77268
0.75336
0.74645
1.1588
0.79983
0.71121
0.70469
1.3459
1.219
0.84333
0.80538
1.0304
1.0593
1.0023
1.1995
1.0351
1.1143
1
0.99541
1.1695
1.1641
2.6242
1.2445
0.71285
0.69343
0.70307
0.70958
1.3552
0.94406
0.72444
0.71614
0.71945
0.69663
0.68865
0.70146
0.72611
0.70958
0.68391
0.73114
0.70632
0.66988
0.71614
0.73961
0.69183
0.69343
0.67298
0.73961
0.7656
0.71945
0.70146
0.69984
0.74302
0.7145
0.68549
0.72444
0.69024
0.70307
0.72111
0.76033
0.68234
0.71945
0.69984
0.79068
0.69502
0.70307
0.70632
0.7379
0.93756
0.72277
0.69984
0.69984
0.72111
0.68549
0.71779
0.70146
0.72611
0.7145
0.76384
0.76913
0.7656
0.6792
0.71121
0.74817
0.70795
0.74645
0.71121
0.9506
0.71121
0.68549
0.70795
0.71614
0.71614
0.7145
0.70307
0.70795
0.75858
0.68865
0.68707
0.74131
0.68391
0.67764
0.69183
0.70469
0.7145
0.69024
0.64863
0.71285
0.71121
0.7145
0.69502
0.91622
0.68391
0.70469
0.72946
0.70632
0.70146
0.74131
0.70469
0.71285
0.68865
0.71779
0.72946
0.72111
0.69663
0.71121
0.70469
0.70307
0.66527
0.68549
0.71945
0.70795
0.67764
0.69823
0.7379
0.69502
0.72444
0.70469
0.68865
0.7145
0.68549
0.69343
0.74131
0.71945
0.72611
0.69984
0.68391
0.68865
0.66834
0.70146
1.5136
0.77625
0.8091
0.9506
2.0091
6.5464
7.2778
9.3111
9.1833
9.8855
11.376
13.335
13.583
12.972
12.853
10.94
11.298
11.376
10.069
8.3753
11.885
14.421
13.9
9.1622
10.593
13.552
9.9312
9.7724
9.8401
11.695
12.274
9.8628
0.76033
1.1561
13.9
12.331
12.445
12.388
12.023
11.22
12.388
11.22
14.191
9.977
13.964
14.454
12.274
13.243
10.94
10.423
7.9799
9.6161
10.74
11.298
12.359
11.117
12.274
11.967
14.655
15.668
11.561
12.677
11.298
16.069
10.715
11.429
11.092
10.186
11.885
9.9083
10.789
10.328
10.186
15.241
11.35
9.5719
10.471
9.4406
7.5509
12.19
11.749
12.078
10.023
11.508
8.6896
9.0365
3.7931
0.82604
0.92683
4.3152
14.555
8.5704
14.158
16.904
13.274
8.7498
7.3621
14.191
11.94
13.74
12.56
12.764
9.9312
14.555
11.858
11.995
10.568
12.331
12.706
11.94
11.143
11.455
8.7297
9.3111
8.2414
9.0157
10.116
10.139
11.041
7.6384
10.914
1.2162
1.4223
10.965
17.783
13.213
12.246
9.0157
13.335
9.4842
10.914
9.6605
13.996
9.3111
12.19
2.4491
2.1528
3.1623
9.7724
13.614
11.94
9.528
8.7498
10.593
12.05
11.324
9.0991
11.117
11.272
14.689
11.429
16.866
11.041
10.351
11.376
11.117
8.8105
11.194
8.4333
9.0365
0.84723
1.2106
7.2611
9.9541
10.839
9.1201
8.8308
10.889
13.152
8.414
8.147
8.091
9.6161
11.376
17.66
9.3756
12.56
11.695
9.4624
11.885
10.139
3.6644
5.445
9.8175
10.691
13.122
11.376
9.594
10.715
9.3756
11.169
10.889
10.162
11.092
12.56
10.351
10.375
9.7949
6.9663
8.6696
13.062
10.023
11.455
13.397
13.062
15.668
9.7275
7.7446
10.023
11.455
10.257
11.455
9.506
9.9083
9.7949
0.83946
0.82794
0.77446
0.75509
1.135
1.0209
3.2211
0.72277
0.72611
0.70958
2.0749
1.2853
1.094
0.91411
0.90157
7.2111
10.52
10.423
14.454
13.243
9.6605
9.0365
9.9541
11.967
11.092
10.864
8.7902
12.531
11.641
9.4189
13.152
16.255
12.388
12.764
9.9312
15.922
8.3946
9.7051
10.186
9.6828
9.4406
0.87096
6.3973
7.145
15.488
10.568
12.246
12.274
10.069
10.617
10.839
11.066
13.868
10.74
11.94
10.691
9.6161
9.3325
11.272
9.7949
11.749
10.046
16.52
10.864
8.3368
16.032
10.471
11.482
9.9312
9.8628
9.5719
11.588
11.376
10.209
10.375
10.495
11.995
13.002
8.7498
9.3972
10.691
13.49
15.885
10.789
11.995
11.272
11.35
12.735
12.162
9.9083
8.2224
0.87498
0.90991
0.8414
0.82035
1.4997
0.82035
0.81283
0.88308
0.79616
0.86298
0.82794
0.87096
0.86298
0.7925
0.81283
0.82224
0.66527
0.8147
1.4521
4.2954
1.6749
3.5318
1.0914
1.1967
11.803
10.139
9.7275
10.257
14.488
12.303
10.94
11.94
17.219
13.122
8.5704
8.2794
9.3756
13.9
11.614
11.668
14.223
10.715
13.552
13.122
9.7275
9.4842
10.162
10.568
10.839
15.849
6.4121
2.799
11.143
12.218
9.3541
10.691
10.209
8.1846
10.715
10.641
9.0573
8.8716
10.691
12.853
12.531
8.8716
10.568
11.967
12.677
12.218
14.191
12.474
12.134
12.417
5.6624
13.804
11.94
12.417
10.139
10.233
10.74
11.776
10.914
11.561
10.839
10.046
10.544
8.6896
11.588
11.35
10.94
10
14.421
12.162
11.402
1.0162
1.3092
1.7947
1.1668
4.2267
12.589
11.041
13.032
11.376
11.749
9.8628
11.614
14.322
10.864
12.56
9.6383
13.062
10.046
10.74
13.213
13.122
12.794
11.015
10.139
10.914
9.5499
4.4055
7.8524
14.962
17.298
13.868
7.5683
8.8512
10.889
11.885
8.995
9.8401
9.7275
10.94
10.52
11.066
21.38
5.445
1.7701
1.5417
5.7943
17.258
10.914
12.56
11.402
10.423
8.531
11.117
7.8886
11.695
13.964
10.069
11.324
10.641
17.824
17.061
11.092
15.417
13.932
12.331
12.647
10.889
10.233
10.495
11.508
8.2224
9.2897
8.3946
16.634
15.417
11.885
9.3756
12.05
11.83
12.853
13.213
12.19
11.117
11.858
8.77
10.74
10.839
11.041
11.066
11.912
3.5645
11.35
15.596
12.531
15.922
11.535
13.122
15.74
11.194
9.3111
7.5858
8.3946
10.641
12.445
9.7275
10.209
0.80168
0.78886
0.90157
1.3868
6.3241
0.79068
0.70146
1.888
2.2856
3.1623
1.0544
1.0186
0.9977
1.1668
1.1066
1.5849
1.7579
3.4834
1.0233
1.3305
10.495
12.677
10.74
10.965
10.495
12.359
10.94
9.3541
13.032
14.06
9.9083
10.789
11.092
9.8628
10.839
9.0365
10.617
10.186
10.965
9.977
4.4259
9.1622
11.35
15.524
12.417
19.907
8.7297
13.583
9.528
7.7983
3.0061
4.9431
9.8175
10.593
12.706
12.303
9.1201
14.859
11.535
11.22
11.455
8.2604
12.445
11.614
9.528
9.4189
10.162
9.506
9.4624
12.912
14.355
11.015
6.2517
9.2257
9.6828
0.69984
0.73114
7.925
12.246
10.375
1.5524
2.0606
1.9861
3.1261
3.6141
13.646
10.304
13.032
12.078
10.889
10.495
7.8163
11.015
9.7499
12.162
8.9331
9.506
10.471
12.531
11.22
9.7499
0.78343
10.423
11.324
10.28
12.218
15.56
11.749
11.885
10.593
11.614
7.2444
11.041
0.68549
0.93111
11.169
12.331
10.069
13.772
9.3325
0.99083
1.5031
1.0069
5.6234
10.864
10.209
11.967
11.298
10.965
8.2224
9.2897
13.521
13.366
12.764
15.417
10.046
10.52
11.535
9.247
9.0991
2.9854
0.88105
0.82414
0.85507
0.77804
0.86497
0.86696
0.6792
0.82414
0.69343
0.91622
0.87902
0.8414
1.845
0.93972
0.88105
0.81096
0.76736
0.8147
0.85114
0.78343
0.87902
1.5276
0.82604
0.70958
5.2602
13.772
10.99
20.654
10.52
10.52
9.2683
10.814
10.116
7.8524
2.4099
13.583
12.445
1.8408
10.965
13.243
12.106
8.1658
11.83
19.231
12.078
3.8637
0.93541
0.91622
1.4028
1.4757
0.7145
11.117
3.0339
6.5615
12.942
13.092
11.668
14.256
10.447
8.6497
11.35
10.023
11.995
9.6828
11.194
11.066
10.617
10.351
10.617
11.169
11.995
11.588
21.677
12.823
10.99
11.376
10.789
12.56
13.397
12.445
15.453
10.839
14.723
10.023
10.94
13.213
10.257
12.618
11.995
9.977
9.8175
1.194
8.2794
14.555
12.706
11.143
12.503
10.617
10.814
12.078
25.942
8.2035
12.417
14.521
12.794
10.233
9.247
9.7275
10.789
9.2045
12.474
10.162
9.7724
1.3092
1.374
6.0954
10.257
10.839
12.56
10.789
10.471
13.274
9.8401
14.488
14.223
11.402
12.706
10.94
8.5507
11.695
9.5499
7.3114
12.134
10.162
14.223
9.7275
8.8512
10.765
10.28
10.617
10.691
11.967
13.428
11.22
11.376
13.092
9.7949
9.0782
9.8401
8.5704
8.8308
9.2683
10.814
10.399
9.0365
8.4528
9.247
9.8855
9.3111
10.666
6.3973
0.67298
7.656
10.544
10.28
13.521
12.735
10.666
8.147
9.5719
8.1283
0.80353
1.4289
0.71779
1.5849
0.70307
0.92683
4.9774
1.0209
0.97275
1.3677
2.037
1.7022
2.8445
1.2677
1.0139
1.1722
1.4689
1.0691
0.71121
0.70795
0.71945
0.7379
0.69984
0.7656
0.69502
0.69024
0.72277
0.73114
0.70958
1.0715
0.72946
0.69183
0.70958
0.73114
0.72111
0.73282
0.71945
0.69343
0.70632
0.70146
0.75858
0.71614
0.70958
0.69823
1.6331
0.82604
0.8414
0.85507
0.88308
0.77446
0.74473
1.1912
0.89536
1.5631
0.90991
1.2912
0.73282
1.0789
0.73114
0.72444
0.71121
0.70307
0.70469
0.74645
0.82794
0.73282
0.73282
0.71121
0.68865
0.73451
0.72611
0.71614
0.71285
0.69823
0.70795
0.78524
0.72277
0.72778
0.74473
0.7379
0.67764
0.71779
0.72778
0.71945
0.77625
0.71121
0.71779
0.7656
0.72444
0.70795
0.73621
0.70795
0.72778
0.74645
0.71614
0.69663
0.72946
0.69984
0.72111
0.73282
0.74473
0.7145
0.7925
0.76208
0.6792
0.7656
0.71945
0.70307
0.70795
0.75336
0.74473
0.71779
0.75509
0.70469
0.7145
0.79616
0.70469
0.74473
0.74817
0.70469
0.72111
0.7145
0.69502
0.70958
0.69024
0.67453
0.68234
0.68549
0.71121
0.68865
0.76208
0.75162
0.70469
0.71945
0.66527
0.71945
0.82035
0.68549
0.70795
0.72946
0.70632
0.70795
0.65917
0.69343
0.71285
0.69823
0.73282
0.66681
0.70632
0.70795
0.70307
0.69663
0.6792
0.75858
0.77804
0.70146
0.72778
0.70795
0.72444
0.69823
0.71779
0.75509
0.74473
0.71614
0.71285
0.68234
0.70469
0.68234
0.75509
0.69984
0.70795
0.71779
0.69823
0.69502
0.68549
0.71614
0.71285
0.72444
0.71614
0.81283
1.5922
1.052
1.1092
1.256
1.1561
1.2647
1.1614
1.4894
1.1695
3.155
0.69343
0.69823
1.1668
0.67143
0.70469
0.69502
0.71945
0.70307
0.75509
0.75336
0.74645
0.74817
0.72946
0.72111
0.73621
0.69823
0.71614
0.76736
0.7379
0.72778
0.71614
0.69024
0.7656
0.68707
0.70632
0.72946
0.72611
0.69823
0.71285
0.72946
0.72778
0.71779
0.7709
0.76736
0.71121
0.71121
0.73961
0.7379
0.6792
0.70632
0.76736
0.7379
0.71614
0.69183
0.70146
0.75162
0.79616
0.73282
0.68865
0.77983
0.71779
0.74302
0.82604
0.73621
0.72778
0.76384
0.79983
0.71285
0.74302
0.74645
0.72611
0.71614
0.70795
0.70146
0.72111
0.69823
0.72946
0.72611
0.70307
0.66681
0.7145
0.69024
0.71285
0.70632
0.73961
0.76736
0.70146
0.71945
0.71285
0.68549
0.68549
0.69984
0.7145
0.77983
0.73621
0.70469
0.71614
0.76208
0.74989
0.73282
0.69502
0.70958
0.73961
0.71121
0.78163
0.79983
0.72946
0.79616
0.83368
0.78524
0.80168
0.92257
1.9409
0.85901
3.8637
0.69663
0.7379
0.73114
0.69823
1.1995
0.68391
0.69183
1.1402
0.70146
0.68549
0.68549
0.68077
0.71945
0.73621
1.0765
1.0351
0.69024
0.83176
1.8155
0.68391
0.73114
0.69984
0.71614
0.71285
0.72111
0.69823
0.72611
0.72778
0.69343
0.69024
0.74131
0.71285
0.6792
1.3428
1.0471
0.67764
0.69183
1.4388
0.83176
0.74302
0.71614
4.8865
9.8175
7.8524
10.233
8.2604
7.7983
17.179
10.617
13.062
12.56
13.366
11.83
11.94
13.677
13.152
12.503
14.655
11.22
10.593
13.459
11.402
13.521
10.765
12.359
0.96383
4.2462
13.092
10.046
11.143
9.9312
5.6624
9.0157
11.641
13.583
10.139
6.7298
0.70632
0.93325
0.84723
8.5114
11.041
10.257
8.356
1.2106
6.8077
13.366
11.117
5.0582
1.2388
1.9634
2.2856
0.69024
0.66834
0.67608
0.69024
2.2131
1.888
1.0789
0.88512
1.5524
1.6331
0.65766
0.66988
0.69984
0.90365
0.67143
0.69984
0.70146
0.69024
0.70146
0.68549
0.72277
0.67453
0.66988
0.72444
0.70146
0.70146
0.69502
0.68707
0.71779
0.70469
0.72778
0.69343
0.69343
0.66681
0.69024
0.67298
0.7145
0.69663
0.68077
0.69823
0.93541
0.72946
0.66527
0.66988
0.69183
0.7145
0.66222
0.69183
0.70795
0.70307
0.73621
0.68391
0.68234
0.66069
0.65766
0.68865
0.67764
0.70795
0.67764
0.67453
0.72111
0.74302
0.7145
0.67608
0.69183
0.70632
0.67608
0.67453
0.70795
0.70958
0.65917
0.6792
0.68865
1.0093
0.69024
0.66834
0.74989
0.70307
0.70632
0.68234
0.69663
0.69663
0.69823
0.69183
0.70469
0.70146
0.68549
0.66988
0.71285
0.71779
0.68234
0.70307
0.66834
0.72778
0.89536
0.67143
0.67143
0.78343
0.82985
0.96383
0.87297
0.83176
0.85114
0.80353
0.82224
1.845
0.72111
1
0.93756
1.845
0.68549
1.1117
0.71285
0.70958
0.70307
0.71945
0.6792
0.68549
0.72444
0.69984
0.67143
0.73282
0.70146
0.69984
0.70469
0.72444
1.1092
0.73114
0.71614
0.69984
2.6122
0.73621
0.71779
0.73621
0.71121
0.71779
1.4655
0.69183
0.69663
0.70632
0.72778
6.0534
2.2803
0.93756
1.2445
0.87498
1.2388
1.3183
3.8815
3.0903
9.1411
12.162
12.417
10.864
12.912
12.474
15.453
11.967
7.8343
13.772
12.19
10.162
0.69024
11.668
11.194
12.531
9.7499
10.593
12.218
10.209
12.474
12.531
14.588
9.594
9.4406
2.4322
3.7497
11.588
5.5335
12.853
11.117
13.868
11.749
13.002
11.169
13.49
11.695
2.2387
15.101
12.764
3.1333
7.3282
1.2106
1.4093
2.5293
2.9512
6.5464
1.4125
1.7219
2.7925
12.972
12.303
11.695
12.503
9.6383
13.092
12.417
12.706
10.94
10.765
7.2111
2.2131
9.0991
11.092
11.22
10.94
9.8628
13.274
12.972
13.002
13.274
12.735
11.749
16.144
12.445
14.421
11.722
14.454
10.495
10.965
11.246
9.1411
1.4158
0.80538
0.84918
0.9247
0.74131
0.90782
0.79068
0.85901
0.76736
0.72778
0.7709
0.93972
0.83946
0.73451
0.79068
0.81096
0.77804
0.83176
0.85114
0.81283
0.75336
0.77268
0.86696
0.73282
0.73451
0.77268
0.7379
0.75336
0.75858
0.74473
1.8923
0.86896
1.8113
1.1169
0.73621
1.2912
1.3092
0.83946
1.0789
1.9815
7.4302
4.0738
5.9704
11.015
10.046
11.298
9.2683
11.143
15.241
12.647
11.35
13.583
22.594
12.106
13.996
14.791
15.136
14.322
28.314
10.52
11.455
7.4302
16.293
12.106
15.453
1
13.646
13.932
8.9743
2.8249
11.35
15.922
14.223
12.445
12.531
8.5704
8.9743
11.83
14.256
8.147
9.3541
12.331
1.1858
1.1614
1.6788
3.013
10.544
9.1411
12.56
12.359
12.218
12.823
9.0157
11.092
11.83
14.894
9.7051
9.5719
11.272
10.789
11.298
10.99
13.213
9.7499
0.68865
4.0179
4.5604
13.459
14.355
11.376
13.062
12.134
14.962
11.482
10.965
19.143
3.2509
1.3002
1.028
1.0864
1.1402
6.5464
5.5081
13.521
0.72277
11.94
14.289
11.722
15.136
14.158
15.101
10.814
9.4189
12.417
10.914
7.8705
13.092
12.134
11.885
11.967
13.583
13.772
13.002
14.223
15.101
12.162
14.997
12.531
11.94
12.972
6.8707
12.474
14.388
10.914
11.885
10.399
10.789
0.89331
0.84333
0.89125
5.2845
13.397
10.209
13.964
10.423
10.471
12.106
15.922
13.428
14.093
13.032
10.375
13.932
12.972
11.194
11.429
11.614
13.614
14.791
13.996
12.618
8.5114
12.023
10.257
13.459
8.9743
12.531
1.2303
13.274
12.677
13.521
12.106
6.2806
3.4914
10.423
15.101
11.995
12.764
15.276
13.49
8.4723
14.859
12.531
14.555
12.735
11.35
11.995
12.677
15.922
11.858
14.421
12.677
7.5858
13.521
14.125
14.928
11.995
9.8401
11.298
11.455
2.2233
13.183
13.122
14.723
14.859
10.399
12.474
11.272
13.459
16.032
11.117
13.459
9.7051
12.706
8.77
12.942
8.2985
11.298
5.5847
14.859
11.169
1.1376
8.1846
11.169
15.812
12.445
14.454
9.9083
11.776
10.864
10.046
9.594
0.80168
0.93972
0.95719
0.79983
0.9977
0.85507
1.5136
9.6383
9.7499
17.947
13.152
11.858
12.677
13.335
9.4842
12.942
10.666
11.614
13.428
14.125
12.331
11.912
4.7973
2.6363
11.858
13.74
14.962
9.6605
10.209
13.152
12.531
11.749
11.695
11.749
14.825
8.4333
11.22
10
8.6099
11.169
10.99
12.246
14.388
10.593
10.99
13.996
9.0991
11.614
13.932
9.1201
8.7297
13.804
11.066
13.459
10.495
13.062
12.331
13.032
11.912
1.2331
1.1967
14.421
18.155
11.94
12.445
12.794
11.83
13.243
12.531
15.776
18.535
14.06
12.942
12.531
10.544
11.588
10.914
9.7275
11.143
10.069
15.382
14.158
13.397
13.49
12.735
14.962
13.836
13.274
8.77
14.191
14.928
19.724
4.1115
0.94406
1.1015
17.539
12.912
13.552
11.535
8.2604
11.803
10.162
14.454
15.171
12.531
16.032
11.695
13.032
10.069
14.191
13.243
12.618
10.544
10.789
12.19
12.764
26.73
11.912
12.56
9.6828
9.528
12.274
11.35
15.922
13.397
13.397
14.256
9.977
11.376
12.023
11.066
12.078
12.589
13.552
9.6383
11.169
11.967
10.839
14.928
11.858
10.864
8.8105
9.7051
11.429
10.94
11.169
12.445
15.668
10.641
12.303
12.735
11.588
12.56
11.885
15.417
13.932
13.9
15.417
12.853
14.028
12.972
14.289
14.158
13.709
17.179
11.246
12.972
10.233
12.853
25.351
14.421
13.002
9.9083
13.772
13.49
12.618
11.041
19.679
1.0209
15.668
15.56
11.885
14.894
13.092
29.04
10.423
11.776
13.397
11.169
15.596
12.474
10.914
11.376
12.388
16.218
14.093
8.7096
10.715
14.028
12.912
10.765
12.05
15.849
7.8163
0.86497
0.88716
0.84918
2.2909
17.824
9.8401
14.191
10.447
12.647
12.853
13.583
10.186
12.764
12.474
9.9083
11.967
13.274
13.092
15.241
13.868
14.928
15.205
16.331
11.508
10.593
10.209
10.233
11.94
11.324
10.351
12.589
12.246
10.304
10.423
18.281
8.4723
10.74
8.7902
10.666
13.552
13.583
11.912
10.74
11.376
18.323
13.032
12.912
13.836
12.106
13.459
6.8077
16.788
