4.256
3.1477
2.1038
3.9264
8.1283
0.75858
1.1858
0.82414
1.0046
0.93972
1.9364
5.3827
1.5311
1.1803
1.2274
1.1967
1.3552
3.3189
1.6368
1.349
2.4946
1.2445
0.96383
0.92045
1.3428
24.434
13.062
14.521
13.709
9.9083
13.614
1.6866
2.6182
13.74
10.304
17.783
16.482
12.618
14.421
11.912
1.1143
6.4417
1.8113
1.3062
0.9247
16.634
15.453
11.776
9.1201
13.032
9.9541
1.0257
1.1066
4.6881
0.91411
1.3932
1.1749
5.0933
15.596
13.583
17.061
8.3368
13.49
4.0272
1.6368
6.5615
10.209
9.3972
13.868
19.454
19.275
1.8578
4.7098
5.902
11.83
18.621
14.125
14.723
6.9183
1.8793
0.81283
9.4842
13.152
14.355
10.139
10.74
2.7606
3.2961
0.92257
5.6105
6.0256
3.4435
1.3932
1.7539
1.1803
1.766
2.3227
1.9907
2.8973
3.3963
1.2972
1.977
3.767
1.3213
2.0845
1.8836
1.3092
0.7656
0.65615
0.66527
3.4754
1.256
0.96161
1.7989
6.6069
0.78524
0.8356
3.0832
1.7219
1.8664
3.1189
5.358
1.5885
2.1086
2.8973
1.0447
0.65464
3.7411
1.6596
0.94189
1.3213
0.88512
4.4978
0.97275
2.6363
1.5417
1.3614
1.1482
1.3521
0.76384
1.1614
24.547
13.868
23.335
1.0046
18.113
15.524
20.184
23.014
21.429
16.293
15.311
12.445
2.5763
0.8091
0.71945
1.3459
2.9717
1.6181
0.84528
0.77268
0.85901
1.9143
0.66374
4.7753
0.74989
0.87902
0.68707
3.1623
26.853
19.275
1.0864
2.2856
1.2972
1.2647
1.6069
1.0765
1.1324
0.88716
0.97275
5.728
5.0234
1.2445
6.6527
5.0582
0.72277
4.7424
0.96161
0.8147
13.397
18.197
21.577
17.179
22.491
10.375
2.2909
2.4434
3.013
3.6898
19.099
17.742
15.417
6.8707
0.91622
1.8197
1.4454
0.97051
3.3574
1.3274
2.4774
5.8884
1.028
1.1117
0.81096
5.5719
19.588
15.241
18.239
11.614
14.488
15.066
18.664
7.709
1.1194
1.9364
4.2073
0.8414
0.8147
1.4191
1.9815
3.069
0.86896
0.7925
0.80353
17.66
18.45
14.388
18.239
4.5814
15.56
23.659
23.496
12.303
16.634
2.6242
0.97499
0.75509
3.7411
5.0234
2.1184
0.89743
0.89536
0.91411
0.78886
4.4259
1.7906
1.349
2.9648
1.6406
1.5885
4.6132
1.8664
3.8726
4.6238
4.5604
1.7539
1.9861
0.74817
1.2972
0.82985
0.63533
1.0839
0.85114
1.4256
0.73961
5.8076
21.878
25.003
19.77
0.76736
0.69183
1.4757
1.0914
1.1588
3.6644
2.421
3.0339
1.9634
2.5704
15.922
5.5463
25.586
22.387
19.055
19.454
4.3853
2.7797
2.9923
1.7783
0.68865
0.68707
5.7016
1.9055
5.2602
1.1246
0.8091
1.39
0.8531
1.1482
1.2647
1.2794
1.5631
1.1015
3.1333
1.0593
0.86696
1.2162
0.67608
1.2942
0.71779
0.82985
0.74817
0.88105
0.72778
7.7804
26.002
24.434
16.904
18.03
19.861
2.3281
4.3853
4.7424
20.464
17.989
14.689
17.418
10.715
2.6607
1.9231
2.2961
2.1232
1.0304
0.75336
3.3729
2.0941
2.3442
1.8197
3.7325
1.3964
0.70469
0.77268
0.79983
0.93541
1.3122
0.86696
0.90573
0.96383
1.3583
1.9055
1.0641
2.904
1.6827
3.281
5.6234
2.0654
2.1429
13.836
19.953
23.442
19.32
13.397
19.187
15.241
3.4914
1.4521
9.6828
1.6711
1.2853
1.8281
0.76384
0.70795
0.72444
0.82035
1.7338
2.3768
3.9446
1.3709
2.729
1.0914
1.2331
6.6988
1.1429
0.8995
0.99541
0.93756
1.5849
2.9444
1.1695
1.099
0.71945
0.71945
1.5596
0.71614
0.77625
1.4723
6.6069
5.4075
0.71614
0.76033
2.4434
1.0617
0.74817
1.2823
3.3729
1.2882
0.93541
1.0093
2.5704
1.0046
0.93325
1.1885
1.6106
1.5524
1.2618
1.1272
2.8907
0.7145
1.0593
4.14
1.3552
0.82794
0.70795
0.70146
2.9309
0.70307
0.65615
0.66988
0.68077
0.67143
1.3677
1.6558
1.8197
1.8535
0.79983
0.81658
4.2364
2.7925
0.71614
0.70795
0.82604
0.74473
1.7701
1.9409
0.88105
1.074
1.7783
2.8708
8.8308
20.23
19.815
11.272
17.179
18.281
17.458
2.8119
0.64863
0.63973
0.67453
0.68865
0.80168
0.69183
1.0593
2.3659
0.99541
1.0495
0.7379
1.3366
1.4488
1.9364
1.2331
0.68391
0.6792
0.96383
0.69183
0.6792
1.0715
0.99541
4.217
0.71614
1.1803
0.96161
1.2303
1.1885
0.74989
0.68234
2.0606
4.9659
1.2388
0.86896
0.69183
0.66681
0.97275
0.69984
0.68391
0.71779
0.71614
0.73282
0.98401
0.76208
0.62661
0.71779
0.70632
0.72444
0.58884
0.6166
0.68391
0.75162
0.71945
1.2162
0.70958
1.6406
0.64121
0.61944
0.62087
0.65464
0.8414
2.9854
0.94189
0.78886
1.5668
1.194
1.2445
1.4421
1.7219
1.3583
1.2942
2.0512
0.66988
0.74131
1.1508
0.70469
0.85114
0.69183
0.82035
0.77625
0.72444
0.9247
0.96161
1.4355
1.1776
0.6368
0.64714
0.71285
0.64269
0.68707
0.65013
0.66834
0.72946
0.64863
0.68549
0.63096
0.61802
0.68549
0.64269
0.60954
0.64269
0.65615
0.61094
0.65464
0.68234
0.68865
0.65013
0.68234
0.6368
0.61376
0.68234
0.68549
0.61944
0.87902
0.70307
0.61094
0.65013
0.69183
0.77446
0.66069
0.86099
1.9999
0.71285
0.6792
0.80353
0.71779
1.5453
0.69183
0.66681
0.62373
0.68707
0.64714
0.69502
0.72277
0.68865
0.63533
0.72611
0.67298
0.64269
0.6792
0.68865
0.67764
0.64269
0.67608
0.67453
0.66069
0.59841
0.67298
0.93541
0.90782
1.2589
0.92897
1.0304
0.9528
1.1143
1.5631
1.0617
0.9247
1
1.2303
1.0544
1.1092
0.92045
0.6792
0.66374
0.69183
0.64565
0.71779
0.69502
0.67453
0.64863
0.71614
0.65464
0.69823
0.65766
0.6792
0.71285
0.69502
0.65464
1.256
0.72946
0.68234
1.5276
0.79616
0.77625
1.4256
0.78886
0.91833
0.74989
0.68391
0.65766
0.62806
0.65464
0.65163
0.66374
0.72444
0.66222
0.64565
0.66681
0.69183
0.59841
0.64121
0.66527
0.60256
0.65313
0.63533
0.66222
0.68865
0.62517
0.62517
0.88512
0.76913
1.8072
0.59429
0.64565
0.65313
0.66988
0.76208
0.63533
0.69024
0.82794
0.6368
0.70958
0.71121
0.82794
0.69823
0.80538
0.72277
0.73451
0.76033
0.81096
0.69663
0.66069
0.77268
0.82414
0.7145
0.71285
0.72611
0.69024
0.66222
0.68391
0.70146
0.70146
0.74645
0.87297
0.74989
0.70307
0.69984
0.68549
0.65313
0.67453
0.61376
0.70632
0.66988
0.62806
0.7145
0.72778
0.65163
0.7656
0.68077
0.77268
0.60814
0.7709
0.63826
0.74645
0.63973
0.70469
0.64121
0.68549
0.74473
0.72111
0.72778
0.7925
0.65917
0.82035
0.68234
0.65313
0.72946
0.64121
0.65163
0.6368
0.62661
0.75162
0.65013
0.77625
0.8091
0.8531
0.77804
0.65313
0.67298
0.67298
0.65313
0.79068
0.72946
0.62806
0.59841
0.62517
0.63096
0.71614
0.68865
0.87297
0.85901
0.90157
0.68391
0.8531
4.5499
0.66527
0.70958
1.1482
1.0471
0.63387
0.61094
0.6223
0.63387
0.61235
0.66374
0.69183
0.7925
0.6166
0.64565
0.61802
0.65766
0.64863
0.65917
0.63533
0.66527
0.74817
0.62517
0.63241
0.69663
0.64269
0.7145
0.64121
0.63387
0.78343
0.66069
0.61094
0.69984
0.67143
0.64269
0.60954
0.65615
0.80538
0.63826
0.69823
0.88308
1.3122
1.3428
0.95499
1.9454
0.81096
0.66069
0.63387
0.62087
0.64121
0.61802
0.6223
0.63826
0.6166
0.61802
0.64565
0.67764
0.62806
0.66681
0.71285
0.63241
0.74302
0.69502
0.75509
1.0691
0.8414
0.90157
0.75858
1.3366
1.0023
0.62806
0.64714
0.66222
0.65313
0.61944
0.64863
0.69183
0.59566
0.62087
0.89536
1.1508
1.2417
1.1912
1.0641
0.9247
1.0023
0.87902
0.68549
0.68549
0.69663
0.77983
0.73961
0.69183
0.64714
0.63533
0.66988
0.67764
0.62661
0.66069
0.61518
0.65013
0.62661
0.6792
0.72444
0.63096
0.71614
0.66527
0.66069
0.68865
0.64417
0.97949
0.83946
0.90157
1.1015
0.96828
1.3183
0.98855
0.67764
0.60954
0.68391
0.68077
0.64269
0.64565
0.64269
0.69823
0.65464
0.66834
0.66527
0.67453
0.68707
0.72946
0.75336
0.64121
0.64417
0.64269
0.62951
0.64121
0.66069
0.64714
0.80353
0.98855
0.66527
0.77983
0.91833
1
0.94842
1.7783
0.66222
0.70469
0.64417
0.61944
0.7709
0.62951
0.59979
0.66988
0.6166
0.65766
0.64269
0.60395
0.60674
0.60954
0.6166
0.6166
0.60814
0.63387
0.66834
0.63241
0.62951
0.62517
0.6166
0.64714
0.6166
0.63826
0.58345
0.65163
0.62806
0.61235
0.61376
0.63241
0.59841
0.65163
0.61802
0.60814
0.61944
0.63973
0.66988
0.60954
0.64565
0.61802
0.59979
0.62951
0.60117
0.60674
0.69502
0.62517
0.60954
0.62373
0.58479
0.60814
0.59429
0.62373
0.64714
0.69663
0.64121
0.69502
0.65464
0.65163
0.63826
0.61944
0.63973
0.62951
0.61518
0.62661
0.61376
0.61235
0.62373
0.62806
0.60117
0.62661
0.63533
0.66069
0.63533
0.63533
0.65313
0.6368
0.62517
0.60674
0.62373
0.64565
0.65766
0.61944
0.6166
0.61518
0.60674
0.61802
0.63533
2.0277
1.6482
0.72444
1.349
1.556
1.0233
0.90991
0.9977
1.1749
0.69024
0.84723
1.2246
0.91622
1.1429
1.2503
1.4093
1.652
0.95719
1.094
0.78343
0.68549
0.75858
0.86099
1.3772
0.72111
0.8356
1.5885
1.5959
5.0466
13.002
27.542
20.701
18.45
17.62
11.429
1.6634
1.9543
1.4757
1.556
1.3032
1.6558
1.2531
1.256
3.0479
1.3428
0.67143
0.82604
3.6983
1.6218
0.68234
2.3823
0.73621
0.73621
0.64121
0.65013
1.1402
0.75162
0.83753
0.85901
1.71
0.87096
0.60954
0.67453
1.1376
1.0162
1.1246
0.96161
2.6062
2.3121
0.98401
3.6058
2.023
1.3062
1.1272
1.7824
1.3677
0.97499
1.3002
1.0691
0.95499
1.4289
1.7824
0.71121
1.5382
2.1878
1.6982
1.2274
2.1429
0.68549
0.78705
0.63387
0.69984
1.0351
5.2119
1.3459
1.2023
1.1482
0.77268
1.6672
0.71614
0.66834
0.76208
0.61802
0.71614
2.3988
0.79068
0.88308
1.0617
1.7258
2.2909
0.67764
0.79616
0.66681
0.6792
0.69024
0.8531
0.74131
0.72444
0.75162
5.9979
2.4831
1.0471
0.6792
0.82224
1.4388
0.99083
1.2531
0.82414
1.556
1.6331
4.4361
0.64417
0.63241
0.64121
0.7145
0.66527
0.72444
0.68865
0.70795
1.5488
1.3092
0.84918
2.2387
0.7145
0.9247
0.74989
1.2942
0.94189
1.135
0.82604
1.0069
1.6444
2.0324
1.5524
0.74131
0.66527
0.77983
0.76033
0.73621
1.0233
1.1668
0.86099
0.76384
1.1749
2.0559
1.0162
0.67764
0.66834
0.66988
0.66527
0.65464
0.65313
1.5668
2.2751
0.68549
0.95499
3.6559
3.5645
1.6444
3.4041
1.3032
2.704
1.6558
1.135
1.803
0.89331
0.73282
1.349
1.1455
0.9528
1.2531
0.98628
0.76208
0.80724
0.86896
0.66834
1.4388
0.98175
1.0069
0.81283
0.99312
1.2246
2.0464
1.3932
0.94842
0.70958
0.67298
0.77268
0.96161
1.8408
0.88512
0.94189
2.8379
5.7412
21.184
1.8535
0.63096
0.67143
0.67143
0.70958
0.65615
0.65615
0.73282
0.70469
0.72778
0.69823
0.86497
0.70469
1.0839
0.62517
0.65917
0.84723
0.62806
0.84333
0.71945
0.66069
0.70632
0.65013
0.65163
0.69343
0.67298
0.65313
0.65464
0.6166
0.67143
0.68707
0.6223
0.68707
0.64565
0.67143
0.59979
0.64714
0.67298
0.62517
0.66374
0.66222
0.66222
0.63826
0.63826
0.6223
0.69343
0.64565
0.66527
0.72111
1.8578
2.2909
1.1482
0.67298
0.81658
1.0568
1.2706
1.6144
0.69502
0.62661
0.70469
0.64565
0.66374
0.62951
0.64417
0.73114
0.65917
0.65766
0.68391
0.69984
0.66222
0.66681
0.65313
0.66222
0.65766
0.62661
0.63096
0.78886
0.65766
0.69024
0.97499
1.3213
0.77446
1.3646
1.0328
1.4191
0.89536
0.84723
1.0375
0.80538
1.1169
1.1041
0.88308
1.0069
1.3213
0.93111
0.97499
0.99083
0.62661
0.67143
0.93756
0.80724
0.72277
0.90573
0.80168
0.68391
0.69984
0.61094
0.71285
0.6368
0.7656
0.70146
0.68391
0.71285
0.67298
0.76033
0.69024
0.73621
0.70958
0.69663
0.69183
0.65163
0.69183
0.68707
0.8995
0.66069
0.63387
0.64714
0.73114
0.67143
0.67298
0.68077
0.60117
0.61235
0.63241
0.62517
0.65464
0.71121
0.61802
0.6792
0.62806
0.60534
0.64417
0.59841
0.62951
0.62806
0.72946
0.67143
0.69024
0.65163
0.63241
0.65313
0.62373
0.66988
0.65163
0.63096
0.66681
0.6223
0.72277
0.78163
0.6368
0.64863
0.61094
0.63533
0.64269
0.61094
0.65615
0.66527
0.64714
0.62661
0.63241
0.63387
0.75509
0.65917
0.69343
0.71285
0.89331
1.7458
1.5959
0.63096
0.65917
0.69343
0.63973
0.70469
0.65464
0.65766
0.64417
0.65163
0.71285
0.65013
0.67143
0.66527
0.64417
0.73282
0.71779
0.62661
0.6368
0.67143
0.69024
0.70958
0.72444
0.66069
0.68234
0.63241
0.69984
0.65013
0.69502
0.68549
0.6368
0.62951
0.79983
0.63973
0.67608
0.73114
0.66681
0.66988
0.66222
0.66527
0.65917
0.70146
0.62806
0.68234
0.70469
0.70632
0.66527
0.66834
0.63533
0.71121
0.65313
0.64565
0.70307
0.63241
0.64121
0.67143
0.66988
0.63533
0.63387
0.73282
0.91201
0.65013
0.62951
0.63533
0.65163
0.66069
0.66988
0.65013
0.78705
0.81846
0.73451
0.72444
0.7379
0.69663
0.69183
0.60534
0.65766
0.66527
0.64417
0.6166
0.70307
0.6368
0.63096
0.67298
0.69024
0.63533
0.65766
0.64565
0.67608
0.63826
1.3122
0.63533
0.61802
0.70307
0.70795
0.6368
0.71285
0.69984
1.3213
0.71121
0.73114
0.68234
0.67608
0.61376
0.66681
0.68707
0.68549
0.69502
0.85704
0.68234
0.66681
0.61094
0.69502
0.6368
0.69183
0.60395
0.60814
0.66374
0.63241
0.6368
0.73114
0.65013
0.66069
0.64565
0.61518
0.67764
0.68865
0.66681
0.68865
0.66834
0.67453
0.66681
0.61235
0.64417
0.69024
0.71285
0.65163
0.6368
0.69502
0.68707
0.65464
0.66988
0.67143
0.71121
0.72111
0.67453
0.67764
0.66374
0.69663
0.80168
0.66527
0.62087
0.70795
0.66374
0.71285
0.64121
0.6368
0.66681
0.68391
0.67608
0.67608
0.69502
0.68707
0.65615
0.92683
1.1535
1.4791
0.877
1.2078
0.72946
1.1272
2.8907
1.7179
1.1885
0.84723
0.63387
0.72444
0.66681
0.65464
0.6792
0.66834
0.72778
0.69663
0.8091
0.63241
0.69183
0.65766
0.67298
0.65313
0.66374
0.63387
0.88716
0.73621
0.61235
0.66988
0.65163
0.60674
0.70307
0.66527
0.65615
0.63826
0.70307
0.68707
0.61094
0.7145
0.68077
0.65917
0.64863
0.67608
0.68549
0.66988
0.65766
0.66222
0.61802
0.64121
0.66222
0.67608
0.61094
0.63826
0.61802
0.66681
0.62806
0.65013
0.60814
0.65013
0.68549
0.70146
0.66834
0.67453
0.76208
0.64565
0.68391
0.66681
0.61518
0.64863
0.75162
0.65163
0.65615
0.69984
0.63096
0.63096
0.65917
0.69502
0.70469
0.6166
0.62951
0.64121
0.68865
0.61376
0.59293
0.72444
0.64269
0.65464
0.67608
0.65013
0.64863
0.62087
0.7145
0.67298
0.69502
0.65615
0.96161
0.62661
0.68549
0.71779
0.68391
0.60954
0.75336
0.62806
0.61235
0.66222
0.6223
3.3963
0.91411
0.89743
0.90365
1.028
0.877
1
0.94189
0.98401
1.099
1.5031
0.64714
1.0914
0.92683
0.7925
1.3614
1.5812
0.76736
1.2303
1.6596
1.1967
1.6596
0.72277
0.95719
1.1668
0.77625
0.84723
1.6255
1.2274
0.9528
0.88716
0.85507
0.92257
0.86298
1.122
0.71121
1.1429
1.2794
1.3183
0.69183
0.70146
0.69502
1.6866
0.87297
1.0715
1.3521
0.60814
0.69502
0.63241
0.60534
0.63387
0.67298
0.68549
0.67143
0.76736
0.79799
0.79616
0.67143
0.77983
0.95499
0.71121
1.1298
0.99083
0.80168
2.421
1.9498
1.2764
0.65313
0.64417
1.888
1.6866
0.82224
0.89125
2.1677
0.78163
0.67143
0.79983
0.90157
2.0045
0.74302
0.95719
0.93756
1.5241
1.0789
1.0889
1.0093
1.4028
0.86298
0.63096
0.70307
0.68077
0.64269
0.64417
0.69183
1.0568
0.65013
0.62373
0.61094
0.61944
0.66988
0.6368
0.64269
0.62951
0.65013
0.63096
0.69343
0.66988
0.61802
0.68549
0.64714
0.64714
0.65313
0.67764
0.62806
0.64269
0.72277
0.91622
1.3868
1.5066
0.87096
1.3932
1.9011
3.54
1.3459
1.1858
0.71614
0.87297
1.4388
0.83176
0.73961
0.78524
0.8091
0.75509
0.75336
0.77983
0.71285
0.59841
0.94842
0.62517
0.64417
0.66069
0.62517
0.63096
0.67764
0.60954
0.64269
0.69183
1.8281
1.2134
0.84918
0.8892
2.1727
1.1722
1.4322
0.77983
1.0965
0.98175
1.6368
1.2274
1.0914
0.63241
0.63826
0.6368
0.64565
1.122
1.4488
1.406
1.0495
1.5276
1.0715
0.66222
1.7418
1.0447
0.76384
1.574
1.2735
0.877
0.8356
0.85114
0.97051
0.63096
0.84723
0.69343
0.66527
0.61944
0.67143
0.69024
0.61802
0.65766
0.64269
0.64565
0.66374
0.65313
0.62661
0.63387
0.64565
0.6166
0.64565
1.0257
0.67608
0.65917
0.65917
0.70958
0.78705
0.68549
0.63826
0.65766
0.68234
0.72778
1.099
1.194
1.0069
1.0447
0.73114
0.8414
0.63973
0.70795
0.66988
0.75509
0.74645
0.66834
0.64121
0.67608
0.65766
0.68865
0.63533
0.70632
0.63973
0.66681
0.63241
0.69663
0.66374
0.65464
0.67608
0.70795
0.75683
0.7145
0.67608
0.67764
0.68549
0.6368
0.70958
0.64417
0.63096
0.67143
0.67608
0.67143
0.61235
0.70632
0.6792
0.6792
0.65313
0.66681
0.66527
0.65013
0.6368
0.73114
0.69823
0.95719
0.68865
0.68865
0.78343
0.66222
0.68391
0.70632
1.3583
1.2134
0.8892
0.64863
0.60954
0.68707
0.92045
0.68707
0.63826
0.65766
0.70146
0.68707
0.63096
0.64714
0.64269
0.66069
0.64269
0.61944
0.64121
0.66834
0.66069
0.67143
0.64565
0.69502
0.66069
0.63387
0.62517
0.62951
0.60814
0.64565
0.65313
0.62373
0.67143
0.74817
2.884
0.84528
0.68077
1.6032
0.92045
1.5136
1.0691
1.0162
1.2912
1.6982
2.8774
1.8281
0.88308
0.67608
0.65013
0.68391
0.67298
0.69024
0.71121
0.63241
1.4488
1.1482
0.82035
0.81658
0.71779
1.1614
0.97051
1.3032
0.85507
0.60534
0.68549
0.67608
0.69663
0.6792
0.65313
0.66988
1.0304
0.61944
0.65313
0.69823
0.69343
1.0233
2.8576
1.0641
1.6482
1.4928
1.2677
1.5276
0.75858
0.6792
0.9528
0.73961
2.5645
1.0789
1.7298
3.6559
0.68549
1
0.95719
0.6792
0.66527
0.68865
0.69502
0.62517
0.69502
0.69663
0.64269
0.66988
0.69183
0.68549
0.67453
0.71945
0.69663
0.63533
0.65464
1.9011
2.6303
1.0304
1.0423
0.68077
1.028
0.75683
0.76208
1.3152
1.8072
1.2359
0.83176
1.0139
1.1402
1.2388
1.5171
0.96605
1.4555
1.5812
1.5812
1.4894
1.4322
4.6452
13.964
0.95499
0.75162
2.3823
1.7061
2.7669
0.67453
1.766
0.63096
0.62373
0.63096
0.69984
0.65163
0.67608
0.67608
0.64121
0.77446
0.82414
0.72611
0.69663
0.70795
1.8113
1.0186
0.70307
1.4191
0.69663
0.70958
0.85507
0.82985
1.0864
0.68234
0.65313
0.66681
0.66988
0.78705
1.6444
1.6032
2.3014
2.0137
0.69502
0.69984
0.73621
0.68391
0.71285
0.92683
1.7179
2.2491
0.8356
0.83946
0.79616
0.76208
0.92897
1.6181
0.77625
0.77268
1.2942
0.77804
0.83753
1.0864
1.0568
1.0914
0.64417
0.65464
0.61944
0.66069
0.66222
0.6792
0.63096
0.70307
0.67298
0.63826
0.69984
0.66069
0.65917
0.67298
0.66374
0.68077
0.82035
1.1614
1.0864
0.74989
2.5177
0.7145
0.74989
0.67453
0.67298
0.62806
0.68707
0.67143
0.70632
0.69183
0.69502
0.66834
0.62661
0.67608
0.65464
0.65163
0.62661
0.69502
0.70958
0.70307
0.70632
0.70958
0.65313
0.64714
0.71779
0.70469
0.61802
0.64863
0.64269
0.65615
0.75683
0.65013
0.70146
0.64121
0.68391
0.75683
0.72778
0.64863
0.72277
0.72277
0.77983
0.78163
0.73961
1.3552
1.028
0.68865
0.66681
0.65615
0.70307
0.63973
0.64714
0.7656
1.1561
4.9888
0.85901
1.3122
1.39
0.66988
0.65313
0.70958
0.63973
0.69502
0.70469
0.64269
0.7145
0.7145
0.68707
0.69984
0.71945
0.68077
0.65313
0.66222
0.74302
0.70469
0.71121
0.62517
0.68865
0.64714
0.69663
0.70469
0.75683
0.73114
0.65464
0.64714
0.62806
0.66681
0.66988
0.77625
3.5563
1.0023
2.3121
2.7925
1.3646
0.95499
0.95719
0.68077
1.5849
1.374
0.60954
0.68234
0.70307
0.63973
0.77804
0.70958
0.70146
0.69183
0.67608
0.69663
1.0617
0.85507
0.96605
1.0641
1.652
2.3067
0.80353
0.66681
3.2285
0.92897
1.052
1.1169
1.1668
1.6943
1.0914
0.66527
0.6368
0.71945
0.87498
0.66834
1.3213
2.3823
1.8535
0.69502
0.66681
0.7379
0.74131
0.72611
0.66222
1.2246
0.96383
0.96605
1.0351
1.2246
0.9977
0.96605
2.1878
1.4521
1.6218
0.91201
1.1588
1.1143
1.5171
1.0093
1.0328
1.3804
1.9498
2.2699
0.74473
0.76913
0.71285
0.75683
0.78343
0.70632
0.71285
1.762
0.69984
0.70958
0.67764
0.72778
0.70307
0.70795
0.65917
0.63241
0.69823
0.69183
0.65766
0.6368
0.64863
0.67453
0.65163
0.69024
0.69343
0.66069
0.69823
0.70146
0.62951
0.62517
0.70469
0.6368
0.63826
0.68077
0.67143
0.67608
0.70958
0.74817
0.67764
0.66527
0.73451
0.65917
0.66069
0.8356
0.62806
0.71285
0.65163
0.65917
0.6368
0.63826
0.70469
0.69663
0.69024
0.72277
0.78163
1.9143
3.8815
0.62087
0.65615
0.70469
0.92683
0.88512
0.70469
0.63826
0.71614
0.68549
0.72444
0.8892
0.75858
0.71779
0.87297
0.79616
0.74131
0.77983
0.66834
0.66988
0.74989
0.66374
0.76736
0.70958
0.66069
0.82035
0.71121
0.79433
0.70958
0.69663
0.6166
0.72778
0.74989
0.79068
0.67143
0.66527
0.62806
0.72111
0.69183
0.69823
0.70469
0.68234
0.68549
0.69502
0.63241
0.77983
0.60954
0.74817
0.68391
0.65766
0.62517
0.65766
0.67453
0.71121
0.71779
0.70469
0.65917
0.60814
0.63826
0.75162
0.73114
0.6223
0.66374
0.68707
0.63533
0.61518
0.62951
0.63826
0.64565
0.64417
0.84723
0.75336
0.65163
0.66374
0.6166
0.69502
0.6368
0.66681
0.62517
0.68391
0.68865
0.61802
0.62806
0.70307
0.68865
0.63096
0.66374
0.66681
0.69183
0.65013
0.65013
0.62517
0.65766
0.62661
0.65615
0.68391
0.75336
0.72611
0.71121
0.81283
0.78163
0.66069
0.63096
0.75858
0.64714
0.7656
0.79068
0.74473
0.78886
0.8147
1.1246
1.0447
0.67608
0.64565
0.65013
0.64269
0.62517
0.65163
0.63241
0.68077
1.0328
1.219
0.70795
0.70958
1.4689
0.89125
0.74645
0.64863
0.7656
0.71285
0.68234
1.4093
1.219
0.81658
0.92683
1.2388
0.96605
1.1324
1.3213
0.90157
1.2794
1.1015
1.0046
2.7861
0.71779
0.71121
0.69823
0.74473
0.82985
0.71285
0.67764
0.96161
0.62951
0.69823
0.70146
0.71614
0.64417
0.66069
0.68077
0.66069
0.64863
0.65313
0.68865
0.63973
0.68707
0.68707
0.68391
0.72277
0.65615
0.64269
0.75162
0.66069
0.64863
0.66988
0.68234
0.66069
0.66374
0.60954
0.68549
0.66069
0.77983
0.68707
0.70958
0.66222
0.74131
0.69343
0.65917
0.62806
0.73114
0.68077
0.73621
0.64714
0.76736
0.64417
0.68707
0.64565
0.70146
0.72778
0.6368
0.63241
0.65766
0.68077
0.74645
0.77268
0.68077
0.68077
0.62806
0.71779
0.71121
0.69183
0.68707
0.77625
0.73621
0.69183
0.72778
0.81283
0.66069
0.66222
0.65313
0.79433
0.72277
0.6792
0.70469
0.68077
0.69024
0.78886
0.66988
0.68549
0.76736
0.71945
0.69663
0.72111
0.68549
0.67298
0.65766
0.79068
0.80724
0.69984
0.66988
0.63973
0.63826
0.68234
0.69183
0.92897
0.76384
0.75683
0.74645
0.75162
0.69984
0.72611
0.70632
0.7656
0.62806
0.65464
0.66222
0.82035
0.96828
0.71945
0.74473
0.64863
1.0328
1.1722
0.93541
1.0617
0.81658
0.63533
1.0046
0.76736
0.66527
0.66069
0.64269
0.72946
0.64417
0.66527
0.72946
0.62806
0.68391
0.67143
0.64714
0.64714
0.72611
0.71945
0.71945
0.66222
0.69984
0.62373
0.71285
0.74817
0.64863
0.72778
0.72111
0.63533
0.60814
0.70307
0.68391
0.73621
0.71945
0.65013
0.62373
0.80724
0.68077
0.67143
0.64863
0.69823
0.69183
0.7925
0.97499
1.5849
1.8535
1.5524
0.79068
0.63826
0.62087
0.69502
0.78163
0.70469
0.68077
0.72946
0.65313
0.64121
0.64714
0.66834
0.73451
0.65917
0.64269
0.75162
0.66988
0.98628
1.1402
1.1066
1.5849
1.4028
0.91833
0.69502
0.63973
0.74473
0.79799
0.88716
0.73114
1.1402
1.1803
0.82035
4.7098
1.1535
2.8314
2.0464
1.094
1.9861
0.82224
0.85704
0.80724
0.77625
1.9907
0.78886
1.5417
1.766
2.0893
1.9099
0.69984
1.7298
1.3614
1.4158
1.0375
0.8892
0.96383
1.3459
1.0691
1.205
1.0495
1.2794
1.7338
0.7379
1.052
1.1298
0.77625
3.1046
1.0839
1.1194
0.84723
0.8147
1.1722
5.9704
3.4914
2.0184
1.9498
4.9545
0.96828
0.94624
1.8072
1.1143
1.1402
1.1376
1.1641
0.73114
1.3868
1.1117
1.3183
1.1246
1.2706
1.2882
0.70795
0.65013
0.85901
0.8414
1.5488
0.86298
1.0209
1.0023
1.4791
0.80168
0.82224
1.3868
0.83176
0.90365
2.0184
1.3459
0.67764
0.62806
0.70469
0.69823
0.64417
1.2303
0.66069
0.6792
0.68865
0.66527
0.69663
0.73621
0.66374
0.74131
0.60674
0.69984
0.6792
0.69024
0.65313
0.72277
0.63533
0.65615
0.73282
0.71779
0.66834
0.66834
0.61944
0.6368
0.6223
0.70307
0.72277
0.69502
0.66527
0.62517
0.73114
0.66834
0.61518
0.73621
0.60954
0.63973
0.69663
0.68234
0.66834
0.60814
0.68865
0.67453
0.64417
0.66527
0.63973
0.7145
0.77804
0.66222
0.63973
0.63973
0.63241
0.68549
0.83368
1.0375
1.1912
1.766
2.4434
0.64863
0.69663
0.68234
0.72946
0.64565
0.69024
0.89331
0.65766
0.61944
0.69024
0.66834
0.78343
0.69984
0.65615
0.71121
1.4859
1.8621
0.72277
1.2274
1.1455
1.0715
0.82985
0.82794
0.8356
1.1776
1.4859
1.5631
0.94624
0.68549
0.63826
0.70632
0.69183
0.6166
0.71779
0.68234
0.6792
0.79983
0.69343
0.80724
0.70632
0.69984
0.83946
1.2677
1.1272
1.2706
0.8356
0.7656
0.67608
0.63973
0.67453
0.69663
0.65464
0.6368
0.62806
0.64269
0.72111
1.0765
1.0914
0.81096
0.8414
1.1169
0.877
0.81283
0.93972
1.4825
1.3964
1.0617
1.1066
1.135
1.8578
1.0889
0.96161
1.028
1.219
0.64863
0.67608
0.86298
0.76384
1.0617
1.0162
1.2134
0.69984
2.1135
0.80353
0.80353
0.73114
0.68549
1.1749
0.72111
0.6792
0.66834
0.66834
0.67298
0.65917
0.65163
0.66834
0.64417
1.0495
0.77446
0.85507
1.6788
0.80538
0.72778
1.0715
1.1668
1.574
0.93541
0.90365
0.7379
0.68077
0.61376
0.66681
0.69024
0.61094
0.6368
1.0069
0.69823
0.80538
0.68077
0.74989
1.4093
1.2794
0.64121
0.65766
0.63826
0.73621
0.63973
0.6792
0.74645
0.73282
0.65766
0.6792
0.67298
0.68865
0.72277
0.66222
0.68077
0.67143
0.65313
0.68549
1.0715
1.205
1.5066
0.72277
0.74989
2.673
1.2417
0.63096
0.63387
0.6223
0.86099
0.69502
0.71945
0.65615
0.63241
0.67453
0.65163
0.66988
0.68549
0.60954
0.66834
0.65013
0.68234
0.67143
0.69343
0.6223
0.63826
0.67143
0.63387
0.62087
0.67298
0.69823
0.66527
0.66069
0.67453
0.71779
0.67143
0.63826
0.66988
0.68549
1.8578
0.91411
0.96828
1.0568
1.0495
1.5488
0.75509
0.87902
1.1535
0.81096
0.65163
1.1041
0.60954
1.0423
0.66988
0.73621
1.4028
0.77804
5.1168
1.3152
1.3092
1.8793
1.2331
0.93541
0.66681
0.62087
0.62373
0.99541
1.0568
1.4894
1.5241
0.96828
0.62806
0.85704
0.67453
0.87096
1.1722
1.1858
1.5066
1.3583
2.0845
2.3442
0.79983
0.71779
0.62517
0.67143
0.71285
0.70958
1.5101
0.79068
0.75509
0.77983
0.69984
0.92897
1.0139
0.83946
0.7379
0.64714
0.66374
0.68707
0.62373
0.65464
0.63387
0.6792
0.68391
0.65615
0.63533
0.67298
0.62951
0.70146
0.65766
0.65013
0.65615
0.65464
0.64269
0.63096
0.71614
0.70146
0.59704
0.64714
0.6792
0.62806
0.60814
0.8147
0.66222
0.69663
0.70795
0.66834
0.68865
0.70632
0.6792
0.71121
0.64269
0.65313
0.60674
0.64417
0.88105
0.65917
0.65313
0.61944
0.67453
0.67764
0.69823
1.4962
1.8408
1.766
1.3335
1.0471
0.87902
0.94842
0.68865
0.81283
0.68077
0.94406
1.4928
0.93756
2.3174
2.2387
1.2735
0.86298
0.6166
0.77804
0.69823
0.86696
1.0046
4.0644
0.67298
0.66834
0.66069
0.62661
0.69823
0.63241
0.65615
0.65464
0.68077
0.6792
0.64121
0.64714
0.68077
0.67764
0.71945
0.7145
0.68234
0.66834
0.6368
0.63826
0.78163
0.66374
0.64269
0.69663
0.69823
0.66527
0.69984
0.67764
0.63241
0.62806
0.70146
0.78343
0.63533
0.69823
0.70795
0.65013
0.67143
0.64565
0.68234
0.70307
0.68865
0.64269
0.63096
0.66222
0.66988
0.72946
0.68234
0.71121
0.74817
0.65615
0.6223
0.67764
0.63533
0.6792
0.64121
0.65917
0.63387
0.70146
0.63096
0.76033
0.69343
0.67608
0.65464
0.67764
0.64714
0.73114
0.69663
0.71779
0.61376
0.75509
0.73282
0.64417
0.68549
0.66527
0.90991
0.63826
0.86896
0.80538
0.69024
0.64863
0.97724
0.71945
0.84723
1.0375
0.63973
0.73961
0.72611
0.63533
0.68234
0.70469
0.69024
0.75509
0.62661
0.63241
0.6368
0.68549
0.67608
0.62373
0.69663
0.62661
0.71121
0.83946
2.7353
1.6181
1.3243
1.0839
1.2134
1.1429
2.0137
1.2078
0.64121
0.65766
0.66374
0.70146
0.64714
0.65766
0.66069
0.66834
0.65013
0.77625
1.0495
0.77804
1.0209
0.85901
1.0328
0.64121
0.63826
0.63096
0.62517
0.72111
0.69823
0.74302
0.71285
0.67608
0.73451
0.7709
0.67143
0.72611
0.7379
0.76384
0.7925
1.1535
1.2853
0.75336
0.69663
0.6368
0.64269
0.64714
0.66527
0.68865
0.64565
0.61235
0.65313
0.65917
0.65013
0.63241
0.68865
0.65013
0.62373
0.65615
0.7145
0.67608
2.0893
0.80724
0.80353
0.79433
1.9588
1.5311
1.7579
0.69183
0.91201
0.97051
0.73451
0.85507
0.69663
0.69024
0.74131
0.69343
0.67764
0.64565
0.65766
0.68549
0.74131
0.65464
0.63533
0.63387
0.71614
0.69823
0.68707
0.64269
0.65163
0.69502
0.67608
0.65615
0.74817
0.68391
0.74645
0.67608
0.6166
0.68865
0.67143
0.62661
0.66681
0.72444
0.73114
0.69024
0.65313
0.65917
0.64417
0.64714
0.70307
0.66527
0.67608
0.63973
0.64417
0.62661
0.64863
0.6368
0.72778
1.2162
0.8892
1.3677
0.69502
0.93325
0.65917
0.8531
0.65766
0.68077
0.64121
0.66681
0.60954
0.67143
0.63826
0.66681
0.77804
0.83176
3.1405
2.0606
0.70632
0.65163
0.65464
0.62806
0.66988
0.65464
0.62087
0.62517
0.63096
0.6368
0.67764
0.69024
1.1695
1.3213
1.0233
0.74989
1.762
1.0593
0.77983
1.2246
0.87902
0.92897
1.1749
1.4454
0.61376
0.68234
0.65163
0.63096
0.64714
0.6792
0.64714
0.65163
0.66374
0.71285
2.2542
1.5241
1.2106
2.6182
1.6032
1.5417
2.1827
1.3002
0.81846
6.8707
0.82224
0.91201
0.71614
0.75509
0.86696
4.9774
2.1627
0.71614
0.6223
0.73114
0.63533
0.67608
0.62661
0.68391
0.72444
0.69823
0.64714
0.65013
0.66374
0.65917
0.67608
0.78886
0.68707
0.90365
1.6866
2.3605
0.75683
0.67143
3.1477
1.4825
0.84333
0.85901
0.88716
0.83946
2.208
1.4256
0.61235
0.62806
0.64863
0.63241
0.6368
0.65013
0.73621
0.66222
0.64417
0.63241
0.69663
0.89536
0.64121
0.65013
0.66069
0.70146
0.86298
0.69823
0.8414
0.77625
0.78886
0.75509
1.2023
1.0691
2.3768
0.64121
0.65615
0.62661
0.67298
0.70795
0.70469
0.74473
0.72444
0.63096
0.64565
0.64565
0.64269
0.72946
0.85901
0.7925
0.88716
0.80353
0.65464
0.70469
0.63826
0.68077
0.68234
0.67608
0.6368
0.67298
0.62661
0.66527
0.63826
0.64565
0.65917
0.60954
0.67608
0.79983
0.90157
0.65013
0.63241
0.67298
0.6223
0.69984
0.64565
0.66988
0.71121
0.68707
0.67764
0.63973
0.65766
0.70958
0.64863
0.7145
0.69984
0.66069
0.68549
0.72778
0.70146
0.69024
0.66527
0.72444
0.63387
0.69984
0.60534
0.73282
0.65313
0.66069
0.64269
0.68865
0.66988
0.68077
0.71285
0.64417
0.71614
0.64121
0.74989
0.67298
0.71779
0.61802
0.70469
0.6792
0.62806
0.63533
0.63533
0.67453
0.73621
0.7925
0.62373
0.63387
0.64269
0.91201
0.70469
1.3274
1.3274
0.69024
0.67143
0.7145
0.95499
0.77625
0.75162
0.65464
0.65766
0.60814
0.66069
0.85114
0.66834
0.61802
0.67298
0.65766
0.62517
0.83176
0.65766
0.65766
0.61094
0.62517
0.70632
0.97724
0.98628
0.77625
0.72444
0.6792
0.66988
0.66069
0.63973
0.66834
0.69984
0.67143
0.64121
0.67453
0.63973
0.65917
0.73114
0.63826
0.67453
0.61235
0.64417
0.65917
0.63533
0.64863
0.62373
0.67143
0.65313
0.63533
0.61944
0.61944
0.65013
0.62951
0.66222
0.63241
0.66069
0.73451
2.3605
1.7947
0.92683
0.94406
1.0914
1.0186
0.9977
1.3032
0.69343
0.81846
1.2972
0.69183
1.052
0.84528
2.023
1.1535
0.65615
0.70146
0.82224
3.069
2.037
1.0666
1.556
1.0328
1.1614
0.97724
2.0749
1.6827
2.3659
0.73621
0.61944
0.70469
0.69502
0.74645
0.70469
0.74645
0.66527
0.65615
0.87297
3.3574
1.0351
1.6596
0.86497
3.8459
1.9861
2.355
3.1261
3.7757
4.2756
1.5241
4.6774
5.3088
10.162
1.2303
2.1577
0.65766
1.39
4.9545
4.6026
0.93325
0.68865
0.6166
0.63241
0.97275
2.9512
1.0257
0.93972
0.97949
0.82035
4.7643
1.9543
0.77268
0.67608
0.85507
1.1117
0.64121
0.66069
0.69984
0.68865
0.66988
2.9854
1.5668
5.5335
4.6989
0.68707
0.77625
1.1092
3.2211
0.77268
0.64121
0.66222
0.70632
1.9588
3.2434
1.4859
0.87297
1.6293
3.5563
0.74302
1.0116
1.406
2.3605
1.2882
2.8379
0.85507
2.2387
4.1305
0.64565
0.73451
0.64714
0.63387
0.71614
0.77446
1.7378
1.2618
1.0495
1.6672
0.96161
1.5996
0.89536
1.3552
1.1695
0.7145
1.5382
0.93325
1.0328
2.0654
2.0701
0.71945
1.183
0.94406
2.3988
0.68549
0.64565
0.64863
0.65313
0.69183
0.64417
0.88512
0.65013
0.65313
0.60534
0.65464
0.74473
0.71285
0.74473
0.73114
1.5241
2.4491
5.3703
0.81283
1.8072
3.155
0.67453
0.62951
0.63973
0.80168
0.61802
0.64863
0.65313
0.68234
0.877
1.0257
4.529
0.80724
0.7145
0.87096
0.79616
0.78886
1.6672
1.6144
3.2211
2.2542
0.87498
0.95499
2.8973
1.1246
1.0471
1.2417
0.82985
0.8531
1.1194
1.3996
1.0814
1.0116
1.4093
1.0447
1.2218
2.1677
1.349
0.74302
1.0304
1.4825
0.97275
0.79983
0.96383
0.86298
12.912
9.6383
0.62661
1.4689
0.60814
0.63241
0.73621
0.65464
0.64269
0.90782
0.69823
0.67453
0.69663
0.62661
0.62087
0.66681
0.71945
0.64863
0.66834
1.1668
1.1298
0.96605
0.8356
1.3552
0.8147
1.1015
0.83368
0.90157
0.8995
1.0257
1.0691
1.4355
2.5942
1.6788
11.94
0.70469
0.77804
0.8531
1.8239
2.037
3.5237
2.4099
7.0307
0.74302
0.63826
0.62806
0.72277
0.62806
0.65766
0.68234
0.63096
0.69984
0.65766
0.65615
0.65313
0.6792
0.69823
0.63387
0.63533
0.64863
0.70307
0.73114
0.65615
0.6368
0.78524
1.6672
1.1246
2.7669
0.66222
0.72778
1.6331
0.81096
0.92045
1.0789
1.8793
6.8865
2.6182
0.92045
2.4491
9.2045
10.28
2.9717
0.84723
2.8249
11.402
0.71779
0.72277
1.71
0.63241
4.4463
0.64565
1.2503
0.68077
1.094
1.2972
0.91201
0.93111
1.3583
5.8345
9.5499
0.71614
0.62951
0.63973
0.66374
0.67143
0.71614
1.0046
1.71
1.099
1.9099
1.8155
1.1376
0.97724
2.6485
1.9364
1.1194
0.86497
1.6069
0.96605
1.9055
1.714
2.729
0.87297
0.72611
0.70469
0.7379
0.72778
0.87297
0.99312
8.1658
0.73451
0.71779
0.69183
0.7925
0.64863
0.60534
0.71121
0.68391
0.67298
1.1912
0.84333
1.5276
1.9187
0.74131
0.82985
2.3067
2.3174
10.889
20.845
26.73
24.266
5.4576
1.4454
2.0137
2.5177
4.2073
16.444
2.0941
0.90573
2.2699
3.1696
0.75509
1.3305
0.90573
3.4198
0.79983
0.97051
1.4997
1.4997
1.0691
1.122
1.1143
1.1455
1.4322
1.5776
1.0209
2.3605
2.4044
1.4289
1.5885
10.116
1.8621
3.1046
7.3451
1.1298
1.9498
1.0093
1.3614
2.1928
33.42
14.454
17.022
19.055
18.967
18.535
18.493
6.5313
1.5524
16.406
1.1092
0.71945
4.9204
2.1086
1.1588
21.184
22.387
1.0568
28.907
20.989
18.281
17.701
21.086
20.559
1.574
11.092
16.406
8.0724
0.8892
1.2677
5.5335
11.117
10.399
26.669
24.21
20.893
15.996
1.7906
1.5382
1.7418
2.3335
22.751
