3.9355
1.7824
2.8973
1.9815
1.6181
2.4322
1.932
5.6234
1.6866
1.2503
0.83368
0.88105
6.0534
22.542
31.769
10.864
12.912
10.94
16.52
9.0991
8.1096
18.281
13.74
25.645
6.2661
37.497
9.4624
44.157
6.0534
2.9512
6.6374
14.928
28.184
3.4119
3.8194
2.5704
3.0549
1.0423
0.98401
1.4488
12.162
12.56
5.821
4.6452
13.646
18.88
15.596
7.2277
3.9446
17.62
9.977
10.814
12.589
7.4302
0.98628
1.1092
0.72778
1.977
1.0914
0.94189
1.2417
1.1803
2.2233
3.4914
1.8113
1.2764
0.90573
1.0186
1.875
1.4421
0.90991
1.1535
1.1015
0.98175
11.246
2.5177
3.4435
9.2897
2.8907
10.617
11.194
13.274
0.82604
0.74302
0.7709
0.93972
0.70632
0.75858
0.77268
0.96828
0.90573
14.028
15.066
9.9083
8.3946
8.0168
1.0914
1.1967
6.1944
6.2517
9.0157
8.9331
7.2778
8.5507
6.8865
1.8493
2.8973
1.3366
0.91411
12.618
6.5163
12.162
10.617
7.1945
0.91411
1.4322
8.414
9.1411
1.0304
7.8705
8.414
10.94
7.5162
9.1833
9.8628
1.766
1.3032
7.9616
0.98855
1.1508
1.3521
1.0186
0.84723
6.8549
8.7096
1.9679
9.9083
8.0538
9.7499
15.74
11.272
9.8175
7.4645
12.56
12.823
17.824
6.2373
0.98401
0.73114
0.74302
0.82224
1.1066
1.39
1.8113
18.75
15.453
13.646
17.947
4.8195
12.303
0.89125
13.614
1.2303
0.85704
0.90157
0.99312
0.98628
1.4555
1.7338
0.93756
12.445
16.904
14.125
12.503
16.788
17.258
16.52
1.4191
18.155
13.243
11.117
1.0889
16.749
31.117
8.6298
16.144
19.409
1.8664
1.2388
1.4723
1.574
4.8084
1.194
1.71
1.9679
1.652
1.7061
2.2909
3.6475
3.6559
0.86099
1.3932
0.82604
4.5186
11.272
1.2618
1.7989
4.7863
18.45
8.3176
21.38
14.825
13.366
1.5668
1.5812
0.94189
0.99541
2.0277
0.93111
1.0593
0.94406
0.8531
3.9719
12.274
16.144
5.0234
16.558
12.912
1.5596
14.894
12.331
9.4624
10.914
10.328
20.37
3.9994
7.2778
16.982
1.1402
1.5382
16.749
9.4189
1.2023
9.8855
18.197
20.989
18.664
0.90157
0.76033
1.1695
0.7709
11.482
12.106
3.3806
9.8628
21.281
11.588
1.652
1.0328
14.825
7.8163
0.877
13.305
1.4791
1.0568
1.3583
1.8197
0.75162
0.74817
2.9512
1.6069
1.5241
2.5763
1.3397
1.2677
1.135
1.3062
1.4256
1.556
3.6224
16.331
8.8512
16.144
2.0797
1.135
0.80538
8.414
2.7861
0.94842
11.35
3.7931
0.99312
8.4528
11.776
20.417
0.83176
0.75162
0.85704
0.89125
1.205
1.803
0.82604
0.78163
8.9536
10.617
0.97724
1.2078
9.7499
3.0061
1.1117
1.3868
1.074
1.3459
0.75336
3.7757
0.69663
0.65917
0.63826
0.65917
0.68707
0.74131
0.74473
0.69183
0.69343
0.71614
0.69823
0.72611
0.71945
0.82985
0.65013
0.95499
0.86298
0.79983
0.70795
0.92897
0.69343
0.79433
0.87297
0.96161
0.71285
2.1827
2.9648
2.6062
0.95719
1.1376
1.39
1.4894
0.82985
0.75162
1.1324
1.1885
0.97051
1.7061
1.39
1.135
1.2246
0.74302
1.4158
2.7542
1.2078
1.9187
0.90991
0.76033
0.8531
0.9247
0.88716
0.82604
3.4914
0.86497
1.3996
0.72778
0.8356
0.76033
0.75162
5.0582
0.67453
0.64269
0.77983
0.72444
1.3002
1.6218
9.1411
15.346
6.0814
7.379
0.84723
1.0257
1.052
1.0814
1.5488
1.374
1.2388
1.1402
4.6881
1.0328
2.2646
1.2246
1.219
1.0257
1.3614
1.0257
1.1803
1.2417
3.2434
1.2218
1.1246
1.3868
1.5171
1.1885
1.256
2.799
1.4191
2.2594
0.88308
0.78524
1.0023
0.73961
0.81096
0.7709
0.71614
0.81096
2.6546
1.714
0.91201
2.2387
2.9923
0.64863
0.66988
2.8445
1.6181
0.8147
1.1858
1.1614
1.1885
1.5171
1.1324
1.3614
1.1508
1.3366
1.6368
1.3152
1.0691
1.0399
1.4355
0.7145
0.62517
0.69183
0.66222
1.2942
1.3243
1.1429
7.0307
0.80538
10.965
14.588
4.4259
4.9431
2.3174
11.041
8.091
0.87297
1.2677
10.666
14.622
9.6605
1.1535
0.89125
0.86896
13.243
14.825
0.9594
0.84333
1.0765
0.98175
6.7453
0.65013
0.65163
0.68077
8.5704
2.2439
1.0495
0.80353
1.5885
0.8995
0.78886
1.0666
0.82035
1.074
2.6977
1.2106
0.69984
1.3614
0.71285
0.98628
0.66834
0.75509
0.75683
2.2751
12.106
0.98628
0.97051
1.2503
1.0965
1.39
0.81658
0.90573
6.2517
16.406
17.418
17.14
15.031
19.861
18.239
1.1803
10.641
23.388
18.664
13.772
12.972
13.152
5.3211
0.81096
0.79983
0.78163
1.7701
0.9506
1.888
0.71614
0.6792
1.3183
0.72778
0.79068
0.78886
0.8531
1.1668
5.9429
0.97275
1.0593
0.9528
1.1092
1.3183
1.4488
1.1324
1.3183
2.421
0.63533
0.73114
0.65163
1.0351
0.69663
0.68549
0.68549
0.70146
1.4256
0.67453
0.67298
0.78163
0.67298
0.6792
0.65313
0.76384
0.64417
0.65464
1.6368
0.97724
0.92045
0.87096
0.95719
2.1184
0.73621
0.87902
0.85901
0.83368
0.7709
0.73114
1.0233
0.79983
0.84333
2.8249
0.68391
0.75162
0.72111
0.90573
0.78886
0.81096
11.169
13.996
18.072
12.882
0.66374
10.691
0.67143
0.67608
0.68707
0.67764
0.70958
0.71779
0.74645
0.65163
0.66988
0.65917
0.67608
0.73621
0.74645
0.97275
1.1015
0.8147
0.79616
0.77446
0.7656
0.73961
0.84918
0.77983
0.77446
0.93111
0.87498
0.74989
0.74302
0.71614
0.69663
0.7709
0.7145
0.72778
0.71779
0.88512
0.66988
0.72277
0.77983
0.7656
0.70146
0.75683
0.74131
0.76736
0.71779
1.0965
0.67298
0.69183
0.71614
0.86696
0.7925
0.70469
0.7709
0.82985
0.75336
0.74473
0.77268
0.73451
0.80538
0.77268
0.83946
0.80724
0.70632
0.75509
0.82414
0.67453
0.7925
1.052
0.88105
1.3122
0.96383
0.98175
0.94842
1.0328
0.73282
0.86099
0.93325
1.3964
0.80168
1.1995
0.82604
0.81283
0.75858
0.67143
1.0186
0.73282
0.81096
1.0471
1.2162
0.88308
1.0495
0.8892
1.4791
1.652
0.67298
0.76033
0.72946
0.67298
1.1298
0.66374
1.0593
0.69024
1.1858
1.5241
1.3996
0.9247
1.0593
1.7579
0.84723
1.5241
0.65313
0.66222
0.65163
0.65615
1.0375
0.70307
0.70307
0.7379
0.70958
1.1588
0.79983
0.72277
0.70958
0.72444
0.77804
0.79799
0.96828
1.4158
1.3305
3.8194
0.93325
1.374
1.4388
1.5136
1.5382
1.7824
0.70958
0.71614
0.67453
0.65464
0.92045
0.64863
0.66222
0.67764
0.70307
0.65163
0.65766
0.65766
0.68549
0.78343
0.65766
0.66988
0.65163
0.67608
0.65313
0.66222
0.90573
0.64417
0.66681
0.64863
0.65917
0.66527
0.65615
0.74473
0.68391
0.72444
0.65464
0.67298
0.68234
0.68865
0.69183
0.66527
0.66527
0.68549
1.135
0.66374
0.66374
0.66222
0.66988
0.66988
1.2942
0.8356
0.80168
1.3804
2.2284
0.85114
0.63387
0.69663
0.63973
0.68865
0.66988
1.2274
1.1194
1.4928
1.3032
0.64565
0.65464
1.1695
0.65464
0.66681
0.65464
0.65464
0.69343
0.64417
0.75858
0.65163
0.6166
0.6792
0.65163
0.66374
0.72611
0.63387
0.63241
0.65917
0.65615
0.65917
0.90157
0.67608
0.76033
0.74302
1.0069
0.77625
0.74131
0.96605
0.76736
0.88512
0.85114
1.2706
1.3836
1.7418
0.66069
0.72778
0.7709
0.69984
0.69343
0.64269
0.76384
1.0965
0.6792
0.66222
0.65163
0.66222
0.64417
0.67298
1.3804
0.66222
0.63096
1.074
0.64565
0.64565
0.64863
0.68234
0.66681
0.94624
1.1695
0.64565
0.63973
0.67764
1.2078
5.7148
2.133
0.78163
1.6558
0.68707
0.68391
1.8365
0.6792
0.66681
0.69502
0.67143
0.68707
0.70632
0.68234
0.74645
1.3677
0.71285
1.6444
0.67298
0.71614
0.65766
0.67143
0.73621
0.91833
0.72946
0.65615
0.67143
0.66834
0.67764
1.0617
0.66988
0.70469
0.76208
0.79433
0.68865
0.68391
0.64714
0.69343
1.183
0.69823
0.68077
0.67298
0.68391
0.64269
0.68707
0.75858
0.67143
1.766
0.85114
0.72111
0.71614
1.6406
1.7258
2.5704
0.68391
0.81096
0.67764
0.73961
1.1803
1.0209
0.72611
0.9594
0.68391
0.68234
0.65766
0.74645
1.0093
0.70146
0.65917
0.69663
0.72778
0.68865
0.68865
0.70795
0.68707
0.67608
0.73621
0.70146
0.88512
0.66374
1.1749
0.73621
0.99083
0.69823
1.0814
0.68549
0.73282
0.68549
0.72946
0.70146
0.8147
0.72444
0.82985
0.70632
0.69823
0.69663
0.74989
0.75858
0.71285
0.72277
0.70795
0.70958
0.68707
0.79799
0.69663
0.7145
0.69984
0.70958
0.67143
0.66069
1.1298
0.71614
0.70632
0.68234
0.69984
0.68865
0.68077
0.66834
0.66988
1.052
0.73961
0.75683
0.67764
0.66222
0.90157
0.81658
0.69823
0.67143
0.70958
0.87498
0.67764
0.66988
0.70146
0.6792
1.4859
0.7925
0.68234
0.67764
1.1298
0.89331
0.80724
0.90991
2.4717
1.183
1.0399
0.71614
0.97724
0.68865
0.7145
0.69502
0.66988
0.71121
0.70146
0.9528
1.0789
0.77983
1.0691
1.1041
2.5235
0.8091
1.3614
1.0093
0.72778
0.83946
0.72111
0.69183
0.64565
0.92045
0.7145
0.97499
0.6792
0.94406
0.67764
0.74817
1.8535
0.73961
0.68707
0.72444
0.70632
0.6792
0.83753
0.8414
0.7709
0.78343
0.71614
0.71121
0.70958
0.74302
2.1878
0.73451
0.68234
0.83753
0.71945
1.5136
1.0617
0.67764
0.71121
0.67453
0.70307
0.69502
0.8091
0.72444
0.72778
0.69183
0.76913
0.75162
0.74817
0.95719
0.70958
0.67764
0.69502
0.7145
0.73114
0.69502
0.79616
0.9977
0.76033
0.7145
0.79433
0.7379
0.72111
0.72778
0.79068
0.65013
1.1508
1.5631
0.74302
0.68391
0.69024
0.66527
1.1194
0.74302
1.2853
0.82985
0.77268
2.958
0.7145
0.64565
0.66988
0.97499
0.63533
0.72277
0.68234
0.66988
0.64121
0.88308
0.68077
0.93972
0.70958
0.69823
0.68707
0.64863
0.66069
0.72277
0.65013
0.65464
0.69183
0.70795
0.73451
0.69343
0.72111
0.69984
0.84918
0.66527
0.65766
0.69984
2.9174
0.71614
0.77268
0.89536
2.4434
1.122
0.72277
0.66374
0.68077
0.69502
0.75683
0.89125
0.68077
0.73114
0.69502
1.1858
0.65766
0.68865
0.69343
0.64863
1.0864
0.69663
0.71614
0.69183
0.66527
0.74473
0.66681
0.72277
0.72611
0.75858
1.0304
0.72611
0.68077
0.69823
0.68549
0.93111
0.98401
0.76736
0.81283
0.79616
3.1117
0.96828
0.65766
0.71779
0.66222
0.66681
1.1324
0.68234
1.845
0.87498
0.83753
0.88105
1.2274
1.1641
3.4277
0.99312
0.98628
1.1588
2.3933
0.86099
0.96161
0.66069
0.97724
0.62661
0.97275
0.63096
0.74989
0.69024
0.73282
0.83753
2.0559
0.63241
0.67143
0.64714
0.65917
0.63973
1.2106
0.66527
0.65464
0.66069
0.6792
0.67298
0.66374
0.80353
0.69663
0.62661
0.65163
0.69024
0.67143
0.6792
0.65313
0.70632
0.72946
0.77268
0.67453
0.66527
0.67298
0.66834
0.69984
0.64565
0.66527
0.79616
0.68549
0.67143
0.69663
0.67764
0.65766
0.68234
0.72444
0.69024
0.67764
0.68234
0.70469
1.1117
0.64121
0.64269
0.63826
0.62661
0.76736
0.66069
0.69984
1.135
0.67453
0.65615
0.65615
0.65013
0.68077
0.67143
0.71614
0.68391
0.66681
1.349
1.099
0.69823
1.0257
0.88512
3.0903
1.1995
0.71121
0.69343
0.69984
0.6792
0.70632
1.9099
0.74473
0.68391
0.83946
1.4928
0.65917
1.4289
0.66069
1.1508
0.64121
0.81096
0.68549
0.64714
1.4125
1.9999
0.71614
0.75162
0.77983
0.72277
0.78886
0.76736
0.86298
0.77446
0.79068
0.91411
1.2531
0.67453
0.72277
0.74131
0.66222
0.80538
0.77983
0.65013
0.67764
1.5346
3.2137
1.4454
2.2961
1.6255
0.70795
0.69823
0.69024
0.67453
5.5081
4.4978
0.77625
0.8147
0.84528
0.83753
0.91833
1.1455
0.80538
1.6331
1.6634
0.7656
0.77983
1.028
1.762
0.88716
0.85704
1.1588
1.0304
0.73451
0.78163
0.84723
2.138
0.97949
0.6792
0.65464
0.71614
0.75336
0.68865
0.6368
0.67764
0.64565
0.69823
0.69823
0.63533
0.61944
0.63533
0.66374
0.88308
1.0471
0.68391
1.574
0.72611
0.76913
1.5417
1.2503
0.89743
1.1066
1.7865
1.7865
1.3772
0.66527
0.77804
0.69984
0.66222
0.7656
0.68391
0.66988
0.69183
1.3274
0.64714
0.66834
0.64121
0.66374
0.66222
0.64121
0.64121
0.72444
2.8642
0.94842
0.89125
0.8356
0.80168
0.83368
1.0691
1.3243
1.2823
1.8707
1.3459
1.0423
1.094
1.0789
1.6406
1.4894
1.2474
2.3388
1.4997
0.9594
0.79068
0.79799
2.3281
2.2751
0.69024
0.68707
0.64417
0.68865
0.69024
0.67764
0.6368
0.63533
0.63973
0.63826
0.65163
0.64417
0.68077
0.63387
0.69183
0.64714
0.6368
0.65163
0.66988
0.66069
0.75858
0.66069
0.71614
0.65917
0.63973
0.64121
0.66988
0.66069
0.66222
0.6792
0.65917
0.70146
0.65615
0.66374
0.64417
0.62951
0.67453
0.64714
0.71285
0.92897
1.1298
0.877
1.2618
0.6792
0.66834
1.6218
1.1967
0.67298
0.62517
5.1523
2.9923
0.8892
0.9594
1.6106
1.7378
0.9247
1.0641
1.0641
1.5241
1.3836
1.3772
1.5959
2.729
2.4322
1.3032
0.70307
2.4322
2.9107
1.7258
1.374
1.4256
0.74473
0.74131
1.0069
0.63096
1.2106
0.71614
0.70958
4.3351
5.7677
0.72946
0.84723
0.85901
0.92897
0.75858
1.3772
0.83753
1.0568
1.1169
0.7925
1.1041
1.7906
13.183
8.77
10.94
11.246
1.8113
2.466
1.183
0.73114
0.90157
0.82414
2.7164
11.246
10.023
0.87297
0.8995
2.8054
0.77983
0.79068
0.68234
0.87096
4.9204
3.1189
5.4702
0.70146
0.70958
0.95499
0.75162
0.84723
0.84528
1.1066
1.9953
0.80168
0.72946
0.71121
0.69024
0.7379
0.71121
0.66681
0.70958
0.72277
0.84918
2.1086
0.82414
0.99312
0.74131
2.1232
4.0738
0.72444
0.68391
0.73282
0.68077
0.67608
0.6792
0.73621
0.68707
0.65766
0.90573
0.68865
0.67764
0.70307
0.64863
1.1995
1.652
0.8091
1.0186
1.0495
0.8531
0.87096
0.74817
0.86696
1.0257
0.72277
0.85704
2.6303
1.0375
0.73282
0.9977
0.68549
0.68234
0.63826
0.6792
0.81096
0.8414
0.71285
0.97949
0.82224
0.76736
0.73961
0.78886
1.194
0.68391
0.70146
0.69502
0.7379
0.72277
0.65163
0.69183
0.6792
0.69984
0.73621
0.66681
0.66069
0.68077
0.68234
0.70307
0.72946
0.70146
0.71121
0.66527
0.68707
0.67143
0.71285
0.68865
0.67608
0.67453
0.7145
0.68707
0.67608
0.66374
0.66069
0.70307
0.67764
0.6792
0.68707
0.69024
0.64565
0.68077
0.64863
0.67143
0.68234
0.66988
0.69343
0.70958
0.71779
1.3305
0.91833
0.80353
1.5704
0.88716
0.88512
0.79433
0.92683
1.9999
0.65615
0.92683
0.68549
0.78524
0.70469
0.82985
0.68391
1.0257
0.65615
0.71285
0.69024
0.67608
0.66222
0.66834
0.69823
0.70307
0.7145
0.66069
0.69024
0.71121
1.1324
0.68391
0.65163
1.0765
0.72111
0.63387
0.6792
0.66681
0.67764
0.66834
0.80168
0.99312
0.74131
0.89331
1.9055
0.65615
0.66527
0.83753
0.6792
1.1885
0.67764
0.67453
0.69183
0.69663
0.69183
0.68707
0.69502
0.67298
0.69502
0.71121
1.4825
0.74302
0.84333
0.70632
0.65917
0.65464
0.69343
0.67453
0.66374
0.67298
0.73621
0.82794
0.65766
0.66988
0.66834
0.69343
0.65163
0.66222
0.65163
0.65615
0.62806
0.68077
0.68707
0.65917
1.2134
0.66681
0.75858
0.66374
0.77446
0.65766
0.74989
0.92897
0.66374
0.65313
0.69984
1.1143
0.65013
1.0023
1.5417
1.7579
0.72946
0.68391
0.77446
0.75162
1.5241
3.062
1.1041
1.3305
0.93325
0.8356
1.3274
1.1143
1.5171
1.2706
0.69663
0.66374
0.66527
0.74131
0.67298
0.65917
0.65313
0.66222
1.6444
0.96828
0.66988
0.68234
1.2531
1.1912
0.67143
0.69183
2.4946
2.6182
0.76384
0.75336
2.3823
2.6122
0.66527
0.69183
0.68077
0.68707
0.68077
0.64714
0.66527
0.68391
0.65766
0.70795
0.63973
0.67608
0.64714
0.91833
0.75858
0.71614
0.74989
0.80538
0.98175
0.73961
0.72611
0.70469
0.72946
1.0641
0.97499
0.75683
0.97949
1.052
1.2218
0.68077
1.2218
1.1482
0.8091
1.7458
2.5061
0.69502
0.68549
0.65013
0.68549
0.69183
0.64417
0.66527
0.62517
0.94189
0.64417
0.69343
0.65615
0.66222
0.66069
0.65013
0.66988
0.63241
0.93541
0.64269
0.64863
0.66222
0.73282
0.66222
0.86298
1.5776
1.4322
3.5075
0.85704
1.0789
0.78886
0.89536
0.93756
1.1402
1.1588
1.6069
1.4825
1.349
2.2961
0.72611
0.70469
0.7709
0.68707
0.66374
0.6368
0.65313
0.85507
0.71285
1.5885
0.64863
0.84918
0.82414
0.66527
0.64565
0.86298
1.1641
0.96161
1.8113
0.68865
0.66988
0.67764
0.67453
0.70632
0.65766
0.68391
0.66069
0.70307
0.67453
0.69343
0.66222
0.65917
1.2078
1.5922
2.0749
0.66527
0.88105
0.6368
1.9815
1.3552
0.84723
0.67143
2.0512
0.93756
1.3932
1.3709
1.6032
0.86896
0.90573
1.2589
1.2134
1.5776
1.2162
1.1695
0.85901
0.68077
0.65464
2.0512
0.65313
3.6392
2.8576
1.5031
1.2303
0.84333
2.4547
2.3714
0.70146
0.72611
0.70958
0.69663
0.69024
0.71779
0.68234
0.70307
0.72444
0.6792
3.8459
0.9506
0.93972
0.9506
3.7411
1.9454
0.63533
0.67453
0.67453
0.70307
0.75509
0.65313
0.67608
4.9431
2.9992
6.4863
0.93756
0.79616
1
0.86298
0.89536
0.87902
1.052
2.4434
0.90991
0.87498
4.7973
8.1283
4.6774
0.99083
4.1879
0.71614
0.69984
0.69502
1.3274
0.70307
0.65163
0.71285
0.66834
0.73451
0.66374
0.66222
1.888
0.79433
0.9977
0.88716
0.72277
1.349
0.86099
1.5885
9.0573
3.8726
0.98175
1.2853
1.5704
0.98175
1.8155
0.84918
1.4723
1.0715
1.8408
0.94406
1.1695
0.83753
0.8356
0.98175
1.1967
1.0641
0.90157
0.80724
1.1272
8.6298
1.2218
0.90782
5.2481
0.92683
1.0914
1.2445
2.3988
0.9247
1.0328
13.552
11.561
9.0782
1.5311
0.97949
0.77804
0.89743
2.2284
1.8967
2.1429
1.1482
1.2647
12.474
9.977
0.96161
7.7268
16.218
4.0926
0.75336
0.77268
0.74645
0.81283
2.0654
0.72946
1.7539
0.79068
0.77804
3.3497
9.4624
14.028
3.155
9.0991
12.794
1.3243
0.87902
1.4028
1.2359
9.594
3.8194
10.593
21.038
5.8614
16.711
19.055
10.839
5.821
13.932
14.555
4.3451
11.912
14.256
18.408
5.9841
18.155
11.749
13.583
9.3972
20.37
10.328
1.1117
2.5177
9.7275
12.246
13.552
12.794
11.83
11.298
0.77625
1.1641
0.79068
5.6364
1.7539
1.2078
4.3251
3.9355
17.458
15.631
20.559
11.83
17.865
12.023
12.246
1.4757
6.8865
9.977
10.889
7.6384
5.5719
6.8865
0.68391
0.69984
1.1143
1.2474
0.9977
0.77983
0.84918
1.4723
0.93972
4.121
1.2106
1.205
0.71285
0.84723
0.77446
1.2417
1.803
5.781
1.0641
1.194
0.97724
1.4655
1.39
1.4689
1.4223
1.6032
2.2439
0.9594
1.9143
1.0447
0.8091
0.75509
0.96828
0.73621
0.74645
0.96605
0.85507
1.4488
1.205
1.7989
1.2417
2.0464
1.0423
1.6866
2.1281
0.80538
0.74302
0.84918
0.96828
5.0933
9.7724
1.2445
0.97949
1.1376
1.0864
1.1376
0.88105
0.89331
0.75336
0.89125
1.2503
1.0789
1.1967
1.0544
1.2942
1.2503
1.4223
1.7378
1.1995
2.0749
1.5885
0.67608
0.69024
0.70795
0.78163
0.84528
0.69823
0.69024
0.72111
0.71945
0.7145
0.78886
0.72946
0.78163
0.74817
0.73451
0.7925
0.7925
0.82035
0.76913
1.3459
0.79983
0.72444
0.72778
0.73282
0.69183
0.72277
0.74817
0.72611
0.9247
0.9528
0.73282
0.82794
1.2677
0.85114
3.1623
0.68234
0.72277
0.74473
0.7656
0.71945
0.67453
1.4289
0.7656
1.4757
0.93972
0.69343
0.71779
0.75683
0.69343
0.70146
0.66988
0.67608
0.69663
0.77268
0.68077
0.68865
0.87096
0.68391
0.69823
0.80168
0.67298
0.76384
0.71121
0.7379
0.69663
0.73282
0.68865
0.70307
0.75509
0.72111
0.78524
0.64565
0.63973
0.8892
0.74645
0.82035
0.7145
0.71779
0.70469
0.72111
0.73451
0.69823
0.73114
0.75336
0.7709
0.71285
0.66988
0.73961
0.71285
0.70795
0.72277
0.70632
0.69823
0.71285
0.72946
0.69024
0.72444
0.65917
0.68391
0.68077
0.8414
0.66527
0.71779
0.69984
0.6792
0.76033
0.74473
0.68234
0.65917
0.69343
0.69343
0.69183
0.69823
0.72778
0.66681
0.66834
0.78343
0.8147
0.69663
0.66527
0.74131
0.65766
0.69343
0.67143
0.78163
0.73451
0.67608
0.70632
1.0116
0.71779
0.6792
0.68549
0.74989
0.73621
0.68865
0.68707
0.70146
0.67143
0.71614
0.64121
0.69502
0.79068
0.74473
0.70958
0.64565
0.71945
0.69343
0.69183
0.69984
0.77983
0.6792
0.71121
0.66069
0.71779
0.66527
0.6792
0.68549
0.72444
0.66988
0.74302
0.9977
0.66988
0.82414
0.75336
0.76736
0.74473
0.88105
1.1885
0.84333
2.023
0.76913
1.0423
2.1038
0.75509
0.85114
0.70469
0.64863
0.70795
0.73282
0.65313
0.71614
0.71614
0.97275
0.80538
0.78163
0.79616
0.67764
0.70632
0.94624
0.77446
0.9506
1.3646
0.69502
0.74817
0.69984
0.79068
0.73114
0.62951
0.71285
0.67453
0.70307
0.70146
0.84918
0.63973
0.79616
0.70632
0.7145
0.65917
0.77446
0.67298
0.74645
0.67608
0.66222
0.70958
0.68391
0.74131
0.70795
0.75683
0.70958
0.95499
0.71779
0.71614
0.68391
0.70632
0.74989
0.73961
0.69343
0.7145
0.68865
0.68391
0.71779
0.6792
0.67453
1.1722
0.69984
0.70469
0.69024
0.7145
0.68865
0.87297
0.78705
0.7925
0.72946
0.70146
0.70632
0.73961
1.0257
0.74302
0.72111
0.7145
0.73451
0.68549
0.71945
0.67453
0.70632
0.64121
1.2445
1.0186
1.1455
1.0023
0.89743
0.86696
1.3092
1.0544
1.2618
1.1668
1.5596
0.84918
0.80353
1.074
0.70469
0.69823
0.67453
0.75336
0.73114
0.72778
0.67764
0.75336
0.90157
0.70958
0.69984
0.70958
0.68234
0.71945
0.72946
0.70958
0.66374
0.68391
0.71285
0.71945
0.77268
0.66681
0.67298
0.71779
0.70469
1.0914
0.68707
0.69984
0.74645
0.72277
0.73451
0.72444
0.88308
0.70795
0.9528
0.74302
0.74302
0.67764
0.65917
0.70958
0.68234
0.69183
0.69663
0.76033
0.65917
0.86497
0.73282
0.70795
0.72277
0.6792
0.73621
0.70795
0.74473
0.74989
2.3823
1.7022
1.2023
2.1528
0.98401
0.82414
0.69024
0.6792
0.77625
0.71285
1.3964
0.69343
0.66988
0.65766
0.66374
0.68391
0.66834
0.6792
0.66527
0.65464
0.71779
0.71121
0.68234
0.6792
0.68865
0.67453
0.69343
0.69343
0.66681
0.66222
0.72611
0.7145
0.66527
0.72444
0.68391
2.3335
2.0137
0.93756
0.8356
0.93972
1.4894
1.7498
0.97499
0.75858
0.63973
0.86497
0.9506
0.68234
1.052
0.67764
0.64714
1.5241
0.9506
0.66527
0.65163
0.70795
0.67764
0.69823
0.72611
0.66988
0.67298
0.69024
0.66834
0.63826
0.65766
0.75509
0.97275
0.66069
0.65917
0.66681
0.74645
0.64863
0.64863
0.64417
0.73114
0.70469
0.65615
0.67608
0.78886
0.66527
0.70632
0.70307
0.72946
0.63973
0.67453
0.82985
1.0162
0.64417
0.68707
0.68549
0.70469
0.68549
0.87498
0.65766
0.68707
0.64863
0.68549
0.66834
0.67298
0.70795
0.67764
0.70146
0.65766
0.66834
1.1641
0.73451
0.69984
0.81658
0.69984
0.67143
0.67608
0.6792
0.68707
1.2589
0.67143
0.64121
0.72946
0.8531
0.68865
0.66834
0.68391
0.67453
0.90365
0.80353
1.2246
0.73451
0.82604
0.77268
0.94842
0.72611
2.5468
2.3933
1.2589
0.67764
0.69984
0.66988
0.80168
0.9977
0.95499
0.94189
0.85704
0.81658
0.78886
0.74131
0.72611
0.76736
0.78343
0.69502
0.79433
2.9923
1.2303
2.2699
0.97724
0.68234
0.67608
0.66988
0.67764
0.68865
1.1535
1.3183
0.88105
2.5823
0.92257
3.581
0.69502
0.73621
0.69343
0.75858
0.71614
0.85901
0.65013
0.68707
0.69024
0.66681
0.66222
0.70146
0.67453
0.71779
0.66222
1.7378
0.84333
1.2474
1.1169
1.0789
1.3366
1.3836
0.99541
0.83176
0.96605
1.1614
0.99541
1.219
1.9588
0.96383
1.2503
1.219
1.1561
1.1885
1.2023
1
1.0914
1.5031
2.3659
0.93541
0.9528
1.2246
2.729
1.1376
1.2823
1.3709
1.8408
0.65917
0.69183
0.68077
0.70146
0.90782
0.69502
0.66222
0.66374
0.71614
0.65013
0.63826
0.69343
0.64565
0.65766
0.66834
0.65464
0.65917
0.85704
0.80353
0.84528
0.68077
0.66069
0.7709
0.70307
0.66834
0.66069
1.3868
0.8531
3.1623
2.1135
1.5205
0.6792
0.67298
0.93756
0.65615
0.68077
0.98175
1.219
0.78886
0.69823
0.72277
1.2503
1.9815
2.0989
0.70146
1.6749
5.224
1.4622
0.67608
0.72277
0.66527
0.73621
0.71285
0.70146
0.69663
0.69984
0.66681
0.69663
0.65766
0.66374
0.66527
0.71285
0.73451
0.66834
0.70958
0.70795
0.67298
0.65313
0.70795
0.67608
0.71779
0.69183
0.69984
0.66222
0.6792
0.73621
0.81658
0.66834
0.71779
0.70146
0.69823
0.68234
0.69024
0.71614
0.68234
0.70795
0.66069
0.68865
0.72611
0.74645
0.69024
0.71945
0.66374
0.70958
1.6218
0.8356
0.89331
0.77983
0.75336
0.7145
0.71614
0.72611
1.2331
0.66069
0.65766
0.64269
0.70632
0.68549
0.69823
0.65615
0.68707
0.66681
0.65313
0.97724
1.0593
3.3497
1.714
0.69024
0.70958
0.65163
0.69183
0.64863
0.65917
1.2359
0.69663
0.7709
0.94624
0.79433
0.75509
0.7379
0.76384
0.85507
0.65615
1.1614
0.71285
1.1858
0.90782
0.69183
0.65464
0.74645
0.68077
0.6368
0.65917
1.9953
0.8531
0.81846
0.91411
2.1478
2.1478
0.70469
0.80538
0.64714
0.66834
0.7379
0.66069
0.65615
0.68391
0.66222
0.70632
0.70307
0.69183
0.68865
0.67298
0.71945
0.64417
0.68865
0.68707
0.65313
0.70469
0.70307
0.69024
0.70146
0.69984
0.68707
0.65615
0.69183
0.73451
0.68391
0.68077
0.6792
0.68077
0.69024
0.71285
0.68234
0.70469
1.374
0.85507
0.74989
0.81658
0.69823
0.78705
1.1995
0.8091
0.84918
1.0423
1
1.3521
0.9247
0.70632
0.66681
0.62517
0.66834
0.65013
0.68234
3.3806
0.87902
1.2274
1.2303
4.217
1.8793
0.64417
0.65013
0.69343
0.65917
0.69663
0.67143
0.67608
0.67143
0.67453
0.70307
0.65313
0.63973
0.65013
0.66374
1.3804
0.63533
0.67298
0.65615
0.65464
0.65163
0.70146
0.68707
0.69502
0.69024
0.67143
0.67764
0.71945
0.65163
0.66834
0.6792
0.69024
0.6368
2.0797
0.82035
1.0328
0.8091
0.63533
0.78886
0.65917
0.71945
0.64714
0.66374
0.66374
0.66069
0.65163
0.76913
0.8091
0.65766
0.66681
0.84528
1.0965
0.64863
0.65615
0.66222
0.70958
0.67298
0.65464
0.66834
0.65163
0.64121
0.65163
0.69663
0.66527
0.6792
0.63241
0.76736
0.69984
0.65313
0.86696
0.65013
0.66222
0.71285
0.68707
0.66069
0.65464
0.84333
1.0889
0.78705
0.93325
0.73114
0.67143
0.74645
0.70795
0.76913
0.74817
0.97275
0.78886
0.73114
0.70632
3.1477
0.68707
0.66222
0.68707
0.67143
0.67143
0.66222
0.69343
0.66069
0.69663
0.63826
0.64121
1.3213
0.65313
1.0889
0.66222
0.70469
0.65766
0.71779
0.69823
0.64863
0.70469
0.76033
0.88716
1.5241
1.0447
0.64565
0.63096
0.68234
1.1749
0.66222
0.67143
0.65615
0.66527
0.66222
0.6368
0.65917
0.68865
0.65615
0.64863
0.68234
0.65917
0.64417
0.64417
0.66988
0.67764
0.66374
0.65313
0.62806
0.65615
0.64417
0.66374
0.65313
0.68391
0.74131
0.68391
0.70307
0.77625
0.75509
0.77268
0.83368
0.76384
0.76384
0.79433
0.68549
0.66681
2.729
0.67608
0.87297
1.5276
0.77625
2.3768
4.8195
7.2611
2.4378
10.023
8.531
1.0814
0.82224
0.75162
3.1696
1.6634
1.1092
1.0233
0.81846
0.86696
2.7479
1.0765
2.4946
0.64714
0.67453
0.69502
0.66834
1.5031
0.75683
0.62661
0.66222
0.66681
0.67143
0.67143
0.65766
0.66527
0.66222
0.68234
0.70795
0.70958
0.72946
0.69502
0.78705
0.93972
0.74645
0.70795
0.77446
2.6669
1.8967
3.2659
4.5186
2.8445
0.97724
3.0061
1.1117
0.79433
0.88716
0.77446
0.86497
1.0351
0.96383
0.8147
1.0139
2.2699
0.79799
0.77268
1.0233
0.8995
2.8774
1.3335
1.1092
0.98628
2.355
1.4355
0.877
1.0447
1.1092
0.90782
1.074
0.84528
1.6406
7.5509
12.706
8.7297
11.143
16.596
18.923
10.965
12.677
15.56
11.641
1.5704
8.1283
15.885
14.655
11.967
13.49
19.999
8.6298
10.789
8.77
3.6308
11.35
7.145
14.06
9.7275
9.4406
14.894
12.706
2.1928
0.81658
0.79983
8.0538
15.524
2.6363
1.3932
3.281
6.7608
0.81658
6.1235
20.23
15.311
16.482
11.858
9.8401
9.6383
13.032
17.989
13.583
7.8886
0.82035
1.3677
1.1508
12.823
10.94
8.8716
1.4521
1.406
1.4125
0.7925
0.77983
3.54
7.4645
15.205
23.933
11.695
13.062
12.417
14.158
18.535
11.169
5.4576
8.9743
1.2942
12.972
17.418
12.106
21.677
9.8175
7.7268
9.9312
11.967
12.023
10.447
9.1833
4.7973
1.1561
1.1749
0.87096
2.9174
6.7453
7.8163
6.5313
11.298
17.579
5.0466
15.031
18.923
14.488
8.5704
13.772
10
3.8107
3.1696
15.241
10.914
16.943
14.928
11.194
0.88716
0.81283
0.91201
1.052
0.91411
0.86497
0.7925
1.7298
5.3088
16.672
4.4566
8.2604
8.147
1.0257
1.0666
2.0989
4.2954
1.7498
6.368
8.9536
6.0674
1.135
1.6181
5.6624
9.7949
16.293
9.5719
16.368
15.488
10.839
18.793
15.996
9.1411
14.421
11.194
13.428
6.1944
11.482
13.583
9.1622
8.7096
3.4674
0.82604
4.6026
1.1641
0.82035
0.88105
9.1622
3.3574
3.1696
4.4978
7.6736
1.8664
3.6475
7.4473
12.823
8.7096
10.447
9.7499
11.117
13.062
12.647
0.93541
0.86497
3.0339
13.305
8.2224
5.8076
5.3456
10.715
3.6308
10.046
7.4473
10.447
10.257
7.656
12.445
10.74
8.9331
4.3351
1.3583
1.0839
1.0139
5.781
1.3243
1.5959
2.0941
2.673
0.92045
0.78886
14.928
12.331
14.158
16.331
13.152
9.7275
15.417
10.139
1.6711
3.342
7.4989
7.9983
0.91622
3.2659
11.912
4.217
1.0544
0.94189
0.9506
0.94624
1.122
0.85704
3.7411
8.6497
5.1761
13.868
11.668
8.77
2.4099
6.6834
4.14
2.355
5.4325
9.9312
9.7499
9.7724
11.641
9.594
12.474
15.101
18.113
8.091
6.8707
3.3574
0.8995
5.035
0.66681
5.0119
7.9068
8.414
12.647
13.709
17.579
10.568
0.8531
0.69823
0.65464
5.358
14.825
7.0469
1.714
2.799
0.69343
1.0568
1.652
13.002
16.106
8.8105
6.166
1.9588
2.1478
4.0644
1.0641
0.76033
0.78343
0.87902
0.74645
6.6222
8.356
4.9774
4.6452
1.5776
0.66527
0.84918
2.2491
1.0715
3.9537
4.592
5.8749
10.74
10.617
14.757
12.503
16.943
12.218
8.6497
15.066
11.194
6.2951
1.5031
1.2246
4.6774
4.7643
0.89331
0.98401
0.93541
7.9433
12.162
9.1833
6.9183
0.92257
1.4454
4.1305
14.723
6.223
10.617
9.6828
1.4256
9.8401
8.7297
11.668
13.804
6.5163
2.5468
0.92683
2.0654
1.5171
1.8535
3.7154
0.81096
0.93111
0.86099
0.77625
1.6711
0.82794
1.0023
2.4266
2.2961
1.3397
7.3451
10.568
0.72946
0.73621
0.71285
0.78886
5.6885
11.776
11.885
6.6069
6.9823
8.5114
6.0814
1.194
1.6558
1.0139
1.7179
1.1858
2.6424
10.28
3.0903
9.1833
17.258
7.0146
10.94
7.2277
7.6208
1.0328
3.5645
9.7499
4.3152
5.9156
7.8524
1.0568
0.9594
0.98175
1.1092
1.1376
0.94842
0.97949
1.256
1.5311
1.0666
1.2853
1.714
3.3574
1.205
1.4322
5.6754
6.2517
6.6527
6.8391
0.95499
1.5171
7.0469
0.69502
9.0365
14.825
14.791
9.8175
10.304
11.35
1.3459
1.5776
8.0538
10.617
6.9343
2.9309
4.2073
12.274
9.506
12.474
14.256
13.002
6.3973
1.9634
0.80724
0.94842
0.96605
0.77446
5.2723
1.1967
1.6827
1.5524
1.6032
1.4521
1.3243
1.4791
1.2388
1.4256
1.1041
2.958
5.9566
0.69984
0.70307
0.68234
2.1135
3.8548
5.8345
3.8282
2.8907
10.889
8.1846
9.6828
0.8147
0.93325
4.7206
11.614
5.8076
6.4269
8.6497
6.0395
0.69024
0.68234
3.6983
0.72946
2.8314
0.68234
5.728
6.4417
2.2856
1.5704
0.8147
6.9984
11.561
1.1041
1.0304
0.94406
1.714
5.358
1.1455
1.7906
3.3266
1.0814
0.8147
0.86099
0.82604
2.0654
13.74
4.0926
6.2373
11.35
2.0091
1.0351
2.1528
6.8549
8.0353
8.995
6.3241
1.0544
0.82794
0.85901
0.94624
2.6062
8.4918
12.331
9.7949
5.8479
4.4875
1.0593
1.2106
4.9431
14.997
13.677
12.331
7.0469
10.593
13.243
2.3335
13.772
6.9823
16.331
14.158
14.093
21.627
6.6834
9.5499
9.7949
1.4093
5.3951
3.6898
1.2134
3.9264
3.2211
2.1727
6.0256
10.093
5.358
2.8054
2.9376
1.099
0.94406
0.9528
0.88716
0.95499
0.9506
0.9506
0.89125
0.87902
0.7709
0.79068
0.93111
0.80724
0.9528
1.0093
0.97724
0.86298
0.877
0.90573
0.94842
0.81096
3.8994
8.9743
1.6827
0.68865
0.7709
0.73621
1.1912
1.094
1.6032
0.92045
0.96161
1.4588
1.1169
1.052
1.2647
1.3932
1.1641
1.1668
1.1246
1.6144
0.99083
1.5885
0.89536
0.80724
0.86099
2.2491
0.99541
2.0701
0.98401
0.6792
0.68234
0.74131
0.88105
0.67298
0.68234
0.92897
0.88512
0.66834
0.65464
0.69984
0.8147
0.70146
0.66374
0.64565
0.66834
0.65615
0.65464
0.68077
0.67764
0.8091
0.87096
1.932
0.94189
2.355
0.65615
0.68549
0.66834
0.65163
0.66681
1.122
0.63241
0.84528
0.74989
1.888
0.98628
0.67764
0.6792
0.65313
1.374
0.68549
0.66527
0.67453
0.65464
0.68391
1.0715
0.62951
0.80724
1.5885
0.7145
0.74817
1.4421
2.466
0.65464
0.63826
0.66527
0.69343
0.67453
0.7145
1.4488
0.66527
0.67453
0.77983
1.1092
0.88716
1.4791
1.0447
0.96161
1.2134
1.4894
1.1668
1.0471
1.6331
1.052
1.4256
1.2445
0.69183
0.81658
1.1695
0.65766
0.66222
0.65917
0.68707
0.70632
0.72778
0.69183
0.67453
1.9999
0.65013
0.72277
0.75336
0.65313
0.6792
0.67143
0.63973
0.69502
0.69183
1.1588
0.69984
0.73114
0.67608
0.69984
0.68391
0.68234
0.70146
0.68707
0.66988
0.87902
0.65013
0.65766
0.64417
0.64565
0.71121
0.70307
1.6144
0.88716
0.7925
0.76033
1.6711
1.1324
0.90573
2.3014
1.1776
3.6141
0.72946
0.69502
0.65313
0.66681
0.71779
0.70958
0.73451
0.77268
3.3574
2.6424
5.6105
2.851
0.67298
0.71945
0.73114
0.71285
0.7145
0.66681
0.81658
0.70469
0.78163
0.67298
0.69823
4.9888
8.7902
11.83
18.836
12.677
4.5186
1.0162
0.83176
0.78886
1.0093
7.0632
14.06
12.794
11.776
16.069
9.0573
9.528
7.5336
2.8708
7.7804
4.1783
4.1879
7.925
16.788
11.749
15.031
13.677
11.35
16.218
6.7453
7.1945
1.0069
1.1272
6.3241
10.116
12.531
14.689
14.825
9.4189
16.711
15.311
10.447
9.247
9.2683
1.2162
0.81846
7.2778
3.9628
0.96605
5.3456
9.2897
7.0307
8.9743
11.246
1.6943
0.68234
3.5075
1.0617
1.4125
2.3227
5.42
5.5335
11.092
5.9704
17.338
10.186
15.596
13.183
9.8401
10.495
7.4473
12.823
14.555
12.162
2.3121
4.0644
9.4624
23.227
10.471
7.2778
0.91833
0.76208
3.5237
18.281
8.9743
6.6527
10.666
11.429
12.05
14.488
14.256
13.183
9.247
1.4825
11.695
12.942
10.209
1.4355
10.447
12.677
13.74
8.356
8.0168
1.1967
12.474
7.2111
9.977
5.8614
9.2897
8.4528
16.827
25.351
21.577
13.836
4.8306
14.06
28.642
10.99
6.5163
3.7931
1.1298
0.80353
0.85507
2.9444
2.138
7.1614
14.289
7.7268
2.9174
0.86298
0.8356
0.80168
6.2373
15.488
5.5081
0.66374
0.7145
1.2764
3.6898
4.7643
1.3521
0.84333
0.83753
1.0789
1.1803
0.9247
4.6666
3.8726
3.5237
9.0991
10.162
8.6099
14.028
13.9
6.9024
4.2855
11.967
11.94
2.3335
1.0965
6.0256
4.6559
4.0738
1.6482
1.374
6.223
12.218
0.65313
0.83176
16.596
8.995
14.289
6.9984
8.4333
11.092
8.8716
10.864
14.555
14.555
12.735
6.8077
7.2778
7.7446
17.458
11.35
12.735
14.421
1.2474
3.5237
3.6813
3.7239
2.0324
6.4714
4.3853
15.136
6.5917
1.0889
3.3729
3.0339
6.6988
12.912
12.078
11.22
13.709
12.246
3.9355
7.7268
1.3397
1.2677
10.864
13.152
9.6605
6.8865
9.3972
8.4528
14.028
19.231
5.1642
1.3213
8.1846
10.328
10.99
12.023
14.421
13.243
13.274
0.91833
1.5996
2.023
2.1777
7.7446
6.2517
1
1.2531
0.90365
6.2373
13.804
1.5631
1.9543
11.429
2.8184
1.4256
9.4624
7.2611
11.194
1.0423
1.1041
3.5892
4.9431
1.6827
1.7824
1.4723
1.1561
1.3521
4.3652
9.5719
9.2257
10.471
14.962
11.858
15.136
1.4859
0.88105
0.99541
1.183
24.717
14.191
14.689
8.5114
1.3964
10.641
24.044
8.4918
8.2604
