2.0749
1.4191
4.4875
0.92897
1.5885
1.1803
4.8084
2.9444
7.7983
1.9588
3.0761
11.429
16.106
45.29
19.634
12.735
1.0328
13.552
1.2882
1.5704
1.5066
16.069
1.5776
20.749
1.6943
0.90573
33.574
41.305
6.2806
0.89125
0.92257
1.0093
9.9541
1.3428
1.0423
1.219
1.1803
19.143
14.454
14.521
1.5885
0.99541
0.74989
0.86099
1.5031
1.1117
1.9143
1.4655
4.8753
1.4256
0.94406
0.69984
2.0654
0.98855
0.99312
1.5276
2.1184
0.85114
1.3709
1.2218
1.1641
1.2445
6.223
2.4322
0.93972
0.72444
1.1376
1.0789
7.7804
1.3868
0.79616
1.1967
2.1429
1.0093
5.6624
21.33
24.434
18.408
7.7625
14.521
25.823
23.659
16.181
21.928
7.0307
1.2359
1.349
0.85114
0.85901
2.8445
0.92045
18.408
26.915
1.135
13.032
13.646
11.561
0.85507
11.376
11.967
1.4928
0.90573
1.0765
1.6406
9.1411
1.0447
1.1117
0.77804
1.5241
12.972
10.544
13.366
10.839
14.588
10.544
16.032
2.7227
1.6032
1.8578
1.5136
1.1967
1.1015
1.1169
12.274
13.964
14.223
1.762
2.0091
6.5163
0.71779
1.4622
1.1641
0.92683
0.83753
1.5488
0.91622
1
0.75683
0.87902
0.99541
0.75683
1.6331
1.1066
3.4995
6.2373
1.5136
3.1915
1.0257
0.96828
3.4995
1.1995
1.1995
1.3552
1.1776
1.4421
1.1722
1.0495
16.144
26.424
17.1
5.9566
16.827
18.967
17.989
1.8493
0.86298
1.3366
1.3646
2.4434
3.0061
17.219
24.099
16.749
10.641
21.478
10.617
22.182
21.038
18.281
20.941
2.3878
0.80168
1.8197
0.82985
16.181
1.1858
1.3032
1.1508
0.8531
26.607
23.388
15.776
13.49
26.669
21.727
20.512
12.388
1.2972
4.9431
1.194
2.9923
14.355
8.7096
1.7783
9.6828
9.9312
1.0965
1.0304
1.652
1.7378
2.2336
6.1944
6.0814
7.8524
16.52
24.099
20.37
26.607
1.3836
2.3768
10.209
10.593
1.6711
0.86099
1.6293
0.78524
0.77625
0.85507
0.84528
12.647
23.227
24.266
19.011
7.2611
23.55
2.2699
23.988
14.488
20.797
1.2912
1.1455
9.977
1.4256
13.583
18.75
18.707
22.233
20.845
15.631
20.559
19.907
18.155
9.2897
0.81283
1.2359
1.9588
7.5336
2.9923
1.6788
9.4624
1.0046
1.1324
7.6208
1.0423
1.1092
1.0914
1.4588
17.298
25.351
23.442
21.135
12.303
18.155
16.293
15.382
23.714
13.614
18.113
23.496
1.71
11.117
1.4191
7.6384
12.303
7.2444
20.941
24.099
26.669
19.724
1.3521
9.0782
24.21
17.742
19.143
1.5849
2.1827
0.90991
0.97051
1.5849
0.73961
0.77804
0.75683
1.194
1.3397
3.2659
1.2388
1.766
2.3174
1.0447
15.668
22.751
15.136
12.942
3.581
0.70307
0.77268
1.574
1.1272
0.77983
0.90365
1.4158
0.83946
0.78343
1.0186
1.1967
0.92683
25.003
18.923
22.182
16.293
25.061
16.596
1.9907
16.406
21.478
22.491
20.184
8.2604
20.37
0.82035
1.6368
1.4158
16.218
0.71285
0.70958
0.6792
0.68391
0.70958
0.66222
0.67764
0.81283
0.89331
0.97499
0.8091
0.69823
0.97275
1.2764
0.94406
0.83368
0.97051
0.7656
0.8091
1.5488
1.5136
0.82035
0.93111
1.2106
0.7925
1.0568
0.66374
0.79616
0.64863
0.66681
0.74473
0.62661
0.66527
0.71945
0.65013
0.64714
0.69024
0.83176
0.73114
0.65615
0.68234
0.65917
0.66374
0.87297
0.64863
0.64565
0.63533
0.69984
0.64121
0.65917
0.63533
0.63241
0.6368
0.89536
1.2677
1.8535
1.0544
1.0814
2.0137
0.74131
1.3274
0.96161
0.84723
1.9231
0.65464
0.63533
1.1066
1.028
0.66834
0.67143
0.66222
0.65013
0.66834
0.67143
0.66374
0.66834
0.62951
0.70146
0.65013
0.75162
0.66374
0.65615
0.9528
0.7145
0.66069
0.65163
0.8091
0.67608
0.67453
0.65013
0.6368
0.66681
0.86099
0.81846
0.64121
0.6166
0.62951
0.86497
0.81283
0.66834
0.65917
0.62951
0.63533
0.64269
0.65766
0.66527
0.64863
0.66222
0.62517
0.65766
0.64565
0.66681
0.66374
0.66069
0.65013
0.65163
0.61944
0.7145
0.67453
0.65917
0.67453
0.74302
0.64863
0.61944
0.65013
0.65313
0.85114
0.64121
0.65013
0.67453
1.074
0.92045
0.67143
0.73621
0.74645
0.76913
0.70469
0.69984
0.69984
0.76208
1.2023
1.1324
0.877
1.2218
1.6069
1.5453
0.66069
0.62951
1.1376
0.62087
0.64417
0.65163
0.72444
0.65464
0.64565
0.65615
0.65766
0.65766
0.65766
0.67298
1.094
0.6792
0.76736
0.65615
0.68707
0.64269
0.62951
0.65313
0.63387
0.7656
0.64863
0.66527
0.66681
0.65464
0.63533
0.6368
0.62951
0.6368
0.72277
0.67764
1.1668
0.6368
0.71779
0.65163
0.68234
0.63387
0.64417
0.63533
0.65464
0.67298
0.62517
0.67453
0.8147
0.64121
0.65013
0.73451
1.2882
0.71285
0.65464
0.64121
0.65163
0.63973
0.6792
0.67764
0.62951
0.63973
0.6368
0.62661
0.66681
0.68234
0.65313
0.66681
0.65013
0.66069
0.80353
1.2359
0.69823
0.92045
1.2303
2.2542
1.2823
0.63241
0.98855
0.92683
1.0399
0.69823
0.68865
0.67453
0.67764
1.2246
0.66988
0.62951
0.64863
0.64863
0.65464
0.86497
0.65766
0.72111
0.69183
0.65163
0.66681
0.68707
0.70146
0.64714
0.66681
0.66988
0.64565
0.67298
0.62951
0.67608
0.69343
0.75336
1.5241
1.5596
0.73451
1.1912
0.9977
1.7824
3.7325
1.2764
1.2531
0.98628
0.93972
0.65163
0.67608
0.63973
0.65163
0.70307
2.1577
0.71285
0.66374
0.62373
0.67453
0.69663
0.71779
0.74302
0.68707
0.69502
0.66681
0.68234
0.64863
0.66069
0.7145
0.68865
0.71121
1.8365
0.64269
0.62661
0.62806
0.66834
0.63826
0.6792
0.63533
0.62806
0.63826
0.69024
0.62951
0.65163
0.72778
0.62806
0.67453
0.62951
0.64417
0.64121
0.69024
0.65917
0.65163
0.68707
0.72444
0.88716
0.83753
0.8414
0.79983
0.81658
0.85901
2.466
0.64714
0.62806
0.65464
0.64417
0.63973
0.67143
0.65013
0.65163
0.79433
0.65917
0.70307
1.0162
1.0423
1.0046
0.63973
0.68549
0.64121
0.66834
0.6368
0.64121
0.66834
1.7865
4.2073
1.7906
1.7458
0.69183
1.7498
0.62806
0.70307
0.70307
0.65615
0.70146
0.65013
0.66527
0.62661
0.73451
0.66988
0.69984
0.67608
0.64417
0.66988
0.65615
0.69502
0.68391
0.69502
0.65464
0.65313
0.78343
0.70795
0.69823
0.68234
0.66069
1.0593
0.66681
0.65615
0.65013
0.63973
0.65464
0.65013
0.68077
1.028
1.9724
0.88308
0.69984
1.1143
0.8995
1.3428
3.7154
1.1858
1.3709
1.1246
1.4256
2.0045
1.8535
1.3996
2.6122
1.5066
2.6424
1.845
2.9174
1.4421
1.1272
1.1995
1.6827
1.8836
2.1928
0.68391
0.76033
0.98855
1.762
1.6982
0.67298
0.65464
0.65766
0.93541
1.4488
0.65313
1.6144
1.9498
0.63387
0.74473
0.90573
2.037
0.70632
0.76913
0.66527
0.68077
1.3614
1.3772
0.64714
0.75162
0.69343
0.63973
1.3459
1.3614
5.3333
2.3605
0.65464
0.69343
2.5586
1.9409
0.65615
0.65013
0.68234
0.67764
0.75683
1.9588
4.3652
0.67298
0.67453
0.74473
0.65313
0.72444
0.65615
0.66069
0.69183
0.73961
0.68865
0.65615
0.69343
0.65464
0.65615
0.70307
0.69343
0.66834
0.64714
0.68549
0.69502
0.71121
0.67608
0.66069
0.72111
0.72444
0.66834
0.69502
0.66527
0.65766
0.71285
0.70632
0.77983
0.69502
0.71285
0.73282
0.69823
0.68077
0.70469
0.69984
0.72111
0.71779
0.70795
0.77983
0.73282
0.70795
0.70632
0.6792
0.69502
0.74473
0.73114
0.72277
0.75858
0.67608
0.72946
0.67608
0.68391
0.69663
0.76208
0.68865
1.0186
0.66222
0.69343
0.7145
0.73114
0.70146
0.82604
0.80353
0.87096
0.78163
0.71614
0.74131
1.3459
1.7179
0.7379
0.7145
0.80538
2.5882
0.96828
0.84528
0.92683
0.96383
1.2706
2.799
1.1614
1.2794
1.3868
1.3772
1.4125
1.5524
0.93541
1.3583
0.96828
0.69343
0.68077
0.92683
0.65917
0.67143
0.63387
0.65464
0.64863
0.65615
0.66374
0.6792
0.88716
0.67298
0.64714
0.65013
0.64714
0.67453
0.65013
0.91411
0.65917
0.66681
0.6368
0.64565
0.63533
0.64121
0.64565
0.68549
0.68234
0.63387
0.66988
0.66374
0.64417
0.62951
0.65313
0.66681
0.62806
0.69984
0.62373
0.63533
0.65766
0.66222
0.63533
0.65917
0.67453
0.66988
0.6368
0.66374
0.65163
0.64714
0.66069
0.66834
0.65163
0.65313
0.67764
0.66527
0.65615
0.63241
0.66069
0.65917
0.67764
0.64417
0.63387
0.65464
0.66222
0.64714
0.67143
0.64863
0.65615
0.70469
0.65013
0.65766
0.65313
0.66834
0.66527
0.68865
0.65313
0.69183
0.66374
0.66834
0.67298
0.66527
0.63533
0.66222
0.66374
0.64269
0.70146
0.63973
0.64269
0.67143
0.64863
0.66069
0.65615
0.64269
0.63533
0.66069
0.65917
0.65013
0.66069
0.90991
1.3677
0.90157
1.4655
0.7656
1.7579
1.4962
0.82035
1.0765
2.1135
0.7379
1.0162
0.9506
1.2882
1.1066
0.70307
1.3122
0.72111
0.71285
0.68077
0.65464
0.74131
0.70795
0.7379
0.66834
0.67143
0.65615
0.67764
0.72611
0.69024
0.68707
0.72444
0.70795
0.70469
0.70469
0.68234
0.73114
0.67608
0.66527
0.72946
0.69024
0.70469
0.68707
0.68549
0.73282
0.69502
0.79616
0.70632
0.66374
0.877
0.70469
0.69984
0.69984
0.64121
0.66069
0.65313
0.74473
0.67298
0.66374
0.64417
0.66681
0.78343
0.65917
0.67764
0.72277
0.66374
0.67453
0.69343
0.68077
0.64121
0.71945
0.65013
0.66069
0.64269
0.65464
0.65615
0.65163
0.73451
0.70146
0.70632
0.69183
0.79983
0.65464
0.75336
0.66834
0.67608
0.71779
0.74645
0.68707
0.69343
0.73282
0.66834
0.66834
0.68391
0.68549
0.69502
0.63826
0.67143
0.66374
0.71121
0.65917
0.73961
0.66988
0.68865
0.66988
0.67298
0.6368
0.68077
0.66527
0.71121
0.64565
0.65464
0.73114
0.65163
0.68707
0.65313
0.66069
0.66069
1.0375
1.135
0.66069
0.67764
0.6792
0.68234
0.67298
0.9977
0.93111
1.0814
0.82985
0.72111
0.70958
1.9861
1.875
1.1508
0.66834
0.65917
0.64269
0.63096
0.85704
2.4378
0.78524
1.1194
1.1588
1.0023
0.9594
1.9953
0.73961
0.73451
0.69502
0.73621
0.65766
0.68391
0.66681
0.66374
0.69823
0.68707
1.3964
0.74645
0.74989
0.8356
0.85704
0.71285
0.76033
0.74302
0.78524
0.70958
1.4223
1.0162
2.4946
2.355
0.72444
0.93541
0.72778
0.70958
0.72946
0.71285
0.76913
0.73961
0.68077
0.71614
0.68391
0.66988
0.76913
0.70146
0.72778
0.69663
0.69823
0.69024
0.8414
0.70146
0.67143
0.69663
0.6792
0.72611
0.67764
0.68391
0.67608
1.0186
0.71779
0.66374
0.69823
0.68077
0.69984
0.70469
0.68549
0.79983
0.93325
0.70795
0.70146
0.68707
0.67764
0.71121
0.75336
0.76384
0.70469
0.67608
0.76913
0.68707
0.67453
0.68865
0.68391
2.421
0.65163
0.66222
0.66527
0.70958
0.69024
0.75683
0.72946
0.68234
0.73451
0.67143
0.68865
0.73961
1.1588
2.1777
1.0423
0.90991
1.099
0.97949
0.96161
1.4588
1.2531
0.8531
2.4831
1.7865
1.5922
3.5481
0.66069
0.70632
0.6792
0.67608
0.7145
0.69663
0.69823
0.72778
0.68234
0.73621
0.72946
0.73282
0.71285
0.69823
0.69663
0.66374
0.69984
0.72946
0.70146
0.69024
0.71945
0.69502
0.72111
0.74473
0.69024
0.70632
0.70632
0.69343
0.67764
0.71121
0.72778
0.71945
0.7925
0.69823
0.68234
0.72611
1.1668
0.66681
0.71779
0.90157
0.99083
0.68865
0.62661
0.62951
0.67608
0.70469
0.70146
0.70307
1.1169
1.0093
0.65163
0.85114
0.8995
1.0715
2.3174
0.69502
0.68865
0.79068
0.66527
0.67608
0.64121
0.67453
0.64565
0.66988
0.6792
0.70469
0.72444
0.70469
0.68549
0.71614
0.68391
0.70958
0.6792
0.67298
0.67143
0.78705
0.67143
0.68707
0.68549
0.74473
0.72611
0.68707
0.65313
0.69024
0.68549
0.70795
0.68391
0.70146
0.69823
0.74302
0.66988
0.69823
0.74131
0.71945
0.66988
0.73282
0.72778
0.74817
0.65313
0.76208
0.69502
0.81096
0.72946
0.69343
0.70469
0.69823
0.68865
0.67298
0.71945
0.67764
0.68077
0.69502
0.65163
0.73621
0.72111
0.72778
0.66222
0.68391
0.63973
0.70307
0.69183
0.69183
0.78705
0.75336
0.8091
0.99083
0.85704
1.122
0.74473
0.877
0.93325
0.81658
2.0749
0.75336
0.66222
0.65464
1.9724
0.69024
0.91201
1.5488
1.4289
0.68234
0.74645
0.70146
0.73961
1.8793
1.2078
2.1577
0.69823
0.69663
0.73114
0.75683
0.77983
0.72946
0.72611
0.71121
1.183
1.2359
0.64269
0.83176
1.3836
0.67608
0.6792
0.65917
0.68391
0.64269
0.66527
0.63826
0.64121
0.64565
0.66681
0.68549
0.67143
0.68549
1.9231
1.2531
1.3152
1.4588
1.099
1.5346
0.97051
2.3823
0.9528
0.64714
1.4655
0.65163
0.69502
1.0914
1.6218
2.1135
1.5596
0.87096
2.799
0.68391
0.68549
0.63826
0.71779
0.65013
0.72277
0.69823
0.70795
0.65615
0.70469
0.72111
0.75509
0.65464
0.75162
0.77268
0.69663
0.64863
0.70307
0.69502
0.65013
0.71945
0.63096
0.69343
0.65163
0.72277
0.64863
0.64121
1.1641
0.65313
0.64863
0.66069
0.69823
0.65917
0.69343
0.66988
0.68549
0.67608
0.67453
0.66834
0.64269
0.63826
0.65464
0.67143
0.71945
0.64863
0.65766
0.6792
0.69984
0.62806
0.65917
0.65615
0.67143
0.66681
0.65615
0.67764
0.65917
0.69502
0.68707
0.66681
0.64417
0.66374
0.69823
0.70469
0.66834
0.69823
0.65464
0.64714
0.66374
0.63973
0.6792
0.69024
1.1614
0.62806
0.66374
0.63973
0.6792
0.78343
0.85507
0.7925
0.66069
0.62661
0.66374
0.67143
1.0691
0.65163
0.66069
0.65313
0.71285
0.64269
0.65313
0.66374
0.66834
0.7145
0.68707
0.66222
0.63826
0.65464
0.64714
0.64565
0.64863
0.74302
0.67453
0.63387
0.65917
0.68391
0.73282
0.67298
0.70632
0.79616
0.65464
0.66222
1.1912
0.66681
0.63973
0.66834
0.71121
0.65917
0.64863
0.65615
0.63826
0.63387
0.64121
0.67143
0.64565
0.66681
0.68234
0.63387
0.63096
0.67453
0.65313
0.64863
0.9977
0.64121
0.64417
0.88105
0.68549
0.6792
0.63826
0.65615
0.63973
0.66069
0.66988
0.63973
0.65013
0.65464
0.64121
0.79983
0.67298
0.65013
0.65615
0.77983
0.65615
0.6368
0.63826
0.66527
2.1184
0.72111
1.652
2.9376
0.79616
0.76736
0.67764
1.9011
0.66527
0.82224
2.9444
0.75336
5.42
1.0186
1.1776
2.3067
3.7154
2.4266
0.89536
0.86298
1.0375
2.2387
2.0137
0.72277
0.67764
0.66374
0.74473
0.71121
0.7709
0.74131
1.0139
0.69024
0.62373
0.66527
0.64714
0.65917
0.66527
0.65013
0.64863
0.82985
1.8836
0.66681
0.66527
0.63387
1.39
2.9242
0.69343
0.91411
1.7947
0.66527
0.69183
0.73961
0.67298
0.70958
0.80538
0.70795
0.76736
0.73961
0.76208
0.94842
1.0691
0.82604
1.3002
1.1092
0.65464
0.65464
0.65013
0.65163
0.65766
0.67453
0.65766
1.2647
0.86298
1.256
0.97051
1.4723
1.5382
1.3521
0.93972
1.3397
1.1535
1.2647
0.71121
0.70146
0.74817
0.70958
0.65766
0.74473
0.73961
2.6485
0.67608
0.74645
0.62661
0.70469
1.5776
0.65615
0.66834
0.64121
0.71121
0.69823
0.65013
0.64269
0.64714
0.64417
0.84528
2.1577
0.77983
3.5645
0.68391
0.65313
0.74302
0.64121
0.66681
0.62373
0.67764
0.65464
0.64121
0.68707
0.64714
0.69663
0.65917
0.65464
0.64565
0.69024
0.65313
0.64417
0.66374
0.68707
0.68865
0.71285
0.63533
0.69984
0.68707
0.66681
0.64417
0.63973
0.71779
0.65766
0.64417
0.65917
0.66374
0.65615
0.8414
0.70958
0.67298
0.68707
0.69024
0.72778
0.6792
0.68391
0.66069
0.66374
0.69024
0.65766
0.69183
0.66834
0.67143
0.69823
0.65766
0.66834
0.66527
0.67298
0.65313
0.64714
0.67608
0.66527
0.65615
0.67298
0.65766
0.63826
0.67143
0.68707
0.62661
0.67764
0.66527
0.69024
0.63826
1.7783
0.67143
0.66834
0.85507
1.0814
0.66527
0.66222
0.64863
0.65464
0.69343
0.66374
0.64714
0.63973
0.83946
0.66222
0.64269
0.64714
0.66834
0.66222
0.95499
0.87096
0.69024
0.65013
0.6792
0.64714
0.64269
0.62806
0.68707
0.67298
0.65163
0.64863
0.64121
0.62661
0.65464
0.68234
0.88308
0.69502
1.0233
0.64417
0.64269
0.64417
0.71779
0.85901
1.6711
0.69024
1.1298
0.62373
0.66681
1.3772
1.8967
0.84918
0.7145
0.73114
0.74645
1.3614
1.3213
0.92045
1.2417
0.89536
1.1967
0.68077
0.66527
0.67453
0.72778
0.64565
0.6792
0.89125
1.2445
0.97724
0.84918
2.0277
0.68865
0.66222
0.64417
0.64121
0.69984
0.82794
0.68707
0.66069
0.65313
0.64565
0.63973
0.66069
0.77625
0.63973
0.68234
0.90365
1.1169
0.8414
1.3122
1.3932
1.4521
2.1232
0.67143
0.69984
0.69343
0.67298
0.66681
0.64121
0.69502
0.77983
0.65313
0.66988
0.68707
0.62806
0.64565
0.67608
0.67143
0.66681
0.81096
0.67298
0.67608
0.86497
0.69024
0.66069
0.64121
0.64863
0.8356
0.64565
0.65013
0.73621
0.64417
1.1194
0.66222
0.65917
0.65464
0.65013
0.66069
0.94842
1.5276
0.64565
0.66834
0.66222
2.8774
0.75336
0.92897
1.8923
1.1668
1.9588
0.64863
0.64714
0.66681
0.65464
0.69183
0.68865
0.6792
0.65163
0.68077
0.66222
0.67143
0.67453
0.63533
0.6368
0.65766
0.64714
0.64417
0.65163
0.68707
0.83753
0.7145
0.75683
0.73621
0.70146
0.78886
1.3335
0.69183
0.65163
2.1135
0.66681
0.68234
0.64565
0.78524
0.65766
0.65766
1.8323
1.4355
0.63096
0.65464
0.65313
0.93756
0.87297
1.7498
2.541
0.66374
0.67298
0.66988
0.71121
0.74989
0.83753
0.81846
0.77446
0.86896
0.99083
1.219
0.67298
0.67143
0.93111
0.90573
1.1194
1.1272
1.9364
0.66222
0.67608
0.68707
0.69823
0.65464
0.68707
1.2162
0.67608
0.66681
0.66222
0.78705
1.4421
1.2023
0.96383
0.88512
1.3183
1.4588
1.2503
1.3964
1.5524
0.93756
1.4825
1.4256
1.4859
5.2845
0.99541
1.3932
1.1776
1.3122
1.8836
0.89743
0.86696
0.96161
1.714
0.74473
0.74817
0.79068
0.69663
0.6792
0.70307
0.75509
1.1041
0.66834
0.79983
1.2303
1.4928
2.0417
1.0069
2.0417
0.70795
0.70958
0.75336
1.4894
2.2803
0.73282
0.67764
0.67764
0.68391
0.64863
0.72444
0.68391
0.69823
0.72444
0.70632
0.69183
0.66681
0.67143
0.66527
0.66527
0.66681
0.71779
0.81846
0.72946
0.69183
0.67608
0.69502
0.73451
0.68549
0.74473
0.67608
0.66222
0.69183
0.65464
0.66834
0.65464
0.67608
0.72444
0.74989
0.67143
0.71945
1.6144
0.85114
0.70307
0.72111
0.75683
0.73961
0.69502
0.6792
0.68077
0.70632
0.74817
0.68549
0.70307
0.72611
0.73451
0.69823
0.69823
1.1015
0.72111
0.7145
0.65464
0.69663
0.69343
0.71945
0.68234
0.70958
0.67453
0.68865
0.72111
0.66988
0.71779
0.70307
0.65917
0.66222
0.69024
0.69183
0.71121
0.74989
0.7925
0.71614
1.5346
0.70795
0.73961
0.73451
0.69823
0.70146
0.71285
0.70632
0.64714
0.75858
0.73282
0.68391
0.69024
0.70632
0.73961
0.64417
0.67608
0.65464
0.66681
0.68707
0.69823
0.70146
0.71945
0.64863
0.69663
0.66988
0.71285
0.74817
0.72778
0.68707
0.70146
0.65766
0.67143
0.67453
0.67764
0.67608
0.65464
1.2162
0.74817
0.80538
0.77446
0.75162
1.5668
0.75509
0.66069
0.67143
0.69823
0.6792
1.1117
1.4093
1.074
0.88512
0.85901
1.1508
0.81096
0.84723
0.74473
1.1246
0.76208
1.1143
1.2303
3.5727
1.2445
1.1803
2.2029
0.70307
0.70307
0.70469
0.69663
0.69183
0.74817
0.71945
0.97499
1.7061
1.2972
0.82604
0.86099
1.6672
0.77446
0.68234
0.69343
0.67453
0.87498
0.71285
0.73451
0.81658
0.74817
0.69343
0.70469
0.75683
0.70632
0.85901
0.7145
0.70958
0.72111
0.67143
0.84528
0.73961
0.70958
0.70958
1.4454
0.82035
1.7701
1.4894
1.2388
0.93972
0.8531
1.1066
1.3804
1.1912
1.1324
1.3366
1.205
1.2134
2.1677
1.3274
0.70146
0.66988
0.70307
0.70307
0.66527
0.72111
0.99312
1.2303
0.73451
0.71285
1.8155
0.93325
0.72611
0.81283
0.72778
0.78343
0.83368
0.76736
0.71285
0.70146
0.70958
0.73114
0.73961
0.69502
0.70469
1.3614
0.71285
0.67143
0.67764
0.70469
0.86896
0.78524
0.81096
0.74989
0.82794
0.80353
0.84918
0.78705
0.83946
0.81846
0.75858
0.68549
2.0941
0.71121
0.68077
0.73451
0.91622
0.88105
0.67764
0.71614
0.69343
0.99312
1.2106
0.67298
0.69984
0.66988
0.69663
0.70795
0.66988
0.73451
0.68865
0.75162
0.71614
0.75509
0.66527
0.67764
0.68549
0.6368
0.65766
0.67764
0.6792
0.76208
0.68234
0.69984
0.68707
0.69024
0.67453
0.68077
0.74817
0.70632
0.65917
0.68865
0.74302
0.66069
0.67608
0.66988
0.70146
0.72111
0.74473
0.69024
0.66222
0.69823
0.66988
0.69823
0.73282
0.69984
0.69663
0.75509
0.66681
0.71779
0.70307
0.68391
0.72778
1.7579
0.69984
0.67143
1.194
0.74645
0.94842
1.8408
0.72611
0.70307
0.68077
0.70795
0.65313
0.67453
0.71779
0.68077
0.66834
0.68077
0.75162
0.6792
0.71121
0.83176
0.78886
0.68234
1.1272
1.1858
1.4191
0.79983
0.90573
1.4028
0.74131
1.0789
0.96605
1.7022
1.205
1.5922
1.1143
0.68077
1.7418
2.0137
0.72444
0.71945
0.69183
0.65464
0.65013
0.69183
0.64714
0.68234
0.65917
0.65464
0.68391
0.67298
0.66834
0.71614
0.65615
0.72778
0.71121
0.79068
0.67764
0.70146
0.69024
0.69823
0.69823
0.72946
0.83368
0.66988
0.66527
0.69663
0.65766
0.67453
0.70146
0.7145
0.78524
0.70469
0.66834
0.71779
0.71945
0.73451
0.66834
0.69343
0.74817
0.76913
0.68391
0.77268
0.70632
0.67764
0.71121
0.68234
0.72946
0.72946
0.83176
0.77983
1.1455
0.75336
0.78524
0.69502
0.64714
0.89743
1.6181
1.71
1.3062
0.82035
0.877
0.75683
0.76736
0.75683
0.82224
1.074
1.2503
1.4355
1.2823
0.84528
0.97275
1.4355
1.3646
1.4997
2.1528
1.574
1.1402
0.75162
0.72277
0.74817
0.75509
0.74989
0.7379
0.76208
0.68234
0.75162
0.7709
1.1482
1.2474
0.73621
1.5031
1.4355
2.133
1.205
1.5205
1.4859
1.2589
0.68865
0.68391
0.67608
0.68549
0.69663
0.67298
0.66988
0.69984
0.69823
0.65615
0.69663
0.66988
0.69343
0.66222
0.67298
0.70146
0.65615
0.71779
0.67453
0.69024
0.70307
0.70469
0.68391
0.71779
0.69663
0.69984
0.68234
0.73451
0.6792
0.68234
0.69024
0.66374
0.72111
0.69183
1.2445
1.0715
1.4655
1.4256
0.65766
0.66988
0.6792
0.72444
0.66988
0.67608
0.66527
0.69024
0.68865
0.65464
0.66988
0.66681
0.66988
0.66374
0.74473
0.69823
0.67298
0.65013
0.64121
0.65615
1.1169
1.1169
0.69502
0.73282
0.65313
0.74473
1.3335
2.2909
0.65917
0.68707
0.66069
0.69343
0.66374
0.68234
0.66222
0.66222
0.70469
0.8091
0.92045
0.7379
2.0606
0.95719
0.77268
0.88716
0.80353
0.82794
0.74302
0.70795
0.70958
1.2618
2.138
7.3282
3.4119
0.66069
0.68234
1.4791
1.7701
10.94
11.455
13.614
9.6828
14.622
2.851
3.02
0.89331
0.83946
0.64714
5.9156
1.0139
0.88105
0.83946
6.9343
0.8091
0.65163
2.2542
1.9409
1.2023
2.1232
1.6711
0.66222
0.68077
0.65917
5.3211
1.7865
0.69984
0.68549
0.69984
0.68234
0.73451
0.69823
0.68865
0.65766
0.69183
0.69183
0.67298
0.67608
0.65615
0.72946
0.69343
0.70632
0.67453
0.70958
0.72946
0.6792
0.72778
0.71779
0.69183
0.74131
0.66069
0.73961
0.67453
0.73114
0.72611
0.66681
0.69823
0.69024
0.67608
0.72946
0.75509
0.69183
0.68865
0.67143
0.68234
0.71285
0.67453
0.73282
0.68234
0.72444
0.69502
0.71779
0.72946
0.71779
0.72444
0.66681
0.70469
0.68077
0.66834
0.66374
0.6792
1.1776
1.3868
0.65464
0.70958
0.70307
0.71614
0.69823
0.65766
0.71945
0.66069
0.69024
0.66834
0.65615
0.68865
0.73961
0.78886
0.73282
0.7145
0.88105
0.82985
0.76736
0.7656
1.1194
0.81283
1.1376
0.7656
1.0233
1.5136
2.0324
1.766
0.70146
0.67764
0.70469
0.7145
0.69984
0.69984
0.67764
12.531
18.45
1.9861
6.9183
1.9907
13.032
9.594
15.488
13.74
1.1402
5.0933
4.7863
12.106
1.6106
1.183
1.9454
1.4158
6.6988
0.67453
0.65766
15.205
4.2855
5.728
0.67453
0.7379
0.71121
0.93541
16.444
21.184
11.376
18.493
2.2029
0.76913
1.0257
10.52
0.74989
0.67298
0.71614
0.75683
13.397
9.3325
1.875
2.8054
0.82794
0.70632
0.85704
0.8995
1.5996
4.0551
0.68391
7.9616
14.928
8.4333
7.7625
0.69823
1.0423
0.79616
0.74645
9.4406
9.594
1.4962
2.9107
11.535
0.71121
0.68707
0.70469
0.73621
0.68077
0.7145
0.69024
0.69024
0.75336
0.68549
1.099
0.89125
0.70469
0.7925
0.75858
0.77268
0.69502
0.7656
0.81846
0.83946
0.70632
0.65013
0.89331
0.66374
0.6792
0.67453
0.68391
0.77268
0.67298
0.71945
0.69663
0.73114
0.74473
0.7145
0.72111
0.73114
0.69183
0.76208
0.67453
0.70146
0.82414
0.69183
0.74131
0.66834
0.66681
0.72444
0.66069
0.66681
0.67608
0.66681
0.97275
0.70146
0.69984
0.68077
0.74473
0.76736
0.73114
0.65766
7.1121
10.74
0.67453
0.70632
4.4771
18.664
11.967
0.72444
0.70632
7.5336
14.289
19.099
1.4928
0.90991
0.99083
3.2885
4.5709
1.0257
0.98628
0.73282
1.1695
0.95499
1.845
5.2119
9.1833
9.1833
0.67608
0.70632
0.70632
0.72277
0.78524
0.70958
0.70307
0.67608
1.0209
0.76033
0.69024
0.69343
0.73961
1.2078
10.52
11.041
14.689
19.055
16.672
11.641
6.1235
8.2224
10.495
8.8308
7.5162
0.70795
0.66222
0.66681
1.8707
0.66222
0.81658
1.4997
1.5524
0.64121
1.3521
2.421
2.1979
7.6736
0.68391
0.70146
0.7145
0.68865
0.68391
0.69183
0.66069
0.74473
0.6792
0.66834
0.73961
0.67143
0.68865
0.73451
0.66069
0.71945
0.68549
0.75509
0.66834
0.69984
3.7844
0.69984
0.6223
0.6792
0.72111
0.72111
0.73961
1.0691
0.72277
1.0447
3.6058
1.2853
0.76033
0.72611
0.71945
0.70469
8.7297
0.71779
0.70307
0.72778
0.70146
0.65013
0.70146
0.71779
0.71779
0.71945
0.75336
0.75336
0.66681
0.69343
0.7145
0.70632
0.69183
0.71779
4.4771
0.95499
1.5524
1.4928
1.099
1.5382
0.94189
1.3677
1.3152
0.96605
1.2794
1.3552
1.0839
1.2912
0.74989
0.99312
5.2845
0.68391
0.70795
0.71285
0.66527
0.68865
2.729
0.66374
0.71285
5.0234
0.73114
0.67764
0.94624
0.68234
0.68865
0.70307
1.2303
1.5704
0.93325
1.3032
1.4488
1.0691
1.194
1.1482
1.0617
1.1508
1.3996
1.3709
2.5293
1.875
0.82035
4.7534
0.81283
0.68865
0.82414
0.81846
0.7379
0.7145
1.8281
8.7498
0.65766
5.358
8.4723
1.3804
0.68234
3.4514
0.69183
0.70307
0.67608
0.67453
0.73961
0.68391
0.71945
0.70795
0.7145
0.72277
0.67298
0.72277
0.69343
0.67143
0.67298
0.68549
0.69823
0.69663
0.65766
0.65013
0.76033
0.69183
0.74645
0.71614
0.72277
0.70958
2.8379
0.72611
10.666
14.454
2.9376
2.9309
3.3806
5.9293
0.9506
1.2853
0.76033
0.86497
1.0375
1.0814
9.7724
13.183
6.4417
10.593
0.70795
18.578
9.0991
23.714
20.091
11.83
5.5719
1.099
8.0353
4.6345
0.72946
11.298
14.791
1.2942
1.6482
0.83368
1.7906
4.8417
8.3176
2.904
8.1283
0.71945
7.9983
11.776
14.894
9.8628
1.3646
2.5645
0.65464
0.73451
1.2388
1.5922
0.68707
0.70795
1.875
0.66681
0.74645
0.67453
0.93325
2.851
11.455
14.894
12.331
10.765
0.68391
4.2364
9.4624
11.482
10.447
8.5901
0.71779
13.428
7.6208
0.89125
0.88512
3.4435
8.6497
16.866
11.35
11.455
6.5615
14.757
11.117
13.804
7.6033
13.709
12.618
1.3836
1.4757
7.1121
0.7145
0.71614
0.76208
9.4842
11.066
0.69502
0.67143
0.68707
0.69343
0.69663
9.4406
6.1376
8.6298
9.2257
0.68865
0.72444
0.76736
0.69663
0.74817
0.69343
3.7068
6.6681
2.0701
2.2491
4.3752
12.359
13.366
14.355
0.72611
4.6238
15.812
10.839
10.209
21.38
8.9125
13.646
15.136
0.82414
0.8091
1.5959
2.6182
0.68549
0.94406
0.81658
0.69984
0.78705
0.8414
0.97499
0.73114
0.80538
1.3868
0.98401
0.84723
0.84723
1.9498
3.8994
7.0146
5.236
10.139
4.9659
8.3753
0.69663
0.79433
0.6792
5.9429
13.677
6.7608
0.72277
0.67764
0.71285
1.6749
0.75683
1.8281
4.8978
11.967
18.88
12.218
16.943
16.634
0.69823
14.723
16.218
16.827
5.3703
12.162
1.1508
8.3368
11.695
13.032
2.2029
1.1668
5.358
14.521
0.72946
13.996
1.6634
0.98628
10.839
5.3951
0.68549
0.71285
0.72946
6.4417
8.5507
8.0168
1.9409
8.1846
10.568
6.166
0.66374
5.4828
0.70632
0.70307
0.71614
0.66527
0.67608
0.71779
0.71121
0.71945
0.67453
0.69984
1.4322
0.69024
0.67453
0.67608
0.73451
0.70958
0.69502
0.71614
0.7145
3.0409
0.65615
4.1591
0.7145
7.3114
1.4555
0.67298
6.9343
5.3703
8.4723
5.0816
0.77983
0.80538
0.75683
0.81283
0.82414
0.74817
0.73282
0.81283
0.66834
5.4576
1.1776
2.8774
12.912
15.346
23.335
2.3933
1
1.7378
2.3174
8.4723
2.704
3.1769
4.7534
1.1749
7.6208
0.68549
4.2658
5.8749
7.3621
0.97949
1.4825
0.77625
0.88512
1.71
1.1722
1.1995
1.3122
1.1092
1.6444
1.4791
1.8113
6.7608
8.7096
15.031
12.445
15.031
16.144
13.428
1.7298
9.4189
0.79616
8.0724
10.139
12.942
14.06
19.143
0.73451
0.70469
0.65464
0.66222
0.66988
0.65615
0.66681
1.1561
0.66681
0.72778
0.65917
1.6866
1.8923
0.73114
0.67298
0.73621
2.0512
2.9512
12.735
13.804
22.233
12.972
7.6913
5.1642
4.6989
0.68234
0.72444
0.88716
0.75683
0.72111
0.71945
3.8815
9.6383
14.289
12.134
8.5704
10.568
20.797
8.5507
9.0157
16.52
11.668
12.474
7.0958
11.117
20.749
11.455
9.7051
1.6827
0.68077
1.7498
1.2853
4.1115
18.072
15.241
12.794
1.4256
0.77983
11.429
13.243
12.972
1.0328
11.092
11.858
0.70146
9.3972
12.05
16.255
11.508
11.776
19.77
10.375
8.1658
0.7145
0.67453
2.5823
12.19
12.882
5.6234
0.77983
0.78343
0.75683
0.84528
0.7925
0.76208
0.73961
0.87902
0.82224
0.91201
0.77983
1.0328
0.74989
0.97275
0.73961
0.75683
1.5776
0.70307
4.8195
0.67143
4.0738
5.42
0.75858
1.2618
0.66222
0.65163
0.65013
0.64417
1.7824
7.3451
0.71285
0.70958
0.70958
0.70469
0.70958
0.63826
0.66834
0.72444
0.69823
4.6026
8.3176
0.66069
0.72444
0.70958
0.72111
0.70469
0.71779
2.4434
0.67764
0.72444
5.2119
0.68865
2.6424
0.69663
0.73621
0.70469
0.76384
0.69823
0.72946
0.64565
0.66069
0.68707
0.70795
0.74989
0.72444
0.74131
0.69823
0.73621
0.69663
0.72611
0.68865
0.66834
0.67298
0.70469
0.66374
0.66681
0.67453
0.70632
0.67453
0.70146
0.69502
0.68391
0.7145
0.67608
0.74817
0.7379
0.72611
0.72778
0.76384
0.67608
0.72778
0.79799
0.66834
0.72444
0.71121
0.66069
0.67764
0.71945
0.76913
0.69343
0.76033
1.8664
0.81658
4.1783
7.3114
0.77625
0.72778
8.2035
10.666
14.028
14.488
13.709
17.458
20.184
11.695
10.233
19.999
1.2106
2.5061
8.8308
8.892
9.1833
0.67453
0.74817
0.69663
11.668
0.80168
0.67298
7.6033
12.474
13.836
12.589
17.14
12.647
12.589
13.243
25.41
10.568
9.4842
3.9355
13.49
9.594
4.6345
12.078
0.69663
0.76208
0.7145
0.73961
0.74817
0.69663
2.0277
8.6497
13.397
16.255
20.797
16.52
12.218
1.5171
13.552
3.9084
10
0.67608
0.72611
0.7145
0.74645
0.74645
0.70795
0.73114
2.3281
7.8705
7.656
0.95719
0.78705
0.81846
1.5311
1.1324
0.97949
1.1912
1.4322
0.67764
7.925
15.031
0.93972
0.83176
0.80353
0.79799
2.729
0.69024
0.71285
12.531
15.704
11.858
2.7102
2.4889
18.535
15.74
8.3946
3.4514
4.9774
4.3752
16.711
16.218
1.2764
18.155
10.209
0.68865
17.219
12.531
19.634
17.14
6.3096
14.322
7.8886
12.445
0.66988
2.9376
0.73621
0.66222
6.9663
11.143
7.8886
18.707
17.022
10.889
1.8707
4.7424
3.4674
2.037
9.3541
0.66222
0.69183
0.64863
0.65313
0.68707
0.66374
0.72778
0.69984
0.72778
0.66988
0.66374
0.64714
0.66374
0.67298
0.66527
0.73961
0.66069
0.68865
0.65615
0.66374
0.67453
0.67143
0.67143
0.65464
0.65313
0.67608
0.67453
0.65766
0.66374
0.67143
0.64863
0.69823
0.66374
0.66834
0.62806
0.68549
0.70795
0.66988
0.67608
0.7656
0.70469
0.68234
0.66834
0.66681
4.1687
0.69663
5.2723
0.68234
6.166
10.641
9.8855
11.614
11.776
0.7656
13.305
0.75509
6.8077
0.71614
6.7298
12.05
3.6141
16.788
14.093
16.596
13.677
7.8163
5.358
5.7412
6.2661
1.6558
0.70795
0.65464
5.358
0.72444
0.74817
0.92897
0.75509
1.3397
1.1066
0.75336
1.0789
0.77983
0.75162
1.0139
0.68707
6.2373
1.6144
0.73451
0.74817
0.68865
0.69823
0.66681
0.71779
0.66374
2.9376
0.65464
0.70795
5.7943
6.8865
0.74645
0.68077
0.8091
0.71614
9.247
15.776
10
15.812
14.06
1.3459
3.3266
0.69984
0.70469
0.79068
0.80538
4.9659
0.77268
0.74131
0.72946
2.6915
0.73621
0.70632
0.71121
0.72444
0.68865
0.73114
0.72611
0.67298
0.78524
0.64565
0.72444
0.72946
0.67608
0.74989
0.74131
0.72277
0.69663
0.6792
5.4702
0.67764
0.79068
0.70307
0.67298
0.70146
0.72444
0.66988
0.8147
7.2946
0.6792
11.041
0.67298
12.023
14.928
1.9364
12.331
10.789
17.338
19.679
7.5509
16.069
20.654
12.474
5.781
12.912
0.68707
9.6383
5.4954
15.849
15.417
11.641
11.272
10.447
0.68391
8.4723
18.535
16.368
10.889
13.646
12.05
17.865
8.4723
14.825
5.5463
9.6828
4.3652
0.75162
0.76033
0.72277
15.101
11.614
10.839
2.1281
2.1827
5.6105
0.69343
0.67608
0.68077
0.68234
0.70795
0.66374
0.7709
0.74302
0.64714
0.68549
2.704
4.9888
6.2661
1.052
1.1722
1.194
1.1967
1.1324
1.8072
1.4488
1.2474
5.2602
4.3551
1.2942
2.0512
0.67453
0.65013
0.66222
9.9083
4.9204
0.70469
1.4997
11.194
18.535
14.223
16.181
6.8391
5.4075
4.2267
16.904
10.186
0.68707
0.72444
0.69502
6.9984
8.3176
16.866
16.788
11.429
14.859
16.711
13.152
8.0168
0.65464
0.66374
0.68391
0.68549
1.71
0.6792
0.69502
0.68077
2.2542
0.71121
0.70795
2.9309
0.68865
0.69823
0.68234
1.0399
21.184
4.9659
1.0789
0.85114
0.75858
0.79616
1.2589
0.83176
0.77983
2.0845
1.4388
0.76384
1.2735
0.78524
0.79799
1.2706
0.90365
10.52
9.6605
17.179
12.531
14.894
3.281
14.962
16.106
14.488
13.646
10.046
5.2966
0.69343
12.823
11.482
0.68549
2.4266
11.912
12.023
2.0559
8.1283
0.99083
6.9024
8.0353
0.70795
8.3753
1.932
12.912
14.723
14.028
12.246
13.152
15.276
1.3032
12.05
2.9107
7.4817
7.4817
19.099
1.3552
1.3122
1.1455
1
1.0186
6.8234
22.542
17.783
10.94
6.6988
19.055
2.4547
13.335
9.2897
12.677
24.491
14.555
0.71121
1.3552
17.865
12.912
14.355
15.668
12.162
7.1945
2.904
10.789
17.179
17.62
17.022
4.0551
10
18.967
13.243
7.1614
13.74
4.9431
19.77
0.71945
16.558
13.459
13.213
0.96828
6.9183
14.859
10.94
12.618
16.749
1.2445
2.6485
11.041
11.429
11.272
0.80538
3.0832
1.0328
13.868
10.99
15.631
16.672
15.101
8.3753
0.76736
3.3037
0.84528
0.72946
0.79799
0.77268
1.8281
0.75162
9.0991
0.68077
0.69183
0.71285
15.996
18.155
17.783
10.116
15.922
15.922
14.388
10.423
2.3174
14.723
12.05
0.69183
18.75
13.062
13.74
12.853
2.8054
14.555
13.092
10
14.06
9.6383
13.335
24.604
21.528
7.8886
16.596
13.836
2.3335
5.5208
0.69024
19.099
1.7498
1.4388
1.888
1.3274
2.7164
1.4355
1.7298
2.9309
1.5959
4.256
18.578
15.101
15.996
26.062
14.454
17.298
16.672
16.181
8.3368
17.378
1.4028
3.5563
13.459
19.231
1.9543
0.83368
1.1967
7.0795
15.311
15.959
13.428
14.289
12.359
13.521
13.213
13.521
6.4714
16.634
13.772
16.255
13.213
17.458
2.208
3.8637
22.029
19.409
4.6666
19.679
18.836
10.99
18.967
18.197
10.28
1.875
4.7315
18.75
4.6774
14.689
12.134
0.92257
8.77
15.276
17.219
3.1046
5.0699
1.3122
1.2331
2.1232
1.8365
11.143
16.866
16.368
18.621
6.8549
12.445
15.136
9.2045
15.776
14.622
18.664
20.417
13.709
18.88
26.792
0.90157
3.2211
0.94189
1.7458
0.89125
18.197
11.668
8.356
14.588
13.646
10.814
10.186
7.3114
25.351
15.031
18.239
0.9977
1.028
1.3274
1.2331
1.39
1.4388
1.5241
13.552
15.101
11.776
16.866
18.155
15.56
13.552
7.2277
9.977
13.397
31.55
27.797
37.411
10.94
13.243
15.704
14.322
15.136
12.218
