2.2284
2.8774
1.1092
1.3868
0.87498
0.86099
1.0495
1.0375
1.3964
1.6749
1.7742
0.90782
0.72946
0.94624
5.358
1.3804
1.3062
6.0954
10.423
23.605
19.011
21.184
19.815
19.953
15.488
22.751
20.045
0.9528
10.568
0.86099
1.6069
0.90991
0.877
0.83176
22.646
17.539
22.233
22.08
13.583
22.336
20.464
1.4588
1.574
26.485
25.235
18.155
15.631
18.155
13.9
1.7022
12.618
17.947
23.659
28.973
0.80353
20.606
22.182
19.999
19.999
22.491
20.654
19.055
10.814
10.617
2.2336
2.0417
0.94406
1.7742
1.0617
0.77804
0.82794
2.8314
0.93972
1.0139
1.0375
0.96828
1.0116
1.3836
1.3709
1.2331
1.6406
6.9183
24.831
20.845
0.6792
0.70146
0.75858
0.76736
0.69502
0.7145
0.69984
0.82224
1.0375
8.8308
0.8147
1.0691
0.8892
9.4842
19.907
23.121
22.856
25.003
19.679
9.977
1.7498
1.3335
1.1912
1.183
1.2589
1.7298
1.2972
0.74989
15.922
27.102
18.493
18.323
16.596
20.277
21.281
22.699
12.162
1.0765
18.793
18.155
21.979
24.322
18.707
1.0304
1.932
0.9528
0.78886
0.77804
0.75858
1.0162
0.90157
0.73621
1.9953
1.5668
1.0304
0.97275
1.3122
1.1041
1.0186
13.996
20.277
13.122
24.66
13.243
1.4289
25.527
24.604
18.113
18.535
19.679
5.4702
18.578
15.776
20.654
17.418
17.579
11.967
14.723
0.97051
19.861
16.558
19.231
15.668
19.364
18.793
18.281
15.382
16.788
16.444
14.859
1.977
0.91833
0.96828
13.183
2.2029
0.69502
0.68865
0.66681
0.72946
0.79068
0.7656
0.78163
1.3932
1.1722
0.82414
10.864
12.972
0.73451
0.74989
1.0209
3.8107
9.1201
11.376
20.989
12.735
13.183
18.113
18.365
15.524
17.338
3.8815
0.90157
1.1588
1.0814
1.0399
1.1614
1.1272
1.0139
1.1066
1.4256
0.91411
0.92257
0.89125
0.73282
2.5882
6.7298
0.70958
0.64863
0.81283
0.71614
0.69984
0.65766
0.65615
0.64269
1.1015
0.70958
0.69984
1.052
2.7669
1.0304
0.8995
1.2218
0.66988
0.69183
0.99312
1.0617
10.789
0.6792
0.67453
0.65163
0.65464
0.69502
0.66069
0.70469
0.65917
0.73114
0.71121
0.73114
0.82414
0.69663
0.83753
0.73282
2.0989
1.4859
0.70307
0.73621
0.70958
0.65917
0.70307
0.72778
0.68549
0.67143
0.73114
0.69343
0.70958
0.70632
0.71285
0.74302
0.69984
0.65313
0.65615
0.71121
0.72444
0.64121
0.67764
0.72611
0.74473
0.65313
0.69183
0.70469
0.77983
0.72946
0.67298
0.66527
0.75509
0.66834
1.1722
0.87498
0.67453
0.64863
0.74817
0.83176
0.68391
0.73114
0.72111
0.73282
0.63533
0.70958
0.71614
0.69663
0.69024
0.64269
0.76208
0.68549
0.72111
0.7145
0.72611
0.71285
0.72111
0.69823
0.7145
0.69343
0.72277
0.67764
0.66681
0.75336
0.68707
0.68549
0.69984
1.9143
1.1749
0.93972
1.1641
0.84918
1.0666
0.70307
0.70958
0.69343
0.74989
0.70958
0.70795
0.70307
0.74989
0.70958
1.1508
0.66374
0.69663
0.71614
0.69823
0.96161
1.0046
1.0495
0.92683
0.94189
0.78886
1.9498
0.70469
0.7656
0.69823
0.6792
0.7656
0.74302
0.72444
0.6792
0.88308
0.67608
0.77983
0.85114
0.74989
0.7145
0.65917
0.68077
0.64269
0.68234
0.68234
0.92683
0.82794
0.69502
0.70958
0.74817
0.74645
0.76736
0.75336
0.70307
0.70795
0.67608
0.77446
0.73621
0.7145
0.71614
0.66222
0.68865
0.72778
0.71614
0.69984
0.68391
1.3366
0.81846
1.1995
0.92045
0.85507
0.94189
1.2647
1.1272
1.3243
1.6634
0.87096
0.96605
1.1455
1.0328
1.6293
1.1695
1.4454
0.95499
0.9977
1.2618
0.74302
0.82604
2.8642
0.68707
0.70146
0.7709
0.75162
0.69343
0.76736
0.69984
0.65766
0.76033
0.72778
0.79983
0.71285
0.7145
0.76913
0.71779
0.64417
0.8531
0.76208
0.70307
0.81846
1.0093
1.4588
1.0617
0.69502
0.66834
0.75509
0.74645
0.85507
0.79799
0.70958
0.70632
2.3988
1.0257
1.2503
0.6792
0.78886
0.75509
0.71285
0.69984
0.82414
0.75858
0.72611
0.66681
0.66222
0.69984
0.67298
0.71945
0.7145
0.75683
0.66527
0.67143
0.66681
0.73282
0.73282
0.66988
0.66069
0.67764
0.67298
0.65163
0.69663
0.80538
0.69823
0.68234
0.66527
0.7379
0.7145
0.64121
0.74302
0.65163
0.77268
0.78163
0.70795
0.69343
0.69823
0.71614
0.67298
0.66222
0.72444
0.69984
0.6792
0.64269
0.69502
0.73961
0.67453
0.74473
0.70958
0.69024
0.71614
0.67764
0.68391
0.77268
0.77446
0.81283
0.75858
0.74989
0.71945
0.74817
0.73282
0.71285
0.76208
0.68865
0.73282
0.65464
0.67608
0.7925
0.70795
0.75683
0.73282
0.67764
0.7656
0.74131
0.68865
0.69024
0.70146
0.71945
0.65615
0.80538
0.65615
0.69343
0.72778
0.73282
0.69024
0.70958
0.69823
0.67453
0.69984
0.82794
0.74817
0.6792
0.67143
0.7145
1.0139
1.099
0.82604
0.92257
1.3772
0.84333
1.5066
1.4223
0.67298
0.65766
0.71945
0.75336
0.73621
0.74989
0.71614
0.81096
0.69823
0.69984
0.71614
0.65313
1.8578
0.83946
0.70795
1.0023
0.8531
0.71285
0.75509
0.72946
0.70632
0.73621
0.70307
0.76384
0.75162
0.72778
0.83368
0.68707
0.77446
0.66222
0.74302
0.72111
0.7145
0.68391
0.69663
0.69502
0.78343
0.7379
0.72611
1.1776
1.3836
0.99312
0.83946
0.78343
0.76208
0.71779
0.76736
1.1588
0.72946
0.9594
1.5241
1.7865
1.0257
1.1117
0.74131
0.94189
2.958
2.2646
1.7701
0.66834
0.68234
0.70469
0.64714
1.2677
0.68707
0.66069
0.72778
0.79433
0.6792
0.86497
0.73961
0.77983
0.80168
0.78705
0.77446
0.75162
1.1967
0.9528
0.95499
0.78886
0.74817
0.68234
0.69024
0.73114
1.0257
0.70795
0.70146
0.72778
0.69183
0.67453
0.66834
0.72778
0.65766
0.82604
0.75858
0.69663
0.70146
0.68707
0.65917
0.65766
0.75336
0.70146
0.72946
0.73282
0.66374
0.64863
0.74131
0.65163
0.70632
0.73282
0.66834
0.71614
0.64417
0.78705
0.73961
0.69663
0.72444
0.67453
0.7656
0.67608
0.71285
0.72277
0.72611
0.70958
0.71285
0.70795
0.67608
0.74645
0.66374
0.67764
0.69024
0.66527
0.79799
0.64863
0.72444
0.70469
0.75509
0.72611
1.1041
0.76913
1.0544
1.0399
0.88308
1.1298
0.97724
0.91411
1.6293
0.68234
0.69343
0.74817
0.68391
0.78163
0.82224
0.7656
0.71285
0.75509
0.73451
0.6792
0.82414
0.78343
0.71945
0.72444
0.8091
0.71121
0.8995
0.70958
0.72111
0.70795
0.76913
0.64714
0.66834
0.69823
0.71779
0.70958
0.65163
0.77446
0.68391
0.65464
0.6792
0.69183
0.76033
0.67608
0.74817
0.64565
0.6792
0.66681
0.73451
0.73114
0.70469
0.72611
0.70469
0.71285
0.63973
0.73114
0.71614
0.72111
0.77804
0.70958
0.66527
0.68391
0.67764
0.73114
0.67608
0.69984
0.65013
0.66834
0.67298
0.73451
0.7379
0.77983
0.74989
0.69663
0.69984
0.73282
0.74302
0.66527
0.73114
0.79616
0.72611
0.77446
0.66834
0.72111
0.76736
0.73961
0.80724
0.67764
0.69024
0.75336
0.77804
0.71614
0.65464
0.75858
0.72444
0.78524
0.70958
0.75336
0.82035
0.72946
0.65615
0.92257
0.74131
0.7145
0.83176
0.80353
0.72611
0.69024
0.68549
0.69984
0.6792
0.65313
0.69183
0.68865
0.68865
0.72277
0.76033
0.76736
0.70958
0.76736
0.69183
0.69502
0.73451
0.73282
0.81658
0.87096
0.74473
0.68865
0.71945
0.70795
0.68865
0.69343
0.67298
0.6792
0.70307
0.73282
0.67764
0.70632
0.71121
0.73961
0.68707
0.77625
0.70632
0.69343
0.69984
0.69502
0.75336
0.74645
0.74645
0.65615
0.66988
0.70307
0.72611
0.74989
0.68077
0.72611
0.75509
0.84723
0.72111
0.81658
0.7145
0.72444
0.74131
0.86497
0.7145
0.70795
0.66988
0.68549
0.76033
0.68707
0.8091
0.67608
0.75336
0.7379
0.71614
0.69823
0.72444
0.69343
0.74302
0.69183
0.75336
0.73961
0.77983
0.65013
0.76033
0.66834
0.83753
0.72277
0.70146
0.70958
0.67143
0.67143
0.86696
0.63096
0.74302
0.64417
0.64121
0.68549
0.65615
0.66681
0.75683
0.78886
0.69663
0.80353
0.74473
0.79799
0.78163
0.76736
0.70958
0.72778
0.69823
0.75683
0.96161
0.76208
0.82035
0.73114
0.74645
0.81658
1.4322
0.87902
0.76033
0.8356
1.2246
0.9977
1.0209
1.1324
1.3428
0.82794
1.2531
1.0617
0.87096
1.0186
1.2735
0.78705
1.1749
1.256
1.3152
1.0471
0.96161
1.3092
0.72778
0.69663
0.66374
0.71945
0.65615
0.94406
1.1885
0.74817
2.5177
1.0814
1.3964
0.68234
0.70958
0.66374
0.68549
0.70469
0.68865
0.66988
0.65313
0.71121
0.68865
0.66681
0.68865
0.73961
0.67453
0.66069
0.67298
0.68707
0.69183
0.69663
0.72444
0.7145
0.70307
0.64269
0.70795
0.66374
0.73961
0.70146
0.72444
0.65013
0.70146
0.69984
0.72611
0.71614
0.67298
0.72277
0.68234
0.74989
0.63533
0.74131
0.74302
0.66069
0.69183
0.72444
0.75162
0.74131
0.68549
0.73621
0.63096
0.73621
0.77983
0.7145
0.67143
0.68391
0.67608
0.6792
0.70632
0.70307
0.97275
0.68391
0.69984
0.72946
0.82035
0.82794
0.85114
0.89536
0.83753
0.75858
0.7925
0.81283
0.74817
0.85704
1.3183
1.4256
0.90573
1.099
0.93972
1.2445
1.8365
1.5596
0.75336
2.037
0.72277
0.68865
0.73282
0.74302
0.68707
0.69984
0.69823
0.65615
0.70307
0.72778
0.7145
0.70146
0.65163
0.67608
0.63973
0.67298
0.76208
0.66834
0.67764
0.70632
0.70958
0.66069
0.71614
0.69984
0.69343
0.64565
0.72277
0.70632
0.69823
0.68707
0.69024
0.73621
0.66988
0.64417
0.70795
0.67764
0.8147
0.67143
0.67453
0.64714
0.69183
0.65013
0.76384
0.66222
0.66681
0.72277
0.66681
0.69502
0.69663
0.65917
0.68077
0.72778
0.66222
0.79983
0.69984
0.81283
0.71121
0.72611
0.69024
0.7145
0.76208
0.73114
0.7656
0.66374
0.80168
0.69024
0.66222
0.6792
0.69823
0.71779
0.75858
0.68391
0.69343
0.77983
0.69502
0.66988
0.75509
0.62661
0.65464
0.83368
0.76913
0.7145
0.75858
0.69024
0.69024
1.0209
0.96605
0.72611
0.9247
0.68234
0.76736
0.93972
2.2029
0.85114
0.74817
0.71779
0.72444
0.77446
0.66988
0.73961
0.74473
0.6792
0.78343
0.71121
0.71779
0.67764
0.74131
0.76208
0.66834
0.76033
0.70146
0.71285
0.68234
0.70958
0.69663
1.0069
0.83176
0.8356
0.73451
0.68865
0.68549
0.69502
0.68707
0.77983
0.68549
0.63973
0.76384
0.72277
0.63533
0.67298
0.74473
0.69502
0.69183
0.66988
0.65013
0.68865
0.66988
0.72444
0.76384
0.70632
0.69663
0.6792
0.68707
0.93541
0.69663
0.75509
0.66222
0.73621
0.69984
0.68549
0.85114
1.2972
0.79068
0.67143
1.0641
0.77446
0.97499
0.95719
0.9506
1.1722
1.3646
1.1885
0.70307
0.68707
0.68391
2.0417
1.0328
1.1117
0.76384
0.80353
0.68707
1.1272
0.69984
0.76208
1.3062
0.8531
0.76384
0.82794
0.78163
0.67298
0.74817
2.1135
1.1561
0.67143
0.68077
0.72111
0.68549
0.68865
0.66834
0.69984
0.73621
0.6792
0.65917
0.74302
0.68234
0.66988
0.69502
0.69502
0.75336
0.74473
0.72611
0.71285
0.69183
0.64565
0.68077
0.68391
0.6792
0.72778
0.66069
0.73282
0.67764
0.66527
0.69663
0.78163
0.74473
0.8356
0.71121
0.65163
0.71614
0.74645
0.70958
0.7709
0.73621
0.77804
0.7145
0.70632
0.70307
0.77268
0.68077
0.65163
0.74989
0.74302
0.71121
0.67608
0.63973
0.69663
0.80353
0.63096
0.64417
0.65163
0.7145
0.67143
0.68549
0.70146
0.67764
0.65013
0.65917
0.65013
0.66834
0.68391
0.73621
0.63973
0.68707
0.65615
0.68865
0.72946
0.67453
0.62661
0.65766
0.69502
0.67453
0.67764
0.63973
0.69343
0.66527
0.62806
0.66988
0.65163
0.62806
0.65013
0.62373
0.69502
0.68549
0.62373
0.62951
0.68549
0.65013
0.63973
0.65464
0.64565
0.64863
0.69024
0.67298
0.64565
0.68234
0.67764
0.65917
0.67608
0.93325
0.73114
0.82604
0.82985
0.89125
0.7709
0.75162
0.72277
0.67143
0.68549
0.7379
0.80724
0.66222
0.68549
0.65464
0.82985
0.84333
0.72111
0.80168
0.70146
0.70795
0.67608
0.72277
0.68234
0.65615
0.72111
0.67298
0.69183
0.69663
0.68391
0.70146
0.80168
0.8414
0.75509
0.71121
0.67608
0.73114
0.85114
0.78705
0.78886
0.70307
0.74302
0.66988
0.69984
0.70146
0.63387
0.79068
0.93325
0.68077
0.69183
0.84723
0.71945
0.67764
0.91411
0.98401
0.90365
0.87498
1.6482
1.0568
1.2589
1.094
1.3213
1.3032
1.3964
1.7865
1.3583
0.7379
0.7145
0.69343
0.72444
0.72946
0.68077
0.82985
0.65917
0.66374
0.70146
0.70958
0.71285
0.72444
0.72277
0.70469
0.70632
0.7379
0.71121
0.79799
0.77268
0.74989
0.96383
1.6032
0.73621
0.72444
0.69343
0.74302
0.67608
0.68549
0.65464
0.69183
0.68391
0.66834
0.69984
0.64269
0.6792
0.75683
0.66222
0.67453
0.66834
0.72444
0.66222
0.98175
0.8356
0.71945
0.92045
0.86696
0.71945
0.76736
1.4388
0.66681
0.66988
0.74817
0.71285
0.73451
0.68077
0.69024
0.71285
0.71285
0.67453
0.66527
0.80538
0.70469
0.73961
0.74473
0.72778
0.70795
0.77625
0.7379
0.66681
0.75683
0.82035
0.73282
0.66222
0.68865
0.66834
0.6792
0.69183
0.67608
0.74645
0.67298
0.65766
0.69183
0.68234
0.66527
0.68549
0.68234
0.7145
0.72277
0.69183
0.73621
0.70307
0.74473
0.71779
0.69024
0.68707
0.70146
0.70632
0.70958
0.67143
0.69183
0.69502
0.67453
0.63973
0.69343
0.69823
0.69343
0.71614
0.64565
0.69024
0.71945
0.65615
0.67298
0.66222
0.70146
0.72277
0.70958
0.69663
0.70958
0.68234
0.69183
0.63241
0.7379
0.93111
1.1143
0.68549
0.77446
0.73961
0.69343
1.7701
1.5776
0.66681
0.71945
0.66681
0.65766
0.63973
0.70307
0.67608
0.74473
0.72277
0.67143
0.63387
0.66527
0.68707
0.75858
0.72277
0.71285
0.68391
0.67143
0.63973
0.66681
0.7379
0.71121
0.68234
0.66222
0.75162
0.79616
0.82224
0.72946
0.82604
0.75509
0.87498
0.92897
2.0654
5.559
7.7446
10.789
0.73114
0.80538
0.80168
0.89536
0.98628
0.79983
1.0351
0.83753
0.79616
1.3836
0.78524
0.9247
0.89536
0.91622
1.0765
1.4454
1.2274
1.0715
1.0186
1.0139
0.79616
0.68391
0.68234
0.69502
0.78343
0.75683
0.94842
1.2972
0.77268
1.1641
1.0399
0.71121
0.97724
0.86696
1.7378
0.69984
0.74989
0.71285
0.8147
0.7379
0.73621
0.75858
0.71945
0.66834
0.62951
0.82035
0.69183
0.70632
0.68707
0.72946
0.74302
0.76033
0.69984
0.69024
0.82224
0.72611
0.72946
0.76384
0.69984
0.75683
0.69663
0.9594
0.94842
0.65163
0.65013
0.74302
0.74473
0.72611
0.69024
0.70146
0.65766
0.65163
0.72277
0.70795
0.70958
0.70146
0.69502
0.70146
0.72277
0.68391
0.81658
0.7656
0.64714
0.67764
0.72444
0.65464
0.66527
0.66834
0.67298
0.68077
0.73961
0.68549
0.69823
1.1092
0.72444
0.69823
0.68707
0.66527
0.80168
0.67453
0.67764
0.76384
0.65313
0.67143
0.70795
0.68391
0.70795
0.71779
0.68707
0.67764
0.71121
0.68865
0.75858
0.66374
0.72946
0.78524
0.69502
0.67608
0.68391
0.71779
0.67608
0.69823
0.72611
0.70146
0.67764
0.68549
0.82985
0.67608
0.64121
0.67608
0.69343
0.69823
0.69823
0.7145
0.81658
0.75858
0.6792
0.75858
0.70146
0.68707
0.69183
0.68865
0.65163
0.73114
0.74817
0.79616
0.72946
0.68391
0.74473
0.77268
0.66681
0.69024
0.66527
0.74989
0.68077
0.8147
0.74473
0.74817
0.75336
0.70795
0.69823
0.72778
0.67143
0.69183
0.70958
0.78524
0.69343
0.66988
0.77983
0.83946
1.3964
0.78163
0.90365
0.877
1.1614
1.0116
1.1776
0.9247
0.9594
1.3614
1.0544
0.93325
0.77446
1.2503
3.6813
0.71945
0.69502
0.72778
0.69663
0.70632
0.67298
0.73451
0.70632
0.77625
0.69183
0.65464
0.69343
0.73114
0.72111
0.63973
0.72111
0.64121
0.64565
0.66681
0.6792
0.68077
0.69183
0.71779
0.66527
0.64863
0.7709
0.65615
0.69663
0.72611
0.68865
0.69984
0.66681
0.69343
0.65615
0.7145
0.72611
0.72444
0.68865
0.64565
0.65615
0.69502
0.67608
0.66222
0.67764
0.67453
0.7379
0.64565
0.82224
0.67453
0.67608
0.67143
0.68549
0.66527
0.70632
0.70469
0.67764
0.6792
0.69343
0.68234
0.63826
0.65013
0.65615
0.66834
0.65615
0.65766
0.68234
0.66527
0.71945
0.68234
0.64565
0.71779
0.66834
0.7145
0.68707
0.71121
0.69024
0.68707
0.65313
0.67764
0.70307
0.63533
0.67764
0.69823
0.71285
0.69024
0.81658
0.65163
0.76033
0.75509
0.75683
0.68865
0.66527
0.70958
0.72444
0.72946
0.68707
0.78343
0.68391
0.7145
1.0423
1.074
0.72778
0.77446
0.75336
0.70469
0.75336
0.70795
0.84918
0.73451
0.70795
1.0399
1.5311
0.74645
1.9364
0.66681
0.65313
0.71285
0.74989
0.64714
0.65313
0.62806
0.72111
0.65163
0.7145
0.69502
0.68865
0.65766
0.67453
0.74131
0.70307
0.71285
0.65313
0.68549
0.69343
1.1169
0.65313
0.66681
0.67608
0.70795
0.72277
0.70307
0.70795
0.65615
0.68391
0.68865
0.72444
0.68865
0.68707
0.77268
0.66681
0.67608
0.68707
0.73114
0.69663
0.66527
0.72946
0.79799
0.66527
0.67608
0.70632
0.67453
0.69024
0.70958
0.64417
0.67608
0.70795
0.65313
0.69663
0.76384
0.71945
0.68234
0.66069
0.69343
0.66222
0.69024
0.69024
0.7145
0.66834
0.62661
0.68707
0.65313
0.69502
0.68077
0.66527
0.71779
0.66069
0.66222
0.65464
0.68391
0.63973
0.67143
0.69024
0.68549
0.70469
0.72611
0.65917
0.73961
0.67608
0.66681
0.70795
0.71779
0.64714
0.66834
0.65766
0.7145
0.65013
0.67764
0.73621
0.73961
0.68077
0.74473
0.6792
0.71614
0.69024
0.67453
0.69343
0.73621
0.70469
0.66988
0.65615
0.70469
0.72111
0.63096
0.69024
0.64417
0.66834
0.65163
0.70146
0.68077
0.69502
0.69024
0.66988
0.73451
0.66527
0.64565
0.66834
0.69984
0.68391
0.7145
0.7379
0.68865
0.74645
0.67298
0.66834
0.69663
0.67764
0.68549
0.69823
0.67453
0.73282
0.67608
0.68865
0.69823
0.65615
0.72946
1.1169
1.1402
1.2106
0.72611
0.70795
1.2078
0.80353
0.78705
0.9594
1.3428
0.89536
0.98401
1.1169
1.0617
1.0864
1.1041
1.0233
0.77625
0.8356
1.0046
0.99312
1.1041
0.66527
0.68234
0.74645
0.70469
0.71614
0.75509
0.75683
0.63973
0.73282
0.72946
0.73621
0.70958
0.66834
0.73451
2.8379
9.0573
6.9024
9.9083
0.89331
0.89125
1.1508
3.2584
15.668
16.144
10.789
1.71
1.5205
1.7906
4.5394
2.6122
1.1066
0.77804
2.541
0.66527
0.72946
0.65766
0.87498
0.82414
0.84723
1.7539
2.1827
1.6368
0.89331
0.9594
0.94406
1.0186
1.0162
0.92683
1.0715
1.0839
1.4894
1.0233
1.0814
0.82604
1.3709
1.8836
2.2909
1.8923
0.77625
0.84333
0.65766
0.89125
0.80353
0.65464
0.66222
0.71285
0.78886
0.73621
0.70469
0.76913
1.0864
0.8147
0.78524
0.76033
0.69823
0.69984
0.72111
0.68549
0.65766
0.75162
0.65766
0.76208
0.70307
0.71285
0.73451
0.97724
0.74131
0.72611
0.73114
0.76033
0.76384
0.7379
0.74645
0.69502
0.66681
0.7925
0.88105
0.72946
0.66374
0.75336
0.71121
0.64714
0.70146
0.64417
0.87902
0.76384
0.84333
0.71285
0.69823
0.73114
0.70146
0.79068
0.7145
0.65313
0.79433
0.85901
0.6792
0.71121
0.71614
0.63241
0.75509
0.70795
0.70795
0.82035
0.76033
0.64863
0.67608
0.68865
0.64863
0.68391
0.69823
0.67764
0.85901
0.75683
0.70632
0.69823
0.66374
0.72946
0.70632
1.0641
1.3932
1.5066
1.2764
1.3932
0.98401
0.79068
0.80168
0.70632
0.7145
0.70469
0.69984
0.85507
0.73961
0.69663
0.72611
0.71945
0.72778
0.70795
0.70958
0.72111
0.74989
0.69024
1.099
0.76208
0.74989
1.0116
1.2912
1.6982
0.91833
0.74817
0.68234
1.3062
1.7219
0.67143
0.65313
0.78343
0.68707
0.70632
0.70632
0.72778
0.72946
0.72444
0.69183
0.72946
0.68549
0.68391
0.69343
0.72444
0.7656
0.69984
0.72946
0.75683
0.69343
0.73114
0.70469
0.74473
0.72946
0.72111
0.63826
0.70146
0.78343
0.76384
0.67764
0.66222
0.75509
0.75858
0.68077
0.64863
0.69183
0.70958
0.70632
0.66988
0.70307
0.70632
0.67608
0.6792
0.69024
0.70795
0.69343
0.68865
0.68707
0.67143
0.69502
0.65163
0.75162
0.69823
0.65464
0.72277
0.71614
0.69502
0.67453
0.81283
0.79068
0.90157
0.71614
0.77446
0.74473
0.77625
0.72277
1.5417
1.6331
1.4555
1.8967
0.76913
0.70146
0.69024
0.70307
0.72111
0.69183
0.98628
1.0423
0.93111
0.8892
0.81846
1.0666
1.122
2.9785
11.94
5.7943
0.69183
0.70632
0.73282
0.75509
0.65615
0.65313
0.72778
0.68391
0.69984
0.73621
0.74131
0.69984
0.69663
0.74989
0.71121
0.66527
0.65313
0.70632
0.64714
0.71285
0.68077
0.70958
0.67453
0.69663
0.70146
0.66834
0.64565
0.76208
0.69183
0.69984
0.65013
0.66834
0.73451
0.69502
0.64565
0.69663
0.68077
0.68077
0.67143
0.67143
0.65766
0.69984
0.75336
0.65464
0.68707
0.65917
0.70307
0.79983
0.66222
0.67453
0.67764
0.76033
0.65615
0.71614
0.64714
0.66222
0.65766
0.67608
0.70795
0.70632
0.67298
0.66988
0.65917
0.70146
0.77446
0.70146
0.6792
0.67298
0.61802
0.71285
0.68549
0.69183
0.70632
0.66681
0.68549
0.65917
0.69823
0.69502
0.72277
1.3804
2.037
1.0069
0.75683
0.70307
0.65163
0.67608
0.68234
0.6792
0.71945
0.69024
0.67764
0.69502
0.69663
0.69024
0.66374
0.68865
0.68549
0.70795
0.73114
0.98855
0.74989
0.75509
0.74302
0.79799
0.71285
0.82604
0.77446
0.77446
0.79983
0.82794
0.93111
0.82414
0.68391
0.92257
0.66834
0.77625
0.72111
0.67608
0.65313
0.73451
0.68865
0.72111
0.70469
0.72277
0.74302
0.7709
0.65766
0.77804
0.69984
0.68234
0.68707
0.72277
0.66527
0.70146
0.68707
0.64863
0.79616
0.64863
0.69343
0.69823
1.4191
0.78705
0.90991
0.7145
0.8995
1.099
1.0814
0.97724
0.81658
1.2134
1.2417
0.6792
0.81846
0.67143
0.71779
0.75162
0.68707
0.67143
0.71285
0.68549
0.72946
0.70469
0.72778
0.73451
0.77268
0.81283
0.65766
0.71285
0.7379
0.65615
0.7709
0.73114
0.74473
0.7709
0.70307
0.65615
0.73451
0.71285
0.71121
0.75509
0.72946
0.74131
0.7379
0.73451
0.65163
0.68865
0.67453
0.71945
0.78705
0.69823
0.71614
0.67608
0.63973
0.72946
0.65917
0.65464
0.8091
0.73114
0.71779
0.67764
0.71121
0.64417
0.69024
0.66834
0.7656
0.69502
0.73961
0.69823
0.67608
0.74131
0.77625
0.70958
0.66988
0.76913
0.70469
0.68234
0.64269
0.72277
0.77983
0.71779
0.68077
0.72444
0.72444
0.69343
0.70469
0.64565
0.71121
0.67453
0.71614
0.74131
0.70146
0.74302
0.68707
0.68549
0.68707
1.6982
7.7625
11.246
0.69823
0.69343
0.98855
0.88716
0.73451
1.0839
0.70632
0.86298
1.094
0.93541
1.2023
1.5996
0.82414
0.73451
1.2023
2.133
1.0889
0.69984
0.79983
0.82035
0.67453
0.73282
0.82224
0.77446
0.82035
0.73282
1.2677
1.2388
1.5776
0.71779
0.69663
0.66374
0.66681
0.70146
0.72611
0.7379
0.64714
0.64714
0.71121
0.70795
0.68391
0.78163
0.70632
0.77804
0.70795
0.81846
0.74302
0.70795
0.73282
1.0423
0.68391
0.63973
0.71779
0.69343
0.69502
0.79616
0.6792
0.75858
0.66527
0.69823
0.68707
0.71614
0.74645
0.66527
0.68707
0.66834
0.72277
0.67453
0.66222
0.63241
0.63973
0.68077
0.67764
0.69984
0.70146
0.77625
0.68707
0.75336
0.66527
0.68234
0.70795
0.74131
0.74302
0.84333
0.68391
0.69502
0.67764
0.65313
0.65464
0.67764
0.8091
0.71779
0.72778
0.70307
0.93541
0.72277
0.71945
0.68549
0.78524
0.73114
0.7145
0.75162
0.65163
0.73114
0.71779
0.68865
0.75336
0.81658
2.3988
1.1776
0.75683
0.70146
0.90991
1.1092
0.78524
0.88716
0.94406
0.86298
0.8147
0.78705
0.84918
0.86099
0.79983
0.79799
0.79799
0.92897
0.87498
3.8107
0.81846
0.89125
10.399
19.143
18.707
15.524
16.596
17.62
20.277
14.289
17.742
0.96605
0.82604
0.89125
0.80168
0.82985
0.85901
0.80168
0.82035
1.0023
0.90365
1.3868
1.094
0.8995
0.89743
1.1117
2.3067
12.474
13.366
14.655
17.701
22.336
17.418
17.783
18.923
31.55
14.588
17.14
19.187
23.067
23.281
19.011
26.607
26.182
21.281
17.906
19.498
26.977
11.066
14.06
16.904
12.647
8.1846
0.65163
16.106
20.893
14.355
28.184
17.458
18.707
22.284
1.7947
7.4989
17.298
14.421
14.655
18.535
14.928
21.038
18.239
18.113
14.622
19.588
19.498
17.498
11.246
13.366
15.382
17.62
12.05
9.6828
15.453
16.711
23.605
12.677
15.776
13.397
15.631
8.414
0.75336
1.7219
5.9566
1.1324
1.1561
1.1482
0.83946
0.78163
0.82985
1.0093
1.0116
0.82985
0.72946
0.90365
0.72778
0.7709
0.74989
0.77804
1.1967
1.7338
0.65163
0.65313
1.0375
0.72778
0.66069
0.74989
0.68707
0.72444
0.72277
0.65615
0.71285
0.68707
0.70469
0.67608
0.72111
0.68549
0.64565
0.70795
0.72277
0.70469
0.78705
0.78163
0.66988
0.73621
0.68234
0.71614
0.65917
0.69823
0.73282
0.69823
0.65615
0.70307
0.65313
0.6792
0.66681
0.68077
0.73621
0.65464
0.67764
0.74131
0.69183
0.68234
0.63826
0.7145
0.69823
0.68077
0.68234
0.63241
0.70958
0.66988
0.73114
0.68391
0.66374
0.70632
0.6792
0.75858
0.70632
0.71121
0.68234
0.68865
0.67608
0.69502
0.79433
0.68234
0.7379
0.67608
0.73282
0.72946
0.73451
0.71285
0.65766
0.70146
0.7145
0.77268
0.72444
0.72111
0.78705
0.67298
0.76913
0.67143
0.67453
0.66834
0.64714
0.66527
0.70958
0.70307
0.71285
0.69024
0.72611
0.69343
0.69823
0.69663
0.66834
0.68707
0.64121
0.65313
0.7145
0.65766
0.70795
0.71614
0.69984
0.70469
0.66527
0.68707
0.70307
0.66988
0.69183
0.67453
0.65313
0.70307
0.69984
0.67453
0.76736
1.1298
0.86696
0.74473
0.83176
0.73961
0.74645
0.79616
0.81846
0.76208
1.194
1.2134
0.63973
0.67298
0.70958
0.65766
0.63826
0.66527
0.67453
0.66988
0.65313
0.7379
0.66374
0.65464
0.67143
0.66834
0.68549
0.65615
0.68549
0.72277
0.65615
1.2853
0.93325
0.86497
0.80538
0.877
1.0139
0.88716
0.78343
1.6444
0.68234
0.64269
0.73451
0.68707
0.62806
0.66681
0.71285
0.64269
0.64121
0.69823
0.67764
0.63387
0.70146
0.68707
0.67298
0.77625
0.65013
0.6792
0.69183
0.70958
0.68077
0.69502
0.64121
0.64269
0.65163
0.7145
0.67143
0.67764
0.67453
0.77804
0.66069
0.69823
0.68234
0.74302
0.71121
0.67453
0.74302
0.70795
0.70307
0.67608
0.68391
0.69024
0.66834
0.66374
0.65464
0.68549
0.69024
0.68234
0.66527
0.73282
0.65615
0.69823
0.66222
0.65464
0.68234
0.73114
0.68549
0.69024
0.68391
0.67143
0.7656
0.66374
0.69984
0.66834
0.70795
0.65464
0.68707
0.71779
0.6792
0.70307
0.66834
0.69183
0.70632
0.67764
0.69024
0.67608
0.71614
0.66222
0.69183
0.70146
0.69823
0.75858
0.66527
0.64417
0.70307
0.75683
0.72111
0.69183
0.69663
0.67298
0.66069
0.66834
0.86298
0.73451
0.71779
0.69984
0.66069
0.80724
0.64565
0.70795
0.65464
0.69343
0.73961
0.66374
0.77983
0.71779
0.64863
0.65313
0.69663
0.68234
0.63973
0.73621
0.66222
0.66222
0.66988
0.67298
0.66834
0.68549
0.67143
0.63533
0.69343
0.66681
0.69823
0.69823
0.68391
0.74645
0.69024
0.68391
0.74302
0.6792
0.65313
0.7145
0.6792
0.69183
0.65013
0.66834
0.65766
0.64863
0.68865
0.68234
0.64714
0.70307
0.65163
0.66681
0.69502
0.68549
0.72778
0.75162
0.73114
0.68234
0.7145
0.66222
0.7145
0.74645
0.66834
0.68865
0.69183
0.72778
0.72611
0.71945
0.70632
0.71614
0.82794
0.65917
0.66069
0.75336
0.74645
0.68077
0.66222
0.73451
0.68077
0.73282
0.94189
0.71285
0.69823
0.66681
0.68865
0.71285
0.9506
0.64863
0.63973
0.71285
0.69502
0.71614
0.62661
0.65766
0.70146
0.64269
0.68077
0.65615
0.69823
0.71779
0.66988
0.68391
0.69823
0.65013
0.70795
0.65013
0.65013
0.67608
0.71945
0.72946
0.64863
0.70469
0.97499
0.65766
0.69183
0.79433
0.79983
0.70795
0.77446
0.71945
0.72111
0.70632
0.71945
1.1402
0.69024
0.88308
0.69343
1.0814
0.96828
0.8414
0.81846
0.83753
0.87498
0.8414
0.87096
1.2274
0.90573
0.84333
1.1641
1.5453
1.5996
1.1429
1.0814
1.3552
3.6559
0.64714
0.69823
0.64565
0.71121
0.71779
0.75336
0.69343
0.85901
0.72277
0.7145
0.68234
0.73114
0.66988
0.78524
0.73961
0.7379
0.69024
0.70795
0.79983
0.74473
0.7379
0.64121
0.66834
0.66374
0.65766
0.70958
0.65917
0.71779
0.75683
0.71285
0.73282
0.63387
0.74131
0.70146
0.68077
0.78705
0.80538
0.68077
0.73451
0.69024
0.76913
0.75162
0.73282
0.74302
0.68391
0.68865
0.64269
0.65313
0.81658
0.68234
0.70146
0.65313
0.68234
0.9594
0.80538
0.68234
0.67608
0.65917
0.69183
0.67453
0.67764
0.97949
0.69024
0.70632
0.7379
0.79068
0.72946
0.71779
0.76736
0.74131
0.68077
0.72946
0.7925
0.70307
0.68707
0.68549
0.69024
0.72277
0.71945
0.65766
1.4355
0.79433
0.80353
0.92045
0.79433
0.81846
1.6982
0.70632
0.66834
0.66527
0.70146
0.72444
0.75858
0.68234
0.68707
0.66681
0.67143
0.66527
0.70958
0.69823
0.80538
0.62806
0.69663
0.72611
0.71945
0.71121
0.70632
0.75858
0.69823
0.63533
0.66527
0.70795
0.70307
0.75336
0.68707
0.75683
0.65163
0.71779
0.8091
0.69024
0.69823
0.68707
0.71614
0.67764
0.66374
0.71614
0.68077
0.69502
0.67764
0.74989
0.73451
0.71614
0.69663
0.75336
0.66222
0.91833
0.72611
0.77268
0.7379
0.69502
0.74645
0.68234
0.75162
0.71614
0.67298
0.68865
0.7379
0.77625
0.68549
0.64565
0.69024
0.69502
0.70795
0.66527
0.66681
0.72611
0.71285
0.79799
0.74817
0.69823
0.68549
0.76033
0.75162
0.7145
0.70958
0.72444
0.65615
0.68391
0.66834
0.6368
0.69984
0.65766
0.86298
0.75336
0.67298
0.68549
0.73282
0.73282
0.8414
1.0544
0.7145
0.71614
0.7379
0.77625
0.71121
0.77625
0.74302
0.8091
0.69343
0.71779
0.68234
0.77446
1.0889
0.76208
1.0233
0.71121
0.7145
0.68391
0.78886
0.69823
0.80353
0.68707
0.70632
0.68234
0.74302
0.69343
0.70958
0.69024
1.8621
0.85901
0.89331
1.2445
0.94189
0.97949
0.69984
0.91833
0.6792
0.70958
0.69343
0.69663
0.79983
0.8147
0.81846
0.70632
0.68707
0.69502
0.69024
0.71121
0.72946
0.71779
0.66069
0.71614
0.85704
0.69663
0.69663
0.67453
0.72111
0.66988
0.75162
0.71614
0.73451
0.65313
0.69502
0.70632
1.3366
0.7379
0.74817
0.98855
0.73621
0.77804
0.75336
0.70307
0.80538
1.6672
0.73961
0.71121
0.69663
0.72111
0.79616
0.75509
0.63826
0.67764
0.65464
0.97499
0.6792
0.90782
0.7656
0.75509
0.74302
0.79068
0.70146
0.79616
0.74302
0.78705
0.74131
0.65313
0.70469
0.66374
0.64417
0.66222
0.73114
0.69502
0.72778
0.72778
0.65464
0.68234
0.74473
0.69663
0.66527
0.94406
0.81658
0.70958
0.6792
0.65464
0.68391
1.094
0.65464
0.63973
0.70146
0.68077
0.69984
0.68077
0.69663
0.69502
0.6368
0.66222
0.72444
0.70469
0.72611
0.69024
0.68707
0.69183
0.72946
0.80538
0.78163
0.67143
0.69343
0.70146
0.68077
0.72778
0.70469
0.70632
0.74817
0.69024
0.73282
0.68391
0.66222
0.66527
0.72111
0.69024
0.73282
0.75509
0.63973
0.66374
0.64121
0.77804
0.69663
0.65917
0.68234
0.69183
0.66834
0.67608
0.64714
0.68391
0.67453
0.68077
0.74473
0.67764
0.65163
0.69984
0.74989
0.74302
0.67764
0.70469
0.68549
0.73621
0.65313
0.7145
0.71779
0.70795
0.70469
0.74473
0.72277
0.70795
0.7379
0.65013
0.72444
0.68391
0.70958
0.76913
0.70632
0.68077
0.7145
0.72611
0.75336
0.68234
0.65917
0.72778
0.75162
0.74989
0.71779
0.72778
0.69663
0.7379
0.74473
1.2078
0.79616
1.0116
2.1928
1.7824
0.89125
0.78343
0.71285
0.80353
0.69823
0.70469
0.72111
0.69024
0.68707
0.71614
0.64714
1.1749
1.3032
0.78886
1.1041
0.96828
0.88308
0.86696
0.93325
0.99541
1.1561
1.194
1.194
1.5346
2.4889
2.1184
0.77446
0.70469
0.76208
0.69024
0.70469
0.7925
0.75858
0.66681
0.69984
0.68707
0.72778
0.78343
0.69823
1.1324
1.8323
0.71945
0.68391
0.71779
0.67608
0.69823
0.73961
0.73451
0.70795
0.65464
0.65464
0.74131
0.69984
0.68707
0.72444
0.70958
0.68077
0.7145
0.75683
0.74302
0.68865
0.71779
0.70146
0.67143
0.69343
0.66988
0.67608
0.66834
0.6792
0.69502
0.70958
0.67143
0.68549
0.69343
0.64714
0.63973
0.69984
0.72611
0.69343
0.68707
0.63973
0.70307
0.76384
0.82604
0.74131
0.7145
0.67608
0.67764
0.66222
0.73961
0.79616
0.71614
0.72277
0.84528
0.94406
1.0423
2.0324
0.67143
0.71121
0.69343
0.71285
0.72778
0.7145
0.72277
0.68549
0.72611
0.72611
0.71779
0.68549
0.71121
0.6792
0.75509
0.70307
0.71945
0.71614
0.73621
0.77446
0.64863
0.73621
0.68707
0.75858
0.7656
0.65313
0.68234
0.71285
0.68077
0.70958
0.67453
0.66988
0.69183
0.70958
0.7145
0.65766
0.69183
0.75336
0.68234
0.82414
0.73114
0.77625
0.68234
0.76208
0.70469
0.68865
0.77446
0.71945
0.7379
0.76208
0.68391
0.79433
0.78886
0.71945
0.73621
0.72277
0.71285
0.70307
0.74817
0.7379
0.78163
0.76913
0.73282
0.71121
0.66069
0.69024
0.70307
0.70632
0.7379
0.76736
1.1912
0.94189
0.69984
1.0233
0.84723
1.1482
1.4689
0.70469
0.67298
0.68707
0.72111
0.78163
0.66834
0.68391
0.69343
0.71285
0.77446
0.71285
0.75683
0.71285
0.75162
0.74989
0.62806
0.77625
0.72444
0.72444
0.76384
0.85901
0.8091
0.79616
0.69984
0.70146
0.65917
0.65464
0.73114
0.70958
0.79616
0.65163
0.80538
0.7379
0.66069
0.80353
0.74817
0.68865
0.72611
0.69343
0.74131
0.81846
0.81846
0.84333
0.80168
0.76033
1.1272
0.97724
0.87297
1.3183
1.1117
0.92045
0.94842
0.97051
1.4757
0.81658
0.73114
0.79799
0.72611
0.79983
0.74645
1.0889
0.72444
1.1429
2.8973
0.6792
0.72946
0.69984
0.71779
0.69663
0.69663
0.75509
0.71779
0.7656
0.85901
0.7145
0.68391
0.72611
0.65615
1.9999
11.272
15.885
12.677
14.588
22.131
20.749
18.197
21.38
17.022
17.022
15.066
26.002
23.933
20.606
16.368
14.322
19.543
17.022
13.9
0.87902
0.89536
1.2218
1.1885
14.825
12.474
19.77
14.256
14.125
22.182
17.62
13.552
19.77
15.776
18.239
10.28
14.791
21.677
18.535
16.144
15.136
18.967
14.421
10.641
5.9704
13.9
16.672
1.3428
5.0003
10.495
10.99
17.824
19.861
17.298
16.827
15.704
17.865
19.815
5.445
9.1411
2.5704
11.015
0.65917
0.67298
4.102
1.5922
1.2823
0.68234
0.72277
0.77446
3.4594
0.65766
0.67143
0.64121
0.65313
0.73961
0.68865
3.7154
1.4093
0.69183
1.9907
0.67608
0.66374
0.62951
0.62087
0.65766
0.65313
0.65013
0.64565
0.62951
0.64417
0.65013
0.65163
0.66069
0.76913
0.75509
0.73114
0.87498
0.73961
0.75683
0.97275
2.0941
0.75336
0.6792
2.1184
0.65917
0.69823
0.64565
0.71779
0.69183
0.72111
0.71945
0.69663
0.66527
0.71945
0.67453
0.71779
0.66374
0.73114
0.72111
0.66069
0.66834
0.69343
0.63096
0.68707
0.64417
0.65464
0.66834
0.71945
0.66527
0.73621
0.66069
0.67608
0.66222
0.67608
0.65163
0.67453
0.69024
0.66681
0.6792
0.81096
1.8113
0.65615
0.65917
0.69984
0.65464
0.69183
0.64565
0.69502
0.66374
0.79983
0.68549
0.65615
0.65615
0.66222
0.66222
0.71614
0.66681
0.73282
0.71121
0.64714
0.7145
2.4604
0.86696
0.76913
1.1695
1.1561
1.652
1.4289
14.125
17.865
24.604
21.232
19.275
22.233
16.866
23.659
13.836
10.351
1.1455
0.77268
16.827
16.482
12.445
0.68234
11.803
12.882
17.989
20.701
25.41
1.3183
12.359
15.596
22.439
13.804
19.77
23.442
25.645
21.232
0.86696
15.524
2.1928
4.8865
0.70795
0.69984
0.72111
13.552
20.324
15.311
19.011
14.555
19.011
23.768
26.182
21.928
16.596
20.749
21.827
13.49
0.70146
9.2683
23.659
22.131
19.275
18.239
17.219
28.054
21.184
18.707
13.677
14.521
1.6943
8.8512
0.6792
4.2756
17.1
14.388
14.859
22.909
18.793
22.751
19.143
15.849
4.256
0.79433
0.76033
0.71614
0.71779
0.97499
1.1143
0.94624
4.4566
1.5066
0.85507
1.3092
1.2647
1.052
1.1455
0.85901
1.3122
14.997
0.65917
0.70958
0.75162
0.70632
0.7145
7.4645
14.791
0.72277
0.73114
5.0699
0.74131
0.72444
0.68234
0.79799
0.75683
0.70795
0.68707
0.77625
0.81846
0.8356
0.70632
0.7379
0.7656
0.83368
0.94624
0.90573
0.81283
7.3114
16.866
14.689
13.335
15.959
16.144
8.9331
17.458
17.989
22.803
20.606
19.143
4.3853
5.9566
9.0573
8.8308
11.641
8.7902
16.218
18.621
17.458
18.072
23.933
19.861
16.181
22.491
17.66
18.621
17.865
22.909
24.434
17.338
24.322
27.04
25.41
0.89331
10.257
6.9663
15.241
6.9663
18.365
27.102
21.086
17.62
0.67608
0.79616
11.117
19.907
20.893
23.174
15.631
15.136
17.539
16.904
20.559
4.2658
1.6444
9.9541
16.634
17.498
13.868
24.491
25.823
20.091
9.4406
9.3541
0.66988
0.67453
0.6368
0.72111
0.64121
4.0179
0.65615
0.65917
0.73282
0.96828
0.84723
0.83176
0.77983
1.0789
1.0965
0.86298
1.4355
1.1588
1.1429
2.9107
15.812
12.942
22.182
19.011
23.174
28.249
24.434
33.113
27.669
22.961
26.363
25.763
26.977
28.51
26.669
22.387
19.409
23.227
22.909
24.155
14.757
27.925
29.242
24.044
25.704
27.479
34.356
31.55
31.333
31.261
25.293
35.892
30.974
26.73
28.314
