4.5709
12.445
13.213
15.346
12.853
1.2764
0.9594
1.0765
1.3243
1.0233
0.88512
1.374
5.445
13.002
12.942
15.631
8.6497
1.6293
1.1803
1.0965
6.9343
2.0417
10.423
16.982
15.066
8.7902
13.996
11.858
11.041
10.839
9.5499
2.9648
1.094
1.052
9.247
9.9541
10.52
11.588
10.023
13.868
7.7804
8.3368
11.143
10.99
9.8855
13.9
12.19
1.0965
1.3243
0.9594
1.0046
1.1885
4.8084
9.0782
9.6828
9.7724
1.4521
9.6161
10.328
16.788
13.932
11.246
9.3972
13.366
10.965
7.1285
7.6384
7.4645
11.35
9.4624
11.35
9.0365
1.6904
4.8641
0.91201
4.0551
1.1246
0.87498
1.1776
1.1885
1.1066
1.2794
1.4962
1.1041
5.5719
9.2045
6.8234
10.666
9.7051
7.9433
6.2087
1.0715
7.9616
12.359
8.7096
10.328
10.139
8.5901
9.594
6.8234
5.6885
8.2604
9.1411
9.9312
10.52
9.0782
1.7338
0.87297
1.3552
2.8973
10.023
12.912
9.4406
8.2604
13.646
9.3972
11.092
10.789
8.414
9.3756
12.19
12.303
2.0989
0.93111
0.89743
0.93541
8.0168
1.2764
1.0889
1.2218
9.5499
7.145
2.5351
1.6982
1.9588
0.91201
8.7902
6.7143
9.4189
10.617
9.3756
10.544
10.471
8.2985
11.117
9.4624
7.8343
9.4624
6.0954
3.155
10.471
10.046
10.789
12.05
9.4624
10.139
9.4842
9.6605
10.257
7.7446
8.7297
9.3111
9.3756
7.8705
7.1614
1.8578
0.90573
1.0046
8.2985
4.6026
8.8308
13.428
9.977
5.7016
9.0782
15.171
11.885
10.471
9.0573
11.041
5.7943
2.7797
2.2439
1.205
1.1588
1.6482
1.1066
1.0139
4.3053
13.152
7.709
9.0782
9.9083
9.4189
10.162
10.351
7.0632
9.0573
4.1591
5.6885
13.122
8.2794
1.0593
9.3111
1.39
0.91622
0.92045
0.86298
7.8886
3.1915
0.86497
0.84918
0.82794
0.94406
0.83753
0.82604
0.77804
0.96605
0.80353
0.83368
0.78163
0.94189
0.77983
0.82794
0.79068
0.80353
0.83753
0.74302
0.85114
0.78705
0.79068
0.82794
0.85507
0.8147
0.75683
0.82414
0.88716
0.97724
0.86896
0.86497
1.0715
1.0864
1.183
1.1695
1.1995
1.9187
0.90991
0.8531
0.91411
0.9594
0.79433
0.84333
0.8147
0.8147
0.90991
0.80724
0.80724
0.85704
0.85114
0.88308
0.84528
0.80724
0.77804
0.8147
0.78886
0.82794
0.91201
0.81658
0.80538
0.82035
0.82794
0.78163
0.83368
0.88512
0.79616
1.3583
0.88512
1.1194
0.82604
0.84723
0.82604
0.88716
2.2594
0.97949
1.0186
1.7989
1.8155
0.83368
0.83176
0.8147
0.79983
0.83368
0.79983
0.8091
0.79799
0.83946
0.86497
0.80538
0.79068
0.76913
0.80724
0.81283
0.83368
0.79799
0.82985
0.96605
0.87297
0.82985
0.77446
0.79433
0.84333
0.81096
0.82794
0.88105
0.93972
0.83753
0.90157
0.94624
0.8995
0.92897
0.98855
0.91833
0.84333
0.92045
0.82414
0.78343
1.2764
1.1885
1.0617
1.2359
1.4454
1.1246
2.0893
1.3002
0.85901
0.89743
0.86497
1.2589
1.1143
1.0965
1.0889
1.4158
1.2647
0.78705
0.79616
0.78524
0.82035
0.80538
0.83946
0.82985
0.81283
0.84333
1.0593
0.82035
0.78886
0.82224
0.84528
0.82414
0.82985
0.84723
0.7656
0.81096
0.8356
0.79616
0.80168
0.8531
0.79616
0.7656
0.84333
0.80168
0.81658
0.82604
0.84723
0.86696
0.77804
0.79799
0.86696
0.85114
0.85507
0.82985
0.7656
0.8414
0.80168
0.83946
1.0568
0.8147
0.78705
0.82985
0.8091
0.81658
0.7925
0.79983
0.82794
0.8147
1.0257
0.78705
0.85114
0.79433
0.78886
0.90157
0.78705
0.78886
0.79983
0.82794
0.79433
0.79616
1.0447
0.77804
0.78886
0.77446
0.76384
0.80353
1.0304
1
0.9506
1.0328
0.90782
0.93325
0.79983
0.82224
0.7925
0.81846
0.83753
0.78163
0.85507
0.79433
0.8091
0.79433
0.80168
2.0845
0.89743
0.88105
0.97051
0.91833
0.90991
0.89536
0.94189
0.96828
2.1528
0.83176
0.7925
0.86298
0.88105
0.8147
0.90365
0.88716
0.84528
0.83368
0.80724
0.8147
0.88105
0.85901
0.93541
0.79983
0.7925
0.87498
0.81096
0.78163
0.81846
0.77268
0.81283
0.82604
1.3836
0.94406
0.877
0.89331
1.1298
1.0447
1
1.1614
1.0351
1.1858
1.0839
1.0046
1.2303
1.099
0.91622
0.94189
0.96605
1.0046
1.0423
1.1041
1.2589
1.3366
0.81096
0.90991
0.87902
1.0423
0.98628
1.1776
0.88512
1.0399
0.87902
0.85507
0.877
0.80538
1.1376
0.82985
0.84918
0.91411
0.85114
0.9594
1.074
0.86497
0.86896
0.7925
0.79068
0.9528
0.84723
0.88308
0.877
0.91411
0.81846
0.82035
0.85507
0.87096
0.84333
0.91411
0.90365
0.88308
0.91411
0.87297
0.9247
0.87498
0.77625
0.83368
0.79983
0.90365
0.8892
0.85704
0.84333
0.82985
0.96383
0.80168
0.877
0.76913
0.91833
0.91411
0.84723
0.9528
0.82604
1.0914
0.84918
0.8414
0.88716
0.89743
0.91833
0.8091
0.84333
0.8892
0.89536
0.82224
0.81846
0.81096
0.91622
0.83946
0.86298
0.8414
0.90573
0.82794
0.80538
0.83176
0.8356
0.90991
0.92257
0.90573
0.88308
0.9594
0.93541
0.82414
0.86099
0.88105
0.86497
0.83753
0.92045
0.89536
0.95499
0.90365
0.91833
0.75683
0.77625
0.91411
0.91201
0.82224
0.86896
0.8531
0.85901
0.86497
0.89331
0.93541
0.92897
0.87902
0.89125
0.86696
0.81658
0.85704
0.78163
0.96383
0.91622
0.84723
0.89125
0.88716
0.84528
0.85507
0.8414
0.82414
0.81096
0.86696
0.90365
0.82224
0.83176
0.83753
0.83753
0.83946
0.91833
1.0544
0.86298
0.81283
0.83946
0.78524
0.84723
0.90573
0.79433
0.89743
0.89536
0.8091
0.89743
0.83753
0.86099
0.82035
0.87096
0.91201
0.79799
0.92257
0.81846
0.94189
0.90573
0.82224
0.86696
0.82224
0.87498
0.88308
0.877
0.8147
0.88308
0.86896
0.79433
0.8892
0.81283
0.85704
0.8892
0.86696
0.8356
0.95719
0.92683
1.0328
0.97724
0.87902
0.92683
0.86298
0.8356
1.8664
0.83368
0.92257
0.8414
0.84528
0.83368
0.82224
0.81846
0.85114
0.80353
0.96605
0.82414
0.81658
0.86497
0.80538
0.80538
0.88308
0.90991
0.82604
0.8892
0.87902
0.84918
0.90991
0.80724
0.80168
0.79068
0.8356
0.82414
0.82035
0.83946
0.81658
0.86696
0.86099
0.79799
0.86099
0.9247
0.87297
0.81658
0.86099
0.83176
0.80724
0.8147
0.80724
0.877
0.82035
0.80353
0.93541
0.83753
0.86896
0.81846
0.90991
0.85114
0.83753
0.91622
0.83176
0.86696
0.84723
0.81283
0.90157
0.87902
0.79068
0.8892
0.83946
0.91201
0.8091
0.82035
0.82794
0.85507
0.81658
0.84723
0.81846
0.83753
0.83368
0.84333
0.80724
0.75509
0.82414
0.80538
0.83176
0.88512
0.85901
0.77804
0.90991
0.8147
0.83946
0.81846
0.84723
0.87902
0.83753
0.84723
0.82604
0.90365
0.82035
0.82985
0.76736
0.83753
0.80168
0.80538
0.77983
0.86298
0.78343
0.96828
0.79799
0.84528
0.86298
0.84723
0.80353
0.81846
0.87297
0.78524
0.88308
0.78886
0.92045
0.83368
0.84333
0.87096
0.80168
0.877
0.79983
0.87902
0.77625
0.86497
0.80168
0.87297
0.80353
0.92897
0.80353
0.87297
0.8147
0.8091
0.8356
0.7925
0.81658
0.82604
0.87902
0.7709
0.95719
0.80538
0.87297
0.89536
0.78524
0.85901
0.82224
0.83176
0.94624
0.84528
0.8147
0.82035
0.8414
0.86696
0.79433
0.77983
0.76913
0.8356
0.91833
0.83946
0.877
0.83176
0.91201
0.88308
0.80724
0.82224
0.97499
0.90157
0.89125
0.86696
0.84918
0.91411
0.82035
0.86298
0.79433
0.86896
0.83368
0.877
1.4962
1.0233
1.4791
0.81096
0.87096
1.0093
1.1402
0.88105
0.78886
0.92897
0.81658
0.92045
0.80724
1.9099
0.78886
0.84333
0.75509
0.95499
0.9247
0.86696
0.82604
0.92045
0.78343
0.8091
0.88105
0.79616
0.79799
0.82035
0.89743
0.82985
0.85114
0.96161
0.79799
0.80168
0.79433
0.76384
0.80353
0.79799
0.86099
0.7925
0.93541
0.81283
0.89331
0.78705
0.82794
0.8531
0.79068
0.82035
0.86896
0.79433
0.79068
0.81283
0.84723
0.78886
0.79433
0.79433
0.83946
0.85114
0.8147
0.79433
0.82224
0.82224
0.8531
0.877
0.8147
0.8531
0.84723
0.84333
0.79068
0.82035
0.76913
0.86298
0.82794
0.90782
0.81283
0.82224
0.83946
0.8147
0.83946
0.82224
0.84528
0.80353
0.90573
0.8147
0.84918
0.8091
0.78886
0.77268
0.81658
0.79616
0.82985
0.81283
0.89331
0.83368
0.86896
0.80538
0.90782
0.83176
0.82224
1.1776
0.94842
0.8531
0.86298
0.85114
0.94189
0.94842
0.92257
1.3428
0.8892
1.0328
0.82414
0.75858
0.83368
0.79616
0.7379
0.85704
1.5031
0.86099
0.86298
0.85901
0.81846
0.78705
0.74645
0.86298
0.78524
0.83368
0.8892
0.98401
0.81658
0.86896
0.89125
0.80538
0.84333
0.80168
0.79983
0.81658
0.85114
0.8531
1.2388
0.85901
0.92897
1.1376
0.91201
0.9528
0.83946
0.90782
1.1143
1.4158
0.98401
0.9528
0.8995
0.82414
0.82985
0.87096
0.877
0.78163
0.94842
0.85901
0.86696
0.82035
0.80168
0.77983
0.78524
0.86099
0.82414
0.78886
0.78343
0.8531
1.6827
1.1169
0.8091
0.81846
0.877
0.7925
0.87498
0.8531
0.88716
0.82224
0.96605
0.87297
0.82414
0.86099
0.8892
0.82985
0.92897
0.84918
0.87498
0.84333
0.86298
1.0328
1
0.89743
0.90782
0.80353
0.86497
0.89331
0.90573
0.877
0.92045
0.86099
0.80724
0.85901
0.89743
0.8356
1.1561
0.83368
0.97051
0.82224
0.96383
0.92045
0.89331
0.83946
0.9247
0.82985
1.4355
0.83946
0.87498
0.86497
0.89331
0.92257
0.84918
1.0593
0.90782
0.87096
0.81096
0.81283
0.8356
0.80353
0.97499
0.83753
0.86896
0.85114
0.83368
0.86099
0.84333
0.90991
0.83176
0.85507
0.97499
0.94406
1.2647
1.7338
1.1455
0.98855
1.1641
0.92897
1.1508
1.0544
2.0606
0.85507
0.89743
0.87297
0.84723
0.81283
0.8531
1.0257
0.81096
0.8531
0.99541
0.86497
0.82035
0.84723
0.91411
0.80724
0.79616
0.92897
0.84723
0.83753
0.8356
0.82414
0.78524
0.84918
0.86696
0.80168
0.84528
0.80353
0.83368
0.81096
0.81283
0.90157
0.90157
0.94406
0.89743
0.80353
0.81283
0.8414
0.78343
0.83753
0.87297
0.86099
0.84528
0.87297
0.81846
0.79433
0.96383
0.80538
0.8414
0.9247
0.82604
0.79433
0.79433
0.80168
0.80724
0.78524
1.7378
0.85114
0.84723
0.7925
0.87902
0.83946
0.83946
0.79983
0.84528
0.88308
0.85704
0.8147
0.89536
0.80168
0.85704
0.94624
0.98628
0.85507
0.81658
0.87297
0.81096
0.85704
0.83176
0.86298
0.8531
0.85704
0.90782
0.78343
0.90157
0.84528
0.88105
0.80538
0.87297
0.80724
0.85901
0.98175
0.87498
0.86099
0.87297
0.8414
0.84528
0.86099
0.80168
0.877
0.89331
0.90365
0.81096
0.7925
0.8995
0.84918
0.88512
0.94406
0.8531
0.78163
0.81283
0.91833
0.85901
0.75858
0.81658
0.7925
0.86696
0.90782
0.86099
0.87902
0.83368
0.87902
0.82604
0.8091
0.83176
0.79983
0.90157
0.83368
0.97499
0.84333
1.0093
0.82985
0.87096
0.81283
0.82414
0.85507
1.122
0.81096
0.8147
0.82985
0.88308
0.88105
0.77625
0.79983
0.83368
0.79433
0.77983
0.86896
0.79068
0.84333
0.86696
0.89125
0.8414
0.83368
0.86497
0.86099
0.76736
0.79433
0.79068
0.84723
0.85507
0.87498
0.83946
0.85901
0.78886
0.82035
0.83946
0.8995
0.91411
0.84528
0.82035
0.80353
0.88105
0.77804
0.78343
0.81846
0.91411
0.82224
0.82604
0.90782
0.87498
0.84723
0.85114
0.85114
0.79433
0.83176
0.96383
0.97275
0.82035
0.89125
0.8531
0.86099
0.8892
1.1695
0.90782
0.8356
0.79983
0.79616
0.90991
0.89125
0.80353
0.85704
0.8356
0.86497
0.87096
0.82604
0.83946
0.87297
0.87297
0.82035
0.877
0.82414
0.82224
0.91833
0.87096
0.83946
0.87096
0.92045
0.79068
0.85507
0.78705
0.85704
0.87096
0.84918
0.8414
0.80168
0.86298
0.8091
0.85901
0.84723
0.84333
0.92683
0.8531
0.87498
0.84723
0.88308
0.89536
0.94406
0.83176
0.90365
0.86497
0.90573
0.8892
0.88716
0.87902
0.87498
0.98855
0.8892
0.90573
0.93111
0.95499
0.84723
0.81658
0.82985
0.84723
0.8892
0.93541
0.81096
1.2023
0.93111
1.8621
0.90365
0.82985
0.96605
1.1641
1.183
0.93111
2.3121
1.2359
1.1169
1.1776
1.1695
0.84723
1.0023
0.7925
0.86298
0.84528
0.79799
0.92045
0.93756
0.84918
0.80168
0.78343
0.87902
0.90782
0.85507
0.85704
0.90365
0.83946
0.82604
0.83946
0.86896
0.8531
0.90991
0.81658
0.83368
0.84918
0.86896
0.91201
0.85507
0.81283
0.8356
0.79983
0.83753
0.86298
0.8531
0.88105
0.87902
0.81846
0.92045
0.90991
0.78163
0.81658
0.7656
0.9247
0.83753
0.78886
0.8531
0.87297
0.83176
0.93541
0.8356
0.83946
0.85114
0.83368
0.88308
0.8147
0.8531
0.83368
0.79433
1.2359
1.1535
0.86896
0.83753
0.75336
0.82035
0.83946
0.7709
0.82604
0.89536
0.96383
0.82985
0.83753
0.81658
0.83946
0.7709
0.76736
0.9247
0.94189
0.80353
0.87297
0.91833
0.84333
0.8995
0.85704
0.83946
0.86497
0.8995
0.90573
0.88308
0.94406
1.0691
0.77625
0.86298
0.8892
1.4622
0.89536
0.85114
0.88308
0.82414
0.83176
0.97051
0.81846
0.84333
0.80168
0.89125
0.84333
0.97051
0.80724
0.79799
0.93756
0.8892
0.88716
0.82224
0.82035
0.85507
0.90365
0.85901
0.80168
0.86696
0.86298
0.8414
0.83753
0.79799
0.86896
0.86497
0.81658
0.93972
0.86099
1.2503
0.877
1.4223
0.94406
1.1912
1.0257
1.2647
1.0568
1.0666
1.3521
1.074
1.1429
0.94406
0.81846
0.7925
0.82414
0.8414
0.90365
0.8531
0.877
0.91201
0.7925
0.8147
0.88308
0.81096
2.7102
0.84723
0.89331
0.86298
0.88716
0.87297
0.82224
0.82414
0.81658
0.83946
0.79068
0.76913
0.79799
0.82985
0.90991
0.80724
1
0.80538
0.91622
0.89125
0.82414
0.81658
0.79433
0.90991
0.84528
0.8892
0.80353
0.86896
0.85507
0.8091
0.8531
0.87902
0.87297
0.80353
0.82224
0.86497
0.86099
0.8147
0.82224
0.91833
0.81096
0.89125
0.77625
0.84528
0.88105
0.99541
0.8531
0.86896
0.8091
0.84723
0.84528
0.8414
0.81283
0.86896
0.77268
0.86099
0.89125
0.92683
0.75858
0.79433
0.877
0.79616
0.88308
0.83176
0.8356
0.83753
0.84723
0.88105
0.82985
0.86497
0.92045
0.86099
0.88716
0.8414
0.83368
0.84918
0.81846
0.85704
0.9247
0.93541
0.91833
0.90157
0.89536
0.83368
0.86298
0.82794
0.82414
0.88512
0.86298
0.82414
0.9506
0.81658
0.89536
1.2246
1
0.98855
0.8356
0.80168
0.88512
0.86497
0.82604
0.87297
0.89743
0.85507
0.8414
0.82035
0.84723
0.97051
0.95499
0.81283
0.8995
0.92683
0.87902
0.78705
0.83368
1.1324
0.86099
0.83368
0.89536
0.82985
0.86497
0.86696
0.84333
0.8414
0.86298
0.90573
0.81658
0.86696
0.86696
0.88308
0.8531
0.84333
0.88105
0.91411
0.85507
0.88512
0.88512
0.9528
0.80724
0.85704
0.91201
1.1641
1.4521
0.87297
0.80724
0.81658
0.85114
0.87297
1
0.7925
0.88512
0.8414
0.87498
0.82035
0.81283
0.87498
0.91201
0.8356
0.93325
0.84723
0.83946
0.88716
0.79068
0.83368
0.92045
1.0116
0.83368
1.0116
0.95499
1.0069
0.81658
0.95719
1.1641
0.80353
0.86298
0.8147
0.83368
1.135
0.85507
0.85114
0.8091
0.79616
0.86696
0.92257
0.91411
0.83368
0.82414
0.82414
0.83368
0.86896
0.877
0.79616
0.85114
0.82035
0.79616
0.85114
0.87297
0.80538
0.86497
0.8091
0.82035
0.82604
0.84918
0.86099
0.83753
0.79616
0.86497
0.81658
0.79068
0.8356
0.8531
0.82604
0.7925
0.82035
0.79983
0.87096
0.90365
0.80724
0.81096
0.81096
0.81846
0.86298
0.79983
0.79799
0.877
0.86497
0.80538
0.78343
0.8356
0.95499
0.81096
0.80724
0.80353
0.82794
0.81658
1.8836
1.2162
0.90782
0.83176
0.91622
1.0328
1.3213
1.2589
1.5812
0.93325
0.82035
0.81096
0.80168
0.83946
0.77625
0.82035
0.81846
0.82604
0.88308
0.8531
0.86497
1.3804
0.82794
0.75162
0.79799
0.82794
0.79983
0.98401
0.75858
0.81283
0.7925
0.7709
0.8147
0.86298
1.1508
0.92257
0.97724
1.0715
1.1298
1.2134
1.2303
0.99312
0.94189
0.93541
0.82414
1.4289
0.79433
0.82224
0.78705
0.83753
0.79983
0.8531
0.83753
0.85114
0.84528
0.88308
0.88512
0.82224
0.81846
0.88308
0.79799
0.8995
0.8356
0.84723
0.86497
0.86696
0.81846
0.81096
0.81096
0.88512
0.85901
1.1885
0.78886
0.7925
0.88308
0.82414
0.83753
0.82224
0.83946
0.89743
0.8995
0.82985
0.8147
0.94842
0.82414
0.79799
0.80724
0.81283
0.81658
0.79799
0.84723
0.8356
0.8147
0.79068
0.81658
0.77983
0.83753
0.7656
0.77983
0.78524
0.87498
0.79983
0.83176
0.8091
0.84918
0.77804
0.80538
0.79068
0.77983
0.77446
0.82035
0.81658
0.80538
0.86099
0.77446
0.84333
0.81658
0.81096
0.90157
0.77625
0.75683
0.79068
0.82794
0.75336
0.87096
0.86696
0.83753
0.84333
0.83753
0.82604
0.81658
0.82035
0.8531
0.86696
0.77983
0.83753
0.81658
0.93111
0.76208
0.82414
0.84333
0.87297
0.82985
0.7925
0.84723
0.84723
0.83176
0.81096
0.877
0.90157
0.84333
0.81283
0.78705
0.86896
0.86896
0.81096
0.83946
0.77268
0.83368
0.79068
0.8414
0.77268
0.91833
0.80353
0.79433
0.81658
0.8147
0.75162
0.82985
0.80168
0.82604
0.80538
0.7709
0.75509
0.88716
1.4158
0.9506
0.83753
0.82035
0.77983
0.82035
0.80353
0.79983
0.80724
0.76033
0.78163
0.79433
0.85901
0.79068
0.81283
0.79433
0.90365
1.0789
1.3274
0.88105
0.87096
1.1015
1.8113
1.3583
0.77804
0.86497
0.81096
0.86099
0.85507
0.80353
0.77983
0.77804
0.86298
0.80353
0.82224
0.85704
0.87297
0.83946
0.92683
0.82035
0.8414
0.89743
0.89125
0.7925
0.80538
0.84333
0.82985
0.7925
0.85507
0.83368
0.7925
0.77804
0.82414
0.80168
0.77983
0.79983
0.86298
0.92257
0.82985
0.84918
0.79068
0.86099
0.76033
0.87297
0.85901
0.79068
0.8892
0.82985
0.78163
0.85114
0.79433
0.84918
0.82224
0.78343
0.79616
0.88512
0.7925
0.8356
0.82985
0.80353
0.83368
0.85507
0.82224
0.8531
0.79983
0.83368
0.85114
0.87902
0.82035
0.85114
0.8414
0.8995
0.96605
0.92897
0.85704
0.90573
0.92683
0.87096
0.94406
1.0093
1.1508
0.87297
0.81283
0.85507
0.85704
0.82985
0.88512
0.89536
0.8091
0.7925
0.81846
0.85704
0.83753
0.86896
0.8091
0.88105
0.85704
0.82985
0.81283
0.90365
0.83753
0.82794
0.87096
0.81096
0.85704
0.81658
0.82604
0.93756
0.84333
0.79983
1.1722
1
1.0139
1.0257
1.219
1.1066
1.0186
1.028
0.90573
0.96828
1.0889
0.9506
1.0568
1.1015
1.1324
0.99541
1.1169
1.0328
0.93325
0.8892
0.92897
1.0116
1.3062
1.0593
1.4689
1.0715
1.3152
0.9528
0.96383
0.79799
0.79983
0.82604
0.79799
0.79983
0.87096
0.83946
0.82985
0.75858
0.8995
0.84528
0.8356
0.81846
0.80353
0.83946
0.90365
0.79433
0.84528
0.81283
0.84723
0.77983
0.86696
0.83368
0.88105
0.90157
0.78163
0.80538
0.76913
0.86099
0.79068
0.79068
0.8147
0.81096
0.82604
0.8356
0.83176
0.89125
0.82985
0.83753
0.85901
0.86696
0.82414
0.82035
0.93541
0.82035
0.80538
0.82224
0.81846
0.82794
0.85507
0.85114
0.84723
0.80353
0.80538
0.86099
0.90157
0.80538
0.79616
0.84918
0.81846
0.8091
0.7709
0.85901
0.877
0.8356
0.85114
0.78705
0.7925
0.83176
0.79068
0.82604
0.84333
0.83176
0.82794
0.85704
0.85704
0.82414
0.79433
0.83946
0.81096
0.87902
0.8147
0.82604
0.77804
0.81658
0.77446
0.90573
0.8356
0.78886
0.8892
0.89125
0.87498
0.80724
0.84333
0.84918
0.8356
0.80353
0.83368
0.8356
0.79799
0.8414
0.88512
0.87498
0.86896
0.8356
0.83946
0.85507
0.8091
0.85114
0.85114
0.93325
0.84723
0.87297
0.7925
0.82794
0.88512
0.82035
0.82414
0.90573
0.84528
0.86099
0.8091
0.78343
0.79799
0.83753
0.81846
0.86298
0.77804
0.84528
0.77268
0.77625
0.81283
0.92897
0.83176
0.81096
0.83946
0.82035
0.79616
0.79983
0.79068
0.82224
0.83753
0.7379
0.89331
0.81658
0.80538
0.7925
0.77625
0.77625
0.78524
0.79799
0.84333
0.77625
0.78705
0.77446
1.4322
0.76736
0.76384
0.79616
0.8356
0.81096
0.78886
0.8147
0.74302
0.84723
0.78705
0.80168
0.77446
0.79983
0.82414
0.75858
0.89536
0.79433
0.80168
0.8147
0.78343
0.90991
0.84333
0.79433
0.85507
0.78705
0.79068
0.88105
0.77983
0.84918
0.80353
0.80724
0.82224
0.86099
0.80538
0.78524
0.92045
0.8091
0.8091
0.82794
0.81658
0.80168
0.83946
0.86896
0.84528
0.80538
0.83753
0.80353
0.86099
0.84333
0.80538
0.80538
0.81096
0.75858
0.76913
0.87096
0.80353
0.86497
0.7656
0.85114
0.78524
0.82224
0.76736
0.78343
0.78705
0.85901
0.82414
0.78886
0.81846
0.83176
0.82794
0.8356
0.82414
0.79068
0.7925
0.78705
0.84333
0.78163
0.7925
0.86896
0.8091
0.81846
0.74817
0.80724
0.81658
0.82985
0.82604
0.77625
0.80538
0.80724
0.83946
0.80538
0.78343
0.97051
0.79433
0.79433
0.83176
0.79799
0.78705
0.81846
0.7925
0.81846
0.83176
0.8091
0.85114
0.76913
0.87297
0.82224
0.83368
1
0.87096
0.87498
0.79433
0.86497
0.8356
0.81846
1.0328
0.92897
0.81283
0.91411
1.052
0.83753
1.2853
0.76913
0.86896
0.83176
0.82224
0.79983
0.82414
0.79068
0.79799
0.82985
0.77983
0.86497
0.87096
0.89536
0.8531
0.77804
0.88105
0.82985
0.81658
0.8091
0.83368
0.86896
0.76913
0.85704
0.78705
0.78524
0.82794
0.78343
0.78343
0.80724
0.82414
0.80724
0.79433
0.80168
0.81283
0.7656
0.81846
0.86298
0.89331
0.87498
0.83368
0.82224
0.98401
0.97051
1.0765
1.0399
0.93756
0.81658
1.1066
1.1402
1.0617
0.97499
1.6293
1.0641
0.82035
0.9594
0.97724
0.84528
0.80353
0.77804
0.81096
0.85507
0.8414
0.84723
0.80168
0.78524
0.81096
0.82224
0.78163
0.78163
0.77446
0.87902
0.75336
0.79983
0.83753
0.81846
0.82224
0.82604
0.78524
0.85901
0.82985
0.83368
0.77804
0.83368
0.79616
0.86696
0.81283
0.78705
0.8356
0.92257
0.79616
0.8147
0.92045
0.77625
0.84723
0.7925
0.82035
0.78524
0.78163
0.81096
0.83946
0.82985
0.88105
0.77625
0.84333
0.79799
0.78886
0.82224
0.82985
0.8091
0.79433
0.73621
0.77804
0.81658
0.78524
0.80724
0.8091
0.81283
0.80538
0.89331
0.96383
0.83946
0.7656
0.78705
0.80538
0.80353
0.78705
0.78163
0.81846
0.77268
0.79983
0.77268
0.86099
0.77804
0.80168
0.82035
0.78163
0.81846
0.8414
0.82224
0.80353
0.84918
0.81658
0.81283
0.77625
0.75336
0.87902
0.7925
0.89743
0.77268
0.86298
0.77983
0.81658
0.79616
0.77268
0.7656
0.80724
0.81283
0.77983
0.79983
0.83176
0.79068
0.8531
0.82035
0.88716
0.82604
0.8414
0.84528
0.76033
0.79799
0.82604
0.86099
0.79983
0.79799
0.79616
0.88308
0.80538
0.75858
0.78163
0.77625
0.74473
0.7925
0.79983
0.92897
0.7656
0.78524
0.82604
0.77804
0.77625
0.86696
0.77625
0.98401
0.91833
0.7709
0.77625
0.84333
1.4488
0.93541
0.9247
0.97724
1.6444
0.79068
0.81846
0.76033
0.80168
0.83176
0.79799
0.86896
0.76384
0.80168
0.83176
0.82794
0.81846
0.82794
0.86298
0.87297
0.81096
0.7709
0.82414
0.81096
0.78886
0.82224
0.82604
0.81846
0.88308
0.77983
0.80353
0.80724
0.8147
0.8091
0.79433
0.75336
0.76384
0.76913
0.82985
0.77446
0.79068
0.80168
0.86099
0.80538
0.81658
0.78163
0.76033
0.83946
0.79983
0.8091
0.83368
0.77268
2.3714
0.85114
0.79068
0.83946
0.86298
0.85114
0.79983
0.86497
0.8995
0.84723
0.84723
0.87902
0.82035
0.86896
0.82985
0.83946
0.79983
0.78705
0.79433
0.86298
0.79799
0.93972
0.85901
0.80538
0.83753
0.91833
0.93541
0.85704
0.94842
0.86298
0.877
0.81658
0.97051
0.94189
0.82035
0.91833
0.84918
0.87498
0.95499
0.99541
1.2331
0.89331
1.1324
0.98175
0.93756
0.95719
0.85704
1.1885
1.0691
0.89536
0.80353
0.79068
0.83176
0.8091
0.89125
0.78886
0.80538
0.77625
0.86896
0.8147
0.79616
0.80168
0.85114
0.81283
0.93325
0.82794
0.83368
0.86298
0.82604
0.86298
0.80724
0.81846
0.81658
0.80538
0.88105
0.79616
0.87297
0.80353
0.83753
0.7925
0.81096
0.8531
0.8356
0.87498
1.122
0.91622
0.87498
0.84723
0.78705
0.76913
0.80538
0.87297
0.82414
0.88512
0.90991
0.89536
0.85704
0.92897
0.8356
0.85114
0.83753
0.90573
0.85901
0.8147
0.77804
0.8356
0.79068
0.82604
0.86696
0.85901
0.85507
0.90157
0.7925
0.8531
0.88105
0.8091
0.90782
0.877
0.81096
0.90157
0.76913
0.89743
0.77983
0.88512
0.93972
0.8091
0.8091
0.90782
0.82414
0.84333
0.91833
0.80724
0.8147
0.91622
0.89536
0.96161
0.80538
0.80724
0.90991
0.80724
0.8892
0.91411
0.83753
0.83946
0.88105
0.86298
0.87297
0.82604
0.91411
0.83753
0.88308
0.98401
0.79068
0.82604
0.88105
0.88105
0.8414
0.78163
0.82414
0.86696
0.83176
0.877
0.86099
0.8147
0.79799
0.79616
0.8091
0.89536
0.88105
0.92683
1.0304
0.88512
0.86298
0.96828
0.93111
1.1641
0.84723
1.0617
0.97499
1.9815
1.1668
0.7925
0.88105
0.82985
0.76736
0.84528
0.87096
0.89331
0.93756
0.87902
0.8531
0.89743
0.8414
0.9528
0.8892
0.92257
0.82794
0.86896
0.85114
0.93972
0.96161
0.84333
0.94406
1.1614
1.3122
1.0593
1.8578
1.2218
1.1272
1.3836
1.2972
1.2274
1.205
0.93325
1.8664
0.84333
0.8892
0.86497
0.77804
0.8531
0.87902
0.91622
0.82985
0.91201
0.84333
0.87096
0.82035
0.91622
0.85507
0.87297
0.84918
0.88105
0.85114
0.94406
0.85901
0.85507
1.0495
0.88512
0.98401
0.90157
0.78343
0.83753
0.87902
0.84333
0.77983
0.96161
0.92257
0.83946
0.82224
1.2218
0.81283
0.8531
0.78705
0.80353
0.83753
0.78886
0.80724
0.79983
0.89743
0.84723
0.80538
0.90365
0.82985
0.8414
0.82794
0.81283
0.877
0.78524
0.86497
0.87902
0.8356
0.85704
0.78343
0.88308
0.83176
0.82794
0.8091
0.79799
0.87498
0.79983
0.91622
0.83368
0.82035
0.89331
0.81658
0.7709
0.81658
1.1402
0.83946
0.877
0.83753
0.87902
0.83368
0.88716
1.1885
0.83753
0.94189
0.86099
0.88308
0.77983
1.3152
0.86696
0.8091
5.8345
1.0046
0.83368
0.88716
0.81283
0.84723
0.88308
0.93756
0.83753
0.83753
0.86896
0.91622
0.89125
0.89331
0.92683
0.84528
0.87096
0.86696
0.80538
0.91411
0.90991
0.83368
0.88512
0.95719
1.0023
0.89536
0.85507
0.83176
1.0617
0.87096
0.93972
0.82985
0.8414
0.88105
0.84528
0.97275
0.8995
0.88105
0.87297
0.85507
0.85704
0.82414
0.89536
0.85507
0.77268
0.82794
0.80724
0.9594
1
0.93111
0.92257
0.87498
1.0209
1.0495
1.9679
0.8091
0.84333
0.92045
0.8892
0.94406
0.82985
0.88512
0.93972
0.86896
0.86497
0.85507
0.87096
0.79799
0.87096
1.122
0.9506
1.1749
1.1803
1.0641
0.97275
1.0691
1.1092
1.194
0.9977
1.1912
1.094
0.94842
1.1588
0.92045
0.91622
0.8356
0.80538
0.8414
0.92683
0.82414
0.85704
0.84333
0.84723
0.87498
0.90991
0.87297
0.89331
1
0.82794
0.86298
0.82224
0.84528
0.83946
0.877
0.80724
0.90573
0.95499
0.8414
0.97275
1.2417
1.1246
0.93756
1
1.0351
1.052
0.86497
0.81658
0.87297
1.2474
2.3605
1.2359
0.83176
0.84723
0.91201
0.84918
0.89331
0.91622
0.86099
0.89536
0.89743
0.88716
1.0304
0.98628
1.0162
0.84333
0.81658
0.86896
0.84918
0.87902
0.88105
0.88512
0.81658
0.8356
0.84918
0.88308
0.88105
0.82985
0.85901
0.87096
0.86896
0.83946
0.88716
0.8531
0.84333
0.8091
0.81283
0.89331
0.90782
0.88308
0.86099
0.86497
0.86099
0.81096
0.78343
0.90365
0.93325
0.78343
0.96161
0.83368
0.76384
0.80724
0.83176
0.82604
0.81283
0.81846
0.86497
0.81846
0.8091
0.75509
0.7925
0.83946
0.82794
0.78163
0.86696
0.8091
0.82414
0.85507
0.92045
1.0617
0.99083
0.91411
0.8091
0.87902
0.81096
0.83753
1.4928
1.1722
0.86896
0.82794
0.87498
0.82224
0.93541
0.90991
0.80538
0.83753
0.86896
0.85704
0.8414
0.87096
0.94842
0.8892
0.89536
0.81658
0.83176
0.85114
0.77268
0.8356
0.85901
0.89743
0.84333
0.90365
0.91622
0.90782
0.90991
0.85704
0.81846
0.91411
0.80724
0.86497
0.81658
0.86696
0.82414
0.86298
0.83176
0.86497
0.88716
0.8091
0.8147
0.79433
1.1588
0.9247
1.0666
0.91411
0.98401
1.0069
1.2246
0.85507
0.78886
0.91833
0.94406
0.79616
0.92897
0.86099
0.81096
0.78163
0.82604
0.99312
0.79616
0.94624
0.86896
0.85114
0.79616
0.90991
0.79983
0.8356
0.82035
0.83368
0.86696
0.83176
0.91622
0.82794
0.83176
1.0328
0.82794
0.80168
0.85704
0.83753
0.76208
0.83753
0.89331
0.85507
0.79068
0.82985
0.77804
0.82604
0.88512
0.79799
0.81658
0.84528
0.82985
0.877
0.87297
0.77804
0.85901
0.83946
0.81846
0.87902
0.87498
0.80353
0.85901
0.82035
0.90782
0.91201
0.87902
0.8147
0.8356
0.87498
0.86298
0.7925
0.85507
0.81658
0.81846
0.79983
0.74473
0.79433
0.94189
0.86497
0.86696
0.86099
0.85507
0.85704
0.88105
0.82414
0.88308
0.93972
0.91622
0.94189
1.122
0.9247
0.89536
1.0814
0.94406
0.92683
0.90365
0.89125
0.96383
0.87096
0.93972
0.86696
1.3062
1.0765
0.77446
0.82224
0.79983
0.75683
0.78524
0.80724
0.8892
0.82224
0.84723
0.8892
0.88308
0.81096
0.81096
0.88308
0.86497
0.8531
0.85704
0.86497
0.8414
0.8892
0.88105
0.79983
0.8356
0.83753
0.85114
0.87297
0.79433
0.77446
0.85114
0.9506
0.85901
0.82224
0.8356
0.8892
0.88105
0.84333
0.84333
1.0765
0.85114
0.81096
0.83946
0.86696
0.78163
0.80538
1.0233
0.83176
0.83946
1.0209
0.86099
0.79068
0.85507
0.79983
0.79068
0.83176
0.82414
1.0351
0.98628
0.80538
0.7925
0.77446
0.77625
0.8147
0.78163
0.79799
0.88308
0.81658
0.80353
0.79983
0.79068
0.80353
0.85901
0.76208
0.85114
0.77625
0.86298
0.81658
0.76208
0.80538
0.76736
0.86497
0.84333
0.83176
0.8091
0.75162
0.88308
0.82035
0.82414
0.8892
0.8147
0.81658
0.81658
0.81658
0.82604
0.88716
0.86298
0.82604
0.87498
0.79433
0.80168
0.82794
0.9247
0.82604
0.90573
0.78343
0.82985
0.85507
0.82794
0.8356
0.87096
0.85114
0.8356
0.84723
0.7709
0.85901
0.85704
0.81283
0.79799
0.80724
0.84918
0.81283
0.89125
0.88105
0.79799
0.97275
0.83946
0.82224
0.84528
0.77804
0.81846
0.8147
0.81658
0.8995
0.82794
0.79068
0.82224
0.76033
0.86298
0.85704
0.77625
0.78343
0.81283
0.97051
1.3836
0.9977
1.028
1.1066
1.1066
1.1722
1.766
1.1246
0.91833
0.87498
0.98628
1.0423
0.94624
1.2162
1.0617
1.1246
1.2764
1.1015
1.2589
1.4997
0.83946
0.8091
0.78524
0.88512
0.8091
0.85507
0.86298
0.79799
0.86298
0.86696
0.78163
0.93325
0.85114
0.84528
0.91411
0.92045
0.81096
0.80538
0.8531
0.877
0.80538
0.81846
0.85901
0.78343
0.7925
0.8531
0.80168
0.88105
0.8091
1.0023
1.1298
2.8774
1.1482
0.90573
1.0139
0.96161
1.0328
2.2803
8.091
12.531
8.2035
9.7499
1.2106
5.6234
14.388
8.8308
8.6896
6.9823
10.814
10.093
13.032
8.6298
10.544
2.5645
13.9
1.3709
0.86696
9.6828
9.4624
10.116
11.749
10.139
13.74
7.7804
13.092
12.531
10.186
9.2897
9.2257
14.859
12.589
8.0353
10.965
9.528
10.691
9.506
11.272
1.5136
5.1404
11.885
13.305
7.2444
10.617
9.6161
10.351
11.561
9.3325
8.7902
5.2119
2.0606
0.96161
1.7338
0.85901
1.1041
0.82035
4.7863
10.046
10.52
9.7499
10.495
10.765
10.162
9.6828
12.106
9.0573
10.593
9.0991
11.535
6.8234
5.9704
10.28
10.839
10.162
10.069
10.328
6.2087
12.417
6.5766
11.143
10.74
13.964
12.853
8.2794
9.5719
15.524
13.868
11.194
8.7297
2.1827
10.023
14.997
7.2946
7.4473
1.194
1.1272
5.2723
10.069
10.641
10.257
11.912
8.8716
8.892
9.1201
8.5507
8.8308
9.3972
8.5704
10.328
10.209
7.9068
13.274
9.0157
14.757
10.864
7.5509
6.792
7.709
10.715
8.892
9.4406
1.3152
10.864
8.7096
10.447
8.8308
11.967
11.041
9.3756
11.117
6.9984
11.092
16.904
13.552
12.331
10.814
17.824
10.257
13.804
11.092
10.375
9.7949
12.794
9.2683
9.506
10.965
1.4093
1.074
6.6681
12.56
13.521
10.233
10
10.046
10.093
12.735
10.52
13.521
9.528
10.162
3.6224
7.9799
16.788
11.885
14.723
8.2985
12.647
11.535
8.1658
8.2224
7.1945
1.0093
2.3388
7.4817
2.355
1.052
10.471
7.925
13.274
9.6161
8.3946
11.298
8.5507
14.355
7.9799
15.56
13.9
12.677
8.995
9.7275
11.169
10.328
10.691
9.8628
3.155
11.641
14.256
13.397
12.56
10.471
9.3541
8.4528
8.1658
8.147
7.5858
10.617
8.1096
7.379
8.091
11.429
12.912
7.3282
9.9541
10.069
8.8308
10.116
8.2414
11.885
11.912
10.304
12.942
7.3114
9.2257
12.218
8.4918
0.8356
0.84333
0.86896
0.90573
10.069
7.9068
6.8865
11.092
7.7983
9.2045
8.1096
14.223
10.471
8.1096
8.4333
6.6988
3.4198
14.06
10.495
9.1833
6.8234
7.4131
9.528
11.641
7.8705
11.803
9.3756
13.9
8.7297
7.8705
9.0782
6.8391
3.7411
2.8054
4.2658
7.6736
12.106
11.588
9.3111
0.92045
5.0466
7.4302
10.233
9.1201
8.7498
10.94
8.7498
8.1283
9.4406
9.8628
7.9983
12.218
9.247
7.6033
3.9719
12.05
13.032
7.0958
10.765
8.2224
6.1235
5.902
14.689
9.4189
9.8628
8.2985
8.9536
8.2794
10.399
2.0893
2.2699
0.97949
1.5136
1.1376
4.8753
10.593
10.74
7.3282
7.4817
7.1779
8.9536
9.506
8.5901
10
16.482
10.691
8.1658
9.4189
8.4918
7.5683
0.8995
0.86099
0.8356
0.79616
1.2106
2.9992
3.3574
7.9616
9.5499
9.1833
10.789
7.8163
8.1096
11.324
9.7275
8.8716
10.839
12.05
8.1846
9.6828
11.776
9.8175
8.6497
8.0538
9.1201
14.093
7.4131
10
17.378
9.5719
8.4918
9.4406
8.8105
12.359
9.1833
8.414
8.2985
8.2224
6.4417
9.977
12.794
12.023
10.617
9.6383
9.977
13.646
10.99
8.0353
10.99
10.715
7.2778
3.281
3.1117
8.091
1.2912
1.8408
20.23
9.5719
10.814
10.617
12.972
8.0724
8.5507
10.233
9.7275
9.9541
9.506
7.6913
9.8855
9.4624
10.814
9.6605
9.7724
8.0353
4.7315
4.0365
10.94
12.531
10.839
9.0365
10
7.5336
10.593
8.1283
9.6828
7.9799
9.8401
1.0641
0.93756
1.0617
0.87297
1.3804
7.8705
12.218
8.7498
11.614
7.6033
8.414
15.922
11.482
11.429
11.066
7.6384
11.858
6.8865
10.447
7.2444
11.194
7.4989
8.5901
11.298
8.8308
17.1
7.7625
1.3183
4.1591
8.77
8.414
9.3111
10.209
9.0157
8.3946
9.977
9.4189
9.6605
11.066
9.3111
12.134
8.2035
13.772
3.3113
12.474
10.889
13.183
11.695
12.359
7.7446
9.1411
12.331
12.445
8.9743
7.5162
3.6559
9.4624
12.331
9.0157
8.8308
10.447
8.9743
8.7297
7.2946
8.8308
7.8163
12.706
8.9536
10.74
10.765
9.4189
12.474
14.588
9.1622
2.1528
8.8308
11.169
11.066
12.972
10.423
9.9541
12.19
12.162
8.9536
6.5163
8.7498
7.7625
7.145
7.6913
9.9083
7.7983
16.181
10.544
10.99
9.7051
10.069
9.3756
10.715
9.506
10.399
11.614
7.4473
1.6368
7.8163
6.6527
6.6988
8.147
9.5499
9.0782
9.7949
10
7.3282
7.3961
8.77
11.885
9.1411
8.995
8.7902
6.3241
2.3388
1.0864
1.1246
1.2706
7.0632
0.96161
0.90782
0.92257
0.94189
1.0617
16.144
12.388
13.677
8.3946
10.209
10.375
10.116
11.535
11.455
10.839
12.972
10.666
9.5719
9.7051
7.2111
1.5031
6.9024
5.902
6.3241
11.092
12.134
7.4645
10.593
8.0168
11.066
12.618
8.0724
8.6896
10.375
12.972
9.247
9.4624
11.041
8.8105
9.9083
10.023
8.1658
10.471
10.069
8.7902
11.535
8.6696
7.9068
7.8705
9.1411
9.2683
8.9536
10.304
10.023
13.152
11.092
10.423
8.7902
8.6696
10.375
8.7498
8.531
8.3368
9.247
10.423
7.7983
8.2985
0.92045
5.6234
12.503
13.74
10.023
9.7051
15.849
10.351
10.965
10.209
11.194
10.399
11.041
10.641
10.447
11.614
6.5917
10.715
11.324
11.995
9.506
7.4302
13.677
12.05
11.588
14.093
14.125
12.303
13.335
10.839
9.6828
12.647
9.5499
8.0538
12.218
7.5858
13.152
11.041
15.311
10.233
11.508
9.9083
14.289
12.359
10.965
3.6475
9.247
12.023
15.849
10.471
8.3946
15.346
10.814
10.375
11.858
13.614
14.859
15.885
11.588
8.8105
1.9231
