4.9091
0.877
0.7925
1.3804
7.3282
11.066
11.455
19.275
1.2972
1.256
33.113
35.975
19.454
1.2647
1.2331
1.5885
42.56
12.106
1.803
30.269
42.364
12.882
0.9247
1.1376
1.0814
1.0691
1.1912
1.1885
1.122
1.7865
1.052
2.2387
0.8414
0.83753
0.84918
2.8184
0.99083
0.94406
0.94842
1.3152
0.87498
1.1169
0.99083
1.2474
1.0351
1.1066
1.256
0.9506
0.75336
1.6406
1.6711
1.6558
1.122
0.85507
1.4289
2.3659
0.84723
1.028
1.219
0.94624
1.1429
1.2912
2.7669
0.87498
1.0186
0.88716
0.84528
1.1015
1.6368
1.0375
1.4521
1.3772
0.82414
0.9247
0.99312
0.90782
0.86896
2.5527
1.5241
1.0233
1.0233
3.6728
11.668
6.3533
12.023
1.052
2.8184
1.205
1.0139
0.9594
1.2764
1.0233
1.6032
1.0617
1.074
0.9594
13.183
0.82035
0.75509
0.8531
1.4322
1.0023
0.78343
0.75683
1.8535
1.2331
0.98175
0.92683
1.1298
1.0257
1.2474
1.1041
1.1668
0.92045
0.87902
1.028
0.92045
1.0139
1.0399
1.7061
1.4191
4.3752
8.7297
12.303
0.84723
0.86896
0.84528
0.79433
6.5917
0.88716
2.2594
1.0593
0.94624
1.2474
1.0691
1.3772
1.1668
1.1885
1.0789
1.0765
1.3397
1.9679
1.2735
1.3032
1.3032
1.1912
1.2445
0.8995
3.2584
0.89743
0.83753
0.79799
0.78163
0.73621
0.86696
1.205
0.82035
9.4624
2.7669
1.7742
11.015
4.5394
1.122
0.90991
1.3062
0.9594
1.1995
1.1668
1.4421
1.219
1.1776
1.135
1.9634
1.2078
1.1324
1.135
1.122
1.4355
1.6711
1.349
1.3243
2.0893
0.73451
0.82035
1.6218
0.88308
1.1324
1.39
5.6624
1.7338
5.8749
1.1117
1.7947
1.0864
10.691
17.539
10.641
0.72111
1.0046
0.8147
0.76384
0.77625
1.1376
0.84333
1.0116
1.3646
10.593
16.331
2.0045
6.0674
1.1041
1.1995
11.272
12.106
6.3096
16.144
8.8512
0.82035
1.3646
1.1641
0.85507
0.78524
1.0046
1.4791
1.3122
1.2531
1.0046
0.81658
2.5293
0.99083
1.349
0.82604
1
1.1143
1.0495
1.3305
1.1169
1.4454
1.2794
1.3614
1.3213
1.094
1.1015
1.3032
1.205
1.2274
1.219
1.0568
0.94624
1.122
1.7258
0.96383
0.89125
1.3964
0.877
0.82414
0.87902
1.5596
0.73621
0.70632
3.3574
1.0375
1.1066
2.1577
1.6749
1.4093
0.97724
1.094
1.4158
1.2503
1.0209
1.6032
0.90365
0.94189
2.1727
0.9977
0.76736
1.256
0.8147
1.4322
1.6255
1.0375
0.99083
1.1749
1.2303
1.094
1.1695
2.5003
0.88716
0.91411
0.78343
0.68865
0.80168
1.1455
1.3092
0.70795
0.91201
0.71779
0.82985
0.75509
0.79983
0.75162
0.76384
0.75509
0.70958
0.66988
0.71285
1.0351
1.39
1.3521
1.1324
1.028
1.0023
1.3152
1.028
1.1169
1.1246
0.98401
1.1995
1.2531
1.1535
1.0544
1.8923
0.78163
2.9854
5.358
1.6866
0.97499
4.0458
0.75509
0.75509
12.794
6.792
2.3174
0.95719
0.82794
1.4757
1.0375
1.0257
1.5311
1.2589
0.81846
0.74302
0.87498
1.9364
1.2882
0.67298
4.6132
3.5563
0.71121
0.85704
0.68234
0.67453
0.73282
0.80353
0.81283
0.8091
0.77268
0.83753
0.78343
1.0965
1.2474
1.7219
0.7656
0.79799
0.80724
1.0423
0.76913
0.86896
0.80724
0.82035
0.8356
0.80168
0.89125
0.79068
0.82604
0.81846
0.73282
0.81096
0.87498
1.094
0.79983
0.78524
0.71614
0.84918
0.71121
1.0162
1.1246
0.74131
1.1561
1.1194
0.84333
1.5704
0.92683
0.8414
0.8531
1.3274
1.3964
0.90782
1.1246
1.0715
1.0069
0.91622
0.7656
0.69343
0.6792
0.72111
0.68707
0.83368
0.68865
0.66681
0.79068
0.70632
0.99312
1.3932
1.7865
0.73621
0.66681
0.72444
0.66681
0.72111
0.68865
0.73961
0.71285
0.76736
0.68707
0.74473
0.77268
1.0351
1.0069
0.877
1.714
0.69343
0.72444
0.70958
0.68707
0.73961
1
0.75162
0.71779
0.71121
0.68391
0.74645
0.72778
0.72111
0.72444
0.67453
0.71945
0.74131
0.71779
0.72111
0.79616
0.83753
0.7709
0.79433
0.94406
0.75683
0.84528
1.3677
1.8239
0.7925
1.1885
1.0495
0.67608
0.9506
1.9275
1.1402
1.0839
1.2274
1.3152
1.0889
1.4256
1.5959
1.6069
1.6788
1.1535
1.3213
1.0568
1.3274
1.3305
1.2246
1.4521
1.135
1.3335
1.2246
1.1194
1.4622
0.68549
1.6943
0.70469
0.69663
0.67608
1.9011
0.74302
0.72277
0.69183
0.77625
2.673
6.792
1.0093
1.094
1.2359
0.9506
1.3552
1.1482
1.1041
0.92045
1.1041
1.3122
1.0304
1.2677
1.1695
1.3213
1.3335
0.99083
0.92045
1.3804
1.0691
1.0423
1.4158
1.0544
1.1912
1.1041
1.099
1.1117
1.1995
0.8414
0.75509
0.71945
0.90365
0.7709
0.77446
0.82985
1.2677
0.65615
0.68549
1.9055
1.8578
1.3305
2.7669
0.69984
0.69502
1.3243
0.72611
0.72111
0.73621
0.90365
1.3335
1.4388
1.5959
0.69823
1.0839
1.3274
0.96383
0.81096
1.9364
1.3459
1.1535
0.73114
1.1695
1.6866
0.71945
0.73961
0.89331
0.73621
0.74473
0.74131
0.88512
0.89743
1.4859
0.71121
1.3183
1.4825
0.69343
1.4289
1.7458
0.73282
0.74302
0.69984
0.69663
0.69024
0.69024
0.71285
1.0641
0.95499
0.71285
0.67764
0.79068
0.92683
1.4388
0.72611
0.74302
0.74817
0.88512
0.71779
0.76033
0.94189
0.72444
0.66681
0.81658
0.69663
1.2618
1.5101
1.2417
1.6255
0.71121
0.77446
0.79616
0.7379
0.70307
2.9107
2.9107
2.5527
0.69823
0.70958
0.72611
0.70632
0.72611
0.7145
0.66834
0.74131
0.68077
0.71945
0.6792
0.92897
0.71121
0.67764
0.74989
0.7709
1.0495
1.0257
0.85704
0.88512
0.99541
1.1194
0.71945
0.74989
0.71779
0.73114
1.3614
0.68077
0.85507
1.1066
0.9977
1.3032
1.1695
1.074
0.877
0.87096
0.87902
1.4158
1.0233
1.1482
1.0328
1.1092
1.6904
3.3343
1.2853
0.68707
0.65464
0.74302
0.66527
0.72946
0.75683
0.69183
0.68234
0.72611
0.71121
0.68077
0.67608
0.67764
0.70469
0.84528
0.82414
0.82794
0.82794
0.82985
0.78524
0.83753
0.78886
1.1402
1.0423
1.1668
0.90782
1.2274
0.73961
0.72778
1.094
0.64565
0.7379
0.65313
0.7145
0.83753
1.0209
0.95499
0.67764
0.74645
0.83946
0.69823
0.89331
1.406
0.9594
0.68865
0.88716
1.4093
0.67608
0.69502
0.69024
0.68707
0.66222
0.69823
0.68077
0.70632
1.099
0.81283
0.69502
0.75509
0.72111
0.74817
0.69663
0.72611
0.73282
0.71614
0.78705
0.97275
0.90782
0.69024
0.70146
0.84723
1.0814
0.70795
0.82604
1.2274
0.69502
0.66527
0.67298
0.68234
1.3305
0.8892
0.8414
0.81846
0.87902
1.0593
1.0544
1.3459
0.76913
0.7379
0.73961
1.2823
0.69663
0.71285
0.71285
0.74645
1.3646
0.7656
0.73282
0.68077
0.69663
0.69343
0.66222
0.69663
0.76384
0.97949
1.2246
0.8892
1.2303
0.68707
0.67298
0.67453
1.5171
1.1995
1.3032
0.70307
0.71614
0.70307
1.2882
0.79983
0.8414
1.1194
1.4355
0.68707
0.68077
0.95719
0.71614
0.72277
0.66374
0.74989
1.4191
0.82224
0.8147
1.3032
1.1015
2.7102
0.7925
0.67608
0.72946
0.69024
0.70307
0.73621
0.90365
10.691
13.836
11.858
0.9506
0.68865
0.96605
1.2218
1.0209
1.7701
1.1967
0.9977
0.98401
1.9999
0.9247
0.79433
0.68077
0.7709
0.73282
0.85901
0.91833
0.71779
0.74302
0.75162
0.96383
0.73961
0.7379
0.81846
0.8356
0.84528
1.3996
0.78705
1.074
0.69502
1.1668
0.80538
0.77804
0.73282
0.74989
0.74817
0.91833
0.78705
0.65013
0.67143
1.2972
0.92897
0.93756
0.67764
0.91833
1.0568
0.8892
1.4322
2.466
0.80168
0.76736
0.75336
0.80724
0.76208
0.7145
0.71285
0.71121
0.71285
0.70146
0.67453
0.69024
0.73961
0.67764
0.71614
0.6792
0.68077
0.68391
0.72111
0.69343
0.73961
0.73621
0.72111
0.73621
0.81846
0.77268
0.65917
0.78886
0.78705
0.73961
0.68865
0.72444
0.68865
0.67298
0.75858
0.76913
0.72778
0.70958
0.6792
0.78886
0.75336
0.66988
0.78343
0.79799
0.75509
0.76736
0.69024
0.68707
0.68234
0.65464
0.7145
0.79983
0.83176
0.69823
0.73961
0.74473
0.70632
0.74131
0.7656
0.70632
0.69343
0.72444
0.75509
0.7709
0.7925
0.70795
0.75162
0.70632
0.71121
1.0257
0.95719
0.98401
0.91622
0.81283
0.90573
0.78163
1.3243
0.89743
0.71779
1.0304
0.66834
0.7145
0.72444
0.70146
1.5631
1.1455
0.87096
0.81846
1.7298
2.0941
0.70307
0.82035
0.71779
0.74302
0.69502
0.71779
0.69024
0.66681
0.78705
0.72611
0.72277
0.66527
0.70632
0.69984
0.69823
0.67298
0.77804
0.79799
0.76033
0.75858
0.75336
0.81096
0.86497
1.4928
1.0666
1.5031
2.1627
0.69663
0.76913
0.72111
0.73621
0.72111
0.70146
0.73621
0.71779
0.70632
0.74473
0.72444
0.68549
0.69183
0.74302
0.76208
0.85114
0.7379
0.69984
0.68707
1.0495
1.1535
0.9528
0.95499
1.0351
1.2445
1.0765
1.2445
1.6406
1.2882
0.97949
0.72778
0.71945
0.70307
0.73451
0.71945
0.70958
0.74131
0.7145
0.71614
0.74473
0.76913
0.7145
0.69823
0.7925
0.74817
0.71945
0.73961
1.0304
0.81096
0.75509
0.79616
0.77446
0.7656
0.76033
0.72277
0.99312
0.70958
0.73621
0.71614
0.73451
0.74302
0.79068
0.74645
0.73114
0.73282
0.66527
0.70795
0.72778
0.73621
0.70307
0.76033
0.7145
0.7145
0.75509
0.69823
0.69663
0.70469
0.73961
0.8414
0.71121
0.74473
0.70307
0.7379
0.73451
0.90991
0.76384
0.81846
0.80538
0.83368
0.90782
1.1858
0.70958
0.87096
1
1.0233
0.66374
0.73114
0.67608
0.93325
0.68391
0.7145
0.75683
0.79433
1.2417
0.81283
0.85704
1.4223
0.8414
1.0375
1.9588
0.9247
1.6368
1.3996
1.2162
1.3366
1.0186
0.72111
1.0965
1.6982
0.65766
0.65766
0.67453
0.67453
0.65917
0.65766
0.98628
1.1912
0.94624
1.2246
2.5003
2.4889
0.72111
0.71121
0.70146
0.70469
0.77268
0.74131
0.71945
0.69823
1.5382
0.7925
1.8836
1.0889
2.3281
0.70469
0.80168
0.71779
2.6424
0.76736
1.1749
1.183
0.82794
0.79983
1.2246
1.0471
0.7379
0.82035
0.69984
0.76208
0.89743
0.85507
0.90991
2.6485
2.0941
0.73621
0.73282
0.69343
0.74473
0.73451
0.73961
0.7379
0.77804
0.79983
0.74302
0.74817
0.74645
0.7925
0.73961
0.7145
0.70958
0.7656
0.70307
0.76208
0.73961
0.76033
0.75858
0.75162
0.76736
0.74645
0.84528
0.71779
0.87297
0.76736
0.74989
0.74989
0.77804
0.82224
0.83946
0.8995
0.9594
0.79616
0.98855
1.1776
0.7145
0.68234
0.73961
0.71779
0.81096
4.3351
4.14
0.68865
0.70469
0.67298
0.8356
0.99312
0.80724
1.1912
0.94624
1.194
1.5596
0.79068
1.0617
0.92683
1.0495
0.77625
0.69984
1.1169
0.69663
0.71285
0.73114
0.76913
0.70795
0.71285
0.72611
0.71285
0.71779
1.4859
0.74817
0.76033
1.0544
1.4825
1.2359
0.65163
0.78343
0.74302
0.89331
0.82224
0.72946
0.68865
1.0568
1.6866
1.1995
1.094
0.82414
1.9099
1.3213
0.76913
0.73114
0.84918
1.122
1.2162
1.3583
0.90991
0.877
0.9594
1.1508
1.1776
1.9498
0.73451
0.75509
0.76033
0.7379
0.7379
1.3274
0.87297
1.1995
0.67453
1.0889
1.3183
0.69343
0.65313
0.72444
0.75162
0.69183
0.90991
1.2303
1.1194
0.93541
0.78886
1.2246
1.9498
0.69663
0.69183
0.69183
1.1246
0.72611
0.7145
0.80353
0.75162
0.82604
0.70632
0.74302
0.71945
0.70469
0.7925
1.0965
0.71945
0.98855
0.8091
1.5776
2.2336
0.91622
1.8707
0.92897
1.0666
1.0814
1.2303
1.8793
1.3062
3.3806
0.84723
1.1561
0.92257
0.80168
0.94624
1.5066
0.71285
1.7539
2.1928
1.2647
1.256
1.3521
1.3335
1.028
1.1695
1.2388
1.0765
0.92045
2.4547
0.76208
0.79799
0.68707
0.68707
0.78343
0.68865
0.66069
1.0375
2.0941
0.72444
0.80724
0.76913
0.98628
1.6255
0.86099
0.67764
0.75683
1.3868
1.888
0.78163
0.93111
1.7701
0.70307
0.71614
0.75858
0.75683
0.75858
0.69823
0.7925
0.70307
0.7145
0.70958
0.94842
0.75858
0.82414
0.89125
0.7925
0.96161
1.052
0.90365
1.183
0.74473
1.135
1.6144
0.67298
0.73282
0.73282
0.72778
1.8408
0.7656
0.79616
0.83753
0.71779
0.70795
0.74473
0.79433
0.68391
0.72277
0.78524
0.71779
0.7709
0.72111
0.69183
0.73451
0.73282
0.78705
0.68707
0.67298
0.76033
0.74302
0.69502
0.72946
0.74302
0.71614
0.70632
0.73621
0.72111
0.7709
0.65766
0.76736
0.72111
0.71779
0.7145
0.75683
0.7379
0.72778
0.72778
0.77446
0.69984
0.7145
0.69343
0.72277
0.68865
0.69183
0.72778
0.67143
0.69183
0.71614
0.72946
0.79983
0.69024
0.7145
0.77804
0.92045
0.70469
0.75683
0.73282
0.74131
0.73961
0.69984
0.73282
0.69183
0.69823
0.76913
0.69183
0.69183
0.77268
0.68865
0.69823
0.69984
0.71779
0.77804
0.74817
0.72946
1.0423
0.74645
0.70632
0.72444
0.70632
0.76384
0.70469
0.69663
0.75336
0.71945
0.75683
0.73114
1.1169
0.67298
0.70795
0.72611
0.76208
1.1143
0.73451
0.70958
0.75162
0.69343
0.71945
0.72946
0.74131
0.7709
0.72444
0.79983
0.71614
0.70469
0.73961
0.69984
0.69663
0.70795
0.80168
0.74989
1.4859
1.3243
1.5241
0.75683
0.81096
0.78886
0.7656
0.7656
0.78705
0.73451
1.2274
0.72277
0.73621
0.77268
0.73114
0.75336
0.74645
0.8414
0.96383
0.82985
1.574
0.74989
0.71779
0.71945
0.67298
0.71285
0.75162
0.74645
0.78524
0.78705
0.79616
0.82035
1.0399
1.0304
0.79433
0.71779
0.7656
1.135
1.5959
1.1324
1.349
1.9724
0.97724
0.9506
0.93111
1.2331
1.406
1.888
3.3497
0.71121
1.0328
0.93972
0.73961
0.8147
0.72277
1.4028
1.5031
0.7145
1.2331
1.2618
1.2388
1.8967
1.1995
2.8907
0.73621
0.73282
0.73114
0.71779
4.0832
1.3213
1.0965
0.81283
0.97499
0.92683
1.0641
1
9.1833
11.858
12.647
0.8995
3.7068
3.8994
11.482
11.912
10.641
2.2182
12.359
2.5586
3.7068
0.72111
0.66834
10.914
5.4828
0.89536
0.78163
0.77983
0.80168
0.88512
1.1912
1.7338
0.77446
2.2909
0.70795
0.71614
0.72444
0.7709
1.2162
1.4689
1.3305
0.68077
1.9364
0.66374
0.73451
0.71779
3.7154
1.1169
3.3884
0.73621
0.67143
0.72778
0.6792
0.72778
0.71285
0.66988
0.70307
0.72778
0.73621
0.68391
0.71121
0.72277
0.74645
0.72111
0.71779
0.81658
0.75162
0.74989
0.73961
0.72444
0.7145
0.71779
0.73282
0.73114
0.71779
0.66222
0.77446
0.70958
0.79983
0.72444
0.76736
0.75162
0.77804
0.76208
0.74645
0.72277
0.66681
0.70469
0.73114
0.7145
0.72778
0.73961
0.75683
0.75162
0.69183
0.69823
0.75336
0.70632
0.71614
0.7925
0.7379
0.7656
0.71945
0.69984
0.7656
0.74302
0.8091
0.75336
0.72111
0.74302
0.75336
0.75336
0.75858
0.7709
0.73282
0.74302
0.72111
0.69663
0.74645
0.71945
0.68391
0.68391
0.6792
0.73282
0.71945
0.76736
0.79068
0.74645
0.71779
0.75162
0.8531
0.83368
0.77804
0.83368
0.81283
0.76913
0.93325
0.82985
1.0423
0.75858
1.6711
0.74131
0.87902
0.94624
0.91411
1.3397
0.96383
1.0162
1.0304
1.0765
1.2474
1.2023
1.028
1.1482
1.183
1.1535
1.0544
1.0691
1.1015
1.39
1.122
0.88716
0.877
0.72778
0.90365
0.97724
0.69343
0.70958
0.75509
0.96383
0.71945
0.74989
0.82985
1.1614
1.1967
1.4622
1.052
0.69823
0.70632
0.80538
0.75858
0.74473
0.80724
0.93111
0.90782
0.75162
0.8531
1.0116
1.4757
0.78163
0.74473
0.84333
1.0233
1.6181
0.73621
1.5382
0.75162
0.70469
0.65464
0.79068
0.71121
0.71779
1.1143
0.68865
0.73282
0.74645
0.71285
0.69502
0.71121
0.68234
0.77983
0.7379
0.73282
0.72444
0.74817
1.6255
1.7179
0.72778
0.7656
0.73621
0.71121
0.73621
0.75858
0.72444
0.75858
0.79616
0.72277
0.72444
0.68077
0.70307
0.7145
0.81283
0.72611
0.65013
0.69984
0.7145
0.73114
0.73282
0.76736
0.70146
0.71285
0.70958
0.72277
0.69823
0.71779
0.68391
0.71121
0.69502
0.69024
0.66374
0.72946
0.74989
0.72778
0.67764
0.68077
0.71779
0.70795
0.69984
0.69183
0.73282
0.6792
0.67764
0.73282
0.76208
0.71945
0.6792
0.65615
0.68077
0.72611
0.72444
0.76384
0.7925
0.68549
0.7709
0.75509
0.67608
0.67764
0.94406
1.1695
0.9247
1.5488
1.2942
0.76033
0.74473
0.75162
0.96605
0.73114
1.2912
0.77804
0.70958
0.79799
0.73114
0.67143
0.69663
0.69502
0.76736
0.71285
0.67453
0.75162
1.0789
1.4997
0.80353
0.84528
1.3032
0.70146
0.68077
0.69984
0.75162
0.73961
1.0257
1.0023
1.0447
1.0641
0.9528
0.81658
0.76208
0.71121
0.72611
1.1561
0.74645
0.97949
1.1776
0.70958
1.0691
0.81096
1.1776
1.2218
0.74645
0.8531
0.70307
0.85114
0.9528
0.93756
0.7656
0.79433
1.0046
0.68077
0.95719
0.98628
1.8281
0.68234
0.72611
0.68391
0.76736
0.69183
0.63973
0.71285
0.67143
0.65615
0.81096
0.68391
0.85901
2.2594
0.97949
1.0304
1.0162
1.4488
1.1858
1.1117
0.75509
2.133
0.69663
0.75683
0.72277
1.256
0.76208
0.69183
0.76913
0.68077
0.90573
0.96605
0.78705
1.0069
1.028
1.4256
0.7145
0.98628
0.95719
1.0447
1.0839
1.4997
0.81658
0.81096
0.7709
1.1041
1.2794
0.69823
0.82985
0.88308
0.75336
1.1117
1.4158
2.4889
1.5101
0.69502
0.72946
0.75162
0.69984
0.83176
1.2474
0.78524
6.3096
11.015
14.158
1.1885
3.7068
1.5382
0.65464
0.79433
10.641
10.116
2.421
1.3709
0.93325
0.73282
1.6368
1.2445
0.91622
1.0162
0.74473
1.6711
1.7298
1.3032
2.3388
0.74131
0.68707
0.71945
0.73961
0.74302
0.98401
1.3335
0.99541
0.8356
1.0814
1.028
0.94189
1.1298
1.4028
1.7742
0.80168
0.74302
0.74817
1.6255
0.83368
3.6141
3.7584
0.90157
0.9977
1.0864
1.0839
1.1194
1.3032
1.0304
1.1722
0.98855
1.094
1.7947
0.7656
0.71121
0.83368
0.74131
0.79616
0.72611
0.75683
0.77268
0.72444
0.70469
0.75336
0.74645
0.76033
0.73282
0.75336
0.73282
1.1614
0.9528
1.1324
0.82035
1.0471
0.70795
0.74302
0.72778
0.86497
0.96383
0.79983
1.0375
1.4355
0.7925
0.78343
0.75162
0.74131
0.96161
0.93756
1.4355
1.2706
1.5488
1.194
1.0814
0.877
1.2106
0.8091
0.80724
1.5382
0.82604
0.74473
1.1429
0.69502
0.78163
1.1535
0.86298
0.71779
0.88716
1.2972
0.76384
1.1169
1.3213
0.73621
0.70146
0.77625
0.74989
0.74817
0.73451
1.183
1.3152
0.97724
0.7656
0.94406
1.0666
0.66222
0.96161
1.5631
0.70795
0.69823
0.66527
0.70146
1.3428
1.1041
1.6827
2.4946
0.69024
0.70958
0.74817
0.71945
0.66834
0.74302
0.74302
0.67453
0.71285
0.69984
0.72444
0.75683
0.85901
0.93972
0.78343
0.79616
1.2023
1.0328
1.1402
0.70146
0.75683
0.74817
0.88105
0.70307
0.67298
0.66681
0.72778
0.69502
0.73114
0.76736
0.70146
0.69183
0.66527
0.71779
0.67764
0.72277
0.73961
0.68865
0.70958
0.67608
0.76033
0.69024
0.70958
0.63826
0.69183
0.69984
0.73961
0.70307
0.69984
0.68549
0.72778
0.69502
0.76208
0.70632
0.68865
0.70795
0.93972
0.8147
0.98855
0.76208
1.2274
1.1776
0.84723
1.0328
1.1722
0.86099
0.88105
0.88512
0.88512
0.85114
0.80353
0.90157
0.96383
1.2677
1.219
0.72778
0.67143
1.0233
0.68234
0.86497
0.68234
0.87297
1.0814
1.0447
0.96828
0.8995
0.81283
0.81658
1.074
0.91411
0.70958
0.82794
0.98855
1.1429
0.73451
1.0814
1.0162
1.3092
1.1641
0.73282
2.1038
0.75336
0.71779
0.70795
0.72277
0.67298
0.69024
0.72778
0.70795
0.69663
0.69663
0.71779
0.73621
0.82794
0.70469
0.74131
0.70958
0.66834
0.70146
0.67453
0.83753
0.69024
0.70146
0.68234
0.65464
0.71121
0.72444
0.79068
0.72444
0.69024
0.74817
0.68707
1.0304
0.94842
0.73114
0.82224
1.3002
0.73451
1.9187
0.67298
0.65917
0.75509
0.69823
0.72778
0.76736
0.94189
1.9231
1.3646
0.75336
2.8576
4.3551
1.4757
0.74131
0.73621
0.79616
0.69823
0.66988
0.70307
0.67764
0.69502
1.5885
1.1722
0.6792
1.3996
0.75683
0.73621
0.72111
0.7656
0.71121
0.72946
0.72111
0.70146
1.2274
0.67608
0.66988
0.70632
0.67453
0.71285
0.68865
0.66988
0.69984
0.6792
0.73282
0.67608
0.66834
0.73961
0.69984
0.67298
0.73621
0.82985
0.73282
0.70958
0.76033
0.81658
0.90157
0.80724
0.78524
0.88308
1.4421
1.932
1.4322
1.7418
0.66374
0.85901
2.1184
1.5776
0.74131
0.66069
0.69024
0.73282
0.71121
0.69823
0.71121
0.69502
1.1535
1.2503
0.96161
1.0617
1.0568
1.1641
1.0023
1.2474
1.406
1.0328
1.0257
1.0116
0.9977
1.4555
1.1588
1.2942
1.4355
1.3709
1.1776
1.4322
9.1622
11.015
1.6368
0.68707
0.7656
2.704
0.67298
0.68077
1
11.169
2.3823
1.5101
1.8493
1.8967
0.75858
2.8054
1.3062
2.9992
4.6026
0.72277
0.70146
4.0272
11.066
3.6058
1.0568
4.9091
11.641
1.875
1.5922
11.967
12.445
11.376
11.967
12.359
11.508
14.723
13.062
10.351
11.94
11.858
11.695
13.49
9.3756
15.959
13.213
10.375
13.032
15.171
12.162
16.558
15.276
16.52
15.382
14.191
14.06
15.346
15.596
12.764
16.866
12.359
10.839
13.836
23.714
13.305
15.849
12.388
12.589
13.583
12.023
18.072
12.647
20.559
17.989
14.622
15.136
14.588
11.614
13.552
13.614
10.789
10.069
13.459
15.136
16.866
12.303
11.272
12.823
12.823
15.066
12.023
20.045
13.459
13.062
18.113
15.776
14.322
13.964
15.922
11.995
16.331
15.311
18.072
13.677
19.231
17.62
17.378
14.555
15.74
16.749
16.596
13.032
19.679
15.524
15.382
19.187
16.444
17.62
12.677
14.421
10.351
18.155
11.402
14.488
18.281
19.999
17.783
12.794
27.99
14.588
17.906
13.305
11.455
12.794
13.335
17.179
12.794
11.803
19.099
13.772
14.622
11.455
20.989
15.171
20.797
19.815
17.906
13.243
15.205
14.322
11.912
15.596
11.429
11.83
13.583
15.171
17.378
13.366
14.825
1.3521
2.4889
18.239
11.092
11.803
10.839
20.37
12.706
16.069
18.621
17.742
17.298
18.03
17.022
17.1
15.031
13.74
13.646
15.56
20.701
6.1518
11.885
21.086
1.1535
17.418
13.996
12.56
19.055
19.679
18.707
19.953
18.923
11.298
18.967
14.655
16.406
17.418
17.022
16.596
18.923
17.824
11.995
11.535
13.092
22.284
0.96161
3.4995
3.3343
1.1298
15.311
14.622
10.162
13.772
11.482
14.689
21.33
20.324
20.37
15.066
20.749
16.711
15.171
12.56
18.365
11.83
13.932
12.735
14.555
17.179
18.836
13.964
12.942
15.276
18.197
11.324
15.996
18.072
15.922
18.75
14.894
16.866
12.05
11.668
19.231
16.943
16.368
16.52
10.186
15.812
12.388
11.246
13.74
15.704
13.335
13.213
15.849
14.555
14.223
13.092
14.028
12.677
15.311
18.707
10.839
9.4842
1.6866
0.72778
4.7973
4.6452
0.87096
2.1135
9.7051
15.136
11.995
9.2897
17.539
16.788
3.4277
3.7068
17.338
1.8197
1.0544
0.87096
1.1722
1.0593
1.0789
1.1455
1.1967
0.99312
11.858
0.90365
0.73451
9.1201
11.83
13.428
14.421
19.055
16.904
11.803
14.825
13.032
13.646
12.972
16.255
17.62
16.711
13.428
14.454
20.559
13.996
19.679
18.578
0.8356
0.70146
1.0839
1.1508
1.099
2.6915
1.9953
0.76736
0.97275
1.0617
1.2078
1.135
1.5524
2.2803
1.0471
2.1478
5.9293
0.67453
0.71285
0.77804
0.70795
0.69343
0.67298
0.76033
0.76208
0.71285
0.66988
0.80353
0.7379
0.76033
0.84333
0.85507
3.0832
11.298
4.5082
0.81283
0.71945
0.72277
0.70632
0.75162
0.72946
0.73282
0.71121
0.68707
0.68549
0.67764
0.76736
0.80353
0.76384
0.72277
0.67453
0.68865
0.67453
1.6982
8.5114
1.194
1.099
0.90782
1.7061
1.1912
1.0864
1.3397
2.8907
0.86099
1.0139
0.82414
1.7458
1.5311
1.0233
0.69823
5.2481
5.7544
0.72611
0.73961
0.69984
0.68234
0.74473
0.67143
0.77804
0.76913
0.7656
0.67143
0.71614
0.69343
0.71121
0.73621
0.79433
0.74302
0.75509
0.75683
0.7656
0.76208
0.78524
0.70146
0.68549
0.7145
0.71614
0.69024
0.74302
0.74989
0.7379
0.67453
0.70632
0.83368
0.75683
0.76384
0.80168
0.73621
0.79433
0.81846
0.80724
1.1561
1.4521
1.1376
1.5101
1.3366
1.1668
0.97949
1.6181
0.71285
0.70307
0.71945
0.90573
0.71285
0.8147
0.68549
0.70307
1.1455
0.71945
1.1143
0.68549
0.7656
0.69663
0.75683
0.72611
0.68077
0.69663
0.75683
0.68391
0.67764
0.74645
0.70795
0.67608
0.68865
0.66527
0.73961
0.70146
0.76736
0.73282
0.72277
0.74817
0.80724
0.72946
0.77268
0.80724
0.73621
0.72946
0.69823
0.75683
0.71779
0.69024
0.69024
0.74817
0.77625
0.68234
0.72111
0.68549
0.73114
0.72111
0.82224
0.79068
0.7379
0.68391
0.73114
0.71779
0.72778
0.73961
0.77625
0.72946
0.75336
0.69343
0.76208
0.66222
0.70146
0.70469
0.7379
0.72611
0.70469
0.69984
0.7379
0.76736
0.68549
0.70795
0.71779
0.81096
0.6792
0.74131
0.78705
0.72111
0.7379
0.75162
0.7145
0.73621
0.73114
0.70795
1.5704
1.1117
0.86298
0.66834
0.70469
0.69823
0.64269
0.85114
0.83368
0.70632
0.88716
0.66527
0.67608
0.69663
0.96161
0.75162
0.69663
0.72111
0.70307
0.78886
0.70795
0.72611
0.67298
0.70795
0.67608
0.65163
0.70632
0.77268
0.7145
0.69343
0.75509
0.71945
0.71121
0.71779
0.72277
0.66069
0.81846
0.69502
0.68391
0.73114
0.92045
0.7379
0.71945
0.70632
0.75858
0.72111
0.76033
0.74817
0.69183
0.76208
0.71779
0.68865
0.65313
0.69343
0.74131
0.72111
0.72277
0.65917
0.74817
0.70469
0.73451
0.68391
0.69984
0.69343
0.8091
0.97051
1.0864
0.91622
0.9506
0.82224
0.75858
1.194
1.2106
1.3996
1.7783
1.0328
1.4962
0.71285
0.75509
0.71945
0.76033
1.0691
0.68234
0.73114
0.73114
0.74817
0.69024
0.69984
0.70958
0.72778
0.7925
0.67143
0.77983
0.71779
0.74989
0.76913
0.78705
0.71614
0.69502
0.68391
0.74645
0.91411
1.5136
1.8967
1.2764
0.73114
0.74645
0.74473
0.76033
0.7709
0.73621
0.73961
0.70307
1.6106
0.72946
0.73961
0.73114
0.86896
0.72946
0.71614
0.75858
0.76736
0.83368
0.8356
0.73282
0.74473
0.76384
0.7709
0.7379
0.73451
0.85114
0.92045
0.78886
0.75162
0.85704
0.72444
0.70958
0.78886
0.76208
0.74131
0.72611
0.79433
0.7379
0.84333
0.76033
0.67608
0.75336
0.77625
0.84723
0.81658
0.89536
0.80168
1.1066
0.88105
2.1135
1.0233
1.2023
2.4889
0.71614
0.67608
0.69183
0.65917
0.73451
0.69823
1.1614
1.4521
1.6866
0.96383
3.6308
1.4158
0.877
1.0139
0.92257
0.93541
1.1776
1.1455
1.2359
1.0069
2.9854
4.6774
1.2078
1.0186
4.7206
11.967
8.3176
12.331
17.579
16.866
19.543
20.23
11.749
14.928
14.997
16.331
15.382
19.364
10.139
15.311
12.134
13.996
17.579
15.849
11.324
15.959
13.552
13.932
17.258
9.7949
14.655
13.996
16.558
11.695
17.258
17.338
17.219
14.158
19.409
17.579
13.964
3.155
14.158
16.144
12.794
17.179
15.031
6.1235
0.81096
1.9364
9.3541
10.641
1.4093
11.995
4.6881
15.631
15.922
14.894
9.4189
12.303
18.707
17.906
10.351
13.9
9.247
20.184
17.258
18.197
12.023
12.106
12.942
13.646
11.169
12.106
15.849
10.233
16.255
11.803
11.092
16.368
11.83
4.0272
2.3659
1.2023
0.75858
3.3574
15.346
9.5719
17.66
9.8175
9.6161
9.0573
9.9083
12.618
5.3951
0.7709
1.0304
0.99312
0.91622
0.92897
1.1376
0.93972
1.1246
1.1749
1.099
1.0617
1.028
1.0889
2.904
0.9247
0.78705
0.79433
0.74817
1.3243
1.7458
1.0304
1.0715
2.6669
0.70146
1.3552
2.4717
0.76033
0.70958
0.74302
0.73621
0.72444
0.70307
1.8836
1.888
0.83946
3.8019
1.3183
1.9999
1.5488
1.5996
0.8091
0.77625
0.76033
0.71779
0.74473
0.70632
0.74645
0.72778
0.7379
1.2359
0.80168
0.74645
0.79433
0.76736
0.82985
0.80353
0.75858
0.72611
0.76208
0.72444
0.68707
0.6792
0.74645
0.72611
0.73451
0.69823
0.71285
0.76033
0.73961
0.72611
0.75509
0.73282
0.71945
0.90157
0.79433
0.90157
0.84723
0.90782
1.1194
0.86696
1.1614
0.82794
1.1722
0.73114
0.70958
0.80353
0.71614
0.77268
0.72444
0.75509
0.72444
0.77268
0.88308
0.70307
0.7145
0.72946
0.7379
0.71945
0.72778
0.69823
0.70307
0.70146
0.72946
0.73621
0.78705
0.72444
0.70632
0.69024
0.80168
0.70469
0.75162
0.68077
0.72111
0.6792
0.76736
0.73114
0.70632
0.73282
0.76384
0.71945
0.73961
0.70632
0.72444
0.70958
0.68707
0.67764
0.75509
0.70146
0.82604
1.1324
0.96605
0.71945
0.74645
0.86896
0.74473
0.76736
0.73961
0.70632
0.75858
0.73451
0.76208
0.70307
0.78163
0.72444
0.77268
0.70958
0.73282
0.7656
0.94189
0.74817
0.77625
0.77446
0.75858
0.73961
0.74302
0.8147
0.72277
0.8995
0.69024
0.72946
0.74302
0.73961
0.72277
0.74473
1.1776
1.4723
0.71614
0.69502
0.69183
0.75858
0.73451
0.68234
0.75509
0.73114
0.72444
0.73621
0.72778
0.72444
0.81658
0.69183
0.69183
0.79799
0.72778
0.73451
0.7379
0.83368
0.79068
0.75683
0.73451
0.84918
0.70146
0.75336
0.75509
0.76384
0.75509
0.70307
0.73114
0.75336
0.73114
0.71614
0.70632
0.72611
0.72611
0.76913
0.77268
0.72111
0.78705
0.69024
0.78524
0.77804
0.78343
0.80538
0.9528
0.73282
0.71121
0.67764
0.79616
0.7709
0.70632
0.75858
0.74989
0.70469
0.69183
0.77983
0.74645
0.73621
0.73961
0.7379
0.83368
1.0839
1.3583
0.86298
0.81096
0.79433
2.2182
1.1402
1.3092
1.875
3.1769
2.4491
0.78163
0.75509
0.69502
0.70958
0.68707
0.73282
1.6032
1.2106
1.5631
1.8365
0.70469
0.7145
0.69343
0.7145
0.69984
0.69823
0.73451
0.71614
0.72611
1.5382
1.5922
0.72444
0.75162
0.74817
0.69183
0.72111
0.68391
0.70958
0.68549
0.71614
0.75509
0.77804
0.70632
0.70958
0.69343
0.69343
0.74817
0.66988
0.78705
0.74989
0.70469
0.69502
0.79068
0.77983
0.69024
0.97499
0.74989
1.0023
0.71779
0.74302
0.76208
0.66374
0.73961
1
0.97051
1.099
1.1455
3.6141
1.0715
0.84333
0.76033
0.8356
0.78886
0.81658
0.83753
0.85114
13.74
10.914
15.311
10.568
4.5394
10.74
0.74817
0.72611
4.217
16.943
16.943
11.722
12.882
12.359
13.804
20.23
22.029
15.417
13.032
10.233
15.812
16.032
3.1046
20.654
10.914
9.7949
18.578
16.106
17.989
19.099
15.776
7.8886
1.6711
1.9364
14.791
10.789
13.9
16.144
19.634
16.634
10.116
18.408
16.749
19.099
23.605
11.324
18.967
12.56
12.972
11.803
12.735
10.889
14.028
16.866
12.106
10.257
9.5499
13.709
12.942
18.535
15.031
14.421
8.3753
16.368
16.106
15.776
16.293
10.666
11.535
9.6161
16.558
10.568
17.701
11.092
16.982
18.365
10.328
11.94
14.355
14.289
11.668
7.709
1.0715
1.0069
1.4421
1.1561
1.1482
1.1749
1.0789
2.0512
1.1641
0.94406
7.1779
0.88716
2.0797
0.85114
0.75336
0.78886
0.96605
0.67298
0.71779
0.98175
1.5101
0.68707
0.65766
0.68391
0.75858
0.7145
0.70958
0.68707
0.71121
0.68077
0.67764
0.68234
0.68391
0.71121
0.69823
0.74302
0.65766
0.73114
0.67143
0.75509
0.72111
0.67608
0.65313
0.69183
0.69024
0.65313
0.69343
0.67143
0.71121
0.70958
0.68391
0.74131
0.70307
0.66222
0.74131
0.71121
0.68234
0.92257
0.68865
0.69663
0.7145
0.69183
0.70469
0.72611
0.72946
0.66374
0.88716
0.74302
0.71285
0.70146
0.80538
0.70307
0.72778
0.69984
0.69984
0.71285
0.70146
0.69502
0.68391
0.69183
0.71285
0.68707
0.67764
0.75336
0.74302
0.75683
0.70469
0.71779
0.69024
0.67143
0.66988
0.70958
0.67453
0.71945
0.72778
0.78343
0.67764
0.70632
0.66222
0.84528
0.71121
0.69984
0.67453
1.0715
0.66222
0.72111
0.71945
0.79068
0.66222
0.66374
1.9999
0.90157
0.93325
0.97724
0.94842
0.77625
1.9498
1.1324
0.90157
0.91622
0.96605
1.1117
1.349
1.3836
1.2445
2.3768
1.094
1.9231
0.93111
1.0328
1.1722
1.2023
1.0568
1.1588
1.349
0.67764
3.5975
1.3459
1.2359
0.69343
0.71121
0.70958
0.84528
0.79068
1.099
0.97499
2.4491
1.5311
12.735
12.359
13.459
15.276
17.906
18.408
17.989
11.858
12.764
15.959
14.791
11.858
13.459
16.293
18.365
13.996
13.932
13.772
19.815
19.143
19.099
13.213
13.397
16.368
14.997
1.5668
2.6792
6.792
0.84723
1.1194
0.90991
1.1092
2.6002
3.1989
15.031
16.368
17.947
9.8855
11.324
18.113
16.904
16.331
14.521
11.561
12.359
15.136
12.162
12.359
16.711
19.364
18.621
16.293
16.032
19.32
17.1
15.922
14.997
20.37
21.038
12.912
22.699
12.503
14.028
10.162
17.579
13.552
15.066
10.233
18.836
1.4555
1.0023
7.7804
10.023
20.464
15.849
17.022
11.246
12.388
17.865
20.559
14.125
14.689
18.113
17.022
18.75
16.106
18.967
14.962
16.596
20.941
6.1094
14.06
13.152
13.646
15.885
14.689
17.865
10.351
23.496
13.614
12.303
15.849
14.322
16.558
20.37
12.882
10.789
13.213
12.647
14.322
10.593
15.885
13.032
14.791
13.183
18.75
18.155
9.247
16.866
0.76384
0.96383
3.2434
1.0233
0.97499
1.3836
0.81096
1.4093
16.982
0.92683
0.7656
1.2735
1.2331
2.0464
2.8708
8.6696
19.861
3.4995
18.072
13.002
17.458
17.022
12.106
13.152
18.836
19.055
19.055
14.421
15.996
12.023
12.56
2.2803
2.0941
19.543
19.364
13.964
17.378
17.906
21.478
16.293
17.539
21.979
22.131
12.274
10.691
15.205
12.023
10.399
12.474
10.257
15.101
10.965
19.055
13.428
21.38
14.158
15.885
16.218
17.539
15.136
10.209
18.88
17.947
18.072
14.028
12.677
14.689
19.999
9.2897
15.74
17.66
14.791
23.55
19.634
18.239
16.069
16.293
10.864
12.303
14.894
17.742
5.559
15.849
6.3533
2.9648
7.379
19.364
21.928
16.144
11.668
14.454
11.94
16.711
15.136
10.889
11.35
9.9541
10.94
14.158
11.272
14.125
11.194
18.45
12.19
11.35
13.996
19.498
16.596
15.668
10.789
11.561
12.106
10.593
14.355
12.106
0.87096
3.013
1.0568
1.0447
1.0375
14.555
15.276
20.184
11.22
18.03
23.227
11.776
10.233
10.471
15.922
14.028
15.596
12.19
22.029
21.928
15.346
15.849
14.158
15.668
15.922
17.498
19.187
12.589
12.246
17.298
12.106
13.397
16.444
16.634
18.281
18.281
19.275
14.655
25.003
23.227
19.815
18.197
22.542
16.255
14.655
15.922
17.022
17.62
11.83
16.982
16.368
14.355
12.162
11.695
13.335
16.982
12.218
10.593
11.668
10.641
13.677
15.453
16.144
13.366
16.711
13.709
11.967
12.942
14.655
8.6497
2.704
0.70795
1.6368
1.256
0.95499
1.256
1.9231
8.091
21.038
11.376
12.246
14.555
14.689
16.032
15.276
15.74
11.803
14.894
15.849
12.388
14.757
17.824
22.699
11.35
15.849
18.664
17.418
15.959
15.205
18.967
16.106
14.191
15.382
1.1641
10.617
12.05
25.003
5.3456
10.423
1.5241
3.6308
12.589
20.606
24.378
17.418
18.45
19.634
12.56
13.213
15.885
20.091
17.906
14.962
15.56
14.223
17.179
13.335
11.995
13.274
13.932
16.52
17.458
13.002
18.113
20.893
15.631
17.906
16.144
16.788
17.1
21.677
22.594
18.281
17.947
11.272
15.311
15.136
14.791
16.788
14.454
19.588
12.677
19.055
25.645
12.853
13.709
14.125
13.9
15.382
21.727
10
22.182
1.3677
1.374
16.982
6.7608
22.029
22.182
21.627
22.803
