39.264
18.03
0.75858
9.977
7.2444
2.2751
3.6475
1.3677
3.069
2.1577
4.2073
0.94624
1.2218
1.0257
2.3496
1.5276
1.3996
21.627
19.364
16.181
25.942
11.429
31.333
23.281
23.878
0.83176
33.037
23.496
19.679
2.9648
2.3442
0.82604
21.135
20.559
1.135
21.528
36.475
12.882
0.93325
0.75509
0.82794
0.72277
0.95719
1.8281
1.2706
1.1015
11.22
1.074
1.0399
0.97499
0.73961
0.81846
0.82035
0.81658
0.91833
2.0606
2.6792
3.3729
10.765
1.3709
1.1246
1.0233
1.3583
0.92045
0.8091
22.233
31.915
24.831
27.925
14.997
1.0789
0.81096
0.81096
31.189
14.421
2.0989
1.1508
2.1827
1.1776
1.4158
1.4588
1.2023
1.3002
6.4417
1.2794
1.1722
1.0839
0.9528
0.80168
2.7164
0.99083
1.2503
27.479
27.04
31.915
28.379
26.607
23.714
12.05
26.853
30.479
22.751
21.429
3.5727
2.5527
1.1803
2.6915
27.04
43.351
33.884
23.174
3.4594
31.696
23.714
34.277
12.417
36.392
26.792
1.5031
10.889
27.164
23.227
25.942
17.219
0.82414
18.03
1.2647
1.2359
1.0116
1.3428
1.052
10.233
1.6069
2.5119
1.0965
0.89536
1.1912
1.3122
25.351
27.733
28.119
23.442
26.977
20.417
29.992
32.359
32.063
27.99
19.498
19.907
0.84723
28.51
27.542
29.174
23.55
0.8414
1.0351
0.87096
2.4831
1.5776
1.6866
1.1695
22.542
31.696
18.408
0.99083
1.3677
22.08
35.892
21.928
26.424
16.827
27.164
11.066
1.0423
1.7258
1.0495
1.0568
1.1376
1.1143
1.5849
1.0789
0.91833
0.81283
3.3651
28.907
28.84
24.946
28.51
24.774
26.73
1.9055
2.9242
1.2589
0.97275
0.74989
0.7379
1.6106
0.88105
14.06
22.646
25.882
27.416
30.479
29.58
27.04
2.8379
0.96605
9.5719
1.028
1.1455
1.0046
2.0559
1.4388
1.0814
1.194
1.1995
0.78886
1.194
8.9743
3.2584
0.877
0.86696
4.4259
11.588
27.479
36.224
19.543
17.701
0.84918
1.2106
0.92897
0.80724
0.8091
30.2
28.119
33.497
23.335
36.644
27.542
24.889
19.634
30.2
27.733
18.197
16.255
21.677
0.90782
0.8892
31.046
3.0269
3.0549
17.783
18.578
4.5814
1.71
23.496
24.717
0.93325
0.82794
0.91833
1.8197
1.1117
6.8391
0.87498
0.99083
0.98401
27.353
22.491
18.03
22.336
27.797
22.594
25.645
27.164
19.815
27.227
28.774
22.029
2.2439
1.1695
3.3806
0.92257
11.885
18.967
23.933
10.447
26.182
25.882
8.995
25.41
25.586
0.79068
0.90365
8.77
9.3972
0.77983
2.3121
24.099
25.061
25.177
25.177
22.491
25.003
29.04
20.941
20.893
17.579
19.32
27.102
16.218
29.992
13.932
25.645
28.973
26.669
16.444
12.023
29.242
22.336
8.414
19.275
29.107
24.155
11.995
27.102
36.728
20.277
28.51
19.543
6.4863
11.912
23.714
22.646
18.707
24.155
13.804
22.856
23.014
25.823
4.7973
13.032
0.77804
0.8356
0.83176
0.76033
1.9543
1.2134
1.1455
0.8414
1.2853
1.7989
3.8726
0.85114
1.2677
0.98628
1.1995
2.4604
0.74989
0.86696
1.4588
1.4488
1.1402
0.77625
0.77446
0.8995
0.75858
0.76913
1.556
0.85901
23.496
19.634
25.293
21.429
18.408
38.548
24.044
28.774
23.335
22.594
28.314
23.823
25.235
25.704
1.1117
0.89125
1.0495
7.1121
26.062
28.054
31.769
18.578
24.378
30.69
5.0466
11.143
1.8493
1.5417
0.89743
0.87096
1.4997
1.1508
1.0568
0.98628
1.094
2.7861
0.75336
1.0233
0.79068
1.0233
0.81658
1.1885
0.79433
0.72111
0.75858
0.97051
1.0864
1.052
1.766
4.8529
1.0139
0.78886
0.75336
0.96828
1.2912
0.89125
1.0328
0.7656
0.83176
0.7656
0.75336
0.90782
0.77983
0.77983
0.87498
0.79799
0.80353
0.91411
0.71614
0.97051
0.77268
0.71614
0.96605
0.82985
0.87902
0.80538
0.75683
0.7709
0.66527
0.7145
0.94624
0.77268
1.8621
1.5922
1.0789
0.98401
7.0795
0.89536
1.2618
0.72946
1.39
0.84528
0.74817
0.76736
0.78343
0.84918
0.8091
0.80353
0.72444
0.70146
0.74302
0.82224
0.83753
0.75509
0.80168
0.77625
1.0544
0.78886
0.78163
0.75162
0.82224
0.73114
0.79433
0.76208
0.74131
0.79983
0.79799
0.8356
0.77446
0.75336
0.79433
0.77983
0.7709
0.81096
0.76384
0.74131
0.79616
0.77983
0.74473
0.74817
0.83176
0.82224
0.75336
0.75683
0.73114
0.77804
0.7709
0.94406
0.76208
0.97051
0.86298
0.83753
0.67608
0.8091
0.78343
1.028
0.77983
1.4158
0.78705
0.91201
1.0765
1.4723
1.0691
1.0814
1.714
0.75336
0.76033
0.69024
0.71779
0.91201
0.79799
0.82414
0.80353
0.94189
0.78343
0.7145
0.75336
0.78343
0.77983
0.71779
0.87902
0.8356
0.7709
0.74817
0.75683
0.86099
0.73282
0.73451
0.8147
0.87902
0.79068
0.83946
0.8147
0.84333
0.82985
0.78886
0.75858
0.76208
0.77625
0.83753
0.89743
0.8531
0.80538
0.76033
0.75858
0.72778
0.78343
0.72611
0.76033
0.71779
0.75509
0.78343
0.77804
0.81658
0.85704
0.81283
0.80168
0.77446
0.79433
0.74989
0.82604
0.71945
0.7656
0.75162
0.7656
0.7379
0.77804
0.73282
0.71121
0.8147
0.77804
0.76736
0.75509
0.82604
0.70958
0.88716
0.76384
0.80353
0.96161
0.78705
0.7145
0.74645
0.74817
0.81846
0.84723
0.82794
0.73114
0.79433
0.76913
0.8531
0.82414
0.74473
0.81096
0.72444
0.87096
0.84918
0.70307
0.88105
0.8147
0.75509
0.87096
0.86896
0.8147
0.76033
0.89125
0.81096
0.84528
0.73621
0.87498
0.68234
2.9992
0.88105
0.88716
2.4831
0.7145
0.72444
0.6792
0.65464
0.73282
0.79433
0.7379
0.86099
0.83753
0.73961
0.80724
0.71285
0.79616
0.76913
0.72946
0.7709
0.71614
0.91411
0.7709
0.73961
0.66374
0.71285
0.8414
0.79433
0.67608
0.66374
0.7709
0.70958
0.74131
0.72611
0.74131
0.75509
0.8147
0.70146
0.86497
0.70469
0.77446
0.75509
0.77983
0.70307
0.69183
0.81846
0.71614
0.78163
0.8995
0.76736
0.98175
0.85901
0.80538
1.0233
0.79433
1.7418
1.3366
0.85901
0.7656
0.80353
5.1168
0.71121
1.028
1.183
2.5468
9.4189
0.72611
1.803
0.88105
0.8995
0.80724
12.882
20.464
19.724
9.3111
12.912
0.94624
0.91622
0.97499
2.0606
0.76033
0.9506
1.5311
1.0447
1.0139
1.0593
13.183
23.659
21.727
24.21
20.559
14.388
1
0.72111
0.82035
0.79799
0.88512
5.9704
1.1092
2.1777
22.233
0.75336
1.5776
3.581
0.79983
0.78163
0.74989
0.82035
0.89331
0.78886
0.85114
0.77268
0.88716
1.0257
3.8548
0.79616
1.1995
2.5177
1.2106
1.0257
1.4158
1.1588
1.2618
3.4119
14.894
0.80353
0.83368
0.71779
0.76208
0.75858
0.79616
0.80168
0.85901
0.72946
1.8281
1.6255
2.037
0.73282
20.559
27.353
23.605
17.824
32.359
18.239
15.241
25.942
15.488
23.174
17.1
10.74
4.8529
1.2162
25.763
24.604
20.091
24.717
25.061
14.028
2.7227
13.49
10.093
3.4674
0.80353
1.0839
1.7742
8.8308
10.814
26.424
27.606
25.293
4.3853
21.627
23.014
24.774
23.714
16.943
1.2417
0.83176
2.3388
1.5417
0.85507
0.98175
0.89743
0.9506
0.77983
0.87096
0.89743
0.83368
0.9977
0.9247
3.2659
0.78886
0.78343
0.73114
0.70958
0.78524
1.3932
0.7379
0.81283
1.2162
0.88716
1.0814
1.0375
1.5776
0.8414
0.8531
1.0447
0.95499
0.79616
1.052
1.3772
1.3122
1.0544
0.94406
1.0046
0.85507
1.2134
0.9528
1.0093
1.2706
0.93972
0.93756
1.5346
0.97949
1.0046
0.9528
0.81658
0.7925
0.87902
0.82414
0.81096
0.87096
0.8147
0.82604
0.86896
0.87096
0.93325
0.79983
0.84333
0.82224
0.83946
0.77804
0.79068
0.80538
0.82035
0.82794
0.90157
0.82224
0.93972
0.76033
0.79616
0.7145
0.85704
0.74989
0.7925
0.7379
0.8531
0.91411
0.73451
0.89125
1.0423
0.88105
0.80168
0.80538
0.94189
0.77625
0.88105
0.85901
0.90157
0.81096
0.8091
0.84918
0.93972
0.76384
0.73451
0.8531
0.92045
0.88308
0.70795
0.84528
0.72111
0.8356
0.84333
0.82035
0.79799
0.93972
0.85704
0.94189
0.86896
0.85901
0.80353
0.92897
0.82794
0.86896
0.83368
0.79616
0.97275
0.89536
0.82985
0.78886
0.84333
0.88512
0.79433
0.76736
0.94406
0.80353
0.79616
0.7925
0.87902
0.76913
0.74473
0.84918
0.92683
0.79433
0.68391
0.82794
0.79068
0.72946
0.8356
0.83946
0.81283
0.81658
0.91411
0.82794
0.86696
0.87096
0.79068
0.76736
0.78343
0.76736
0.82035
1.028
0.86696
0.84918
0.79433
0.80538
0.73114
0.78886
0.74131
0.86497
0.7656
0.78163
0.82414
0.8147
0.87096
0.84528
0.92045
1.1169
0.76208
0.96605
0.82794
0.76736
0.7925
1.0839
0.89331
2.0417
0.75683
0.77983
0.78163
0.74989
0.80538
0.80724
0.86099
0.75162
0.76384
0.72946
0.78886
0.86099
0.79433
0.72946
0.78705
0.88512
0.86696
0.78343
0.84723
0.77804
0.72611
0.78524
0.80353
0.84918
0.76736
0.76913
0.7709
0.76913
0.70146
0.85114
0.80353
0.75683
0.85114
0.77804
0.79068
0.99541
0.84528
0.86696
0.80168
0.80538
0.877
0.7925
0.78343
2.466
0.89743
0.71945
0.72444
0.74817
0.72946
0.73114
0.74302
0.70958
0.69984
0.78524
0.89331
0.72611
1.1015
4.5082
1.1695
0.72277
0.69024
0.72444
0.92683
0.75858
0.71285
0.72444
0.69024
0.83753
0.74817
1.3397
0.76736
1.7906
5.3703
1.1455
0.86099
1.2677
1.2445
1.7298
1.0046
1.3964
0.89536
1.3583
2.9174
0.74645
0.72611
0.67143
0.67453
0.89743
0.70795
0.70632
0.76033
0.65464
0.68391
0.69502
0.72611
0.70146
0.69343
0.66988
0.71779
0.76208
0.68077
0.6792
0.71285
0.73621
0.71945
0.68077
0.70795
0.78705
0.85507
0.69984
0.78705
0.74473
0.70795
0.72611
0.69183
0.88716
0.87902
2.0893
0.77446
0.70632
0.68077
0.80724
0.73114
0.75683
0.74131
0.86896
0.79433
0.76384
0.73961
0.73451
0.73282
0.73282
0.66681
0.73961
0.74131
0.76913
0.72611
0.69984
0.78705
0.71285
0.69984
0.78886
0.72611
0.70632
0.7379
0.68707
0.67143
0.85114
0.71779
0.75336
0.76736
0.69823
0.71121
0.72946
0.72778
0.75162
0.66222
0.81658
0.72778
0.76033
0.7656
0.93111
0.75336
0.70146
0.76033
0.74473
0.69984
0.80724
0.68391
0.71285
0.75858
0.7925
0.75858
0.75683
0.69984
0.73961
0.74817
0.70795
0.68234
0.70307
0.77804
0.68549
0.72946
0.83176
0.76736
0.72277
0.74302
0.78705
0.71285
0.77804
0.67298
0.74645
0.74473
0.72277
0.7145
0.69663
0.8147
0.78705
0.70307
0.78343
0.80168
1.1668
0.78524
0.89331
0.88512
0.72277
0.8356
0.8892
1.2023
1.7742
0.93972
1.1508
1.0471
1.1614
0.72277
0.68865
1.2942
0.97051
0.74645
0.92045
0.77625
0.73282
0.7656
0.71945
0.73451
0.66681
0.71614
0.67143
0.72611
0.69823
0.70795
0.74989
0.7925
0.70632
1.1967
0.93325
5.4325
0.877
0.80353
1.0765
0.87297
0.92257
1.1402
0.96828
1.1695
1.1749
0.96828
0.97499
0.96383
0.97275
2.023
0.85507
0.79433
1.0186
0.94842
1.0116
1.0069
0.92257
1.194
1.0093
0.89743
2.3988
0.97724
0.67764
0.65615
0.71945
0.72111
0.71285
0.69502
1.122
0.86099
0.66681
0.75683
0.66988
0.69343
0.71121
1.2417
0.70632
0.68234
0.7656
0.74473
0.75509
0.73282
0.67298
0.67764
0.71285
0.68077
1.0139
0.73621
0.73114
0.67143
0.67764
0.80353
0.95719
0.83176
0.89536
0.77268
0.79616
1.2474
1.3677
0.7925
0.75509
0.7709
0.72946
0.74131
0.72111
0.84723
0.74131
0.72778
0.83368
0.82224
0.7145
0.7379
0.7379
0.76913
0.70146
0.68549
0.74817
0.72946
0.76736
0.7925
0.78163
0.75162
0.87096
0.78705
0.77625
0.83368
0.73621
0.69502
0.82985
0.71614
0.70307
0.72611
0.81846
0.82414
0.78705
0.76384
0.76208
0.76033
0.9247
0.7379
0.8414
0.73621
0.82604
0.74302
0.77268
0.74645
0.71285
0.79799
0.70795
0.69823
0.89125
0.81096
0.8091
0.78705
0.72277
0.81283
0.73282
0.75683
0.74817
0.74817
0.74131
0.74302
0.74645
0.72444
0.77625
0.76736
0.7145
0.75162
0.81846
0.66834
0.74473
0.77983
0.67764
0.78343
0.7656
0.78886
0.78163
0.74131
0.73114
0.72611
0.77446
0.86099
0.74473
0.73621
0.71121
0.80168
0.76913
0.73621
0.85901
0.74473
0.80353
0.84528
1.4388
1.9454
0.80353
0.74817
0.75162
0.94189
0.79799
0.80168
0.76736
0.85901
0.77268
0.72946
0.77268
0.70632
0.69823
1.1614
0.73282
0.75683
0.78886
1.1169
0.99312
2.6792
1.0544
1.0093
1.349
1.205
0.81846
1.4997
0.70307
0.68865
0.78524
0.79433
0.8091
0.99312
0.71614
0.74989
0.74817
0.71121
0.82604
0.67453
0.74302
0.75509
0.97499
0.75336
0.80538
0.82035
0.7656
0.8995
0.74302
0.74817
0.80168
0.81096
0.78163
1.0617
0.80168
0.77268
0.77804
0.78886
0.76384
0.71121
0.80168
1.8793
0.86896
2.8445
1.6181
0.71779
0.72611
0.68077
0.89743
1.3459
0.86896
0.74817
0.73961
0.71614
0.74473
0.81096
0.67298
0.9594
0.72778
0.72277
0.75336
0.69024
0.7145
0.76736
0.70469
0.72444
0.66834
0.70146
1.0889
0.74645
0.71614
0.75336
0.6792
0.69024
0.72946
0.68865
0.66834
0.71285
0.67764
0.69663
0.87297
0.71945
0.72111
0.72611
0.70469
0.70958
0.70795
0.71945
0.69984
0.68707
0.72277
0.68549
0.72277
0.70469
0.75683
0.69823
0.7656
0.69984
0.75162
0.68391
0.69984
0.72778
0.70307
0.7145
0.69984
0.78163
0.68549
0.73621
0.74645
0.73114
0.74131
0.74817
1.1885
0.70958
0.91411
1.4555
1.2023
1.3062
1.0023
2.9992
1.1668
0.73282
0.93541
0.77804
2.3442
0.78705
1.1041
2.208
0.7656
0.71779
0.78705
0.79068
0.75858
0.70307
0.70795
0.71779
0.75858
0.79433
0.68077
0.71945
0.72778
0.77268
0.74817
0.80538
0.83368
0.73282
0.74473
0.77983
0.72611
0.7379
0.71945
0.71779
0.69823
0.82035
0.75509
0.73282
0.68865
0.73961
0.7379
0.67298
0.72277
0.72111
0.72611
0.76736
0.98628
1.1092
3.2285
1.1561
1.1535
0.8414
2.1627
0.83176
0.82604
0.78705
0.85704
0.80168
1.3397
1.4723
0.72611
0.70632
0.75162
0.90157
0.70958
0.73451
0.71945
0.73451
0.76384
0.72946
0.7709
0.74473
0.7379
0.75858
0.76208
0.72611
0.68707
0.70632
0.74473
1.0889
0.71285
0.69823
0.68549
0.75858
0.7379
0.73282
0.68077
0.70632
0.73114
0.67298
0.69343
0.73451
0.69183
0.71121
0.7145
0.70307
0.75683
0.70795
0.72611
1.2853
0.70632
0.74989
0.77625
0.71945
0.80353
0.84333
1.3964
1.205
0.69663
0.75336
1.3772
2.5351
1.2162
1.0864
1.1695
0.86298
1.1455
0.82414
1.0186
0.78524
0.72277
1.652
2.466
6.5615
8.9743
6.9502
0.87297
0.82224
0.72946
0.81658
0.70795
0.78705
0.93756
1.0093
1.1803
1.9409
0.95499
0.75336
0.83176
0.83946
0.8147
0.70795
0.77983
1.094
0.8414
0.83946
0.83753
0.74989
0.79799
0.7656
0.74645
1.0593
0.74131
0.84528
1.0544
0.86099
0.8531
1.7906
0.78524
1.1885
0.77804
1.4158
0.8414
1.1169
1.3092
0.77804
0.78163
0.71945
1.8493
1.3032
0.71779
0.78163
0.73114
0.72778
0.73114
0.73621
0.89125
0.72778
0.69984
0.73451
0.70958
1.3868
0.84528
0.72778
0.77268
0.94624
0.88308
0.74302
0.79799
0.84723
0.78343
0.74989
0.8531
0.8147
1.1858
0.87902
0.75858
0.73451
4.4055
6.3826
5.0816
4.2364
6.0256
0.75509
0.81096
4.5709
4.8084
4.9888
4.9888
4.9888
4.9888
4.9888
4.9888
4.9888
4.9888
4.9888
4.9888
4.9888
4.9888
4.9888
3.4198
4.8306
0.76033
0.83946
0.69663
1.3709
0.77983
1.2445
0.77625
0.73621
0.85901
0.73114
0.87297
0.86099
0.82794
0.73282
0.84528
0.77446
2.3988
4.2855
1.9187
1.9143
0.92257
1.0162
0.94189
0.81096
0.83368
0.75683
0.88105
0.73114
0.78163
0.77268
0.80724
0.92897
1.6444
0.8414
0.82794
0.76033
0.77983
0.70795
0.79616
0.82985
0.82414
0.75858
0.75683
0.85114
0.74645
0.76033
0.76913
0.80353
0.88716
0.93756
0.7709
0.75336
1.4997
0.74645
0.74989
0.72946
0.71285
0.72277
0.80538
0.82794
0.77983
0.74989
0.80168
0.75858
1.0864
0.86696
1.3428
0.78163
0.76033
0.73621
0.72277
0.75336
0.69663
0.71121
0.90991
0.86896
0.75336
0.86896
0.70632
0.80724
0.89125
0.90782
0.91622
0.77804
0.80353
0.95719
1.0399
0.8091
0.7656
0.8531
0.71614
0.81846
0.75858
1.0328
1.0304
2.673
0.7145
0.65917
0.79983
0.77983
0.77446
0.78343
0.75162
1.0375
0.81846
0.81846
3.2509
2.8379
0.74989
0.82224
1.4825
2.4099
0.89536
0.92683
0.79799
0.72946
0.73621
0.77804
0.80168
0.69823
0.78163
0.71285
0.82035
0.80353
0.74817
0.94842
0.7145
0.72946
0.7925
0.72444
0.7925
0.78705
1.3932
0.81846
0.85901
0.90991
0.88716
0.79983
0.83368
0.88512
0.72778
0.94189
0.84333
0.76736
0.9528
1.0715
0.81096
0.92045
0.78705
0.94189
0.85507
0.82414
0.88512
1.2677
0.96828
1.2134
0.88512
0.84528
0.75336
0.79983
0.74645
0.81283
2.7925
0.79616
0.79799
0.7379
0.78163
0.8147
0.73451
0.75162
0.73961
0.82604
1.0399
0.92045
0.97051
0.84723
1.0641
0.92045
1.0568
0.82604
0.90573
0.90573
0.71614
0.88105
0.89125
0.81658
0.77268
0.73621
0.78343
0.7709
1.3092
0.90573
0.79433
0.81096
0.72611
0.79068
0.77446
0.82224
0.72611
0.80353
0.76208
0.84918
0.75683
1.1169
0.74989
0.78343
0.71945
0.75858
0.71945
0.73451
0.7145
0.70469
0.7709
0.69183
0.75509
0.71945
0.72611
0.73282
0.79068
0.8091
0.80168
0.78886
0.70632
0.89743
0.84528
0.82794
0.96605
1.4191
0.78343
0.69823
0.87297
0.71285
0.78524
0.77446
0.8356
0.77268
0.71945
0.76033
0.72277
0.74645
0.73282
0.76384
0.69183
0.78705
0.71614
0.72946
0.73114
0.70469
0.78343
0.88716
0.81658
0.71945
0.75162
0.78163
1.1885
1.1143
1.4289
0.80724
0.79068
0.72277
0.74302
0.77625
0.7709
0.72277
0.96161
0.74131
1.0914
0.74131
0.70146
0.79433
0.7709
0.78524
0.7379
0.83946
3.0479
1.0257
0.70795
0.77268
0.74473
0.77625
0.87902
0.83753
0.88716
0.83176
1.0814
1.2647
1.3183
0.97499
0.76208
0.81846
0.73961
0.68077
0.77804
0.93541
0.8091
0.79433
0.75858
0.94189
0.70146
0.82794
0.77268
0.70146
0.76384
0.72778
0.76033
0.73621
0.72111
0.70469
0.71614
0.68707
0.78163
0.74131
2.3174
2.3768
1.3183
2.3605
1.2445
0.74645
0.7656
0.75858
0.78705
1.3521
0.77804
0.88512
0.74302
0.76208
2.9923
2.541
0.84918
1.6331
0.97949
2.2387
1.1402
0.78343
0.72444
0.95499
1.4791
3.6058
1.3152
4.1879
1.5596
0.73451
0.74817
1.7701
1.8793
0.79068
0.75509
1.5136
1.0399
1.6788
1.6106
2.3768
3.1333
2.7542
8.4528
0.77625
1.6596
3.1189
1.6596
1.3092
2.8249
2.9242
0.72946
0.8356
0.76913
0.82414
0.9506
0.78343
0.72946
0.93541
0.9506
0.78163
1.6672
0.82604
2.0091
2.5942
2.7925
2.6062
0.86497
0.76736
1.2764
1.9815
3.3884
2.1577
0.78343
1.1298
1.7338
2.2803
0.80538
0.72277
1.3552
0.89743
0.82414
0.76208
0.74645
0.76736
1.1508
0.84333
0.88105
1.4928
0.85901
0.81658
0.82604
0.80538
0.73451
0.78705
0.74817
2.1777
4.4771
1.4158
0.7656
0.75683
0.92897
4.5499
1.3002
0.70146
0.78343
0.68707
0.79433
0.76736
0.74645
0.7925
0.74131
0.9247
0.7709
0.76736
0.7379
0.74473
0.68077
0.72611
0.74989
0.7379
0.75509
0.82985
0.74473
0.76913
0.73114
0.74302
0.84723
0.76208
0.77983
0.70958
0.84528
0.90573
0.75509
0.72778
0.72277
0.70958
0.68391
0.69823
0.73451
0.78524
0.69663
0.70469
0.69984
0.68549
0.69823
0.70958
0.80353
0.76033
0.8091
0.7379
0.71779
0.7709
0.68077
0.73451
0.80353
1.052
0.83368
0.70307
0.7379
0.69502
0.69502
0.75858
0.74302
0.77983
0.81096
0.74473
0.83368
0.84918
0.74302
0.79616
0.78705
0.72778
0.80168
0.84723
0.82985
0.78343
1.1455
0.7145
0.76384
0.73621
0.71945
2.037
0.90157
3.5892
0.79799
1.7498
0.78524
0.77446
0.76208
0.81096
2.4717
2.0277
0.69502
0.74989
0.71285
0.76384
0.74645
0.72111
0.84918
0.8356
0.77983
0.73961
1.2106
0.74817
0.76033
0.85901
0.72778
0.75162
0.78886
0.72444
1.1614
2.0845
0.68549
0.75509
0.80538
0.69984
0.73621
1.0789
0.80353
2.4491
3.8905
3.6813
3.8371
8.3753
0.68077
0.74473
0.70632
0.89125
1.7865
0.70958
0.82035
0.80538
1.5631
0.8147
0.99541
0.84528
0.76384
0.72611
0.76913
0.7709
0.8531
0.7145
0.70146
0.77804
0.77268
0.74989
0.79983
0.67453
0.71285
0.73282
0.80168
0.70632
0.74131
0.74302
0.89743
0.65163
0.71779
0.68549
0.70146
0.68391
0.73114
0.71285
0.79433
0.69024
0.71285
0.71121
0.71614
0.70958
0.77983
0.84333
0.74645
0.75162
0.74302
0.79799
0.84723
0.73282
0.70632
0.71779
0.74473
0.72277
0.84723
0.72946
0.69343
0.7379
0.81096
0.6792
2.2131
3.4356
0.7145
0.87902
0.80168
0.76736
0.8091
0.92045
1.3305
1.1749
2.2542
1.3092
0.72444
0.70795
0.99541
0.74302
0.75509
0.80724
0.73282
0.77983
0.78705
0.7656
0.7709
0.75858
0.76736
0.75336
0.84723
0.7379
0.82794
0.83176
0.73451
0.85507
0.78163
0.89536
0.80724
0.94406
0.80724
0.69183
0.94406
0.81658
0.77446
0.7379
0.69343
0.72277
0.72946
0.72778
0.66681
0.67453
0.66527
0.75683
0.67608
0.71945
0.72277
0.74473
0.72444
0.70307
0.82224
1.1066
1.0233
0.72778
1.0139
0.8995
0.83753
0.86298
0.77983
0.76736
0.72111
0.70146
0.74131
0.73621
0.91201
0.73621
0.78886
0.83176
0.81658
0.77446
0.79616
0.76384
0.7925
0.78886
0.90365
0.75162
0.78524
0.70795
0.73451
0.72277
0.7379
0.88105
0.94624
0.74473
0.71945
0.81846
0.73961
0.90157
0.68707
0.77625
0.76208
0.77268
0.71121
0.86099
0.79433
1.1803
1.4388
0.81096
0.8147
0.85507
0.82035
0.71614
0.82985
0.76033
0.83368
0.75162
1.6106
1.0495
0.76208
0.81283
0.75858
0.80538
0.76384
0.75336
0.72611
0.80724
0.74645
1.1455
0.97949
0.74989
0.75162
0.7925
0.82794
0.73114
0.82224
0.75683
0.75683
0.78524
0.91833
0.71945
0.98855
0.76736
0.72444
0.99312
0.75858
0.82414
0.78524
1.0568
0.80353
0.80724
0.74817
0.86099
0.75509
0.81283
0.70795
0.76384
0.77983
0.78524
0.8091
0.90365
0.98628
0.82985
0.7145
1.0715
0.90782
0.72111
0.8091
0.74473
0.74645
0.69663
0.72946
1.6069
0.71285
0.79616
0.77446
0.74817
0.78163
0.88716
0.82604
0.72111
0.73282
0.85704
0.82224
0.82794
0.78163
0.72277
0.76913
0.91411
0.78886
0.84918
0.84918
0.77625
0.78343
0.8414
0.8414
0.78705
0.76208
0.69663
0.68707
0.76208
0.76736
0.79068
0.76033
0.76033
0.72611
0.78163
0.79433
1.5417
1.5812
0.8356
0.85704
1.1695
0.88308
0.82794
0.84723
1.0209
1.1066
0.90782
0.85901
0.8147
0.85507
0.94189
0.82604
1.1668
1.0257
0.85901
0.86696
0.79799
0.81658
0.94624
0.75162
1
0.91622
0.79799
0.9247
0.91833
0.81096
0.81283
0.8356
0.82035
0.87498
1.0814
1.0965
1.028
0.99083
0.97051
1.194
1.0399
1.1561
1.0814
0.97275
1.0914
1.0069
0.94624
0.95499
1.0257
0.95499
0.88105
0.93111
0.83176
0.78705
0.70795
0.90782
0.82224
0.78343
0.8147
0.66374
0.7656
0.76384
0.78705
0.77268
0.90157
0.85114
0.90782
0.82604
0.71614
1.3122
0.72611
0.80724
0.71945
0.79799
0.7709
0.89331
0.76736
0.77625
0.83946
0.92045
0.81658
0.8414
0.76208
0.8147
0.81658
1.5417
1.3366
0.91201
0.84333
0.81283
0.87498
1.0789
0.73961
0.86896
0.70307
0.88716
0.94624
0.76208
0.88308
0.877
0.88105
0.89331
0.8531
0.78886
0.87096
0.83176
1.0765
0.86298
0.88105
0.96828
0.80353
0.96828
0.82224
0.75162
0.77625
0.73114
0.81846
0.88105
0.80724
0.80538
0.80724
0.77804
0.89125
0.71779
0.77804
0.80724
0.89743
0.74131
0.87297
0.85704
0.76033
0.79799
0.7709
0.8091
0.87096
0.83946
0.80724
0.8414
0.78886
0.74645
1.2359
0.80353
0.877
0.82985
0.72444
0.85901
0.81658
0.83368
0.75683
0.84528
1.122
0.82604
0.7656
0.8892
0.71121
0.72611
0.79068
0.76033
1.1695
2.541
0.85114
0.90157
1.0447
1.2303
0.94189
0.96605
1.256
0.88716
0.90991
0.80538
0.8531
0.87902
0.8892
0.77983
0.88308
0.75858
0.74989
0.75162
1
0.8147
0.77268
2.5942
0.98175
0.93541
0.9528
0.93541
1.0471
0.82794
0.83946
0.79433
0.87096
0.87096
0.85901
0.87096
0.72277
0.74817
0.73282
0.70469
0.87902
0.77804
0.76033
0.99541
0.87096
0.89125
0.83753
0.81283
0.87498
0.85704
0.79433
0.94842
0.83176
0.80168
1.0789
0.88105
0.79799
0.87498
0.91833
0.83176
0.77446
0.89743
0.8892
0.90573
1.1614
1.2359
1.4859
1.1066
0.95499
1.1169
1.0447
1.094
0.81846
0.78886
1.1041
0.81283
0.79433
0.80353
0.93325
1.0023
1.1508
1.4791
1.3677
1.0914
0.78524
0.74473
1.4555
0.72611
0.85901
0.79433
2.2594
1.0715
0.7709
0.82985
1.4421
0.70632
0.73621
0.75162
0.81846
0.7379
1.0069
0.8892
0.79799
0.82224
0.92045
0.98628
1.5136
0.89536
1.5488
0.69183
0.79616
1.0233
0.87902
0.70307
0.73451
0.86099
0.92683
1.0139
0.9528
0.82985
0.87902
0.86298
0.71614
0.8147
0.9528
0.7656
0.78524
0.79433
0.91201
0.78705
1.3868
1.4454
1.9143
1.5922
1.205
1.2106
1.4355
0.90782
1.3062
0.86497
1.71
1.8664
1.6827
0.89331
1.762
0.75683
0.69183
0.75858
1.4093
0.96383
0.83753
0.90782
1.122
0.84528
1.1117
0.9594
0.91833
0.98175
1.1402
1.0691
0.94842
0.76208
0.70632
6.0256
3.9902
0.9247
0.90365
0.87902
0.94189
1.0447
0.97499
0.97275
0.9594
1.1194
1.1041
0.84723
0.94842
1.0965
0.98855
1.0593
1.1298
8.3176
12.942
11.614
13.646
5.0466
9.9312
11.272
0.77625
0.85507
1.1722
0.86497
1.0328
1.6406
0.89536
0.99083
1.1324
1.5885
0.87096
0.88308
0.83946
0.84333
1.1722
0.92045
1.2618
0.77983
0.87902
0.73621
0.72778
0.78705
0.86696
0.82604
0.83753
0.79616
0.89331
3.02
13.521
11.858
9.9312
0.98175
0.96383
1.556
0.74817
0.70469
1.3614
1.2531
0.85507
1.0093
1.5776
1.0814
1.0889
0.9528
0.9594
1.1614
0.79616
1.0789
1.3274
1.0186
0.98175
1.0495
0.76913
0.84918
0.79068
2.5235
0.75162
0.75683
0.86696
1.0139
0.87297
0.82035
1.0914
0.78524
0.87498
0.77983
1.7298
0.83368
0.73621
1.1535
0.95499
0.78163
0.74131
0.84918
0.9506
2.0045
0.88716
0.86099
0.81846
0.74131
0.7925
0.71121
0.7379
0.8356
0.77446
0.7145
0.80168
1.7742
0.96605
0.71285
0.8356
0.84918
0.75336
0.84723
0.76208
0.93325
0.83176
1.0447
0.89743
0.84918
1.0139
1.4622
1.1885
1.0209
0.81283
1.8793
1.0328
1.0209
2.4044
0.75858
0.70307
0.69343
0.69823
0.73114
0.68549
0.71945
0.80353
0.68707
0.72778
0.69183
0.68549
0.69502
0.72111
0.73282
0.72611
0.77268
0.65917
0.69343
0.72611
0.75162
0.70795
0.68391
0.69984
0.72611
0.68391
0.70795
0.75858
0.75336
0.76384
1.4555
0.84723
1
0.82604
0.69663
0.69343
0.65313
0.66834
0.70958
0.72444
0.66988
0.67298
0.70146
0.69823
0.68391
0.69663
0.69343
0.72946
0.74302
0.68549
0.68234
0.68234
0.68707
0.69343
0.75336
0.70307
0.7925
0.84918
0.8531
0.80353
1.9907
1.1912
1.5668
0.99312
0.91201
0.79433
0.96383
1.1066
1.6788
1.4791
0.90991
1.4256
0.70795
0.67608
0.76033
0.71285
0.70469
1.1272
0.68707
0.69343
0.75509
0.68549
0.68707
0.74817
0.78163
0.7656
0.77446
0.68865
0.73114
0.71614
0.71285
0.72778
0.71285
0.76736
0.8531
0.7379
0.70469
0.74302
0.68707
0.74302
0.69343
0.68707
0.74473
1.1015
0.67608
0.73621
0.71779
0.76736
0.70307
0.67608
0.69024
0.7656
0.71779
0.73961
0.79068
0.70958
0.68077
0.69663
0.68865
0.79433
0.69183
0.71779
0.72946
0.69024
0.77446
0.72277
0.69823
0.77804
0.75858
0.74302
0.72611
0.74645
0.69663
0.72111
0.70958
0.78886
0.9506
0.71614
0.74302
0.75336
0.70632
0.68391
0.71945
0.72444
0.8147
0.70469
0.74473
0.69502
0.73451
0.73621
0.67608
0.69183
0.84918
0.93756
0.76384
0.83368
0.7379
0.8147
0.92897
0.96383
0.8091
1.6788
0.7379
0.98401
0.66222
0.72277
0.69502
0.6368
0.70795
0.71779
1.094
1.2972
0.7379
1.0162
0.73621
1.194
1.3274
0.90991
2.2439
0.71614
0.72778
0.70469
0.70469
1.0965
0.95719
0.77268
0.66834
0.66834
0.72111
0.72778
0.69502
1.028
0.77446
0.66988
0.67143
0.68865
0.72611
0.71121
0.74817
0.74645
1.135
0.69183
0.7656
0.72444
0.71614
0.77625
0.71285
0.75162
0.86696
1.0023
0.74989
0.77625
0.70795
0.69024
0.71614
0.66222
0.85901
0.81283
0.74473
0.74473
1.2218
1.0069
1.7783
0.77983
0.71285
0.69343
0.67298
0.68549
1.0641
0.72444
0.77804
1.1092
0.71285
0.74817
0.69343
0.70632
0.68234
0.73114
0.82794
0.69024
0.75858
0.76208
0.70958
0.72277
0.69984
0.7709
0.75162
0.81283
0.8147
1.2246
0.68391
0.98401
1.0471
0.69502
0.67143
0.68865
0.74645
0.8356
0.7925
0.71614
0.74817
0.68391
0.79799
0.7145
0.71285
0.73282
0.72444
0.72778
0.72111
0.71779
0.69663
0.72611
1.0889
0.71614
0.67764
0.79068
0.7145
0.68391
0.76033
0.72444
0.70958
0.78705
1.1508
0.71779
0.6792
0.69024
0.67143
0.70469
0.69183
0.67764
0.78705
0.7145
0.71285
0.69343
0.69663
0.7379
0.80538
0.76208
0.70958
0.88105
0.66222
0.67764
0.79616
0.71121
0.75162
0.72611
0.93111
0.71614
0.70469
0.71945
0.70469
0.70307
0.68549
0.68077
1.2503
0.67764
0.70632
0.70307
0.77804
0.72111
0.73114
0.73961
0.72444
0.74302
0.74645
0.81658
0.70146
0.69984
0.74817
0.71121
0.69502
0.77625
0.78343
0.70958
0.79799
0.74817
0.68865
0.66988
0.89331
0.69663
0.67143
0.70146
0.71285
0.86696
0.67764
0.65163
0.72277
0.68707
0.78705
0.74989
0.77804
0.74817
0.69823
0.70146
0.72611
0.68391
0.86099
0.73114
0.7379
0.72277
0.7145
0.67453
0.69823
0.69823
0.74989
0.67608
0.70307
0.68391
0.72111
0.71121
0.70469
0.75683
0.94406
0.76736
0.7379
0.68549
0.71779
0.70632
0.69823
0.70469
1.028
0.67453
0.68234
0.74302
0.66527
0.70146
0.69663
0.78343
0.68865
0.97949
0.8531
0.68234
0.7145
0.79616
0.72946
0.81658
0.70307
0.66681
0.69024
0.66834
0.82794
0.78163
0.71779
0.70958
0.70469
0.69663
0.70958
0.73961
0.72444
1.0715
0.76384
0.71945
0.74302
0.72611
0.72277
0.68391
0.74131
0.73282
0.69663
0.69024
0.71779
0.76913
0.70469
0.77625
0.71614
0.68707
0.73451
0.74989
0.75162
0.73451
0.6792
0.77983
0.69502
0.69343
0.73961
0.84333
0.72111
0.68707
0.7145
0.6792
0.85114
0.75336
1.3583
0.82224
1.0617
0.77268
0.8414
1.4859
0.99541
0.87498
0.76208
1.3062
1.5031
1.0375
1.4289
0.8531
0.96605
1.2023
0.78886
0.92257
1.5596
2.9107
0.69984
0.71779
0.68707
0.70632
0.94624
0.7925
0.78705
0.76384
0.77983
0.67608
0.79068
0.74302
0.76208
0.69984
0.8414
0.78343
0.70146
0.71945
1.3709
0.7709
0.72611
0.69343
0.94406
0.7709
0.74473
0.98628
0.7379
0.76033
0.7925
0.72444
0.74989
0.71779
1.2303
1.0765
0.82414
0.72778
0.79616
0.9528
0.82414
0.74473
1.1246
1.0162
0.8892
0.9528
0.86696
1.1455
1.1995
0.98175
1.0715
1.3804
1.1169
2.7669
2.4322
0.86099
1.0691
0.93972
0.82794
0.92257
1.1508
1.1995
2.3714
10.093
6.4121
8.6099
6.7143
7.6384
0.89536
0.80353
1.3709
1.0209
0.93756
1.0889
0.81283
1.0593
1.194
6.1376
3.1477
5.3333
5.5976
9.1833
4.4157
0.82035
0.70958
1.6596
1.6144
0.87297
0.96605
2.5882
0.82985
0.90573
0.74989
3.3884
5.0582
10.139
5.9704
0.87902
0.92897
3.9811
6.2373
14.859
4.4771
1.3183
1.4388
0.82604
0.86696
0.89331
0.90991
0.95719
0.91833
0.88716
1.2706
0.92257
0.81096
0.87902
0.70632
0.75683
0.88105
0.80724
0.96828
0.80168
1.5922
0.95499
0.82604
1.1455
0.88308
0.85704
0.79983
0.96383
0.85507
0.91201
1.406
0.76033
0.76384
0.76033
0.73282
0.79068
0.69823
0.74302
0.73282
0.76913
0.81283
1.5885
0.9528
0.78524
0.89536
0.73282
0.75683
0.73621
0.76736
0.70632
0.69343
0.73961
0.75509
2.0701
2.4547
0.86896
0.7656
0.9528
0.77268
0.76384
0.95719
0.76208
0.81096
0.78705
0.91201
1.6788
0.7656
1.194
0.96605
0.79068
3.2659
1.4093
0.82035
0.81658
0.75858
1.3243
0.8147
0.95499
1.1324
0.8892
1.3996
0.92897
1.71
0.84723
0.81283
0.82604
0.84528
0.96605
0.81658
0.76736
0.8147
0.77268
0.74989
0.72111
0.79983
0.7379
0.70795
0.71285
0.73621
1.4588
0.8147
0.81096
0.89331
0.79799
0.75336
0.71121
0.96383
0.87297
0.78343
1.0839
0.93325
0.8531
0.78705
2.2751
0.70958
1.099
0.86298
4.8306
3.8282
0.80353
0.8531
0.84333
0.79983
0.77625
0.76736
0.7656
0.83176
0.88308
0.75858
2.7353
0.79799
0.94842
0.84333
3.0061
3.4594
0.86696
0.79068
0.75162
0.85114
0.83176
0.78343
0.77625
0.77625
0.78886
0.81846
0.96383
0.87498
0.82035
0.86099
0.80353
0.7709
0.99083
0.95499
0.90991
0.88512
0.8892
0.88308
0.78163
0.83176
0.76913
0.82604
0.76208
0.78886
0.69343
0.84528
0.93972
0.93972
0.89125
0.94624
0.78705
0.85704
0.84333
0.74131
0.78343
0.89536
0.96383
0.93541
0.92683
0.84528
0.8414
0.78705
0.76033
2.2751
1.0691
0.85114
1.5488
1.2618
1.0447
0.81846
0.92897
0.88105
0.82794
0.81658
0.71945
0.8091
0.74817
1.0617
0.8995
0.86497
0.75683
0.86298
1.2106
0.92897
0.83176
0.98855
2.799
2.704
0.82604
0.78705
1.3772
0.94406
0.78705
0.80168
0.81283
0.85704
0.73282
1.1376
0.80353
0.69984
0.75509
0.81658
0.79799
0.69343
0.73282
0.72277
0.76208
0.75162
1.349
0.90573
0.8995
0.72946
0.83946
0.78886
0.74645
0.877
2.7102
1.1776
0.72778
0.88308
1.1169
0.90573
1.1508
0.97499
0.95499
1.0069
0.79068
1.1041
0.70795
1
0.85114
0.8414
1.0023
0.90157
1.1482
0.80538
0.82794
0.69024
0.82035
0.73114
0.71285
0.96383
0.96828
0.91622
0.78886
0.81096
0.7709
0.8892
1.094
0.76913
0.77625
0.78343
0.72778
0.70146
0.72111
0.80168
0.73114
0.74817
1.8113
1.5668
1.0069
0.85704
1.0914
0.8531
0.94189
0.78705
2.0989
0.78343
0.73282
2.4774
2.6242
0.72611
0.83176
0.75336
0.88512
0.85704
1.0116
0.84528
1.099
0.93972
0.97949
0.88512
0.83946
1.0023
1.7378
1.8836
0.76736
0.74645
0.75683
0.75162
0.74817
0.79983
0.91411
0.82414
0.8414
0.8356
0.87902
0.82604
0.79983
0.81283
0.84918
0.83946
2.3014
1.6943
0.71285
0.77983
0.73961
0.70795
0.88512
0.70795
0.78163
0.78343
1.1429
1.2274
1.1324
1.3996
1.714
0.78524
0.78886
0.80724
0.73621
0.77625
0.67608
0.7145
0.70307
0.68391
0.77625
0.74817
0.74473
0.78163
0.72111
0.71945
0.76913
0.7656
0.74131
0.71945
0.77983
1.4588
0.80724
0.75162
1.2417
0.79799
2.6607
3.1189
3.5892
3.7497
3.6392
4.7315
1.8535
2.9923
2.3281
3.581
5.1523
2.1727
2.9174
3.3574
2.9923
3.4995
4.5394
4.2954
1.3868
0.91833
1.5959
1.3646
0.74817
0.7656
0.85901
0.69823
0.76208
0.74302
2.7102
2.0606
0.72444
0.6792
0.83368
0.78705
1.4289
2.8576
0.88105
0.80353
0.74302
0.74817
0.74302
0.79616
0.8091
0.7145
0.78705
3.5563
1.1614
0.69024
0.68391
0.67143
0.81283
0.71121
0.80168
0.72277
0.74302
0.75162
0.73621
0.80538
0.76736
0.77625
0.74817
0.73282
0.71285
0.81096
1.9634
1.8793
0.71779
0.76208
0.8091
0.81096
0.68707
2.5061
3.2285
2.2594
0.78524
0.75509
0.75336
1.2503
0.87498
1.0691
0.85901
0.80538
0.94624
0.84528
0.73451
0.89125
0.69024
0.71121
1.9099
0.76208
0.77625
1.0233
0.87297
2.4322
2.8973
0.88716
1.652
2.9107
2.421
0.82794
2.4547
2.7669
2.9992
3.3963
0.75336
0.78524
2.5823
3.2137
1.4894
0.73961
0.74131
0.71121
0.79799
0.72611
0.7145
0.75858
0.80538
0.85704
0.77804
0.86896
9.4189
2.1777
0.87902
0.80538
0.86298
0.85507
0.71121
0.82035
0.7709
0.75683
1.4191
2.3823
0.88716
1
1.6672
0.96383
0.8892
0.95499
0.81658
0.84723
0.82224
0.80353
0.92257
0.82414
0.83176
0.81096
1.406
0.75162
0.80353
0.73451
0.8356
0.76033
1.1912
0.82414
0.87297
0.90573
0.94842
0.82794
0.78163
0.73621
0.79799
0.82414
0.85114
0.75509
0.74302
0.8414
1.7783
0.81846
0.88512
0.77625
1.1376
0.89331
0.89743
1.0351
0.7656
0.82414
0.81283
0.71945
1.0046
0.82035
0.72611
1.1776
2.3659
1.0069
0.86696
0.74302
0.89536
0.82604
2.3659
2.5586
2.0989
0.73114
0.76384
0.75683
0.7656
0.82794
0.73451
37.497
1.8281
11.092
20.941
7.3451
2.0701
1.9861
1.7539
1.8793
1.1066
1.5205
1.556
1.7989
1.406
2.5763
2.5645
3.4277
2.4491
0.76208
1.1482
1.1429
1.3836
